1 1 1 0.375
1 1 2 0.300
1 1 3 0.400
1 1 4 0.500
1 1 5 0.375
1 1 6 0.350
1 1 7 0.425
1 1 8 0.250
1 1 9 0.350
1 1 10 0.250
1 1 11 0.575
1 1 12 0.325
1 1 13 0.275
1 1 14 0.300
1 1 15 0.350
1 1 16 0.250
1 1 17 0.400
1 1 18 0.225
1 1 19 0.550
1 1 20 0.275
1 1 21 0.250
1 1 22 0.225
1 1 23 0.350
1 1 24 0.250
1 1 25 0.375
1 1 26 0.275
1 1 27 0.325
1 1 28 0.450
1 1 29 0.250
1 1 30 0.275
1 1 31 0.350
1 1 32 0.250
1 1 33 0.350
1 1 34 0.250
1 1 35 0.300
1 1 36 0.300
1 1 37 0.375
1 1 38 0.200
1 1 39 0.400
1 1 40 0.400
1 1 41 0.400
1 1 42 0.425
1 1 43 0.225
1 1 44 0.325
1 1 45 0.350
1 1 46 0.225
1 1 47 0.350
1 1 48 0.175
