1 1 1 0.02351 0.02351
1 1 2 0.02352 0.02352
1 1 3 0.02351 0.02350
1 1 4 0.02352 0.02352
1 1 5 0.02351 0.02351
1 1 6 0.02351 0.02352
1 1 7 0.02351 0.02351
1 1 8 0.02352 0.02352
1 1 9 0.02351 0.02351
1 1 10 0.02352 0.02352
1 1 11 0.01882 0.02351
1 1 12 0.02352 0.02352
1 1 13 0.02351 0.02352
1 1 14 0.02351 0.02352
1 1 15 0.02351 0.02352
1 1 16 0.02352 0.02352
1 1 17 0.02351 0.02352
1 1 18 0.02352 0.02352
1 1 19 0.02351 0.02351
1 1 20 0.02352 0.03447
1 1 21 0.02351 0.02351
1 1 22 0.01857 0.02352
1 1 23 0.02351 0.02352
1 1 24 0.02352 0.02352
1 1 25 0.02351 0.02351
1 1 26 0.02352 0.02352
1 1 27 0.02351 0.02351
1 1 28 0.02352 0.02351
1 1 29 0.02351 0.02351
1 1 30 0.01851 0.02352
1 1 31 0.02352 0.02351
1 1 32 0.02352 0.02352
1 1 33 0.02352 0.02351
1 1 34 0.02352 0.02351
1 1 35 0.02351 0.02352
1 1 36 0.02352 0.02352
1 1 37 0.02352 0.02352
1 1 38 0.02351 0.02352
1 1 39 0.01841 0.02352
1 1 40 0.01864 0.02352
1 1 41 0.02351 0.02351
1 1 42 0.02352 0.02352
1 1 43 0.02351 0.02351
1 1 44 0.02352 0.02352
1 1 45 0.02352 0.02351
1 1 46 0.02352 0.02352
1 1 47 0.02351 0.02351
1 1 48 0.02352 0.02352
