1 1 1 11.093 11.093 35.079 35.079
1 1 2 18.234 18.234 157.518 157.518
1 1 3 18.234 18.234 157.518 157.518
1 1 4 11.093 11.093 35.079 35.079
1 1 5 18.234 18.234 157.518 157.518
1 1 6 18.234 18.234 157.518 157.518
1 1 7 18.234 18.234 157.518 157.518
1 1 8 18.234 18.234 157.518 157.518
1 1 9 18.234 18.234 157.518 157.518
1 1 10 11.093 11.093 35.079 35.079
1 1 11 18.234 18.234 157.518 157.518
1 1 12 18.960 18.960 102.774 102.774
1 1 13 18.234 18.234 157.518 157.518
1 1 14 11.093 11.093 35.079 35.079
1 1 15 12.445 12.445 66.963 66.963
1 1 16 18.848 18.848 97.527 97.527
1 1 17 18.234 18.234 157.518 157.518
1 1 18 18.234 18.234 157.518 157.518
1 1 19 11.093 11.093 35.079 35.079
1 1 20 18.234 18.234 157.518 157.518
1 1 21 18.468 18.468 309.793 309.793
1 1 22 10.541 10.541 96.230 96.230
1 1 23 18.468 18.468 309.793 309.793
1 1 24 11.093 11.093 35.079 35.079
1 1 25 18.234 18.234 157.518 157.518
1 1 26 11.403 11.403 123.349 123.349
1 1 27 11.093 11.093 35.079 35.079
1 1 28 18.234 18.234 157.518 157.518
1 1 29 18.468 18.468 309.793 309.793
1 1 30 18.234 18.234 157.518 157.518
1 1 31 18.675 18.675 191.537 191.537
1 1 32 18.002 18.002 153.727 153.727
1 1 33 18.234 18.234 157.518 157.518
1 1 34 11.093 11.093 35.079 35.079
1 1 35 11.093 11.093 35.079 35.079
1 1 36 18.234 18.234 157.518 157.518
1 1 37 18.234 18.234 157.518 157.518
1 1 38 18.234 18.234 157.518 157.518
1 1 39 18.468 18.468 309.793 309.793
1 1 40 18.234 18.234 157.518 157.518
1 1 41 18.234 18.234 157.518 157.518
1 1 42 18.234 18.234 157.518 157.518
1 1 43 11.093 11.093 35.079 35.079
1 1 44 18.234 18.234 157.518 157.518
1 1 45 18.234 18.234 157.518 157.518
1 1 46 11.403 11.403 123.349 123.349
1 1 47 18.234 18.234 157.518 157.518
1 1 48 11.093 11.093 35.079 35.079
