1 1 1 2767.416 2767.416 34.204 34.204 0.414 0.002
1 1 2 2802.547 2802.547 35.510 35.510 0.384 0.001
1 1 3 2790.679 2790.679 29.527 29.527 0.382 0.002
1 1 4 2763.206 2763.206 33.756 33.756 0.376 0.002
1 1 5 2790.431 2790.431 39.101 39.101 0.371 0.002
1 1 6 2851.784 2851.784 38.008 38.008 0.393 0.002
1 1 7 2832.656 2832.656 36.592 36.592 0.368 0.002
1 1 8 2868.335 2868.335 35.455 35.455 0.383 0.002
1 1 9 2832.956 2832.956 28.826 28.826 0.385 0.002
1 1 10 2826.438 2826.438 27.974 27.974 0.402 0.001
1 1 11 2775.413 2775.413 29.453 29.453 0.377 0.002
1 1 12 2791.928 2791.928 29.576 29.576 0.374 0.002
1 1 13 2904.253 2904.253 40.119 40.119 0.401 0.002
1 1 14 12.500 12.500 0.000 0.000 0.000 0.000
1 1 15 2863.086 2863.086 29.191 29.191 0.400 0.002
1 1 16 2809.112 2809.112 27.965 27.965 0.387 0.001
1 1 17 2814.958 2814.958 33.582 33.582 0.397 0.001
1 1 18 2859.885 2859.885 31.918 31.918 0.391 0.001
1 1 19 2802.789 2802.789 25.808 25.808 0.395 0.002
1 1 20 2809.798 2809.798 27.903 27.903 0.377 0.002
1 1 21 2804.848 2804.848 36.692 36.692 0.365 0.002
1 1 22 2709.744 2709.744 39.698 39.698 0.389 0.002
1 1 23 -4770.026 -4770.026 455895.782 455895.782 0.379 0.002
1 1 24 2751.750 2751.750 25.797 25.797 0.385 0.002
1 1 25 2818.666 2818.666 30.899 30.899 0.402 0.002
1 1 26 2744.713 2744.713 32.377 32.377 0.393 0.001
1 1 27 2773.568 2773.568 30.027 30.027 0.375 0.002
1 1 28 2821.764 2821.764 34.048 34.048 0.388 0.002
1 1 29 2668.898 2668.898 43.907 43.907 0.386 0.002
1 1 30 2750.381 2750.381 35.666 35.666 0.369 0.002
1 1 31 2717.432 2717.432 34.093 34.093 0.405 0.002
1 1 32 2694.105 2694.105 28.870 28.870 0.381 0.002
1 1 33 2687.288 2687.288 31.760 31.760 0.405 0.002
1 1 34 2733.382 2733.382 32.836 32.836 0.422 0.002
1 1 35 2840.958 2840.958 29.671 29.671 0.415 0.002
1 1 36 2843.273 2843.273 31.736 31.736 0.365 0.002
1 1 37 2719.330 2719.330 30.163 30.163 0.390 0.002
1 1 38 2762.627 2762.627 36.602 36.602 0.396 0.002
1 1 39 2758.806 2758.806 34.285 34.285 0.398 0.002
1 1 40 2759.617 2759.617 32.918 32.918 0.389 0.002
1 1 41 2733.183 2733.183 33.202 33.202 0.423 0.002
1 1 42 2791.669 2791.669 29.094 29.094 0.390 0.001
1 1 43 2793.956 2793.956 26.623 26.623 0.391 0.001
1 1 44 2764.866 2764.866 28.706 28.706 0.378 0.002
1 1 45 2717.219 2717.219 39.822 39.822 0.366 0.002
1 1 46 2739.437 2739.437 38.723 38.723 0.369 0.002
1 1 47 2671.478 2671.478 64.928 64.928 0.367 0.002
1 1 48 2741.831 2741.831 33.833 33.833 0.377 0.001
