1 1 1 25.793 25.793 7.076 7.076
1 1 2 36.573 36.573 12.531 12.531
1 1 3 24.734 24.734 7.912 7.912
1 1 4 24.501 24.501 7.865 7.865
1 1 5 42.834 42.834 17.039 17.039
1 1 6 34.411 34.411 13.692 13.692
1 1 7 32.786 32.786 11.612 11.612
1 1 8 21.701 21.701 6.843 6.843
1 1 9 65.287 65.287 35.283 35.283
1 1 10 57.545 57.545 27.582 27.582
1 1 11 32.742 32.742 13.428 13.428
1 1 12 19.712 19.712 4.816 4.816
1 1 13 46.291 46.291 18.671 18.671
1 1 14 58.153 58.153 40.801 40.801
1 1 15 46.335 46.335 18.003 18.003
1 1 16 46.164 46.164 19.880 19.880
1 1 17 32.481 32.481 13.730 13.730
1 1 18 31.146 31.146 11.042 11.042
1 1 19 32.043 32.043 13.787 13.787
1 1 20 25.003 25.003 6.968 6.968
1 1 21 32.999 32.999 11.502 11.502
1 1 22 35.261 35.261 15.121 15.121
1 1 23 27.759 27.759 10.449 10.449
1 1 24 53.729 53.729 33.053 33.053
1 1 25 57.472 57.472 30.916 30.916
1 1 26 40.869 40.869 19.980 19.980
1 1 27 51.218 51.218 26.826 26.826
1 1 28 25.447 25.447 8.026 8.026
1 1 29 18.959 18.959 4.190 4.190
1 1 30 35.855 35.855 12.580 12.580
1 1 31 20.870 20.870 5.122 5.122
1 1 32 108.331 108.331 103.194 103.194
1 1 33 61.745 61.745 46.991 46.991
1 1 34 57.820 57.820 25.273 25.273
1 1 35 39.264 39.264 17.551 17.551
1 1 36 17.953 17.953 4.326 4.326
1 1 37 26.024 26.024 7.555 7.555
1 1 38 26.834 26.834 9.455 9.455
1 1 39 81.329 81.329 61.316 61.316
1 1 40 20.479 20.479 5.758 5.758
1 1 41 43.020 43.020 19.798 19.798
1 1 42 96.775 96.775 85.534 85.534
1 1 43 62.561 62.561 39.604 39.604
1 1 44 36.717 36.717 11.425 11.425
1 1 45 32.362 32.362 10.272 10.272
1 1 46 33.288 33.288 11.135 11.135
1 1 47 21.518 21.518 6.078 6.078
1 1 48 36.509 36.509 12.996 12.996
