1 1 1 2847.570 2847.570 32.070 32.070 0.406 0.002
1 1 2 2779.986 2779.986 28.848 28.848 0.395 0.002
1 1 3 2800.868 2800.868 32.853 32.853 0.388 0.002
1 1 4 2716.020 2716.020 30.627 30.627 0.385 0.002
1 1 5 2775.688 2775.688 29.337 29.337 0.376 0.002
1 1 6 2743.653 2743.653 43.052 43.052 0.374 0.002
1 1 7 2803.606 2803.606 30.922 30.922 0.384 0.002
1 1 8 2712.174 2712.174 32.517 32.517 0.394 0.002
1 1 9 2839.959 2839.959 29.906 29.906 0.396 0.002
1 1 10 2719.245 2719.245 30.069 30.069 0.399 0.002
1 1 11 2857.829 2857.829 29.858 29.858 0.393 0.002
1 1 12 2814.419 2814.419 28.321 28.321 0.386 0.002
1 1 13 2730.424 2730.424 34.562 34.562 0.392 0.002
1 1 14 2783.214 2783.214 32.326 32.326 0.385 0.002
1 1 15 2756.980 2756.980 37.156 37.156 0.387 0.002
1 1 16 2742.336 2742.336 38.042 38.042 0.392 0.002
1 1 17 2780.994 2780.994 34.114 34.114 0.400 0.002
1 1 18 2745.431 2745.431 36.683 36.683 0.399 0.002
1 1 19 2757.656 2757.656 33.038 33.038 0.392 0.002
1 1 20 2752.127 2752.127 31.052 31.052 0.381 0.002
1 1 21 2726.879 2726.879 41.329 41.329 0.382 0.002
1 1 22 2763.017 2763.017 39.108 39.108 0.381 0.002
1 1 23 2763.509 2763.509 36.981 36.981 0.382 0.002
1 1 24 2700.326 2700.326 36.680 36.680 0.390 0.002
1 1 25 2850.071 2850.071 27.920 27.920 0.400 0.002
1 1 26 2767.351 2767.351 34.641 34.641 0.403 0.002
1 1 27 2707.452 2707.452 30.254 30.254 0.394 0.002
1 1 28 2744.686 2744.686 30.227 30.227 0.383 0.002
1 1 29 2692.633 2692.633 37.008 37.008 0.387 0.002
1 1 30 2797.828 2797.828 43.114 43.114 0.373 0.002
1 1 31 2764.058 2764.058 32.474 32.474 0.382 0.002
1 1 32 2778.334 2778.334 34.573 34.573 0.383 0.002
1 1 33 2714.599 2714.599 33.292 33.292 0.396 0.002
1 1 34 2797.527 2797.527 29.116 29.116 0.393 0.002
1 1 35 2732.952 2732.952 32.650 32.650 0.390 0.002
1 1 36 2822.779 2822.779 37.555 37.555 0.381 0.002
1 1 37 2865.160 2865.160 36.483 36.483 0.379 0.002
1 1 38 2742.099 2742.099 38.772 38.772 0.372 0.002
1 1 39 2794.964 2794.964 33.001 33.001 0.389 0.002
1 1 40 2692.324 2692.324 34.917 34.917 0.392 0.002
1 1 41 2709.144 2709.144 34.875 34.875 0.391 0.002
1 1 42 2788.426 2788.426 34.441 34.441 0.396 0.002
1 1 43 2777.962 2777.962 35.568 35.568 0.393 0.002
1 1 44 2741.780 2741.780 35.228 35.228 0.386 0.002
1 1 45 2684.579 2684.579 33.074 33.074 0.385 0.002
1 1 46 2829.575 2829.575 36.263 36.263 0.378 0.002
1 1 47 2749.277 2749.277 36.562 36.562 0.388 0.002
1 1 48 2722.243 2722.243 31.243 31.243 0.399 0.002
