1 1 1 167.97 167.97 2.8 2.8 0
1 1 2 127.827 127.827 2.8 2.8 0
1 1 3 161.89 161.89 2.8 2.8 0
1 1 4 139.159 139.159 2.8 2.8 0
1 1 5 163.079 163.079 2.8 2.8 0
1 1 6 138.412 138.412 2.8 2.8 0
1 1 7 114.775 114.775 2.8 2.8 0
1 1 8 137.908 137.908 2.8 2.8 0
1 1 9 140.222 140.222 2.8 2.8 0
1 1 10 128.499 128.499 2.8 2.8 0
1 1 11 178.953 178.953 2.8 2.8 0
1 1 12 112.418 112.418 2.8 2.8 0
1 1 13 138.63 138.63 2.8 2.8 0
1 1 14 99.5866 99.5866 2.8 2.8 0
1 1 15 110.301 110.301 2.8 2.8 0
1 1 16 101.128 101.128 2.8 2.8 0
1 1 17 161.487 161.487 2.8 2.8 0
1 1 18 119.391 119.391 2.8 2.8 0
1 1 19 156.232 156.232 2.8 2.8 0
1 1 20 129.3 129.3 2.8 2.8 0
1 1 21 197.705 197.705 2.8 2.8 0
1 1 22 105.425 105.425 2.8 2.8 0
1 1 23 172.629 172.629 2.8 2.8 0
1 1 24 127.282 127.282 2.8 2.8 0
1 1 25 136.226 136.226 2.8 2.8 0
1 1 26 126.01 126.01 2.8 2.8 0
1 1 27 134.892 134.892 2.8 2.8 0
1 1 28 191.641 191.641 2.8 2.8 0
1 1 29 133.2 133.2 2.8 2.8 0
1 1 30 195.912 195.912 2.8 2.8 0
1 1 31 140.135 140.135 2.8 2.8 0
1 1 32 128.179 128.179 2.8 2.8 0
1 1 33 183.135 183.135 2.8 2.8 0
1 1 34 142.653 142.653 2.8 2.8 0
1 1 35 182.691 182.691 2.8 2.8 0
1 1 36 174.069 174.069 2.8 2.8 0
1 1 37 136.183 136.183 2.8 2.8 0
1 1 38 134.422 134.422 2.8 2.8 0
1 1 39 131.775 131.775 2.8 2.8 0
1 1 40 136.686 136.686 2.8 2.8 0
1 1 41 107.512 107.512 2.8 2.8 0
1 1 42 140.346 140.346 2.8 2.8 0
1 1 43 140.618 140.618 2.8 2.8 0
1 1 44 138.005 138.005 2.8 2.8 0
1 1 45 102.995 102.995 2.8 2.8 0
1 1 46 188.841 188.841 2.8 2.8 0
1 1 47 130.693 130.693 2.8 2.8 0
1 1 48 133.076 133.076 2.8 2.8 0
