1 1 1 2706.555 2706.555 53.341 53.341 0.399 0.003
1 1 2 2856.577 2856.577 49.549 49.549 0.386 0.003
1 1 3 2612.630 2612.630 54.477 54.477 0.397 0.003
1 1 4 2628.932 2628.932 78.132 78.132 0.390 0.003
1 1 5 2604.237 2604.237 79.953 79.953 0.385 0.003
1 1 6 2603.821 2603.821 89.586 89.586 0.373 0.003
1 1 7 2717.755 2717.755 46.374 46.374 0.375 0.003
1 1 8 2645.337 2645.337 56.366 56.366 0.386 0.003
1 1 9 2733.399 2733.399 54.497 54.497 0.385 0.003
1 1 10 2754.401 2754.401 46.758 46.758 0.396 0.003
1 1 11 2737.919 2737.919 51.310 51.310 0.407 0.003
1 1 12 2970.067 2970.067 36.442 36.442 0.387 0.003
1 1 13 2659.912 2659.912 58.483 58.483 0.385 0.003
1 1 14 2511.982 2511.982 51.297 51.297 0.379 0.003
1 1 15 2870.389 2870.389 39.504 39.504 0.386 0.003
1 1 16 2793.670 2793.670 49.587 49.587 0.387 0.003
1 1 17 2826.375 2826.375 60.675 60.675 0.403 0.003
1 1 18 2833.700 2833.700 47.014 47.014 0.403 0.003
1 1 19 2535.515 2535.515 64.134 64.134 0.397 0.003
1 1 20 2794.313 2794.313 41.634 41.634 0.386 0.003
1 1 21 2811.638 2811.638 41.012 41.012 0.376 0.003
1 1 22 2771.435 2771.435 63.919 63.919 0.382 0.003
1 1 23 2753.205 2753.205 53.386 53.386 0.382 0.003
1 1 24 2666.542 2666.542 53.779 53.779 0.381 0.003
1 1 25 2751.800 2751.800 47.996 47.996 0.398 0.003
1 1 26 2657.160 2657.160 44.854 44.854 0.399 0.003
1 1 27 2602.017 2602.017 44.549 44.549 0.397 0.003
1 1 28 2893.276 2893.276 49.788 49.788 0.385 0.003
1 1 29 2723.193 2723.193 59.320 59.320 0.386 0.003
1 1 30 2725.071 2725.071 51.976 51.976 0.387 0.003
1 1 31 3053.783 3053.783 74.689 74.689 0.379 0.003
1 1 32 2689.493 2689.493 48.735 48.735 0.385 0.003
1 1 33 2677.058 2677.058 45.290 45.290 0.407 0.002
1 1 34 2742.290 2742.290 46.350 46.350 0.392 0.003
1 1 35 2662.322 2662.322 46.371 46.371 0.386 0.003
1 1 36 2855.794 2855.794 57.659 57.659 0.381 0.003
1 1 37 2674.930 2674.930 48.771 48.771 0.365 0.003
1 1 38 2954.841 2954.841 36.746 36.746 0.362 0.003
1 1 39 2713.741 2713.741 46.770 46.770 0.374 0.003
1 1 40 2613.780 2613.780 49.534 49.534 0.389 0.003
1 1 41 2329.384 2329.384 51.481 51.481 0.393 0.003
1 1 42 2747.440 2747.440 37.137 37.137 0.402 0.003
1 1 43 2612.569 2612.569 51.157 51.157 0.387 0.003
1 1 44 2720.309 2720.309 50.456 50.456 0.379 0.003
1 1 45 2928.154 2928.154 54.081 54.081 0.381 0.003
1 1 46 2668.226 2668.226 53.087 53.087 0.374 0.003
1 1 47 2930.541 2930.541 31.534 31.534 0.387 0.003
1 1 48 2587.048 2587.048 56.704 56.704 0.397 0.003
