1 1 1 2669.745 2.400 51.570 51.570 0.418 0.003
1 1 2 2808.877 2.400 61.319 61.319 0.384 0.003
1 1 3 2803.191 2.400 49.956 49.956 0.389 0.003
1 1 4 2718.664 2.400 63.756 63.756 0.376 0.003
1 1 5 2733.258 2.400 53.324 53.324 0.367 0.003
1 1 6 2851.011 2.400 65.733 65.733 0.399 0.003
1 1 7 3337.368 2.400 37.010 37.010 0.371 0.003
1 1 8 2985.729 2.400 48.098 48.098 0.388 0.003
1 1 9 2779.523 2.400 59.560 59.560 0.390 0.002
1 1 10 2770.610 2.400 47.959 47.959 0.404 0.003
1 1 11 2722.701 2.400 49.448 49.448 0.382 0.003
1 1 12 2750.852 2.400 48.638 48.638 0.385 0.003
1 1 13 2779.485 2.400 53.142 53.142 0.405 0.003
1 1 14 12.500 2.400 0.000 0.000 0.000 0.000
1 1 15 2831.727 2.400 45.422 45.422 0.399 0.003
1 1 16 2800.347 2.400 40.943 40.943 0.389 0.002
1 1 17 2780.769 2.400 52.620 52.620 0.402 0.002
1 1 18 2755.740 2.400 52.588 52.588 0.397 0.002
1 1 19 2821.661 2.400 45.312 45.312 0.401 0.003
1 1 20 2840.828 2.400 55.083 55.083 0.378 0.003
1 1 21 2879.229 2.400 49.116 49.116 0.369 0.003
1 1 22 2652.292 2.400 69.687 69.687 0.386 0.003
1 1 23 2786.760 2.400 60.455 60.455 0.380 0.003
1 1 24 2718.944 2.400 51.092 51.092 0.380 0.002
1 1 25 2725.331 2.400 48.530 48.530 0.402 0.002
1 1 26 2692.624 2.400 59.021 59.021 0.389 0.002
1 1 27 2792.696 2.400 52.211 52.211 0.373 0.003
1 1 28 2822.087 2.400 57.367 57.367 0.385 0.003
1 1 29 2793.313 2.400 63.219 63.219 0.381 0.003
1 1 30 2502.785 2.400 58.085 58.085 0.364 0.003
1 1 31 2515.075 2.400 60.369 60.369 0.405 0.003
1 1 32 2630.761 2.400 45.055 45.055 0.377 0.002
1 1 33 2679.392 2.400 52.864 52.864 0.410 0.003
1 1 34 2608.135 2.400 56.358 56.358 0.433 0.003
1 1 35 2930.323 2.400 52.128 52.128 0.427 0.003
1 1 36 2910.530 2.400 38.981 38.981 0.373 0.003
1 1 37 2362.500 2.400 196.561 196.561 0.391 0.003
1 1 38 2637.019 2.400 97.527 97.527 0.401 0.003
1 1 39 2780.356 2.400 46.893 46.893 0.399 0.003
1 1 40 2755.684 2.400 57.448 57.448 0.389 0.003
1 1 41 2806.031 2.400 65.853 65.853 0.420 0.003
1 1 42 2819.457 2.400 48.608 48.608 0.393 0.003
1 1 43 2865.136 2.400 46.790 46.790 0.387 0.003
1 1 44 2791.156 2.400 53.784 53.784 0.384 0.003
1 1 45 2795.935 2.400 63.878 63.878 0.360 0.003
1 1 46 2675.211 2.400 70.130 70.130 0.364 0.003
1 1 47 410.522 2.400 38.148 38.148 0.362 0.003
1 1 48 2648.102 2.400 58.341 58.341 0.371 0.003
