1 1 1 -1.824
1 1 2 0.107
1 1 3 0.106
1 1 4 -0.722
1 1 5 0.368
1 1 6 -0.712
1 1 7 -0.690
1 1 8 -0.777
1 1 9 -0.689
1 1 10 -0.722
1 1 11 -2.404
1 1 12 0.783
1 1 13 0.993
1 1 14 0.500
1 1 15 -2.568
1 1 16 0.884
1 1 17 0.325
1 1 18 -0.734
1 1 19 -0.662
1 1 20 -1.256
1 1 21 -0.689
1 1 22 -2.463
1 1 23 1.307
1 1 24 -2.206
1 1 25 -0.782
1 1 26 -0.732
1 1 27 0.133
1 1 28 -0.143
1 1 29 -0.693
1 1 30 -0.714
1 1 31 -0.703
1 1 32 1.218
1 1 33 -0.670
1 1 34 -0.717
1 1 35 -0.684
1 1 36 0.059
1 1 37 -0.705
1 1 38 -0.722
1 1 39 0.289
1 1 40 0.388
1 1 41 -0.695
1 1 42 -0.717
1 1 43 -0.687
1 1 44 1.237
1 1 45 -0.691
1 1 46 0.455
1 1 47 -0.685
1 1 48 -0.807
