  1   1   1   -9.552000e+02  
  1   1   2   -9.552000e+02  
  1   1   3   9.600000e+00  
  1   1   4   -9.552000e+02  
  1   1   5   -3.840000e+01  
  1   1   6   4.800000e+00  
  1   1   7   4.800000e+00  
  1   1   8   -3.840000e+01  
  1   1   9   4.800000e+00  
  1   1  10   9.600000e+00  
  1   1  11   1.440000e+01  
  1   1  12   -3.840000e+01  
  1   1  13   -3.840000e+01  
  1   1  14   -3.360000e+01  
  1   1  15   -4.800000e+00  
  1   1  16   -1.440000e+01  
  1   1  17   -3.360000e+01  
  1   1  18   -3.840000e+01  
  1   1  19   -2.880000e+01  
  1   1  20   -9.600000e+00  
  1   1  21   -2.880000e+01  
  1   1  22   -9.600000e+00  
  1   1  23   -1.920000e+01  
  1   1  24   -3.840000e+01  
  1   1  25   3.360000e+01  
  1   1  26   -9.600000e+00  
  1   1  27   -5.684342e-14  
  1   1  28   4.800000e+00  
  1   1  29   -3.360000e+01  
  1   1  30   -2.400000e+01  
  1   1  31   9.600000e+00  
  1   1  32   -2.400000e+01  
  1   1  33   -2.880000e+01  
  1   1  34   -3.840000e+01  
  1   1  35   -2.880000e+01  
  1   1  36   -9.552000e+02  
  1   1  37   -3.840000e+01  
  1   1  38   -3.360000e+01  
  1   1  39   -2.880000e+01  
  1   1  40   -3.360000e+01  
  1   1  41   -3.360000e+01  
  1   1  42   4.800000e+00  
  1   1  43   4.800000e+00  
  1   1  44   4.800000e+00  
  1   1  45   9.600000e+00  
  1   1  46   -9.552000e+02  
  1   1  47   -3.840000e+01  
  1   1  48   -3.360000e+01  
