  1   1   1   2.772646e+03    2.772646e+03    4.405059e+00    4.405059e+00    -4.502323e-01    7.863589e-04  
  1   1   2   2.762199e+03    2.762199e+03    4.286471e+00    4.286471e+00    -4.506516e-01    7.987459e-04  
  1   1   3   2.771808e+03    2.771808e+03    4.353242e+00    4.353242e+00    -4.497501e-01    7.839016e-04  
  1   1   4   2.768428e+03    2.768428e+03    4.158369e+00    4.158369e+00    -4.490099e-01    7.867379e-04  
  1   1   5   2.772232e+03    2.772232e+03    5.828786e+00    5.828786e+00    -4.501601e-01    1.100294e-03  
  1   1   6   2.422648e+03    2.422648e+03    1.454730e+02    1.454730e+02    -4.206186e-01    6.865536e-03  
  1   1   7   2.595232e+03    2.595232e+03    9.253386e+01    9.253386e+01    -4.042604e-01    8.887827e-03  
  1   1   8   1.860677e+03    1.860677e+03    3.376376e+01    3.376376e+01    -3.528767e-01    1.350374e-02  
  1   1   9   2.424137e+03    2.424137e+03    1.047592e+02    1.047592e+02    -3.531532e-01    1.731136e-02  
  1   1  10   1.808426e+03    1.808426e+03    7.237111e+02    7.237111e+02    -3.417284e-01    2.230491e-02  
  1   1  11   2.795084e+03    2.795084e+03    4.701877e+01    4.701877e+01    -2.220408e-01    3.145836e-02  
  1   1  12   3.979555e+03    3.979555e+03    2.521757e+01    2.521757e+01    -2.907527e-01    2.395618e-02  
  1   1  13   1.617707e+03    1.617707e+03    1.325652e+03    1.325652e+03    -2.147368e-01    3.144570e-02  
  1   1  14   9.409793e+02    9.409793e+02    6.093337e+02    6.093337e+02    -1.258667e-01    3.878836e-02  
  1   1  15   3.025467e+03    3.025467e+03    1.453648e+01    1.453648e+01    -1.466667e-01    3.277307e-02  
  1   1  16   1.522592e+03    1.522592e+03    2.184830e+02    2.184830e+02    -9.915493e-02    3.610788e-02  
  1   1  17   2.816336e+03    2.816336e+03    6.514396e+02    6.514396e+02    -2.738462e-01    2.797684e-02  
  1   1  18   1.821666e+03    1.821666e+03    1.086078e+02    1.086078e+02    -2.321127e-01    2.882195e-02  
  1   1  19   1.425063e+03    1.425063e+03    3.671365e+03    3.671365e+03    -1.362162e-01    3.455165e-02  
  1   1  20   4.592821e+03    4.592821e+03    1.132053e+02    1.132053e+02    -6.779661e-02    4.044287e-02  
  1   1  21   2.905025e+03    2.905025e+03    7.098021e+01    7.098021e+01    -1.809836e-01    3.069534e-02  
  1   1  22   1.806686e+03    1.806686e+03    5.683073e+01    5.683073e+01    -2.275556e-01    3.608105e-02  
  1   1  23   4.466662e+03    4.466662e+03    7.996136e+02    7.996136e+02    -1.357576e-01    3.648343e-02  
  1   1  24   1.940080e+03    1.940080e+03    2.895404e+02    2.895404e+02    -1.694118e-01    3.118746e-02  
  1   1  25   2.922416e+03    2.922416e+03    5.838429e+01    5.838429e+01    -1.327660e-01    4.625759e-02  
  1   1  26   2.684631e+03    2.684631e+03    2.330379e+02    2.330379e+02    -1.459649e-01    4.460963e-02  
  1   1  27   1.933529e+03    1.933529e+03    4.362205e+03    4.362205e+03    -1.629091e-01    3.977929e-02  
  1   1  28   6.642430e+03    6.642430e+03    5.603183e+03    5.603183e+03    -2.022642e-01    3.626437e-02  
  1   1  29   1.712930e+03    1.712930e+03    2.834966e+01    2.834966e+01    -2.624000e-01    3.160071e-02  
  1   1  30   2.021586e+03    2.021586e+03    5.180205e+01    5.180205e+01    -9.173333e-02    3.721714e-02  
  1   1  31   3.022947e+03    3.022947e+03    4.603327e+02    4.603327e+02    -3.051852e-01    2.724267e-02  
  1   1  32   9.323792e+02    9.323792e+02    1.414214e+00    1.414214e+00    -2.217143e-01    2.710145e-02  
  1   1  33   2.733332e+03    2.733332e+03    1.039188e+01    1.039188e+01    -2.541176e-01    2.768789e-02  
  1   1  34   1.922633e+03    1.922633e+03    3.545630e+02    3.545630e+02    -3.049057e-01    2.996571e-02  
  1   1  35   3.251778e+03    3.251778e+03    5.578978e+02    5.578978e+02    -1.318919e-01    3.991027e-02  
  1   1  36   3.031030e+03    3.031030e+03    1.822527e+02    1.822527e+02    -1.723077e-01    3.865598e-02  
  1   1  37   1.625568e+03    1.625568e+03    1.931510e+02    1.931510e+02    -3.360000e-01    1.874270e-02  
  1   1  38   1.531964e+03    1.531964e+03    1.253382e+02    1.253382e+02    -3.040000e-01    2.359159e-02  
  1   1  39   2.817894e+03    2.817894e+03    4.906663e+02    4.906663e+02    -2.768539e-01    2.602262e-02  
  1   1  40   2.494652e+03    2.494652e+03    1.196248e+01    1.196248e+01    -2.745098e-01    2.351659e-02  
  1   1  41   1.394276e+03    1.394276e+03    1.465083e+03    1.465083e+03    -3.091525e-01    1.876179e-02  
  1   1  42   3.559188e+03    3.559188e+03    9.889599e+00    9.889599e+00    -3.543704e-01    1.280715e-02  
  1   1  43   2.456907e+03    2.456907e+03    2.192509e+02    2.192509e+02    -4.171098e-01    8.639936e-03  
  1   1  44   3.450469e+03    3.450469e+03    2.858797e+01    2.858797e+01    -4.340364e-01    6.641537e-03  
  1   1  45   2.771730e+03    2.771730e+03    6.080412e+00    6.080412e+00    -4.495645e-01    1.115305e-03  
  1   1  46   2.772359e+03    2.772359e+03    4.405990e+00    4.405990e+00    -4.507190e-01    7.995130e-04  
  1   1  47   2.771504e+03    2.771504e+03    4.387037e+00    4.387037e+00    -4.510973e-01    7.876815e-04  
  1   1  48   2.767461e+03    2.767461e+03    4.339671e+00    4.339671e+00    -4.503160e-01    7.920058e-04  
