1 1 1 1947.540 1947.540 71.199 71.199 0.090 0.013
1 1 2 1886.487 1886.487 59.177 59.177 0.097 0.012
1 1 3 1989.775 1989.775 36.884 36.884 0.091 0.014
1 1 4 1967.770 1967.770 74.270 74.270 0.112 0.012
1 1 5 1895.287 1895.287 25.320 25.320 0.076 0.015
1 1 6 1804.052 1804.052 22.883 22.883 0.063 0.013
1 1 7 1942.416 1942.416 53.724 53.724 0.089 0.013
1 1 8 1935.430 1935.430 45.763 45.763 0.092 0.013
1 1 9 2006.388 2006.388 58.319 58.319 0.102 0.014
1 1 10 1952.997 1952.997 33.406 33.406 0.127 0.013
1 1 11 2105.521 2105.521 81.015 81.015 0.078 0.016
1 1 12 1944.375 1944.375 32.570 32.570 0.097 0.012
1 1 13 1959.082 1959.082 29.198 29.198 0.122 0.013
1 1 14 2054.531 2054.531 51.619 51.619 0.087 0.013
1 1 15 1935.986 1935.986 39.033 39.033 0.088 0.014
1 1 16 2046.627 2046.627 66.280 66.280 0.101 0.014
1 1 17 1977.445 1977.445 80.088 80.088 0.118 0.012
1 1 18 2070.114 2070.114 85.794 85.794 0.086 0.015
1 1 19 1887.317 1887.317 45.705 45.705 0.111 0.014
1 1 20 2133.678 2133.678 136.272 136.272 0.075 0.015
1 1 21 1997.521 1997.521 80.196 80.196 0.117 0.013
1 1 22 2002.152 2002.152 27.608 27.608 0.087 0.012
1 1 23 2009.195 2009.195 90.902 90.902 0.094 0.012
1 1 24 1931.638 1931.638 43.012 43.012 0.080 0.015
1 1 25 2005.803 2005.803 97.263 97.263 0.090 0.014
1 1 26 2049.085 2049.085 42.089 42.089 0.065 0.015
1 1 27 1850.480 1850.480 42.033 42.033 0.118 0.014
1 1 28 1902.721 1902.721 44.904 44.904 0.078 0.015
1 1 29 1985.689 1985.689 62.848 62.848 0.095 0.014
1 1 30 1961.013 1961.013 76.002 76.002 0.087 0.013
1 1 31 1953.981 1953.981 55.027 55.027 0.082 0.014
1 1 32 1969.221 1969.221 45.343 45.343 0.079 0.014
1 1 33 2039.373 2039.373 74.808 74.808 0.066 0.015
1 1 34 1980.010 1980.010 89.017 89.017 0.065 0.014
1 1 35 1998.867 1998.867 82.703 82.703 0.092 0.014
1 1 36 2379.830 2379.830 1081.933 1081.933 0.121 0.014
1 1 37 1977.764 1977.764 35.872 35.872 0.083 0.012
1 1 38 1964.840 1964.840 45.399 45.399 0.074 0.016
1 1 39 1926.533 1926.533 33.088 33.088 0.067 0.013
1 1 40 1970.665 1970.665 45.080 45.080 0.089 0.013
1 1 41 1926.888 1926.888 67.695 67.695 0.089 0.012
1 1 42 1971.758 1971.758 139.801 139.801 0.094 0.015
1 1 43 2221.644 2221.644 205.595 205.595 0.100 0.015
1 1 44 2015.419 2015.419 49.321 49.321 0.106 0.015
1 1 45 2044.617 2044.617 142.525 142.525 0.077 0.015
1 1 46 2022.834 2022.834 82.923 82.923 0.097 0.014
1 1 47 1967.444 1967.444 39.791 39.791 0.071 0.012
1 1 48 1980.625 1980.625 60.188 60.188 0.096 0.016
