1 1 1 135.684 135.684 44.720 44.720 0.007
1 1 2 135.958 135.958 44.948 44.948 -0.001
1 1 3 141.714 141.714 47.994 47.994 -0.002
1 1 4 136.402 136.402 45.154 45.154 0.000
1 1 5 137.285 137.285 45.536 45.536 0.003
1 1 6 137.749 137.749 45.796 45.796 0.003
1 1 7 136.991 136.991 45.447 45.447 0.000
1 1 8 139.663 139.663 46.801 46.801 -0.001
1 1 9 134.063 134.063 44.012 44.012 -0.001
1 1 10 138.070 138.070 46.131 46.131 0.007
1 1 11 139.816 139.816 46.806 46.806 0.004
1 1 12 132.998 132.998 43.505 43.505 -0.002
1 1 13 139.543 139.543 46.845 46.845 0.008
1 1 14 135.338 135.338 44.623 44.623 0.002
1 1 15 137.770 137.770 46.022 46.022 0.004
1 1 16 134.013 134.013 44.069 44.069 -0.005
1 1 17 137.593 137.593 45.733 45.733 0.001
1 1 18 135.482 135.482 44.729 44.729 0.001
1 1 19 134.639 134.639 44.283 44.283 -0.006
1 1 20 136.767 136.767 45.355 45.355 -0.001
1 1 21 138.487 138.487 46.068 46.068 0.008
1 1 22 138.929 138.929 46.384 46.384 0.003
1 1 23 135.078 135.078 44.556 44.556 -0.002
1 1 24 134.858 134.858 44.387 44.387 -0.005
1 1 25 137.383 137.383 45.602 45.602 0.004
1 1 26 140.769 140.769 47.485 47.485 0.006
1 1 27 135.224 135.224 44.557 44.557 0.002
1 1 28 136.974 136.974 45.467 45.467 -0.002
1 1 29 139.259 139.259 46.550 46.550 0.002
1 1 30 135.662 135.662 44.791 44.791 0.002
1 1 31 140.221 140.221 47.056 47.056 -0.005
1 1 32 138.335 138.335 46.166 46.166 -0.001
1 1 33 140.239 140.239 46.957 46.957 0.007
1 1 34 138.457 138.457 46.169 46.169 0.001
1 1 35 138.294 138.294 46.034 46.034 0.001
1 1 36 139.260 139.260 46.741 46.741 0.010
1 1 37 137.158 137.158 45.564 45.564 -0.004
1 1 38 136.063 136.063 44.989 44.989 -0.007
1 1 39 141.279 141.279 47.587 47.587 -0.005
1 1 40 139.623 139.623 46.642 46.642 0.008
1 1 41 137.558 137.558 45.779 45.779 -0.004
1 1 42 137.908 137.908 46.094 46.094 0.004
1 1 43 136.646 136.646 45.287 45.287 -0.001
1 1 44 137.259 137.259 45.681 45.681 -0.008
1 1 45 136.819 136.819 45.367 45.367 -0.000
1 1 46 136.371 136.371 45.135 45.135 0.000
1 1 47 135.794 135.794 44.841 44.841 0.001
1 1 48 138.193 138.193 46.002 46.002 0.004
