1 1 1 121.957 121.957 210.134 210.134 -0.049
1 1 2 127.908 127.908 200.620 200.620 -0.031
1 1 3 131.993 131.993 184.623 184.623 -0.021
1 1 4 139.183 139.183 210.348 210.348 0.002
1 1 5 124.736 124.736 189.828 189.828 -0.044
1 1 6 133.992 133.992 218.012 218.012 -0.011
1 1 7 137.790 137.790 205.999 205.999 0.006
1 1 8 128.331 128.331 178.252 178.252 -0.030
1 1 9 138.808 138.808 209.355 209.355 0.013
1 1 10 133.155 133.155 175.103 175.103 -0.010
1 1 11 139.194 139.194 208.014 208.014 0.012
1 1 12 137.940 137.940 267.886 267.886 0.006
1 1 13 144.953 144.953 258.217 258.217 0.023
1 1 14 136.568 136.568 234.490 234.490 0.009
1 1 15 132.883 132.883 170.404 170.404 -0.009
1 1 16 125.943 125.943 171.346 171.346 -0.031
1 1 17 134.063 134.063 193.403 193.403 -0.010
1 1 18 137.865 137.865 220.756 220.756 0.006
1 1 19 133.345 133.345 206.701 206.701 -0.013
1 1 20 132.636 132.636 200.041 200.041 -0.018
1 1 21 136.934 136.934 232.705 232.705 0.008
1 1 22 138.873 138.873 268.534 268.534 0.003
1 1 23 139.359 139.359 211.637 211.637 0.017
1 1 24 136.934 136.934 232.705 232.705 0.008
1 1 25 126.004 126.004 225.288 225.288 -0.028
1 1 26 142.501 142.501 284.218 284.218 0.014
1 1 27 144.375 144.375 292.382 292.382 0.022
1 1 28 144.647 144.647 225.293 225.293 0.022
1 1 29 125.011 125.011 219.763 219.763 -0.043
1 1 30 143.116 143.116 251.167 251.167 0.018
1 1 31 132.463 132.463 204.242 204.242 -0.013
1 1 32 139.294 139.294 239.395 239.395 0.002
1 1 33 137.137 137.137 202.526 202.526 -0.003
1 1 34 134.835 134.835 172.021 172.021 -0.007
1 1 35 138.729 138.729 195.452 195.452 0.003
1 1 36 139.236 139.236 207.205 207.205 0.002
1 1 37 139.097 139.097 208.386 208.386 0.002
1 1 38 137.931 137.931 233.848 233.848 0.006
1 1 39 127.511 127.511 175.368 175.368 -0.033
1 1 40 139.871 139.871 210.949 210.949 0.013
1 1 41 134.654 134.654 195.293 195.293 -0.009
1 1 42 127.359 127.359 211.878 211.878 -0.034
1 1 43 129.044 129.044 202.831 202.831 -0.025
1 1 44 140.579 140.579 210.720 210.720 0.009
1 1 45 136.123 136.123 257.174 257.174 -0.011
1 1 46 141.065 141.065 244.578 244.578 0.015
1 1 47 137.857 137.857 235.706 235.706 0.006
1 1 48 134.594 134.594 195.193 195.193 -0.007
