1 1 1 -1.835 -0.008
1 1 2 1.943 -2.058
1 1 3 -0.030 0.061
1 1 4 -0.908 0.086
1 1 5 -0.101 -0.436
1 1 6 0.814 0.063
1 1 7 2.967 -3.055
1 1 8 0.155 0.051
1 1 9 -0.080 0.064
1 1 10 -0.745 0.079
1 1 11 -1.250 0.194
1 1 12 -0.908 0.174
1 1 13 0.061 0.087
1 1 14 0.000 0.500
1 1 15 0.335 0.265
1 1 16 0.402 -2.226
1 1 17 0.035 0.077
1 1 18 -0.223 0.079
1 1 19 1.036 -0.302
1 1 20 -33.009 0.682
1 1 21 1.728 0.055
1 1 22 0.406 0.069
1 1 23 2.026 -2.491
1 1 24 0.659 0.076
1 1 25 -0.767 0.065
1 1 26 0.781 0.004
1 1 27 -1.073 -0.378
1 1 28 1.230 0.241
1 1 29 -0.909 0.134
1 1 30 0.851 -0.002
1 1 31 -0.713 -0.088
1 1 32 0.827 0.003
1 1 33 0.757 0.124
1 1 34 0.012 -0.003
1 1 35 1.168 0.193
1 1 36 1.559 0.219
1 1 37 5.282 -0.017
1 1 38 -0.435 0.077
1 1 39 0.558 0.003
1 1 40 0.118 0.060
1 1 41 -0.802 0.069
1 1 42 -1.137 0.210
1 1 43 0.406 -0.064
1 1 44 1.141 0.189
1 1 45 -0.984 0.055
1 1 46 0.479 0.061
1 1 47 0.583 -0.292
1 1 48 0.783 0.076
