1 1 1 -0.008
1 1 2 -2.058
1 1 3 0.061
1 1 4 0.086
1 1 5 -0.436
1 1 6 0.063
1 1 7 -3.055
1 1 8 0.051
1 1 9 0.064
1 1 10 0.079
1 1 11 0.194
1 1 12 0.174
1 1 13 0.087
1 1 14 0.500
1 1 15 0.265
1 1 16 -2.226
1 1 17 0.077
1 1 18 0.079
1 1 19 -0.302
1 1 20 0.682
1 1 21 0.055
1 1 22 0.069
1 1 23 -2.491
1 1 24 0.076
1 1 25 0.065
1 1 26 0.004
1 1 27 -0.378
1 1 28 0.241
1 1 29 0.134
1 1 30 -0.002
1 1 31 -0.088
1 1 32 0.003
1 1 33 0.124
1 1 34 -0.003
1 1 35 0.193
1 1 36 0.219
1 1 37 -0.017
1 1 38 0.077
1 1 39 0.003
1 1 40 0.060
1 1 41 0.069
1 1 42 0.210
1 1 43 -0.064
1 1 44 0.189
1 1 45 0.055
1 1 46 0.061
1 1 47 -0.292
1 1 48 0.076
