  1   1   1   1.333333e+01    1.333333e+01    1.414214e+00    1.414214e+00    0.000000e+00    0.000000e+00  
  1   1   2   1.333333e+01    1.333333e+01    1.414214e+00    1.414214e+00    0.000000e+00    0.000000e+00  
  1   1   3   1.333333e+01    1.333333e+01    1.414214e+00    1.414214e+00    0.000000e+00    0.000000e+00  
  1   1   4   1.333333e+01    1.333333e+01    1.414214e+00    1.414214e+00    0.000000e+00    0.000000e+00  
  1   1   5   1.333333e+01    1.333333e+01    1.414214e+00    1.414214e+00    0.000000e+00    0.000000e+00  
  1   1   6   1.333333e+01    1.333333e+01    1.414214e+00    1.414214e+00    0.000000e+00    0.000000e+00  
  1   1   7   1.333333e+01    1.333333e+01    1.414214e+00    1.414214e+00    0.000000e+00    0.000000e+00  
  1   1   8   1.333333e+01    1.333333e+01    1.414214e+00    1.414214e+00    0.000000e+00    0.000000e+00  
  1   1   9   1.333333e+01    1.333333e+01    1.414214e+00    1.414214e+00    0.000000e+00    0.000000e+00  
  1   1  10   1.333333e+01    1.333333e+01    1.414214e+00    1.414214e+00    0.000000e+00    0.000000e+00  
  1   1  11   1.333333e+01    1.333333e+01    1.414214e+00    1.414214e+00    0.000000e+00    0.000000e+00  
  1   1  12   1.333333e+01    1.333333e+01    1.414214e+00    1.414214e+00    0.000000e+00    0.000000e+00  
  1   1  13   1.333333e+01    1.333333e+01    1.414214e+00    1.414214e+00    0.000000e+00    0.000000e+00  
  1   1  14   1.333333e+01    1.333333e+01    1.414214e+00    1.414214e+00    0.000000e+00    0.000000e+00  
  1   1  15   1.333333e+01    1.333333e+01    1.414214e+00    1.414214e+00    0.000000e+00    0.000000e+00  
  1   1  16   1.333333e+01    1.333333e+01    1.414214e+00    1.414214e+00    0.000000e+00    0.000000e+00  
  1   1  17   1.333333e+01    1.333333e+01    1.414214e+00    1.414214e+00    0.000000e+00    0.000000e+00  
  1   1  18   1.333333e+01    1.333333e+01    1.414214e+00    1.414214e+00    0.000000e+00    0.000000e+00  
  1   1  19   1.333333e+01    1.333333e+01    1.414214e+00    1.414214e+00    0.000000e+00    0.000000e+00  
  1   1  20   1.333333e+01    1.333333e+01    1.414214e+00    1.414214e+00    0.000000e+00    0.000000e+00  
  1   1  21   1.333333e+01    1.333333e+01    1.414214e+00    1.414214e+00    0.000000e+00    0.000000e+00  
  1   1  22   1.333333e+01    1.333333e+01    1.414214e+00    1.414214e+00    0.000000e+00    0.000000e+00  
  1   1  23   1.333333e+01    1.333333e+01    1.414214e+00    1.414214e+00    0.000000e+00    0.000000e+00  
  1   1  24   1.333333e+01    1.333333e+01    1.414214e+00    1.414214e+00    0.000000e+00    0.000000e+00  
  1   1  25   1.333333e+01    1.333333e+01    1.414214e+00    1.414214e+00    0.000000e+00    0.000000e+00  
  1   1  26   1.333333e+01    1.333333e+01    1.414214e+00    1.414214e+00    0.000000e+00    0.000000e+00  
  1   1  27   1.333333e+01    1.333333e+01    1.414214e+00    1.414214e+00    0.000000e+00    0.000000e+00  
  1   1  28   1.333333e+01    1.333333e+01    1.414214e+00    1.414214e+00    0.000000e+00    0.000000e+00  
  1   1  29   1.333333e+01    1.333333e+01    1.414214e+00    1.414214e+00    0.000000e+00    0.000000e+00  
  1   1  30   1.333333e+01    1.333333e+01    1.414214e+00    1.414214e+00    0.000000e+00    0.000000e+00  
  1   1  31   1.333333e+01    1.333333e+01    1.414214e+00    1.414214e+00    0.000000e+00    0.000000e+00  
  1   1  32   1.333333e+01    1.333333e+01    1.414214e+00    1.414214e+00    0.000000e+00    0.000000e+00  
  1   1  33   1.333333e+01    1.333333e+01    1.414214e+00    1.414214e+00    0.000000e+00    0.000000e+00  
  1   1  34   1.333333e+01    1.333333e+01    1.414214e+00    1.414214e+00    0.000000e+00    0.000000e+00  
  1   1  35   1.333333e+01    1.333333e+01    1.414214e+00    1.414214e+00    0.000000e+00    0.000000e+00  
  1   1  36   1.333333e+01    1.333333e+01    1.414214e+00    1.414214e+00    0.000000e+00    0.000000e+00  
  1   1  37   1.333333e+01    1.333333e+01    1.414214e+00    1.414214e+00    0.000000e+00    0.000000e+00  
  1   1  38   1.333333e+01    1.333333e+01    1.414214e+00    1.414214e+00    0.000000e+00    0.000000e+00  
  1   1  39   1.333333e+01    1.333333e+01    1.414214e+00    1.414214e+00    0.000000e+00    0.000000e+00  
  1   1  40   1.333333e+01    1.333333e+01    1.414214e+00    1.414214e+00    0.000000e+00    0.000000e+00  
  1   1  41   1.333333e+01    1.333333e+01    1.414214e+00    1.414214e+00    0.000000e+00    0.000000e+00  
  1   1  42   1.333333e+01    1.333333e+01    1.414214e+00    1.414214e+00    0.000000e+00    0.000000e+00  
  1   1  43   1.333333e+01    1.333333e+01    1.414214e+00    1.414214e+00    0.000000e+00    0.000000e+00  
  1   1  44   1.333333e+01    1.333333e+01    1.414214e+00    1.414214e+00    0.000000e+00    0.000000e+00  
  1   1  45   1.333333e+01    1.333333e+01    1.414214e+00    1.414214e+00    0.000000e+00    0.000000e+00  
  1   1  46   1.333333e+01    1.333333e+01    1.414214e+00    1.414214e+00    0.000000e+00    0.000000e+00  
  1   1  47   1.333333e+01    1.333333e+01    1.414214e+00    1.414214e+00    0.000000e+00    0.000000e+00  
  1   1  48   1.333333e+01    1.333333e+01    1.414214e+00    1.414214e+00    0.000000e+00    0.000000e+00  
