1 1 1 -0.378
1 1 2 -1.424
1 1 3 1.264
1 1 4 0.937
1 1 5 0.064
1 1 6 0.227
1 1 7 -0.697
1 1 8 0.655
1 1 9 -0.131
1 1 10 -0.253
1 1 11 -1.269
1 1 12 0.444
1 1 13 -0.688
1 1 14 0.002
1 1 15 -0.710
1 1 16 0.426
1 1 17 -1.266
1 1 18 0.749
1 1 19 0.029
1 1 20 -0.403
1 1 21 0.949
1 1 22 6.464
1 1 23 -0.701
1 1 24 2.239
1 1 25 -0.702
1 1 26 4.194
1 1 27 0.584
1 1 28 4.171
1 1 29 -2.486
1 1 30 0.981
1 1 31 -0.871
1 1 32 -1.682
1 1 33 -0.725
1 1 34 -0.749
1 1 35 -0.717
1 1 36 -1.113
1 1 37 -10.098
1 1 38 -0.919
1 1 39 -0.916
1 1 40 -3.086
1 1 41 -0.710
1 1 42 -2.287
1 1 43 -0.699
1 1 44 4.367
1 1 45 0.010
1 1 46 -1.622
1 1 47 0.482
1 1 48 0.686
