1 1 1 -0.699
1 1 2 -0.706
1 1 3 -2.564
1 1 4 -0.728
1 1 5 -0.695
1 1 6 -0.719
1 1 7 -0.697
1 1 8 -0.748
1 1 9 -0.688
1 1 10 -0.718
1 1 11 -2.212
1 1 12 -0.727
1 1 13 -0.698
1 1 14 -0.729
1 1 15 -0.698
1 1 16 -0.809
1 1 17 -0.706
1 1 18 -0.765
1 1 19 -0.701
1 1 20 -0.723
1 1 21 -0.695
1 1 22 -0.732
1 1 23 -0.712
1 1 24 -0.716
1 1 25 -0.684
1 1 26 -0.759
1 1 27 -0.690
1 1 28 -0.721
1 1 29 -0.716
1 1 30 -0.715
1 1 31 -0.696
1 1 32 -0.719
1 1 33 -0.699
1 1 34 -0.723
1 1 35 -0.712
1 1 36 -0.744
1 1 37 -1.670
1 1 38 -0.736
1 1 39 -0.686
1 1 40 -0.722
1 1 41 -0.693
1 1 42 -2.436
1 1 43 -0.687
1 1 44 -0.709
1 1 45 -0.691
1 1 46 -2.015
1 1 47 -0.700
1 1 48 -0.731
