1 1 1 138.164 138.164 46.155 46.155 0.008
1 1 2 138.705 138.705 46.393 46.393 -0.005
1 1 3 134.907 134.907 44.471 44.471 -0.015
1 1 4 138.598 138.598 46.304 46.304 -0.004
1 1 5 138.364 138.364 46.099 46.099 0.003
1 1 6 135.811 135.811 44.873 44.873 -0.001
1 1 7 137.243 137.243 45.544 45.544 -0.000
1 1 8 137.215 137.215 45.636 45.636 -0.006
1 1 9 133.598 133.598 43.770 43.770 -0.006
1 1 10 136.746 136.746 45.351 45.351 -0.008
1 1 11 136.102 136.102 44.938 44.938 0.004
1 1 12 135.677 135.677 44.730 44.730 0.005
1 1 13 138.828 138.828 46.402 46.402 0.000
1 1 14 136.569 136.569 45.408 45.408 0.005
1 1 15 136.685 136.685 45.563 45.563 0.002
1 1 16 144.372 144.372 49.017 49.017 0.010
1 1 17 145.603 145.603 50.196 50.196 0.007
1 1 18 138.007 138.007 45.886 45.886 0.006
1 1 19 136.437 136.437 45.157 45.157 -0.004
1 1 20 138.360 138.360 46.129 46.129 -0.007
1 1 21 137.116 137.116 45.485 45.485 -0.003
1 1 22 137.091 137.091 45.379 45.379 0.011
1 1 23 137.596 137.596 45.770 45.770 -0.011
1 1 24 131.946 131.946 42.983 42.983 -0.009
1 1 25 138.450 138.450 46.133 46.133 0.001
1 1 26 137.845 137.845 46.108 46.108 0.002
1 1 27 134.431 134.431 44.230 44.230 -0.001
1 1 28 139.942 139.942 46.981 46.981 -0.004
1 1 29 135.822 135.822 44.935 44.935 -0.003
1 1 30 142.250 142.250 47.987 47.987 0.006
1 1 31 142.133 142.133 48.012 48.012 -0.005
1 1 32 136.462 136.462 45.268 45.268 -0.004
1 1 33 136.469 136.469 45.278 45.278 -0.004
1 1 34 136.782 136.782 45.263 45.263 0.004
1 1 35 142.816 142.816 49.003 49.003 0.001
1 1 36 136.242 136.242 45.125 45.125 -0.003
1 1 37 137.628 137.628 45.776 45.776 0.003
1 1 38 139.738 139.738 46.810 46.810 -0.004
1 1 39 141.106 141.106 47.406 47.406 0.009
1 1 40 137.014 137.014 45.447 45.447 0.001
1 1 41 136.772 136.772 45.383 45.383 -0.012
1 1 42 140.507 140.507 47.325 47.325 0.003
1 1 43 136.838 136.838 45.444 45.444 -0.008
1 1 44 137.121 137.121 45.481 45.481 -0.000
1 1 45 138.907 138.907 46.443 46.443 -0.002
1 1 46 138.729 138.729 46.183 46.183 0.009
1 1 47 139.575 139.575 46.943 46.943 0.008
1 1 48 137.688 137.688 45.777 45.777 0.004
