1 1 1 7.879
1 1 2 3.977
1 1 3 4.202
1 1 4 -3.277
1 1 5 9.755
1 1 6 1.276
1 1 7 -3.527
1 1 8 -4.052
1 1 9 -2.576
1 1 10 4.902
1 1 11 6.453
1 1 12 -5.853
1 1 13 -5.678
1 1 14 -25.012
1 1 15 -7.429
1 1 16 -0.900
1 1 17 -7.529
1 1 18 5.703
1 1 19 9.855
1 1 20 -7.979
1 1 21 -4.552
1 1 22 4.552
1 1 23 -8.954
1 1 24 5.028
1 1 25 3.927
1 1 26 -2.501
1 1 27 -1.276
1 1 28 -4.352
1 1 29 -2.376
1 1 30 10.205
1 1 31 -7.529
1 1 32 4.302
1 1 33 1.101
1 1 34 -9.280
1 1 35 4.677
1 1 36 2.801
1 1 37 -9.004
1 1 38 1.401
1 1 39 5.778
1 1 40 9.505
1 1 41 3.402
1 1 42 -7.154
1 1 43 0.200
1 1 44 -8.079
1 1 45 -7.579
1 1 46 -4.877
1 1 47 3.077
1 1 48 -0.025
