1 1 1 0.03563 -0.00246
1 1 2 0.03260 0.02346
1 1 3 0.02352 0.02347
1 1 4 0.03060 -0.00023
1 1 5 0.03450 0.00003
1 1 6 0.02350 0.00544
1 1 7 0.03180 -0.01087
1 1 8 0.02351 -0.00627
1 1 9 0.02351 0.02348
1 1 10 0.03933 0.02351
1 1 11 0.03439 0.02349
1 1 12 0.04856 -0.01372
1 1 13 0.02349 0.02348
1 1 14 0.02350 0.00659
1 1 15 0.02352 0.02351
1 1 16 0.03432 0.02348
1 1 17 0.02351 -0.01109
1 1 18 0.02352 -0.02231
1 1 19 0.02351 -0.00518
1 1 20 0.02964 0.02348
1 1 21 0.02352 -0.01658
1 1 22 0.02350 -0.00434
1 1 23 0.02350 0.02348
1 1 24 0.04794 -0.01768
1 1 25 0.01532 0.02349
1 1 26 0.02350 -0.01851
1 1 27 0.02350 -0.00154
1 1 28 0.02349 0.02346
1 1 29 0.02352 -0.02741
1 1 30 0.02352 -0.00985
1 1 31 0.02351 0.02350
1 1 32 0.02351 -0.01828
1 1 33 0.02350 -0.01151
1 1 34 0.02350 -0.00579
1 1 35 0.02351 -0.03155
1 1 36 0.04781 -0.01203
1 1 37 0.02351 -0.00454
1 1 38 0.03636 -0.01459
1 1 39 0.02350 0.02349
1 1 40 0.02349 0.02349
1 1 41 0.02351 -0.00772
1 1 42 0.02349 -0.02259
1 1 43 0.03970 -0.00638
1 1 44 0.03692 -0.01228
1 1 45 0.03133 -0.02303
1 1 46 0.03030 -0.03255
1 1 47 0.02352 -0.00988
1 1 48 0.02351 0.02348
