1 1 1 -0.722 0.075
1 1 2 0.052 0.083
1 1 3 -0.016 0.067
1 1 4 -0.913 0.076
1 1 5 -0.039 0.077
1 1 6 0.801 0.075
1 1 7 0.792 0.079
1 1 8 0.148 0.067
1 1 9 -0.074 0.075
1 1 10 -0.736 0.074
1 1 11 -0.075 0.066
1 1 12 0.629 0.088
1 1 13 0.070 0.077
1 1 14 0.000 0.500
1 1 15 0.280 0.072
1 1 16 -0.243 0.078
1 1 17 0.040 0.075
1 1 18 -0.224 0.075
1 1 19 -0.993 0.078
1 1 20 -2.672 0.382
1 1 21 0.858 0.074
1 1 22 0.397 0.083
1 1 23 0.625 0.086
1 1 24 0.652 0.082
1 1 25 -0.761 0.073
1 1 26 0.041 0.072
1 1 27 0.639 -0.297
1 1 28 0.144 0.079
1 1 29 0.420 0.079
1 1 30 0.068 0.070
1 1 31 0.656 0.079
1 1 32 0.581 0.067
1 1 33 -0.351 0.078
1 1 34 -0.842 0.082
1 1 35 0.267 0.076
1 1 36 -0.484 0.061
1 1 37 0.013 0.076
1 1 38 -0.433 0.087
1 1 39 -0.919 0.322
1 1 40 0.095 0.082
1 1 41 -0.798 0.078
1 1 42 0.515 0.074
1 1 43 0.407 0.081
1 1 44 -0.176 0.073
1 1 45 -0.986 0.075
1 1 46 0.480 0.072
1 1 47 0.615 0.072
1 1 48 0.774 0.079
