  1   1   1   -4.000000e+01    0.000000e+00  
  1   1   2   -4.000000e+01    0.000000e+00  
  1   1   3   -4.000000e+01    0.000000e+00  
  1   1   4   -4.000000e+01    0.000000e+00  
  1   1   5   -4.000000e+01    0.000000e+00  
  1   1   6   -4.000000e+01    0.000000e+00  
  1   1   7   -4.000000e+01    0.000000e+00  
  1   1   8   -4.000000e+01    0.000000e+00  
  1   1   9   -4.000000e+01    0.000000e+00  
  1   1  10   -4.000000e+01    0.000000e+00  
  1   1  11   -4.000000e+01    0.000000e+00  
  1   1  12   -4.000000e+01    0.000000e+00  
  1   1  13   -4.000000e+01    0.000000e+00  
  1   1  14   -4.000000e+01    0.000000e+00  
  1   1  15   -4.000000e+01    0.000000e+00  
  1   1  16   -4.000000e+01    0.000000e+00  
  1   1  17   -4.000000e+01    0.000000e+00  
  1   1  18   -4.000000e+01    0.000000e+00  
  1   1  19   -4.000000e+01    0.000000e+00  
  1   1  20   -4.000000e+01    0.000000e+00  
  1   1  21   -4.000000e+01    0.000000e+00  
  1   1  22   -4.000000e+01    0.000000e+00  
  1   1  23   -4.000000e+01    0.000000e+00  
  1   1  24   -4.000000e+01    0.000000e+00  
  1   1  25   -4.000000e+01    0.000000e+00  
  1   1  26   -4.000000e+01    0.000000e+00  
  1   1  27   -4.000000e+01    0.000000e+00  
  1   1  28   -4.000000e+01    0.000000e+00  
  1   1  29   -4.000000e+01    0.000000e+00  
  1   1  30   -4.000000e+01    0.000000e+00  
  1   1  31   -4.000000e+01    0.000000e+00  
  1   1  32   -4.000000e+01    0.000000e+00  
  1   1  33   -4.000000e+01    0.000000e+00  
  1   1  34   -4.000000e+01    0.000000e+00  
  1   1  35   -4.000000e+01    0.000000e+00  
  1   1  36   -4.000000e+01    0.000000e+00  
  1   1  37   -4.000000e+01    0.000000e+00  
  1   1  38   -4.000000e+01    0.000000e+00  
  1   1  39   -4.000000e+01    0.000000e+00  
  1   1  40   -4.000000e+01    0.000000e+00  
  1   1  41   -4.000000e+01    0.000000e+00  
  1   1  42   -4.000000e+01    0.000000e+00  
  1   1  43   -4.000000e+01    0.000000e+00  
  1   1  44   -4.000000e+01    0.000000e+00  
  1   1  45   -4.000000e+01    0.000000e+00  
  1   1  46   -4.000000e+01    0.000000e+00  
  1   1  47   -4.000000e+01    0.000000e+00  
  1   1  48   -4.000000e+01    0.000000e+00  
