1 1 1 41.160 0.500 0.000 45.254 0.500 0.000
1 1 2 41.413 0.500 0.000 42.936 0.500 0.000
1 1 3 42.940 0.500 0.000 42.731 0.500 0.000
1 1 4 41.770 0.500 0.000 40.025 0.500 0.000
1 1 5 40.740 0.500 0.000 40.400 0.500 0.000
1 1 6 42.692 0.500 0.000 43.137 0.500 0.000
1 1 7 41.858 0.500 0.000 47.106 0.500 0.000
1 1 8 41.126 0.500 0.000 39.439 0.500 0.000
1 1 9 40.685 0.500 0.000 37.530 0.500 0.000
1 1 10 41.371 0.500 0.000 42.455 0.500 0.000
1 1 11 41.612 0.500 0.000 40.005 0.500 0.000
1 1 12 38.287 0.500 0.000 39.464 0.500 0.000
1 1 13 39.229 0.500 0.000 37.442 0.500 0.000
1 1 14 39.984 0.500 0.000 41.340 0.500 0.000
1 1 15 40.627 0.500 0.000 41.882 0.500 0.000
1 1 16 38.041 0.500 0.000 45.457 0.500 0.000
1 1 17 41.436 0.500 0.000 34.386 0.500 0.000
1 1 18 41.589 0.500 0.000 45.986 0.500 0.000
1 1 19 43.673 0.500 0.000 38.787 0.500 0.000
1 1 20 42.667 0.500 0.000 37.733 0.500 0.000
1 1 21 34.839 0.500 0.000 39.592 0.500 0.000
1 1 22 41.557 0.500 0.000 38.776 0.500 0.000
1 1 23 39.658 0.500 0.000 47.819 0.500 0.000
1 2 1 43.824 0.500 0.000 35.164 0.500 0.000
1 2 2 38.368 0.500 0.000 39.705 0.500 0.000
1 2 3 45.143 0.500 0.000 39.318 0.500 0.000
1 2 4 46.316 0.500 0.000 42.705 0.500 0.000
1 2 5 40.396 0.500 0.000 43.305 0.500 0.000
1 2 6 44.373 0.500 0.000 42.211 0.500 0.000
1 2 7 40.084 0.500 0.000 41.957 0.500 0.000
1 2 8 42.730 0.500 0.000 41.198 0.500 0.000
1 2 9 44.462 0.500 0.000 45.111 0.500 0.000
1 2 10 40.135 0.500 0.000 43.706 0.500 0.000
1 2 11 48.738 0.500 0.000 49.397 0.500 0.000
1 2 12 46.172 0.500 0.000 43.381 0.500 0.000
1 2 13 52.354 0.500 0.000 43.984 0.500 0.000
1 2 14 45.462 0.500 0.000 42.432 0.500 0.000
1 2 15 50.237 0.500 0.000 40.380 0.500 0.000
1 2 16 39.081 0.500 0.000 44.335 0.500 0.000
1 2 17 50.576 0.500 0.000 48.872 0.500 0.000
1 2 18 45.101 0.500 0.000 39.572 0.500 0.000
1 2 19 43.220 0.500 0.000 44.163 0.500 0.000
1 2 20 49.162 0.500 0.000 50.105 0.500 0.000
1 2 21 47.560 0.500 0.000 37.455 0.500 0.000
1 2 22 48.051 0.500 0.000 41.664 0.500 0.000
1 2 23 43.717 0.500 0.000 38.311 0.500 0.000
1 2 24 46.331 0.500 0.000 46.142 0.500 0.000
1 2 25 45.167 0.500 0.000 49.758 0.500 0.000
1 2 26 53.838 0.500 0.000 43.169 0.500 0.000
1 2 27 59.854 0.500 0.000 55.114 0.500 0.000
1 2 28 41.652 0.500 0.000 49.473 0.500 0.000
1 2 29 45.329 0.500 0.000 55.480 0.500 0.000
1 2 30 45.087 0.500 0.000 58.532 0.500 0.000
1 2 31 58.711 0.500 0.000 40.099 0.500 0.000
1 2 32 58.169 0.500 0.000 39.745 0.500 0.000
1 2 33 46.853 0.500 0.000 45.009 0.500 0.000
1 2 34 44.498 0.500 0.000 48.572 0.500 0.000
1 2 35 43.346 0.500 0.000 50.038 0.500 0.000
1 2 36 64.115 0.500 0.000 59.503 0.500 0.000
1 2 37 47.851 0.500 0.000 59.063 0.500 0.000
1 2 38 41.570 0.500 0.000 41.988 0.500 0.000
1 2 39 48.809 0.500 0.000 46.037 0.500 0.000
1 2 40 54.006 0.500 0.000 53.918 0.500 0.000
1 2 41 51.726 0.500 0.000 55.911 0.500 0.000
1 2 42 56.628 0.500 0.000 64.762 0.500 0.000
1 2 43 51.266 0.500 0.000 47.459 0.500 0.000
1 2 44 54.758 0.500 0.000 52.263 0.500 0.000
1 2 45 56.207 0.500 0.000 56.075 0.500 0.000
1 2 46 43.122 0.500 0.000 55.280 0.500 0.000
1 2 47 76.396 0.500 0.000 46.279 0.500 0.000
1 2 48 46.201 0.500 0.000 43.859 0.500 0.000
1 2 49 52.602 0.500 0.000 56.492 0.500 0.000
1 2 50 53.767 0.500 0.000 49.675 0.500 0.000
1 2 51 46.879 0.500 0.000 82.228 0.500 0.000
1 2 52 52.244 0.500 0.000 60.036 0.500 0.000
1 2 53 60.122 0.500 0.000 52.563 0.500 0.000
1 2 54 52.602 0.500 0.000 75.487 0.500 0.000
1 2 55 75.359 0.500 0.000 63.220 0.500 0.000
1 2 56 65.475 0.500 0.000 58.519 0.500 0.000
1 2 57 70.301 0.500 0.000 68.002 0.500 0.000
1 2 58 35.985 0.500 0.000 29.482 0.500 0.000
1 2 59 56.206 0.500 0.000 58.944 0.500 0.000
1 2 60 0.001 0.500 0.000 6.341 0.500 0.000
1 2 61 26.213 0.500 0.000 23.892 0.500 0.000
1 2 62 0.000 0.500 0.000 19.746 0.500 0.000
1 3 1 45.989 0.500 0.000 44.592 0.500 0.000
1 3 2 42.317 0.500 0.000 34.581 0.500 0.000
1 3 3 40.000 0.500 0.000 40.000 0.500 0.000
1 3 4 40.000 0.500 0.000 40.000 0.500 0.000
1 3 5 40.000 0.500 0.000 40.000 0.500 0.000
2 1 1 44.253 0.500 0.000 41.499 0.500 0.000
2 1 2 39.868 0.500 0.000 42.319 0.500 0.000
2 1 3 40.949 0.500 0.000 40.971 0.500 0.000
2 1 4 40.540 0.500 0.000 39.354 0.500 0.000
2 1 5 45.438 0.500 0.000 40.337 0.500 0.000
2 1 6 39.852 0.500 0.000 40.479 0.500 0.000
2 1 7 41.596 0.500 0.000 37.856 0.500 0.000
2 1 8 41.756 0.500 0.000 41.658 0.500 0.000
2 1 9 40.872 0.500 0.000 45.609 0.500 0.000
2 1 10 36.333 0.500 0.000 41.068 0.500 0.000
2 1 11 40.018 0.500 0.000 41.164 0.500 0.000
2 1 12 36.225 0.500 0.000 43.173 0.500 0.000
2 1 13 39.703 0.500 0.000 40.043 0.500 0.000
2 1 14 40.801 0.500 0.000 39.699 0.500 0.000
2 1 15 41.407 0.500 0.000 40.012 0.500 0.000
2 1 16 38.183 0.500 0.000 42.053 0.500 0.000
2 1 17 39.770 0.500 0.000 38.960 0.500 0.000
2 1 18 40.777 0.500 0.000 40.783 0.500 0.000
2 1 19 39.216 0.500 0.000 43.770 0.500 0.000
2 1 20 40.694 0.500 0.000 37.228 0.500 0.000
2 1 21 39.041 0.500 0.000 39.201 0.500 0.000
2 1 22 39.465 0.500 0.000 54.718 0.500 0.000
2 1 23 37.545 0.500 0.000 36.122 0.500 0.000
2 2 1 40.735 0.500 0.000 44.349 0.500 0.000
2 2 2 43.167 0.500 0.000 42.646 0.500 0.000
2 2 3 43.319 0.500 0.000 42.247 0.500 0.000
2 2 4 46.452 0.500 0.000 42.863 0.500 0.000
2 2 5 38.965 0.500 0.000 45.313 0.500 0.000
2 2 6 40.031 0.500 0.000 47.770 0.500 0.000
2 2 7 40.871 0.500 0.000 46.284 0.500 0.000
2 2 8 48.886 0.500 0.000 43.416 0.500 0.000
2 2 9 45.312 0.500 0.000 39.594 0.500 0.000
2 2 10 42.442 0.500 0.000 41.756 0.500 0.000
2 2 11 41.127 0.500 0.000 42.290 0.500 0.000
2 2 12 42.173 0.500 0.000 47.283 0.500 0.000
2 2 13 46.101 0.500 0.000 46.326 0.500 0.000
2 2 14 41.318 0.500 0.000 40.552 0.500 0.000
2 2 15 45.406 0.500 0.000 56.247 0.500 0.000
2 2 16 58.343 0.500 0.000 43.555 0.500 0.000
2 2 17 39.126 0.500 0.000 45.968 0.500 0.000
2 2 18 52.757 0.500 0.000 39.948 0.500 0.000
2 2 19 47.455 0.500 0.000 59.304 0.500 0.000
2 2 20 42.209 0.500 0.000 41.407 0.500 0.000
2 2 21 51.266 0.500 0.000 43.005 0.500 0.000
2 2 22 40.599 0.500 0.000 52.187 0.500 0.000
2 2 23 48.400 0.500 0.000 40.940 0.500 0.000
2 2 24 42.715 0.500 0.000 42.773 0.500 0.000
2 2 25 63.108 0.500 0.000 38.639 0.500 0.000
2 2 26 48.177 0.500 0.000 58.589 0.500 0.000
2 2 27 52.118 0.500 0.000 51.531 0.500 0.000
2 2 28 54.036 0.500 0.000 58.722 0.500 0.000
2 2 29 53.547 0.500 0.000 51.669 0.500 0.000
2 2 30 46.919 0.500 0.000 39.594 0.500 0.000
2 2 31 51.080 0.500 0.000 66.461 0.500 0.000
2 2 32 46.053 0.500 0.000 55.070 0.500 0.000
2 2 33 34.531 0.500 0.000 46.128 0.500 0.000
2 2 34 40.663 0.500 0.000 62.752 0.500 0.000
2 2 35 38.697 0.500 0.000 43.018 0.500 0.000
2 2 36 52.749 0.500 0.000 53.123 0.500 0.000
2 2 37 61.522 0.500 0.000 57.493 0.500 0.000
2 2 38 49.415 0.500 0.000 43.522 0.500 0.000
2 2 39 41.925 0.500 0.000 41.896 0.500 0.000
2 2 40 52.674 0.500 0.000 53.451 0.500 0.000
2 2 41 45.623 0.500 0.000 64.886 0.500 0.000
2 2 42 48.472 0.500 0.000 60.607 0.500 0.000
2 2 43 52.854 0.500 0.000 43.177 0.500 0.000
2 2 44 51.234 0.500 0.000 57.342 0.500 0.000
2 2 45 51.610 0.500 0.000 47.172 0.500 0.000
2 2 46 52.514 0.500 0.000 56.027 0.500 0.000
2 2 47 46.496 0.500 0.000 57.420 0.500 0.000
2 2 48 40.156 0.500 0.000 54.655 0.500 0.000
2 2 49 57.786 0.500 0.000 43.608 0.500 0.000
2 2 50 55.797 0.500 0.000 37.977 0.500 0.000
2 2 51 38.483 0.500 0.000 57.491 0.500 0.000
2 2 52 42.408 0.500 0.000 70.341 0.500 0.000
2 2 53 65.809 0.500 0.000 52.940 0.500 0.000
2 2 54 46.782 0.500 0.000 57.502 0.500 0.000
2 2 55 37.585 0.500 0.000 63.451 0.500 0.000
2 2 56 48.796 0.500 0.000 39.995 0.500 0.000
2 2 57 53.937 0.500 0.000 54.224 0.500 0.000
2 2 58 35.437 0.500 0.000 54.832 0.500 0.000
2 2 59 64.077 0.500 0.000 73.703 0.500 0.000
2 2 60 66.843 0.500 0.000 55.150 0.500 0.000
2 2 61 29.045 0.500 0.000 35.243 0.500 0.000
2 2 62 133.818 0.500 0.000 200.000 0.500 0.000
2 3 1 36.263 0.500 0.000 43.903 0.500 0.000
2 3 2 92.480 0.500 0.000 21.956 0.500 0.000
2 3 3 40.000 0.500 0.000 40.000 0.500 0.000
2 3 4 40.000 0.500 0.000 40.000 0.500 0.000
2 3 5 40.000 0.500 0.000 40.000 0.500 0.000
3 1 1 42.856 0.500 0.000 40.869 0.500 0.000
3 1 2 41.007 0.500 0.000 41.127 0.500 0.000
3 1 3 43.120 0.500 0.000 40.216 0.500 0.000
3 1 4 42.722 0.500 0.000 40.767 0.500 0.000
3 1 5 43.534 0.500 0.000 39.939 0.500 0.000
3 1 6 42.264 0.500 0.000 42.970 0.500 0.000
3 1 7 40.004 0.500 0.000 41.285 0.500 0.000
3 1 8 40.789 0.500 0.000 43.629 0.500 0.000
3 1 9 39.323 0.500 0.000 39.947 0.500 0.000
3 1 10 38.398 0.500 0.000 38.607 0.500 0.000
3 1 11 39.852 0.500 0.000 38.737 0.500 0.000
3 1 12 42.958 0.500 0.000 35.898 0.500 0.000
3 1 13 39.873 0.500 0.000 42.645 0.500 0.000
3 1 14 37.066 0.500 0.000 37.490 0.500 0.000
3 1 15 43.062 0.500 0.000 39.409 0.500 0.000
3 1 16 36.439 0.500 0.000 39.823 0.500 0.000
3 1 17 46.121 0.500 0.000 42.596 0.500 0.000
3 1 18 39.229 0.500 0.000 43.523 0.500 0.000
3 1 19 42.950 0.500 0.000 39.152 0.500 0.000
3 1 20 41.601 0.500 0.000 44.247 0.500 0.000
3 1 21 40.448 0.500 0.000 37.873 0.500 0.000
3 1 22 43.685 0.500 0.000 44.294 0.500 0.000
3 1 23 41.966 0.500 0.000 39.803 0.500 0.000
3 2 1 43.340 0.500 0.000 35.253 0.500 0.000
3 2 2 43.934 0.500 0.000 37.278 0.500 0.000
3 2 3 40.843 0.500 0.000 40.972 0.500 0.000
3 2 4 41.470 0.500 0.000 49.085 0.500 0.000
3 2 5 41.027 0.500 0.000 43.829 0.500 0.000
3 2 6 45.694 0.500 0.000 41.847 0.500 0.000
3 2 7 41.751 0.500 0.000 47.010 0.500 0.000
3 2 8 37.895 0.500 0.000 42.509 0.500 0.000
3 2 9 46.378 0.500 0.000 44.796 0.500 0.000
3 2 10 44.676 0.500 0.000 44.806 0.500 0.000
3 2 11 40.498 0.500 0.000 43.112 0.500 0.000
3 2 12 37.767 0.500 0.000 44.527 0.500 0.000
3 2 13 41.323 0.500 0.000 41.261 0.500 0.000
3 2 14 40.115 0.500 0.000 40.114 0.500 0.000
3 2 15 40.493 0.500 0.000 47.065 0.500 0.000
3 2 16 45.746 0.500 0.000 42.833 0.500 0.000
3 2 17 46.107 0.500 0.000 43.100 0.500 0.000
3 2 18 42.847 0.500 0.000 42.737 0.500 0.000
3 2 19 43.790 0.500 0.000 42.990 0.500 0.000
3 2 20 46.320 0.500 0.000 37.047 0.500 0.000
3 2 21 42.839 0.500 0.000 46.956 0.500 0.000
3 2 22 50.850 0.500 0.000 50.719 0.500 0.000
3 2 23 51.188 0.500 0.000 42.193 0.500 0.000
3 2 24 40.967 0.500 0.000 50.793 0.500 0.000
3 2 25 45.721 0.500 0.000 53.815 0.500 0.000
3 2 26 42.996 0.500 0.000 44.024 0.500 0.000
3 2 27 55.936 0.500 0.000 46.002 0.500 0.000
3 2 28 69.472 0.500 0.000 45.262 0.500 0.000
3 2 29 46.318 0.500 0.000 47.842 0.500 0.000
3 2 30 44.401 0.500 0.000 44.422 0.500 0.000
3 2 31 51.590 0.500 0.000 44.227 0.500 0.000
3 2 32 39.844 0.500 0.000 69.022 0.500 0.000
3 2 33 53.437 0.500 0.000 49.992 0.500 0.000
3 2 34 41.680 0.500 0.000 47.824 0.500 0.000
3 2 35 50.881 0.500 0.000 45.147 0.500 0.000
3 2 36 46.439 0.500 0.000 58.773 0.500 0.000
3 2 37 61.429 0.500 0.000 50.258 0.500 0.000
3 2 38 60.042 0.500 0.000 48.602 0.500 0.000
3 2 39 47.927 0.500 0.000 42.670 0.500 0.000
3 2 40 45.959 0.500 0.000 45.771 0.500 0.000
3 2 41 62.097 0.500 0.000 47.626 0.500 0.000
3 2 42 52.138 0.500 0.000 60.709 0.500 0.000
3 2 43 72.855 0.500 0.000 50.015 0.500 0.000
3 2 44 48.405 0.500 0.000 46.598 0.500 0.000
3 2 45 51.283 0.500 0.000 46.946 0.500 0.000
3 2 46 43.028 0.500 0.000 53.737 0.500 0.000
3 2 47 45.562 0.500 0.000 46.178 0.500 0.000
3 2 48 44.690 0.500 0.000 43.076 0.500 0.000
3 2 49 56.497 0.500 0.000 61.261 0.500 0.000
3 2 50 72.868 0.500 0.000 56.845 0.500 0.000
3 2 51 49.412 0.500 0.000 47.108 0.500 0.000
3 2 52 52.417 0.500 0.000 50.567 0.500 0.000
3 2 53 58.533 0.500 0.000 74.370 0.500 0.000
3 2 54 53.845 0.500 0.000 46.573 0.500 0.000
3 2 55 51.575 0.500 0.000 80.890 0.500 0.000
3 2 56 69.594 0.500 0.000 74.733 0.500 0.000
3 2 57 60.738 0.500 0.000 55.640 0.500 0.000
3 2 58 57.836 0.500 0.000 83.933 0.500 0.000
3 2 59 59.329 0.500 0.000 116.566 0.500 0.000
3 2 60 71.193 0.500 0.000 68.798 0.500 0.000
3 2 61 131.983 0.500 0.000 59.888 0.500 0.000
3 2 62 54.632 0.500 0.000 39.482 0.500 0.000
3 3 1 45.454 0.500 0.000 71.770 0.500 0.000
3 3 2 39.750 0.500 0.000 142.507 0.500 0.000
3 3 3 40.000 0.500 0.000 40.000 0.500 0.000
3 3 4 40.000 0.500 0.000 40.000 0.500 0.000
3 3 5 40.000 0.500 0.000 40.000 0.500 0.000
4 1 1 42.942 0.500 0.000 41.473 0.500 0.000
4 1 2 40.951 0.500 0.000 41.662 0.500 0.000
4 1 3 40.505 0.500 0.000 42.325 0.500 0.000
4 1 4 39.538 0.500 0.000 41.717 0.500 0.000
4 1 5 39.284 0.500 0.000 42.266 0.500 0.000
4 1 6 41.664 0.500 0.000 41.049 0.500 0.000
4 1 7 42.522 0.500 0.000 39.174 0.500 0.000
4 1 8 43.676 0.500 0.000 38.838 0.500 0.000
4 1 9 41.486 0.500 0.000 40.079 0.500 0.000
4 1 10 38.035 0.500 0.000 40.232 0.500 0.000
4 1 11 39.712 0.500 0.000 40.195 0.500 0.000
4 1 12 38.209 0.500 0.000 39.310 0.500 0.000
4 1 13 38.189 0.500 0.000 42.118 0.500 0.000
4 1 14 40.433 0.500 0.000 39.647 0.500 0.000
4 1 15 43.755 0.500 0.000 37.958 0.500 0.000
4 1 16 36.147 0.500 0.000 43.309 0.500 0.000
4 1 17 37.325 0.500 0.000 38.556 0.500 0.000
4 1 18 41.574 0.500 0.000 37.707 0.500 0.000
4 1 19 39.493 0.500 0.000 38.512 0.500 0.000
4 1 20 41.106 0.500 0.000 38.050 0.500 0.000
4 1 21 41.487 0.500 0.000 38.186 0.500 0.000
4 1 22 40.534 0.500 0.000 43.336 0.500 0.000
4 1 23 42.199 0.500 0.000 48.837 0.500 0.000
4 2 1 41.359 0.500 0.000 45.062 0.500 0.000
4 2 2 41.173 0.500 0.000 42.234 0.500 0.000
4 2 3 44.026 0.500 0.000 42.653 0.500 0.000
4 2 4 49.092 0.500 0.000 46.300 0.500 0.000
4 2 5 47.104 0.500 0.000 44.755 0.500 0.000
4 2 6 46.196 0.500 0.000 41.879 0.500 0.000
4 2 7 48.068 0.500 0.000 39.682 0.500 0.000
4 2 8 43.460 0.500 0.000 45.311 0.500 0.000
4 2 9 46.708 0.500 0.000 37.813 0.500 0.000
4 2 10 47.399 0.500 0.000 42.853 0.500 0.000
4 2 11 45.405 0.500 0.000 46.515 0.500 0.000
4 2 12 47.459 0.500 0.000 45.455 0.500 0.000
4 2 13 43.946 0.500 0.000 37.515 0.500 0.000
4 2 14 41.902 0.500 0.000 46.911 0.500 0.000
4 2 15 39.015 0.500 0.000 48.232 0.500 0.000
4 2 16 40.509 0.500 0.000 43.954 0.500 0.000
4 2 17 41.953 0.500 0.000 45.574 0.500 0.000
4 2 18 46.409 0.500 0.000 42.977 0.500 0.000
4 2 19 41.618 0.500 0.000 43.082 0.500 0.000
4 2 20 48.161 0.500 0.000 41.532 0.500 0.000
4 2 21 46.536 0.500 0.000 43.757 0.500 0.000
4 2 22 44.645 0.500 0.000 45.652 0.500 0.000
4 2 23 54.994 0.500 0.000 36.847 0.500 0.000
4 2 24 46.497 0.500 0.000 49.929 0.500 0.000
4 2 25 44.239 0.500 0.000 48.755 0.500 0.000
4 2 26 44.587 0.500 0.000 42.752 0.500 0.000
4 2 27 39.855 0.500 0.000 55.584 0.500 0.000
4 2 28 72.570 0.500 0.000 49.151 0.500 0.000
4 2 29 45.390 0.500 0.000 43.977 0.500 0.000
4 2 30 52.891 0.500 0.000 49.404 0.500 0.000
4 2 31 51.092 0.500 0.000 45.422 0.500 0.000
4 2 32 57.965 0.500 0.000 50.683 0.500 0.000
4 2 33 51.689 0.500 0.000 48.938 0.500 0.000
4 2 34 47.865 0.500 0.000 45.353 0.500 0.000
4 2 35 47.403 0.500 0.000 52.554 0.500 0.000
4 2 36 63.544 0.500 0.000 54.141 0.500 0.000
4 2 37 48.707 0.500 0.000 64.061 0.500 0.000
4 2 38 43.769 0.500 0.000 50.604 0.500 0.000
4 2 39 39.947 0.500 0.000 52.105 0.500 0.000
4 2 40 42.866 0.500 0.000 48.298 0.500 0.000
4 2 41 48.887 0.500 0.000 51.373 0.500 0.000
4 2 42 52.457 0.500 0.000 48.365 0.500 0.000
4 2 43 44.687 0.500 0.000 46.194 0.500 0.000
4 2 44 49.894 0.500 0.000 48.733 0.500 0.000
4 2 45 49.896 0.500 0.000 57.745 0.500 0.000
4 2 46 51.646 0.500 0.000 56.458 0.500 0.000
4 2 47 66.990 0.500 0.000 57.580 0.500 0.000
4 2 48 49.339 0.500 0.000 52.613 0.500 0.000
4 2 49 56.232 0.500 0.000 44.703 0.500 0.000
4 2 50 42.886 0.500 0.000 56.300 0.500 0.000
4 2 51 42.782 0.500 0.000 59.019 0.500 0.000
4 2 52 43.711 0.500 0.000 45.908 0.500 0.000
4 2 53 44.949 0.500 0.000 61.548 0.500 0.000
4 2 54 56.384 0.500 0.000 51.318 0.500 0.000
4 2 55 65.596 0.500 0.000 28.147 0.500 0.000
4 2 56 91.644 0.500 0.000 41.927 0.500 0.000
4 2 57 48.999 0.500 0.000 50.795 0.500 0.000
4 2 58 45.139 0.500 0.000 73.412 0.500 0.000
4 2 59 59.384 0.500 0.000 75.370 0.500 0.000
4 2 60 73.339 0.500 0.000 114.285 0.500 0.000
4 2 61 95.861 0.500 0.000 48.155 0.500 0.000
4 2 62 45.058 0.500 0.000 0.001 0.500 0.000
4 3 1 42.314 0.500 0.000 57.307 0.500 0.000
4 3 2 0.000 0.500 0.000 80.989 0.500 0.000
4 3 3 40.000 0.500 0.000 40.000 0.500 0.000
4 3 4 40.000 0.500 0.000 40.000 0.500 0.000
4 3 5 40.000 0.500 0.000 40.000 0.500 0.000
5 1 1 41.041 0.500 0.000 43.743 0.500 0.000
5 1 2 44.246 0.500 0.000 41.443 0.500 0.000
5 1 3 41.644 0.500 0.000 41.092 0.500 0.000
5 1 4 41.716 0.500 0.000 45.108 0.500 0.000
5 1 5 40.785 0.500 0.000 42.027 0.500 0.000
5 1 6 42.427 0.500 0.000 44.539 0.500 0.000
5 1 7 43.452 0.500 0.000 41.812 0.500 0.000
5 1 8 41.474 0.500 0.000 40.657 0.500 0.000
5 1 9 46.589 0.500 0.000 36.672 0.500 0.000
5 1 10 40.052 0.500 0.000 40.867 0.500 0.000
5 1 11 39.431 0.500 0.000 38.432 0.500 0.000
5 1 12 41.085 0.500 0.000 42.024 0.500 0.000
5 1 13 37.783 0.500 0.000 41.777 0.500 0.000
5 1 14 37.949 0.500 0.000 41.819 0.500 0.000
5 1 15 39.104 0.500 0.000 41.385 0.500 0.000
5 1 16 40.691 0.500 0.000 39.494 0.500 0.000
5 1 17 40.925 0.500 0.000 38.012 0.500 0.000
5 1 18 38.553 0.500 0.000 35.479 0.500 0.000
5 1 19 41.291 0.500 0.000 40.975 0.500 0.000
5 1 20 47.610 0.500 0.000 44.066 0.500 0.000
5 1 21 41.580 0.500 0.000 40.605 0.500 0.000
5 1 22 36.484 0.500 0.000 42.061 0.500 0.000
5 1 23 40.500 0.500 0.000 43.490 0.500 0.000
5 2 1 43.539 0.500 0.000 42.003 0.500 0.000
5 2 2 44.004 0.500 0.000 47.053 0.500 0.000
5 2 3 37.978 0.500 0.000 40.916 0.500 0.000
5 2 4 41.185 0.500 0.000 39.469 0.500 0.000
5 2 5 45.399 0.500 0.000 43.086 0.500 0.000
5 2 6 42.216 0.500 0.000 39.558 0.500 0.000
5 2 7 46.968 0.500 0.000 43.194 0.500 0.000
5 2 8 43.585 0.500 0.000 42.478 0.500 0.000
5 2 9 40.364 0.500 0.000 41.994 0.500 0.000
5 2 10 43.702 0.500 0.000 45.613 0.500 0.000
5 2 11 45.380 0.500 0.000 45.179 0.500 0.000
5 2 12 47.652 0.500 0.000 46.832 0.500 0.000
5 2 13 48.019 0.500 0.000 50.816 0.500 0.000
5 2 14 41.957 0.500 0.000 49.318 0.500 0.000
5 2 15 49.264 0.500 0.000 54.890 0.500 0.000
5 2 16 42.249 0.500 0.000 45.991 0.500 0.000
5 2 17 47.949 0.500 0.000 42.663 0.500 0.000
5 2 18 41.909 0.500 0.000 48.666 0.500 0.000
5 2 19 46.067 0.500 0.000 47.704 0.500 0.000
5 2 20 45.902 0.500 0.000 47.914 0.500 0.000
5 2 21 48.552 0.500 0.000 44.884 0.500 0.000
5 2 22 60.646 0.500 0.000 45.335 0.500 0.000
5 2 23 50.753 0.500 0.000 54.366 0.500 0.000
5 2 24 51.757 0.500 0.000 41.984 0.500 0.000
5 2 25 51.478 0.500 0.000 46.833 0.500 0.000
5 2 26 49.289 0.500 0.000 41.100 0.500 0.000
5 2 27 41.361 0.500 0.000 45.636 0.500 0.000
5 2 28 43.912 0.500 0.000 53.218 0.500 0.000
5 2 29 45.954 0.500 0.000 54.267 0.500 0.000
5 2 30 49.066 0.500 0.000 38.037 0.500 0.000
5 2 31 59.637 0.500 0.000 52.500 0.500 0.000
5 2 32 76.765 0.500 0.000 52.049 0.500 0.000
5 2 33 42.673 0.500 0.000 46.426 0.500 0.000
5 2 34 43.732 0.500 0.000 41.360 0.500 0.000
5 2 35 47.090 0.500 0.000 44.457 0.500 0.000
5 2 36 48.297 0.500 0.000 45.774 0.500 0.000
5 2 37 44.366 0.500 0.000 43.497 0.500 0.000
5 2 38 47.787 0.500 0.000 45.051 0.500 0.000
5 2 39 46.543 0.500 0.000 56.690 0.500 0.000
5 2 40 53.845 0.500 0.000 36.490 0.500 0.000
5 2 41 39.576 0.500 0.000 49.902 0.500 0.000
5 2 42 49.330 0.500 0.000 59.292 0.500 0.000
5 2 43 67.020 0.500 0.000 49.306 0.500 0.000
5 2 44 53.173 0.500 0.000 50.990 0.500 0.000
5 2 45 62.933 0.500 0.000 58.148 0.500 0.000
5 2 46 44.645 0.500 0.000 52.895 0.500 0.000
5 2 47 53.227 0.500 0.000 41.525 0.500 0.000
5 2 48 41.007 0.500 0.000 49.270 0.500 0.000
5 2 49 53.881 0.500 0.000 38.012 0.500 0.000
5 2 50 55.164 0.500 0.000 57.429 0.500 0.000
5 2 51 48.379 0.500 0.000 71.913 0.500 0.000
5 2 52 58.176 0.500 0.000 40.871 0.500 0.000
5 2 53 50.366 0.500 0.000 43.826 0.500 0.000
5 2 54 53.717 0.500 0.000 44.904 0.500 0.000
5 2 55 57.657 0.500 0.000 83.580 0.500 0.000
5 2 56 62.528 0.500 0.000 65.558 0.500 0.000
5 2 57 40.232 0.500 0.000 48.237 0.500 0.000
5 2 58 49.780 0.500 0.000 88.938 0.500 0.000
5 2 59 112.835 0.500 0.000 45.187 0.500 0.000
5 2 60 106.080 0.500 0.000 78.252 0.500 0.000
5 2 61 37.173 0.500 0.000 0.004 0.500 0.000
5 2 62 3.956 0.500 0.000 54.520 0.500 0.000
5 3 1 45.135 0.500 0.000 48.575 0.500 0.000
5 3 2 99.334 0.500 0.000 18.930 0.500 0.000
5 3 3 40.000 0.500 0.000 40.000 0.500 0.000
5 3 4 40.000 0.500 0.000 40.000 0.500 0.000
5 3 5 40.000 0.500 0.000 40.000 0.500 0.000
6 1 1 41.315 0.500 0.000 42.861 0.500 0.000
6 1 2 41.146 0.500 0.000 42.172 0.500 0.000
6 1 3 42.295 0.500 0.000 42.060 0.500 0.000
6 1 4 43.451 0.500 0.000 40.250 0.500 0.000
6 1 5 43.553 0.500 0.000 41.099 0.500 0.000
6 1 6 40.137 0.500 0.000 43.094 0.500 0.000
6 1 7 41.754 0.500 0.000 41.421 0.500 0.000
6 1 8 40.079 0.500 0.000 39.182 0.500 0.000
6 1 9 42.690 0.500 0.000 41.916 0.500 0.000
6 1 10 42.926 0.500 0.000 41.417 0.500 0.000
6 1 11 39.631 0.500 0.000 36.351 0.500 0.000
6 1 12 44.024 0.500 0.000 38.154 0.500 0.000
6 1 13 39.621 0.500 0.000 38.335 0.500 0.000
6 1 14 41.213 0.500 0.000 41.150 0.500 0.000
6 1 15 42.595 0.500 0.000 40.034 0.500 0.000
6 1 16 42.918 0.500 0.000 38.147 0.500 0.000
6 1 17 42.056 0.500 0.000 41.714 0.500 0.000
6 1 18 35.204 0.500 0.000 39.737 0.500 0.000
6 1 19 43.779 0.500 0.000 42.718 0.500 0.000
6 1 20 40.334 0.500 0.000 34.699 0.500 0.000
6 1 21 46.723 0.500 0.000 37.009 0.500 0.000
6 1 22 32.966 0.500 0.000 39.112 0.500 0.000
6 1 23 42.617 0.500 0.000 41.586 0.500 0.000
6 2 1 38.203 0.500 0.000 35.442 0.500 0.000
6 2 2 39.861 0.500 0.000 40.478 0.500 0.000
6 2 3 42.071 0.500 0.000 41.850 0.500 0.000
6 2 4 41.781 0.500 0.000 43.689 0.500 0.000
6 2 5 39.185 0.500 0.000 44.220 0.500 0.000
6 2 6 48.813 0.500 0.000 41.203 0.500 0.000
6 2 7 38.761 0.500 0.000 42.460 0.500 0.000
6 2 8 42.119 0.500 0.000 43.717 0.500 0.000
6 2 9 42.454 0.500 0.000 43.253 0.500 0.000
6 2 10 41.225 0.500 0.000 52.047 0.500 0.000
6 2 11 50.359 0.500 0.000 49.280 0.500 0.000
6 2 12 44.328 0.500 0.000 47.533 0.500 0.000
6 2 13 44.397 0.500 0.000 43.443 0.500 0.000
6 2 14 49.888 0.500 0.000 44.234 0.500 0.000
6 2 15 45.150 0.500 0.000 40.011 0.500 0.000
6 2 16 44.881 0.500 0.000 40.795 0.500 0.000
6 2 17 45.400 0.500 0.000 44.645 0.500 0.000
6 2 18 43.038 0.500 0.000 45.911 0.500 0.000
6 2 19 45.222 0.500 0.000 39.944 0.500 0.000
6 2 20 59.940 0.500 0.000 42.879 0.500 0.000
6 2 21 43.444 0.500 0.000 40.605 0.500 0.000
6 2 22 46.114 0.500 0.000 50.367 0.500 0.000
6 2 23 42.486 0.500 0.000 43.581 0.500 0.000
6 2 24 46.127 0.500 0.000 50.528 0.500 0.000
6 2 25 57.311 0.500 0.000 48.041 0.500 0.000
6 2 26 47.552 0.500 0.000 43.699 0.500 0.000
6 2 27 48.817 0.500 0.000 44.918 0.500 0.000
6 2 28 40.553 0.500 0.000 50.969 0.500 0.000
6 2 29 48.832 0.500 0.000 47.124 0.500 0.000
6 2 30 48.685 0.500 0.000 53.018 0.500 0.000
6 2 31 51.894 0.500 0.000 53.176 0.500 0.000
6 2 32 38.134 0.500 0.000 57.224 0.500 0.000
6 2 33 57.500 0.500 0.000 46.054 0.500 0.000
6 2 34 45.922 0.500 0.000 49.229 0.500 0.000
6 2 35 54.457 0.500 0.000 63.713 0.500 0.000
6 2 36 63.980 0.500 0.000 47.356 0.500 0.000
6 2 37 55.748 0.500 0.000 46.605 0.500 0.000
6 2 38 50.783 0.500 0.000 50.511 0.500 0.000
6 2 39 47.718 0.500 0.000 57.813 0.500 0.000
6 2 40 45.682 0.500 0.000 44.215 0.500 0.000
6 2 41 53.777 0.500 0.000 49.342 0.500 0.000
6 2 42 47.077 0.500 0.000 48.872 0.500 0.000
6 2 43 62.819 0.500 0.000 51.337 0.500 0.000
6 2 44 50.507 0.500 0.000 53.100 0.500 0.000
6 2 45 69.965 0.500 0.000 46.425 0.500 0.000
6 2 46 48.082 0.500 0.000 49.638 0.500 0.000
6 2 47 44.893 0.500 0.000 52.315 0.500 0.000
6 2 48 44.900 0.500 0.000 57.142 0.500 0.000
6 2 49 62.370 0.500 0.000 44.057 0.500 0.000
6 2 50 43.222 0.500 0.000 61.639 0.500 0.000
6 2 51 51.387 0.500 0.000 50.466 0.500 0.000
6 2 52 74.243 0.500 0.000 44.949 0.500 0.000
6 2 53 47.826 0.500 0.000 26.957 0.500 0.000
6 2 54 44.989 0.500 0.000 71.683 0.500 0.000
6 2 55 38.287 0.500 0.000 44.170 0.500 0.000
6 2 56 67.800 0.500 0.000 46.195 0.500 0.000
6 2 57 61.360 0.500 0.000 40.480 0.500 0.000
6 2 58 67.473 0.500 0.000 46.663 0.500 0.000
6 2 59 63.648 0.500 0.000 94.199 0.500 0.000
6 2 60 53.909 0.500 0.000 60.881 0.500 0.000
6 2 61 51.111 0.500 0.000 162.361 0.500 0.000
6 2 62 55.620 0.500 0.000 42.488 0.500 0.000
6 3 1 53.233 0.500 0.000 44.074 0.500 0.000
6 3 2 77.416 0.500 0.000 71.774 0.500 0.000
6 3 3 40.000 0.500 0.000 40.000 0.500 0.000
6 3 4 40.000 0.500 0.000 40.000 0.500 0.000
6 3 5 40.000 0.500 0.000 40.000 0.500 0.000
