  1   1   1   3.175287e+00    0.000000e+00  
  1   1   2   7.206818e+00    0.000000e+00  
  1   1   3   1.072968e+00    0.000000e+00  
  1   1   4   4.427207e+00    0.000000e+00  
  1   1   5   -2.579982e+00    0.000000e+00  
  1   1   6   -1.373891e+00    0.000000e+00  
  1   1   7   -9.364017e+00    0.000000e+00  
  1   1   8   2.323425e+00    0.000000e+00  
  1   1   9   8.703247e-01    0.000000e+00  
  1   1  10   9.416452e+00    0.000000e+00  
  1   1  11   8.557694e-01    0.000000e+00  
  1   1  12   -2.750687e+00    0.000000e+00  
  1   1  13   6.325647e+00    0.000000e+00  
  1   1  14   7.792100e+00    0.000000e+00  
  1   1  15   7.305225e+00    0.000000e+00  
  1   1  16   -5.372877e+00    0.000000e+00  
  1   1  17   9.063143e+00    0.000000e+00  
  1   1  18   -6.430810e+00    0.000000e+00  
  1   1  19   2.541758e+00    0.000000e+00  
  1   1  20   5.576005e+00    0.000000e+00  
  1   1  21   -5.822714e+00    0.000000e+00  
  1   1  22   -6.151281e+00    0.000000e+00  
  1   1  23   7.573528e+00    0.000000e+00  
  1   2   1   9.777218e+00    0.000000e+00  
  1   2   2   5.182690e+00    0.000000e+00  
  1   2   3   -3.409657e-01    0.000000e+00  
  1   2   4   -3.114590e+00    0.000000e+00  
  1   2   5   0.000000e+00    0.000000e+00  
  1   2   6   6.993324e+00    0.000000e+00  
  1   2   7   8.550224e+00    0.000000e+00  
  1   2   8   4.521279e+00    0.000000e+00  
  1   2   9   6.356485e+00    0.000000e+00  
  1   2  10   -5.114142e+00    0.000000e+00  
  1   2  11   -4.704899e+00    0.000000e+00  
  1   2  12   1.423039e+00    0.000000e+00  
  1   2  13   -7.190476e+00    0.000000e+00  
  1   2  14   2.576919e+00    0.000000e+00  
  1   2  15   6.118900e+00    0.000000e+00  
  1   2  16   6.849628e+00    0.000000e+00  
  1   2  17   -1.275204e+00    0.000000e+00  
  1   2  18   5.320425e-01    0.000000e+00  
  1   2  19   9.521836e+00    0.000000e+00  
  1   2  20   8.764326e-02    0.000000e+00  
  1   2  21   -7.447770e+00    0.000000e+00  
  1   2  22   -4.335768e+00    0.000000e+00  
  1   2  23   3.839313e+00    0.000000e+00  
  1   2  24   3.822565e+00    0.000000e+00  
  1   2  25   8.455374e+00    0.000000e+00  
  1   2  26   -7.459718e+00    0.000000e+00  
  1   2  27   -7.201464e+00    0.000000e+00  
  1   2  28   -1.056160e+01    0.000000e+00  
  1   2  29   1.931181e+00    0.000000e+00  
  1   2  30   2.452801e+00    0.000000e+00  
  1   2  31   -2.626751e+00    0.000000e+00  
  1   2  32   -2.390341e+00    0.000000e+00  
  1   2  33   -2.837551e-01    0.000000e+00  
  1   2  34   7.040014e+00    0.000000e+00  
  1   2  35   3.653968e+00    0.000000e+00  
  1   2  36   3.293214e+00    0.000000e+00  
  1   2  37   -3.860997e+00    0.000000e+00  
  1   2  38   7.134649e+00    0.000000e+00  
  1   2  39   1.880662e-01    0.000000e+00  
  1   2  40   -4.139306e+00    0.000000e+00  
  1   2  41   -1.749440e+00    0.000000e+00  
  1   2  42   -4.617237e+00    0.000000e+00  
  1   2  43   1.397204e+00    0.000000e+00  
  1   2  44   -9.775446e+00    0.000000e+00  
  1   2  45   -2.401618e+00    0.000000e+00  
  1   2  46   1.817807e+00    0.000000e+00  
  1   2  47   5.528904e+00    0.000000e+00  
  1   2  48   -9.436885e+00    0.000000e+00  
  1   2  49   4.811563e+00    0.000000e+00  
  1   2  50   5.287607e+00    0.000000e+00  
  1   2  51   1.896924e-01    0.000000e+00  
  1   2  52   -1.652718e+00    0.000000e+00  
  1   2  53   3.864551e+00    0.000000e+00  
  1   2  54   -1.243060e+00    0.000000e+00  
  1   2  55   2.322273e+00    0.000000e+00  
  1   2  56   -6.362870e+00    0.000000e+00  
  1   2  57   -7.169959e+00    0.000000e+00  
  1   2  58   -6.904157e+00    0.000000e+00  
  1   2  59   3.765848e+00    0.000000e+00  
  1   2  60   3.782549e+00    0.000000e+00  
  1   2  61   -1.017167e+01    0.000000e+00  
  1   2  62   -3.294012e+00    0.000000e+00  
  1   3   1   2.844168e+00    0.000000e+00  
  1   3   2   -3.148510e+00    0.000000e+00  
  1   3   3   3.023630e+00    0.000000e+00  
  1   3   4   -2.611625e+00    0.000000e+00  
  1   3   5   -7.187561e+00    0.000000e+00  
  2   1   1   9.539207e+00    0.000000e+00  
  2   1   2   -1.234422e+00    0.000000e+00  
  2   1   3   3.056230e+00    0.000000e+00  
  2   1   4   3.322259e+00    0.000000e+00  
  2   1   5   6.488034e+00    0.000000e+00  
  2   1   6   -4.816055e+00    0.000000e+00  
  2   1   7   3.230577e+00    0.000000e+00  
  2   1   8   -7.414200e+00    0.000000e+00  
  2   1   9   6.984924e+00    0.000000e+00  
  2   1  10   5.457646e+00    0.000000e+00  
  2   1  11   -1.317699e+00    0.000000e+00  
  2   1  12   -8.743071e+00    0.000000e+00  
  2   1  13   0.000000e+00    0.000000e+00  
  2   1  14   2.621434e+00    0.000000e+00  
  2   1  15   -1.752513e+00    0.000000e+00  
  2   1  16   -9.713306e+00    0.000000e+00  
  2   1  17   -3.007518e+00    0.000000e+00  
  2   1  18   7.891694e+00    0.000000e+00  
  2   1  19   3.793109e-01    0.000000e+00  
  2   1  20   5.577485e+00    0.000000e+00  
  2   1  21   7.786042e+00    0.000000e+00  
  2   1  22   7.296787e-01    0.000000e+00  
  2   1  23   4.894304e+00    0.000000e+00  
  2   2   1   -3.750937e-01    0.000000e+00  
  2   2   2   2.652936e+00    0.000000e+00  
  2   2   3   -4.889120e+00    0.000000e+00  
  2   2   4   6.640052e+00    0.000000e+00  
  2   2   5   -2.608899e-01    0.000000e+00  
  2   2   6   5.447307e-01    0.000000e+00  
  2   2   7   2.263576e+00    0.000000e+00  
  2   2   8   6.950517e+00    0.000000e+00  
  2   2   9   7.188553e+00    0.000000e+00  
  2   2  10   -2.597496e-01    0.000000e+00  
  2   2  11   -9.135616e+00    0.000000e+00  
  2   2  12   -4.355099e+00    0.000000e+00  
  2   2  13   2.434234e+00    0.000000e+00  
  2   2  14   3.787993e+00    0.000000e+00  
  2   2  15   8.818466e+00    0.000000e+00  
  2   2  16   6.247830e+00    0.000000e+00  
  2   2  17   -1.266306e+00    0.000000e+00  
  2   2  18   7.851962e+00    0.000000e+00  
  2   2  19   6.846319e+00    0.000000e+00  
  2   2  20   -5.765656e+00    0.000000e+00  
  2   2  21   -9.916029e-01    0.000000e+00  
  2   2  22   8.442899e-01    0.000000e+00  
  2   2  23   2.595385e+00    0.000000e+00  
  2   2  24   6.277630e-01    0.000000e+00  
  2   2  25   -5.678814e+00    0.000000e+00  
  2   2  26   9.749387e+00    0.000000e+00  
  2   2  27   -2.266973e+00    0.000000e+00  
  2   2  28   6.322712e+00    0.000000e+00  
  2   2  29   -3.495565e+00    0.000000e+00  
  2   2  30   5.999211e+00    0.000000e+00  
  2   2  31   7.692032e+00    0.000000e+00  
  2   2  32   5.565413e+00    0.000000e+00  
  2   2  33   2.291344e+00    0.000000e+00  
  2   2  34   9.956409e+00    0.000000e+00  
  2   2  35   -7.922356e+00    0.000000e+00  
  2   2  36   8.332022e+00    0.000000e+00  
  2   2  37   2.215616e+00    0.000000e+00  
  2   2  38   1.838459e+00    0.000000e+00  
  2   2  39   9.546118e+00    0.000000e+00  
  2   2  40   8.458055e+00    0.000000e+00  
  2   2  41   -7.178585e+00    0.000000e+00  
  2   2  42   -6.927177e+00    0.000000e+00  
  2   2  43   -3.080705e+00    0.000000e+00  
  2   2  44   -3.691015e+00    0.000000e+00  
  2   2  45   5.038397e+00    0.000000e+00  
  2   2  46   -9.802148e+00    0.000000e+00  
  2   2  47   8.451073e+00    0.000000e+00  
  2   2  48   4.095831e+00    0.000000e+00  
  2   2  49   4.955147e+00    0.000000e+00  
  2   2  50   -1.042652e+01    0.000000e+00  
  2   2  51   -7.082448e+00    0.000000e+00  
  2   2  52   9.844590e+00    0.000000e+00  
  2   2  53   2.652448e-01    0.000000e+00  
  2   2  54   2.977961e+00    0.000000e+00  
  2   2  55   7.496213e+00    0.000000e+00  
  2   2  56   8.111442e+00    0.000000e+00  
  2   2  57   -5.570142e-01    0.000000e+00  
  2   2  58   7.794320e+00    0.000000e+00  
  2   2  59   -7.927363e+00    0.000000e+00  
  2   2  60   -2.497873e+00    0.000000e+00  
  2   2  61   -6.331229e+00    0.000000e+00  
  2   2  62   6.744016e+00    0.000000e+00  
  2   3   1   -4.541968e+00    0.000000e+00  
  2   3   2   -9.028471e+00    0.000000e+00  
  2   3   3   7.273570e+00    0.000000e+00  
  2   3   4   -6.696641e+00    0.000000e+00  
  2   3   5   6.539198e+00    0.000000e+00  
  3   1   1   -4.082777e+00    0.000000e+00  
  3   1   2   3.545563e+00    0.000000e+00  
  3   1   3   -1.936353e+00    0.000000e+00  
  3   1   4   -7.500251e+00    0.000000e+00  
  3   1   5   -1.713367e+00    0.000000e+00  
  3   1   6   -6.038301e+00    0.000000e+00  
  3   1   7   5.520866e+00    0.000000e+00  
  3   1   8   -5.591043e+00    0.000000e+00  
  3   1   9   -2.661647e+00    0.000000e+00  
  3   1  10   7.787601e+00    0.000000e+00  
  3   1  11   -3.284027e+00    0.000000e+00  
  3   1  12   9.761563e-01    0.000000e+00  
  3   1  13   -1.344310e+00    0.000000e+00  
  3   1  14   -7.060324e+00    0.000000e+00  
  3   1  15   -9.899355e+00    0.000000e+00  
  3   1  16   -3.440397e+00    0.000000e+00  
  3   1  17   5.497250e+00    0.000000e+00  
  3   1  18   -6.400248e+00    0.000000e+00  
  3   1  19   1.064720e+01    0.000000e+00  
  3   1  20   7.528394e+00    0.000000e+00  
  3   1  21   9.105665e+00    0.000000e+00  
  3   1  22   7.531980e+00    0.000000e+00  
  3   1  23   4.751187e-01    0.000000e+00  
  3   2   1   2.241469e-01    0.000000e+00  
  3   2   2   -8.792197e+00    0.000000e+00  
  3   2   3   -8.609294e-01    0.000000e+00  
  3   2   4   -2.221532e+00    0.000000e+00  
  3   2   5   1.591663e+00    0.000000e+00  
  3   2   6   -7.767030e+00    0.000000e+00  
  3   2   7   3.365898e+00    0.000000e+00  
  3   2   8   -3.816318e+00    0.000000e+00  
  3   2   9   -9.108055e+00    0.000000e+00  
  3   2  10   8.069678e+00    0.000000e+00  
  3   2  11   -1.211841e+00    0.000000e+00  
  3   2  12   -2.889611e+00    0.000000e+00  
  3   2  13   3.871348e+00    0.000000e+00  
  3   2  14   8.806515e+00    0.000000e+00  
  3   2  15   -7.199781e+00    0.000000e+00  
  3   2  16   5.695085e+00    0.000000e+00  
  3   2  17   -5.725205e+00    0.000000e+00  
  3   2  18   -8.609879e+00    0.000000e+00  
  3   2  19   -2.269970e+00    0.000000e+00  
  3   2  20   5.874775e+00    0.000000e+00  
  3   2  21   -3.599827e+00    0.000000e+00  
  3   2  22   -2.535138e+00    0.000000e+00  
  3   2  23   6.444891e+00    0.000000e+00  
  3   2  24   9.325899e+00    0.000000e+00  
  3   2  25   -2.177066e+00    0.000000e+00  
  3   2  26   7.623333e+00    0.000000e+00  
  3   2  27   -4.380606e+00    0.000000e+00  
  3   2  28   2.914741e+00    0.000000e+00  
  3   2  29   5.451541e+00    0.000000e+00  
  3   2  30   -1.562891e-01    0.000000e+00  
  3   2  31   -6.097008e+00    0.000000e+00  
  3   2  32   8.788837e+00    0.000000e+00  
  3   2  33   -3.871537e+00    0.000000e+00  
  3   2  34   8.947690e+00    0.000000e+00  
  3   2  35   -7.056840e+00    0.000000e+00  
  3   2  36   -7.700605e+00    0.000000e+00  
  3   2  37   1.213237e-01    0.000000e+00  
  3   2  38   8.313120e+00    0.000000e+00  
  3   2  39   1.570860e+00    0.000000e+00  
  3   2  40   -8.343804e+00    0.000000e+00  
  3   2  41   8.627226e+00    0.000000e+00  
  3   2  42   -2.737634e+00    0.000000e+00  
  3   2  43   1.273713e+00    0.000000e+00  
  3   2  44   3.619709e+00    0.000000e+00  
  3   2  45   -6.006902e+00    0.000000e+00  
  3   2  46   -6.947868e+00    0.000000e+00  
  3   2  47   -3.172380e+00    0.000000e+00  
  3   2  48   8.454943e+00    0.000000e+00  
  3   2  49   -1.973764e+00    0.000000e+00  
  3   2  50   4.454220e+00    0.000000e+00  
  3   2  51   -6.754069e+00    0.000000e+00  
  3   2  52   9.667990e+00    0.000000e+00  
  3   2  53   4.109496e+00    0.000000e+00  
  3   2  54   -3.749292e-01    0.000000e+00  
  3   2  55   9.458572e+00    0.000000e+00  
  3   2  56   -3.955989e+00    0.000000e+00  
  3   2  57   7.932950e+00    0.000000e+00  
  3   2  58   4.086894e+00    0.000000e+00  
  3   2  59   8.521285e+00    0.000000e+00  
  3   2  60   4.970258e+00    0.000000e+00  
  3   2  61   5.955691e+00    0.000000e+00  
  3   2  62   9.411129e+00    0.000000e+00  
  3   3   1   -4.371174e+00    0.000000e+00  
  3   3   2   -3.185182e+00    0.000000e+00  
  3   3   3   0.000000e+00    0.000000e+00  
  3   3   4   3.526731e+00    0.000000e+00  
  3   3   5   7.823591e+00    0.000000e+00  
  4   1   1   -5.396645e+00    0.000000e+00  
  4   1   2   -6.528515e+00    0.000000e+00  
  4   1   3   -8.134231e+00    0.000000e+00  
  4   1   4   1.445858e+00    0.000000e+00  
  4   1   5   8.915879e+00    0.000000e+00  
  4   1   6   -1.740622e+00    0.000000e+00  
  4   1   7   -9.894878e+00    0.000000e+00  
  4   1   8   2.039786e+00    0.000000e+00  
  4   1   9   -8.044748e+00    0.000000e+00  
  4   1  10   9.125696e+00    0.000000e+00  
  4   1  11   -7.889181e+00    0.000000e+00  
  4   1  12   -2.876237e+00    0.000000e+00  
  4   1  13   4.870754e+00    0.000000e+00  
  4   1  14   8.215842e+00    0.000000e+00  
  4   1  15   4.070248e+00    0.000000e+00  
  4   1  16   -4.268382e+00    0.000000e+00  
  4   1  17   -1.411427e+00    0.000000e+00  
  4   1  18   -2.950061e+00    0.000000e+00  
  4   1  19   3.776371e+00    0.000000e+00  
  4   1  20   8.227652e-01    0.000000e+00  
  4   1  21   -8.475371e+00    0.000000e+00  
  4   1  22   9.165811e+00    0.000000e+00  
  4   1  23   -4.465307e+00    0.000000e+00  
  4   2   1   2.976973e+00    0.000000e+00  
  4   2   2   -9.001138e+00    0.000000e+00  
  4   2   3   4.965425e+00    0.000000e+00  
  4   2   4   -1.991407e+00    0.000000e+00  
  4   2   5   8.672109e+00    0.000000e+00  
  4   2   6   4.141366e+00    0.000000e+00  
  4   2   7   -1.412245e+00    0.000000e+00  
  4   2   8   -5.599100e-01    0.000000e+00  
  4   2   9   8.352625e+00    0.000000e+00  
  4   2  10   -3.695611e+00    0.000000e+00  
  4   2  11   -9.730152e+00    0.000000e+00  
  4   2  12   3.241694e+00    0.000000e+00  
  4   2  13   -3.008383e+00    0.000000e+00  
  4   2  14   9.141621e+00    0.000000e+00  
  4   2  15   4.963798e+00    0.000000e+00  
  4   2  16   -6.062765e+00    0.000000e+00  
  4   2  17   1.237021e+00    0.000000e+00  
  4   2  18   8.105021e+00    0.000000e+00  
  4   2  19   3.181671e+00    0.000000e+00  
  4   2  20   -2.255466e+00    0.000000e+00  
  4   2  21   -9.318995e+00    0.000000e+00  
  4   2  22   -3.661332e+00    0.000000e+00  
  4   2  23   -5.853953e+00    0.000000e+00  
  4   2  24   5.987440e+00    0.000000e+00  
  4   2  25   7.170029e+00    0.000000e+00  
  4   2  26   -5.547732e+00    0.000000e+00  
  4   2  27   -3.610302e+00    0.000000e+00  
  4   2  28   -7.123703e+00    0.000000e+00  
  4   2  29   -1.317181e+00    0.000000e+00  
  4   2  30   -4.594751e+00    0.000000e+00  
  4   2  31   -6.038432e+00    0.000000e+00  
  4   2  32   0.000000e+00    0.000000e+00  
  4   2  33   -3.919847e-01    0.000000e+00  
  4   2  34   8.233826e+00    0.000000e+00  
  4   2  35   1.971237e+00    0.000000e+00  
  4   2  36   -3.214112e+00    0.000000e+00  
  4   2  37   -7.330311e-01    0.000000e+00  
  4   2  38   -4.684347e+00    0.000000e+00  
  4   2  39   -9.252769e+00    0.000000e+00  
  4   2  40   7.794099e+00    0.000000e+00  
  4   2  41   6.367225e+00    0.000000e+00  
  4   2  42   -8.981595e-01    0.000000e+00  
  4   2  43   8.960239e+00    0.000000e+00  
  4   2  44   -4.421138e+00    0.000000e+00  
  4   2  45   -8.237750e+00    0.000000e+00  
  4   2  46   -4.211886e+00    0.000000e+00  
  4   2  47   -4.896748e+00    0.000000e+00  
  4   2  48   -2.813760e+00    0.000000e+00  
  4   2  49   -9.232250e+00    0.000000e+00  
  4   2  50   -9.506907e-01    0.000000e+00  
  4   2  51   2.331005e+00    0.000000e+00  
  4   2  52   -8.495284e+00    0.000000e+00  
  4   2  53   -3.599819e+00    0.000000e+00  
  4   2  54   9.247102e+00    0.000000e+00  
  4   2  55   -1.024115e+01    0.000000e+00  
  4   2  56   8.263626e+00    0.000000e+00  
  4   2  57   6.619011e+00    0.000000e+00  
  4   2  58   -2.134632e+00    0.000000e+00  
  4   2  59   -5.011656e+00    0.000000e+00  
  4   2  60   2.086435e+00    0.000000e+00  
  4   2  61   6.556239e+00    0.000000e+00  
  4   2  62   9.025504e+00    0.000000e+00  
  4   3   1   -4.121385e+00    0.000000e+00  
  4   3   2   -6.365943e+00    0.000000e+00  
  4   3   3   -6.334232e+00    0.000000e+00  
  4   3   4   8.136249e+00    0.000000e+00  
  4   3   5   -1.009601e+01    0.000000e+00  
  5   1   1   1.306969e+00    0.000000e+00  
  5   1   2   2.228403e+00    0.000000e+00  
  5   1   3   7.330999e+00    0.000000e+00  
  5   1   4   1.222000e+00    0.000000e+00  
  5   1   5   -1.119800e+00    0.000000e+00  
  5   1   6   -1.417774e+00    0.000000e+00  
  5   1   7   -4.930890e+00    0.000000e+00  
  5   1   8   5.694125e+00    0.000000e+00  
  5   1   9   -7.819205e+00    0.000000e+00  
  5   1  10   5.510028e+00    0.000000e+00  
  5   1  11   5.033382e+00    0.000000e+00  
  5   1  12   -5.524158e+00    0.000000e+00  
  5   1  13   -8.136954e+00    0.000000e+00  
  5   1  14   9.754154e-01    0.000000e+00  
  5   1  15   -7.803835e+00    0.000000e+00  
  5   1  16   6.595319e+00    0.000000e+00  
  5   1  17   1.057846e+01    0.000000e+00  
  5   1  18   -2.124007e+00    0.000000e+00  
  5   1  19   5.854979e+00    0.000000e+00  
  5   1  20   -1.269246e+00    0.000000e+00  
  5   1  21   4.700130e+00    0.000000e+00  
  5   1  22   -7.040268e+00    0.000000e+00  
  5   1  23   6.588476e+00    0.000000e+00  
  5   2   1   3.346771e+00    0.000000e+00  
  5   2   2   -5.048814e+00    0.000000e+00  
  5   2   3   8.142525e+00    0.000000e+00  
  5   2   4   -3.358021e+00    0.000000e+00  
  5   2   5   -1.262065e+00    0.000000e+00  
  5   2   6   7.482120e+00    0.000000e+00  
  5   2   7   -8.591357e+00    0.000000e+00  
  5   2   8   -8.809955e+00    0.000000e+00  
  5   2   9   -8.658336e+00    0.000000e+00  
  5   2  10   -6.966795e+00    0.000000e+00  
  5   2  11   -8.163086e+00    0.000000e+00  
  5   2  12   3.667956e+00    0.000000e+00  
  5   2  13   -4.841311e-01    0.000000e+00  
  5   2  14   3.300825e+00    0.000000e+00  
  5   2  15   -8.580749e+00    0.000000e+00  
  5   2  16   2.275694e+00    0.000000e+00  
  5   2  17   -3.521068e+00    0.000000e+00  
  5   2  18   9.269643e+00    0.000000e+00  
  5   2  19   -8.403279e+00    0.000000e+00  
  5   2  20   6.358928e+00    0.000000e+00  
  5   2  21   -5.820362e+00    0.000000e+00  
  5   2  22   -1.747598e+00    0.000000e+00  
  5   2  23   -8.894307e+00    0.000000e+00  
  5   2  24   2.496159e+00    0.000000e+00  
  5   2  25   6.156997e+00    0.000000e+00  
  5   2  26   3.435983e+00    0.000000e+00  
  5   2  27   -2.092564e+00    0.000000e+00  
  5   2  28   5.327072e+00    0.000000e+00  
  5   2  29   7.018087e+00    0.000000e+00  
  5   2  30   3.317957e+00    0.000000e+00  
  5   2  31   5.079249e+00    0.000000e+00  
  5   2  32   5.622655e+00    0.000000e+00  
  5   2  33   -3.470125e+00    0.000000e+00  
  5   2  34   -2.347116e+00    0.000000e+00  
  5   2  35   -9.963770e+00    0.000000e+00  
  5   2  36   1.023422e+01    0.000000e+00  
  5   2  37   6.063203e+00    0.000000e+00  
  5   2  38   -3.865205e+00    0.000000e+00  
  5   2  39   6.101525e+00    0.000000e+00  
  5   2  40   -3.477536e+00    0.000000e+00  
  5   2  41   -4.284966e+00    0.000000e+00  
  5   2  42   1.576812e+00    0.000000e+00  
  5   2  43   2.279443e+00    0.000000e+00  
  5   2  44   6.004278e+00    0.000000e+00  
  5   2  45   -1.471604e+00    0.000000e+00  
  5   2  46   -7.470561e+00    0.000000e+00  
  5   2  47   -4.117100e-01    0.000000e+00  
  5   2  48   3.349075e+00    0.000000e+00  
  5   2  49   0.000000e+00    0.000000e+00  
  5   2  50   -3.277983e+00    0.000000e+00  
  5   2  51   -2.467431e+00    0.000000e+00  
  5   2  52   -6.688579e+00    0.000000e+00  
  5   2  53   7.646103e+00    0.000000e+00  
  5   2  54   -3.183157e+00    0.000000e+00  
  5   2  55   6.749461e+00    0.000000e+00  
  5   2  56   4.199871e+00    0.000000e+00  
  5   2  57   -2.094198e+00    0.000000e+00  
  5   2  58   9.482633e+00    0.000000e+00  
  5   2  59   -2.067775e+00    0.000000e+00  
  5   2  60   -8.162541e+00    0.000000e+00  
  5   2  61   -2.273679e+00    0.000000e+00  
  5   2  62   2.268821e+00    0.000000e+00  
  5   3   1   -1.552236e+00    0.000000e+00  
  5   3   2   8.372213e+00    0.000000e+00  
  5   3   3   1.915155e+00    0.000000e+00  
  5   3   4   -4.675086e+00    0.000000e+00  
  5   3   5   -5.587531e+00    0.000000e+00  
  6   1   1   -9.381327e+00    0.000000e+00  
  6   1   2   -6.711298e+00    0.000000e+00  
  6   1   3   7.072484e+00    0.000000e+00  
  6   1   4   -4.958427e+00    0.000000e+00  
  6   1   5   -9.462808e-01    0.000000e+00  
  6   1   6   -6.302269e+00    0.000000e+00  
  6   1   7   -4.048347e+00    0.000000e+00  
  6   1   8   -2.820402e+00    0.000000e+00  
  6   1   9   -1.646764e+00    0.000000e+00  
  6   1  10   -9.674347e+00    0.000000e+00  
  6   1  11   9.425145e+00    0.000000e+00  
  6   1  12   7.613682e+00    0.000000e+00  
  6   1  13   -1.815366e+00    0.000000e+00  
  6   1  14   4.970391e+00    0.000000e+00  
  6   1  15   6.798480e+00    0.000000e+00  
  6   1  16   4.216111e+00    0.000000e+00  
  6   1  17   -9.924525e+00    0.000000e+00  
  6   1  18   -8.523864e+00    0.000000e+00  
  6   1  19   6.150406e+00    0.000000e+00  
  6   1  20   5.898627e+00    0.000000e+00  
  6   1  21   -2.162332e+00    0.000000e+00  
  6   1  22   -6.212910e+00    0.000000e+00  
  6   1  23   -9.871558e+00    0.000000e+00  
  6   2   1   -9.830341e+00    0.000000e+00  
  6   2   2   5.911662e+00    0.000000e+00  
  6   2   3   1.333190e+00    0.000000e+00  
  6   2   4   -1.701791e+00    0.000000e+00  
  6   2   5   9.143067e+00    0.000000e+00  
  6   2   6   6.157094e+00    0.000000e+00  
  6   2   7   4.976104e+00    0.000000e+00  
  6   2   8   2.907289e+00    0.000000e+00  
  6   2   9   -2.234805e+00    0.000000e+00  
  6   2  10   -7.381240e+00    0.000000e+00  
  6   2  11   8.116467e+00    0.000000e+00  
  6   2  12   8.952742e+00    0.000000e+00  
  6   2  13   -3.628801e+00    0.000000e+00  
  6   2  14   9.127006e+00    0.000000e+00  
  6   2  15   6.403571e+00    0.000000e+00  
  6   2  16   -6.068977e+00    0.000000e+00  
  6   2  17   -1.516950e+00    0.000000e+00  
  6   2  18   9.883011e+00    0.000000e+00  
  6   2  19   1.013911e+00    0.000000e+00  
  6   2  20   7.345105e+00    0.000000e+00  
  6   2  21   7.960888e+00    0.000000e+00  
  6   2  22   6.636532e+00    0.000000e+00  
  6   2  23   9.311543e+00    0.000000e+00  
  6   2  24   -9.059167e+00    0.000000e+00  
  6   2  25   6.501180e+00    0.000000e+00  
  6   2  26   -5.473848e+00    0.000000e+00  
  6   2  27   -9.463565e+00    0.000000e+00  
  6   2  28   -6.435972e+00    0.000000e+00  
  6   2  29   -2.258841e+00    0.000000e+00  
  6   2  30   -2.675487e+00    0.000000e+00  
  6   2  31   -8.836740e+00    0.000000e+00  
  6   2  32   6.220459e+00    0.000000e+00  
  6   2  33   9.880364e+00    0.000000e+00  
  6   2  34   -2.952681e+00    0.000000e+00  
  6   2  35   -5.309555e+00    0.000000e+00  
  6   2  36   5.490598e+00    0.000000e+00  
  6   2  37   -5.783612e+00    0.000000e+00  
  6   2  38   -4.802652e+00    0.000000e+00  
  6   2  39   -2.229086e+00    0.000000e+00  
  6   2  40   8.309544e+00    0.000000e+00  
  6   2  41   7.166446e+00    0.000000e+00  
  6   2  42   -2.247602e+00    0.000000e+00  
  6   2  43   1.171509e+00    0.000000e+00  
  6   2  44   -1.560491e+00    0.000000e+00  
  6   2  45   -4.975618e+00    0.000000e+00  
  6   2  46   -2.512485e+00    0.000000e+00  
  6   2  47   -1.059589e+00    0.000000e+00  
  6   2  48   5.807202e+00    0.000000e+00  
  6   2  49   -1.156397e+00    0.000000e+00  
  6   2  50   1.088873e+01    0.000000e+00  
  6   2  51   -5.841996e+00    0.000000e+00  
  6   2  52   -7.050866e+00    0.000000e+00  
  6   2  53   9.092334e+00    0.000000e+00  
  6   2  54   7.717062e-02    0.000000e+00  
  6   2  55   4.594154e+00    0.000000e+00  
  6   2  56   -7.319604e+00    0.000000e+00  
  6   2  57   -2.819200e+00    0.000000e+00  
  6   2  58   2.956575e+00    0.000000e+00  
  6   2  59   -6.512292e+00    0.000000e+00  
  6   2  60   -2.670667e-01    0.000000e+00  
  6   2  61   -4.203973e+00    0.000000e+00  
  6   2  62   -3.731127e+00    0.000000e+00  
  6   3   1   -1.889782e+00    0.000000e+00  
  6   3   2   -5.899682e+00    0.000000e+00  
  6   3   3   -4.241819e+00    0.000000e+00  
  6   3   4   -6.316242e+00    0.000000e+00  
  6   3   5   -6.885918e+00    0.000000e+00  
