  1   1   1   6.834925e+01    5.999931e-01    0.000000e+00    9.054834e+00    4.000000e-01    0.000000e+00  
  1   1   2   2.837857e+01    5.298654e-01    0.000000e+00    1.841881e+01    4.000011e-01    0.000000e+00  
  1   1   3   3.799966e+01    5.068021e-01    0.000000e+00    1.107272e+01    4.000000e-01    0.000000e+00  
  1   1   4   3.273988e+01    5.210584e-01    0.000000e+00    8.076236e+00    4.000006e-01    0.000000e+00  
  1   1   5   3.938253e+01    5.021688e-01    0.000000e+00    3.651862e+01    5.114656e-01    0.000000e+00  
  1   1   6   2.044717e+01    4.000053e-01    0.000000e+00    9.002118e+00    4.000001e-01    0.000000e+00  
  1   1   7   1.663443e+01    4.000001e-01    0.000000e+00    2.705850e+01    5.320989e-01    0.000000e+00  
  1   1   8   1.654945e+01    4.000003e-01    0.000000e+00    5.853792e+01    5.999996e-01    0.000000e+00  
  1   1   9   1.796884e+01    4.000093e-01    0.000000e+00    1.731604e+01    4.000061e-01    0.000000e+00  
  1   1  10   3.472658e+01    5.162650e-01    0.000000e+00    1.381008e+01    4.000246e-01    0.000000e+00  
  1   1  11   3.313780e+01    5.200606e-01    0.000000e+00    3.467112e+01    5.163024e-01    0.000000e+00  
  1   1  12   1.716959e+01    4.000014e-01    0.000000e+00    2.774900e+01    5.309441e-01    0.000000e+00  
  1   1  13   3.603542e+01    5.126216e-01    0.000000e+00    1.642114e+01    4.000030e-01    0.000000e+00  
  1   1  14   1.619811e+01    4.000008e-01    0.000000e+00    1.552330e+01    4.000001e-01    0.000000e+00  
  1   1  15   3.539023e+01    5.143986e-01    0.000000e+00    1.310664e+01    4.000000e-01    0.000000e+00  
  1   1  16   2.982462e+01    5.271335e-01    0.000000e+00    1.598281e+01    4.000033e-01    0.000000e+00  
  1   1  17   1.687049e+01    4.000166e-01    0.000000e+00    1.470766e+01    4.000070e-01    0.000000e+00  
  1   1  18   1.681672e+01    4.001260e-01    0.000000e+00    1.354390e+01    4.000003e-01    0.000000e+00  
  1   1  19   1.408576e+01    4.000019e-01    0.000000e+00    1.432464e+01    4.000122e-01    0.000000e+00  
  1   1  20   1.385688e+01    4.000003e-01    0.000000e+00    1.580386e+01    4.000003e-01    0.000000e+00  
  1   1  21   1.437091e+01    4.000089e-01    0.000000e+00    3.031673e+01    5.261700e-01    0.000000e+00  
  1   1  22   1.467643e+01    4.000074e-01    0.000000e+00    1.438535e+01    4.000004e-01    0.000000e+00  
  1   1  23   1.435782e+01    4.000019e-01    0.000000e+00    1.432583e+01    4.000007e-01    0.000000e+00  
  1   2   1   3.091301e+01    4.000002e-01    0.000000e+00    4.423776e+01    4.793352e-01    0.000000e+00  
  1   2   2   3.728214e+01    5.080286e-01    0.000000e+00    3.094305e+01    4.000002e-01    0.000000e+00  
  1   2   3   3.962466e+01    5.012251e-01    0.000000e+00    3.090692e+01    5.220870e-01    0.000000e+00  
  1   2   4   3.188215e+01    5.202695e-01    0.000000e+00    4.005264e+01    4.998323e-01    0.000000e+00  
  1   2   5   3.427926e+01    5.152848e-01    0.000000e+00    1.716315e+01    4.000045e-01    0.000000e+00  
  1   2   6   2.483472e+01    4.000026e-01    0.000000e+00    3.535117e+01    5.127363e-01    0.000000e+00  
  1   2   7   4.167650e+01    4.938880e-01    0.000000e+00    1.311228e+02    5.998905e-01    0.000000e+00  
  1   2   8   3.452210e+01    5.147965e-01    0.000000e+00    1.765133e+01    4.000000e-01    0.000000e+00  
  1   2   9   1.244074e+01    4.000006e-01    0.000000e+00    3.874132e+01    5.037739e-01    0.000000e+00  
  1   2  10   1.895010e+01    4.000030e-01    0.000000e+00    3.955341e+01    5.014658e-01    0.000000e+00  
  1   2  11   3.919727e+01    6.000000e-01    0.000000e+00    4.348330e+01    4.849820e-01    0.000000e+00  
  1   2  12   3.368948e+01    5.165886e-01    0.000000e+00    3.474167e+01    5.141885e-01    0.000000e+00  
  1   2  13   7.060000e+01    5.028997e-01    0.000000e+00    3.787025e+01    5.064957e-01    0.000000e+00  
  1   2  14   3.967530e+01    5.010435e-01    0.000000e+00    4.391732e+01    4.817853e-01    0.000000e+00  
  1   2  15   1.854604e+01    4.000743e-01    0.000000e+00    1.811463e+01    4.001049e-01    0.000000e+00  
  1   2  16   4.246659e+01    4.905322e-01    0.000000e+00    4.458921e+01    4.752940e-01    0.000000e+00  
  1   2  17   9.198145e+00    4.000064e-01    0.000000e+00    3.113689e+01    5.216635e-01    0.000000e+00  
  1   2  18   4.257680e+01    4.898718e-01    0.000000e+00    1.769580e+01    4.000000e-01    0.000000e+00  
  1   2  19   3.886672e+01    5.035401e-01    0.000000e+00    7.956589e+01    5.999892e-01    0.000000e+00  
  1   2  20   3.736333e+01    5.076784e-01    0.000000e+00    4.180969e+01    4.933370e-01    0.000000e+00  
  1   2  21   2.323901e+01    4.000023e-01    0.000000e+00    2.021484e+01    4.000017e-01    0.000000e+00  
  1   2  22   4.448915e+01    4.766732e-01    0.000000e+00    4.125433e+01    4.955722e-01    0.000000e+00  
  1   2  23   4.244348e+01    4.904871e-01    0.000000e+00    3.965312e+01    5.011310e-01    0.000000e+00  
  1   2  24   1.852818e+01    4.000322e-01    0.000000e+00    4.470502e+01    4.736829e-01    0.000000e+00  
  1   2  25   2.412465e+01    4.000008e-01    0.000000e+00    2.476685e+01    4.103778e-01    0.000000e+00  
  1   2  26   4.392784e+01    4.817077e-01    0.000000e+00    1.636188e+01    4.000257e-01    0.000000e+00  
  1   2  27   2.495665e+01    4.000081e-01    0.000000e+00    3.758533e+01    5.072404e-01    0.000000e+00  
  1   2  28   1.630087e+01    4.000000e-01    0.000000e+00    4.393217e+01    4.817739e-01    0.000000e+00  
  1   2  29   4.080107e+01    4.972602e-01    0.000000e+00    3.502666e+01    5.136235e-01    0.000000e+00  
  1   2  30   3.437937e+01    5.149911e-01    0.000000e+00    1.315928e+01    4.000010e-01    0.000000e+00  
  1   2  31   1.833261e+01    4.000057e-01    0.000000e+00    1.493565e+01    4.000003e-01    0.000000e+00  
  1   2  32   1.454222e+01    4.000005e-01    0.000000e+00    2.627711e+01    4.000095e-01    0.000000e+00  
  1   2  33   2.375204e+01    4.000083e-01    0.000000e+00    3.619093e+01    5.108193e-01    0.000000e+00  
  1   2  34   2.065006e+01    4.000002e-01    0.000000e+00    1.981696e+01    4.000006e-01    0.000000e+00  
  1   2  35   4.393186e+01    4.817409e-01    0.000000e+00    2.560704e+01    4.000063e-01    0.000000e+00  
  1   2  36   2.655582e+01    4.000568e-01    0.000000e+00    1.597048e+01    4.000001e-01    0.000000e+00  
  1   2  37   4.455604e+01    4.758293e-01    0.000000e+00    3.859806e+01    5.043148e-01    0.000000e+00  
  1   2  38   2.518004e+01    4.000002e-01    0.000000e+00    2.585455e+01    4.000007e-01    0.000000e+00  
  1   2  39   1.901069e+01    4.000084e-01    0.000000e+00    2.585918e+01    4.000086e-01    0.000000e+00  
  1   2  40   1.843579e+01    4.000039e-01    0.000000e+00    1.691936e+01    4.000009e-01    0.000000e+00  
  1   2  41   1.823428e+01    4.000002e-01    0.000000e+00    1.638509e+01    4.000015e-01    0.000000e+00  
  1   2  42   4.183319e+01    4.932000e-01    0.000000e+00    1.979865e+01    4.000001e-01    0.000000e+00  
  1   2  43   4.100279e+01    4.963894e-01    0.000000e+00    1.672820e+01    4.000016e-01    0.000000e+00  
  1   2  44   2.555669e+01    4.000012e-01    0.000000e+00    4.371383e+01    4.834215e-01    0.000000e+00  
  1   2  45   2.131970e+01    4.000195e-01    0.000000e+00    1.773072e+01    4.000019e-01    0.000000e+00  
  1   2  46   1.659066e+01    4.000012e-01    0.000000e+00    2.534369e+01    4.000493e-01    0.000000e+00  
  1   2  47   3.986633e+01    5.004088e-01    0.000000e+00    3.839385e+01    5.049112e-01    0.000000e+00  
  1   2  48   4.057899e+01    4.979922e-01    0.000000e+00    2.494283e+01    4.001075e-01    0.000000e+00  
  1   2  49   2.230645e+01    4.000187e-01    0.000000e+00    1.876292e+01    4.000004e-01    0.000000e+00  
  1   2  50   1.659105e+01    4.000047e-01    0.000000e+00    4.136868e+01    4.950028e-01    0.000000e+00  
  1   2  51   1.618311e+01    4.000023e-01    0.000000e+00    1.779006e+01    4.000000e-01    0.000000e+00  
  1   2  52   1.555702e+01    4.000022e-01    0.000000e+00    4.166680e+01    4.938773e-01    0.000000e+00  
  1   2  53   2.668291e+01    4.003986e-01    0.000000e+00    4.094097e+01    4.966168e-01    0.000000e+00  
  1   2  54   2.366028e+01    4.000002e-01    0.000000e+00    1.786499e+01    4.000005e-01    0.000000e+00  
  1   2  55   2.000812e+01    4.000123e-01    0.000000e+00    1.663894e+01    4.000003e-01    0.000000e+00  
  1   2  56   1.590467e+01    4.000000e-01    0.000000e+00    2.225314e+01    4.000107e-01    0.000000e+00  
  1   2  57   4.478437e+01    4.724051e-01    0.000000e+00    1.891724e+01    4.000003e-01    0.000000e+00  
  1   2  58   4.192803e+01    4.926843e-01    0.000000e+00    1.800639e+01    4.000020e-01    0.000000e+00  
  1   2  59   4.445488e+01    4.770507e-01    0.000000e+00    1.775847e+01    4.000001e-01    0.000000e+00  
  1   2  60   1.929228e+01    4.000156e-01    0.000000e+00    2.187358e+01    4.000010e-01    0.000000e+00  
  1   2  61   4.163033e+01    4.939670e-01    0.000000e+00    2.041119e+01    4.000001e-01    0.000000e+00  
  1   2  62   1.875907e+01    4.000040e-01    0.000000e+00    1.867584e+01    4.000053e-01    0.000000e+00  
  1   3   1   3.345292e+01    5.193564e-01    0.000000e+00    1.543216e+01    4.000030e-01    0.000000e+00  
  1   3   2   3.171437e+01    5.232773e-01    0.000000e+00    1.566542e+01    4.000002e-01    0.000000e+00  
  1   3   3   3.349440e+01    5.192312e-01    0.000000e+00    1.599350e+01    4.000144e-01    0.000000e+00  
  1   3   4   1.253290e+01    4.000021e-01    0.000000e+00    3.419238e+01    5.175025e-01    0.000000e+00  
  1   3   5   3.577060e+01    5.133354e-01    0.000000e+00    1.560564e+01    4.001606e-01    0.000000e+00  
  2   1   1   3.483550e+01    5.160129e-01    0.000000e+00    6.795881e+01    5.999661e-01    0.000000e+00  
  2   1   2   6.085648e+01    5.999979e-01    0.000000e+00    3.304970e+01    5.202489e-01    0.000000e+00  
  2   1   3   3.997973e+01    5.999998e-01    0.000000e+00    3.734398e+01    5.999986e-01    0.000000e+00  
  2   1   4   4.672042e+01    5.999933e-01    0.000000e+00    3.119944e+01    5.244336e-01    0.000000e+00  
  2   1   5   2.793152e+01    5.306332e-01    0.000000e+00    2.643999e+01    5.330084e-01    0.000000e+00  
  2   1   6   5.255568e+01    5.796632e-01    0.000000e+00    3.480861e+01    5.159893e-01    0.000000e+00  
  2   1   7   1.994935e+01    4.000011e-01    0.000000e+00    1.860900e+01    4.000000e-01    0.000000e+00  
  2   1   8   3.478087e+01    5.159825e-01    0.000000e+00    3.629182e+01    5.121072e-01    0.000000e+00  
  2   1   9   3.312383e+01    5.201249e-01    0.000000e+00    3.263351e+01    5.213710e-01    0.000000e+00  
  2   1  10   1.766074e+01    4.000011e-01    0.000000e+00    1.782292e+01    4.000042e-01    0.000000e+00  
  2   1  11   1.152957e+01    4.000000e-01    0.000000e+00    3.233025e+01    5.219608e-01    0.000000e+00  
  2   1  12   3.529556e+01    5.146748e-01    0.000000e+00    1.321544e+01    4.000003e-01    0.000000e+00  
  2   1  13   1.769905e+01    4.000138e-01    0.000000e+00    3.582388e+01    5.132108e-01    0.000000e+00  
  2   1  14   3.494436e+01    5.155779e-01    0.000000e+00    1.444548e+01    4.000003e-01    0.000000e+00  
  2   1  15   1.177050e+01    4.000007e-01    0.000000e+00    3.145480e+01    5.239141e-01    0.000000e+00  
  2   1  16   3.542892e+01    5.142688e-01    0.000000e+00    1.755803e+01    4.151413e-01    0.000000e+00  
  2   1  17   1.561718e+01    4.000003e-01    0.000000e+00    3.341172e+01    5.194536e-01    0.000000e+00  
  2   1  18   3.406949e+01    5.177807e-01    0.000000e+00    3.279429e+01    5.208609e-01    0.000000e+00  
  2   1  19   3.509553e+01    5.151720e-01    0.000000e+00    3.452491e+01    5.166677e-01    0.000000e+00  
  2   1  20   1.362727e+01    4.000300e-01    0.000000e+00    1.526578e+01    4.000007e-01    0.000000e+00  
  2   1  21   1.613529e+01    4.000032e-01    0.000000e+00    1.284223e+01    4.000018e-01    0.000000e+00  
  2   1  22   3.303710e+01    5.203403e-01    0.000000e+00    3.234040e+01    5.218911e-01    0.000000e+00  
  2   1  23   3.233229e+01    5.219014e-01    0.000000e+00    3.289456e+01    5.206123e-01    0.000000e+00  
  2   2   1   4.548329e+01    4.520033e-01    0.000000e+00    4.540045e+01    4.502455e-01    0.000000e+00  
  2   2   2   4.421512e+01    4.794228e-01    0.000000e+00    3.158119e+01    5.208473e-01    0.000000e+00  
  2   2   3   3.529019e+01    5.130314e-01    0.000000e+00    4.502684e+01    4.675223e-01    0.000000e+00  
  2   2   4   3.092425e+01    4.000006e-01    0.000000e+00    4.509990e+01    4.666467e-01    0.000000e+00  
  2   2   5   3.169892e+01    4.000015e-01    0.000000e+00    4.091746e+01    4.968258e-01    0.000000e+00  
  2   2   6   3.893599e+01    5.033291e-01    0.000000e+00    3.123983e+01    4.000000e-01    0.000000e+00  
  2   2   7   2.939876e+01    4.000005e-01    0.000000e+00    1.151605e+01    4.000006e-01    0.000000e+00  
  2   2   8   4.524576e+01    4.638248e-01    0.000000e+00    1.782353e+01    4.000173e-01    0.000000e+00  
  2   2   9   4.387864e+01    5.999978e-01    0.000000e+00    3.391502e+01    5.161182e-01    0.000000e+00  
  2   2  10   4.173495e+01    4.936513e-01    0.000000e+00    4.257961e+01    4.899195e-01    0.000000e+00  
  2   2  11   2.665005e+01    4.000020e-01    0.000000e+00    1.273564e+01    4.000001e-01    0.000000e+00  
  2   2  12   4.450621e+01    4.763899e-01    0.000000e+00    2.922905e+01    5.250125e-01    0.000000e+00  
  2   2  13   3.041165e+01    4.000000e-01    0.000000e+00    3.399984e+01    5.159139e-01    0.000000e+00  
  2   2  14   4.472252e+01    4.734902e-01    0.000000e+00    3.690024e+01    5.089757e-01    0.000000e+00  
  2   2  15   2.532052e+01    4.000000e-01    0.000000e+00    2.040813e+01    4.000000e-01    0.000000e+00  
  2   2  16   2.571763e+01    4.000243e-01    0.000000e+00    4.235148e+01    4.909232e-01    0.000000e+00  
  2   2  17   4.036567e+01    4.987630e-01    0.000000e+00    2.962579e+01    4.000562e-01    0.000000e+00  
  2   2  18   3.394633e+01    5.159679e-01    0.000000e+00    9.416666e+00    4.000015e-01    0.000000e+00  
  2   2  19   4.515109e+01    4.641432e-01    0.000000e+00    3.634598e+01    5.103714e-01    0.000000e+00  
  2   2  20   3.532407e+01    5.128996e-01    0.000000e+00    3.636534e+01    5.103456e-01    0.000000e+00  
  2   2  21   4.451333e+01    4.762854e-01    0.000000e+00    4.366250e+01    4.836685e-01    0.000000e+00  
  2   2  22   4.176499e+01    4.934880e-01    0.000000e+00    1.832131e+01    4.002974e-01    0.000000e+00  
  2   2  23   2.175427e+01    4.000005e-01    0.000000e+00    2.778203e+01    4.000075e-01    0.000000e+00  
  2   2  24   2.273708e+01    4.000051e-01    0.000000e+00    1.308682e+01    4.000015e-01    0.000000e+00  
  2   2  25   3.881577e+01    5.036208e-01    0.000000e+00    1.971862e+01    4.000031e-01    0.000000e+00  
  2   2  26   2.545288e+01    4.000025e-01    0.000000e+00    4.103050e+01    4.964758e-01    0.000000e+00  
  2   2  27   4.341205e+01    4.852504e-01    0.000000e+00    2.555134e+01    4.000002e-01    0.000000e+00  
  2   2  28   8.272643e+01    5.999918e-01    0.000000e+00    4.472279e+01    4.735851e-01    0.000000e+00  
  2   2  29   4.211374e+01    4.919524e-01    0.000000e+00    2.186564e+01    4.001042e-01    0.000000e+00  
  2   2  30   3.832272e+01    5.051053e-01    0.000000e+00    2.695762e+01    4.000036e-01    0.000000e+00  
  2   2  31   2.702554e+01    4.000074e-01    0.000000e+00    2.759431e+01    4.000052e-01    0.000000e+00  
  2   2  32   2.429764e+01    4.000082e-01    0.000000e+00    3.517465e+01    5.132835e-01    0.000000e+00  
  2   2  33   1.513296e+01    4.000001e-01    0.000000e+00    2.149262e+01    4.000167e-01    0.000000e+00  
  2   2  34   1.795237e+01    4.000000e-01    0.000000e+00    4.123109e+01    4.956218e-01    0.000000e+00  
  2   2  35   2.074275e+01    4.000266e-01    0.000000e+00    3.764379e+01    5.069968e-01    0.000000e+00  
  2   2  36   2.101237e+01    4.000006e-01    0.000000e+00    2.444566e+01    4.000244e-01    0.000000e+00  
  2   2  37   3.747264e+01    5.074879e-01    0.000000e+00    3.481737e+01    5.139922e-01    0.000000e+00  
  2   2  38   3.924581e+01    5.022796e-01    0.000000e+00    1.637899e+01    4.000035e-01    0.000000e+00  
  2   2  39   1.578190e+01    4.000003e-01    0.000000e+00    3.734494e+01    5.077474e-01    0.000000e+00  
  2   2  40   2.098842e+01    4.000033e-01    0.000000e+00    1.923012e+01    4.000004e-01    0.000000e+00  
  2   2  41   4.288721e+01    4.882022e-01    0.000000e+00    2.358372e+01    4.001422e-01    0.000000e+00  
  2   2  42   4.195978e+01    4.926028e-01    0.000000e+00    3.752686e+01    5.072416e-01    0.000000e+00  
  2   2  43   1.571130e+01    4.000041e-01    0.000000e+00    4.404306e+01    4.808746e-01    0.000000e+00  
  2   2  44   1.478175e+01    4.000080e-01    0.000000e+00    1.572654e+01    4.000068e-01    0.000000e+00  
  2   2  45   1.902125e+01    4.000190e-01    0.000000e+00    1.834655e+01    4.000000e-01    0.000000e+00  
  2   2  46   4.507589e+01    4.660952e-01    0.000000e+00    3.444871e+01    4.507137e-01    0.000000e+00  
  2   2  47   3.697285e+01    5.088798e-01    0.000000e+00    2.033382e+01    4.000051e-01    0.000000e+00  
  2   2  48   1.799902e+01    4.000097e-01    0.000000e+00    4.471060e+01    4.734949e-01    0.000000e+00  
  2   2  49   2.515661e+01    4.002922e-01    0.000000e+00    1.867806e+01    4.000005e-01    0.000000e+00  
  2   2  50   3.926407e+01    5.022867e-01    0.000000e+00    4.395466e+01    4.815828e-01    0.000000e+00  
  2   2  51   1.880887e+01    4.000028e-01    0.000000e+00    2.020360e+01    4.000018e-01    0.000000e+00  
  2   2  52   2.029452e+01    4.000128e-01    0.000000e+00    3.807865e+01    5.057639e-01    0.000000e+00  
  2   2  53   1.716998e+01    4.000087e-01    0.000000e+00    2.342081e+01    4.000009e-01    0.000000e+00  
  2   2  54   1.584005e+01    4.000003e-01    0.000000e+00    1.702129e+01    4.000000e-01    0.000000e+00  
  2   2  55   1.648134e+01    4.000008e-01    0.000000e+00    4.104056e+01    4.962285e-01    0.000000e+00  
  2   2  56   2.175137e+01    4.000000e-01    0.000000e+00    2.226413e+01    4.000055e-01    0.000000e+00  
  2   2  57   4.450590e+01    4.764756e-01    0.000000e+00    1.790376e+01    4.000038e-01    0.000000e+00  
  2   2  58   1.669952e+01    4.000031e-01    0.000000e+00    1.823959e+01    4.000073e-01    0.000000e+00  
  2   2  59   1.931417e+01    4.001591e-01    0.000000e+00    1.907323e+01    4.000020e-01    0.000000e+00  
  2   2  60   1.775629e+01    4.000384e-01    0.000000e+00    1.856711e+01    4.000168e-01    0.000000e+00  
  2   2  61   1.640671e+01    4.000309e-01    0.000000e+00    1.902164e+01    4.000001e-01    0.000000e+00  
  2   2  62   1.620096e+01    4.000001e-01    0.000000e+00    1.724131e+01    4.000363e-01    0.000000e+00  
  2   3   1   3.102560e+01    5.247106e-01    0.000000e+00    1.340733e+01    4.000007e-01    0.000000e+00  
  2   3   2   1.331567e+01    4.000090e-01    0.000000e+00    3.140779e+01    5.239155e-01    0.000000e+00  
  2   3   3   3.464533e+01    5.163365e-01    0.000000e+00    1.499947e+01    4.000078e-01    0.000000e+00  
  2   3   4   1.664121e+01    4.000016e-01    0.000000e+00    1.587728e+01    4.000014e-01    0.000000e+00  
  2   3   5   1.239377e+01    4.000055e-01    0.000000e+00    1.634364e+01    4.000088e-01    0.000000e+00  
  3   1   1   8.451748e+00    4.000000e-01    0.000000e+00    2.661046e+01    5.328647e-01    0.000000e+00  
  3   1   2   3.394439e+01    5.182100e-01    0.000000e+00    2.063801e+01    4.000003e-01    0.000000e+00  
  3   1   3   2.102995e+01    4.000006e-01    0.000000e+00    1.717509e+01    4.000000e-01    0.000000e+00  
  3   1   4   8.452276e+00    4.000006e-01    0.000000e+00    1.210782e+01    4.000004e-01    0.000000e+00  
  3   1   5   3.556427e+01    5.139251e-01    0.000000e+00    2.006493e+01    4.001527e-01    0.000000e+00  
  3   1   6   1.539969e+01    4.000023e-01    0.000000e+00    3.421327e+01    5.175490e-01    0.000000e+00  
  3   1   7   1.830538e+01    4.000000e-01    0.000000e+00    3.381299e+01    5.185001e-01    0.000000e+00  
  3   1   8   1.911903e+01    4.000013e-01    0.000000e+00    6.316404e+01    5.999926e-01    0.000000e+00  
  3   1   9   2.585832e+01    5.340540e-01    0.000000e+00    1.687879e+01    4.000000e-01    0.000000e+00  
  3   1  10   1.734630e+01    4.000232e-01    0.000000e+00    1.666429e+01    4.000000e-01    0.000000e+00  
  3   1  11   1.740545e+01    4.000004e-01    0.000000e+00    1.691395e+01    4.000003e-01    0.000000e+00  
  3   1  12   3.593471e+01    5.129056e-01    0.000000e+00    3.341318e+01    5.194365e-01    0.000000e+00  
  3   1  13   3.477730e+01    5.160104e-01    0.000000e+00    1.116440e+01    4.000001e-01    0.000000e+00  
  3   1  14   1.615588e+01    4.000002e-01    0.000000e+00    1.608444e+01    4.000016e-01    0.000000e+00  
  3   1  15   1.622096e+01    4.000168e-01    0.000000e+00    1.343152e+01    4.000000e-01    0.000000e+00  
  3   1  16   1.185521e+01    4.000009e-01    0.000000e+00    1.649724e+01    4.000005e-01    0.000000e+00  
  3   1  17   3.200025e+01    5.226457e-01    0.000000e+00    1.305314e+01    4.000002e-01    0.000000e+00  
  3   1  18   1.438497e+01    4.000287e-01    0.000000e+00    3.058701e+01    5.256152e-01    0.000000e+00  
  3   1  19   1.325282e+01    4.000028e-01    0.000000e+00    1.462667e+01    4.000007e-01    0.000000e+00  
  3   1  20   1.493117e+01    4.000014e-01    0.000000e+00    1.631832e+01    4.000004e-01    0.000000e+00  
  3   1  21   1.621297e+01    4.000037e-01    0.000000e+00    1.315857e+01    4.000000e-01    0.000000e+00  
  3   1  22   1.470423e+01    4.000006e-01    0.000000e+00    3.364380e+01    5.188355e-01    0.000000e+00  
  3   1  23   1.548388e+01    4.000019e-01    0.000000e+00    1.359243e+01    4.000009e-01    0.000000e+00  
  3   2   1   4.317619e+01    4.867828e-01    0.000000e+00    2.927956e+01    5.249349e-01    0.000000e+00  
  3   2   2   3.805469e+01    5.059511e-01    0.000000e+00    3.317558e+01    5.176703e-01    0.000000e+00  
  3   2   3   3.155055e+01    5.208989e-01    0.000000e+00    1.137439e+01    4.000007e-01    0.000000e+00  
  3   2   4   1.966902e+01    4.000000e-01    0.000000e+00    5.527498e+01    5.999935e-01    0.000000e+00  
  3   2   5   3.238788e+01    4.000078e-01    0.000000e+00    4.433236e+01    4.783592e-01    0.000000e+00  
  3   2   6   2.360789e+01    5.350715e-01    0.000000e+00    2.893714e+01    5.253204e-01    0.000000e+00  
  3   2   7   3.306563e+01    5.178679e-01    0.000000e+00    4.213849e+01    4.919546e-01    0.000000e+00  
  3   2   8   4.394491e+01    4.817198e-01    0.000000e+00    4.255682e+01    4.900073e-01    0.000000e+00  
  3   2   9   3.534213e+01    5.127135e-01    0.000000e+00    3.321536e+01    5.174810e-01    0.000000e+00  
  3   2  10   3.031629e+01    5.230923e-01    0.000000e+00    2.220107e+01    5.374708e-01    0.000000e+00  
  3   2  11   3.429503e+01    5.152573e-01    0.000000e+00    4.245863e+01    4.904133e-01    0.000000e+00  
  3   2  12   3.110888e+01    4.000160e-01    0.000000e+00    4.302944e+01    4.875751e-01    0.000000e+00  
  3   2  13   4.434243e+01    4.782274e-01    0.000000e+00    2.925297e+01    4.000001e-01    0.000000e+00  
  3   2  14   2.848847e+01    4.000028e-01    0.000000e+00    2.549324e+01    4.033878e-01    0.000000e+00  
  3   2  15   1.275109e+01    4.000010e-01    0.000000e+00    4.405732e+01    4.807720e-01    0.000000e+00  
  3   2  16   1.304247e+01    4.000000e-01    0.000000e+00    3.669424e+01    5.095128e-01    0.000000e+00  
  3   2  17   3.856283e+01    5.043697e-01    0.000000e+00    2.981517e+01    4.000151e-01    0.000000e+00  
  3   2  18   2.423151e+01    4.000000e-01    0.000000e+00    1.327948e+01    4.000070e-01    0.000000e+00  
  3   2  19   3.062864e+01    5.225894e-01    0.000000e+00    7.265965e+01    6.000000e-01    0.000000e+00  
  3   2  20   1.169180e+01    4.000000e-01    0.000000e+00    3.901816e+01    5.030947e-01    0.000000e+00  
  3   2  21   4.536616e+01    4.600528e-01    0.000000e+00    2.143118e+01    4.000000e-01    0.000000e+00  
  3   2  22   1.964944e+01    4.000007e-01    0.000000e+00    2.912302e+01    4.006137e-01    0.000000e+00  
  3   2  23   1.314305e+01    4.000019e-01    0.000000e+00    8.261957e+01    5.991379e-01    0.000000e+00  
  3   2  24   2.389698e+01    4.000085e-01    0.000000e+00    3.621470e+01    5.108420e-01    0.000000e+00  
  3   2  25   4.096680e+01    4.965296e-01    0.000000e+00    4.277739e+01    4.888579e-01    0.000000e+00  
  3   2  26   1.739017e+01    4.000256e-01    0.000000e+00    2.365802e+01    4.000013e-01    0.000000e+00  
  3   2  27   2.375007e+01    4.000004e-01    0.000000e+00    3.519966e+01    5.132631e-01    0.000000e+00  
  3   2  28   3.578801e+01    5.117597e-01    0.000000e+00    4.384638e+01    4.823073e-01    0.000000e+00  
  3   2  29   1.887784e+01    4.000005e-01    0.000000e+00    4.057804e+01    4.979974e-01    0.000000e+00  
  3   2  30   1.598068e+01    4.000000e-01    0.000000e+00    1.498822e+01    4.000060e-01    0.000000e+00  
  3   2  31   2.115690e+01    4.000002e-01    0.000000e+00    1.754538e+01    4.000232e-01    0.000000e+00  
  3   2  32   2.262223e+01    4.011324e-01    0.000000e+00    4.394187e+01    4.815785e-01    0.000000e+00  
  3   2  33   3.642738e+01    5.101899e-01    0.000000e+00    3.786594e+01    5.064731e-01    0.000000e+00  
  3   2  34   4.215786e+01    4.916866e-01    0.000000e+00    2.261672e+01    4.000228e-01    0.000000e+00  
  3   2  35   1.783037e+01    4.000004e-01    0.000000e+00    4.126918e+01    4.953630e-01    0.000000e+00  
  3   2  36   1.952242e+01    4.000000e-01    0.000000e+00    2.562030e+01    4.000008e-01    0.000000e+00  
  3   2  37   1.552874e+01    4.000121e-01    0.000000e+00    3.660107e+01    4.465925e-01    0.000000e+00  
  3   2  38   2.147824e+01    4.000665e-01    0.000000e+00    2.261484e+01    4.000028e-01    0.000000e+00  
  3   2  39   4.275782e+01    4.888355e-01    0.000000e+00    2.167290e+01    4.000181e-01    0.000000e+00  
  3   2  40   1.928030e+01    4.000017e-01    0.000000e+00    1.840423e+01    4.000000e-01    0.000000e+00  
  3   2  41   2.402564e+01    4.000078e-01    0.000000e+00    1.761149e+01    4.000000e-01    0.000000e+00  
  3   2  42   4.289606e+01    4.883386e-01    0.000000e+00    4.447539e+01    4.773275e-01    0.000000e+00  
  3   2  43   4.133314e+01    4.951367e-01    0.000000e+00    1.702389e+01    4.000020e-01    0.000000e+00  
  3   2  44   3.855104e+01    5.043871e-01    0.000000e+00    1.829376e+01    4.000004e-01    0.000000e+00  
  3   2  45   4.356982e+01    4.842887e-01    0.000000e+00    1.944074e+01    4.000032e-01    0.000000e+00  
  3   2  46   1.748503e+01    4.000035e-01    0.000000e+00    2.577267e+01    4.000020e-01    0.000000e+00  
  3   2  47   2.010706e+01    4.007374e-01    0.000000e+00    1.728711e+01    4.000004e-01    0.000000e+00  
  3   2  48   4.304383e+01    4.875349e-01    0.000000e+00    1.749844e+01    4.000014e-01    0.000000e+00  
  3   2  49   1.660448e+01    4.000024e-01    0.000000e+00    2.463384e+01    4.000026e-01    0.000000e+00  
  3   2  50   4.448557e+01    4.765916e-01    0.000000e+00    1.824185e+01    4.000097e-01    0.000000e+00  
  3   2  51   2.015557e+01    4.000241e-01    0.000000e+00    1.928346e+01    4.000000e-01    0.000000e+00  
  3   2  52   2.381939e+01    4.000002e-01    0.000000e+00    2.316739e+01    4.000056e-01    0.000000e+00  
  3   2  53   4.437594e+01    4.778009e-01    0.000000e+00    1.863274e+01    4.000122e-01    0.000000e+00  
  3   2  54   1.694949e+01    4.000005e-01    0.000000e+00    1.788775e+01    4.000004e-01    0.000000e+00  
  3   2  55   4.244486e+01    4.905870e-01    0.000000e+00    1.940934e+01    4.000216e-01    0.000000e+00  
  3   2  56   4.122498e+01    4.956963e-01    0.000000e+00    1.803696e+01    4.000009e-01    0.000000e+00  
  3   2  57   2.112455e+01    4.000001e-01    0.000000e+00    1.896615e+01    4.000005e-01    0.000000e+00  
  3   2  58   1.642393e+01    4.000000e-01    0.000000e+00    1.837995e+01    4.000040e-01    0.000000e+00  
  3   2  59   4.012077e+01    4.995854e-01    0.000000e+00    2.013971e+01    4.000002e-01    0.000000e+00  
  3   2  60   1.625635e+01    4.000008e-01    0.000000e+00    1.992561e+01    4.001513e-01    0.000000e+00  
  3   2  61   2.337889e+01    4.001094e-01    0.000000e+00    1.900441e+01    4.000055e-01    0.000000e+00  
  3   2  62   2.559448e+01    4.000144e-01    0.000000e+00    2.005090e+01    4.000009e-01    0.000000e+00  
  3   3   1   1.299732e+01    4.000013e-01    0.000000e+00    1.548344e+01    4.000014e-01    0.000000e+00  
  3   3   2   1.396900e+01    4.000002e-01    0.000000e+00    3.324931e+01    5.197759e-01    0.000000e+00  
  3   3   3   3.147709e+01    5.238267e-01    0.000000e+00    1.624564e+01    4.000199e-01    0.000000e+00  
  3   3   4   3.155051e+01    5.236145e-01    0.000000e+00    1.509378e+01    4.000003e-01    0.000000e+00  
  3   3   5   3.365831e+01    5.188505e-01    0.000000e+00    1.405089e+01    4.000016e-01    0.000000e+00  
  4   1   1   4.584632e+01    5.999961e-01    0.000000e+00    1.422314e+01    4.000002e-01    0.000000e+00  
  4   1   2   3.571545e+01    5.136218e-01    0.000000e+00    3.315910e+01    5.200652e-01    0.000000e+00  
  4   1   3   5.506324e+01    6.000000e-01    0.000000e+00    3.697314e+01    5.100049e-01    0.000000e+00  
  4   1   4   1.261144e+01    4.000000e-01    0.000000e+00    1.034070e+01    4.000000e-01    0.000000e+00  
  4   1   5   1.063640e+01    4.000000e-01    0.000000e+00    4.631541e+01    5.999993e-01    0.000000e+00  
  4   1   6   3.199241e+01    5.227245e-01    0.000000e+00    3.735022e+01    5.088472e-01    0.000000e+00  
  4   1   7   3.363571e+01    5.189727e-01    0.000000e+00    1.363997e+01    4.000000e-01    0.000000e+00  
  4   1   8   1.664714e+01    4.000000e-01    0.000000e+00    1.146494e+01    4.000020e-01    0.000000e+00  
  4   1   9   3.317122e+01    5.200490e-01    0.000000e+00    1.587380e+01    4.000000e-01    0.000000e+00  
  4   1  10   3.053414e+01    5.257471e-01    0.000000e+00    1.647803e+01    4.000013e-01    0.000000e+00  
  4   1  11   3.178799e+01    5.231338e-01    0.000000e+00    3.258084e+01    5.213876e-01    0.000000e+00  
  4   1  12   2.850124e+01    5.296951e-01    0.000000e+00    1.269025e+01    4.000001e-01    0.000000e+00  
  4   1  13   1.751243e+01    4.000023e-01    0.000000e+00    1.536543e+01    4.000001e-01    0.000000e+00  
  4   1  14   1.170686e+01    4.000001e-01    0.000000e+00    1.250923e+01    4.000046e-01    0.000000e+00  
  4   1  15   2.796652e+01    5.305548e-01    0.000000e+00    3.454133e+01    5.165966e-01    0.000000e+00  
  4   1  16   1.687616e+01    4.000000e-01    0.000000e+00    1.257341e+01    4.000022e-01    0.000000e+00  
  4   1  17   1.257672e+01    4.000000e-01    0.000000e+00    1.624759e+01    4.000001e-01    0.000000e+00  
  4   1  18   3.418381e+01    5.175334e-01    0.000000e+00    1.231189e+01    4.000003e-01    0.000000e+00  
  4   1  19   3.065637e+01    5.255117e-01    0.000000e+00    3.327451e+01    5.197511e-01    0.000000e+00  
  4   1  20   3.062894e+01    5.255843e-01    0.000000e+00    3.289280e+01    5.206265e-01    0.000000e+00  
  4   1  21   1.576932e+01    4.000019e-01    0.000000e+00    1.505277e+01    4.000113e-01    0.000000e+00  
  4   1  22   3.344464e+01    5.193804e-01    0.000000e+00    1.418677e+01    4.000105e-01    0.000000e+00  
  4   1  23   1.600580e+01    4.000015e-01    0.000000e+00    1.518613e+01    4.000064e-01    0.000000e+00  
  4   2   1   2.963103e+01    5.243333e-01    0.000000e+00    3.530827e+01    5.129784e-01    0.000000e+00  
  4   2   2   2.623218e+01    5.295826e-01    0.000000e+00    2.701533e+01    5.284705e-01    0.000000e+00  
  4   2   3   2.883534e+01    5.256831e-01    0.000000e+00    4.241240e+01    4.906448e-01    0.000000e+00  
  4   2   4   3.480221e+01    5.141220e-01    0.000000e+00    4.326396e+01    4.862342e-01    0.000000e+00  
  4   2   5   1.761055e+01    4.000055e-01    0.000000e+00    2.289999e+01    4.000003e-01    0.000000e+00  
  4   2   6   4.044135e+01    4.985037e-01    0.000000e+00    1.240277e+01    4.000009e-01    0.000000e+00  
  4   2   7   4.492443e+01    5.999984e-01    0.000000e+00    3.382694e+01    5.162820e-01    0.000000e+00  
  4   2   8   4.240145e+01    4.908052e-01    0.000000e+00    4.543772e+01    4.517108e-01    0.000000e+00  
  4   2   9   4.181831e+01    4.933767e-01    0.000000e+00    2.337461e+01    4.000030e-01    0.000000e+00  
  4   2  10   1.154650e+02    5.999732e-01    0.000000e+00    1.639921e+01    4.000089e-01    0.000000e+00  
  4   2  11   4.499523e+01    4.515699e-01    0.000000e+00    3.825394e+01    5.052141e-01    0.000000e+00  
  4   2  12   4.335886e+01    4.855792e-01    0.000000e+00    3.047423e+01    4.000004e-01    0.000000e+00  
  4   2  13   2.885601e+01    4.000000e-01    0.000000e+00    3.280348e+01    5.184088e-01    0.000000e+00  
  4   2  14   3.355788e+01    5.169174e-01    0.000000e+00    1.076701e+01    4.000003e-01    0.000000e+00  
  4   2  15   3.839714e+01    5.049457e-01    0.000000e+00    3.502762e+01    5.136137e-01    0.000000e+00  
  4   2  16   3.943780e+01    5.018197e-01    0.000000e+00    3.508586e+01    4.568440e-01    0.000000e+00  
  4   2  17   2.866755e+01    5.259082e-01    0.000000e+00    2.003647e+01    4.000000e-01    0.000000e+00  
  4   2  18   4.369710e+01    4.835405e-01    0.000000e+00    3.768494e+01    5.069050e-01    0.000000e+00  
  4   2  19   3.571676e+01    5.119780e-01    0.000000e+00    2.044991e+01    4.000005e-01    0.000000e+00  
  4   2  20   2.420248e+01    4.000100e-01    0.000000e+00    1.321953e+01    4.000001e-01    0.000000e+00  
  4   2  21   2.461162e+01    4.000002e-01    0.000000e+00    1.621940e+01    4.000009e-01    0.000000e+00  
  4   2  22   2.380549e+01    4.000421e-01    0.000000e+00    3.234532e+01    5.192942e-01    0.000000e+00  
  4   2  23   2.136761e+01    4.142898e-01    0.000000e+00    4.330613e+01    4.858843e-01    0.000000e+00  
  4   2  24   3.694800e+01    5.087930e-01    0.000000e+00    3.619592e+01    5.107170e-01    0.000000e+00  
  4   2  25   4.070535e+01    4.975481e-01    0.000000e+00    2.662993e+01    4.000002e-01    0.000000e+00  
  4   2  26   1.373276e+01    4.000001e-01    0.000000e+00    1.425783e+01    4.000007e-01    0.000000e+00  
  4   2  27   3.810462e+01    5.056803e-01    0.000000e+00    3.548275e+01    5.125560e-01    0.000000e+00  
  4   2  28   4.202242e+01    4.924938e-01    0.000000e+00    1.470992e+01    4.000000e-01    0.000000e+00  
  4   2  29   2.780671e+01    4.000018e-01    0.000000e+00    4.415827e+01    4.798504e-01    0.000000e+00  
  4   2  30   2.298605e+01    4.000180e-01    0.000000e+00    2.597115e+01    4.000253e-01    0.000000e+00  
  4   2  31   2.314232e+01    4.001183e-01    0.000000e+00    3.977196e+01    5.007780e-01    0.000000e+00  
  4   2  32   1.450805e+01    4.000040e-01    0.000000e+00    4.226984e+01    4.911769e-01    0.000000e+00  
  4   2  33   1.618140e+01    4.000059e-01    0.000000e+00    2.529936e+01    4.000001e-01    0.000000e+00  
  4   2  34   2.427061e+01    4.000004e-01    0.000000e+00    1.804573e+01    4.000140e-01    0.000000e+00  
  4   2  35   4.407224e+01    4.806519e-01    0.000000e+00    1.849882e+01    4.000035e-01    0.000000e+00  
  4   2  36   4.232056e+01    4.910597e-01    0.000000e+00    1.721707e+01    4.000117e-01    0.000000e+00  
  4   2  37   2.496753e+01    4.000709e-01    0.000000e+00    2.650526e+01    4.000054e-01    0.000000e+00  
  4   2  38   1.532557e+01    4.000005e-01    0.000000e+00    2.536119e+01    4.000019e-01    0.000000e+00  
  4   2  39   3.951532e+01    5.015404e-01    0.000000e+00    2.015444e+01    4.000003e-01    0.000000e+00  
  4   2  40   1.861703e+01    4.000000e-01    0.000000e+00    1.679846e+01    4.000036e-01    0.000000e+00  
  4   2  41   4.381055e+01    4.825994e-01    0.000000e+00    2.257290e+01    4.000000e-01    0.000000e+00  
  4   2  42   4.342357e+01    4.853052e-01    0.000000e+00    4.041616e+01    4.985767e-01    0.000000e+00  
  4   2  43   4.257255e+01    4.897586e-01    0.000000e+00    2.104081e+01    4.000171e-01    0.000000e+00  
  4   2  44   1.815945e+01    4.000000e-01    0.000000e+00    2.177480e+01    4.000239e-01    0.000000e+00  
  4   2  45   1.767327e+01    4.000091e-01    0.000000e+00    4.328946e+01    4.862050e-01    0.000000e+00  
  4   2  46   1.079725e+02    5.999392e-01    0.000000e+00    2.292234e+01    4.000038e-01    0.000000e+00  
  4   2  47   4.373945e+01    4.830999e-01    0.000000e+00    2.395455e+01    4.000000e-01    0.000000e+00  
  4   2  48   1.575415e+01    4.000001e-01    0.000000e+00    1.735211e+01    4.000011e-01    0.000000e+00  
  4   2  49   2.430872e+01    4.000230e-01    0.000000e+00    1.727674e+01    4.000836e-01    0.000000e+00  
  4   2  50   2.059898e+01    4.000251e-01    0.000000e+00    2.249454e+01    4.000006e-01    0.000000e+00  
  4   2  51   1.915488e+01    4.000032e-01    0.000000e+00    1.994258e+01    4.000145e-01    0.000000e+00  
  4   2  52   1.976145e+01    4.000000e-01    0.000000e+00    1.814588e+01    4.000000e-01    0.000000e+00  
  4   2  53   1.974877e+01    4.000000e-01    0.000000e+00    1.838475e+01    4.000000e-01    0.000000e+00  
  4   2  54   2.062508e+01    4.000001e-01    0.000000e+00    2.286395e+01    4.000158e-01    0.000000e+00  
  4   2  55   2.442507e+01    4.000032e-01    0.000000e+00    2.227232e+01    4.000024e-01    0.000000e+00  
  4   2  56   4.139265e+01    4.949076e-01    0.000000e+00    4.157135e+01    4.943329e-01    0.000000e+00  
  4   2  57   2.528581e+01    4.000007e-01    0.000000e+00    2.048077e+01    4.000014e-01    0.000000e+00  
  4   2  58   2.484795e+01    4.000055e-01    0.000000e+00    1.963580e+01    4.000000e-01    0.000000e+00  
  4   2  59   2.203678e+01    4.000005e-01    0.000000e+00    1.827855e+01    4.000002e-01    0.000000e+00  
  4   2  60   1.731209e+01    4.000098e-01    0.000000e+00    1.830257e+01    4.000011e-01    0.000000e+00  
  4   2  61   2.059768e+01    4.000200e-01    0.000000e+00    2.095368e+01    4.000282e-01    0.000000e+00  
  4   2  62   2.163372e+01    4.000017e-01    0.000000e+00    1.953844e+01    4.000024e-01    0.000000e+00  
  4   3   1   1.655272e+01    4.000091e-01    0.000000e+00    3.251185e+01    5.214863e-01    0.000000e+00  
  4   3   2   3.292714e+01    5.205472e-01    0.000000e+00    1.291704e+01    4.000002e-01    0.000000e+00  
  4   3   3   1.240027e+01    4.000025e-01    0.000000e+00    3.230423e+01    5.219775e-01    0.000000e+00  
  4   3   4   3.093030e+01    5.249134e-01    0.000000e+00    1.410367e+01    4.000000e-01    0.000000e+00  
  4   3   5   3.003338e+01    5.267542e-01    0.000000e+00    1.539864e+01    4.000068e-01    0.000000e+00  
  5   1   1   2.051904e+01    5.448367e-01    0.000000e+00    2.041556e+01    5.449813e-01    0.000000e+00  
  5   1   2   3.470941e+01    5.999993e-01    0.000000e+00    2.078076e+01    5.444537e-01    0.000000e+00  
  5   1   3   7.154097e+01    5.999959e-01    0.000000e+00    1.698854e+01    4.000127e-01    0.000000e+00  
  5   1   4   1.998974e+01    4.001064e-01    0.000000e+00    3.554124e+01    5.140521e-01    0.000000e+00  
  5   1   5   3.470612e+01    5.162348e-01    0.000000e+00    1.151364e+01    4.000000e-01    0.000000e+00  
  5   1   6   1.991644e+01    4.005912e-01    0.000000e+00    1.857539e+01    4.000001e-01    0.000000e+00  
  5   1   7   3.835362e+01    5.056445e-01    0.000000e+00    1.917253e+01    4.000062e-01    0.000000e+00  
  5   1   8   1.892329e+01    4.000134e-01    0.000000e+00    1.858413e+01    4.000000e-01    0.000000e+00  
  5   1   9   3.332369e+01    5.196243e-01    0.000000e+00    3.263080e+01    5.213002e-01    0.000000e+00  
  5   1  10   1.161753e+01    4.000001e-01    0.000000e+00    3.273840e+01    5.211281e-01    0.000000e+00  
  5   1  11   1.105959e+01    4.000041e-01    0.000000e+00    3.071351e+01    5.254755e-01    0.000000e+00  
  5   1  12   1.506939e+01    4.000000e-01    0.000000e+00    1.566807e+01    4.000038e-01    0.000000e+00  
  5   1  13   1.354082e+01    4.000001e-01    0.000000e+00    3.106008e+01    5.246652e-01    0.000000e+00  
  5   1  14   1.681554e+01    4.000005e-01    0.000000e+00    3.115684e+01    5.245240e-01    0.000000e+00  
  5   1  15   1.697081e+01    4.000005e-01    0.000000e+00    1.209624e+01    4.000002e-01    0.000000e+00  
  5   1  16   1.329409e+01    4.000000e-01    0.000000e+00    1.505802e+01    4.000407e-01    0.000000e+00  
  5   1  17   1.588926e+01    4.000000e-01    0.000000e+00    1.489193e+01    4.000066e-01    0.000000e+00  
  5   1  18   1.734421e+01    4.000117e-01    0.000000e+00    3.452990e+01    5.166881e-01    0.000000e+00  
  5   1  19   2.867385e+01    5.293202e-01    0.000000e+00    3.440418e+01    5.169722e-01    0.000000e+00  
  5   1  20   1.436531e+01    4.000000e-01    0.000000e+00    1.538176e+01    4.000197e-01    0.000000e+00  
  5   1  21   1.595169e+01    4.000044e-01    0.000000e+00    1.340877e+01    4.000004e-01    0.000000e+00  
  5   1  22   1.463701e+01    4.000009e-01    0.000000e+00    1.456256e+01    4.000001e-01    0.000000e+00  
  5   1  23   3.309094e+01    5.202210e-01    0.000000e+00    1.500405e+01    4.000055e-01    0.000000e+00  
  5   2   1   2.937789e+01    5.247446e-01    0.000000e+00    3.227351e+01    5.195109e-01    0.000000e+00  
  5   2   2   1.061632e+01    4.000000e-01    0.000000e+00    4.498844e+01    4.692876e-01    0.000000e+00  
  5   2   3   1.489512e+01    4.000014e-01    0.000000e+00    1.451102e+01    4.000000e-01    0.000000e+00  
  5   2   4   4.530295e+01    4.613724e-01    0.000000e+00    3.004891e+01    4.000000e-01    0.000000e+00  
  5   2   5   4.531695e+01    4.611925e-01    0.000000e+00    3.114786e+01    4.000001e-01    0.000000e+00  
  5   2   6   2.752947e+01    4.000228e-01    0.000000e+00    3.754710e+01    5.071744e-01    0.000000e+00  
  5   2   7   3.237222e+01    5.192382e-01    0.000000e+00    4.539637e+01    4.498703e-01    0.000000e+00  
  5   2   8   1.944332e+01    4.000482e-01    0.000000e+00    1.896088e+01    4.000003e-01    0.000000e+00  
  5   2   9   3.312571e+01    5.177785e-01    0.000000e+00    3.826221e+01    5.053365e-01    0.000000e+00  
  5   2  10   5.700070e+01    5.999779e-01    0.000000e+00    6.281661e+01    5.999983e-01    0.000000e+00  
  5   2  11   1.486839e+01    4.000004e-01    0.000000e+00    1.358291e+01    4.000003e-01    0.000000e+00  
  5   2  12   4.044937e+01    4.984967e-01    0.000000e+00    5.250781e+01    5.999997e-01    0.000000e+00  
  5   2  13   4.049609e+01    4.983204e-01    0.000000e+00    4.349051e+01    4.848079e-01    0.000000e+00  
  5   2  14   2.122639e+01    4.000000e-01    0.000000e+00    2.862769e+01    4.000486e-01    0.000000e+00  
  5   2  15   3.501042e+01    5.136147e-01    0.000000e+00    5.070187e+01    6.000000e-01    0.000000e+00  
  5   2  16   2.630335e+01    4.000007e-01    0.000000e+00    2.961054e+01    4.000308e-01    0.000000e+00  
  5   2  17   4.273159e+01    4.890802e-01    0.000000e+00    3.402528e+01    5.158298e-01    0.000000e+00  
  5   2  18   3.036847e+01    5.230879e-01    0.000000e+00    1.577421e+01    4.000093e-01    0.000000e+00  
  5   2  19   2.475355e+01    4.000000e-01    0.000000e+00    3.909921e+01    5.029276e-01    0.000000e+00  
  5   2  20   2.701638e+01    4.000017e-01    0.000000e+00    2.261172e+01    4.000013e-01    0.000000e+00  
  5   2  21   4.392213e+01    4.817482e-01    0.000000e+00    2.668057e+01    4.000003e-01    0.000000e+00  
  5   2  22   3.557420e+01    5.122597e-01    0.000000e+00    3.188994e+01    5.202469e-01    0.000000e+00  
  5   2  23   4.019958e+01    4.993020e-01    0.000000e+00    2.685424e+01    4.000000e-01    0.000000e+00  
  5   2  24   1.452929e+01    4.000006e-01    0.000000e+00    2.468169e+01    4.000000e-01    0.000000e+00  
  5   2  25   2.618964e+01    4.000003e-01    0.000000e+00    3.626477e+01    5.106795e-01    0.000000e+00  
  5   2  26   2.385595e+01    4.000070e-01    0.000000e+00    1.822797e+01    4.000086e-01    0.000000e+00  
  5   2  27   1.651676e+01    4.000002e-01    0.000000e+00    2.468061e+01    4.000376e-01    0.000000e+00  
  5   2  28   1.503099e+01    4.000112e-01    0.000000e+00    3.534258e+01    5.128505e-01    0.000000e+00  
  5   2  29   3.419075e+01    5.154238e-01    0.000000e+00    2.303614e+01    4.000167e-01    0.000000e+00  
  5   2  30   1.436213e+01    4.000031e-01    0.000000e+00    2.707974e+01    4.000121e-01    0.000000e+00  
  5   2  31   3.805526e+01    5.058318e-01    0.000000e+00    1.521955e+01    4.000001e-01    0.000000e+00  
  5   2  32   2.659305e+01    4.000000e-01    0.000000e+00    1.836314e+01    4.000052e-01    0.000000e+00  
  5   2  33   3.728527e+01    5.080273e-01    0.000000e+00    2.203733e+01    4.000005e-01    0.000000e+00  
  5   2  34   3.974380e+01    5.008066e-01    0.000000e+00    3.066359e+01    4.671142e-01    0.000000e+00  
  5   2  35   1.057271e+02    6.000000e-01    0.000000e+00    1.658026e+01    4.000000e-01    0.000000e+00  
  5   2  36   1.717848e+01    4.000086e-01    0.000000e+00    1.875372e+01    4.000010e-01    0.000000e+00  
  5   2  37   3.974169e+01    5.008245e-01    0.000000e+00    4.361201e+01    4.841539e-01    0.000000e+00  
  5   2  38   1.503963e+01    4.000008e-01    0.000000e+00    1.832044e+01    4.000110e-01    0.000000e+00  
  5   2  39   2.577708e+01    4.000087e-01    0.000000e+00    2.292143e+01    4.000001e-01    0.000000e+00  
  5   2  40   1.668965e+01    4.000044e-01    0.000000e+00    1.894484e+01    4.000148e-01    0.000000e+00  
  5   2  41   1.661257e+01    4.000017e-01    0.000000e+00    4.168974e+01    4.936953e-01    0.000000e+00  
  5   2  42   2.200173e+01    4.000000e-01    0.000000e+00    1.965910e+01    4.000572e-01    0.000000e+00  
  5   2  43   2.538485e+01    4.000004e-01    0.000000e+00    1.999601e+01    4.000065e-01    0.000000e+00  
  5   2  44   4.088277e+01    4.968332e-01    0.000000e+00    2.334132e+01    4.000005e-01    0.000000e+00  
  5   2  45   1.671657e+01    4.000006e-01    0.000000e+00    1.833029e+01    4.000001e-01    0.000000e+00  
  5   2  46   1.700651e+01    4.000018e-01    0.000000e+00    3.838108e+01    5.049410e-01    0.000000e+00  
  5   2  47   1.632676e+01    4.000000e-01    0.000000e+00    4.296886e+01    4.879183e-01    0.000000e+00  
  5   2  48   4.388475e+01    4.822449e-01    0.000000e+00    2.096999e+01    4.000049e-01    0.000000e+00  
  5   2  49   2.107694e+01    4.000000e-01    0.000000e+00    2.301529e+01    4.000077e-01    0.000000e+00  
  5   2  50   4.462098e+01    4.753030e-01    0.000000e+00    1.718319e+01    4.000000e-01    0.000000e+00  
  5   2  51   1.941593e+01    4.000258e-01    0.000000e+00    2.163413e+01    4.000023e-01    0.000000e+00  
  5   2  52   2.249054e+01    4.000039e-01    0.000000e+00    2.255822e+01    4.000022e-01    0.000000e+00  
  5   2  53   1.648873e+01    4.000027e-01    0.000000e+00    2.042606e+01    4.000000e-01    0.000000e+00  
  5   2  54   1.711901e+01    4.000000e-01    0.000000e+00    1.819167e+01    4.000105e-01    0.000000e+00  
  5   2  55   1.830415e+01    4.000002e-01    0.000000e+00    2.227390e+01    4.000000e-01    0.000000e+00  
  5   2  56   2.296717e+01    4.000001e-01    0.000000e+00    2.108992e+01    4.000000e-01    0.000000e+00  
  5   2  57   4.266412e+01    4.894392e-01    0.000000e+00    1.751151e+01    4.000036e-01    0.000000e+00  
  5   2  58   2.062121e+01    4.000005e-01    0.000000e+00    2.027929e+01    4.000000e-01    0.000000e+00  
  5   2  59   1.627510e+01    4.000002e-01    0.000000e+00    2.095702e+01    4.000025e-01    0.000000e+00  
  5   2  60   1.600192e+01    4.000032e-01    0.000000e+00    1.838875e+01    4.000011e-01    0.000000e+00  
  5   2  61   1.779292e+01    4.000001e-01    0.000000e+00    2.076270e+01    4.000002e-01    0.000000e+00  
  5   2  62   2.816621e+01    4.577657e-01    0.000000e+00    2.151577e+01    4.000102e-01    0.000000e+00  
  5   3   1   1.585802e+01    4.000796e-01    0.000000e+00    1.556020e+01    4.000033e-01    0.000000e+00  
  5   3   2   1.258235e+01    4.000002e-01    0.000000e+00    3.298547e+01    5.204458e-01    0.000000e+00  
  5   3   3   1.646411e+01    4.000012e-01    0.000000e+00    3.410773e+01    5.177527e-01    0.000000e+00  
  5   3   4   1.256733e+01    4.008823e-01    0.000000e+00    1.277149e+01    4.000007e-01    0.000000e+00  
  5   3   5   3.391542e+01    5.182881e-01    0.000000e+00    3.389027e+01    5.182719e-01    0.000000e+00  
  6   1   1   4.307020e+01    5.999975e-01    0.000000e+00    6.457716e+01    5.999994e-01    0.000000e+00  
  6   1   2   2.337811e+01    5.404297e-01    0.000000e+00    3.262813e+01    5.213439e-01    0.000000e+00  
  6   1   3   1.717120e+01    4.000010e-01    0.000000e+00    1.372401e+01    4.000047e-01    0.000000e+00  
  6   1   4   2.013810e+01    5.454104e-01    0.000000e+00    2.069622e+01    5.446125e-01    0.000000e+00  
  6   1   5   1.314153e+01    4.000006e-01    0.000000e+00    9.728418e+00    4.000001e-01    0.000000e+00  
  6   1   6   3.773696e+01    5.076467e-01    0.000000e+00    1.765727e+01    4.000064e-01    0.000000e+00  
  6   1   7   9.809339e+00    4.000000e-01    0.000000e+00    5.842720e+01    5.999981e-01    0.000000e+00  
  6   1   8   1.776615e+01    4.000030e-01    0.000000e+00    1.784140e+01    4.000024e-01    0.000000e+00  
  6   1   9   5.052234e+01    5.999993e-01    0.000000e+00    1.843646e+01    4.000000e-01    0.000000e+00  
  6   1  10   3.480483e+01    5.159378e-01    0.000000e+00    1.628912e+01    4.000065e-01    0.000000e+00  
  6   1  11   3.333545e+01    5.196337e-01    0.000000e+00    2.713049e+01    5.319864e-01    0.000000e+00  
  6   1  12   1.459049e+01    4.000002e-01    0.000000e+00    3.168884e+01    5.233619e-01    0.000000e+00  
  6   1  13   2.661918e+01    5.328295e-01    0.000000e+00    3.183023e+01    5.231219e-01    0.000000e+00  
  6   1  14   3.143718e+01    5.238858e-01    0.000000e+00    1.559396e+01    4.000005e-01    0.000000e+00  
  6   1  15   1.479599e+01    4.000004e-01    0.000000e+00    1.510265e+01    4.000103e-01    0.000000e+00  
  6   1  16   3.457296e+01    5.165259e-01    0.000000e+00    1.580166e+01    4.000065e-01    0.000000e+00  
  6   1  17   1.321275e+01    4.000001e-01    0.000000e+00    3.228785e+01    5.220273e-01    0.000000e+00  
  6   1  18   1.464981e+01    4.000000e-01    0.000000e+00    3.243961e+01    5.216417e-01    0.000000e+00  
  6   1  19   1.627324e+01    4.000071e-01    0.000000e+00    3.271344e+01    5.210703e-01    0.000000e+00  
  6   1  20   1.206041e+01    4.000103e-01    0.000000e+00    3.280207e+01    5.208211e-01    0.000000e+00  
  6   1  21   1.348238e+01    4.000003e-01    0.000000e+00    1.513997e+01    4.000007e-01    0.000000e+00  
  6   1  22   1.377262e+01    4.000035e-01    0.000000e+00    1.345901e+01    4.000000e-01    0.000000e+00  
  6   1  23   1.309787e+01    4.000000e-01    0.000000e+00    1.380872e+01    4.000048e-01    0.000000e+00  
  6   2   1   2.089517e+01    4.000001e-01    0.000000e+00    4.501482e+01    4.682519e-01    0.000000e+00  
  6   2   2   4.519241e+01    4.643156e-01    0.000000e+00    1.092674e+01    4.000000e-01    0.000000e+00  
  6   2   3   4.320313e+01    4.866286e-01    0.000000e+00    3.570607e+01    5.120252e-01    0.000000e+00  
  6   2   4   4.374227e+01    4.832150e-01    0.000000e+00    1.421825e+01    4.000001e-01    0.000000e+00  
  6   2   5   2.984758e+01    5.239307e-01    0.000000e+00    1.658496e+01    4.000000e-01    0.000000e+00  
  6   2   6   3.406551e+01    5.157512e-01    0.000000e+00    2.863330e+01    4.000001e-01    0.000000e+00  
  6   2   7   4.390391e+01    4.818675e-01    0.000000e+00    4.300322e+01    4.876637e-01    0.000000e+00  
  6   2   8   3.291105e+01    5.181667e-01    0.000000e+00    2.361167e+01    4.000001e-01    0.000000e+00  
  6   2   9   3.855320e+01    5.044870e-01    0.000000e+00    3.155803e+01    4.000148e-01    0.000000e+00  
  6   2  10   1.565425e+01    4.000003e-01    0.000000e+00    1.336003e+01    4.000000e-01    0.000000e+00  
  6   2  11   1.735264e+01    4.000003e-01    0.000000e+00    2.086782e+01    4.000004e-01    0.000000e+00  
  6   2  12   3.649138e+01    5.100672e-01    0.000000e+00    3.765364e+01    5.069753e-01    0.000000e+00  
  6   2  13   2.737373e+01    4.000000e-01    0.000000e+00    1.043959e+01    4.000024e-01    0.000000e+00  
  6   2  14   2.742235e+01    4.000083e-01    0.000000e+00    2.781704e+01    4.000005e-01    0.000000e+00  
  6   2  15   4.274162e+01    4.890265e-01    0.000000e+00    9.302851e+00    4.000138e-01    0.000000e+00  
  6   2  16   4.254584e+01    4.900519e-01    0.000000e+00    3.202901e+01    5.199284e-01    0.000000e+00  
  6   2  17   4.137810e+01    4.951092e-01    0.000000e+00    4.506952e+01    4.663468e-01    0.000000e+00  
  6   2  18   3.028759e+01    6.000000e-01    0.000000e+00    4.132853e+01    4.951437e-01    0.000000e+00  
  6   2  19   2.878489e+01    5.257288e-01    0.000000e+00    4.368798e+01    4.834175e-01    0.000000e+00  
  6   2  20   2.339088e+01    4.000630e-01    0.000000e+00    9.959492e+01    5.999646e-01    0.000000e+00  
  6   2  21   1.618443e+01    4.000054e-01    0.000000e+00    3.274105e+01    5.185513e-01    0.000000e+00  
  6   2  22   6.637556e+01    5.999949e-01    0.000000e+00    6.615517e+01    5.999995e-01    0.000000e+00  
  6   2  23   2.013445e+01    4.001589e-01    0.000000e+00    2.491042e+01    4.000001e-01    0.000000e+00  
  6   2  24   3.592723e+01    5.114066e-01    0.000000e+00    3.957082e+01    5.014032e-01    0.000000e+00  
  6   2  25   1.871049e+01    4.000090e-01    0.000000e+00    3.798091e+01    5.060180e-01    0.000000e+00  
  6   2  26   2.091594e+01    4.003399e-01    0.000000e+00    2.421498e+01    4.001378e-01    0.000000e+00  
  6   2  27   2.311442e+01    4.000033e-01    0.000000e+00    1.789969e+01    4.000000e-01    0.000000e+00  
  6   2  28   4.443911e+01    4.770794e-01    0.000000e+00    2.229274e+01    4.000001e-01    0.000000e+00  
  6   2  29   4.311584e+01    4.869843e-01    0.000000e+00    3.758174e+01    5.071125e-01    0.000000e+00  
  6   2  30   4.243096e+01    4.904649e-01    0.000000e+00    2.114323e+01    4.000007e-01    0.000000e+00  
  6   2  31   1.608214e+01    4.000343e-01    0.000000e+00    2.373005e+01    4.000635e-01    0.000000e+00  
  6   2  32   2.531461e+01    4.000009e-01    0.000000e+00    3.627624e+01    5.105087e-01    0.000000e+00  
  6   2  33   2.138384e+01    4.000104e-01    0.000000e+00    2.506941e+01    4.000244e-01    0.000000e+00  
  6   2  34   1.775752e+01    4.000001e-01    0.000000e+00    4.398268e+01    4.813664e-01    0.000000e+00  
  6   2  35   2.333648e+01    4.000000e-01    0.000000e+00    2.017826e+01    4.000016e-01    0.000000e+00  
  6   2  36   2.041127e+01    4.000453e-01    0.000000e+00    2.038560e+01    4.000129e-01    0.000000e+00  
  6   2  37   2.619414e+01    4.000011e-01    0.000000e+00    1.946327e+01    4.000189e-01    0.000000e+00  
  6   2  38   1.602311e+01    4.000001e-01    0.000000e+00    1.843824e+01    4.000042e-01    0.000000e+00  
  6   2  39   1.662901e+01    4.000001e-01    0.000000e+00    2.192641e+01    4.000715e-01    0.000000e+00  
  6   2  40   2.229916e+01    4.000101e-01    0.000000e+00    1.922397e+01    4.000006e-01    0.000000e+00  
  6   2  41   4.256547e+01    4.900123e-01    0.000000e+00    1.089262e+02    5.987656e-01    0.000000e+00  
  6   2  42   4.174880e+01    4.934685e-01    0.000000e+00    4.318528e+01    4.867431e-01    0.000000e+00  
  6   2  43   1.593490e+01    4.000206e-01    0.000000e+00    1.678127e+01    4.000703e-01    0.000000e+00  
  6   2  44   2.650168e+01    4.000004e-01    0.000000e+00    4.463524e+01    4.745803e-01    0.000000e+00  
  6   2  45   1.837956e+01    4.000028e-01    0.000000e+00    3.029806e+01    4.679321e-01    0.000000e+00  
  6   2  46   1.896777e+01    4.000048e-01    0.000000e+00    1.913235e+01    4.000032e-01    0.000000e+00  
  6   2  47   4.413673e+01    4.800910e-01    0.000000e+00    2.011643e+01    4.000000e-01    0.000000e+00  
  6   2  48   1.633081e+01    4.000005e-01    0.000000e+00    2.267140e+01    4.000092e-01    0.000000e+00  
  6   2  49   2.263850e+01    4.000011e-01    0.000000e+00    4.390610e+01    4.818614e-01    0.000000e+00  
  6   2  50   3.826036e+01    5.052738e-01    0.000000e+00    7.132203e+01    5.999905e-01    0.000000e+00  
  6   2  51   2.307362e+01    4.000004e-01    0.000000e+00    3.287180e+01    4.720929e-01    0.000000e+00  
  6   2  52   1.953356e+01    4.000001e-01    0.000000e+00    4.345762e+01    4.849933e-01    0.000000e+00  
  6   2  53   1.134201e+02    5.990295e-01    0.000000e+00    1.963613e+01    4.000052e-01    0.000000e+00  
  6   2  54   1.614723e+01    4.000005e-01    0.000000e+00    2.369554e+01    4.000024e-01    0.000000e+00  
  6   2  55   1.711819e+01    4.002056e-01    0.000000e+00    2.128249e+01    4.000007e-01    0.000000e+00  
  6   2  56   1.751987e+01    4.000009e-01    0.000000e+00    1.826686e+01    4.000007e-01    0.000000e+00  
  6   2  57   1.672096e+01    4.000011e-01    0.000000e+00    2.363506e+01    4.000001e-01    0.000000e+00  
  6   2  58   2.042635e+01    4.000001e-01    0.000000e+00    4.234692e+01    4.908376e-01    0.000000e+00  
  6   2  59   1.964937e+01    4.000001e-01    0.000000e+00    2.302020e+01    4.000225e-01    0.000000e+00  
  6   2  60   2.479218e+01    4.000040e-01    0.000000e+00    1.747088e+01    4.000099e-01    0.000000e+00  
  6   2  61   1.762743e+01    4.000007e-01    0.000000e+00    1.799550e+01    4.000009e-01    0.000000e+00  
  6   2  62   2.417128e+01    4.000020e-01    0.000000e+00    1.884338e+01    4.000181e-01    0.000000e+00  
  6   3   1   1.651778e+01    4.000981e-01    0.000000e+00    1.485671e+01    4.000234e-01    0.000000e+00  
  6   3   2   1.660383e+01    4.000025e-01    0.000000e+00    1.577764e+01    4.000141e-01    0.000000e+00  
  6   3   3   3.039947e+01    5.260709e-01    0.000000e+00    3.329681e+01    5.197547e-01    0.000000e+00  
  6   3   4   1.646766e+01    4.000212e-01    0.000000e+00    3.235396e+01    5.219119e-01    0.000000e+00  
  6   3   5   1.297688e+01    4.000012e-01    0.000000e+00    1.494882e+01    4.000000e-01    0.000000e+00  
