  1   1   1   5.005964e+01    5.520818e-01    0.000000e+00    5.253042e+01    5.516661e-01    0.000000e+00  
  1   1   2   5.599760e+01    5.511669e-01    0.000000e+00    5.409468e+01    5.496084e-01    0.000000e+00  
  1   1   3   5.972092e+01    5.517074e-01    0.000000e+00    5.119886e+01    5.498355e-01    0.000000e+00  
  1   1   4   5.254592e+01    5.507863e-01    0.000000e+00    5.639496e+01    5.510896e-01    0.000000e+00  
  1   1   5   5.619884e+01    5.527223e-01    0.000000e+00    4.919268e+01    5.506004e-01    0.000000e+00  
  1   1   6   6.859149e+01    5.457641e-01    0.000000e+00    1.678602e+01    5.718306e-01    0.000000e+00  
  1   1   7   5.000871e+01    5.533621e-01    0.000000e+00    -1.394871e+00    5.658356e-01    0.000000e+00  
  1   1   8   9.878376e+00    5.734635e-01    0.000000e+00    4.391642e+01    3.635689e-01    0.000000e+00  
  1   1   9   1.768492e+01    1.086320e-01    0.000000e+00    4.000000e+01    5.000000e-01    0.000000e+00  
  1   1  10   5.901633e+01    5.470694e-01    0.000000e+00    5.612022e+01    5.489080e-01    0.000000e+00  
  1   1  11   2.042085e+01    1.034646e-01    0.000000e+00    1.874462e+01    8.961011e-02    0.000000e+00  
  1   1  12   4.000000e+01    5.000000e-01    0.000000e+00    1.986698e+01    9.343161e-02    0.000000e+00  
  1   1  13   2.034818e+01    9.057613e-02    0.000000e+00    6.166960e+00    3.962396e-01    0.000000e+00  
  1   1  14   -1.850681e+01    5.623237e-01    0.000000e+00    4.383038e+01    4.213815e-01    0.000000e+00  
  1   1  15   2.386309e+01    -4.049148e+02    0.000000e+00    1.311324e+01    5.715380e-01    0.000000e+00  
  1   1  16   4.228395e+01    5.730751e-01    0.000000e+00    5.661167e+00    5.644314e-01    0.000000e+00  
  1   1  17   5.887800e+01    5.530085e-01    0.000000e+00    4.557508e+01    5.473747e-01    0.000000e+00  
  1   1  18   4.000000e+01    5.000000e-01    0.000000e+00    -8.732493e+01    3.429245e-02    0.000000e+00  
  1   1  19   8.724303e+01    -5.467836e+02    0.000000e+00    1.062461e+01    5.636697e-01    0.000000e+00  
  1   1  20   3.278763e+01    4.963526e-01    0.000000e+00    5.860724e+01    5.524618e-01    0.000000e+00  
  1   1  21   5.908541e+01    5.471224e-01    0.000000e+00    1.307422e+01    8.202286e-02    0.000000e+00  
  1   1  22   5.325385e+01    5.525553e-01    0.000000e+00    3.000354e+01    5.774865e-01    0.000000e+00  
  1   1  23   6.002713e+01    5.552374e-01    0.000000e+00    5.266901e+01    5.483267e-01    0.000000e+00  
  1   2   1   6.136651e+01    5.676955e-01    0.000000e+00    6.135099e+01    5.678543e-01    0.000000e+00  
  1   2   2   2.281959e+01    3.613060e-01    0.000000e+00    5.104168e+01    -1.953823e+02    0.000000e+00  
  1   2   3   5.920262e+01    5.697420e-01    0.000000e+00    6.072717e+01    5.677711e-01    0.000000e+00  
  1   2   4   7.255778e+01    5.711397e-01    0.000000e+00    7.003872e+01    5.692809e-01    0.000000e+00  
  1   2   5   6.847736e+01    5.723975e-01    0.000000e+00    6.369817e+01    5.692045e-01    0.000000e+00  
  1   2   6   1.305127e+01    1.219398e-01    0.000000e+00    4.460354e+01    4.909653e-01    0.000000e+00  
  1   2   7   7.061519e+01    5.680026e-01    0.000000e+00    1.422594e+01    9.324813e-02    0.000000e+00  
  1   2   8   7.000039e+01    5.703433e-01    0.000000e+00    6.398276e+01    5.667893e-01    0.000000e+00  
  1   2   9   1.189996e+01    1.158246e-01    0.000000e+00    2.470171e+01    3.787474e-01    0.000000e+00  
  1   2  10   2.658439e+01    3.707559e-01    0.000000e+00    1.442567e+01    1.808794e-01    0.000000e+00  
  1   2  11   6.073198e+01    5.702742e-01    0.000000e+00    5.970888e+01    5.663359e-01    0.000000e+00  
  1   2  12   1.645097e+01    1.092814e-01    0.000000e+00    6.821495e+01    5.633651e-01    0.000000e+00  
  1   2  13   6.614517e+01    5.648082e-01    0.000000e+00    7.069821e+01    5.666695e-01    0.000000e+00  
  1   2  14   7.985560e+01    5.638001e-01    0.000000e+00    7.440478e+01    5.606170e-01    0.000000e+00  
  1   2  15   1.211190e-01    5.701971e-01    0.000000e+00    1.222856e+01    2.286479e-01    0.000000e+00  
  1   2  16   6.216707e+01    5.290270e-01    0.000000e+00    8.631736e+01    5.668846e-01    0.000000e+00  
  1   2  17   2.079312e+01    3.058451e-01    0.000000e+00    1.051304e+01    9.054133e-02    0.000000e+00  
  1   2  18   7.232456e+01    5.647490e-01    0.000000e+00    6.668251e+01    5.650923e-01    0.000000e+00  
  1   2  19   7.352163e+01    5.684824e-01    0.000000e+00    4.557123e+01    5.634836e-01    0.000000e+00  
  1   2  20   1.503015e+00    1.316871e-01    0.000000e+00    -2.818897e+06    2.483179e+00    0.000000e+00  
  1   2  21   4.673713e+00    3.601284e-02    0.000000e+00    6.608723e+00    5.248064e-01    0.000000e+00  
  1   2  22   6.547077e+01    5.717018e-01    0.000000e+00    6.371027e+01    5.690222e-01    0.000000e+00  
  1   2  23   1.643059e+01    9.729338e-02    0.000000e+00    1.423468e+01    3.306173e-01    0.000000e+00  
  1   2  24   1.113154e+01    1.699848e-01    0.000000e+00    1.292304e+01    5.634065e-01    0.000000e+00  
  1   2  25   6.281550e+01    5.712290e-01    0.000000e+00    6.434653e+01    5.718283e-01    0.000000e+00  
  1   2  26   1.569338e+01    8.461150e-02    0.000000e+00    2.726292e+01    5.724676e-01    0.000000e+00  
  1   2  27   -1.336250e+00    5.691890e-01    0.000000e+00    5.137393e+01    5.764674e-01    0.000000e+00  
  1   2  28   8.584690e+00    6.027333e-02    0.000000e+00    -3.932371e+00    3.833057e-01    0.000000e+00  
  1   2  29   4.000000e+01    5.000000e-01    0.000000e+00    -1.645249e+00    5.336616e-01    0.000000e+00  
  1   2  30   1.069570e+01    3.791523e-01    0.000000e+00    1.352223e+01    3.823954e-01    0.000000e+00  
  1   2  31   4.115126e+01    5.776084e-01    0.000000e+00    9.520018e+00    1.099808e-01    0.000000e+00  
  1   2  32   2.580980e+01    5.792454e-01    0.000000e+00    -1.190888e+01    5.637916e-01    0.000000e+00  
  1   2  33   7.561666e+04    1.823226e+00    0.000000e+00    3.536702e+04    1.693225e+00    0.000000e+00  
  1   2  34   3.485393e+01    5.727144e-01    0.000000e+00    2.365384e+01    5.760882e-01    0.000000e+00  
  1   2  35   1.965472e+01    3.890898e-01    0.000000e+00    6.753442e+01    5.839037e-01    0.000000e+00  
  1   2  36   1.235016e+01    3.712054e-01    0.000000e+00    4.055026e+01    3.155011e-01    0.000000e+00  
  1   2  37   -1.837408e+01    5.555678e-01    0.000000e+00    1.487691e+01    8.459860e-02    0.000000e+00  
  1   2  38   4.880361e+01    5.545423e-01    0.000000e+00    1.621306e+01    2.432737e-01    0.000000e+00  
  1   2  39   1.914554e+01    8.204937e-02    0.000000e+00    2.051603e+01    5.660696e-01    0.000000e+00  
  1   2  40   1.005642e+01    3.892225e-01    0.000000e+00    7.619103e+01    5.800007e-01    0.000000e+00  
  1   2  41   6.790658e+00    5.642956e-01    0.000000e+00    -9.024079e+00    5.630158e-01    0.000000e+00  
  1   2  42   2.430460e+01    5.719615e-01    0.000000e+00    2.934003e+01    5.752230e-01    0.000000e+00  
  1   2  43   1.148931e+01    1.101428e-01    0.000000e+00    1.550419e+01    3.781286e-01    0.000000e+00  
  1   2  44   1.457005e+03    -2.004095e+05    0.000000e+00    6.212912e+00    3.812350e-01    0.000000e+00  
  1   2  45   -1.191453e+01    5.655717e-01    0.000000e+00    3.430672e-01    2.589600e-01    0.000000e+00  
  1   2  46   1.153358e+01    1.340805e-01    0.000000e+00    5.674534e+00    2.542330e-01    0.000000e+00  
  1   2  47   2.293550e+00    5.670125e-01    0.000000e+00    1.292190e+01    3.822921e-01    0.000000e+00  
  1   2  48   9.021294e+02    1.046329e+00    0.000000e+00    1.284000e+03    1.095703e+00    0.000000e+00  
  1   2  49   4.576727e+01    5.178894e-01    0.000000e+00    6.665006e+01    5.786684e-01    0.000000e+00  
  1   2  50   1.813364e+01    1.104011e-01    0.000000e+00    4.000000e+01    5.000000e-01    0.000000e+00  
  1   2  51   1.635293e+01    3.737218e-01    0.000000e+00    4.875580e+01    5.701024e-01    0.000000e+00  
  1   2  52   9.661274e+00    5.739065e-01    0.000000e+00    7.915260e+00    3.824140e-01    0.000000e+00  
  1   2  53   2.082331e+04    1.614042e+00    0.000000e+00    6.010331e+02    9.725424e-01    0.000000e+00  
  1   2  54   3.087399e+01    5.671221e-01    0.000000e+00    -6.464382e-01    5.707323e-01    0.000000e+00  
  1   2  55   4.933951e+01    5.920292e-01    0.000000e+00    4.491698e+04    1.734042e+00    0.000000e+00  
  1   2  56   4.493965e+01    5.719664e-01    0.000000e+00    1.142226e+01    1.268913e-01    0.000000e+00  
  1   2  57   1.351446e+01    5.740636e-01    0.000000e+00    4.000000e+01    5.000000e-01    0.000000e+00  
  1   2  58   2.238395e+01    5.726733e-01    0.000000e+00    1.055909e+01    5.966005e-02    0.000000e+00  
  1   2  59   5.033645e+01    5.844901e-01    0.000000e+00    3.813881e+01    5.791479e-01    0.000000e+00  
  1   2  60   5.523344e+01    5.166575e-01    0.000000e+00    8.400181e+01    5.871916e-01    0.000000e+00  
  1   2  61   4.000000e+01    5.000000e-01    0.000000e+00    1.115930e+01    3.159172e-01    0.000000e+00  
  1   2  62   -5.044693e+00    5.718880e-01    0.000000e+00    1.081842e+01    1.487746e-01    0.000000e+00  
  1   3   1   5.270062e+01    5.463421e-01    0.000000e+00    1.435668e+01    7.664146e-02    0.000000e+00  
  1   3   2   4.420898e+01    5.474429e-01    0.000000e+00    3.790666e+01    5.456893e-01    0.000000e+00  
  1   3   3   3.875677e+01    5.420334e-01    0.000000e+00    5.878181e+01    5.475364e-01    0.000000e+00  
  1   3   4   5.226252e+01    5.494722e-01    0.000000e+00    2.218553e+01    5.557035e-01    0.000000e+00  
  1   3   5   3.135660e+01    5.506485e-01    0.000000e+00    4.528546e+01    5.468206e-01    0.000000e+00  
  2   1   1   5.449701e+01    5.525434e-01    0.000000e+00    4.913512e+01    5.511207e-01    0.000000e+00  
  2   1   2   5.987551e+01    5.500411e-01    0.000000e+00    5.654425e+01    5.478603e-01    0.000000e+00  
  2   1   3   5.514794e+01    5.498408e-01    0.000000e+00    5.625516e+01    5.495203e-01    0.000000e+00  
  2   1   4   6.162672e+01    5.477711e-01    0.000000e+00    6.001036e+01    5.479578e-01    0.000000e+00  
  2   1   5   6.285174e+01    5.468114e-01    0.000000e+00    6.444575e+01    5.460099e-01    0.000000e+00  
  2   1   6   1.123723e+01    5.675649e-01    0.000000e+00    4.341077e+00    3.805628e-01    0.000000e+00  
  2   1   7   3.688052e+01    5.564962e-01    0.000000e+00    3.933373e+01    5.586619e-01    0.000000e+00  
  2   1   8   6.477814e+01    5.447211e-01    0.000000e+00    5.934976e+01    5.460002e-01    0.000000e+00  
  2   1   9   5.061978e+01    5.529139e-01    0.000000e+00    5.037062e+01    5.549200e-01    0.000000e+00  
  2   1  10   1.423443e+00    5.658416e-01    0.000000e+00    4.530151e-01    3.912133e-01    0.000000e+00  
  2   1  11   1.805232e+01    1.003952e-01    0.000000e+00    2.081720e+01    8.568509e-02    0.000000e+00  
  2   1  12   -1.379387e+00    5.641193e-01    0.000000e+00    2.229089e+01    1.258862e-01    0.000000e+00  
  2   1  13   4.000000e+01    5.000000e-01    0.000000e+00    9.110351e+00    3.907986e-01    0.000000e+00  
  2   1  14   6.973943e+00    5.059192e-02    0.000000e+00    2.279484e+01    1.041624e-01    0.000000e+00  
  2   1  15   -9.217580e+00    4.084317e-01    0.000000e+00    1.845971e+01    9.557521e-02    0.000000e+00  
  2   1  16   4.033315e+01    5.759526e-01    0.000000e+00    4.200779e+01    4.056343e-01    0.000000e+00  
  2   1  17   -1.375897e+01    4.047130e-01    0.000000e+00    5.270524e+00    3.828345e-01    0.000000e+00  
  2   1  18   5.726429e+01    5.507411e-01    0.000000e+00    5.407711e+01    5.478109e-01    0.000000e+00  
  2   1  19   2.424831e+01    9.583083e-02    0.000000e+00    -5.631782e+00    3.973595e-01    0.000000e+00  
  2   1  20   8.440067e+00    5.670041e-01    0.000000e+00    1.567171e+01    1.396745e-01    0.000000e+00  
  2   1  21   8.244056e+01    5.815619e-01    0.000000e+00    6.766150e+02    1.030117e+00    0.000000e+00  
  2   1  22   9.588711e+01    -5.609375e+02    0.000000e+00    4.876629e+01    5.522866e-01    0.000000e+00  
  2   1  23   4.952593e+01    5.420484e-01    0.000000e+00    6.750011e+01    5.589512e-01    0.000000e+00  
  2   2   1   7.022011e+01    5.636165e-01    0.000000e+00    6.512955e+01    5.622201e-01    0.000000e+00  
  2   2   2   6.535388e+01    -4.213475e+02    0.000000e+00    6.068813e+00    1.387124e-01    0.000000e+00  
  2   2   3   7.303957e+01    5.685838e-01    0.000000e+00    7.381928e+01    5.649446e-01    0.000000e+00  
  2   2   4   6.385265e+01    5.707178e-01    0.000000e+00    5.894410e+01    5.687330e-01    0.000000e+00  
  2   2   5   6.875950e+01    5.682707e-01    0.000000e+00    7.700546e+01    5.702506e-01    0.000000e+00  
  2   2   6   6.686896e+01    5.700210e-01    0.000000e+00    6.593202e+01    5.682506e-01    0.000000e+00  
  2   2   7   5.453711e+01    5.501915e-01    0.000000e+00    2.369068e+01    3.753081e-01    0.000000e+00  
  2   2   8   7.089782e+01    5.694441e-01    0.000000e+00    6.507318e+01    5.678642e-01    0.000000e+00  
  2   2   9   7.890176e+01    5.671760e-01    0.000000e+00    7.475757e+01    5.686198e-01    0.000000e+00  
  2   2  10   6.490169e+00    1.498304e-01    0.000000e+00    1.184928e+01    1.004751e-01    0.000000e+00  
  2   2  11   7.319218e+01    5.695030e-01    0.000000e+00    6.442054e+01    5.632992e-01    0.000000e+00  
  2   2  12   1.288728e+01    2.868286e-01    0.000000e+00    6.154131e+01    5.430145e-01    0.000000e+00  
  2   2  13   1.054339e+01    1.163191e-01    0.000000e+00    1.903948e+01    3.856577e-01    0.000000e+00  
  2   2  14   1.381751e+01    1.065431e-01    0.000000e+00    1.291634e+01    1.033339e-01    0.000000e+00  
  2   2  15   4.000000e+01    5.000000e-01    0.000000e+00    1.777945e+01    1.102116e-01    0.000000e+00  
  2   2  16   6.933231e+01    5.715893e-01    0.000000e+00    5.339034e+01    5.666366e-01    0.000000e+00  
  2   2  17   6.471077e+01    5.697767e-01    0.000000e+00    6.098366e+01    5.698498e-01    0.000000e+00  
  2   2  18   7.820552e+01    5.728714e-01    0.000000e+00    2.084076e+01    3.991162e-01    0.000000e+00  
  2   2  19   1.674242e+01    3.830082e-01    0.000000e+00    1.282011e+01    1.479806e-01    0.000000e+00  
  2   2  20   4.078343e+01    5.695051e-01    0.000000e+00    5.766936e+01    5.831842e-01    0.000000e+00  
  2   2  21   1.243866e+01    2.973742e-01    0.000000e+00    7.616014e+01    5.607751e-01    0.000000e+00  
  2   2  22   3.027163e+01    5.657278e-01    0.000000e+00    5.267166e+01    5.841726e-01    0.000000e+00  
  2   2  23   2.881308e+00    2.596522e-02    0.000000e+00    1.594634e+01    3.802901e-01    0.000000e+00  
  2   2  24   5.690844e+01    5.678580e-01    0.000000e+00    5.566964e+01    5.727566e-01    0.000000e+00  
  2   2  25   1.066458e+01    4.016964e-01    0.000000e+00    1.509990e+01    8.982842e-02    0.000000e+00  
  2   2  26   3.711200e+01    5.726141e-01    0.000000e+00    4.970075e+00    5.724849e-01    0.000000e+00  
  2   2  27   -1.325385e+00    5.656177e-01    0.000000e+00    3.432676e+00    3.042851e-01    0.000000e+00  
  2   2  28   8.973524e+00    6.759622e-02    0.000000e+00    7.141371e+01    5.779568e-01    0.000000e+00  
  2   2  29   5.524788e+01    5.751174e-01    0.000000e+00    9.258528e+00    2.261034e-01    0.000000e+00  
  2   2  30   4.621433e+00    6.679546e-02    0.000000e+00    2.136932e+01    5.727826e-01    0.000000e+00  
  2   2  31   9.354878e+00    8.928987e-02    0.000000e+00    6.362963e+00    9.009274e-02    0.000000e+00  
  2   2  32   -1.543982e+01    5.561402e-01    0.000000e+00    4.000000e+01    5.000000e-01    0.000000e+00  
  2   2  33   7.363389e+01    5.680617e-01    0.000000e+00    7.525025e+01    5.639849e-01    0.000000e+00  
  2   2  34   2.438415e+01    1.877205e-01    0.000000e+00    7.683152e+00    5.731671e-01    0.000000e+00  
  2   2  35   1.848807e+01    9.526692e-02    0.000000e+00    7.442582e+00    4.012806e-01    0.000000e+00  
  2   2  36   6.215020e+00    9.691650e-02    0.000000e+00    7.459207e+01    5.778751e-01    0.000000e+00  
  2   2  37   3.859957e+00    2.183140e-01    0.000000e+00    4.487833e+01    5.552024e-01    0.000000e+00  
  2   2  38   4.669742e+01    5.673492e-01    0.000000e+00    1.440531e+01    1.814744e-01    0.000000e+00  
  2   2  39   1.050977e+01    3.843409e-01    0.000000e+00    5.860744e+00    8.198571e-02    0.000000e+00  
  2   2  40   1.131798e+01    1.097728e-01    0.000000e+00    -4.081218e+01    5.545635e-01    0.000000e+00  
  2   2  41   5.806941e+01    5.710137e-01    0.000000e+00    4.730090e+01    5.738996e-01    0.000000e+00  
  2   2  42   7.300486e+00    1.967821e-01    0.000000e+00    -9.230844e+00    2.711818e-01    0.000000e+00  
  2   2  43   4.319069e+01    4.093897e-01    0.000000e+00    2.503125e+01    5.947196e-01    0.000000e+00  
  2   2  44   5.590890e+01    5.762404e-01    0.000000e+00    4.685677e+01    5.782792e-01    0.000000e+00  
  2   2  45   7.497524e+01    5.804833e-01    0.000000e+00    3.489443e+01    5.098523e-01    0.000000e+00  
  2   2  46   1.936961e+01    5.302689e-01    0.000000e+00    1.454674e+01    5.895618e-01    0.000000e+00  
  2   2  47   1.311399e+01    5.802190e-01    0.000000e+00    1.257292e+01    4.074554e-01    0.000000e+00  
  2   2  48   7.127134e+00    8.766090e-02    0.000000e+00    1.316604e+01    3.852241e-01    0.000000e+00  
  2   2  49   2.773773e+01    5.735381e-01    0.000000e+00    4.000000e+01    5.000000e-01    0.000000e+00  
  2   2  50   3.347893e+01    4.157671e-01    0.000000e+00    3.826810e+00    2.922772e-02    0.000000e+00  
  2   2  51   1.246171e+01    3.745349e-01    0.000000e+00    7.348893e-01    5.690314e-01    0.000000e+00  
  2   2  52   1.514181e+01    3.843653e-01    0.000000e+00    9.419490e+01    5.823974e-01    0.000000e+00  
  2   2  53   9.201940e+00    5.797370e-01    0.000000e+00    3.286530e+01    5.409603e-01    0.000000e+00  
  2   2  54   1.162862e+01    1.183097e-01    0.000000e+00    1.577288e+01    3.949490e-01    0.000000e+00  
  2   2  55   1.298214e+01    5.263690e-01    0.000000e+00    4.872115e+01    5.308710e-01    0.000000e+00  
  2   2  56   2.713053e+01    3.350263e-01    0.000000e+00    8.218833e+00    3.600333e-01    0.000000e+00  
  2   2  57   3.656447e+01    5.779284e-01    0.000000e+00    6.777226e+01    5.925637e-01    0.000000e+00  
  2   2  58   9.550193e+03    1.453740e+00    0.000000e+00    7.419515e+04    1.736040e+00    0.000000e+00  
  2   2  59   9.035293e+00    9.506743e-02    0.000000e+00    5.091159e+01    5.849691e-01    0.000000e+00  
  2   2  60   6.327913e+01    5.774957e-01    0.000000e+00    4.717145e+01    5.909118e-01    0.000000e+00  
  2   2  61   1.998450e+01    5.788464e-01    0.000000e+00    4.167775e+01    5.801552e-01    0.000000e+00  
  2   2  62   -6.443144e-01    5.735248e-01    0.000000e+00    1.808977e+01    5.868687e-01    0.000000e+00  
  2   3   1   1.578894e+02    7.575522e-01    0.000000e+00    5.734284e+01    5.327682e-01    0.000000e+00  
  2   3   2   4.256614e+01    5.462901e-01    0.000000e+00    4.376001e+01    5.462465e-01    0.000000e+00  
  2   3   3   4.000000e+01    5.000000e-01    0.000000e+00    1.846045e+01    1.335011e-01    0.000000e+00  
  2   3   4   4.401059e+00    5.605637e-01    0.000000e+00    1.006341e+01    5.577783e-01    0.000000e+00  
  2   3   5   4.000000e+01    5.000000e-01    0.000000e+00    6.937937e+01    5.655899e-01    0.000000e+00  
  3   1   1   5.684876e+01    5.501672e-01    0.000000e+00    5.427154e+01    5.508105e-01    0.000000e+00  
  3   1   2   5.163803e+01    5.514229e-01    0.000000e+00    5.469727e+01    5.506943e-01    0.000000e+00  
  3   1   3   5.754375e+01    5.488699e-01    0.000000e+00    5.889407e+01    5.486194e-01    0.000000e+00  
  3   1   4   6.398886e+01    5.420075e-01    0.000000e+00    7.131573e+01    5.445321e-01    0.000000e+00  
  3   1   5   4.763484e+01    5.573734e-01    0.000000e+00    4.732303e+01    5.552334e-01    0.000000e+00  
  3   1   6   5.719193e+01    5.528688e-01    0.000000e+00    4.891719e+01    5.520830e-01    0.000000e+00  
  3   1   7   1.939754e+01    9.754171e-02    0.000000e+00    4.762565e+02    -1.443668e+04    0.000000e+00  
  3   1   8   1.940964e+01    9.661108e-02    0.000000e+00    1.954665e+01    9.159331e-02    0.000000e+00  
  3   1   9   4.414004e+00    4.373741e-01    0.000000e+00    1.289304e+01    7.335964e-02    0.000000e+00  
  3   1  10   4.289410e+01    3.760034e-01    0.000000e+00    1.088940e+01    6.963177e-02    0.000000e+00  
  3   1  11   -3.916333e+00    3.660852e-01    0.000000e+00    1.741391e+01    1.126402e-01    0.000000e+00  
  3   1  12   3.323817e+03    -3.351626e+05    0.000000e+00    8.028600e-01    3.856351e-01    0.000000e+00  
  3   1  13   4.000000e+01    5.000000e-01    0.000000e+00    4.373211e+01    5.704604e-01    0.000000e+00  
  3   1  14   2.610881e+01    1.037161e-01    0.000000e+00    1.169744e+03    -3.896309e+05    0.000000e+00  
  3   1  15   2.105624e+01    8.791522e-02    0.000000e+00    2.185956e+01    1.002387e-01    0.000000e+00  
  3   1  16   -1.395524e+01    5.587062e-01    0.000000e+00    5.539691e+02    9.844694e-01    0.000000e+00  
  3   1  17   1.533467e+01    3.653238e-01    0.000000e+00    4.000000e+01    5.000000e-01    0.000000e+00  
  3   1  18   5.476708e+01    5.437294e-01    0.000000e+00    6.057109e+01    5.493072e-01    0.000000e+00  
  3   1  19   5.312601e+01    5.426771e-01    0.000000e+00    6.044503e+01    5.506385e-01    0.000000e+00  
  3   1  20   5.751768e+01    5.419302e-01    0.000000e+00    6.341450e+01    5.473328e-01    0.000000e+00  
  3   1  21   4.945184e+01    5.570068e-01    0.000000e+00    4.686638e+01    5.543810e-01    0.000000e+00  
  3   1  22   4.960158e+01    5.481989e-01    0.000000e+00    5.904348e+01    5.544614e-01    0.000000e+00  
  3   1  23   5.558314e+01    5.396144e-01    0.000000e+00    1.270732e+01    5.681184e-01    0.000000e+00  
  3   2   1   6.059315e+01    5.652610e-01    0.000000e+00    6.581834e+01    5.656405e-01    0.000000e+00  
  3   2   2   6.579662e+01    5.660970e-01    0.000000e+00    6.660091e+01    5.652082e-01    0.000000e+00  
  3   2   3   6.151543e+01    5.693767e-01    0.000000e+00    1.337099e+01    2.190565e-01    0.000000e+00  
  3   2   4   4.245420e+01    5.015286e-01    0.000000e+00    3.209937e+01    -9.898839e+01    0.000000e+00  
  3   2   5   6.179063e+01    5.702576e-01    0.000000e+00    6.323944e+01    5.697005e-01    0.000000e+00  
  3   2   6   1.462622e+01    2.230653e-01    0.000000e+00    4.569539e+01    4.930575e-01    0.000000e+00  
  3   2   7   6.338151e+01    5.690019e-01    0.000000e+00    1.211412e+01    1.497814e-01    0.000000e+00  
  3   2   8   5.988171e+01    5.677908e-01    0.000000e+00    6.565575e+01    5.692723e-01    0.000000e+00  
  3   2   9   6.384162e+01    5.717458e-01    0.000000e+00    6.090177e+01    5.673540e-01    0.000000e+00  
  3   2  10   6.522965e+01    5.652012e-01    0.000000e+00    6.759742e+01    5.671011e-01    0.000000e+00  
  3   2  11   5.474352e+01    5.659618e-01    0.000000e+00    6.530596e+01    5.693024e-01    0.000000e+00  
  3   2  12   5.475746e+01    5.506331e-01    0.000000e+00    2.126166e+01    3.499409e-01    0.000000e+00  
  3   2  13   4.787500e+01    5.316826e-01    0.000000e+00    2.615212e+01    3.898069e-01    0.000000e+00  
  3   2  14   7.181691e+01    5.624229e-01    0.000000e+00    9.215982e+01    5.638162e-01    0.000000e+00  
  3   2  15   1.613513e+01    2.769108e-01    0.000000e+00    4.892503e+01    5.231443e-01    0.000000e+00  
  3   2  16   1.715807e+01    1.081835e-01    0.000000e+00    5.313292e+01    5.661812e-01    0.000000e+00  
  3   2  17   7.286981e+01    5.749750e-01    0.000000e+00    3.537506e+00    4.442482e-02    0.000000e+00  
  3   2  18   5.998531e+01    5.651880e-01    0.000000e+00    6.127684e+01    5.742611e-01    0.000000e+00  
  3   2  19   1.872203e+01    8.447361e-02    0.000000e+00    4.908980e+01    5.674630e-01    0.000000e+00  
  3   2  20   9.969809e+00    1.701347e-01    0.000000e+00    1.382657e+01    1.788671e-01    0.000000e+00  
  3   2  21   1.863012e+01    7.834032e-02    0.000000e+00    2.901313e+01    3.886832e-01    0.000000e+00  
  3   2  22   5.657127e+01    5.578373e-01    0.000000e+00    2.978800e+01    5.777855e-01    0.000000e+00  
  3   2  23   4.656439e+00    5.601558e-01    0.000000e+00    -1.637327e+01    5.448401e-01    0.000000e+00  
  3   2  24   7.575589e+01    5.694898e-01    0.000000e+00    1.730600e+01    5.796323e-01    0.000000e+00  
  3   2  25   8.482322e+00    1.457460e-01    0.000000e+00    5.857097e+01    5.674205e-01    0.000000e+00  
  3   2  26   1.429283e+04    1.455240e+00    0.000000e+00    1.011692e+01    3.805405e-01    0.000000e+00  
  3   2  27   2.957200e+01    4.852133e-01    0.000000e+00    4.206181e+01    5.892169e-01    0.000000e+00  
  3   2  28   7.549125e+00    6.768676e-02    0.000000e+00    2.235780e+01    2.419805e-01    0.000000e+00  
  3   2  29   9.089674e+01    5.865578e-01    0.000000e+00    4.279807e+01    5.650217e-01    0.000000e+00  
  3   2  30   3.550456e+00    5.753511e-01    0.000000e+00    -5.679733e+00    5.657640e-01    0.000000e+00  
  3   2  31   1.695069e+01    2.541700e-01    0.000000e+00    4.023181e+01    5.717407e-01    0.000000e+00  
  3   2  32   2.297478e+01    5.784216e-01    0.000000e+00    4.000000e+01    5.000000e-01    0.000000e+00  
  3   2  33   3.522837e+01    5.635948e-01    0.000000e+00    -7.645232e+00    1.649035e-01    0.000000e+00  
  3   2  34   4.262758e+01    5.636979e-01    0.000000e+00    1.946874e+01    1.218307e-01    0.000000e+00  
  3   2  35   1.813870e+01    9.794434e-02    0.000000e+00    2.245126e+01    5.779934e-01    0.000000e+00  
  3   2  36   1.145061e+05    1.877064e+00    0.000000e+00    5.601194e+01    -2.620845e+03    0.000000e+00  
  3   2  37   2.265843e+01    3.780288e-01    0.000000e+00    7.432724e+00    5.785814e-01    0.000000e+00  
  3   2  38   4.469113e+01    5.713009e-01    0.000000e+00    5.453799e+01    5.792509e-01    0.000000e+00  
  3   2  39   8.030000e+01    5.768861e-01    0.000000e+00    5.632707e+01    5.731900e-01    0.000000e+00  
  3   2  40   8.138371e+01    5.740506e-01    0.000000e+00    3.959340e+00    3.837972e-01    0.000000e+00  
  3   2  41   4.460586e+01    3.852185e-01    0.000000e+00    -4.453214e+00    5.641056e-01    0.000000e+00  
  3   2  42   1.220904e+01    1.174404e-01    0.000000e+00    7.380639e-01    3.710859e-01    0.000000e+00  
  3   2  43   8.732799e+01    5.614161e-01    0.000000e+00    1.406829e+01    1.442239e-01    0.000000e+00  
  3   2  44   3.073323e+01    5.685951e-01    0.000000e+00    2.219349e+01    2.965198e-01    0.000000e+00  
  3   2  45   4.621463e+01    5.738442e-01    0.000000e+00    5.936464e+01    5.878195e-01    0.000000e+00  
  3   2  46   6.129151e+00    7.510354e-02    0.000000e+00    -3.537913e+00    5.666186e-01    0.000000e+00  
  3   2  47   7.348224e+01    5.784257e-01    0.000000e+00    1.814851e+01    3.580306e-01    0.000000e+00  
  3   2  48   6.241114e+01    5.692537e-01    0.000000e+00    7.373029e+01    5.806447e-01    0.000000e+00  
  3   2  49   4.000000e+01    5.000000e-01    0.000000e+00    9.814632e+00    3.908375e-01    0.000000e+00  
  3   2  50   1.019834e+01    1.587926e-01    0.000000e+00    1.924755e+01    3.922801e-01    0.000000e+00  
  3   2  51   5.111235e+01    6.967954e-01    0.000000e+00    5.709144e+01    5.752797e-01    0.000000e+00  
  3   2  52   3.084600e+01    5.903509e-01    0.000000e+00    2.946128e+01    5.770818e-01    0.000000e+00  
  3   2  53   6.322465e+01    5.817521e-01    0.000000e+00    5.347236e+01    5.787892e-01    0.000000e+00  
  3   2  54   2.820140e+01    5.816887e-01    0.000000e+00    4.000000e+01    5.000000e-01    0.000000e+00  
  3   2  55   2.642741e+05    2.035355e+00    0.000000e+00    1.067442e+01    5.825233e-01    0.000000e+00  
  3   2  56   2.797999e+01    5.445260e-01    0.000000e+00    1.299766e+01    1.361619e-01    0.000000e+00  
  3   2  57   9.682612e+04    1.776712e+00    0.000000e+00    -3.566618e+00    5.687818e-01    0.000000e+00  
  3   2  58   4.188537e+04    1.607329e+00    0.000000e+00    3.088022e+04    1.623343e+00    0.000000e+00  
  3   2  59   5.681666e+01    6.063828e-01    0.000000e+00    1.029496e+04    1.528354e+00    0.000000e+00  
  3   2  60   1.969183e+01    5.829826e-01    0.000000e+00    3.146770e+01    5.822477e-01    0.000000e+00  
  3   2  61   1.591474e+01    5.795355e-01    0.000000e+00    2.285040e+03    1.254005e+00    0.000000e+00  
  3   2  62   1.310689e+01    3.836771e-01    0.000000e+00    8.808228e+01    5.793363e-01    0.000000e+00  
  3   3   1   3.594430e+02    9.431667e-01    0.000000e+00    6.505182e+01    5.545525e-01    0.000000e+00  
  3   3   2   5.285398e+01    5.398480e-01    0.000000e+00    4.835075e+01    5.386080e-01    0.000000e+00  
  3   3   3   4.917424e+01    5.437561e-01    0.000000e+00    5.097045e+01    5.393824e-01    0.000000e+00  
  3   3   4   3.308688e+01    5.548455e-01    0.000000e+00    3.016482e+01    5.503601e-01    0.000000e+00  
  3   3   5   -4.683170e+00    2.710732e-01    0.000000e+00    2.769042e+01    5.672792e-01    0.000000e+00  
  4   1   1   5.351897e+01    5.505545e-01    0.000000e+00    5.152702e+01    5.519076e-01    0.000000e+00  
  4   1   2   5.266460e+01    5.521632e-01    0.000000e+00    5.131039e+01    5.513085e-01    0.000000e+00  
  4   1   3   5.979793e+01    5.504586e-01    0.000000e+00    5.362143e+01    5.497744e-01    0.000000e+00  
  4   1   4   5.312010e+01    5.537280e-01    0.000000e+00    4.973097e+01    5.525790e-01    0.000000e+00  
  4   1   5   4.000000e+01    5.000000e-01    0.000000e+00    1.727084e+00    3.268316e-01    0.000000e+00  
  4   1   6   5.818554e+01    5.479918e-01    0.000000e+00    5.944673e+01    5.488014e-01    0.000000e+00  
  4   1   7   5.267725e+01    5.506552e-01    0.000000e+00    5.574359e+01    5.539496e-01    0.000000e+00  
  4   1   8   1.167189e+01    1.010830e-01    0.000000e+00    4.000000e+01    5.000000e-01    0.000000e+00  
  4   1   9   5.224376e+01    5.491449e-01    0.000000e+00    5.769547e+01    5.557612e-01    0.000000e+00  
  4   1  10   8.961028e+00    5.659738e-01    0.000000e+00    6.475929e+01    5.498576e-01    0.000000e+00  
  4   1  11   1.667012e+01    5.725153e-01    0.000000e+00    -7.290639e+00    5.640032e-01    0.000000e+00  
  4   1  12   2.167043e+01    1.012965e-01    0.000000e+00    4.000000e+01    5.000000e-01    0.000000e+00  
  4   1  13   5.186938e+01    5.437463e-01    0.000000e+00    5.714225e+01    5.529500e-01    0.000000e+00  
  4   1  14   -6.113510e+00    3.803550e-01    0.000000e+00    -1.026548e+01    5.633915e-01    0.000000e+00  
  4   1  15   5.586534e+01    5.441060e-01    0.000000e+00    5.913158e+01    5.469957e-01    0.000000e+00  
  4   1  16   2.521990e+01    1.109394e-01    0.000000e+00    -9.850350e+00    3.824319e-01    0.000000e+00  
  4   1  17   2.494694e+01    5.668752e-01    0.000000e+00    5.567116e+01    5.403414e-01    0.000000e+00  
  4   1  18   6.797296e+01    5.541253e-01    0.000000e+00    4.875311e+01    5.407677e-01    0.000000e+00  
  4   1  19   4.000000e+01    4.900000e-01    0.000000e+00    1.208095e+01    1.173365e-01    0.000000e+00  
  4   1  20   -1.923450e+00    5.657823e-01    0.000000e+00    1.482397e+01    5.669264e-01    0.000000e+00  
  4   1  21   2.175304e+00    3.995730e-01    0.000000e+00    4.223094e+01    3.806185e-01    0.000000e+00  
  4   1  22   2.099712e+01    3.108220e-01    0.000000e+00    7.650347e+00    3.978385e-01    0.000000e+00  
  4   1  23   4.248635e+01    5.499696e-01    0.000000e+00    5.961369e+01    5.585210e-01    0.000000e+00  
  4   2   1   5.535304e+01    5.653285e-01    0.000000e+00    6.239298e+01    5.682297e-01    0.000000e+00  
  4   2   2   5.838579e+01    5.675816e-01    0.000000e+00    6.021285e+01    5.658619e-01    0.000000e+00  
  4   2   3   6.615233e+01    5.688519e-01    0.000000e+00    7.015387e+01    5.693152e-01    0.000000e+00  
  4   2   4   2.286710e+01    3.549397e-01    0.000000e+00    7.007560e+01    5.701354e-01    0.000000e+00  
  4   2   5   6.766213e+01    5.691998e-01    0.000000e+00    7.376648e+01    5.713513e-01    0.000000e+00  
  4   2   6   4.180718e+01    3.058535e-01    0.000000e+00    2.524959e+00    5.759894e-01    0.000000e+00  
  4   2   7   7.410926e+01    5.718745e-01    0.000000e+00    5.302150e+01    5.203391e-01    0.000000e+00  
  4   2   8   7.213196e+01    5.674381e-01    0.000000e+00    8.394640e+01    5.689024e-01    0.000000e+00  
  4   2   9   2.443484e+01    3.532394e-01    0.000000e+00    1.258224e+01    1.115955e-01    0.000000e+00  
  4   2  10   2.383754e+01    5.710022e-01    0.000000e+00    5.779476e+01    5.680536e-01    0.000000e+00  
  4   2  11   6.042185e+01    5.693883e-01    0.000000e+00    6.045319e+01    5.651607e-01    0.000000e+00  
  4   2  12   1.299280e+01    5.247746e-01    0.000000e+00    6.389919e+01    5.686389e-01    0.000000e+00  
  4   2  13   1.313727e+01    8.361026e-02    0.000000e+00    3.041314e+01    3.953285e-01    0.000000e+00  
  4   2  14   6.728346e+01    5.667432e-01    0.000000e+00    5.874660e+01    5.666680e-01    0.000000e+00  
  4   2  15   7.153293e+01    5.687091e-01    0.000000e+00    6.548372e+01    5.643456e-01    0.000000e+00  
  4   2  16   9.759582e+00    7.953552e-02    0.000000e+00    1.762772e+01    3.912161e-01    0.000000e+00  
  4   2  17   5.412087e+01    5.549044e-01    0.000000e+00    8.078730e+00    3.833950e-01    0.000000e+00  
  4   2  18   2.545217e+01    3.677791e-01    0.000000e+00    1.074568e+01    8.908037e-02    0.000000e+00  
  4   2  19   5.514628e+01    5.768582e-01    0.000000e+00    2.491933e+01    5.690993e-01    0.000000e+00  
  4   2  20   2.174667e+01    3.838391e-01    0.000000e+00    1.332969e+01    1.239877e-01    0.000000e+00  
  4   2  21   2.759659e+00    2.031084e-02    0.000000e+00    -1.092025e+01    5.521130e-01    0.000000e+00  
  4   2  22   1.110963e+01    5.392485e-01    0.000000e+00    2.853615e+00    6.437684e-02    0.000000e+00  
  4   2  23   1.766455e+01    8.777596e-02    0.000000e+00    1.821462e+01    8.776674e-02    0.000000e+00  
  4   2  24   1.151996e+01    3.590029e-01    0.000000e+00    8.505866e+00    2.184223e-01    0.000000e+00  
  4   2  25   2.101971e+01    2.512789e-01    0.000000e+00    4.000000e+01    5.000000e-01    0.000000e+00  
  4   2  26   6.584898e+01    4.605786e-01    0.000000e+00    7.574025e+01    5.638538e-01    0.000000e+00  
  4   2  27   3.671245e+01    5.273210e-01    0.000000e+00    -1.894695e+06    2.489949e+00    0.000000e+00  
  4   2  28   8.186495e+01    5.925764e-01    0.000000e+00    2.703515e+04    1.598062e+00    0.000000e+00  
  4   2  29   -8.881018e+00    2.207361e-01    0.000000e+00    1.223541e+01    5.808577e-01    0.000000e+00  
  4   2  30   -1.157161e-01    1.439233e-01    0.000000e+00    -8.602847e+00    5.642217e-01    0.000000e+00  
  4   2  31   3.457573e+01    5.123598e-01    0.000000e+00    2.180054e+00    5.379048e-01    0.000000e+00  
  4   2  32   4.595825e+00    5.416005e-01    0.000000e+00    6.423725e+00    5.796164e-01    0.000000e+00  
  4   2  33   3.200821e+01    5.757424e-01    0.000000e+00    -8.447345e+01    5.473293e-01    0.000000e+00  
  4   2  34   1.122221e+00    5.703345e-01    0.000000e+00    5.866811e+02    -5.889206e+04    0.000000e+00  
  4   2  35   6.483594e+04    1.752402e+00    0.000000e+00    1.077987e+01    1.195680e-01    0.000000e+00  
  4   2  36   5.200376e+01    5.788706e-01    0.000000e+00    9.841990e+00    9.558595e-02    0.000000e+00  
  4   2  37   2.350835e+03    1.167569e+00    0.000000e+00    2.710462e+01    5.323324e-01    0.000000e+00  
  4   2  38   9.183988e+00    8.872934e-02    0.000000e+00    4.484184e+00    2.734869e-01    0.000000e+00  
  4   2  39   5.361189e+01    5.674883e-01    0.000000e+00    6.561598e+01    5.802168e-01    0.000000e+00  
  4   2  40   5.147330e+01    5.744034e-01    0.000000e+00    5.239763e+01    5.806324e-01    0.000000e+00  
  4   2  41   1.456909e+01    7.265514e-02    0.000000e+00    4.000000e+01    5.000000e-01    0.000000e+00  
  4   2  42   7.648283e+01    5.732522e-01    0.000000e+00    2.348541e+01    4.010347e-01    0.000000e+00  
  4   2  43   3.015859e+01    5.727780e-01    0.000000e+00    4.345287e+01    5.868626e-01    0.000000e+00  
  4   2  44   1.712311e+03    -3.457932e+05    0.000000e+00    1.364383e+04    1.394320e+00    0.000000e+00  
  4   2  45   6.801441e+01    5.842530e-01    0.000000e+00    2.277409e+01    4.732583e-01    0.000000e+00  
  4   2  46   3.124962e+01    5.387346e-01    0.000000e+00    1.316074e+04    9.164997e-01    0.000000e+00  
  4   2  47   6.578373e+01    5.742556e-01    0.000000e+00    2.173752e+05    1.908092e+00    0.000000e+00  
  4   2  48   7.540324e+00    1.029350e-01    0.000000e+00    2.184428e+01    5.752917e-01    0.000000e+00  
  4   2  49   2.492500e+01    5.756193e-01    0.000000e+00    4.863329e+00    2.852841e-01    0.000000e+00  
  4   2  50   1.564803e+01    5.788627e-01    0.000000e+00    8.871940e+04    1.783726e+00    0.000000e+00  
  4   2  51   1.677522e+01    7.899804e-02    0.000000e+00    -3.012720e+00    4.865267e-01    0.000000e+00  
  4   2  52   4.383996e+01    5.748230e-01    0.000000e+00    3.281791e+01    3.644815e-01    0.000000e+00  
  4   2  53   1.191632e+01    1.183570e-01    0.000000e+00    6.173854e+01    5.875258e-01    0.000000e+00  
  4   2  54   5.290620e+01    5.687006e-01    0.000000e+00    1.177888e+04    1.436871e+00    0.000000e+00  
  4   2  55   3.868016e+04    1.695925e+00    0.000000e+00    1.014003e+05    1.877937e+00    0.000000e+00  
  4   2  56   5.224656e+01    5.922053e-01    0.000000e+00    3.145498e+01    5.726704e-01    0.000000e+00  
  4   2  57   2.414557e+01    5.807649e-01    0.000000e+00    4.570304e+01    5.689010e-01    0.000000e+00  
  4   2  58   4.992980e+01    5.708933e-01    0.000000e+00    8.241125e+01    5.847599e-01    0.000000e+00  
  4   2  59   7.676196e+03    1.405655e+00    0.000000e+00    8.286079e+01    7.091453e-01    0.000000e+00  
  4   2  60   6.878367e+01    5.885330e-01    0.000000e+00    4.541174e+01    5.485926e-01    0.000000e+00  
  4   2  61   5.648222e+01    5.733368e-01    0.000000e+00    6.106955e+02    9.641209e-01    0.000000e+00  
  4   2  62   1.270383e+01    1.205924e-01    0.000000e+00    2.076436e+01    3.417826e-01    0.000000e+00  
  4   3   1   4.119786e+01    5.470912e-01    0.000000e+00    4.180208e+01    5.456591e-01    0.000000e+00  
  4   3   2   4.526692e+01    5.433351e-01    0.000000e+00    5.245805e+01    5.423439e-01    0.000000e+00  
  4   3   3   4.155506e+01    5.459108e-01    0.000000e+00    4.206686e+01    5.465591e-01    0.000000e+00  
  4   3   4   3.049426e+01    5.457735e-01    0.000000e+00    6.203109e+01    5.637736e-01    0.000000e+00  
  4   3   5   3.450226e+01    5.661842e-01    0.000000e+00    2.804590e+01    5.589941e-01    0.000000e+00  
  5   1   1   5.616544e+01    5.505923e-01    0.000000e+00    5.268135e+01    5.504694e-01    0.000000e+00  
  5   1   2   5.481828e+01    5.516129e-01    0.000000e+00    5.208443e+01    5.495817e-01    0.000000e+00  
  5   1   3   4.868272e+01    5.528042e-01    0.000000e+00    4.841692e+01    5.538269e-01    0.000000e+00  
  5   1   4   6.013551e+01    5.520605e-01    0.000000e+00    4.593462e+01    5.505593e-01    0.000000e+00  
  5   1   5   1.119068e+01    1.028253e-01    0.000000e+00    1.087806e+01    3.870309e-01    0.000000e+00  
  5   1   6   5.485781e+01    5.498049e-01    0.000000e+00    5.901370e+01    5.483451e-01    0.000000e+00  
  5   1   7   5.964639e+01    5.423046e-01    0.000000e+00    7.043840e+01    5.467184e-01    0.000000e+00  
  5   1   8   4.383825e+01    5.578069e-01    0.000000e+00    2.575477e+01    5.634594e-01    0.000000e+00  
  5   1   9   4.000000e+01    5.000000e-01    0.000000e+00    1.961485e+01    9.257026e-02    0.000000e+00  
  5   1  10   5.596224e+01    5.487491e-01    0.000000e+00    5.325064e+01    5.495637e-01    0.000000e+00  
  5   1  11   6.539181e+01    5.340694e-01    0.000000e+00    6.511435e+01    5.403555e-01    0.000000e+00  
  5   1  12   4.302591e+00    5.624107e-01    0.000000e+00    4.000000e+01    5.000000e-01    0.000000e+00  
  5   1  13   1.019109e+01    5.681915e-01    0.000000e+00    1.489575e+03    1.292586e+00    0.000000e+00  
  5   1  14   1.735735e+01    5.530191e-01    0.000000e+00    -3.265686e+00    3.804679e-01    0.000000e+00  
  5   1  15   -7.856851e+00    3.856029e-01    0.000000e+00    1.571876e+01    1.214062e-01    0.000000e+00  
  5   1  16   3.059360e+01    5.759158e-01    0.000000e+00    -3.094138e+00    2.554269e-01    0.000000e+00  
  5   1  17   7.763946e+01    5.846374e-01    0.000000e+00    -3.328697e+01    4.135189e-01    0.000000e+00  
  5   1  18   1.440953e+01    1.457965e-01    0.000000e+00    -1.878159e+00    3.812188e-01    0.000000e+00  
  5   1  19   9.858065e+01    5.999481e-01    0.000000e+00    7.617089e+02    1.061194e+00    0.000000e+00  
  5   1  20   5.661405e+01    5.506740e-01    0.000000e+00    5.446216e+01    5.486733e-01    0.000000e+00  
  5   1  21   5.151297e+01    5.456685e-01    0.000000e+00    6.028481e+01    5.512753e-01    0.000000e+00  
  5   1  22   2.051778e+03    1.212022e+00    0.000000e+00    4.657449e+03    1.357105e+00    0.000000e+00  
  5   1  23   8.615477e-01    4.046376e-01    0.000000e+00    1.555224e+01    1.112850e-01    0.000000e+00  
  5   2   1   6.567005e+01    5.649063e-01    0.000000e+00    5.062722e+01    5.273681e-01    0.000000e+00  
  5   2   2   3.052624e+01    3.960032e-01    0.000000e+00    1.284028e+01    1.430962e-01    0.000000e+00  
  5   2   3   6.343652e+01    5.714503e-01    0.000000e+00    1.562275e+01    5.737913e-01    0.000000e+00  
  5   2   4   7.002999e+01    5.684270e-01    0.000000e+00    6.429692e+01    5.664365e-01    0.000000e+00  
  5   2   5   1.674743e+01    2.740254e-01    0.000000e+00    1.290698e+01    1.105991e-01    0.000000e+00  
  5   2   6   5.953953e+01    5.699795e-01    0.000000e+00    5.303774e+01    5.677955e-01    0.000000e+00  
  5   2   7   6.011246e+01    5.667922e-01    0.000000e+00    7.105776e+01    5.719721e-01    0.000000e+00  
  5   2   8   5.717682e+01    5.662408e-01    0.000000e+00    6.415780e+01    5.705732e-01    0.000000e+00  
  5   2   9   6.307635e+01    5.690135e-01    0.000000e+00    5.871802e+01    5.675724e-01    0.000000e+00  
  5   2  10   5.026122e+01    5.506732e-01    0.000000e+00    6.163163e+01    5.686362e-01    0.000000e+00  
  5   2  11   6.210223e+01    5.665153e-01    0.000000e+00    6.304780e+01    5.668461e-01    0.000000e+00  
  5   2  12   6.345119e+01    5.688978e-01    0.000000e+00    6.781828e+01    5.683847e-01    0.000000e+00  
  5   2  13   1.796486e+01    7.430800e-02    0.000000e+00    1.578212e+01    3.729386e-01    0.000000e+00  
  5   2  14   3.225528e+04    1.695810e+00    0.000000e+00    4.501311e+01    5.699763e-01    0.000000e+00  
  5   2  15   8.007620e+01    5.629796e-01    0.000000e+00    8.100715e+01    5.643147e-01    0.000000e+00  
  5   2  16   1.392946e+01    2.039267e-01    0.000000e+00    2.174756e+01    4.042948e-01    0.000000e+00  
  5   2  17   4.226380e+01    5.698611e-01    0.000000e+00    5.791459e+01    5.719910e-01    0.000000e+00  
  5   2  18   7.721340e+01    5.717733e-01    0.000000e+00    6.860985e+01    5.692264e-01    0.000000e+00  
  5   2  19   1.429194e+01    1.226292e-01    0.000000e+00    5.665515e+01    5.427373e-01    0.000000e+00  
  5   2  20   -6.757952e+00    5.654068e-01    0.000000e+00    2.660157e+01    5.722360e-01    0.000000e+00  
  5   2  21   7.099440e+01    5.661897e-01    0.000000e+00    6.767018e+01    5.652736e-01    0.000000e+00  
  5   2  22   6.010404e+01    5.689420e-01    0.000000e+00    1.221030e+01    1.189726e-01    0.000000e+00  
  5   2  23   6.176297e+00    5.789666e-01    0.000000e+00    4.598427e+01    5.804668e-01    0.000000e+00  
  5   2  24   1.723368e+01    2.765422e-01    0.000000e+00    4.238753e+01    5.002172e-01    0.000000e+00  
  5   2  25   9.615005e-01    5.650896e-01    0.000000e+00    4.904627e+01    5.909195e-01    0.000000e+00  
  5   2  26   5.084921e+04    1.674004e+00    0.000000e+00    1.148055e+01    5.686989e-01    0.000000e+00  
  5   2  27   5.890396e+01    5.368189e-01    0.000000e+00    5.397030e+00    5.747703e-01    0.000000e+00  
  5   2  28   -2.309804e+00    5.674017e-01    0.000000e+00    7.699138e+01    5.623200e-01    0.000000e+00  
  5   2  29   3.094796e+00    1.236483e-01    0.000000e+00    1.283851e+01    5.761953e-01    0.000000e+00  
  5   2  30   1.367662e+01    4.141543e-01    0.000000e+00    4.594162e+01    5.936246e-01    0.000000e+00  
  5   2  31   4.318628e+01    5.782292e-01    0.000000e+00    7.867669e+01    5.978826e-01    0.000000e+00  
  5   2  32   4.486902e+01    5.772783e-01    0.000000e+00    4.690857e+01    5.772418e-01    0.000000e+00  
  5   2  33   7.093880e+01    5.751392e-01    0.000000e+00    9.796784e+01    3.700980e-01    0.000000e+00  
  5   2  34   1.051954e+01    1.085776e-01    0.000000e+00    5.561986e+01    5.908347e-01    0.000000e+00  
  5   2  35   -4.563131e+00    3.849347e-01    0.000000e+00    4.000000e+01    5.000000e-01    0.000000e+00  
  5   2  36   9.073127e+00    5.880573e-01    0.000000e+00    6.591767e+00    5.778426e-01    0.000000e+00  
  5   2  37   7.461096e+00    7.642026e-02    0.000000e+00    7.051865e+01    6.433181e-01    0.000000e+00  
  5   2  38   5.959856e+01    5.760386e-01    0.000000e+00    6.301913e+01    5.707191e-01    0.000000e+00  
  5   2  39   2.982583e+01    5.685364e-01    0.000000e+00    1.346493e+01    9.441790e-02    0.000000e+00  
  5   2  40   7.333101e+00    3.898019e-01    0.000000e+00    1.015543e+01    1.416347e-01    0.000000e+00  
  5   2  41   1.024290e+01    1.523986e-01    0.000000e+00    3.992019e+01    5.833537e-01    0.000000e+00  
  5   2  42   -1.685452e+01    2.658498e-01    0.000000e+00    1.142614e+01    9.112601e-02    0.000000e+00  
  5   2  43   1.114152e+01    1.061163e-01    0.000000e+00    3.863485e+00    2.132395e-01    0.000000e+00  
  5   2  44   2.423364e+01    5.698825e-01    0.000000e+00    4.293299e+05    2.104449e+00    0.000000e+00  
  5   2  45   1.622928e+02    -3.489753e+03    0.000000e+00    3.173589e+01    5.922605e-01    0.000000e+00  
  5   2  46   1.483571e+04    1.466334e+00    0.000000e+00    1.735706e+04    1.475977e+00    0.000000e+00  
  5   2  47   7.357167e+00    7.580775e-02    0.000000e+00    9.155855e+00    3.892760e-01    0.000000e+00  
  5   2  48   4.279437e+01    5.565878e-01    0.000000e+00    1.949559e+01    5.733637e-01    0.000000e+00  
  5   2  49   4.257645e+01    5.781031e-01    0.000000e+00    3.594510e+01    5.780158e-01    0.000000e+00  
  5   2  50   2.031432e+01    4.242600e-01    0.000000e+00    5.077858e+01    5.806273e-01    0.000000e+00  
  5   2  51   4.186043e+03    1.287876e+00    0.000000e+00    1.317563e+02    6.934070e-01    0.000000e+00  
  5   2  52   6.024241e+00    5.710274e-01    0.000000e+00    1.311246e+01    1.160468e-01    0.000000e+00  
  5   2  53   1.217479e+01    3.398777e-01    0.000000e+00    6.517885e+00    9.435943e-02    0.000000e+00  
  5   2  54   3.156220e+01    6.111660e-01    0.000000e+00    -5.681669e+00    5.684093e-01    0.000000e+00  
  5   2  55   1.702519e+01    5.791174e-01    0.000000e+00    4.677184e+01    5.796889e-01    0.000000e+00  
  5   2  56   6.067851e+02    9.849318e-01    0.000000e+00    4.000000e+01    5.000000e-01    0.000000e+00  
  5   2  57   4.557295e+01    5.737669e-01    0.000000e+00    6.239379e+01    5.808424e-01    0.000000e+00  
  5   2  58   2.523175e+01    3.574328e-01    0.000000e+00    1.548273e+01    3.377730e-01    0.000000e+00  
  5   2  59   1.256258e+01    9.197850e-02    0.000000e+00    7.262242e+01    5.978260e-01    0.000000e+00  
  5   2  60   3.782933e+01    5.400512e-01    0.000000e+00    5.154812e+01    5.817641e-01    0.000000e+00  
  5   2  61   1.185170e+03    1.154582e+00    0.000000e+00    2.401110e+01    3.345043e-01    0.000000e+00  
  5   2  62   2.197885e+01    3.058865e-01    0.000000e+00    5.654569e+01    5.809180e-01    0.000000e+00  
  5   3   1   5.220275e+01    5.501346e-01    0.000000e+00    3.639218e+01    5.418745e-01    0.000000e+00  
  5   3   2   3.779491e+01    5.478747e-01    0.000000e+00    3.868917e+01    5.483469e-01    0.000000e+00  
  5   3   3   4.730954e+01    5.411239e-01    0.000000e+00    5.351389e+01    5.406030e-01    0.000000e+00  
  5   3   4   3.992911e+01    5.526577e-01    0.000000e+00    4.084051e+01    5.456357e-01    0.000000e+00  
  5   3   5   4.000000e+01    5.000000e-01    0.000000e+00    1.550660e+01    8.213859e-02    0.000000e+00  
  6   1   1   5.148275e+01    5.533469e-01    0.000000e+00    4.800443e+01    5.526661e-01    0.000000e+00  
  6   1   2   5.273271e+01    5.503885e-01    0.000000e+00    6.119106e+01    5.494498e-01    0.000000e+00  
  6   1   3   5.898527e+01    5.502578e-01    0.000000e+00    5.624055e+01    5.491829e-01    0.000000e+00  
  6   1   4   6.165183e+01    5.489952e-01    0.000000e+00    6.206205e+01    5.461493e-01    0.000000e+00  
  6   1   5   5.228621e+01    5.073830e-01    0.000000e+00    1.232099e+01    3.679478e-01    0.000000e+00  
  6   1   6   5.815364e+01    5.494892e-01    0.000000e+00    5.970731e+01    5.490706e-01    0.000000e+00  
  6   1   7   1.186165e+01    3.705293e-01    0.000000e+00    1.385331e+01    3.978035e-01    0.000000e+00  
  6   1   8   4.500606e+01    5.491082e-01    0.000000e+00    2.699069e+01    1.141632e-01    0.000000e+00  
  6   1   9   1.755771e+01    9.327554e-02    0.000000e+00    4.606471e+00    5.684049e-01    0.000000e+00  
  6   1  10   1.641661e+01    9.477831e-02    0.000000e+00    3.942219e+01    5.610536e-01    0.000000e+00  
  6   1  11   1.013898e+02    -6.900396e+02    0.000000e+00    7.574369e+01    5.347564e-01    0.000000e+00  
  6   1  12   -9.888513e+00    3.921859e-01    0.000000e+00    4.166266e+01    3.824918e-01    0.000000e+00  
  6   1  13   5.347038e+01    5.473584e-01    0.000000e+00    5.689875e+01    5.531651e-01    0.000000e+00  
  6   1  14   8.917905e+00    5.661703e-01    0.000000e+00    -1.617239e+01    5.603087e-01    0.000000e+00  
  6   1  15   2.067892e+01    9.683868e-02    0.000000e+00    1.183512e+01    5.665947e-01    0.000000e+00  
  6   1  16   6.040678e+01    5.402631e-01    0.000000e+00    6.118964e+01    5.429647e-01    0.000000e+00  
  6   1  17   3.247780e+01    5.747059e-01    0.000000e+00    4.544956e+02    9.429798e-01    0.000000e+00  
  6   1  18   -8.277330e+00    5.623150e-01    0.000000e+00    -1.226307e+01    3.842937e-01    0.000000e+00  
  6   1  19   1.190855e+01    5.068869e-02    0.000000e+00    1.661459e+01    5.678814e-01    0.000000e+00  
  6   1  20   -6.389074e+00    3.984851e-01    0.000000e+00    1.434925e+01    1.518257e-01    0.000000e+00  
  6   1  21   2.385180e+03    1.282954e+00    0.000000e+00    1.445670e+01    5.716276e-01    0.000000e+00  
  6   1  22   4.719801e+01    5.449720e-01    0.000000e+00    6.439002e+01    5.561984e-01    0.000000e+00  
  6   1  23   -2.595702e+01    5.614843e-01    0.000000e+00    1.436513e+01    5.163465e-02    0.000000e+00  
  6   2   1   6.338578e+01    5.652080e-01    0.000000e+00    6.244046e+01    5.641804e-01    0.000000e+00  
  6   2   2   6.132148e+01    5.664494e-01    0.000000e+00    6.691951e+01    5.694481e-01    0.000000e+00  
  6   2   3   6.839127e+01    5.687704e-01    0.000000e+00    7.126481e+01    5.717963e-01    0.000000e+00  
  6   2   4   5.522328e+01    5.683609e-01    0.000000e+00    6.623996e+01    5.728217e-01    0.000000e+00  
  6   2   5   6.964814e+01    5.722710e-01    0.000000e+00    6.167751e+01    5.661068e-01    0.000000e+00  
  6   2   6   6.300047e+01    5.687311e-01    0.000000e+00    6.431689e+01    5.704834e-01    0.000000e+00  
  6   2   7   6.668197e+01    5.694426e-01    0.000000e+00    7.213367e+01    5.697315e-01    0.000000e+00  
  6   2   8   6.818125e+01    5.730720e-01    0.000000e+00    5.654633e+01    5.653658e-01    0.000000e+00  
  6   2   9   7.986121e+01    5.728836e-01    0.000000e+00    6.907667e+01    5.691209e-01    0.000000e+00  
  6   2  10   2.841717e+01    5.202757e-01    0.000000e+00    4.000000e+01    5.000000e-01    0.000000e+00  
  6   2  11   7.002451e+01    5.679749e-01    0.000000e+00    6.303986e+01    5.620454e-01    0.000000e+00  
  6   2  12   5.861296e+01    5.655942e-01    0.000000e+00    6.834220e+01    5.674663e-01    0.000000e+00  
  6   2  13   8.674545e+00    7.795667e-02    0.000000e+00    1.852065e+01    3.858691e-01    0.000000e+00  
  6   2  14   8.486647e+01    5.701934e-01    0.000000e+00    7.260163e+01    5.612261e-01    0.000000e+00  
  6   2  15   3.774679e+02    -6.312701e+04    0.000000e+00    3.826750e+01    5.699301e-01    0.000000e+00  
  6   2  16   1.547863e+02    -1.808496e+04    0.000000e+00    1.614965e+01    1.012442e-01    0.000000e+00  
  6   2  17   6.222852e+01    5.738323e-01    0.000000e+00    5.021060e+01    5.659493e-01    0.000000e+00  
  6   2  18   5.374413e+01    5.733620e-01    0.000000e+00    2.858077e+01    5.844573e-01    0.000000e+00  
  6   2  19   6.538654e+01    5.716362e-01    0.000000e+00    5.133127e+01    5.678603e-01    0.000000e+00  
  6   2  20   1.230406e+01    1.018504e-01    0.000000e+00    1.115673e+01    2.830194e-01    0.000000e+00  
  6   2  21   1.839453e+01    9.455871e-02    0.000000e+00    1.489173e+01    5.587998e-01    0.000000e+00  
  6   2  22   8.977231e+01    5.734486e-01    0.000000e+00    5.379534e+01    5.638595e-01    0.000000e+00  
  6   2  23   2.779142e+01    5.669287e-01    0.000000e+00    7.436505e+01    -8.902559e+03    0.000000e+00  
  6   2  24   7.965831e+01    5.586921e-01    0.000000e+00    8.514134e+01    5.669499e-01    0.000000e+00  
  6   2  25   4.000000e+01    5.000000e-01    0.000000e+00    1.328548e+01    8.018695e-02    0.000000e+00  
  6   2  26   5.988236e+01    5.637757e-01    0.000000e+00    2.894030e+01    5.862872e-01    0.000000e+00  
  6   2  27   2.082697e+01    5.784064e-01    0.000000e+00    7.098382e+00    1.105282e-01    0.000000e+00  
  6   2  28   -7.976338e+00    3.192469e-01    0.000000e+00    -1.678961e+01    5.582313e-01    0.000000e+00  
  6   2  29   2.082387e+01    8.074931e-02    0.000000e+00    -9.978631e+00    2.854371e-01    0.000000e+00  
  6   2  30   9.014743e+00    3.372076e-01    0.000000e+00    7.110288e+01    5.916379e-01    0.000000e+00  
  6   2  31   2.864523e+00    -2.014684e-02    0.000000e+00    -8.692335e+05    2.445747e+00    0.000000e+00  
  6   2  32   5.476301e+01    4.442494e-01    0.000000e+00    1.662988e+02    3.666409e-01    0.000000e+00  
  6   2  33   1.822727e+01    1.184294e-01    0.000000e+00    1.594967e+01    5.656537e-01    0.000000e+00  
  6   2  34   5.566333e+01    5.733575e-01    0.000000e+00    5.549081e+01    5.797695e-01    0.000000e+00  
  6   2  35   4.000000e+01    5.000000e-01    0.000000e+00    1.529758e+01    5.801596e-01    0.000000e+00  
  6   2  36   1.904285e+01    5.837714e-01    0.000000e+00    1.186867e+01    1.486781e-01    0.000000e+00  
  6   2  37   1.143258e+01    1.086672e-01    0.000000e+00    4.573527e+01    5.429577e-01    0.000000e+00  
  6   2  38   9.673236e+00    3.834205e-01    0.000000e+00    1.450380e+01    5.622960e-02    0.000000e+00  
  6   2  39   6.526888e+01    5.675351e-01    0.000000e+00    2.000865e+01    5.835743e-01    0.000000e+00  
  6   2  40   4.000000e+01    5.000000e-01    0.000000e+00    5.363159e+01    5.794275e-01    0.000000e+00  
  6   2  41   4.000000e+01    5.000000e-01    0.000000e+00    1.323361e+01    5.420977e-01    0.000000e+00  
  6   2  42   8.716165e+00    7.960038e-02    0.000000e+00    1.851872e+01    3.858609e-01    0.000000e+00  
  6   2  43   8.298087e+00    9.731972e-02    0.000000e+00    9.462619e+00    1.055555e-01    0.000000e+00  
  6   2  44   3.303620e+01    5.722018e-01    0.000000e+00    1.003840e+01    1.162912e-01    0.000000e+00  
  6   2  45   1.189210e+01    3.881953e-01    0.000000e+00    4.000000e+01    5.000000e-01    0.000000e+00  
  6   2  46   4.000000e+01    5.000000e-01    0.000000e+00    3.619234e+01    5.683218e-01    0.000000e+00  
  6   2  47   1.666055e+01    5.775023e-01    0.000000e+00    3.657532e+02    9.113203e-01    0.000000e+00  
  6   2  48   1.359153e+04    1.478026e+00    0.000000e+00    4.352175e+04    1.702527e+00    0.000000e+00  
  6   2  49   9.307949e+04    1.897722e+00    0.000000e+00    7.706928e+00    5.784904e-01    0.000000e+00  
  6   2  50   5.911560e+01    5.930488e-01    0.000000e+00    1.449335e+05    1.866160e+00    0.000000e+00  
  6   2  51   3.767099e+01    5.751967e-01    0.000000e+00    3.873343e+01    5.809106e-01    0.000000e+00  
  6   2  52   7.281121e+01    5.885129e-01    0.000000e+00    2.559124e+01    2.982393e-01    0.000000e+00  
  6   2  53   1.890066e+01    4.307779e-01    0.000000e+00    9.895847e+00    1.216210e-01    0.000000e+00  
  6   2  54   3.431708e+01    5.673121e-01    0.000000e+00    3.860755e+02    8.475870e-01    0.000000e+00  
  6   2  55   7.866668e+01    5.833249e-01    0.000000e+00    4.000000e+01    5.000000e-01    0.000000e+00  
  6   2  56   1.473428e+01    4.301605e-01    0.000000e+00    -4.249174e+00    5.665746e-01    0.000000e+00  
  6   2  57   4.314233e+01    5.450969e-01    0.000000e+00    5.462766e+00    1.071352e-01    0.000000e+00  
  6   2  58   9.604237e+00    7.145504e-02    0.000000e+00    1.916877e+01    3.878703e-01    0.000000e+00  
  6   2  59   1.847846e+00    5.737681e-01    0.000000e+00    6.850760e+01    5.752132e-01    0.000000e+00  
  6   2  60   5.426224e+01    5.940679e-01    0.000000e+00    5.764674e+01    5.887039e-01    0.000000e+00  
  6   2  61   1.011948e+04    1.419694e+00    0.000000e+00    5.072022e+01    5.785186e-01    0.000000e+00  
  6   2  62   4.866328e+01    5.177021e-01    0.000000e+00    1.216611e+01    1.577758e-01    0.000000e+00  
  6   3   1   3.536044e+01    5.188332e-01    0.000000e+00    6.503322e+01    5.401155e-01    0.000000e+00  
  6   3   2   5.115287e+01    5.485514e-01    0.000000e+00    3.930896e+01    5.421290e-01    0.000000e+00  
  6   3   3   -3.237559e+00    3.999833e-01    0.000000e+00    6.538459e+00    4.990736e-01    0.000000e+00  
  6   3   4   4.213178e+01    5.526571e-01    0.000000e+00    4.015870e+01    5.468805e-01    0.000000e+00  
  6   3   5   2.142258e+02    8.553597e-01    0.000000e+00    7.043233e+01    5.535962e-01    0.000000e+00  
