  1   1   1   1.215958e+01  
  1   1   2   -1.392533e+01  
  1   1   3   -1.462848e+01  
  1   1   4   -9.700794e+01  
  1   1   5   -9.392823e+01  
  1   1   6   -9.035217e+01  
  1   1   7   -2.174578e+01  
  1   1   8   -1.199817e+01  
  1   1   9   -2.141803e+01  
  1   1  10   -1.051974e+01  
  1   1  11   -1.011151e+01  
  1   1  12   9.458901e+02  
  1   1  13   -7.809974e+00  
  1   1  14   -5.676012e-01  
  1   1  15   -7.438245e+00  
  1   1  16   2.242185e+00  
  1   1  17   -1.488788e+00  
  1   1  18   -2.252684e+00  
  1   1  19   -9.712124e+01  
  1   1  20   2.052411e+00  
  1   1  21   -1.259463e+01  
  1   1  22   -8.326526e+01  
  1   1  23   -6.663854e-02  
  1   2   1   -1.379000e+01  
  1   2   2   -1.010520e+01  
  1   2   3   1.753230e+01  
  1   2   4   -1.887315e+01  
  1   2   5   -1.983720e+02  
  1   2   6   -1.732969e+01  
  1   2   7   -2.895034e+00  
  1   2   8   -2.344673e-01  
  1   2   9   -1.424732e+01  
  1   2  10   -2.438473e+01  
  1   2  11   -7.835371e+00  
  1   2  12   -8.757573e+00  
  1   2  13   -1.526442e+01  
  1   2  14   -1.711711e+01  
  1   2  15   -1.879830e+01  
  1   2  16   -2.406316e+01  
  1   2  17   -2.013488e+01  
  1   2  18   -6.666761e+00  
  1   2  19   -1.971710e+02  
  1   2  20   -1.549419e+01  
  1   2  21   -2.222424e+01  
  1   2  22   2.160415e+01  
  1   2  23   -1.075123e+01  
  1   2  24   -2.220408e+01  
  1   2  25   -1.084954e+01  
  1   2  26   7.769202e-01  
  1   2  27   -9.233597e+01  
  1   2  28   -2.081107e+01  
  1   2  29   -6.257947e+00  
  1   2  30   -1.226803e+01  
  1   2  31   -1.163156e+01  
  1   2  32   -1.070851e+01  
  1   2  33   -1.525473e+01  
  1   2  34   -1.275508e+01  
  1   2  35   -2.266412e+01  
  1   2  36   -8.835864e+00  
  1   2  37   -1.483869e+01  
  1   2  38   9.298871e-01  
  1   2  39   -8.910267e+00  
  1   2  40   5.708143e+00  
  1   2  41   -7.486815e+01  
  1   2  42   7.076425e+00  
  1   2  43   -2.206924e+01  
  1   2  44   -1.491984e+01  
  1   2  45   9.303168e+00  
  1   2  46   -9.875407e+00  
  1   2  47   -6.197954e+00  
  1   2  48   -2.310513e+01  
  1   2  49   7.222660e+00  
  1   2  50   -1.867922e+00  
  1   2  51   -1.516986e+01  
  1   2  52   -4.169385e+00  
  1   2  53   9.774915e+00  
  1   2  54   -6.872000e+00  
  1   2  55   -1.911894e+01  
  1   2  56   -2.665423e+01  
  1   2  57   -8.638236e-01  
  1   2  58   -1.788976e+01  
  1   2  59   -1.675354e+01  
  1   2  60   5.411112e+00  
  1   2  61   7.861543e-02  
  1   2  62   -2.782708e+01  
  1   3   1   -1.454318e+01  
  1   3   2   -1.928629e+00  
  1   3   3   -1.449977e+01  
  1   3   4   -9.443549e+01  
  1   3   5   -2.396793e+01  
  2   1   1   -5.492034e-01  
  2   1   2   -1.671040e+00  
  2   1   3   -3.074526e+00  
  2   1   4   -4.311890e-02  
  2   1   5   9.078839e+00  
  2   1   6   1.150323e+00  
  2   1   7   -4.939075e+00  
  2   1   8   5.126750e+00  
  2   1   9   2.628810e+00  
  2   1  10   3.509552e+00  
  2   1  11   8.828178e+01  
  2   1  12   8.095696e-01  
  2   1  13   -5.988000e+00  
  2   1  14   -6.481958e+00  
  2   1  15   -1.872437e+00  
  2   1  16   -4.592751e+00  
  2   1  17   3.169160e+00  
  2   1  18   -9.780186e-01  
  2   1  19   1.275325e+00  
  2   1  20   -4.458345e+00  
  2   1  21   3.747060e+00  
  2   1  22   -5.578013e-01  
  2   1  23   8.744569e+00  
  2   2   1   -1.057240e+01  
  2   2   2   -3.809275e+00  
  2   2   3   -4.497935e+00  
  2   2   4   -4.813283e+00  
  2   2   5   8.662263e+00  
  2   2   6   -3.935174e+00  
  2   2   7   -1.337005e+01  
  2   2   8   -3.375713e+00  
  2   2   9   -4.624483e+00  
  2   2  10   -9.234208e+00  
  2   2  11   -5.598994e+00  
  2   2  12   -2.542155e+01  
  2   2  13   -4.601100e+00  
  2   2  14   -3.752004e+00  
  2   2  15   1.345819e+00  
  2   2  16   -1.117103e+01  
  2   2  17   -1.587156e+01  
  2   2  18   8.667940e+00  
  2   2  19   -4.887997e+00  
  2   2  20   -5.136057e-01  
  2   2  21   6.223958e-02  
  2   2  22   -6.786742e+00  
  2   2  23   5.390585e+00  
  2   2  24   -2.410625e+01  
  2   2  25   -2.507620e+00  
  2   2  26   5.442859e-01  
  2   2  27   -4.943976e+00  
  2   2  28   9.129942e+01  
  2   2  29   3.585200e+01  
  2   2  30   9.403630e+01  
  2   2  31   -4.376625e+00  
  2   2  32   7.740192e+00  
  2   2  33   -4.959390e+00  
  2   2  34   -3.285246e+00  
  2   2  35   1.402926e+01  
  2   2  36   2.903323e+00  
  2   2  37   -1.409101e-01  
  2   2  38   5.218363e+00  
  2   2  39   3.799536e-01  
  2   2  40   -2.783500e+00  
  2   2  41   -4.309547e+00  
  2   2  42   9.136688e+01  
  2   2  43   4.054575e-01  
  2   2  44   1.144000e+00  
  2   2  45   -2.442400e+00  
  2   2  46   8.417508e-01  
  2   2  47   -3.143881e+00  
  2   2  48   1.857913e+00  
  2   2  49   5.126272e-01  
  2   2  50   -2.630357e+00  
  2   2  51   -4.621713e+00  
  2   2  52   -4.945355e+00  
  2   2  53   -9.800000e-01  
  2   2  54   8.643058e+01  
  2   2  55   -4.282578e+00  
  2   2  56   -3.788994e+00  
  2   2  57   -4.907088e+00  
  2   2  58   8.204240e+01  
  2   2  59   9.226749e+01  
  2   2  60   -4.588203e+00  
  2   2  61   2.648917e+01  
  2   2  62   -2.880964e+00  
  2   3   1   -4.333684e+00  
  2   3   2   1.060790e+02  
  2   3   3   -2.982760e+00  
  2   3   4   -1.146324e+00  
  2   3   5   8.435881e+00  
  3   1   1   -6.152192e+00  
  3   1   2   -6.962653e+00  
  3   1   3   -1.264400e+01  
  3   1   4   -1.494651e+01  
  3   1   5   -1.022044e+01  
  3   1   6   -1.020861e+01  
  3   1   7   1.287928e+01  
  3   1   8   -1.465483e+01  
  3   1   9   2.991842e+00  
  3   1  10   -1.403504e+01  
  3   1  11   -2.379711e+00  
  3   1  12   1.153074e+00  
  3   1  13   -1.936156e+01  
  3   1  14   -2.169763e+01  
  3   1  15   -1.250501e+01  
  3   1  16   -2.899766e+00  
  3   1  17   4.076994e+00  
  3   1  18   -1.494305e+01  
  3   1  19   -5.950166e+00  
  3   1  20   4.613284e-01  
  3   1  21   3.553120e+00  
  3   1  22   -1.180849e+01  
  3   1  23   -1.325898e+01  
  3   2   1   7.215679e+00  
  3   2   2   -1.305963e+01  
  3   2   3   -2.341792e+01  
  3   2   4   -1.458382e+01  
  3   2   5   -7.640430e+00  
  3   2   6   1.027496e+02  
  3   2   7   -9.171211e+00  
  3   2   8   -1.318494e+01  
  3   2   9   -7.467921e-01  
  3   2  10   5.727283e-01  
  3   2  11   -1.391129e+01  
  3   2  12   6.440017e+00  
  3   2  13   3.196178e+00  
  3   2  14   -1.721673e+01  
  3   2  15   -1.486148e+01  
  3   2  16   -7.917273e+01  
  3   2  17   -7.130463e+00  
  3   2  18   -1.402065e+01  
  3   2  19   -2.940288e+00  
  3   2  20   -1.320054e+01  
  3   2  21   2.581857e+00  
  3   2  22   -1.209692e+01  
  3   2  23   -2.034366e+00  
  3   2  24   8.216417e+01  
  3   2  25   -1.445624e+01  
  3   2  26   1.305003e+01  
  3   2  27   -1.267690e+01  
  3   2  28   -1.172154e+01  
  3   2  29   -1.377559e+01  
  3   2  30   -8.894869e+00  
  3   2  31   -1.065605e+01  
  3   2  32   -1.137088e+01  
  3   2  33   -4.641479e-01  
  3   2  34   -2.458415e+00  
  3   2  35   -1.226517e+01  
  3   2  36   -1.161328e+01  
  3   2  37   -3.662322e+00  
  3   2  38   -1.492852e+01  
  3   2  39   -3.693410e+00  
  3   2  40   -1.088407e+01  
  3   2  41   -4.399469e+00  
  3   2  42   1.447720e-01  
  3   2  43   -1.313510e+01  
  3   2  44   -1.031987e+01  
  3   2  45   -8.605848e+00  
  3   2  46   -1.111473e+01  
  3   2  47   -8.665109e+00  
  3   2  48   -2.586115e+00  
  3   2  49   3.918347e+00  
  3   2  50   -1.166973e+01  
  3   2  51   -1.396820e+01  
  3   2  52   1.070130e+02  
  3   2  53   -8.836000e+00  
  3   2  54   8.933595e+01  
  3   2  55   -1.088571e+01  
  3   2  56   -1.500001e+01  
  3   2  57   -1.234934e+01  
  3   2  58   -9.054416e+00  
  3   2  59   5.144073e+00  
  3   2  60   -8.735674e+00  
  3   2  61   -1.126656e+01  
  3   2  62   -1.088000e+01  
  3   3   1   -5.655401e-01  
  3   3   2   2.763835e+00  
  3   3   3   -1.600800e+01  
  3   3   4   1.499173e+00  
  3   3   5   -1.449320e+01  
  4   1   1   -3.930443e+00  
  4   1   2   -8.206128e+00  
  4   1   3   2.701993e-01  
  4   1   4   -5.840421e+00  
  4   1   5   9.737889e+00  
  4   1   6   -8.134204e+00  
  4   1   7   -2.168144e+00  
  4   1   8   -7.482209e+00  
  4   1   9   -8.027604e+00  
  4   1  10   -2.652819e+00  
  4   1  11   -6.172122e+00  
  4   1  12   -8.707676e+00  
  4   1  13   -8.559164e+00  
  4   1  14   -6.232955e+00  
  4   1  15   6.673152e+00  
  4   1  16   6.579863e+00  
  4   1  17   3.574322e+00  
  4   1  18   -4.427871e+00  
  4   1  19   1.464890e+01  
  4   1  20   -7.364714e+00  
  4   1  21   -8.423420e+00  
  4   1  22   -5.469607e+00  
  4   1  23   -7.047755e+00  
  4   2   1   6.881235e+00  
  4   2   2   -9.188948e+00  
  4   2   3   -8.521694e+00  
  4   2   4   -7.940151e+00  
  4   2   5   1.747522e+00  
  4   2   6   -1.161745e+01  
  4   2   7   -1.659994e+01  
  4   2   8   -1.542975e+01  
  4   2   9   -8.979507e+00  
  4   2  10   -1.822892e+01  
  4   2  11   8.361053e+01  
  4   2  12   -8.498096e+00  
  4   2  13   -1.435732e+01  
  4   2  14   7.395172e+01  
  4   2  15   -7.104207e+00  
  4   2  16   -9.096249e+00  
  4   2  17   -6.342734e+00  
  4   2  18   -7.183853e+00  
  4   2  19   -8.975971e+00  
  4   2  20   -1.144406e+01  
  4   2  21   -4.270042e+01  
  4   2  22   -9.649107e+01  
  4   2  23   8.579068e+01  
  4   2  24   3.437035e+00  
  4   2  25   -1.584885e+01  
  4   2  26   -8.668945e+00  
  4   2  27   -7.573466e+00  
  4   2  28   -2.941679e+00  
  4   2  29   -9.020285e+00  
  4   2  30   -7.146337e+00  
  4   2  31   1.457765e+00  
  4   2  32   -9.996000e+00  
  4   2  33   -6.323980e+00  
  4   2  34   -6.975608e+00  
  4   2  35   5.752000e+00  
  4   2  36   -6.090958e+00  
  4   2  37   -3.668015e+00  
  4   2  38   -8.072969e+00  
  4   2  39   -8.864984e+00  
  4   2  40   5.779569e+00  
  4   2  41   4.167213e+00  
  4   2  42   1.163081e+01  
  4   2  43   1.581201e+01  
  4   2  44   -5.591923e+00  
  4   2  45   -2.823395e+00  
  4   2  46   1.296124e+01  
  4   2  47   3.848384e+00  
  4   2  48   -3.178366e+00  
  4   2  49   -8.327673e+00  
  4   2  50   -2.545922e+00  
  4   2  51   -1.784994e+00  
  4   2  52   2.142505e+00  
  4   2  53   -7.593914e+00  
  4   2  54   -8.617918e+00  
  4   2  55   -2.249625e+00  
  4   2  56   -4.816051e+00  
  4   2  57   -6.861025e+00  
  4   2  58   -9.170243e+00  
  4   2  59   -8.644834e+00  
  4   2  60   9.757580e+01  
  4   2  61   4.001505e+00  
  4   2  62   -9.996000e+00  
  4   3   1   -3.700697e+00  
  4   3   2   -8.244125e+00  
  4   3   3   3.899481e+01  
  4   3   4   -5.508821e+00  
  4   3   5   -5.011036e+00  
  5   1   1   6.982346e+00  
  5   1   2   -3.304810e-02  
  5   1   3   -4.547695e+00  
  5   1   4   -1.464000e+00  
  5   1   5   2.329835e+00  
  5   1   6   -1.007802e+00  
  5   1   7   4.188505e+00  
  5   1   8   -2.621079e-01  
  5   1   9   4.231455e+01  
  5   1  10   2.353420e+00  
  5   1  11   9.645573e-01  
  5   1  12   -2.385284e+00  
  5   1  13   -2.468218e+00  
  5   1  14   1.084146e+01  
  5   1  15   6.851735e+00  
  5   1  16   5.202936e+00  
  5   1  17   2.277150e+01  
  5   1  18   8.291672e+01  
  5   1  19   -2.965442e-01  
  5   1  20   8.167196e+00  
  5   1  21   -1.304050e+00  
  5   1  22   -3.681421e-01  
  5   1  23   1.739072e+00  
  5   2   1   5.298349e+00  
  5   2   2   -1.318345e+00  
  5   2   3   -2.500680e+00  
  5   2   4   8.913769e+01  
  5   2   5   -2.469219e+00  
  5   2   6   -3.210698e+00  
  5   2   7   -1.714464e+00  
  5   2   8   -2.927720e+00  
  5   2   9   -1.268840e-01  
  5   2  10   -1.851514e+00  
  5   2  11   -3.452312e+00  
  5   2  12   5.473126e+00  
  5   2  13   -1.183741e+01  
  5   2  14   -1.206562e+01  
  5   2  15   -1.493201e+01  
  5   2  16   3.543372e-01  
  5   2  17   -2.382441e+00  
  5   2  18   -2.776849e+00  
  5   2  19   -2.722323e+01  
  5   2  20   -8.710238e+00  
  5   2  21   -6.497088e+00  
  5   2  22   -2.029314e+01  
  5   2  23   -5.518266e+00  
  5   2  24   -1.176920e+00  
  5   2  25   -1.068434e+01  
  5   2  26   -1.639701e+00  
  5   2  27   -1.072256e+00  
  5   2  28   3.577189e-02  
  5   2  29   -1.172828e+00  
  5   2  30   -9.171909e+00  
  5   2  31   1.035639e+00  
  5   2  32   1.213986e+01  
  5   2  33   -7.725303e-01  
  5   2  34   -3.060681e+00  
  5   2  35   -4.326326e+00  
  5   2  36   -2.361954e+00  
  5   2  37   -4.742147e-01  
  5   2  38   -1.548151e+00  
  5   2  39   1.483326e+00  
  5   2  40   -8.213553e-01  
  5   2  41   8.443764e-01  
  5   2  42   -2.156069e+00  
  5   2  43   6.148214e-01  
  5   2  44   -2.653793e+00  
  5   2  45   -3.454378e+00  
  5   2  46   -1.337184e+00  
  5   2  47   1.302284e+01  
  5   2  48   -2.935761e+00  
  5   2  49   -3.984000e+00  
  5   2  50   -2.864209e+00  
  5   2  51   -2.903881e+00  
  5   2  52   7.852918e-01  
  5   2  53   8.325687e+00  
  5   2  54   -2.495959e+00  
  5   2  55   7.561200e+01  
  5   2  56   3.338070e+01  
  5   2  57   1.500407e+01  
  5   2  58   -2.704912e+00  
  5   2  59   3.228065e+00  
  5   2  60   -2.315844e+00  
  5   2  61   1.922268e+01  
  5   2  62   1.144400e+01  
  5   3   1   6.266768e+00  
  5   3   2   -2.598802e+00  
  5   3   3   -2.637881e+00  
  5   3   4   -1.193157e+00  
  5   3   5   1.183006e+00  
  6   1   1   -1.650978e+00  
  6   1   2   -1.517456e+00  
  6   1   3   1.064000e+00  
  6   1   4   -2.871149e+00  
  6   1   5   -1.082157e+01  
  6   1   6   -1.177810e+01  
  6   1   7   -8.256180e+00  
  6   1   8   -8.179868e+00  
  6   1   9   -6.249228e+00  
  6   1  10   -1.213844e+01  
  6   1  11   -1.006333e+01  
  6   1  12   -9.155788e+00  
  6   1  13   -1.309672e+01  
  6   1  14   9.921679e+01  
  6   1  15   7.882940e+00  
  6   1  16   -7.165157e+00  
  6   1  17   8.150456e+01  
  6   1  18   -9.298353e+00  
  6   1  19   1.726179e+00  
  6   1  20   -3.789465e+00  
  6   1  21   -1.496019e+00  
  6   1  22   -9.119933e+00  
  6   1  23   -1.163029e+01  
  6   2   1   -1.182808e+01  
  6   2   2   -8.383999e+00  
  6   2   3   -1.124632e+01  
  6   2   4   -1.117004e+01  
  6   2   5   -1.105396e+01  
  6   2   6   -1.169079e+01  
  6   2   7   -1.432003e+01  
  6   2   8   -1.262848e+01  
  6   2   9   -1.247634e+01  
  6   2  10   -1.185794e+01  
  6   2  11   -1.594849e+01  
  6   2  12   -1.110954e+01  
  6   2  13   -1.302321e+01  
  6   2  14   -2.962159e+00  
  6   2  15   -1.109323e+01  
  6   2  16   -1.432264e+01  
  6   2  17   1.403206e+00  
  6   2  18   4.612857e+00  
  6   2  19   -4.445927e+00  
  6   2  20   -1.306043e+01  
  6   2  21   -9.418299e+00  
  6   2  22   -1.212942e+01  
  6   2  23   1.407084e+01  
  6   2  24   -1.113996e+02  
  6   2  25   8.979780e+00  
  6   2  26   7.036341e-01  
  6   2  27   -1.400236e+01  
  6   2  28   -7.458293e+00  
  6   2  29   -1.278586e+01  
  6   2  30   2.550406e+00  
  6   2  31   -5.782764e+00  
  6   2  32   -3.070748e+00  
  6   2  33   1.142075e+00  
  6   2  34   8.381669e+01  
  6   2  35   -8.759088e+00  
  6   2  36   -2.391230e+00  
  6   2  37   4.075407e+00  
  6   2  38   8.989971e-01  
  6   2  39   -1.299624e+01  
  6   2  40   -4.362397e+00  
  6   2  41   9.526899e+01  
  6   2  42   -5.933700e+00  
  6   2  43   -8.839450e+00  
  6   2  44   -3.840940e+00  
  6   2  45   -1.240400e+01  
  6   2  46   -5.361865e+00  
  6   2  47   -1.251980e+01  
  6   2  48   -5.570542e+00  
  6   2  49   -1.106413e+01  
  6   2  50   -6.854846e+00  
  6   2  51   -1.120805e+01  
  6   2  52   -1.057127e+01  
  6   2  53   -1.131543e+01  
  6   2  54   -1.240420e+01  
  6   2  55   5.927302e+01  
  6   2  56   -5.617047e+00  
  6   2  57   -1.248400e+01  
  6   2  58   -1.238613e+01  
  6   2  59   -1.051321e+01  
  6   2  60   1.290938e+01  
  6   2  61   -7.975600e+00  
  6   2  62   -1.051318e+01  
  6   3   1   -1.068207e+01  
  6   3   2   -3.228927e+00  
  6   3   3   -9.971838e+00  
  6   3   4   -8.915663e+00  
  6   3   5   -1.091150e+01  
