  1   1   1   1.951821e+02    1.951821e+02    1.968662e+02    1.968662e+02    -4.497372e-02  
  1   1   2   1.099942e+02    1.099942e+02    6.215629e+01    6.215629e+01    -6.628269e-02  
  1   1   3   7.918668e+01    7.918668e+01    2.687838e+01    2.687838e+01    3.356488e-02  
  1   1   4   4.999848e+02    4.999848e+02    2.418560e+04    2.418560e+04    -1.129203e+00  
  1   1   5   1.342695e+02    1.342695e+02    3.919927e+01    3.919927e+01    -1.271591e-01  
  1   1   6   1.075752e+02    1.075752e+02    2.618645e+01    2.618645e+01    -7.508659e-02  
  1   1   7   1.609405e+02    1.609405e+02    3.540697e+01    3.540697e+01    -4.728940e-01  
  1   1   8   1.146247e+02    1.146247e+02    2.085736e+01    2.085736e+01    -4.424344e-01  
  1   1   9   9.826290e+01    9.826290e+01    1.565969e+01    1.565969e+01    3.388098e-02  
  1   1  10   1.413707e+02    1.413707e+02    2.487142e+01    2.487142e+01    -8.922403e-02  
  1   1  11   1.139701e+02    1.139701e+02    1.638935e+01    1.638935e+01    6.962668e-02  
  1   1  12   1.467776e+02    1.467776e+02    2.212819e+01    2.212819e+01    1.711437e-02  
  1   1  13   1.508589e+02    1.508589e+02    2.146370e+01    2.146370e+01    -1.116259e-01  
  1   1  14   1.625799e+02    1.625799e+02    2.125944e+01    2.125944e+01    -4.018167e-01  
  1   1  15   2.500385e+02    2.500385e+02    3.786855e+01    3.786855e+01    -2.995585e-01  
  1   1  16   1.170548e+02    1.170548e+02    1.282384e+01    1.282384e+01    -3.923831e-01  
  1   1  17   1.590149e+02    1.590149e+02    1.781430e+01    1.781430e+01    1.251782e-01  
  1   1  18   1.363726e+02    1.363726e+02    1.349262e+01    1.349262e+01    -4.108471e-02  
  1   1  19   9.027772e+01    9.027772e+01    7.999980e+00    7.999980e+00    -4.750653e-01  
  1   1  20   2.201338e+02    2.201338e+02    2.397115e+01    2.397115e+01    -4.262246e-01  
  1   1  21   2.312822e+02    2.312822e+02    2.545299e+01    2.545299e+01    6.899855e-02  
  1   1  22   2.431122e+02    2.431122e+02    2.631699e+01    2.631699e+01    3.446540e-02  
  1   1  23   1.462292e+02    1.462292e+02    1.169086e+01    1.169086e+01    -6.977314e-02  
  1   2   1   2.259431e+02    2.259431e+02    5.822943e+02    5.822943e+02    -1.151998e-02  
  1   2   2   1.343592e+02    1.343592e+02    1.276984e+02    1.276984e+02    -1.166411e-01  
  1   2   3   4.999868e+02    4.999868e+02    1.608922e+04    1.608922e+04    -4.235516e-02  
  1   2   4   1.584018e+02    1.584018e+02    1.239920e+02    1.239920e+02    6.906841e-02  
  1   2   5   3.275396e+02    3.275396e+02    3.072675e+02    3.072675e+02    8.246491e-02  
  1   2   6   9.811368e+01    9.811368e+01    5.019389e+01    5.019389e+01    -5.468326e-02  
  1   2   7   3.185528e+02    3.185528e+02    2.454070e+02    2.454070e+02    -5.333230e-03  
  1   2   8   1.112806e+02    1.112806e+02    4.861363e+01    4.861363e+01    -4.590761e-03  
  1   2   9   1.268290e+02    1.268290e+02    5.260685e+01    5.260685e+01    2.816197e-02  
  1   2  10   2.224647e+02    2.224647e+02    1.342059e+02    1.342059e+02    -1.595060e-01  
  1   2  11   2.765032e+02    2.765032e+02    1.385140e+02    1.385140e+02    -7.100888e-02  
  1   2  12   1.774442e+02    1.774442e+02    6.872406e+01    6.872406e+01    -4.059966e-02  
  1   2  13   1.819122e+02    1.819122e+02    5.721099e+01    5.721099e+01    -4.197399e-01  
  1   2  14   1.911099e+02    1.911099e+02    6.578652e+01    6.578652e+01    -4.083962e-03  
  1   2  15   2.195014e+02    2.195014e+02    7.715112e+01    7.715112e+01    2.254309e-02  
  1   2  16   2.511514e+02    2.511514e+02    8.723943e+01    8.723943e+01    -4.701366e-02  
  1   2  17   2.572267e+02    2.572267e+02    8.704743e+01    8.704743e+01    3.431237e-02  
  1   2  18   1.363731e+02    1.363731e+02    3.095819e+01    3.095819e+01    -7.536573e-02  
  1   2  19   1.773865e+02    1.773865e+02    4.442662e+01    4.442662e+01    -1.962918e-02  
  1   2  20   1.245648e+02    1.245648e+02    2.519832e+01    2.519832e+01    -3.579477e-02  
  1   2  21   1.291419e+02    1.291419e+02    2.486118e+01    2.486118e+01    -1.999348e-02  
  1   2  22   2.055302e+02    2.055302e+02    4.875031e+01    4.875031e+01    -3.501534e-02  
  1   2  23   1.467050e+02    1.467050e+02    2.849857e+01    2.849857e+01    3.585489e-02  
  1   2  24   1.825089e+02    1.825089e+02    3.714772e+01    3.714772e+01    -6.340165e-02  
  1   2  25   1.839037e+02    1.839037e+02    3.659499e+01    3.659499e+01    -1.614513e-03  
  1   2  26   1.968930e+02    1.968930e+02    3.934728e+01    3.934728e+01    -6.272437e-02  
  1   2  27   1.943435e+02    1.943435e+02    3.652141e+01    3.652141e+01    -4.606510e-02  
  1   2  28   1.268679e+02    1.268679e+02    1.872895e+01    1.872895e+01    -1.328988e-01  
  1   2  29   1.745844e+02    1.745844e+02    2.690744e+01    2.690744e+01    -4.172466e-01  
  1   2  30   2.616399e+02    2.616399e+02    5.821334e+01    5.821334e+01    -6.805892e-01  
  1   2  31   1.355276e+02    1.355276e+02    1.895415e+01    1.895415e+01    -4.736814e-02  
  1   2  32   4.211520e+02    4.211520e+02    9.952816e+01    9.952816e+01    -3.358577e-02  
  1   2  33   2.625934e+02    2.625934e+02    4.755606e+01    4.755606e+01    -8.512519e-02  
  1   2  34   3.731029e+02    3.731029e+02    7.877943e+01    7.877943e+01    -5.656721e-02  
  1   2  35   2.943398e+02    2.943398e+02    5.352210e+01    5.352210e+01    1.106392e-03  
  1   2  36   3.857436e+02    3.857436e+02    7.872831e+01    7.872831e+01    -5.597071e-02  
  1   2  37   3.121386e+02    3.121386e+02    5.322894e+01    5.322894e+01    -5.187408e-01  
  1   2  38   4.133191e+02    4.133191e+02    6.906517e+01    6.906517e+01    -3.500388e-01  
  1   2  39   2.572756e+02    2.572756e+02    3.960409e+01    3.960409e+01    -3.593517e-02  
  1   2  40   2.267342e+02    2.267342e+02    3.216443e+01    3.216443e+01    -5.011126e-02  
  1   2  41   2.560593e+02    2.560593e+02    3.743908e+01    3.743908e+01    -4.944205e-02  
  1   2  42   2.349341e+02    2.349341e+02    3.236400e+01    3.236400e+01    -2.040406e-02  
  1   2  43   2.719832e+02    2.719832e+02    3.883741e+01    3.883741e+01    -6.263428e-02  
  1   2  44   2.679531e+02    2.679531e+02    3.745254e+01    3.745254e+01    -2.357810e-02  
  1   2  45   3.031873e+02    3.031873e+02    3.798805e+01    3.798805e+01    -5.570353e-01  
  1   2  46   2.542315e+02    2.542315e+02    3.295292e+01    3.295292e+01    -2.195641e-02  
  1   2  47   3.470601e+02    3.470601e+02    5.197496e+01    5.197496e+01    -6.222204e-02  
  1   2  48   2.850171e+02    2.850171e+02    3.809559e+01    3.809559e+01    -1.781523e-02  
  1   2  49   1.697598e+02    1.697598e+02    1.897238e+01    1.897238e+01    -2.703518e-01  
  1   2  50   3.886237e+02    3.886237e+02    5.789695e+01    5.789695e+01    -4.800647e-02  
  1   2  51   3.916154e+02    3.916154e+02    5.781351e+01    5.781351e+01    -1.255848e-03  
  1   2  52   3.292761e+02    3.292761e+02    3.999765e+01    3.999765e+01    5.616219e-01  
  1   2  53   2.839041e+02    2.839041e+02    3.681623e+01    3.681623e+01    -3.486905e-01  
  1   2  54   2.334422e+02    2.334422e+02    2.505805e+01    2.505805e+01    -3.820842e-02  
  1   2  55   3.287308e+02    3.287308e+02    4.102592e+01    4.102592e+01    -3.467247e-02  
  1   2  56   3.267852e+02    3.267852e+02    4.009972e+01    4.009972e+01    -4.996419e-02  
  1   2  57   2.823226e+02    2.823226e+02    3.110806e+01    3.110806e+01    -1.928981e-01  
  1   2  58   3.561613e+02    3.561613e+02    4.386957e+01    4.386957e+01    -5.560853e-02  
  1   2  59   5.000000e+02    5.000000e+02    2.933824e+01    2.933824e+01    -2.056128e-01  
  1   2  60   2.824804e+02    2.824804e+02    3.001743e+01    3.001743e+01    -3.586425e-02  
  1   2  61   1.944445e+02    1.944445e+02    1.902503e+01    1.902503e+01    -1.006314e-01  
  1   2  62   2.869045e+02    2.869045e+02    2.993728e+01    2.993728e+01    -7.514332e-02  
  1   3   1   2.004425e+02    2.004425e+02    1.913976e+01    1.913976e+01    -2.004388e-02  
  1   3   2   1.848727e+02    1.848727e+02    1.675603e+01    1.675603e+01    7.219161e-01  
  1   3   3   2.334540e+02    2.334540e+02    2.162023e+01    2.162023e+01    4.110547e-01  
  1   3   4   2.324280e+02    2.324280e+02    2.144909e+01    2.144909e+01    5.337035e-02  
  1   3   5   2.544976e+02    2.544976e+02    2.379466e+01    2.379466e+01    1.391948e-01  
  2   1   1   8.435131e+01    8.435131e+01    5.799214e+01    5.799214e+01    -5.647374e-02  
  2   1   2   8.402674e+01    8.402674e+01    4.186589e+01    4.186589e+01    2.354571e-02  
  2   1   3   8.443411e+01    8.443411e+01    2.959668e+01    2.959668e+01    -9.864329e-03  
  2   1   4   7.233319e+01    7.233319e+01    1.961023e+01    1.961023e+01    -2.421505e-02  
  2   1   5   1.489757e+02    1.489757e+02    1.272485e+03    1.272485e+03    0.000000e+00  
  2   1   6   4.962986e+02    4.962986e+02    2.252660e+04    2.252660e+04    2.728955e+00  
  2   1   7   2.200701e+02    2.200701e+02    1.363237e+02    1.363237e+02    -9.312844e-01  
  2   1   8   1.451246e+02    1.451246e+02    2.935148e+01    2.935148e+01    -4.506286e-01  
  2   1   9   1.640035e+02    1.640035e+02    3.362369e+01    3.362369e+01    -9.675395e-02  
  2   1  10   1.676174e+02    1.676174e+02    1.642694e+03    1.642694e+03    0.000000e+00  
  2   1  11   1.476816e+02    1.476816e+02    2.402689e+01    2.402689e+01    -1.280929e-01  
  2   1  12   6.856334e+01    6.856334e+01    7.062014e+00    7.062014e+00    7.606642e-02  
  2   1  13   1.338488e+02    1.338488e+02    1.660128e+01    1.660128e+01    -6.379528e-01  
  2   1  14   1.292813e+02    1.292813e+02    1.559580e+01    1.559580e+01    -1.414618e-01  
  2   1  15   1.782938e+02    1.782938e+02    2.395707e+01    2.395707e+01    -9.042839e-02  
  2   1  16   1.435233e+02    1.435233e+02    1.439596e+01    1.439596e+01    -1.135381e+00  
  2   1  17   1.596269e+02    1.596269e+02    1.798514e+01    1.798514e+01    -3.082889e-02  
  2   1  18   1.929778e+02    1.929778e+02    2.244201e+01    2.244201e+01    -2.144561e-01  
  2   1  19   4.738114e+02    4.738114e+02    2.915438e+02    2.915438e+02    1.742995e+00  
  2   1  20   2.743812e+02    2.743812e+02    3.463893e+01    3.463893e+01    -5.969009e-02  
  2   1  21   2.113793e+02    2.113793e+02    2.705928e+03    2.705928e+03    0.000000e+00  
  2   1  22   1.693302e+02    1.693302e+02    1.527261e+01    1.527261e+01    -1.065923e-01  
  2   1  23   1.458879e+02    1.458879e+02    1.165044e+01    1.165044e+01    4.690377e-02  
  2   2   1   4.999988e+02    4.999988e+02    1.567485e+04    1.567485e+04    2.139731e-02  
  2   2   2   1.431387e+02    1.431387e+02    1.166603e+03    1.166603e+03    0.000000e+00  
  2   2   3   1.346405e+02    1.346405e+02    1.262562e+02    1.262562e+02    3.690673e-02  
  2   2   4   1.583347e+02    1.583347e+02    1.279326e+02    1.279326e+02    -3.165721e-02  
  2   2   5   5.000000e+02    5.000000e+02    1.049434e+03    1.049434e+03    9.575747e-02  
  2   2   6   2.259125e+02    2.259125e+02    1.709753e+02    1.709753e+02    -4.988857e-02  
  2   2   7   8.760269e+01    8.760269e+01    3.512329e+01    3.512329e+01    -6.727228e-02  
  2   2   8   1.321412e+02    1.321412e+02    5.816777e+01    5.816777e+01    -1.173594e-01  
  2   2   9   1.460434e+02    1.460434e+02    6.208662e+01    6.208662e+01    -1.442549e-01  
  2   2  10   3.068728e+02    3.068728e+02    1.752942e+02    1.752942e+02    -3.433997e-02  
  2   2  11   2.760275e+02    2.760275e+02    1.359461e+02    1.359461e+02    -9.269587e-02  
  2   2  12   2.876017e+02    2.876017e+02    1.425372e+02    1.425372e+02    -3.287456e-04  
  2   2  13   1.725104e+02    1.725104e+02    5.930042e+01    5.930042e+01    2.776420e-02  
  2   2  14   1.335569e+02    1.335569e+02    3.786473e+01    3.786473e+01    1.233198e-01  
  2   2  15   1.389269e+02    1.389269e+02    3.881939e+01    3.881939e+01    -4.328642e-02  
  2   2  16   2.163137e+02    2.163137e+02    7.005295e+01    7.005295e+01    -1.913271e-02  
  2   2  17   2.050398e+02    2.050398e+02    6.206749e+01    6.206749e+01    -6.771755e-04  
  2   2  18   1.538611e+02    1.538611e+02    3.719164e+01    3.719164e+01    5.680082e-02  
  2   2  19   1.888464e+02    1.888464e+02    4.221076e+01    4.221076e+01    -5.401741e-01  
  2   2  20   2.121732e+02    2.121732e+02    5.591924e+01    5.591924e+01    -5.819699e-02  
  2   2  21   1.066286e+02    1.066286e+02    1.864279e+01    1.864279e+01    -3.088715e-02  
  2   2  22   1.958520e+02    1.958520e+02    4.479968e+01    4.479968e+01    -1.532342e-01  
  2   2  23   1.924321e+02    1.924321e+02    4.269100e+01    4.269100e+01    -6.605623e-02  
  2   2  24   1.556999e+02    1.556999e+02    2.932450e+01    2.932450e+01    -3.143442e-02  
  2   2  25   2.305371e+02    2.305371e+02    5.610830e+01    5.610830e+01    -6.403324e-01  
  2   2  26   1.736494e+02    1.736494e+02    3.265833e+01    3.265833e+01    -2.365325e-02  
  2   2  27   2.518418e+02    2.518418e+02    5.392191e+01    5.392191e+01    -2.799902e-02  
  2   2  28   2.411882e+02    2.411882e+02    4.882691e+01    4.882691e+01    -1.087934e-01  
  2   2  29   1.918077e+02    1.918077e+02    3.349010e+01    3.349010e+01    1.562615e-02  
  2   2  30   2.686306e+02    2.686306e+02    5.419732e+01    5.419732e+01    -2.198174e-02  
  2   2  31   1.379719e+02    1.379719e+02    1.947519e+01    1.947519e+01    1.733808e-02  
  2   2  32   3.385345e+02    3.385345e+02    7.143614e+01    7.143614e+01    1.899958e-02  
  2   2  33   2.433386e+02    2.433386e+02    4.260076e+01    4.260076e+01    -2.340670e-04  
  2   2  34   3.148836e+02    3.148836e+02    6.137314e+01    6.137314e+01    7.319905e-03  
  2   2  35   2.623697e+02    2.623697e+02    4.502323e+01    4.502323e+01    -2.503156e-02  
  2   2  36   2.926732e+02    2.926732e+02    5.139101e+01    5.139101e+01    -1.311091e-01  
  2   2  37   2.599492e+02    2.599492e+02    4.257125e+01    4.257125e+01    -6.826574e-02  
  2   2  38   3.834059e+02    3.834059e+02    7.330446e+01    7.330446e+01    -4.511376e-02  
  2   2  39   1.993442e+02    1.993442e+02    2.329270e+01    2.329270e+01    -7.477502e-01  
  2   2  40   2.548533e+02    2.548533e+02    3.800415e+01    3.800415e+01    -1.321312e-01  
  2   2  41   3.382952e+02    3.382952e+02    5.690962e+01    5.690962e+01    1.455573e-02  
  2   2  42   1.671597e+02    1.671597e+02    1.942104e+01    1.942104e+01    1.310057e-02  
  2   2  43   2.332151e+02    2.332151e+02    3.000768e+01    3.000768e+01    -2.958613e-01  
  2   2  44   3.890448e+02    3.890448e+02    6.544020e+01    6.544020e+01    -1.820436e-02  
  2   2  45   2.387318e+02    2.387318e+02    3.095999e+01    3.095999e+01    -2.187232e-02  
  2   2  46   3.483430e+02    3.483430e+02    5.155686e+01    5.155686e+01    -2.093874e-01  
  2   2  47   2.043841e+02    2.043841e+02    2.345976e+01    2.345976e+01    -8.311084e-02  
  2   2  48   3.665499e+02    3.665499e+02    5.487365e+01    5.487365e+01    -1.191604e-01  
  2   2  49   4.143360e+02    4.143360e+02    6.472721e+01    6.472721e+01    -1.931602e-02  
  2   2  50   4.743985e+02    4.743985e+02    7.800564e+01    7.800564e+01    -1.831621e-02  
  2   2  51   4.286711e+02    4.286711e+02    6.591260e+01    6.591260e+01    -6.372303e-02  
  2   2  52   3.946187e+02    3.946187e+02    5.626160e+01    5.626160e+01    -1.122660e-01  
  2   2  53   4.218505e+02    4.218505e+02    6.185910e+01    6.185910e+01    -7.826094e-03  
  2   2  54   2.915157e+02    2.915157e+02    3.476401e+01    3.476401e+01    -1.212521e-01  
  2   2  55   3.362363e+02    3.362363e+02    4.244092e+01    4.244092e+01    -4.856292e-03  
  2   2  56   4.778600e+02    4.778600e+02    7.092443e+01    7.092443e+01    -1.160748e-02  
  2   2  57   3.308784e+02    3.308784e+02    3.982829e+01    3.982829e+01    -4.291176e-02  
  2   2  58   2.372877e+02    2.372877e+02    2.386538e+01    2.386538e+01    -7.363942e-02  
  2   2  59   2.719862e+02    2.719862e+02    2.892596e+01    2.892596e+01    -3.565873e-02  
  2   2  60   2.311711e+02    2.311711e+02    2.202389e+01    2.202389e+01    -2.046384e-01  
  2   2  61   3.477186e+02    3.477186e+02    3.959984e+01    3.959984e+01    -2.376231e-01  
  2   2  62   3.516633e+02    3.516633e+02    4.066303e+01    4.066303e+01    4.108249e-02  
  2   3   1   1.792693e+02    1.792693e+02    1.619480e+01    1.619480e+01    3.079315e-02  
  2   3   2   4.022285e+02    4.022285e+02    5.205995e+01    5.205995e+01    1.149621e-02  
  2   3   3   2.858873e+02    2.858873e+02    3.033280e+01    3.033280e+01    -1.512476e-01  
  2   3   4   2.284900e+02    2.284900e+02    3.196735e+03    3.196735e+03    0.000000e+00  
  2   3   5   2.758362e+02    2.758362e+02    2.678917e+01    2.678917e+01    -1.264503e-01  
  3   1   1   1.330623e+02    1.330623e+02    9.950082e+02    9.950082e+02    0.000000e+00  
  3   1   2   1.370406e+02    1.370406e+02    1.061068e+03    1.061068e+03    0.000000e+00  
  3   1   3   1.410190e+02    1.410190e+02    1.129331e+03    1.129331e+03    0.000000e+00  
  3   1   4   1.449973e+02    1.449973e+02    1.199802e+03    1.199802e+03    0.000000e+00  
  3   1   5   1.489757e+02    1.489757e+02    1.272485e+03    1.272485e+03    0.000000e+00  
  3   1   6   1.517041e+02    1.517041e+02    1.323614e+03    1.323614e+03    0.000000e+00  
  3   1   7   1.556824e+02    1.556824e+02    1.400040e+03    1.400040e+03    0.000000e+00  
  3   1   8   1.596607e+02    1.596607e+02    1.478692e+03    1.478692e+03    0.000000e+00  
  3   1   9   1.636391e+02    1.636391e+02    1.559575e+03    1.559575e+03    0.000000e+00  
  3   1  10   1.676174e+02    1.676174e+02    1.642694e+03    1.642694e+03    0.000000e+00  
  3   1  11   1.715958e+02    1.715958e+02    1.728054e+03    1.728054e+03    0.000000e+00  
  3   1  12   1.755742e+02    1.755742e+02    1.815659e+03    1.815659e+03    0.000000e+00  
  3   1  13   1.795525e+02    1.795525e+02    1.905514e+03    1.905514e+03    0.000000e+00  
  3   1  14   1.835309e+02    1.835309e+02    1.997625e+03    1.997625e+03    0.000000e+00  
  3   1  15   1.875092e+02    1.875092e+02    2.091994e+03    2.091994e+03    0.000000e+00  
  3   1  16   1.914876e+02    1.914876e+02    2.188629e+03    2.188629e+03    0.000000e+00  
  3   1  17   2.091806e+02    2.091806e+02    2.685390e+01    2.685390e+01    -1.203921e-01  
  3   1  18   1.206536e+02    1.206536e+02    1.247612e+01    1.247612e+01    -1.175281e-02  
  3   1  19   1.657577e+02    1.657577e+02    2.067589e+01    2.067589e+01    -3.500943e-01  
  3   1  20   1.830451e+02    1.830451e+02    1.887909e+01    1.887909e+01    -7.276121e-02  
  3   1  21   2.017068e+02    2.017068e+02    2.065938e+01    2.065938e+01    1.213024e-01  
  3   1  22   3.048633e+02    3.048633e+02    3.614013e+01    3.614013e+01    2.430843e-01  
  3   1  23   1.981426e+02    1.981426e+02    1.870439e+01    1.870439e+01    -7.543263e-02  
  3   2   1   1.390619e+02    1.390619e+02    1.095474e+03    1.095474e+03    0.000000e+00  
  3   2   2   1.431387e+02    1.431387e+02    1.166603e+03    1.166603e+03    0.000000e+00  
  3   2   3   1.472155e+02    1.472155e+02    1.240054e+03    1.240054e+03    0.000000e+00  
  3   2   4   1.512923e+02    1.512923e+02    1.315831e+03    1.315831e+03    0.000000e+00  
  3   2   5   1.553691e+02    1.553691e+02    1.393940e+03    1.393940e+03    0.000000e+00  
  3   2   6   1.594459e+02    1.594459e+02    1.474387e+03    1.474387e+03    0.000000e+00  
  3   2   7   1.635227e+02    1.635227e+02    1.557176e+03    1.557176e+03    0.000000e+00  
  3   2   8   1.675995e+02    1.675995e+02    1.642313e+03    1.642313e+03    0.000000e+00  
  3   2   9   1.716763e+02    1.716763e+02    1.729803e+03    1.729803e+03    0.000000e+00  
  3   2  10   1.757531e+02    1.757531e+02    1.819652e+03    1.819652e+03    0.000000e+00  
  3   2  11   1.798299e+02    1.798299e+02    1.911863e+03    1.911863e+03    0.000000e+00  
  3   2  12   1.839067e+02    1.839067e+02    2.006443e+03    2.006443e+03    0.000000e+00  
  3   2  13   1.879835e+02    1.879835e+02    2.103396e+03    2.103396e+03    0.000000e+00  
  3   2  14   1.920603e+02    1.920603e+02    2.202727e+03    2.202727e+03    0.000000e+00  
  3   2  15   1.961371e+02    1.961371e+02    2.304442e+03    2.304442e+03    0.000000e+00  
  3   2  16   2.002139e+02    2.002139e+02    2.408545e+03    2.408545e+03    0.000000e+00  
  3   2  17   1.707284e+02    1.707284e+02    4.701363e+01    4.701363e+01    -4.583528e-02  
  3   2  18   1.706593e+02    1.706593e+02    4.346021e+01    4.346021e+01    -2.796196e-02  
  3   2  19   2.194955e+02    2.194955e+02    5.641932e+01    5.641932e+01    -2.701749e-01  
  3   2  20   2.501685e+02    2.501685e+02    7.135891e+01    7.135891e+01    -8.139691e-02  
  3   2  21   1.178333e+02    1.178333e+02    2.157034e+01    2.157034e+01    -9.661343e-02  
  3   2  22   2.457285e+02    2.457285e+02    6.354059e+01    6.354059e+01    -4.802848e-02  
  3   2  23   1.961852e+02    1.961852e+02    4.901054e+01    4.901054e+01    -6.588748e-01  
  3   2  24   2.165060e+02    2.165060e+02    4.736425e+01    4.736425e+01    -1.307367e-01  
  3   2  25   1.822793e+02    1.822793e+02    3.588494e+01    3.588494e+01    -8.622641e-02  
  3   2  26   1.293287e+02    1.293287e+02    2.366824e+01    2.366824e+01    -1.392246e-02  
  3   2  27   2.914919e+02    2.914919e+02    6.774949e+01    6.774949e+01    -5.579252e-01  
  3   2  28   1.993660e+02    1.993660e+02    3.682042e+01    3.682042e+01    -1.090486e-01  
  3   2  29   1.056950e+02    1.056950e+02    1.387443e+01    1.387443e+01    -1.410242e-02  
  3   2  30   2.572891e+02    2.572891e+02    4.119646e+03    4.119646e+03    0.000000e+00  
  3   2  31   1.728969e+02    1.728969e+02    2.728372e+01    2.728372e+01    -7.567799e-02  
  3   2  32   2.654427e+02    2.654427e+02    4.403227e+03    4.403227e+03    0.000000e+00  
  3   2  33   2.695195e+02    2.695195e+02    4.548735e+03    4.548735e+03    0.000000e+00  
  3   2  34   2.735963e+02    2.735963e+02    4.696729e+03    4.696729e+03    0.000000e+00  
  3   2  35   2.776731e+02    2.776731e+02    4.847216e+03    4.847216e+03    0.000000e+00  
  3   2  36   2.817499e+02    2.817499e+02    5.000202e+03    5.000202e+03    0.000000e+00  
  3   2  37   2.858267e+02    2.858267e+02    5.155694e+03    5.155694e+03    0.000000e+00  
  3   2  38   2.899035e+02    2.899035e+02    5.313698e+03    5.313698e+03    0.000000e+00  
  3   2  39   2.939803e+02    2.939803e+02    5.474222e+03    5.474222e+03    0.000000e+00  
  3   2  40   2.980571e+02    2.980571e+02    5.637272e+03    5.637272e+03    0.000000e+00  
  3   2  41   3.021339e+02    3.021339e+02    5.802856e+03    5.802856e+03    0.000000e+00  
  3   2  42   3.062107e+02    3.062107e+02    5.970981e+03    5.970981e+03    0.000000e+00  
  3   2  43   3.102875e+02    3.102875e+02    6.141655e+03    6.141655e+03    0.000000e+00  
  3   2  44   3.143643e+02    3.143643e+02    6.314886e+03    6.314886e+03    0.000000e+00  
  3   2  45   3.184411e+02    3.184411e+02    6.490682e+03    6.490682e+03    0.000000e+00  
  3   2  46   3.225179e+02    3.225179e+02    6.669053e+03    6.669053e+03    0.000000e+00  
  3   2  47   3.265947e+02    3.265947e+02    6.850006e+03    6.850006e+03    0.000000e+00  
  3   2  48   3.306715e+02    3.306715e+02    7.033551e+03    7.033551e+03    0.000000e+00  
  3   2  49   2.094426e+02    2.094426e+02    2.322146e+01    2.322146e+01    -9.666165e-02  
  3   2  50   1.990968e+02    1.990968e+02    2.124584e+01    2.124584e+01    -4.996142e-02  
  3   2  51   2.016786e+02    2.016786e+02    2.128920e+01    2.128920e+01    -1.227778e-01  
  3   2  52   3.710151e+02    3.710151e+02    5.153645e+01    5.153645e+01    -7.372287e-02  
  3   2  53   2.632010e+02    2.632010e+02    3.048285e+01    3.048285e+01    -4.005138e-02  
  3   2  54   2.918197e+02    2.918197e+02    3.507516e+01    3.507516e+01    1.090142e-02  
  3   2  55   3.686833e+02    3.686833e+02    4.875529e+01    4.875529e+01    5.591179e-02  
  3   2  56   3.430453e+02    3.430453e+02    4.414552e+01    4.414552e+01    -1.451463e-01  
  3   2  57   2.915448e+02    2.915448e+02    3.110572e+01    3.110572e+01    -4.242570e-01  
  3   2  58   2.322013e+02    2.322013e+02    2.294978e+01    2.294978e+01    1.797401e-01  
  3   2  59   2.946475e+02    2.946475e+02    3.247734e+01    3.247734e+01    -1.139905e-01  
  3   2  60   3.149778e+02    3.149778e+02    3.532020e+01    3.532020e+01    4.728257e-02  
  3   2  61   2.256159e+02    2.256159e+02    2.005457e+01    2.005457e+01    5.487771e-01  
  3   2  62   3.596441e+02    3.596441e+02    3.866090e+01    3.866090e+01    4.746532e-01  
  3   3   1   1.714789e+02    1.714789e+02    1.459927e+01    1.459927e+01    -5.666193e-01  
  3   3   2   1.706107e+02    1.706107e+02    1.737675e+01    1.737675e+01    6.325085e-01  
  3   3   3   2.278057e+02    2.278057e+02    2.161151e+01    2.161151e+01    7.354477e-04  
  3   3   4   1.839964e+02    1.839964e+02    1.510408e+01    1.510408e+01    -7.345805e-02  
  3   3   5   1.616725e+02    1.616725e+02    1.346192e+01    1.346192e+01    1.188232e+00  
  4   1   1   1.012920e+02    1.012920e+02    6.009192e+01    6.009192e+01    2.381984e-01  
  4   1   2   1.421975e+02    1.421975e+02    8.859985e+01    8.859985e+01    -1.982241e-01  
  4   1   3   1.002222e+02    1.002222e+02    3.569471e+01    3.569471e+01    2.806498e-01  
  4   1   4   7.545289e+01    7.545289e+01    2.083879e+01    2.083879e+01    -7.933820e-02  
  4   1   5   1.023371e+02    1.023371e+02    2.626346e+01    2.626346e+01    1.216139e-01  
  4   1   6   8.928694e+01    8.928694e+01    1.988433e+01    1.988433e+01    1.042657e-01  
  4   1   7   9.028468e+01    9.028468e+01    1.744257e+01    1.744257e+01    -7.979721e-04  
  4   1   8   2.336964e+02    2.336964e+02    1.713414e+02    1.713414e+02    -1.089675e+00  
  4   1   9   1.179702e+02    1.179702e+02    2.060419e+01    2.060419e+01    1.990622e-02  
  4   1  10   1.470920e+02    1.470920e+02    2.632223e+01    2.632223e+01    -1.160445e-01  
  4   1  11   9.142479e+01    9.142479e+01    1.177987e+01    1.177987e+01    -4.611675e-02  
  4   1  12   2.148842e+02    2.148842e+02    3.511817e+01    3.511817e+01    -5.162072e-01  
  4   1  13   1.453027e+02    1.453027e+02    2.031983e+01    2.031983e+01    -2.049741e-02  
  4   1  14   1.738702e+02    1.738702e+02    2.439098e+01    2.439098e+01    3.887642e-02  
  4   1  15   1.148163e+02    1.148163e+02    1.240014e+01    1.240014e+01    -4.401669e-02  
  4   1  16   2.027914e+02    2.027914e+02    2.645393e+01    2.645393e+01    -2.848675e-01  
  4   1  17   1.369367e+02    1.369367e+02    1.427591e+01    1.427591e+01    -5.935618e-02  
  4   1  18   1.994443e+02    1.994443e+02    2.388709e+03    2.388709e+03    0.000000e+00  
  4   1  19   1.355235e+02    1.355235e+02    1.259646e+01    1.259646e+01    -7.742383e-02  
  4   1  20   1.673827e+02    1.673827e+02    1.652013e+01    1.652013e+01    -5.840001e-02  
  4   1  21   1.700810e+02    1.700810e+02    1.539294e+01    1.539294e+01    -5.574456e-01  
  4   1  22   2.512887e+02    2.512887e+02    2.766500e+01    2.766500e+01    9.213675e-05  
  4   1  23   2.440427e+02    2.440427e+02    2.520587e+01    2.520587e+01    -4.315479e-02  
  4   2   1   4.999999e+02    4.999999e+02    3.508916e+03    3.508916e+03    -1.046260e-02  
  4   2   2   2.812007e+02    2.812007e+02    4.679229e+02    4.679229e+02    7.031544e-03  
  4   2   3   2.411758e+02    2.411758e+02    3.018954e+02    3.018954e+02    1.756118e-02  
  4   2   4   1.895346e+02    1.895346e+02    1.680326e+02    1.680326e+02    1.017696e-02  
  4   2   5   2.063798e+02    2.063798e+02    1.670778e+02    1.670778e+02    3.914520e-02  
  4   2   6   1.197892e+02    1.197892e+02    6.775037e+01    6.775037e+01    2.924613e-02  
  4   2   7   1.972656e+02    1.972656e+02    1.188425e+02    1.188425e+02    2.317233e-02  
  4   2   8   2.772261e+02    2.772261e+02    4.759306e+03    4.759306e+03    -6.780818e-01  
  4   2   9   1.448409e+02    1.448409e+02    6.372642e+01    6.372642e+01    7.072825e-02  
  4   2  10   1.569593e+02    1.569593e+02    6.485868e+01    6.485868e+01    -4.407593e-02  
  4   2  11   1.845997e+02    1.845997e+02    7.746063e+01    7.746063e+01    3.713660e-02  
  4   2  12   4.999800e+02    4.999800e+02    4.336502e+03    4.336502e+03    -4.030794e-01  
  4   2  13   2.853661e+02    2.853661e+02    1.263976e+02    1.263976e+02    1.944839e-02  
  4   2  14   2.641941e+02    2.641941e+02    1.068468e+02    1.068468e+02    -1.675528e-02  
  4   2  15   3.135124e+02    3.135124e+02    4.091524e+02    4.091524e+02    -5.893587e-01  
  4   2  16   1.161857e+02    1.161857e+02    2.759253e+01    2.759253e+01    2.966397e-02  
  4   2  17   1.882411e+02    1.882411e+02    5.468038e+01    5.468038e+01    5.788215e-03  
  4   2  18   1.441862e+02    1.441862e+02    3.358443e+01    3.358443e+01    9.542609e-02  
  4   2  19   1.925382e+02    1.925382e+02    5.008678e+01    5.008678e+01    4.425848e-02  
  4   2  20   2.622698e+02    2.622698e+02    7.556797e+01    7.556797e+01    1.013867e-01  
  4   2  21   1.733124e+02    1.733124e+02    3.832654e+01    3.832654e+01    1.356527e-01  
  4   2  22   1.967827e+02    1.967827e+02    4.573141e+01    4.573141e+01    1.098978e-02  
  4   2  23   2.529350e+02    2.529350e+02    6.450351e+01    6.450351e+01    -2.860441e-02  
  4   2  24   2.331945e+02    2.331945e+02    5.369124e+01    5.369124e+01    2.692077e-02  
  4   2  25   1.838134e+02    1.838134e+02    4.264191e+01    4.264191e+01    -2.743095e-01  
  4   2  26   2.175765e+02    2.175765e+02    4.574563e+01    4.574563e+01    3.447185e-02  
  4   2  27   2.542291e+02    2.542291e+02    5.470472e+01    5.470472e+01    -1.012815e-02  
  4   2  28   1.778251e+02    1.778251e+02    3.116005e+01    3.116005e+01    3.973086e-02  
  4   2  29   1.808882e+02    1.808882e+02    3.066041e+01    3.066041e+01    -4.435320e-02  
  4   2  30   1.903928e+02    1.903928e+02    3.229696e+01    3.229696e+01    8.524757e-02  
  4   2  31   2.613659e+02    2.613659e+02    4.260199e+03    4.260199e+03    0.000000e+00  
  4   2  32   3.604478e+02    3.604478e+02    7.375234e+01    7.375234e+01    2.371952e-01  
  4   2  33   2.792279e+02    2.792279e+02    5.239147e+01    5.239147e+01    1.450655e-02  
  4   2  34   3.615530e+02    3.615530e+02    7.555005e+01    7.555005e+01    7.106163e-03  
  4   2  35   3.284319e+02    3.284319e+02    5.930126e+01    5.930126e+01    -2.525391e-01  
  4   2  36   2.871308e+02    2.871308e+02    5.046688e+01    5.046688e+01    4.809603e-02  
  4   2  37   3.638183e+02    3.638183e+02    6.797072e+01    6.797072e+01    -1.703073e-01  
  4   2  38   3.190327e+02    3.190327e+02    5.573469e+01    5.573469e+01    3.228706e-02  
  4   2  39   2.562833e+02    2.562833e+02    4.012517e+01    4.012517e+01    -2.255686e-01  
  4   2  40   4.089977e+02    4.089977e+02    7.758460e+01    7.758460e+01    5.955909e-02  
  4   2  41   3.446131e+02    3.446131e+02    5.677154e+01    5.677154e+01    -2.395233e-01  
  4   2  42   3.197380e+02    3.197380e+02    5.136921e+01    5.136921e+01    5.961197e-04  
  4   2  43   2.158861e+02    2.158861e+02    2.752164e+01    2.752164e+01    2.504222e-02  
  4   2  44   4.999994e+02    4.999994e+02    2.078088e+02    2.078088e+02    8.152927e-03  
  4   2  45   3.769535e+02    3.769535e+02    6.134901e+01    6.134901e+01    -3.787141e-02  
  4   2  46   1.773078e+02    1.773078e+02    2.357455e+01    2.357455e+01    1.810187e-02  
  4   2  47   2.715102e+02    2.715102e+02    3.559894e+01    3.559894e+01    -1.516858e-01  
  4   2  48   3.747012e+02    3.747012e+02    5.748038e+01    5.748038e+01    -5.169348e-03  
  4   2  49   2.276739e+02    2.276739e+02    2.570017e+01    2.570017e+01    3.178563e-01  
  4   2  50   3.916485e+02    3.916485e+02    5.513948e+01    5.513948e+01    -3.033464e-01  
  4   2  51   5.000000e+02    5.000000e+02    4.753642e+01    4.753642e+01    -4.244706e-02  
  4   2  52   2.443765e+02    2.443765e+02    2.766822e+01    2.766822e+01    1.792057e-02  
  4   2  53   4.478751e+02    4.478751e+02    6.749758e+01    6.749758e+01    5.237713e-02  
  4   2  54   2.632283e+02    2.632283e+02    2.981011e+01    2.981011e+01    -1.599288e-01  
  4   2  55   2.701458e+02    2.701458e+02    3.057201e+01    3.057201e+01    8.517126e-03  
  4   2  56   2.150695e+02    2.150695e+02    2.785638e+01    2.785638e+01    8.986257e-03  
  4   2  57   2.127608e+02    2.127608e+02    2.055565e+01    2.055565e+01    -1.503782e-02  
  4   2  58   2.493174e+02    2.493174e+02    2.563172e+01    2.563172e+01    -1.095218e-01  
  4   2  59   2.335889e+02    2.335889e+02    2.301051e+01    2.301051e+01    5.791155e-02  
  4   2  60   2.195616e+02    2.195616e+02    2.055130e+01    2.055130e+01    7.288971e-04  
  4   2  61   1.508398e+02    1.508398e+02    1.580680e+01    1.580680e+01    4.667417e-02  
  4   2  62   2.745937e+02    2.745937e+02    2.802623e+01    2.802623e+01    6.226082e-02  
  4   3   1   2.181513e+02    2.181513e+02    2.895085e+03    2.895085e+03    0.000000e+00  
  4   3   2   3.068004e+02    3.068004e+02    3.457718e+01    3.457718e+01    9.274369e-02  
  4   3   3   2.253270e+02    2.253270e+02    2.083442e+01    2.083442e+01    -3.571490e-01  
  4   3   4   2.599034e+02    2.599034e+02    2.534129e+01    2.534129e+01    -9.315668e-02  
  4   3   5   2.319362e+02    2.319362e+02    3.300752e+03    3.300752e+03    0.000000e+00  
  5   1   1   1.206237e+02    1.206237e+02    9.839463e+01    9.839463e+01    5.175618e-02  
  5   1   2   1.348724e+02    1.348724e+02    8.505016e+01    8.505016e+01    -3.539978e-03  
  5   1   3   4.999998e+02    4.999998e+02    1.687839e+04    1.687839e+04    -2.300820e-01  
  5   1   4   1.449973e+02    1.449973e+02    1.199802e+03    1.199802e+03    0.000000e+00  
  5   1   5   1.343919e+02    1.343919e+02    3.762322e+01    3.762322e+01    -2.843504e-01  
  5   1   6   7.801889e+01    7.801889e+01    1.626277e+01    1.626277e+01    -1.429107e-02  
  5   1   7   1.018127e+02    1.018127e+02    2.088924e+01    2.088924e+01    -1.838062e-03  
  5   1   8   1.109851e+02    1.109851e+02    2.105644e+01    2.105644e+01    -2.218571e-01  
  5   1   9   1.708991e+02    1.708991e+02    3.590260e+01    3.590260e+01    2.433704e-02  
  5   1  10   1.665508e+02    1.665508e+02    3.177512e+01    3.177512e+01    -1.014189e-01  
  5   1  11   1.459851e+02    1.459851e+02    2.346339e+01    2.346339e+01    -1.663740e-01  
  5   1  12   1.757708e+02    1.757708e+02    2.568237e+01    2.568237e+01    -7.888425e-01  
  5   1  13   1.634107e+02    1.634107e+02    2.423963e+01    2.423963e+01    -4.936940e-02  
  5   1  14   1.554198e+02    1.554198e+02    2.051886e+01    2.051886e+01    -1.257820e-01  
  5   1  15   2.828491e+02    2.828491e+02    4.799946e+01    4.799946e+01    2.272386e-02  
  5   1  16   1.562574e+02    1.562574e+02    1.820578e+01    1.820578e+01    -1.041563e-01  
  5   1  17   1.549433e+02    1.549433e+02    1.718509e+01    1.718509e+01    -4.458896e-02  
  5   1  18   2.842351e+02    2.842351e+02    4.037756e+01    4.037756e+01    -1.081290e-01  
  5   1  19   1.753510e+02    1.753510e+02    1.854002e+01    1.854002e+01    6.033393e-02  
  5   1  20   1.822892e+02    1.822892e+02    1.877421e+01    1.877421e+01    7.096837e-02  
  5   1  21   1.742413e+02    1.742413e+02    1.661100e+01    1.661100e+01    -1.050986e-01  
  5   1  22   1.733338e+02    1.733338e+02    1.584082e+01    1.584082e+01    -8.060569e-02  
  5   1  23   1.313499e+02    1.313499e+02    9.957596e+00    9.957596e+00    -1.752452e-02  
  5   2   1   1.585627e+02    1.585627e+02    3.385099e+02    3.385099e+02    -7.023033e-03  
  5   2   2   1.361331e+02    1.361331e+02    1.553486e+02    1.553486e+02    1.693398e-02  
  5   2   3   1.669059e+02    1.669059e+02    1.762738e+02    1.762738e+02    -1.315266e-02  
  5   2   4   4.511885e+02    4.511885e+02    1.204396e+04    1.204396e+04    1.140461e-01  
  5   2   5   1.326348e+02    1.326348e+02    8.755612e+01    8.755612e+01    4.350155e-02  
  5   2   6   1.519345e+02    1.519345e+02    9.679145e+01    9.679145e+01    1.859639e-02  
  5   2   7   2.290663e+02    2.290663e+02    1.457725e+02    1.457725e+02    5.207842e-02  
  5   2   8   1.199135e+02    1.199135e+02    5.208769e+01    5.208769e+01    2.733095e-02  
  5   2   9   1.663549e+02    1.663549e+02    7.914137e+01    7.914137e+01    -1.737959e-02  
  5   2  10   1.923956e+02    1.923956e+02    8.777963e+01    8.777963e+01    -9.611380e-03  
  5   2  11   1.640656e+02    1.640656e+02    6.394967e+01    6.394967e+01    -1.001679e-01  
  5   2  12   2.851198e+02    2.851198e+02    1.397913e+02    1.397913e+02    2.823850e-02  
  5   2  13   3.605657e+02    3.605657e+02    1.462931e+03    1.462931e+03    -4.793815e-01  
  5   2  14   2.377103e+02    2.377103e+02    9.091495e+01    9.091495e+01    3.659227e-02  
  5   2  15   1.817515e+02    1.817515e+02    5.816486e+01    5.816486e+01    4.136478e-02  
  5   2  16   1.795731e+02    1.795731e+02    5.308583e+01    5.308583e+01    4.534635e-02  
  5   2  17   1.562044e+02    1.562044e+02    4.129592e+01    4.129592e+01    4.482225e-03  
  5   2  18   1.405999e+02    1.405999e+02    3.246361e+01    3.246361e+01    5.685441e-02  
  5   2  19   1.584670e+02    1.584670e+02    3.745516e+01    3.745516e+01    -3.949619e-02  
  5   2  20   5.000000e+02    5.000000e+02    4.526635e+02    4.526635e+02    -4.565069e-01  
  5   2  21   9.642355e+01    9.642355e+01    1.601720e+01    1.601720e+01    4.638678e-02  
  5   2  22   2.161624e+02    2.161624e+02    5.253895e+01    5.253895e+01    3.730924e-02  
  5   2  23   1.672405e+02    1.672405e+02    3.470948e+01    3.470948e+01    1.592790e-02  
  5   2  24   1.374398e+02    1.374398e+02    2.406454e+01    2.406454e+01    -1.853611e-01  
  5   2  25   1.577554e+02    1.577554e+02    2.917039e+01    2.917039e+01    -2.785269e-01  
  5   2  26   1.434337e+02    1.434337e+02    2.451421e+01    2.451421e+01    -2.251174e-02  
  5   2  27   2.681800e+02    2.681800e+02    5.924602e+01    5.924602e+01    -1.060648e-02  
  5   2  28   1.612270e+02    1.612270e+02    2.683090e+01    2.683090e+01    -9.896015e-02  
  5   2  29   1.451288e+02    1.451288e+02    2.417024e+01    2.417024e+01    -7.600481e-01  
  5   2  30   2.050845e+02    2.050845e+02    3.612043e+01    3.612043e+01    -3.875723e-02  
  5   2  31   1.279792e+02    1.279792e+02    1.740259e+01    1.740259e+01    -2.755264e-02  
  5   2  32   2.725034e+02    2.725034e+02    5.156157e+01    5.156157e+01    -2.828720e-02  
  5   2  33   1.916122e+02    1.916122e+02    2.976824e+01    2.976824e+01    6.767117e-03  
  5   2  34   2.852564e+02    2.852564e+02    5.285792e+01    5.285792e+01    -4.391362e-02  
  5   2  35   3.305589e+02    3.305589e+02    6.122227e+01    6.122227e+01    -4.645088e-01  
  5   2  36   3.799640e+02    3.799640e+02    7.656960e+01    7.656960e+01    5.890457e-02  
  5   2  37   3.237182e+02    3.237182e+02    5.933500e+01    5.933500e+01    3.264162e-03  
  5   2  38   4.465112e+02    4.465112e+02    9.245665e+01    9.245665e+01    2.728422e-02  
  5   2  39   1.941926e+02    1.941926e+02    2.726451e+01    2.726451e+01    -4.243041e-01  
  5   2  40   2.973452e+02    2.973452e+02    4.829612e+01    4.829612e+01    5.726169e-02  
  5   2  41   3.413257e+02    3.413257e+02    5.767270e+01    5.767270e+01    -2.689146e-02  
  5   2  42   2.637812e+02    2.637812e+02    3.849251e+01    3.849251e+01    -9.987649e-03  
  5   2  43   3.865519e+02    3.865519e+02    5.574859e+01    5.574859e+01    -4.975355e-01  
  5   2  44   3.828511e+02    3.828511e+02    6.397236e+01    6.397236e+01    -6.858138e-03  
  5   2  45   2.574363e+02    2.574363e+02    3.458619e+01    3.458619e+01    -8.159479e-02  
  5   2  46   2.635147e+02    2.635147e+02    3.475736e+01    3.475736e+01    1.443616e-02  
  5   2  47   2.894248e+02    2.894248e+02    3.963091e+01    3.963091e+01    1.405098e-02  
  5   2  48   4.488993e+02    4.488993e+02    7.534118e+01    7.534118e+01    -7.002082e-03  
  5   2  49   2.394578e+02    2.394578e+02    2.845435e+01    2.845435e+01    1.653038e-02  
  5   2  50   2.486970e+02    2.486970e+02    2.964495e+01    2.964495e+01    5.110865e-02  
  5   2  51   3.697126e+02    3.697126e+02    5.297240e+01    5.297240e+01    8.489594e-03  
  5   2  52   4.510067e+02    4.510067e+02    6.941279e+01    6.941279e+01    2.218071e-03  
  5   2  53   2.877868e+02    2.877868e+02    3.464838e+01    3.464838e+01    -1.555769e-01  
  5   2  54   2.861254e+02    2.861254e+02    3.402204e+01    3.402204e+01    3.598295e-03  
  5   2  55   2.656427e+02    2.656427e+02    3.055996e+01    3.055996e+01    -3.219376e-01  
  5   2  56   1.454568e+02    1.454568e+02    1.423503e+01    1.423503e+01    -7.911061e-03  
  5   2  57   2.984042e+02    2.984042e+02    3.095701e+01    3.095701e+01    -6.000085e-01  
  5   2  58   2.375849e+02    2.375849e+02    2.392948e+01    2.392948e+01    -4.069361e-03  
  5   2  59   1.393096e+02    1.393096e+02    1.301887e+01    1.301887e+01    -5.583032e-01  
  5   2  60   4.269698e+02    4.269698e+02    5.576873e+01    5.576873e+01    8.440930e-03  
  5   2  61   1.708695e+02    1.708695e+02    1.515940e+01    1.515940e+01    -2.294462e-02  
  5   2  62   1.831496e+02    1.831496e+02    2.132921e+01    2.132921e+01    -1.019965e-02  
  5   3   1   1.610143e+02    1.610143e+02    1.377915e+01    1.377915e+01    -3.614226e-02  
  5   3   2   2.581061e+02    2.581061e+02    2.632385e+01    2.632385e+01    -2.513716e-01  
  5   3   3   3.239745e+02    3.239745e+02    3.622691e+01    3.622691e+01    -2.299667e-01  
  5   3   4   2.135619e+02    2.135619e+02    1.869567e+01    1.869567e+01    2.635434e-01  
  5   3   5   2.456887e+02    2.456887e+02    2.242437e+01    2.242437e+01    2.488450e-01  
  6   1   1   1.190516e+02    1.190516e+02    8.821279e+01    8.821279e+01    -1.790175e-01  
  6   1   2   8.566208e+01    8.566208e+01    4.127684e+01    4.127684e+01    -1.689100e-01  
  6   1   3   1.674800e+02    1.674800e+02    8.156913e+01    8.156913e+01    5.709848e-02  
  6   1   4   1.694485e+02    1.694485e+02    7.027175e+01    7.027175e+01    -1.156289e-02  
  6   1   5   1.242425e+02    1.242425e+02    3.530895e+01    3.530895e+01    2.337099e-02  
  6   1   6   8.713383e+01    8.713383e+01    1.922003e+01    1.922003e+01    -2.924051e-02  
  6   1   7   1.011851e+02    1.011851e+02    2.064195e+01    2.064195e+01    -8.278380e-02  
  6   1   8   2.024599e+02    2.024599e+02    5.158165e+01    5.158165e+01    -1.510743e-01  
  6   1   9   1.015591e+02    1.015591e+02    1.627506e+01    1.627506e+01    -2.366152e-01  
  6   1  10   1.714053e+02    1.714053e+02    3.325767e+01    3.325767e+01    -6.345247e-02  
  6   1  11   1.670130e+02    1.670130e+02    2.545240e+01    2.545240e+01    -6.604228e-01  
  6   1  12   1.535728e+02    1.535728e+02    2.087840e+01    2.087840e+01    -7.535284e-01  
  6   1  13   1.960720e+02    1.960720e+02    3.152101e+01    3.152101e+01    -1.526636e-01  
  6   1  14   1.156708e+02    1.156708e+02    1.320276e+01    1.320276e+01    1.385854e-01  
  6   1  15   1.939299e+02    1.939299e+02    2.712120e+01    2.712120e+01    1.032842e-01  
  6   1  16   2.046639e+02    2.046639e+02    2.736920e+01    2.736920e+01    4.982357e-02  
  6   1  17   1.734100e+02    1.734100e+02    2.032122e+01    2.032122e+01    -8.767398e-02  
  6   1  18   2.920848e+02    2.920848e+02    3.869585e+01    3.869585e+01    -4.873269e-01  
  6   1  19   1.727376e+02    1.727376e+02    1.807323e+01    1.807323e+01    -1.350540e-01  
  6   1  20   1.540241e+02    1.540241e+02    1.458802e+01    1.458802e+01    -4.975548e-02  
  6   1  21   2.113793e+02    2.113793e+02    2.705928e+03    2.705928e+03    0.000000e+00  
  6   1  22   2.148465e+02    2.148465e+02    2.179946e+01    2.179946e+01    1.214661e-01  
  6   1  23   1.669230e+02    1.669230e+02    1.427731e+01    1.427731e+01    1.810486e-02  
  6   2   1   5.000000e+02    5.000000e+02    1.533447e+04    1.533447e+04    1.882275e-02  
  6   2   2   1.097922e+02    1.097922e+02    1.117659e+02    1.117659e+02    -1.937416e-02  
  6   2   3   1.887005e+02    1.887005e+02    2.175364e+02    2.175364e+02    3.494235e-03  
  6   2   4   1.798812e+02    1.798812e+02    1.558192e+02    1.558192e+02    -2.445691e-02  
  6   2   5   2.686017e+02    2.686017e+02    2.544507e+02    2.544507e+02    -1.209069e-02  
  6   2   6   1.822141e+02    1.822141e+02    1.259104e+02    1.259104e+02    -4.036442e-02  
  6   2   7   5.000000e+02    5.000000e+02    2.915432e+03    2.915432e+03    -1.803292e-01  
  6   2   8   1.502092e+02    1.502092e+02    7.313312e+01    7.313312e+01    -8.292960e-03  
  6   2   9   1.757042e+02    1.757042e+02    8.588449e+01    8.588449e+01    -2.019952e-02  
  6   2  10   1.659776e+02    1.659776e+02    7.036152e+01    7.036152e+01    -6.438991e-03  
  6   2  11   2.024037e+02    2.024037e+02    8.920250e+01    8.920250e+01    4.527007e-03  
  6   2  12   2.458727e+02    2.458727e+02    1.108391e+02    1.108391e+02    -6.621808e-02  
  6   2  13   1.699899e+02    1.699899e+02    5.800288e+01    5.800288e+01    -7.682181e-03  
  6   2  14   1.849851e+02    1.849851e+02    6.265303e+01    6.265303e+01    -1.388503e-02  
  6   2  15   1.981685e+02    1.981685e+02    6.626847e+01    6.626847e+01    -1.097784e-02  
  6   2  16   2.015372e+02    2.015372e+02    6.312347e+01    6.312347e+01    -1.484827e-02  
  6   2  17   1.236048e+02    1.236048e+02    2.878801e+01    2.878801e+01    -1.282255e-01  
  6   2  18   1.153868e+02    1.153868e+02    2.411203e+01    2.411203e+01    -1.065136e-01  
  6   2  19   1.552367e+02    1.552367e+02    3.632099e+01    3.632099e+01    -7.396976e-02  
  6   2  20   5.000000e+02    5.000000e+02    2.008620e+02    2.008620e+02    -4.255686e-01  
  6   2  21   1.390632e+02    1.390632e+02    2.770592e+01    2.770592e+01    -6.548753e-02  
  6   2  22   2.249544e+02    2.249544e+02    5.583772e+01    5.583772e+01    -4.835933e-02  
  6   2  23   1.297651e+02    1.297651e+02    2.371274e+01    2.371274e+01    -4.101760e-02  
  6   2  24   1.327555e+02    1.327555e+02    2.726993e+01    2.726993e+01    -5.687852e-01  
  6   2  25   1.653261e+02    1.653261e+02    3.106071e+01    3.106071e+01    -8.442619e-02  
  6   2  26   1.319521e+02    1.319521e+02    2.159449e+01    2.159449e+01    -7.120153e-02  
  6   2  27   1.955261e+02    1.955261e+02    3.689643e+01    3.689643e+01    -1.097097e-02  
  6   2  28   1.360669e+02    1.360669e+02    2.085782e+01    2.085782e+01    -7.441201e-02  
  6   2  29   1.152894e+02    1.152894e+02    1.560482e+01    1.560482e+01    -2.812889e-02  
  6   2  30   2.415976e+02    2.415976e+02    4.246918e+01    4.246918e+01    -5.575103e-01  
  6   2  31   1.204973e+02    1.204973e+02    1.589067e+01    1.589067e+01    -4.204736e-02  
  6   2  32   3.479489e+02    3.479489e+02    7.100184e+01    7.100184e+01    -1.914222e-01  
  6   2  33   2.679549e+02    2.679549e+02    4.923487e+01    4.923487e+01    -2.532942e-02  
  6   2  34   3.922100e+02    3.922100e+02    8.523114e+01    8.523114e+01    -4.344759e-02  
  6   2  35   2.914450e+02    2.914450e+02    5.270373e+01    5.270373e+01    -2.769854e-02  
  6   2  36   2.697432e+02    2.697432e+02    4.583999e+01    4.583999e+01    -1.006306e-01  
  6   2  37   2.444903e+02    2.444903e+02    3.889955e+01    3.889955e+01    -3.072978e-02  
  6   2  38   3.267583e+02    3.267583e+02    5.779983e+01    5.779983e+01    8.730465e-03  
  6   2  39   4.799746e+02    4.799746e+02    1.321614e+02    1.321614e+02    2.293086e-02  
  6   2  40   3.743654e+02    3.743654e+02    6.845598e+01    6.845598e+01    5.175356e-03  
  6   2  41   2.831438e+02    2.831438e+02    4.338132e+01    4.338132e+01    -1.088303e-01  
  6   2  42   2.518935e+02    2.518935e+02    3.574275e+01    3.574275e+01    -1.378575e-01  
  6   2  43   2.822503e+02    2.822503e+02    4.111405e+01    4.111405e+01    -4.916119e-02  
  6   2  44   2.702029e+02    2.702029e+02    3.769368e+01    3.769368e+01    -1.160505e-01  
  6   2  45   1.694447e+02    1.694447e+02    1.850922e+01    1.850922e+01    -5.019965e-02  
  6   2  46   4.999998e+02    4.999998e+02    6.139226e+01    6.139226e+01    -2.391963e-02  
  6   2  47   2.569431e+02    2.569431e+02    3.307224e+01    3.307224e+01    -6.438933e-02  
  6   2  48   3.708398e+02    3.708398e+02    5.641737e+01    5.641737e+01    -5.848502e-02  
  6   2  49   2.862369e+02    2.862369e+02    3.708196e+01    3.708196e+01    -9.965658e-02  
  6   2  50   2.294851e+02    2.294851e+02    2.620561e+01    2.620561e+01    -1.198792e-01  
  6   2  51   4.993736e+02    4.993736e+02    2.381927e+03    2.381927e+03    -2.738332e-01  
  6   2  52   2.314690e+02    2.314690e+02    2.624323e+01    2.624323e+01    -4.377420e-03  
  6   2  53   3.133194e+02    3.133194e+02    3.956107e+01    3.956107e+01    -6.698274e-02  
  6   2  54   2.445474e+02    2.445474e+02    2.687227e+01    2.687227e+01    -6.493943e-03  
  6   2  55   3.839306e+02    3.839306e+02    5.083233e+01    5.083233e+01    -1.717607e-01  
  6   2  56   2.709219e+02    2.709219e+02    3.005368e+01    3.005368e+01    -2.044304e-01  
  6   2  57   2.391420e+02    2.391420e+02    2.446014e+01    2.446014e+01    6.408658e-02  
  6   2  58   2.169357e+02    2.169357e+02    2.084683e+01    2.084683e+01    9.174864e-02  
  6   2  59   2.962761e+02    2.962761e+02    3.278310e+01    3.278310e+01    -2.050363e-01  
  6   2  60   5.000000e+02    5.000000e+02    4.907594e+01    4.907594e+01    7.969845e-02  
  6   2  61   2.484101e+02    2.484101e+02    2.442727e+01    2.442727e+01    9.475302e-02  
  6   2  62   3.705901e+02    3.705901e+02    4.398475e+01    4.398475e+01    3.508895e-02  
  6   3   1   2.181513e+02    2.181513e+02    2.895085e+03    2.895085e+03    0.000000e+00  
  6   3   2   2.779245e+02    2.779245e+02    2.984601e+01    2.984601e+01    7.252092e-02  
  6   3   3   2.840982e+02    2.840982e+02    3.009076e+01    3.009076e+01    6.286519e-02  
  6   3   4   1.448669e+02    1.448669e+02    1.207790e+01    1.207790e+01    1.241725e-01  
  6   3   5   3.300897e+02    3.300897e+02    3.521193e+01    3.521193e+01    4.739902e-02  
