  1   1   1   1.444639e+02    1.444639e+02    3.005136e+02    3.005136e+02    -4.175051e-03  
  1   1   2   1.563734e+02    1.563734e+02    2.007848e+02    2.007848e+02    -4.626581e-04  
  1   1   3   1.601814e+02    1.601814e+02    1.527483e+02    1.527483e+02    3.983047e-03  
  1   1   4   1.664445e+02    1.664445e+02    1.490960e+02    1.490960e+02    2.336001e-03  
  1   1   5   1.713421e+02    1.713421e+02    1.229829e+02    1.229829e+02    1.422924e-03  
  1   1   6   1.715448e+02    1.715448e+02    1.104957e+02    1.104957e+02    -1.106119e-03  
  1   1   7   1.782884e+02    1.782884e+02    7.803289e+01    7.803289e+01    1.345539e-04  
  1   1   8   1.759394e+02    1.759394e+02    8.441250e+01    8.441250e+01    -1.277321e-02  
  1   1   9   1.850763e+02    1.850763e+02    7.820951e+01    7.820951e+01    -6.553073e-04  
  1   1  10   1.924046e+02    1.924046e+02    6.587822e+01    6.587822e+01    4.092137e-03  
  1   1  11   1.901761e+02    1.901761e+02    7.906451e+01    7.906451e+01    1.256144e-03  
  1   1  12   1.918339e+02    1.918339e+02    5.618296e+01    5.618296e+01    -3.435172e-03  
  1   1  13   1.973321e+02    1.973321e+02    5.352613e+01    5.352613e+01    -4.503792e-03  
  1   1  14   2.071090e+02    2.071090e+02    5.001387e+01    5.001387e+01    8.802797e-03  
  1   1  15   2.043675e+02    2.043675e+02    5.483201e+01    5.483201e+01    -2.317171e-03  
  1   1  16   2.126242e+02    2.126242e+02    6.180462e+01    6.180462e+01    5.109346e-03  
  1   1  17   2.104405e+02    2.104405e+02    5.790746e+01    5.790746e+01    -5.061536e-03  
  1   1  18   2.201222e+02    2.201222e+02    5.150520e+01    5.150520e+01    5.925097e-03  
  1   1  19   2.199936e+02    2.199936e+02    4.055776e+01    4.055776e+01    -1.443447e-02  
  1   1  20   2.305659e+02    2.305659e+02    4.588815e+01    4.588815e+01    9.413185e-03  
  1   1  21   2.298978e+02    2.298978e+02    4.591365e+01    4.591365e+01    6.093712e-03  
  1   1  22   2.298403e+02    2.298403e+02    4.242364e+01    4.242364e+01    -9.917974e-03  
  1   1  23   2.305259e+02    2.305259e+02    3.803911e+01    3.803911e+01    -1.959824e-02  
  1   2   1   1.151799e+02    1.151799e+02    6.741707e+02    6.741707e+02    -1.393029e-02  
  1   2   2   1.769202e+02    1.769202e+02    5.977591e+02    5.977591e+02    4.145280e-03  
  1   2   3   1.675382e+02    1.675382e+02    3.563773e+02    3.563773e+02    2.036725e-03  
  1   2   4   1.734729e+02    1.734729e+02    3.628568e+02    3.628568e+02    6.617517e-03  
  1   2   5   1.770900e+02    1.770900e+02    3.210475e+02    3.210475e+02    1.432656e-03  
  1   2   6   1.827476e+02    1.827476e+02    1.861525e+02    1.861525e+02    9.164817e-04  
  1   2   7   1.861295e+02    1.861295e+02    1.784243e+02    1.784243e+02    2.136601e-03  
  1   2   8   1.931388e+02    1.931388e+02    1.913373e+02    1.913373e+02    6.261377e-03  
  1   2   9   1.876777e+02    1.876777e+02    2.054208e+02    2.054208e+02    1.266692e-03  
  1   2  10   1.888070e+02    1.888070e+02    1.525293e+02    1.525293e+02    -2.787487e-03  
  1   2  11   2.057747e+02    2.057747e+02    1.663356e+02    1.663356e+02    -3.811751e-03  
  1   2  12   2.155934e+02    2.155934e+02    2.013370e+02    2.013370e+02    8.212868e-03  
  1   2  13   2.105244e+02    2.105244e+02    1.546746e+02    1.546746e+02    5.419760e-03  
  1   2  14   2.024174e+02    2.024174e+02    1.443855e+02    1.443855e+02    -7.864766e-03  
  1   2  15   2.177823e+02    2.177823e+02    1.327880e+02    1.327880e+02    -1.377942e-03  
  1   2  16   2.283053e+02    2.283053e+02    1.308487e+02    1.308487e+02    4.913750e-03  
  1   2  17   2.343377e+02    2.343377e+02    1.333541e+02    1.333541e+02    7.824214e-03  
  1   2  18   2.363070e+02    2.363070e+02    1.227623e+02    1.227623e+02    7.061475e-03  
  1   2  19   2.211011e+02    2.211011e+02    1.047389e+02    1.047389e+02    -1.220883e-02  
  1   2  20   2.407113e+02    2.407113e+02    1.164679e+02    1.164679e+02    -1.563230e-03  
  1   2  21   2.494491e+02    2.494491e+02    1.134865e+02    1.134865e+02    4.531849e-03  
  1   2  22   2.389987e+02    2.389987e+02    1.153830e+02    1.153830e+02    -9.092276e-03  
  1   2  23   2.313046e+02    2.313046e+02    9.535648e+01    9.535648e+01    -1.766078e-02  
  1   2  24   2.485006e+02    2.485006e+02    1.112144e+02    1.112144e+02    -2.590982e-03  
  1   2  25   2.452537e+02    2.452537e+02    1.090008e+02    1.090008e+02    -2.086908e-02  
  1   2  26   2.676719e+02    2.676719e+02    1.223187e+02    1.223187e+02    9.975728e-03  
  1   2  27   2.666133e+02    2.666133e+02    1.247027e+02    1.247027e+02    3.582069e-03  
  1   2  28   2.816966e+02    2.816966e+02    9.793100e+01    9.793100e+01    3.534721e-03  
  1   2  29   2.799486e+02    2.799486e+02    1.043260e+02    1.043260e+02    1.880339e-03  
  1   2  30   2.918907e+02    2.918907e+02    1.045262e+02    1.045262e+02    1.723935e-02  
  1   2  31   3.016754e+02    3.016754e+02    9.949333e+01    9.949333e+01    8.572140e-03  
  1   2  32   2.842389e+02    2.842389e+02    9.139622e+01    9.139622e+01    -3.811656e-03  
  1   2  33   2.848972e+02    2.848972e+02    1.050056e+02    1.050056e+02    -4.793147e-03  
  1   2  34   3.085900e+02    3.085900e+02    1.371216e+02    1.371216e+02    1.593636e-02  
  1   2  35   2.976727e+02    2.976727e+02    9.174558e+01    9.174558e+01    8.343353e-05  
  1   2  36   2.967942e+02    2.967942e+02    1.006405e+02    1.006405e+02    -8.728409e-03  
  1   2  37   3.111980e+02    3.111980e+02    9.976825e+01    9.976825e+01    4.867003e-03  
  1   2  38   3.099890e+02    3.099890e+02    1.013719e+02    1.013719e+02    -3.486839e-03  
  1   2  39   3.327208e+02    3.327208e+02    9.257345e+01    9.257345e+01    1.956164e-02  
  1   2  40   3.257403e+02    3.257403e+02    1.002020e+02    1.002020e+02    1.618682e-03  
  1   2  41   3.261762e+02    3.261762e+02    9.864611e+01    9.864611e+01    2.006057e-03  
  1   2  42   3.302568e+02    3.302568e+02    9.104719e+01    9.104719e+01    6.288677e-03  
  1   2  43   3.410994e+02    3.410994e+02    1.099329e+02    1.099329e+02    1.159157e-02  
  1   2  44   3.348326e+02    3.348326e+02    9.777050e+01    9.777050e+01    -7.185485e-03  
  1   2  45   3.315031e+02    3.315031e+02    8.573573e+01    8.573573e+01    -3.653855e-03  
  1   2  46   3.465397e+02    3.465397e+02    1.094784e+02    1.094784e+02    1.466697e-03  
  1   2  47   3.726690e+02    3.726690e+02    9.782140e+01    9.782140e+01    2.516967e-02  
  1   2  48   3.626028e+02    3.626028e+02    1.083106e+02    1.083106e+02    1.297519e-02  
  1   2  49   3.559101e+02    3.559101e+02    9.474379e+01    9.474379e+01    -1.707492e-03  
  1   2  50   3.549433e+02    3.549433e+02    1.043331e+02    1.043331e+02    -4.229328e-03  
  1   2  51   3.476905e+02    3.476905e+02    8.561188e+01    8.561188e+01    -2.428016e-02  
  1   2  52   3.631972e+02    3.631972e+02    1.023524e+02    1.023524e+02    -6.140760e-03  
  1   2  53   3.721923e+02    3.721923e+02    9.726992e+01    9.726992e+01    -6.357543e-04  
  1   2  54   3.860758e+02    3.860758e+02    1.106804e+02    1.106804e+02    1.417715e-02  
  1   2  55   3.928425e+02    3.928425e+02    9.734205e+01    9.734205e+01    9.742938e-03  
  1   2  56   3.949513e+02    3.949513e+02    9.561629e+01    9.561629e+01    5.356414e-03  
  1   2  57   3.961537e+02    3.961537e+02    9.437232e+01    9.437232e+01    7.134054e-03  
  1   2  58   4.056147e+02    4.056147e+02    1.199507e+02    1.199507e+02    7.727134e-03  
  1   2  59   4.242904e+02    4.242904e+02    1.158483e+02    1.158483e+02    1.673843e-02  
  1   2  60   4.173689e+02    4.173689e+02    1.086116e+02    1.086116e+02    1.135330e-02  
  1   2  61   4.216429e+02    4.216429e+02    1.196443e+02    1.196443e+02    1.275060e-02  
  1   2  62   4.075727e+02    4.075727e+02    9.800180e+01    9.800180e+01    1.407399e-03  
  1   3   1   2.363300e+02    2.363300e+02    4.832904e+01    4.832904e+01    -3.813910e-04  
  1   3   2   2.427502e+02    2.427502e+02    4.258339e+01    4.258339e+01    8.944091e-03  
  1   3   3   2.458587e+02    2.458587e+02    4.635236e+01    4.635236e+01    6.193230e-03  
  1   3   4   2.438461e+02    2.438461e+02    4.168272e+01    4.168272e+01    -1.833808e-02  
  1   3   5   2.494043e+02    2.494043e+02    4.822664e+01    4.822664e+01    -1.096780e-02  
  2   1   1   1.632306e+02    1.632306e+02    2.584282e+02    2.584282e+02    5.147510e-03  
  2   1   2   1.420818e+02    1.420818e+02    1.521366e+02    1.521366e+02    -1.001571e-02  
  2   1   3   1.595646e+02    1.595646e+02    1.489842e+02    1.489842e+02    2.607314e-03  
  2   1   4   1.656607e+02    1.656607e+02    1.108692e+02    1.108692e+02    4.541427e-03  
  2   1   5   1.702086e+02    1.702086e+02    1.182169e+02    1.182169e+02    -9.219435e-04  
  2   1   6   1.731648e+02    1.731648e+02    8.501116e+01    8.501116e+01    3.153442e-03  
  2   1   7   1.791852e+02    1.791852e+02    8.293914e+01    8.293914e+01    6.098626e-03  
  2   1   8   1.772380e+02    1.772380e+02    8.933263e+01    8.933263e+01    -7.566833e-03  
  2   1   9   1.825746e+02    1.825746e+02    6.982487e+01    6.982487e+01    -2.254382e-03  
  2   1  10   1.906771e+02    1.906771e+02    6.252954e+01    6.252954e+01    6.623489e-04  
  2   1  11   1.921403e+02    1.921403e+02    5.536257e+01    5.536257e+01    1.723245e-03  
  2   1  12   1.976096e+02    1.976096e+02    6.363037e+01    6.363037e+01    3.312163e-03  
  2   1  13   1.964190e+02    1.964190e+02    4.965603e+01    4.965603e+01    -5.795690e-03  
  2   1  14   2.057863e+02    2.057863e+02    5.693274e+01    5.693274e+01    4.737785e-03  
  2   1  15   2.021604e+02    2.021604e+02    5.008606e+01    5.008606e+01    -1.153830e-02  
  2   1  16   2.135132e+02    2.135132e+02    5.040652e+01    5.040652e+01    4.450342e-03  
  2   1  17   2.156841e+02    2.156841e+02    4.870754e+01    4.870754e+01    -3.124935e-03  
  2   1  18   2.177945e+02    2.177945e+02    5.044760e+01    5.044760e+01    -4.499448e-03  
  2   1  19   2.233866e+02    2.233866e+02    4.974570e+01    4.974570e+01    -1.350554e-03  
  2   1  20   2.218263e+02    2.218263e+02    4.130601e+01    4.130601e+01    -1.004785e-02  
  2   1  21   2.295882e+02    2.295882e+02    4.218611e+01    4.218611e+01    -3.151612e-04  
  2   1  22   2.366826e+02    2.366826e+02    4.273559e+01    4.273559e+01    7.814630e-03  
  2   1  23   2.356587e+02    2.356587e+02    4.534125e+01    4.534125e+01    -4.664138e-03  
  2   2   1   1.453383e+02    1.453383e+02    1.220709e+03    1.220709e+03    -3.154693e-03  
  2   2   2   2.074453e+02    2.074453e+02    2.380403e+03    2.380403e+03    1.681241e-02  
  2   2   3   1.760248e+02    1.760248e+02    3.999907e+02    3.999907e+02    8.858820e-03  
  2   2   4   1.793324e+02    1.793324e+02    3.850489e+02    3.850489e+02    5.824704e-03  
  2   2   5   1.672271e+02    1.672271e+02    2.842057e+02    2.842057e+02    -1.984372e-03  
  2   2   6   1.587699e+02    1.587699e+02    1.882979e+02    1.882979e+02    -1.964741e-02  
  2   2   7   1.970748e+02    1.970748e+02    2.226181e+02    2.226181e+02    2.187334e-03  
  2   2   8   1.970353e+02    1.970353e+02    1.940126e+02    1.940126e+02    8.779717e-03  
  2   2   9   1.851982e+02    1.851982e+02    1.869449e+02    1.869449e+02    -6.676537e-03  
  2   2  10   2.028763e+02    2.028763e+02    2.090135e+02    2.090135e+02    7.220776e-03  
  2   2  11   2.083079e+02    2.083079e+02    2.304440e+02    2.304440e+02    5.428391e-03  
  2   2  12   2.033905e+02    2.033905e+02    1.582480e+02    1.582480e+02    8.610946e-04  
  2   2  13   1.977734e+02    1.977734e+02    1.274059e+02    1.274059e+02    -6.358536e-03  
  2   2  14   2.090305e+02    2.090305e+02    1.359423e+02    1.359423e+02    -3.692724e-03  
  2   2  15   2.181699e+02    2.181699e+02    1.591488e+02    1.591488e+02    5.526377e-03  
  2   2  16   2.267618e+02    2.267618e+02    1.495285e+02    1.495285e+02    1.375355e-02  
  2   2  17   2.243843e+02    2.243843e+02    1.201014e+02    1.201014e+02    -6.002368e-03  
  2   2  18   2.311102e+02    2.311102e+02    1.179662e+02    1.179662e+02    -1.619978e-03  
  2   2  19   2.260526e+02    2.260526e+02    1.192014e+02    1.192014e+02    -1.178547e-02  
  2   2  20   2.443022e+02    2.443022e+02    1.148931e+02    1.148931e+02    1.650676e-03  
  2   2  21   2.471871e+02    2.471871e+02    1.345732e+02    1.345732e+02    2.752311e-03  
  2   2  22   2.436736e+02    2.436736e+02    1.154948e+02    1.154948e+02    -9.437862e-03  
  2   2  23   2.563560e+02    2.563560e+02    1.278065e+02    1.278065e+02    7.351190e-03  
  2   2  24   2.523108e+02    2.523108e+02    1.296839e+02    1.296839e+02    -1.103279e-04  
  2   2  25   2.598264e+02    2.598264e+02    1.303397e+02    1.303397e+02    6.975885e-04  
  2   2  26   2.632110e+02    2.632110e+02    1.107245e+02    1.107245e+02    4.221786e-03  
  2   2  27   2.708712e+02    2.708712e+02    1.110226e+02    1.110226e+02    5.951743e-03  
  2   2  28   2.727387e+02    2.727387e+02    1.082160e+02    1.082160e+02    4.242227e-03  
  2   2  29   2.932441e+02    2.932441e+02    1.226217e+02    1.226217e+02    1.630317e-02  
  2   2  30   2.806875e+02    2.806875e+02    1.203883e+02    1.203883e+02    -4.680370e-03  
  2   2  31   2.854621e+02    2.854621e+02    1.161661e+02    1.161661e+02    4.814866e-03  
  2   2  32   2.902050e+02    2.902050e+02    9.222383e+01    9.222383e+01    3.513309e-03  
  2   2  33   2.749832e+02    2.749832e+02    1.016940e+02    1.016940e+02    -1.727745e-02  
  2   2  34   3.070197e+02    3.070197e+02    1.239980e+02    1.239980e+02    1.247654e-02  
  2   2  35   3.032614e+02    3.032614e+02    1.240639e+02    1.240639e+02    7.558531e-03  
  2   2  36   2.971179e+02    2.971179e+02    9.902094e+01    9.902094e+01    -1.055643e-02  
  2   2  37   3.083600e+02    3.083600e+02    1.254444e+02    1.254444e+02    5.553480e-03  
  2   2  38   3.242351e+02    3.242351e+02    1.116366e+02    1.116366e+02    1.297328e-02  
  2   2  39   3.324998e+02    3.324998e+02    9.133298e+01    9.133298e+01    1.514859e-02  
  2   2  40   3.148417e+02    3.148417e+02    1.093075e+02    1.093075e+02    -2.367824e-03  
  2   2  41   3.318926e+02    3.318926e+02    1.117604e+02    1.117604e+02    8.275455e-03  
  2   2  42   3.389549e+02    3.389549e+02    1.034583e+02    1.034583e+02    9.078693e-03  
  2   2  43   3.273013e+02    3.273013e+02    8.998837e+01    8.998837e+01    -2.379407e-03  
  2   2  44   3.383039e+02    3.383039e+02    9.062526e+01    9.062526e+01    4.102545e-03  
  2   2  45   3.466658e+02    3.466658e+02    1.107403e+02    1.107403e+02    6.289167e-03  
  2   2  46   3.420129e+02    3.420129e+02    8.921312e+01    8.921312e+01    -6.660627e-03  
  2   2  47   3.549086e+02    3.549086e+02    8.893986e+01    8.893986e+01    2.567556e-03  
  2   2  48   3.502944e+02    3.502944e+02    1.063407e+02    1.063407e+02    5.537166e-03  
  2   2  49   3.557001e+02    3.557001e+02    1.062311e+02    1.062311e+02    9.351008e-04  
  2   2  50   3.758766e+02    3.758766e+02    8.898083e+01    8.898083e+01    1.379544e-02  
  2   2  51   3.576466e+02    3.576466e+02    1.005343e+02    1.005343e+02    -1.175322e-02  
  2   2  52   3.683237e+02    3.683237e+02    1.039484e+02    1.039484e+02    1.187101e-03  
  2   2  53   3.759295e+02    3.759295e+02    9.889805e+01    9.889805e+01    3.792291e-03  
  2   2  54   3.810196e+02    3.810196e+02    9.527676e+01    9.527676e+01    -1.327750e-03  
  2   2  55   3.935335e+02    3.935335e+02    1.144976e+02    1.144976e+02    4.830238e-03  
  2   2  56   3.947698e+02    3.947698e+02    9.846852e+01    9.846852e+01    1.114385e-02  
  2   2  57   4.049583e+02    4.049583e+02    1.089270e+02    1.089270e+02    1.223677e-02  
  2   2  58   4.316679e+02    4.316679e+02    1.134712e+02    1.134712e+02    2.439876e-02  
  2   2  59   3.961100e+02    3.961100e+02    1.136140e+02    1.136140e+02    -6.306292e-04  
  2   2  60   4.145502e+02    4.145502e+02    1.176855e+02    1.176855e+02    4.420121e-03  
  2   2  61   4.153057e+02    4.153057e+02    1.094892e+02    1.094892e+02    2.720836e-03  
  2   2  62   4.137554e+02    4.137554e+02    1.137994e+02    1.137994e+02    4.423549e-03  
  2   3   1   2.342761e+02    2.342761e+02    4.699770e+01    4.699770e+01    -5.486841e-04  
  2   3   2   2.385016e+02    2.385016e+02    4.661085e+01    4.661085e+01    -5.914285e-03  
  2   3   3   2.484700e+02    2.484700e+02    4.565826e+01    4.565826e+01    9.521547e-03  
  2   3   4   2.486372e+02    2.486372e+02    4.616799e+01    4.616799e+01    2.515496e-03  
  2   3   5   2.586422e+02    2.586422e+02    4.707582e+01    4.707582e+01    -3.750840e-03  
  3   1   1   1.489510e+02    1.489510e+02    3.255407e+02    3.255407e+02    -1.949713e-03  
  3   1   2   1.603773e+02    1.603773e+02    2.255012e+02    2.255012e+02    5.731433e-03  
  3   1   3   1.593811e+02    1.593811e+02    1.379636e+02    1.379636e+02    -2.950809e-03  
  3   1   4   1.678623e+02    1.678623e+02    1.558636e+02    1.558636e+02    5.007974e-03  
  3   1   5   1.666513e+02    1.666513e+02    1.067280e+02    1.067280e+02    -5.107771e-03  
  3   1   6   1.631855e+02    1.631855e+02    9.198584e+01    9.198584e+01    -1.160508e-02  
  3   1   7   1.833208e+02    1.833208e+02    1.075140e+02    1.075140e+02    1.013635e-02  
  3   1   8   1.830982e+02    1.830982e+02    8.772105e+01    8.772105e+01    6.619466e-03  
  3   1   9   1.901750e+02    1.901750e+02    6.322500e+01    6.322500e+01    1.124987e-02  
  3   1  10   1.862836e+02    1.862836e+02    7.368796e+01    7.368796e+01    -1.257696e-03  
  3   1  11   1.913456e+02    1.913456e+02    6.532637e+01    6.532637e+01    5.552517e-03  
  3   1  12   1.975908e+02    1.975908e+02    6.446925e+01    6.446925e+01    4.875694e-03  
  3   1  13   2.037187e+02    2.037187e+02    5.309743e+01    5.309743e+01    1.033360e-02  
  3   1  14   2.073015e+02    2.073015e+02    6.209896e+01    6.209896e+01    1.177433e-02  
  3   1  15   2.070696e+02    2.070696e+02    5.108646e+01    5.108646e+01    -5.186813e-04  
  3   1  16   2.096972e+02    2.096972e+02    5.337013e+01    5.337013e+01    -2.397681e-03  
  3   1  17   2.162630e+02    2.162630e+02    5.121147e+01    5.121147e+01    5.829031e-04  
  3   1  18   2.242979e+02    2.242979e+02    4.975429e+01    4.975429e+01    1.063541e-02  
  3   1  19   2.258886e+02    2.258886e+02    4.774672e+01    4.774672e+01    3.378936e-03  
  3   1  20   2.226302e+02    2.226302e+02    4.159733e+01    4.159733e+01    -1.952239e-02  
  3   1  21   2.295420e+02    2.295420e+02    3.888291e+01    3.888291e+01    -3.376426e-03  
  3   1  22   2.306716e+02    2.306716e+02    4.307841e+01    4.307841e+01    -4.137585e-03  
  3   1  23   2.379294e+02    2.379294e+02    4.020186e+01    4.020186e+01    5.734903e-03  
  3   2   1   1.293362e+02    1.293362e+02    8.939143e+02    8.939143e+02    -9.818267e-03  
  3   2   2   1.555445e+02    1.555445e+02    3.515709e+02    3.515709e+02    -4.598367e-03  
  3   2   3   1.830251e+02    1.830251e+02    4.634954e+02    4.634954e+02    4.681447e-03  
  3   2   4   1.725240e+02    1.725240e+02    2.203400e+02    2.203400e+02    1.391371e-03  
  3   2   5   1.808662e+02    1.808662e+02    2.291034e+02    2.291034e+02    4.811536e-03  
  3   2   6   1.815791e+02    1.815791e+02    1.976725e+02    1.976725e+02    2.519632e-03  
  3   2   7   1.882080e+02    1.882080e+02    1.822099e+02    1.822099e+02    2.732355e-03  
  3   2   8   1.972431e+02    1.972431e+02    2.581996e+02    2.581996e+02    9.752712e-03  
  3   2   9   1.988357e+02    1.988357e+02    2.348285e+02    2.348285e+02    8.043626e-03  
  3   2  10   1.862014e+02    1.862014e+02    1.839517e+02    1.839517e+02    -8.869403e-03  
  3   2  11   2.191645e+02    2.191645e+02    1.583746e+02    1.583746e+02    1.144043e-02  
  3   2  12   2.112205e+02    2.112205e+02    1.390893e+02    1.390893e+02    -7.946710e-05  
  3   2  13   2.159239e+02    2.159239e+02    2.002559e+02    2.002559e+02    8.754334e-03  
  3   2  14   2.172698e+02    2.172698e+02    1.651826e+02    1.651826e+02    3.727607e-03  
  3   2  15   2.160904e+02    2.160904e+02    1.444422e+02    1.444422e+02    6.701653e-04  
  3   2  16   2.444160e+02    2.444160e+02    1.284140e+02    1.284140e+02    1.689697e-02  
  3   2  17   2.345910e+02    2.345910e+02    1.412865e+02    1.412865e+02    7.851725e-03  
  3   2  18   2.370255e+02    2.370255e+02    1.564449e+02    1.564449e+02    1.135325e-02  
  3   2  19   2.384549e+02    2.384549e+02    1.694881e+02    1.694881e+02    1.021529e-02  
  3   2  20   2.511164e+02    2.511164e+02    1.457384e+02    1.457384e+02    1.486967e-02  
  3   2  21   2.470178e+02    2.470178e+02    1.427519e+02    1.427519e+02    6.054575e-03  
  3   2  22   2.701081e+02    2.701081e+02    1.516741e+02    1.516741e+02    1.848388e-02  
  3   2  23   2.866518e+02    2.866518e+02    1.224542e+02    1.224542e+02    2.629157e-02  
  3   2  24   2.749306e+02    2.749306e+02    1.176081e+02    1.176081e+02    8.156736e-03  
  3   2  25   2.637554e+02    2.637554e+02    1.250451e+02    1.250451e+02    5.344710e-03  
  3   2  26   2.652723e+02    2.652723e+02    9.633364e+01    9.633364e+01    2.960466e-04  
  3   2  27   2.815421e+02    2.815421e+02    1.036071e+02    1.036071e+02    1.750906e-02  
  3   2  28   2.671129e+02    2.671129e+02    1.106086e+02    1.106086e+02    -4.770668e-05  
  3   2  29   2.748547e+02    2.748547e+02    9.929997e+01    9.929997e+01    3.054133e-03  
  3   2  30   2.834300e+02    2.834300e+02    1.127129e+02    1.127129e+02    9.215176e-03  
  3   2  31   2.867077e+02    2.867077e+02    9.511721e+01    9.511721e+01    2.957560e-03  
  3   2  32   2.876486e+02    2.876486e+02    8.789257e+01    8.789257e+01    3.591899e-03  
  3   2  33   2.855616e+02    2.855616e+02    8.873091e+01    8.873091e+01    -3.329090e-03  
  3   2  34   2.847326e+02    2.847326e+02    9.850330e+01    9.850330e+01    -1.378497e-02  
  3   2  35   3.143203e+02    3.143203e+02    1.049687e+02    1.049687e+02    1.868347e-02  
  3   2  36   3.114409e+02    3.114409e+02    1.167017e+02    1.167017e+02    9.520935e-03  
  3   2  37   2.990607e+02    2.990607e+02    9.726387e+01    9.726387e+01    -4.643940e-03  
  3   2  38   3.053394e+02    3.053394e+02    1.041770e+02    1.041770e+02    -8.448588e-03  
  3   2  39   3.180452e+02    3.180452e+02    1.082784e+02    1.082784e+02    2.875609e-03  
  3   2  40   3.272984e+02    3.272984e+02    9.989243e+01    9.989243e+01    1.069362e-02  
  3   2  41   3.328471e+02    3.328471e+02    9.110176e+01    9.110176e+01    4.510728e-03  
  3   2  42   3.347420e+02    3.347420e+02    9.214439e+01    9.214439e+01    1.481972e-04  
  3   2  43   3.345205e+02    3.345205e+02    1.043667e+02    1.043667e+02    4.690084e-03  
  3   2  44   3.347493e+02    3.347493e+02    9.019009e+01    9.019009e+01    -3.707521e-03  
  3   2  45   3.495235e+02    3.495235e+02    1.039561e+02    1.039561e+02    1.142491e-02  
  3   2  46   3.409279e+02    3.409279e+02    9.921663e+01    9.921663e+01    -2.783478e-03  
  3   2  47   3.522308e+02    3.522308e+02    9.966389e+01    9.966389e+01    7.736634e-03  
  3   2  48   3.752031e+02    3.752031e+02    1.191420e+02    1.191420e+02    2.654269e-02  
  3   2  49   3.740819e+02    3.740819e+02    1.145963e+02    1.145963e+02    2.315303e-02  
  3   2  50   3.594334e+02    3.594334e+02    8.309419e+01    8.309419e+01    -9.505597e-04  
  3   2  51   3.591572e+02    3.591572e+02    9.338753e+01    9.338753e+01    -4.586821e-03  
  3   2  52   3.636411e+02    3.636411e+02    8.580156e+01    8.580156e+01    -7.802736e-03  
  3   2  53   3.800568e+02    3.800568e+02    9.482654e+01    9.482654e+01    7.553210e-03  
  3   2  54   3.707796e+02    3.707796e+02    1.004731e+02    1.004731e+02    -8.413541e-03  
  3   2  55   4.229379e+02    4.229379e+02    1.198622e+02    1.198622e+02    2.101952e-02  
  3   2  56   3.862264e+02    3.862264e+02    1.045362e+02    1.045362e+02    -3.272568e-03  
  3   2  57   3.899574e+02    3.899574e+02    1.114625e+02    1.114625e+02    -6.363901e-03  
  3   2  58   4.090202e+02    4.090202e+02    1.002988e+02    1.002988e+02    6.971989e-03  
  3   2  59   3.994943e+02    3.994943e+02    1.184932e+02    1.184932e+02    -4.767699e-03  
  3   2  60   4.202099e+02    4.202099e+02    1.233037e+02    1.233037e+02    1.782840e-02  
  3   2  61   4.243198e+02    4.243198e+02    1.014899e+02    1.014899e+02    1.600987e-02  
  3   2  62   4.177823e+02    4.177823e+02    9.866311e+01    9.866311e+01    -9.819893e-04  
  3   3   1   2.360102e+02    2.360102e+02    4.738655e+01    4.738655e+01    -2.053338e-03  
  3   3   2   2.402198e+02    2.402198e+02    4.300323e+01    4.300323e+01    3.423211e-03  
  3   3   3   2.404324e+02    2.404324e+02    4.295755e+01    4.295755e+01    -1.545842e-02  
  3   3   4   2.498889e+02    2.498889e+02    4.477858e+01    4.477858e+01    6.797484e-03  
  3   3   5   2.535935e+02    2.535935e+02    4.897947e+01    4.897947e+01    -5.999010e-03  
  4   1   1   1.492851e+02    1.492851e+02    3.273767e+02    3.273767e+02    2.479092e-03  
  4   1   2   1.552584e+02    1.552584e+02    2.066783e+02    2.066783e+02    1.480777e-03  
  4   1   3   1.586883e+02    1.586883e+02    1.443679e+02    1.443679e+02    -2.391740e-03  
  4   1   4   1.670966e+02    1.670966e+02    1.026374e+02    1.026374e+02    1.522561e-03  
  4   1   5   1.744051e+02    1.744051e+02    1.031122e+02    1.031122e+02    5.264242e-03  
  4   1   6   1.754607e+02    1.754607e+02    1.005029e+02    1.005029e+02    9.728715e-03  
  4   1   7   1.760990e+02    1.760990e+02    9.278635e+01    9.278635e+01    -3.546520e-03  
  4   1   8   1.738906e+02    1.738906e+02    6.504411e+01    6.504411e+01    -7.933648e-03  
  4   1   9   1.858122e+02    1.858122e+02    7.570472e+01    7.570472e+01    2.405300e-03  
  4   1  10   1.933078e+02    1.933078e+02    7.184078e+01    7.184078e+01    9.864088e-03  
  4   1  11   1.938641e+02    1.938641e+02    6.475580e+01    6.475580e+01    2.397831e-03  
  4   1  12   1.927630e+02    1.927630e+02    5.774129e+01    5.774129e+01    -4.128380e-03  
  4   1  13   1.990594e+02    1.990594e+02    5.809594e+01    5.809594e+01    1.029486e-03  
  4   1  14   2.042448e+02    2.042448e+02    6.359188e+01    6.359188e+01    4.533966e-03  
  4   1  15   2.097626e+02    2.097626e+02    5.151239e+01    5.151239e+01    3.405938e-03  
  4   1  16   2.139438e+02    2.139438e+02    4.997545e+01    4.997545e+01    7.391034e-03  
  4   1  17   2.179283e+02    2.179283e+02    4.613560e+01    4.613560e+01    9.986587e-03  
  4   1  18   2.091209e+02    2.091209e+02    4.483649e+01    4.483649e+01    -2.638827e-02  
  4   1  19   2.232074e+02    2.232074e+02    5.148782e+01    5.148782e+01    3.537231e-03  
  4   1  20   2.219061e+02    2.219061e+02    4.418990e+01    4.418990e+01    -1.269052e-02  
  4   1  21   2.269413e+02    2.269413e+02    4.457987e+01    4.457987e+01    -7.290185e-03  
  4   1  22   2.362945e+02    2.362945e+02    4.548120e+01    4.548120e+01    1.061557e-02  
  4   1  23   2.375115e+02    2.375115e+02    4.066932e+01    4.066932e+01    5.859633e-04  
  4   2   1   1.259497e+02    1.259497e+02    8.407787e+02    8.407787e+02    -1.027333e-02  
  4   2   2   1.623359e+02    1.623359e+02    4.779040e+02    4.779040e+02    6.293004e-03  
  4   2   3   1.746074e+02    1.746074e+02    3.685679e+02    3.685679e+02    -2.917075e-05  
  4   2   4   1.732787e+02    1.732787e+02    3.520176e+02    3.520176e+02    2.970047e-03  
  4   2   5   1.850198e+02    1.850198e+02    2.489949e+02    2.489949e+02    8.610566e-03  
  4   2   6   1.735169e+02    1.735169e+02    2.707748e+02    2.707748e+02    1.142246e-04  
  4   2   7   1.762433e+02    1.762433e+02    2.245520e+02    2.245520e+02    -4.418477e-03  
  4   2   8   1.918139e+02    1.918139e+02    2.316261e+02    2.316261e+02    4.726722e-03  
  4   2   9   1.894849e+02    1.894849e+02    2.107645e+02    2.107645e+02    -9.949379e-04  
  4   2  10   1.847404e+02    1.847404e+02    1.441947e+02    1.441947e+02    -5.328471e-03  
  4   2  11   2.027966e+02    2.027966e+02    1.352230e+02    1.352230e+02    9.342952e-04  
  4   2  12   1.995713e+02    1.995713e+02    1.601534e+02    1.601534e+02    -3.712550e-03  
  4   2  13   2.097720e+02    2.097720e+02    1.571181e+02    1.571181e+02    4.079989e-04  
  4   2  14   2.248546e+02    2.248546e+02    1.445277e+02    1.445277e+02    1.081351e-02  
  4   2  15   2.174877e+02    2.174877e+02    1.400062e+02    1.400062e+02    5.658647e-05  
  4   2  16   2.247340e+02    2.247340e+02    1.808780e+02    1.808780e+02    4.043038e-03  
  4   2  17   2.316249e+02    2.316249e+02    1.396166e+02    1.396166e+02    6.867988e-03  
  4   2  18   2.385393e+02    2.385393e+02    1.522735e+02    1.522735e+02    8.784069e-03  
  4   2  19   2.371453e+02    2.371453e+02    1.452607e+02    1.452607e+02    5.163862e-03  
  4   2  20   2.258383e+02    2.258383e+02    1.096490e+02    1.096490e+02    -1.571603e-02  
  4   2  21   2.578281e+02    2.578281e+02    1.089014e+02    1.089014e+02    6.649256e-03  
  4   2  22   2.494374e+02    2.494374e+02    1.178330e+02    1.178330e+02    7.236222e-03  
  4   2  23   2.448345e+02    2.448345e+02    1.136953e+02    1.136953e+02    -5.827506e-03  
  4   2  24   2.646005e+02    2.646005e+02    1.438345e+02    1.438345e+02    6.191458e-03  
  4   2  25   2.460689e+02    2.460689e+02    1.163199e+02    1.163199e+02    -1.508255e-02  
  4   2  26   2.600268e+02    2.600268e+02    1.110083e+02    1.110083e+02    -1.761543e-03  
  4   2  27   2.793341e+02    2.793341e+02    1.278607e+02    1.278607e+02    1.265216e-02  
  4   2  28   2.922821e+02    2.922821e+02    1.024331e+02    1.024331e+02    1.228294e-02  
  4   2  29   2.722854e+02    2.722854e+02    1.099432e+02    1.099432e+02    1.445481e-03  
  4   2  30   2.787329e+02    2.787329e+02    9.034159e+01    9.034159e+01    -3.824770e-03  
  4   2  31   2.847314e+02    2.847314e+02    1.023840e+02    1.023840e+02    1.834838e-03  
  4   2  32   2.825493e+02    2.825493e+02    9.630505e+01    9.630505e+01    -1.030739e-02  
  4   2  33   2.914819e+02    2.914819e+02    1.076207e+02    1.076207e+02    2.011929e-03  
  4   2  34   2.961420e+02    2.961420e+02    1.013080e+02    1.013080e+02    4.506673e-03  
  4   2  35   3.071861e+02    3.071861e+02    1.029159e+02    1.029159e+02    9.396903e-03  
  4   2  36   3.186469e+02    3.186469e+02    1.114628e+02    1.114628e+02    1.608878e-02  
  4   2  37   3.076380e+02    3.076380e+02    1.101545e+02    1.101545e+02    -2.208733e-03  
  4   2  38   3.076927e+02    3.076927e+02    9.065120e+01    9.065120e+01    -7.069063e-03  
  4   2  39   3.218214e+02    3.218214e+02    1.150041e+02    1.150041e+02    1.463986e-02  
  4   2  40   3.166468e+02    3.166468e+02    1.022358e+02    1.022358e+02    -1.995685e-03  
  4   2  41   3.246954e+02    3.246954e+02    1.048527e+02    1.048527e+02    5.048613e-03  
  4   2  42   3.242455e+02    3.242455e+02    9.874566e+01    9.874566e+01    -1.063719e-02  
  4   2  43   3.373338e+02    3.373338e+02    9.221535e+01    9.221535e+01    2.661709e-03  
  4   2  44   3.280886e+02    3.280886e+02    8.809068e+01    8.809068e+01    -8.338945e-03  
  4   2  45   3.314715e+02    3.314715e+02    9.075023e+01    9.075023e+01    -5.830871e-04  
  4   2  46   3.414687e+02    3.414687e+02    9.865024e+01    9.865024e+01    2.563245e-03  
  4   2  47   3.491527e+02    3.491527e+02    9.869422e+01    9.869422e+01    5.447206e-03  
  4   2  48   3.557679e+02    3.557679e+02    9.623043e+01    9.623043e+01    -4.618054e-03  
  4   2  49   3.751065e+02    3.751065e+02    8.913453e+01    8.913453e+01    1.836876e-02  
  4   2  50   3.461205e+02    3.461205e+02    8.665090e+01    8.665090e+01    -2.026355e-02  
  4   2  51   3.682882e+02    3.682882e+02    1.038301e+02    1.038301e+02    3.811470e-03  
  4   2  52   3.916466e+02    3.916466e+02    1.055451e+02    1.055451e+02    1.945846e-02  
  4   2  53   3.857506e+02    3.857506e+02    8.897517e+01    8.897517e+01    9.022078e-03  
  4   2  54   3.784255e+02    3.784255e+02    1.197607e+02    1.197607e+02    5.870497e-03  
  4   2  55   3.949953e+02    3.949953e+02    1.022387e+02    1.022387e+02    6.309291e-03  
  4   2  56   3.765629e+02    3.765629e+02    1.068727e+02    1.068727e+02    -1.413802e-02  
  4   2  57   3.966892e+02    3.966892e+02    1.395029e+02    1.395029e+02    6.622173e-03  
  4   2  58   3.875236e+02    3.875236e+02    9.318413e+01    9.318413e+01    5.752219e-03  
  4   2  59   3.794514e+02    3.794514e+02    9.752036e+01    9.752036e+01    -2.013016e-02  
  4   2  60   3.975285e+02    3.975285e+02    1.070334e+02    1.070334e+02    5.794396e-04  
  4   2  61   4.224966e+02    4.224966e+02    1.024753e+02    1.024753e+02    1.609966e-02  
  4   2  62   4.283392e+02    4.283392e+02    1.116092e+02    1.116092e+02    1.134324e-02  
  4   3   1   2.362206e+02    2.362206e+02    4.701737e+01    4.701737e+01    -1.728595e-03  
  4   3   2   2.396938e+02    2.396938e+02    4.501825e+01    4.501825e+01    -1.598255e-03  
  4   3   3   2.462606e+02    2.462606e+02    4.438496e+01    4.438496e+01    3.078037e-03  
  4   3   4   2.503295e+02    2.503295e+02    4.515406e+01    4.515406e+01    -3.696207e-03  
  4   3   5   2.542151e+02    2.542151e+02    6.105962e+01    6.105962e+01    7.602288e-03  
  5   1   1   1.517916e+02    1.517916e+02    2.059902e+02    2.059902e+02    1.424900e-03  
  5   1   2   1.550210e+02    1.550210e+02    1.958730e+02    1.958730e+02    -2.361825e-03  
  5   1   3   1.542128e+02    1.542128e+02    1.248306e+02    1.248306e+02    -4.585925e-03  
  5   1   4   1.571572e+02    1.571572e+02    1.225824e+02    1.225824e+02    -9.346538e-03  
  5   1   5   1.650266e+02    1.650266e+02    1.101444e+02    1.101444e+02    -3.473170e-03  
  5   1   6   1.772881e+02    1.772881e+02    9.746840e+01    9.746840e+01    7.531764e-03  
  5   1   7   1.741597e+02    1.741597e+02    9.258535e+01    9.258535e+01    -3.143934e-03  
  5   1   8   1.850954e+02    1.850954e+02    8.817455e+01    8.817455e+01    6.643287e-03  
  5   1   9   1.745711e+02    1.745711e+02    6.238071e+01    6.238071e+01    -1.813490e-02  
  5   1  10   1.813470e+02    1.813470e+02    5.997766e+01    5.997766e+01    -1.438607e-02  
  5   1  11   1.862132e+02    1.862132e+02    5.277992e+01    5.277992e+01    -1.058475e-02  
  5   1  12   1.932273e+02    1.932273e+02    5.451364e+01    5.451364e+01    -2.428399e-03  
  5   1  13   1.993194e+02    1.993194e+02    6.531432e+01    6.531432e+01    -1.743204e-03  
  5   1  14   2.081631e+02    2.081631e+02    5.524320e+01    5.524320e+01    9.699754e-03  
  5   1  15   2.069752e+02    2.069752e+02    5.776439e+01    5.776439e+01    1.312043e-03  
  5   1  16   2.115612e+02    2.115612e+02    4.842607e+01    4.842607e+01    2.479360e-03  
  5   1  17   2.140927e+02    2.140927e+02    4.866870e+01    4.866870e+01    -1.870092e-03  
  5   1  18   2.163305e+02    2.163305e+02    4.820258e+01    4.820258e+01    -2.824324e-04  
  5   1  19   2.219789e+02    2.219789e+02    4.942005e+01    4.942005e+01    1.453707e-03  
  5   1  20   2.273997e+02    2.273997e+02    5.297591e+01    5.297591e+01    2.218227e-03  
  5   1  21   2.346658e+02    2.346658e+02    4.458850e+01    4.458850e+01    1.477868e-02  
  5   1  22   2.327172e+02    2.327172e+02    4.363639e+01    4.363639e+01    2.543046e-04  
  5   1  23   2.360992e+02    2.360992e+02    4.352500e+01    4.352500e+01    -2.713149e-03  
  5   2   1   1.533075e+02    1.533075e+02    1.447222e+03    1.447222e+03    2.176615e-03  
  5   2   2   1.452169e+02    1.452169e+02    2.928027e+02    2.928027e+02    -8.576615e-03  
  5   2   3   1.522870e+02    1.522870e+02    2.595114e+02    2.595114e+02    -9.014244e-03  
  5   2   4   1.814907e+02    1.814907e+02    2.553629e+02    2.553629e+02    2.597740e-03  
  5   2   5   1.890696e+02    1.890696e+02    2.596153e+02    2.596153e+02    7.167133e-03  
  5   2   6   1.913581e+02    1.913581e+02    2.300827e+02    2.300827e+02    4.606285e-03  
  5   2   7   1.995602e+02    1.995602e+02    2.170428e+02    2.170428e+02    9.692768e-03  
  5   2   8   1.935051e+02    1.935051e+02    1.666786e+02    1.666786e+02    3.001233e-04  
  5   2   9   2.092756e+02    2.092756e+02    2.719524e+02    2.719524e+02    1.313772e-02  
  5   2  10   2.155838e+02    2.155838e+02    1.629247e+02    1.629247e+02    1.269100e-02  
  5   2  11   1.996747e+02    1.996747e+02    2.012560e+02    2.012560e+02    -2.814222e-03  
  5   2  12   2.235287e+02    2.235287e+02    1.462655e+02    1.462655e+02    6.973492e-03  
  5   2  13   2.051410e+02    2.051410e+02    1.696221e+02    1.696221e+02    -3.538876e-03  
  5   2  14   2.126526e+02    2.126526e+02    1.471260e+02    1.471260e+02    1.232436e-03  
  5   2  15   2.192225e+02    2.192225e+02    1.757524e+02    1.757524e+02    -5.654655e-04  
  5   2  16   2.221645e+02    2.221645e+02    1.451957e+02    1.451957e+02    1.762847e-03  
  5   2  17   2.165995e+02    2.165995e+02    1.454898e+02    1.454898e+02    -1.493217e-02  
  5   2  18   2.359122e+02    2.359122e+02    1.507110e+02    1.507110e+02    7.656521e-03  
  5   2  19   2.408923e+02    2.408923e+02    1.470304e+02    1.470304e+02    3.034500e-03  
  5   2  20   2.323391e+02    2.323391e+02    1.160754e+02    1.160754e+02    -2.627845e-03  
  5   2  21   2.460249e+02    2.460249e+02    1.357680e+02    1.357680e+02    6.159575e-03  
  5   2  22   2.550082e+02    2.550082e+02    1.167622e+02    1.167622e+02    5.974823e-03  
  5   2  23   2.398322e+02    2.398322e+02    1.077116e+02    1.077116e+02    -1.403221e-02  
  5   2  24   2.703171e+02    2.703171e+02    1.009128e+02    1.009128e+02    5.690196e-03  
  5   2  25   2.710281e+02    2.710281e+02    1.268572e+02    1.268572e+02    1.633350e-02  
  5   2  26   2.794157e+02    2.794157e+02    1.201091e+02    1.201091e+02    8.242931e-03  
  5   2  27   2.765112e+02    2.765112e+02    1.071376e+02    1.071376e+02    1.186350e-03  
  5   2  28   2.918822e+02    2.918822e+02    1.065996e+02    1.065996e+02    1.806478e-02  
  5   2  29   2.803195e+02    2.803195e+02    1.082468e+02    1.082468e+02    4.730736e-03  
  5   2  30   2.958761e+02    2.958761e+02    1.099382e+02    1.099382e+02    7.211793e-03  
  5   2  31   2.894304e+02    2.894304e+02    1.027170e+02    1.027170e+02    6.714106e-03  
  5   2  32   2.863799e+02    2.863799e+02    1.084220e+02    1.084220e+02    -2.554458e-03  
  5   2  33   3.082647e+02    3.082647e+02    1.043226e+02    1.043226e+02    1.858776e-02  
  5   2  34   2.881607e+02    2.881607e+02    9.034940e+01    9.034940e+01    -1.213103e-02  
  5   2  35   3.061694e+02    3.061694e+02    9.380826e+01    9.380826e+01    8.420441e-03  
  5   2  36   3.095013e+02    3.095013e+02    9.756196e+01    9.756196e+01    7.477174e-03  
  5   2  37   3.130197e+02    3.130197e+02    1.089704e+02    1.089704e+02    7.123232e-03  
  5   2  38   3.177190e+02    3.177190e+02    8.871747e+01    8.871747e+01    9.723008e-03  
  5   2  39   3.080373e+02    3.080373e+02    9.046078e+01    9.046078e+01    -9.703127e-03  
  5   2  40   3.212046e+02    3.212046e+02    1.047911e+02    1.047911e+02    -1.030866e-03  
  5   2  41   3.274992e+02    3.274992e+02    1.007997e+02    1.007997e+02    6.624815e-03  
  5   2  42   3.441228e+02    3.441228e+02    1.079853e+02    1.079853e+02    1.367078e-02  
  5   2  43   3.492462e+02    3.492462e+02    1.013743e+02    1.013743e+02    1.576190e-02  
  5   2  44   3.399093e+02    3.399093e+02    1.155974e+02    1.155974e+02    4.013923e-03  
  5   2  45   3.431018e+02    3.431018e+02    9.150602e+01    9.150602e+01    -2.373356e-03  
  5   2  46   3.498330e+02    3.498330e+02    1.002606e+02    1.002606e+02    1.018729e-02  
  5   2  47   3.629901e+02    3.629901e+02    9.355198e+01    9.355198e+01    1.687187e-02  
  5   2  48   3.656681e+02    3.656681e+02    1.090962e+02    1.090962e+02    7.224600e-03  
  5   2  49   3.526380e+02    3.526380e+02    8.885806e+01    8.885806e+01    -7.876352e-03  
  5   2  50   3.543866e+02    3.543866e+02    9.327473e+01    9.327473e+01    -8.105075e-03  
  5   2  51   3.781724e+02    3.781724e+02    9.367618e+01    9.367618e+01    1.865372e-02  
  5   2  52   3.741820e+02    3.741820e+02    1.074104e+02    1.074104e+02    6.395406e-03  
  5   2  53   3.743817e+02    3.743817e+02    8.880562e+01    8.880562e+01    6.103469e-03  
  5   2  54   3.655328e+02    3.655328e+02    9.126885e+01    9.126885e+01    -1.226314e-02  
  5   2  55   3.819406e+02    3.819406e+02    1.086146e+02    1.086146e+02    -5.221988e-03  
  5   2  56   3.770935e+02    3.770935e+02    9.804889e+01    9.804889e+01    -6.902606e-03  
  5   2  57   3.890338e+02    3.890338e+02    9.956116e+01    9.956116e+01    2.122097e-03  
  5   2  58   4.084201e+02    4.084201e+02    1.362172e+02    1.362172e+02    5.923459e-03  
  5   2  59   3.939881e+02    3.939881e+02    1.108418e+02    1.108418e+02    -9.319907e-03  
  5   2  60   4.014222e+02    4.014222e+02    1.041417e+02    1.041417e+02    -2.996581e-03  
  5   2  61   4.047836e+02    4.047836e+02    1.082494e+02    1.082494e+02    -1.129893e-03  
  5   2  62   4.092668e+02    4.092668e+02    1.103786e+02    1.103786e+02    5.037614e-03  
  5   3   1   2.355554e+02    2.355554e+02    4.374427e+01    4.374427e+01    9.897407e-04  
  5   3   2   2.415893e+02    2.415893e+02    4.237985e+01    4.237985e+01    6.303980e-03  
  5   3   3   2.420725e+02    2.420725e+02    4.664862e+01    4.664862e+01    -8.416527e-03  
  5   3   4   2.499086e+02    2.499086e+02    4.582817e+01    4.582817e+01    -6.295926e-03  
  5   3   5   2.584112e+02    2.584112e+02    4.690422e+01    4.690422e+01    1.449538e-03  
  6   1   1   1.536841e+02    1.536841e+02    2.071102e+02    2.071102e+02    9.647508e-04  
  6   1   2   1.548440e+02    1.548440e+02    1.982818e+02    1.982818e+02    -1.175956e-03  
  6   1   3   1.668700e+02    1.668700e+02    1.674460e+02    1.674460e+02    7.214232e-03  
  6   1   4   1.627828e+02    1.627828e+02    1.383606e+02    1.383606e+02    -4.012064e-03  
  6   1   5   1.717031e+02    1.717031e+02    1.215888e+02    1.215888e+02    5.546423e-03  
  6   1   6   1.681970e+02    1.681970e+02    9.979538e+01    9.979538e+01    -7.106020e-03  
  6   1   7   1.756780e+02    1.756780e+02    9.602348e+01    9.602348e+01    -2.360795e-03  
  6   1   8   1.801681e+02    1.801681e+02    7.981093e+01    7.981093e+01    -4.800433e-03  
  6   1   9   1.893877e+02    1.893877e+02    6.520721e+01    6.520721e+01    1.175783e-02  
  6   1  10   1.925453e+02    1.925453e+02    7.395658e+01    7.395658e+01    8.643378e-03  
  6   1  11   1.957528e+02    1.957528e+02    6.090690e+01    6.090690e+01    3.571410e-03  
  6   1  12   1.906549e+02    1.906549e+02    7.159373e+01    7.159373e+01    -7.361330e-03  
  6   1  13   2.034902e+02    2.034902e+02    5.709794e+01    5.709794e+01    7.796704e-03  
  6   1  14   1.981820e+02    1.981820e+02    4.954646e+01    4.954646e+01    -1.107404e-02  
  6   1  15   2.095139e+02    2.095139e+02    6.004159e+01    6.004159e+01    6.177656e-03  
  6   1  16   2.098603e+02    2.098603e+02    5.464830e+01    5.464830e+01    -1.226665e-03  
  6   1  17   2.167338e+02    2.167338e+02    5.753346e+01    5.753346e+01    8.160081e-03  
  6   1  18   2.174010e+02    2.174010e+02    4.575496e+01    4.575496e+01    -3.340552e-03  
  6   1  19   2.231600e+02    2.231600e+02    4.783157e+01    4.783157e+01    4.911423e-03  
  6   1  20   2.230633e+02    2.230633e+02    4.850059e+01    4.850059e+01    -1.373688e-02  
  6   1  21   2.280852e+02    2.280852e+02    4.812983e+01    4.812983e+01    -3.939715e-03  
  6   1  22   2.338720e+02    2.338720e+02    4.469700e+01    4.469700e+01    6.958719e-03  
  6   1  23   2.354685e+02    2.354685e+02    4.867208e+01    4.867208e+01    4.224375e-03  
  6   2   1   1.538889e+02    1.538889e+02    1.399779e+03    1.399779e+03    -2.453254e-03  
  6   2   2   1.518906e+02    1.518906e+02    3.462748e+02    3.462748e+02    6.244547e-04  
  6   2   3   1.522731e+02    1.522731e+02    2.760968e+02    2.760968e+02    -6.507219e-03  
  6   2   4   1.515954e+02    1.515954e+02    2.555609e+02    2.555609e+02    -1.041551e-02  
  6   2   5   1.822130e+02    1.822130e+02    2.195600e+02    2.195600e+02    1.260668e-03  
  6   2   6   1.817507e+02    1.817507e+02    2.965596e+02    2.965596e+02    5.217670e-03  
  6   2   7   2.168708e+02    2.168708e+02    2.884281e+02    2.884281e+02    1.737169e-02  
  6   2   8   1.844349e+02    1.844349e+02    2.091232e+02    2.091232e+02    -1.389664e-03  
  6   2   9   1.871731e+02    1.871731e+02    2.007519e+02    2.007519e+02    -4.486718e-03  
  6   2  10   2.167232e+02    2.167232e+02    1.755888e+02    1.755888e+02    1.211570e-02  
  6   2  11   2.016189e+02    2.016189e+02    1.626050e+02    1.626050e+02    -1.356417e-03  
  6   2  12   2.147142e+02    2.147142e+02    1.381908e+02    1.381908e+02    1.051558e-02  
  6   2  13   2.250775e+02    2.250775e+02    1.390957e+02    1.390957e+02    8.816179e-03  
  6   2  14   2.122254e+02    2.122254e+02    1.432912e+02    1.432912e+02    3.273219e-03  
  6   2  15   2.218007e+02    2.218007e+02    1.543067e+02    1.543067e+02    5.655672e-03  
  6   2  16   2.211786e+02    2.211786e+02    1.112058e+02    1.112058e+02    2.439008e-03  
  6   2  17   2.302005e+02    2.302005e+02    1.378198e+02    1.378198e+02    6.181545e-03  
  6   2  18   2.365593e+02    2.365593e+02    1.512371e+02    1.512371e+02    5.480947e-03  
  6   2  19   2.344097e+02    2.344097e+02    1.380292e+02    1.380292e+02    6.015730e-04  
  6   2  20   2.428624e+02    2.428624e+02    1.180438e+02    1.180438e+02    -4.013715e-03  
  6   2  21   2.381931e+02    2.381931e+02    1.015102e+02    1.015102e+02    -1.343114e-02  
  6   2  22   2.352742e+02    2.352742e+02    1.212271e+02    1.212271e+02    -5.035209e-03  
  6   2  23   2.507631e+02    2.507631e+02    1.267514e+02    1.267514e+02    -5.759033e-05  
  6   2  24   2.524848e+02    2.524848e+02    1.136337e+02    1.136337e+02    1.335751e-03  
  6   2  25   2.646908e+02    2.646908e+02    1.376583e+02    1.376583e+02    6.383276e-03  
  6   2  26   2.442613e+02    2.442613e+02    1.062090e+02    1.062090e+02    -2.190843e-02  
  6   2  27   2.614927e+02    2.614927e+02    9.832324e+01    9.832324e+01    -7.149029e-03  
  6   2  28   2.663228e+02    2.663228e+02    9.464667e+01    9.464667e+01    -1.537430e-02  
  6   2  29   2.747556e+02    2.747556e+02    1.172617e+02    1.172617e+02    3.108815e-03  
  6   2  30   2.942209e+02    2.942209e+02    1.214829e+02    1.214829e+02    1.641922e-02  
  6   2  31   2.863366e+02    2.863366e+02    1.004346e+02    1.004346e+02    6.351517e-03  
  6   2  32   3.094089e+02    3.094089e+02    1.001268e+02    1.001268e+02    1.660845e-02  
  6   2  33   2.934693e+02    2.934693e+02    1.095961e+02    1.095961e+02    -7.831114e-05  
  6   2  34   3.054519e+02    3.054519e+02    1.151192e+02    1.151192e+02    1.253813e-02  
  6   2  35   2.966355e+02    2.966355e+02    9.416407e+01    9.416407e+01    -3.529510e-03  
  6   2  36   3.074536e+02    3.074536e+02    1.305412e+02    1.305412e+02    6.834367e-03  
  6   2  37   3.128024e+02    3.128024e+02    9.168707e+01    9.168707e+01    1.011065e-02  
  6   2  38   3.116628e+02    3.116628e+02    8.761282e+01    8.761282e+01    5.070490e-03  
  6   2  39   3.247184e+02    3.247184e+02    1.080798e+02    1.080798e+02    1.380513e-02  
  6   2  40   3.295529e+02    3.295529e+02    9.223296e+01    9.223296e+01    7.974502e-03  
  6   2  41   3.527986e+02    3.527986e+02    9.293870e+01    9.293870e+01    2.281143e-02  
  6   2  42   3.252986e+02    3.252986e+02    9.998531e+01    9.998531e+01    -1.008035e-03  
  6   2  43   3.158273e+02    3.158273e+02    8.619680e+01    8.619680e+01    -2.100283e-02  
  6   2  44   3.261690e+02    3.261690e+02    9.024838e+01    9.024838e+01    -9.416161e-03  
  6   2  45   3.437262e+02    3.437262e+02    9.358270e+01    9.358270e+01    3.986484e-03  
  6   2  46   3.313793e+02    3.313793e+02    1.043752e+02    1.043752e+02    -8.608726e-03  
  6   2  47   3.262191e+02    3.262191e+02    8.994463e+01    8.994463e+01    -2.478274e-02  
  6   2  48   3.428285e+02    3.428285e+02    8.567803e+01    8.567803e+01    -7.599451e-03  
  6   2  49   3.574861e+02    3.574861e+02    9.700756e+01    9.700756e+01    1.106467e-02  
  6   2  50   3.680550e+02    3.680550e+02    8.894452e+01    8.894452e+01    2.261351e-03  
  6   2  51   3.703641e+02    3.703641e+02    1.113745e+02    1.113745e+02    7.235886e-03  
  6   2  52   3.855726e+02    3.855726e+02    8.972724e+01    8.972724e+01    1.147634e-02  
  6   2  53   3.771122e+02    3.771122e+02    1.165604e+02    1.165604e+02    4.092904e-04  
  6   2  54   3.747653e+02    3.747653e+02    1.007582e+02    1.007582e+02    -9.614397e-04  
  6   2  55   3.852444e+02    3.852444e+02    9.498232e+01    9.498232e+01    -3.366692e-03  
  6   2  56   3.731824e+02    3.731824e+02    1.111568e+02    1.111568e+02    -1.463645e-02  
  6   2  57   4.123196e+02    4.123196e+02    9.885502e+01    9.885502e+01    2.372454e-02  
  6   2  58   4.047045e+02    4.047045e+02    1.050793e+02    1.050793e+02    6.164372e-03  
  6   2  59   4.034965e+02    4.034965e+02    1.104027e+02    1.104027e+02    1.392414e-03  
  6   2  60   4.032231e+02    4.032231e+02    1.292020e+02    1.292020e+02    2.154703e-03  
  6   2  61   4.124980e+02    4.124980e+02    1.070195e+02    1.070195e+02    -2.353957e-03  
  6   2  62   4.062314e+02    4.062314e+02    1.213352e+02    1.213352e+02    -8.787264e-04  
  6   3   1   2.424003e+02    2.424003e+02    3.875584e+01    3.875584e+01    1.188435e-02  
  6   3   2   2.395559e+02    2.395559e+02    4.575294e+01    4.575294e+01    4.504229e-03  
  6   3   3   2.478037e+02    2.478037e+02    4.613643e+01    4.613643e+01    8.097089e-03  
  6   3   4   2.550461e+02    2.550461e+02    4.813168e+01    4.813168e+01    7.128364e-03  
  6   3   5   2.614488e+02    2.614488e+02    5.683984e+01    5.683984e+01    2.015894e-02  
