1 1 1 -0.042
1 1 2 -0.038
1 1 3 -0.010
1 1 4 -0.112
1 1 5 -0.057
1 1 6 -0.189
1 1 7 -0.280
1 1 8 -0.387
1 1 9 -0.346
1 1 10 -0.485
1 1 11 -0.526
1 1 12 -0.518
1 1 13 -0.548
1 1 14 -0.667
1 1 15 -0.644
1 1 16 -1.005
1 1 17 -0.770
1 1 18 -0.921
1 1 19 -0.461
1 1 20 -0.694
1 1 21 -0.289
1 1 22 -0.637
1 1 23 -0.604
1 2 1 0.001
1 2 2 0.001
1 2 3 0.005
1 2 4 -0.010
1 2 5 -0.022
1 2 6 0.004
1 2 7 -0.042
1 2 8 0.021
1 2 9 0.008
1 2 10 -0.024
1 2 11 -0.014
1 2 12 -0.059
1 2 13 -0.048
1 2 14 -0.050
1 2 15 -0.011
1 2 16 0.000
1 2 17 -0.179
1 2 18 -0.095
1 2 19 -0.131
1 2 20 -0.181
1 2 21 -0.139
1 2 22 -0.137
1 2 23 -0.171
1 2 24 -0.166
1 2 25 -0.196
1 2 26 -0.107
1 2 27 -0.229
1 2 28 -0.274
1 2 29 -0.407
1 2 30 -0.426
1 2 31 -0.249
1 2 32 -0.196
1 2 33 -0.411
1 2 34 -0.416
1 2 35 -0.217
1 2 36 -0.342
1 2 37 -0.154
1 2 38 -0.460
1 2 39 -0.512
1 2 40 -0.416
1 2 41 -0.514
1 2 42 -0.654
1 2 43 -0.531
1 2 44 -0.458
1 2 45 -0.516
1 2 46 -0.740
1 2 47 -0.612
1 2 48 -0.581
1 2 49 -0.366
1 2 50 -0.168
1 2 51 -0.340
1 2 52 -0.484
1 2 53 -0.477
1 2 54 -0.232
1 2 55 -0.489
1 2 56 -0.551
1 2 57 -0.373
1 2 58 -0.009
1 2 59 -0.208
1 2 60 -0.378
1 2 61 -0.321
1 2 62 -0.290
1 3 1 -0.981
1 3 2 -0.968
1 3 3 -1.154
1 3 4 -1.146
1 3 5 -1.358
2 1 1 -0.035
2 1 2 -0.029
2 1 3 -0.080
2 1 4 -0.048
2 1 5 -0.046
2 1 6 -0.255
2 1 7 -0.225
2 1 8 -0.228
2 1 9 -0.168
2 1 10 -0.529
2 1 11 -0.426
2 1 12 -0.472
2 1 13 -0.563
2 1 14 -0.821
2 1 15 -0.782
2 1 16 -0.621
2 1 17 -0.680
2 1 18 -0.681
2 1 19 -0.421
2 1 20 -0.742
2 1 21 -0.656
2 1 22 -0.815
2 1 23 -0.679
2 2 1 -0.024
2 2 2 0.006
2 2 3 0.015
2 2 4 0.016
2 2 5 -0.002
2 2 6 0.018
2 2 7 -0.005
2 2 8 0.013
2 2 9 -0.071
2 2 10 -0.081
2 2 11 -0.045
2 2 12 -0.015
2 2 13 0.007
2 2 14 -0.092
2 2 15 -0.059
2 2 16 0.080
2 2 17 -0.169
2 2 18 -0.175
2 2 19 -0.117
2 2 20 -0.055
2 2 21 0.048
2 2 22 -0.275
2 2 23 -0.117
2 2 24 -0.094
2 2 25 -0.163
2 2 26 -0.098
2 2 27 -0.107
2 2 28 -0.206
2 2 29 -0.272
2 2 30 -0.254
2 2 31 -0.306
2 2 32 -0.267
2 2 33 -0.441
2 2 34 -0.345
2 2 35 -0.279
2 2 36 -0.475
2 2 37 -0.524
2 2 38 -0.442
2 2 39 -0.341
2 2 40 -0.103
2 2 41 -0.362
2 2 42 -0.365
2 2 43 -0.040
2 2 44 -0.369
2 2 45 -0.173
2 2 46 -0.200
2 2 47 -0.464
2 2 48 -0.155
2 2 49 -0.160
2 2 50 -0.529
2 2 51 -0.208
2 2 52 -0.452
2 2 53 -0.489
2 2 54 -0.349
2 2 55 -0.026
2 2 56 -0.281
2 2 57 -0.774
2 2 58 -0.402
2 2 59 -0.354
2 2 60 -0.349
2 2 61 -0.369
2 2 62 -0.485
2 3 1 -0.967
2 3 2 -0.952
2 3 3 -0.825
2 3 4 -0.946
2 3 5 -0.901
3 1 1 -0.012
3 1 2 -0.070
3 1 3 -0.073
3 1 4 -0.089
3 1 5 -0.041
3 1 6 -0.121
3 1 7 -0.343
3 1 8 -0.390
3 1 9 -0.396
3 1 10 -0.470
3 1 11 -0.564
3 1 12 -0.595
3 1 13 -0.590
3 1 14 -0.612
3 1 15 -0.641
3 1 16 -0.730
3 1 17 -1.032
3 1 18 -0.723
3 1 19 -0.748
3 1 20 -0.730
3 1 21 -0.844
3 1 22 -0.803
3 1 23 -0.851
3 2 1 -0.014
3 2 2 -0.008
3 2 3 0.006
3 2 4 -0.011
3 2 5 -0.039
3 2 6 -0.023
3 2 7 -0.002
3 2 8 0.011
3 2 9 -0.002
3 2 10 -0.101
3 2 11 0.026
3 2 12 -0.105
3 2 13 -0.120
3 2 14 0.009
3 2 15 0.060
3 2 16 -0.036
3 2 17 -0.082
3 2 18 -0.043
3 2 19 -0.068
3 2 20 -0.127
3 2 21 -0.233
3 2 22 -0.311
3 2 23 -0.231
3 2 24 -0.164
3 2 25 -0.328
3 2 26 -0.181
3 2 27 -0.333
3 2 28 -0.255
3 2 29 -0.247
3 2 30 -0.494
3 2 31 -0.358
3 2 32 -0.208
3 2 33 -0.307
3 2 34 -0.232
3 2 35 -0.412
3 2 36 -0.535
3 2 37 -0.186
3 2 38 -0.386
3 2 39 -0.520
3 2 40 -0.163
3 2 41 -0.378
3 2 42 -0.411
3 2 43 -0.569
3 2 44 -0.442
3 2 45 -0.809
3 2 46 -0.316
3 2 47 -0.517
3 2 48 -0.469
3 2 49 -0.328
3 2 50 -0.329
3 2 51 -0.689
3 2 52 -0.368
3 2 53 -0.583
3 2 54 -0.724
3 2 55 -0.738
3 2 56 -0.397
3 2 57 -0.333
3 2 58 -0.453
3 2 59 -0.667
3 2 60 -0.140
3 2 61 -0.391
3 2 62 -0.806
3 3 1 -0.912
3 3 2 -1.089
3 3 3 -1.093
3 3 4 -0.790
3 3 5 -0.908
4 1 1 -0.030
4 1 2 -0.058
4 1 3 -0.104
4 1 4 -0.187
4 1 5 -0.143
4 1 6 -0.374
4 1 7 -0.331
4 1 8 -0.387
4 1 9 -0.507
4 1 10 -0.382
4 1 11 -0.355
4 1 12 -0.648
4 1 13 -0.487
4 1 14 -0.760
4 1 15 -0.935
4 1 16 -0.425
4 1 17 -0.665
4 1 18 -0.721
4 1 19 -0.681
4 1 20 -0.994
4 1 21 -0.861
4 1 22 -0.775
4 1 23 -0.335
4 2 1 -0.022
4 2 2 -0.037
4 2 3 -0.014
4 2 4 -0.025
4 2 5 -0.022
4 2 6 -0.026
4 2 7 -0.040
4 2 8 -0.038
4 2 9 -0.025
4 2 10 -0.082
4 2 11 -0.073
4 2 12 -0.126
4 2 13 -0.113
4 2 14 -0.108
4 2 15 -0.156
4 2 16 -0.114
4 2 17 -0.223
4 2 18 -0.186
4 2 19 -0.210
4 2 20 -0.179
4 2 21 -0.115
4 2 22 -0.142
4 2 23 -0.062
4 2 24 -0.189
4 2 25 -0.267
4 2 26 -0.140
4 2 27 -0.200
4 2 28 -0.215
4 2 29 -0.290
4 2 30 -0.343
4 2 31 -0.273
4 2 32 -0.384
4 2 33 -0.293
4 2 34 -0.147
4 2 35 -0.259
4 2 36 -0.485
4 2 37 -0.372
4 2 38 -0.547
4 2 39 -0.697
4 2 40 -0.575
4 2 41 -0.423
4 2 42 -0.420
4 2 43 -0.378
4 2 44 -0.447
4 2 45 -0.288
4 2 46 -0.845
4 2 47 -0.873
4 2 48 -0.513
4 2 49 -0.303
4 2 50 -0.669
4 2 51 -0.570
4 2 52 -0.665
4 2 53 -0.870
4 2 54 -0.779
4 2 55 -0.401
4 2 56 -0.670
4 2 57 -0.750
4 2 58 -0.590
4 2 59 -0.465
4 2 60 -0.395
4 2 61 -0.135
4 2 62 -0.514
4 3 1 -0.757
4 3 2 -0.953
4 3 3 -1.065
4 3 4 -1.108
4 3 5 -1.348
5 1 1 -0.042
5 1 2 -0.049
5 1 3 -0.112
5 1 4 -0.107
5 1 5 -0.191
5 1 6 -0.201
5 1 7 -0.144
5 1 8 -0.164
5 1 9 -0.465
5 1 10 -0.399
5 1 11 -0.558
5 1 12 -0.638
5 1 13 -0.660
5 1 14 -0.660
5 1 15 -0.910
5 1 16 -0.730
5 1 17 -0.694
5 1 18 -0.813
5 1 19 -0.929
5 1 20 -0.725
5 1 21 -0.605
5 1 22 -0.441
5 1 23 -0.654
5 2 1 -0.002
5 2 2 0.005
5 2 3 0.012
5 2 4 -0.028
5 2 5 -0.010
5 2 6 0.008
5 2 7 -0.021
5 2 8 -0.018
5 2 9 -0.028
5 2 10 -0.030
5 2 11 -0.066
5 2 12 -0.104
5 2 13 -0.055
5 2 14 -0.027
5 2 15 -0.091
5 2 16 -0.106
5 2 17 -0.172
5 2 18 -0.136
5 2 19 -0.117
5 2 20 -0.025
5 2 21 -0.122
5 2 22 -0.093
5 2 23 -0.184
5 2 24 -0.194
5 2 25 -0.185
5 2 26 -0.260
5 2 27 -0.118
5 2 28 -0.347
5 2 29 -0.304
5 2 30 -0.457
5 2 31 -0.344
5 2 32 -0.339
5 2 33 -0.306
5 2 34 -0.439
5 2 35 -0.449
5 2 36 -0.393
5 2 37 -0.482
5 2 38 -0.251
5 2 39 -0.279
5 2 40 -0.446
5 2 41 -0.276
5 2 42 -0.288
5 2 43 -0.388
5 2 44 -0.272
5 2 45 -0.364
5 2 46 -0.583
5 2 47 -0.254
5 2 48 -0.566
5 2 49 -0.292
5 2 50 -0.275
5 2 51 -0.336
5 2 52 -0.718
5 2 53 -0.290
5 2 54 -0.179
5 2 55 -0.391
5 2 56 -0.639
5 2 57 -0.471
5 2 58 -0.064
5 2 59 -0.454
5 2 60 -0.223
5 2 61 -0.015
5 2 62 0.011
5 3 1 -1.252
5 3 2 -1.124
5 3 3 -1.083
5 3 4 -1.329
5 3 5 -1.245
6 1 1 -0.006
6 1 2 -0.035
6 1 3 -0.081
6 1 4 -0.114
6 1 5 -0.080
6 1 6 -0.115
6 1 7 -0.278
6 1 8 -0.296
6 1 9 -0.396
6 1 10 -0.385
6 1 11 -0.505
6 1 12 -0.494
6 1 13 -0.417
6 1 14 -0.413
6 1 15 -0.748
6 1 16 -0.646
6 1 17 -0.662
6 1 18 -0.746
6 1 19 -0.592
6 1 20 -0.722
6 1 21 -0.665
6 1 22 -0.829
6 1 23 -1.033
6 2 1 0.005
6 2 2 0.010
6 2 3 0.003
6 2 4 -0.014
6 2 5 -0.006
6 2 6 0.018
6 2 7 0.033
6 2 8 -0.030
6 2 9 -0.043
6 2 10 -0.036
6 2 11 -0.026
6 2 12 -0.027
6 2 13 -0.075
6 2 14 -0.087
6 2 15 -0.056
6 2 16 -0.128
6 2 17 -0.117
6 2 18 0.016
6 2 19 0.051
6 2 20 -0.132
6 2 21 -0.170
6 2 22 -0.108
6 2 23 -0.254
6 2 24 -0.182
6 2 25 -0.042
6 2 26 -0.195
6 2 27 -0.131
6 2 28 -0.093
6 2 29 -0.186
6 2 30 -0.472
6 2 31 -0.418
6 2 32 -0.369
6 2 33 -0.314
6 2 34 -0.305
6 2 35 -0.182
6 2 36 -0.336
6 2 37 -0.230
6 2 38 -0.407
6 2 39 -0.384
6 2 40 -0.295
6 2 41 -0.585
6 2 42 -0.512
6 2 43 -0.378
6 2 44 -0.510
6 2 45 -0.381
6 2 46 -0.316
6 2 47 -0.453
6 2 48 -0.211
6 2 49 -0.235
6 2 50 -0.109
6 2 51 -0.383
6 2 52 -0.422
6 2 53 -0.369
6 2 54 -0.535
6 2 55 -0.366
6 2 56 -0.233
6 2 57 -0.546
6 2 58 -0.713
6 2 59 -0.606
6 2 60 -0.471
6 2 61 -0.296
6 2 62 -0.235
6 3 1 -1.102
6 3 2 -1.109
6 3 3 -1.013
6 3 4 -1.058
6 3 5 -0.903
