1 1 1 857.955 857.955 2.429 2.429 -0.005 0.002
1 1 2 857.757 857.757 2.435 2.435 0.000 0.002
1 1 3 847.551 847.551 2.571 2.571 0.010 0.003
1 1 4 836.081 836.081 2.774 2.774 -0.001 0.004
1 1 5 829.912 829.912 2.748 2.748 0.006 0.004
1 1 6 811.946 811.946 2.723 2.723 -0.007 0.005
1 1 7 794.803 794.803 2.721 2.721 -0.008 0.005
1 1 8 798.171 798.171 2.687 2.687 -0.009 0.006
1 1 9 785.174 785.174 2.463 2.463 -0.014 0.006
1 1 10 790.471 790.471 2.598 2.598 -0.019 0.007
1 1 11 861.046 861.046 1.252 1.252 -0.032 0.007
1 1 12 787.350 787.350 2.417 2.417 -0.025 0.007
1 1 13 799.607 799.607 2.425 2.425 -0.027 0.008
1 1 14 804.289 804.289 2.842 2.842 -0.026 0.008
1 1 15 824.948 824.948 3.175 3.175 -0.028 0.008
1 1 16 824.447 824.447 3.488 3.488 -0.060 0.009
1 1 17 841.171 841.171 4.140 4.140 -0.037 0.009
1 1 18 843.111 843.111 5.063 5.063 -0.044 0.010
1 1 19 877.188 877.188 7.511 7.511 -0.029 0.011
1 1 20 870.112 870.112 7.570 7.570 -0.034 0.011
1 1 21 869.857 869.857 7.586 7.586 -0.011 0.012
1 1 22 866.319 866.319 6.938 6.938 -0.030 0.013
1 1 23 856.983 856.983 5.364 5.364 -0.030 0.014
1 2 1 2063.688 2063.688 11.153 11.153 0.001 0.001
1 2 2 2064.122 2064.122 9.875 9.875 0.001 0.001
1 2 3 2051.254 2051.254 9.816 9.816 0.004 0.002
1 2 4 2066.794 2066.794 8.818 8.818 0.002 0.002
1 2 5 2033.744 2033.744 8.391 8.391 -0.002 0.002
1 2 6 2016.099 2016.099 9.787 9.787 0.002 0.002
1 2 7 2052.121 2052.121 9.459 9.459 -0.003 0.003
1 2 8 2037.187 2037.187 8.349 8.349 0.005 0.003
1 2 9 2023.788 2023.788 8.626 8.626 0.002 0.003
1 2 10 1990.084 1990.084 9.502 9.502 -0.001 0.003
1 2 11 1995.661 1995.661 9.131 9.131 0.007 0.004
1 2 12 1994.655 1994.655 7.288 7.288 -0.001 0.004
1 2 13 1994.414 1994.414 7.973 7.973 -0.002 0.004
1 2 14 1969.938 1969.938 7.473 7.473 0.000 0.004
1 2 15 1981.037 1981.037 7.816 7.816 0.012 0.005
1 2 16 1972.689 1972.689 8.260 8.260 0.008 0.005
1 2 17 1912.500 1912.500 9.528 9.528 -0.012 0.005
1 2 18 1887.030 1887.030 7.609 7.609 0.001 0.005
1 2 19 1918.179 1918.179 8.397 8.397 0.001 0.005
1 2 20 1941.955 1941.955 9.094 9.094 -0.009 0.006
1 2 21 1928.396 1928.396 7.889 7.889 -0.007 0.006
1 2 22 1917.528 1917.528 7.598 7.598 -0.004 0.006
1 2 23 1941.050 1941.050 8.362 8.362 -0.003 0.006
1 2 24 1907.163 1907.163 7.400 7.400 0.005 0.006
1 2 25 1928.699 1928.699 7.947 7.947 -0.022 0.007
1 2 26 1920.291 1920.291 8.195 8.195 -0.004 0.007
1 2 27 1922.593 1922.593 8.365 8.365 -0.014 0.007
1 2 28 1919.316 1919.316 7.234 7.234 -0.015 0.007
1 2 29 1921.569 1921.569 7.341 7.341 -0.020 0.006
1 2 30 1920.654 1920.654 6.779 6.779 -0.015 0.007
1 2 31 1919.050 1919.050 8.198 8.198 0.001 0.007
1 2 32 1951.325 1951.325 7.263 7.263 0.002 0.007
1 2 33 1940.488 1940.488 7.199 7.199 -0.018 0.007
1 2 34 1937.476 1937.476 7.123 7.123 -0.016 0.007
1 2 35 1941.292 1941.292 7.744 7.744 -0.015 0.007
1 2 36 1961.331 1961.331 8.202 8.202 -0.009 0.007
1 2 37 1962.634 1962.634 8.572 8.572 -0.009 0.007
1 2 38 1963.095 1963.095 9.017 9.017 -0.006 0.007
1 2 39 1989.471 1989.471 11.858 11.858 -0.008 0.007
1 2 40 1978.403 1978.403 10.869 10.869 -0.013 0.008
1 2 41 1961.131 1961.131 9.578 9.578 -0.020 0.008
1 2 42 1973.131 1973.131 11.024 11.024 -0.025 0.008
1 2 43 1918.999 1918.999 12.264 12.264 -0.032 0.008
1 2 44 1994.585 1994.585 13.034 13.034 -0.012 0.008
1 2 45 2037.096 2037.096 14.805 14.805 -0.016 0.008
1 2 46 2014.218 2014.218 12.477 12.477 -0.035 0.009
1 2 47 2026.827 2026.827 15.603 15.603 -0.019 0.008
1 2 48 1962.275 1962.275 12.226 12.226 -0.017 0.009
1 2 49 2000.255 2000.255 19.877 19.877 0.002 0.009
1 2 50 1966.855 1966.855 18.210 18.210 -0.012 0.009
1 2 51 1970.516 1970.516 12.262 12.262 -0.007 0.009
1 2 52 1972.224 1972.224 18.427 18.427 -0.018 0.009
1 2 53 1990.573 1990.573 19.272 19.272 -0.011 0.010
1 2 54 2054.263 2054.263 20.331 20.331 -0.017 0.010
1 2 55 2019.688 2019.688 20.453 20.453 -0.003 0.010
1 2 56 2008.069 2008.069 19.227 19.227 -0.005 0.010
1 2 57 1965.085 1965.085 16.077 16.077 -0.022 0.010
1 2 58 2016.707 2016.707 23.582 23.582 0.017 0.010
1 2 59 2055.961 2055.961 19.378 19.378 0.010 0.010
1 2 60 2100.199 2100.199 22.098 22.098 -0.024 0.010
1 2 61 2079.792 2079.792 24.133 24.133 -0.016 0.011
1 2 62 2017.855 2017.855 23.807 23.807 -0.006 0.011
1 3 1 776.353 776.353 2.367 2.367 -0.038 0.011
1 3 2 777.813 777.813 2.225 2.225 -0.013 0.012
1 3 3 780.799 780.799 2.235 2.235 -0.041 0.013
1 3 4 796.513 796.513 3.598 3.598 -0.042 0.015
1 3 5 811.549 811.549 4.249 4.249 -0.085 0.016
2 1 1 865.483 865.483 2.531 2.531 -0.001 0.002
2 1 2 852.242 852.242 2.426 2.426 0.003 0.002
2 1 3 991.649 991.649 1.414 1.414 -0.005 0.003
2 1 4 834.662 834.662 2.597 2.597 0.004 0.004
2 1 5 821.044 821.044 2.895 2.895 0.006 0.004
2 1 6 816.051 816.051 2.905 2.905 -0.016 0.005
2 1 7 802.766 802.766 2.717 2.717 -0.011 0.006
2 1 8 793.115 793.115 2.640 2.640 -0.001 0.006
2 1 9 792.398 792.398 2.557 2.557 0.005 0.007
2 1 10 781.996 781.996 2.368 2.368 -0.026 0.007
2 1 11 788.666 788.666 2.497 2.497 -0.013 0.007
2 1 12 792.341 792.341 2.532 2.532 -0.023 0.008
2 1 13 800.627 800.627 2.533 2.533 -0.020 0.008
2 1 14 804.593 804.593 3.017 3.017 -0.041 0.008
2 1 15 821.644 821.644 3.308 3.308 -0.044 0.008
2 1 16 828.380 828.380 3.920 3.920 -0.035 0.009
2 1 17 841.888 841.888 4.725 4.725 -0.023 0.010
2 1 18 851.244 851.244 4.485 4.485 -0.032 0.010
2 1 19 852.641 852.641 5.192 5.192 -0.021 0.011
2 1 20 859.155 859.155 5.997 5.997 -0.042 0.012
2 1 21 871.907 871.907 7.479 7.479 -0.032 0.012
2 1 22 849.229 849.229 5.434 5.434 -0.038 0.013
2 1 23 858.600 858.600 6.040 6.040 -0.048 0.013
2 2 1 2071.997 2071.997 9.318 9.318 0.001 0.001
2 2 2 2073.143 2073.143 8.019 8.019 0.001 0.001
2 2 3 2072.355 2072.355 10.514 10.514 0.002 0.002
2 2 4 2045.710 2045.710 9.634 9.634 0.002 0.002
2 2 5 2052.292 2052.292 9.301 9.301 0.001 0.002
2 2 6 2049.265 2049.265 7.989 7.989 0.006 0.002
2 2 7 2042.403 2042.403 8.576 8.576 0.002 0.003
2 2 8 2013.037 2013.037 8.416 8.416 0.005 0.003
2 2 9 2024.531 2024.531 9.456 9.456 -0.002 0.003
2 2 10 2006.740 2006.740 7.836 7.836 -0.003 0.003
2 2 11 2024.171 2024.171 10.369 10.369 -0.002 0.004
2 2 12 1992.746 1992.746 9.008 9.008 0.001 0.004
2 2 13 1969.577 1969.577 10.232 10.232 0.000 0.004
2 2 14 1984.843 1984.843 9.216 9.216 -0.000 0.004
2 2 15 1987.760 1987.760 9.074 9.074 0.005 0.005
2 2 16 1969.022 1969.022 8.312 8.312 0.013 0.005
2 2 17 1965.008 1965.008 9.917 9.917 -0.012 0.005
2 2 18 1956.280 1956.280 8.516 8.516 -0.006 0.006
2 2 19 1936.993 1936.993 9.312 9.312 -0.009 0.006
2 2 20 1918.450 1918.450 9.007 9.007 -0.000 0.006
2 2 21 1933.560 1933.560 8.029 8.029 -0.002 0.006
2 2 22 1894.127 1894.127 8.178 8.178 -0.013 0.006
2 2 23 1922.369 1922.369 8.147 8.147 0.005 0.007
2 2 24 1913.400 1913.400 7.162 7.162 0.004 0.006
2 2 25 1912.067 1912.067 7.292 7.292 0.002 0.007
2 2 26 1886.715 1886.715 6.489 6.489 0.004 0.006
2 2 27 1909.050 1909.050 6.970 6.970 0.003 0.007
2 2 28 1928.785 1928.785 8.000 8.000 -0.008 0.007
2 2 29 1905.758 1905.758 6.629 6.629 -0.002 0.007
2 2 30 1921.270 1921.270 7.227 7.227 0.009 0.007
2 2 31 1900.538 1900.538 7.142 7.142 -0.006 0.007
2 2 32 1901.308 1901.308 7.469 7.469 -0.015 0.008
2 2 33 1932.021 1932.021 7.207 7.207 -0.033 0.007
2 2 34 1939.872 1939.872 8.247 8.247 -0.011 0.007
2 2 35 1911.053 1911.053 8.190 8.190 -0.013 0.007
2 2 36 1965.024 1965.024 9.576 9.576 -0.021 0.008
2 2 37 1949.439 1949.439 9.923 9.923 -0.030 0.008
2 2 38 1969.241 1969.241 10.357 10.357 -0.017 0.007
2 2 39 1947.080 1947.080 9.258 9.258 -0.014 0.008
2 2 40 1994.273 1994.273 11.333 11.333 -0.004 0.008
2 2 41 1972.807 1972.807 14.471 14.471 -0.023 0.008
2 2 42 1977.105 1977.105 12.047 12.047 -0.016 0.008
2 2 43 1998.418 1998.418 12.190 12.190 0.000 0.008
2 2 44 1985.277 1985.277 11.987 11.987 -0.017 0.008
2 2 45 2014.219 2014.219 14.321 14.321 0.003 0.009
2 2 46 1966.052 1966.052 16.943 16.943 -0.000 0.009
2 2 47 2006.731 2006.731 14.088 14.088 -0.015 0.009
2 2 48 1983.220 1983.220 15.866 15.866 0.006 0.009
2 2 49 1984.324 1984.324 15.499 15.499 -0.003 0.009
2 2 50 1976.491 1976.491 12.113 12.113 0.002 0.009
2 2 51 2075.350 2075.350 22.494 22.494 -0.019 0.010
2 2 52 2031.308 2031.308 21.583 21.583 -0.020 0.010
2 2 53 2017.495 2017.495 17.753 17.753 -0.015 0.010
2 2 54 1955.337 1955.337 18.236 18.236 -0.015 0.010
2 2 55 2016.571 2016.571 17.071 17.071 0.002 0.010
2 2 56 2021.314 2021.314 20.127 20.127 -0.011 0.010
2 2 57 2023.250 2023.250 17.045 17.045 -0.027 0.011
2 2 58 2019.982 2019.982 17.184 17.184 -0.004 0.010
2 2 59 2017.101 2017.101 14.676 14.676 -0.007 0.011
2 2 60 2015.821 2015.821 25.681 25.681 -0.005 0.011
2 2 61 2031.508 2031.508 17.773 17.773 -0.012 0.011
2 2 62 2053.229 2053.229 18.678 18.678 -0.021 0.011
2 3 1 779.984 779.984 2.779 2.779 -0.038 0.012
2 3 2 775.796 775.796 2.194 2.194 -0.017 0.012
2 3 3 777.861 777.861 2.297 2.297 -0.035 0.013
2 3 4 795.935 795.935 3.385 3.385 -0.026 0.015
2 3 5 447.490 447.490 216.863 216.863 -0.030 0.016
3 1 1 869.324 869.324 2.631 2.631 0.000 0.002
3 1 2 852.505 852.505 2.345 2.345 -0.001 0.002
3 1 3 842.050 842.050 2.514 2.514 -0.001 0.003
3 1 4 831.597 831.597 2.457 2.457 -0.003 0.004
3 1 5 829.657 829.657 2.890 2.890 0.007 0.004
3 1 6 809.753 809.753 2.738 2.738 0.004 0.005
3 1 7 803.449 803.449 2.798 2.798 -0.012 0.006
3 1 8 799.214 799.214 2.634 2.634 -0.012 0.006
3 1 9 789.390 789.390 2.526 2.526 -0.029 0.007
3 1 10 782.469 782.469 2.376 2.376 -0.018 0.007
3 1 11 784.103 784.103 2.322 2.322 -0.018 0.008
3 1 12 791.046 791.046 2.501 2.501 -0.032 0.008
3 1 13 864.175 864.175 57.836 57.836 -0.025 0.008
3 1 14 810.240 810.240 2.900 2.900 -0.029 0.009
3 1 15 821.729 821.729 3.471 3.471 -0.041 0.009
3 1 16 829.060 829.060 3.782 3.782 -0.054 0.009
3 1 17 839.475 839.475 4.490 4.490 -0.068 0.010
3 1 18 852.803 852.803 5.328 5.328 -0.041 0.010
3 1 19 867.285 867.285 7.157 7.157 -0.046 0.011
3 1 20 888.904 888.904 9.936 9.936 -0.033 0.012
3 1 21 860.463 860.463 10.163 10.163 -0.049 0.013
3 1 22 872.784 872.784 8.111 8.111 -0.034 0.013
3 1 23 852.607 852.607 5.764 5.764 -0.044 0.014
3 2 1 2075.344 2075.344 10.171 10.171 -0.002 0.001
3 2 2 2084.497 2084.497 10.867 10.867 -0.001 0.001
3 2 3 2078.170 2078.170 9.490 9.490 0.003 0.002
3 2 4 2103.393 2103.393 9.072 9.072 0.003 0.002
3 2 5 2036.334 2036.334 9.073 9.073 -0.000 0.002
3 2 6 2049.375 2049.375 8.931 8.931 -0.001 0.002
3 2 7 2033.454 2033.454 9.982 9.982 0.000 0.003
3 2 8 2016.607 2016.607 9.224 9.224 0.004 0.003
3 2 9 2021.039 2021.039 8.977 8.977 0.005 0.003
3 2 10 2009.264 2009.264 8.889 8.889 -0.001 0.003
3 2 11 1993.136 1993.136 9.301 9.301 0.006 0.004
3 2 12 1997.927 1997.927 8.681 8.681 -0.006 0.004
3 2 13 1989.938 1989.938 9.304 9.304 -0.013 0.004
3 2 14 1989.987 1989.987 8.617 8.617 0.006 0.004
3 2 15 1975.973 1975.973 8.868 8.868 0.007 0.005
3 2 16 1950.078 1950.078 9.033 9.033 0.007 0.005
3 2 17 1939.478 1939.478 8.140 8.140 0.008 0.005
3 2 18 1947.957 1947.957 8.411 8.411 -0.005 0.005
3 2 19 1968.804 1968.804 9.670 9.670 0.001 0.005
3 2 20 1926.894 1926.894 8.450 8.450 0.005 0.006
3 2 21 1956.333 1956.333 8.918 8.918 -0.008 0.006
3 2 22 1921.023 1921.023 6.894 6.894 -0.021 0.006
3 2 23 1919.698 1919.698 8.384 8.384 -0.009 0.006
3 2 24 1919.033 1919.033 7.351 7.351 -0.001 0.007
3 2 25 1909.782 1909.782 7.562 7.562 -0.003 0.006
3 2 26 1907.780 1907.780 8.047 8.047 -0.004 0.007
3 2 27 1938.468 1938.468 8.671 8.671 -0.009 0.007
3 2 28 1917.412 1917.412 6.711 6.711 -0.007 0.007
3 2 29 1908.015 1908.015 6.877 6.877 -0.010 0.007
3 2 30 1884.595 1884.595 7.075 7.075 -0.026 0.007
3 2 31 1916.086 1916.086 7.674 7.674 -0.008 0.007
3 2 32 1910.092 1910.092 7.358 7.358 -0.012 0.007
3 2 33 1960.677 1960.677 8.580 8.580 -0.019 0.007
3 2 34 1937.816 1937.816 7.504 7.504 -0.010 0.007
3 2 35 1921.638 1921.638 7.448 7.448 -0.020 0.007
3 2 36 1941.884 1941.884 8.762 8.762 -0.025 0.008
3 2 37 1953.531 1953.531 8.853 8.853 -0.019 0.008
3 2 38 1943.800 1943.800 9.315 9.315 -0.018 0.008
3 2 39 1993.033 1993.033 12.417 12.417 -0.029 0.008
3 2 40 1965.004 1965.004 11.160 11.160 -0.018 0.008
3 2 41 1955.956 1955.956 11.514 11.514 -0.020 0.008
3 2 42 1954.747 1954.747 11.914 11.914 -0.042 0.009
3 2 43 2020.332 2020.332 14.045 14.045 -0.031 0.008
3 2 44 2005.313 2005.313 15.416 15.416 -0.024 0.008
3 2 45 2009.619 2009.619 14.604 14.604 -0.048 0.009
3 2 46 2004.991 2004.991 16.467 16.467 -0.013 0.009
3 2 47 2042.279 2042.279 15.932 15.932 -0.028 0.009
3 2 48 2057.036 2057.036 23.457 23.457 -0.029 0.009
3 2 49 2012.068 2012.068 16.626 16.626 -0.019 0.010
3 2 50 2007.254 2007.254 18.920 18.920 -0.009 0.009
3 2 51 2031.897 2031.897 22.396 22.396 -0.034 0.010
3 2 52 1961.694 1961.694 16.111 16.111 0.006 0.010
3 2 53 2007.815 2007.815 22.819 22.819 -0.004 0.011
3 2 54 1985.093 1985.093 23.247 23.247 -0.040 0.010
3 2 55 2058.378 2058.378 18.638 18.638 -0.043 0.010
3 2 56 2002.291 2002.291 19.688 19.688 -0.014 0.010
3 2 57 2016.699 2016.699 19.230 19.230 -0.019 0.011
3 2 58 1975.737 1975.737 28.088 28.088 -0.024 0.010
3 2 59 1973.083 1973.083 42.136 42.136 -0.015 0.011
3 2 60 2017.822 2017.822 15.269 15.269 -0.006 0.012
3 2 61 1978.905 1978.905 21.256 21.256 -0.008 0.012
3 2 62 2002.235 2002.235 20.874 20.874 -0.045 0.012
3 3 1 772.651 772.651 2.549 2.549 -0.026 0.013
3 3 2 893.353 893.353 134.334 134.334 -0.046 0.013
3 3 3 786.840 786.840 2.676 2.676 -0.029 0.014
3 3 4 411.049 411.049 17.865 17.865 0.022 0.016
3 3 5 807.547 807.547 3.980 3.980 -0.029 0.017
4 1 1 859.537 859.537 2.848 2.848 0.001 0.002
4 1 2 849.288 849.288 2.746 2.746 -0.004 0.002
4 1 3 845.165 845.165 2.665 2.665 -0.008 0.003
4 1 4 830.260 830.260 3.010 3.010 -0.014 0.004
4 1 5 824.916 824.916 3.052 3.052 -0.003 0.005
4 1 6 813.077 813.077 3.398 3.398 -0.026 0.005
4 1 7 806.906 806.906 3.116 3.116 -0.020 0.006
4 1 8 793.025 793.025 2.903 2.903 -0.020 0.007
4 1 9 792.609 792.609 3.361 3.361 -0.020 0.007
4 1 10 1114.988 1114.988 3.554 3.554 -0.023 0.008
4 1 11 784.209 784.209 2.838 2.838 -0.013 0.008
4 1 12 792.821 792.821 2.984 2.984 -0.043 0.008
4 1 13 801.011 801.011 3.256 3.256 -0.021 0.009
4 1 14 809.665 809.665 3.216 3.216 -0.031 0.009
4 1 15 828.224 828.224 3.812 3.812 -0.059 0.010
4 1 16 824.551 824.551 4.027 4.027 -0.026 0.010
4 1 17 825.633 825.633 4.926 4.926 -0.033 0.011
4 1 18 860.795 860.795 7.039 7.039 -0.047 0.011
4 1 19 861.003 861.003 7.643 7.643 -0.030 0.012
4 1 20 867.355 867.355 9.034 9.034 -0.041 0.013
4 1 21 856.490 856.490 7.687 7.687 -0.041 0.013
4 1 22 869.332 869.332 11.581 11.581 -0.078 0.014
4 1 23 846.129 846.129 6.010 6.010 -0.020 0.015
4 2 1 2075.647 2075.647 11.199 11.199 -0.002 0.001
4 2 2 2074.681 2074.681 12.523 12.523 -0.001 0.001
4 2 3 2067.286 2067.286 10.486 10.486 -0.000 0.002
4 2 4 2043.222 2043.222 8.745 8.745 -0.001 0.002
4 2 5 2041.079 2041.079 10.620 10.620 -0.002 0.002
4 2 6 2029.108 2029.108 9.157 9.157 0.001 0.002
4 2 7 2037.709 2037.709 11.474 11.474 -0.002 0.003
4 2 8 2019.999 2019.999 10.502 10.502 -0.006 0.003
4 2 9 2015.343 2015.343 9.863 9.863 -0.003 0.003
4 2 10 2008.354 2008.354 9.368 9.368 -0.004 0.004
4 2 11 2023.940 2023.940 11.102 11.102 -0.000 0.004
4 2 12 1981.830 1981.830 9.708 9.708 -0.010 0.004
4 2 13 1992.438 1992.438 7.926 7.926 -0.011 0.005
4 2 14 1980.868 1980.868 9.687 9.687 -0.012 0.005
4 2 15 1978.394 1978.394 10.233 10.233 -0.007 0.005
4 2 16 1987.360 1987.360 9.517 9.517 -0.008 0.005
4 2 17 1957.941 1957.941 10.427 10.427 -0.020 0.006
4 2 18 1937.259 1937.259 10.970 10.970 -0.010 0.006
4 2 19 1969.651 1969.651 9.031 9.031 -0.009 0.006
4 2 20 1930.951 1930.951 9.421 9.421 -0.015 0.006
4 2 21 1928.957 1928.957 8.952 8.952 0.004 0.006
4 2 22 1946.047 1946.047 10.936 10.936 0.000 0.007
4 2 23 1905.564 1905.564 8.703 8.703 -0.008 0.007
4 2 24 1893.372 1893.372 8.577 8.577 -0.014 0.007
4 2 25 1907.313 1907.313 8.801 8.801 -0.014 0.007
4 2 26 1910.188 1910.188 8.002 8.002 -0.009 0.007
4 2 27 1880.258 1880.258 7.439 7.439 -0.013 0.008
4 2 28 1921.728 1921.728 8.016 8.016 0.005 0.007
4 2 29 1917.422 1917.422 7.905 7.905 -0.005 0.008
4 2 30 1929.605 1929.605 8.580 8.580 -0.006 0.008
4 2 31 1912.776 1912.776 7.591 7.591 -0.001 0.008
4 2 32 1934.352 1934.352 8.506 8.506 -0.011 0.008
4 2 33 1932.020 1932.020 9.073 9.073 -0.012 0.008
4 2 34 1937.119 1937.119 9.577 9.577 -0.002 0.008
4 2 35 1951.155 1951.155 9.959 9.959 -0.020 0.008
4 2 36 1946.922 1946.922 10.093 10.093 -0.028 0.008
4 2 37 1944.264 1944.264 9.954 9.954 -0.012 0.008
4 2 38 1948.006 1948.006 11.330 11.330 -0.039 0.008
4 2 39 1957.474 1957.474 12.752 12.752 -0.032 0.009
4 2 40 1986.719 1986.719 12.200 12.200 -0.035 0.009
4 2 41 1978.179 1978.179 16.213 16.213 -0.019 0.009
4 2 42 2049.376 2049.376 17.318 17.318 -0.018 0.009
4 2 43 1963.546 1963.546 14.490 14.490 -0.027 0.009
4 2 44 1999.988 1999.988 15.507 15.507 -0.006 0.009
4 2 45 2010.460 2010.460 16.805 16.805 -0.006 0.009
4 2 46 1984.439 1984.439 17.145 17.145 -0.025 0.010
4 2 47 2009.866 2009.866 22.014 22.014 -0.047 0.010
4 2 48 1992.921 1992.921 19.203 19.203 -0.041 0.010
4 2 49 1976.895 1976.895 14.878 14.878 -0.028 0.010
4 2 50 2001.742 2001.742 18.668 18.668 -0.037 0.010
4 2 51 1987.976 1987.976 17.491 17.491 -0.026 0.011
4 2 52 2071.110 2071.110 27.194 27.194 -0.018 0.010
4 2 53 2000.387 2000.387 25.328 25.328 -0.018 0.011
4 2 54 2088.636 2088.636 27.869 27.869 -0.038 0.010
4 2 55 1963.963 1963.963 18.399 18.399 -0.027 0.010
4 2 56 2012.381 2012.381 21.419 21.419 -0.028 0.011
4 2 57 1968.024 1968.024 20.519 20.519 -0.025 0.012
4 2 58 2000.611 2000.611 17.800 17.800 -0.013 0.012
4 2 59 2005.664 2005.664 29.847 29.847 -0.023 0.012
4 2 60 2120.835 2120.835 56.274 56.274 -0.007 0.011
4 2 61 2080.468 2080.468 30.263 30.263 0.017 0.012
4 2 62 1050.170 1050.170 6.593 6.593 0.001 0.012
4 3 1 780.850 780.850 2.987 2.987 -0.019 0.013
4 3 2 822.702 822.702 1.414 1.414 -0.019 0.013
4 3 3 788.134 788.134 2.847 2.847 -0.032 0.015
4 3 4 789.368 789.368 3.729 3.729 -0.026 0.016
4 3 5 803.907 803.907 4.869 4.869 -0.054 0.016
5 1 1 857.201 857.201 2.825 2.825 0.000 0.002
5 1 2 852.284 852.284 3.020 3.020 -0.000 0.003
5 1 3 848.794 848.794 2.862 2.862 -0.006 0.003
5 1 4 836.461 836.461 3.307 3.307 -0.003 0.004
5 1 5 827.866 827.866 3.406 3.406 -0.008 0.005
5 1 6 787.500 787.500 80.371 80.371 -0.005 0.006
5 1 7 794.335 794.335 3.553 3.553 -0.004 0.007
5 1 8 792.081 792.081 3.383 3.383 -0.005 0.007
5 1 9 787.282 787.282 3.108 3.108 -0.002 0.007
5 1 10 789.163 789.163 3.011 3.011 -0.028 0.008
5 1 11 790.085 790.085 3.041 3.041 -0.019 0.009
5 1 12 794.760 794.760 2.926 2.926 -0.034 0.009
5 1 13 796.666 796.666 3.311 3.311 -0.025 0.009
5 1 14 810.754 810.754 3.617 3.617 -0.034 0.010
5 1 15 819.316 819.316 4.063 4.063 -0.041 0.010
5 1 16 825.369 825.369 4.432 4.432 -0.042 0.011
5 1 17 834.704 834.704 5.650 5.650 -0.036 0.012
5 1 18 860.310 860.310 7.002 7.002 -0.037 0.012
5 1 19 873.658 873.658 7.565 7.565 -0.031 0.013
5 1 20 872.589 872.589 9.871 9.871 -0.039 0.013
5 1 21 906.335 906.335 14.535 14.535 -0.022 0.014
5 1 22 859.736 859.736 8.270 8.270 -0.027 0.014
5 1 23 849.834 849.834 6.328 6.328 -0.032 0.015
5 2 1 2078.576 2078.576 11.672 11.672 -0.002 0.001
5 2 2 2089.645 2089.645 16.648 16.648 0.001 0.002
5 2 3 2050.329 2050.329 11.081 11.081 0.004 0.002
5 2 4 2066.269 2066.269 10.548 10.548 -0.002 0.002
5 2 5 2081.597 2081.597 10.797 10.797 0.001 0.002
5 2 6 2046.195 2046.195 10.925 10.925 0.001 0.003
5 2 7 2026.935 2026.935 10.791 10.791 0.003 0.003
5 2 8 2032.593 2032.593 9.519 9.519 0.001 0.003
5 2 9 2012.143 2012.143 11.851 11.851 0.005 0.004
5 2 10 2028.659 2028.659 12.197 12.197 0.003 0.004
5 2 11 2013.317 2013.317 10.434 10.434 -0.007 0.004
5 2 12 1994.540 1994.540 10.146 10.146 -0.009 0.005
5 2 13 1990.174 1990.174 11.261 11.261 0.006 0.005
5 2 14 1992.256 1992.256 9.932 9.932 0.002 0.005
5 2 15 1958.218 1958.218 10.483 10.483 -0.005 0.006
5 2 16 1974.761 1974.761 10.508 10.508 -0.010 0.006
5 2 17 1953.120 1953.120 10.793 10.793 -0.002 0.006
5 2 18 1970.020 1970.020 10.377 10.377 -0.014 0.006
5 2 19 1941.163 1941.163 9.747 9.747 0.006 0.007
5 2 20 1955.887 1955.887 10.428 10.428 0.005 0.007
5 2 21 1934.408 1934.408 11.080 11.080 -0.006 0.007
5 2 22 1932.661 1932.661 11.096 11.096 0.004 0.007
5 2 23 1913.403 1913.403 10.395 10.395 0.007 0.007
5 2 24 1898.467 1898.467 10.916 10.916 -0.005 0.007
5 2 25 1894.092 1894.092 9.063 9.063 0.010 0.008
5 2 26 1915.514 1915.514 9.116 9.116 0.006 0.008
5 2 27 1888.123 1888.123 8.304 8.304 -0.006 0.008
5 2 28 1913.376 1913.376 9.010 9.010 -0.026 0.008
5 2 29 1908.750 1908.750 8.451 8.451 -0.023 0.008
5 2 30 1923.765 1923.765 9.266 9.266 -0.026 0.008
5 2 31 1932.956 1932.956 10.459 10.459 -0.035 0.009
5 2 32 1917.661 1917.661 9.115 9.115 -0.017 0.008
5 2 33 1939.560 1939.560 10.881 10.881 -0.021 0.008
5 2 34 1919.321 1919.321 10.189 10.189 -0.012 0.008
5 2 35 1938.689 1938.689 10.888 10.888 -0.003 0.009
5 2 36 1960.491 1960.491 10.576 10.576 -0.008 0.009
5 2 37 1941.493 1941.493 10.961 10.961 -0.025 0.009
5 2 38 1980.429 1980.429 12.764 12.764 -0.018 0.008
5 2 39 1972.132 1972.132 14.516 14.516 -0.009 0.009
5 2 40 2012.140 2012.140 16.126 16.126 -0.014 0.009
5 2 41 1986.649 1986.649 14.371 14.371 -0.029 0.009
5 2 42 2004.235 2004.235 14.915 14.915 -0.016 0.009
5 2 43 2025.317 2025.317 16.315 16.315 -0.005 0.010
5 2 44 2004.146 2004.146 17.385 17.385 -0.002 0.010
5 2 45 2009.182 2009.182 17.783 17.783 -0.014 0.010
5 2 46 2040.593 2040.593 17.425 17.425 -0.022 0.010
5 2 47 2016.703 2016.703 19.929 19.929 -0.012 0.011
5 2 48 1946.901 1946.901 15.666 15.666 -0.015 0.011
5 2 49 2041.469 2041.469 33.865 33.865 -0.001 0.011
5 2 50 2049.488 2049.488 24.977 24.977 -0.013 0.011
5 2 51 2033.684 2033.684 25.843 25.843 -0.016 0.011
5 2 52 1968.436 1968.436 24.845 24.845 -0.029 0.011
5 2 53 2004.283 2004.283 21.027 21.027 -0.017 0.011
5 2 54 2035.714 2035.714 20.346 20.346 -0.010 0.012
5 2 55 2056.484 2056.484 24.506 24.506 -0.012 0.011
5 2 56 1984.527 1984.527 22.033 22.033 -0.006 0.011
5 2 57 1988.458 1988.458 24.146 24.146 -0.024 0.012
5 2 58 2052.970 2052.970 24.348 24.348 0.008 0.012
5 2 59 2006.042 2006.042 30.646 30.646 -0.009 0.013
5 2 60 2016.198 2016.198 18.467 18.467 -0.003 0.013
5 2 61 1995.962 1995.962 24.944 24.944 0.006 0.012
5 2 62 2025.862 2025.862 29.002 29.002 0.002 0.013
5 3 1 773.431 773.431 3.024 3.024 -0.077 0.014
5 3 2 777.474 777.474 2.951 2.951 -0.039 0.014
5 3 3 783.919 783.919 3.026 3.026 -0.045 0.016
5 3 4 787.679 787.679 3.658 3.658 -0.043 0.017
5 3 5 831.303 831.303 5.485 5.485 -0.018 0.020
6 1 1 859.219 859.219 3.232 3.232 0.003 0.002
6 1 2 849.661 849.661 3.093 3.093 -0.001 0.003
6 1 3 841.899 841.899 3.179 3.179 -0.004 0.003
6 1 4 843.278 843.278 3.602 3.602 -0.005 0.004
6 1 5 824.032 824.032 3.518 3.518 0.001 0.005
6 1 6 811.817 811.817 3.484 3.484 0.006 0.006
6 1 7 800.855 800.855 3.291 3.291 -0.015 0.007
6 1 8 792.372 792.372 3.203 3.203 -0.003 0.007
6 1 9 790.127 790.127 3.414 3.414 -0.008 0.008
6 1 10 784.205 784.205 3.071 3.071 -0.018 0.008
6 1 11 786.655 786.655 3.079 3.079 -0.017 0.009
6 1 12 784.031 784.031 3.323 3.323 -0.029 0.009
6 1 13 793.897 793.897 3.505 3.505 -0.025 0.010
6 1 14 805.060 805.060 3.727 3.727 -0.011 0.010
6 1 15 818.408 818.408 4.500 4.500 -0.033 0.010
6 1 16 837.794 837.794 5.459 5.459 -0.037 0.012
6 1 17 853.091 853.091 6.289 6.289 -0.035 0.012
6 1 18 864.603 864.603 7.279 7.279 -0.038 0.013
6 1 19 867.571 867.571 9.430 9.430 -0.032 0.013
6 1 20 877.278 877.278 10.075 10.075 -0.046 0.014
6 1 21 846.310 846.310 9.593 9.593 -0.053 0.015
6 1 22 872.851 872.851 10.102 10.102 -0.044 0.017
6 1 23 822.441 822.441 6.432 6.432 -0.079 0.017
6 2 1 2087.619 2087.619 13.133 13.133 -0.001 0.002
6 2 2 2057.637 2057.637 12.292 12.292 0.003 0.002
6 2 3 2085.797 2085.797 11.154 11.154 0.004 0.002
6 2 4 2084.140 2084.140 11.955 11.955 -0.001 0.002
6 2 5 2064.878 2064.878 11.334 11.334 0.001 0.002
6 2 6 2044.074 2044.074 11.263 11.263 0.002 0.003
6 2 7 2015.807 2015.807 9.475 9.475 0.004 0.003
6 2 8 2033.708 2033.708 8.997 8.997 0.003 0.003
6 2 9 2027.060 2027.060 10.400 10.400 0.002 0.004
6 2 10 2002.173 2002.173 11.201 11.201 -0.002 0.004
6 2 11 1995.310 1995.310 11.304 11.304 -0.001 0.004
6 2 12 2012.881 2012.881 10.757 10.757 0.006 0.005
6 2 13 1966.238 1966.238 10.740 10.740 0.000 0.005
6 2 14 1993.999 1993.999 10.168 10.168 -0.007 0.005
6 2 15 1969.171 1969.171 12.041 12.041 0.006 0.006
6 2 16 1960.842 1960.842 12.140 12.140 0.004 0.006
6 2 17 1926.541 1926.541 11.371 11.371 0.002 0.006
6 2 18 1969.674 1969.674 12.700 12.700 0.013 0.007
6 2 19 1920.572 1920.572 10.965 10.965 0.009 0.007
6 2 20 1937.795 1937.795 11.829 11.829 -0.010 0.007
6 2 21 1940.635 1940.635 11.535 11.535 -0.005 0.007
6 2 22 1919.073 1919.073 11.076 11.076 -0.005 0.008
6 2 23 1920.039 1920.039 10.138 10.138 -0.005 0.008
6 2 24 1936.205 1936.205 10.142 10.142 0.004 0.008
6 2 25 1922.508 1922.508 10.115 10.115 0.006 0.008
6 2 26 1914.381 1914.381 10.446 10.446 -0.010 0.008
6 2 27 1907.549 1907.549 9.211 9.211 -0.008 0.008
6 2 28 1903.035 1903.035 9.112 9.112 -0.007 0.009
6 2 29 1927.704 1927.704 10.242 10.242 0.004 0.008
6 2 30 1911.517 1911.517 8.627 8.627 -0.019 0.009
6 2 31 1917.848 1917.848 9.105 9.105 -0.009 0.009
6 2 32 1933.135 1933.135 9.169 9.169 -0.014 0.009
6 2 33 2112.500 2112.500 23.309 23.309 -0.020 0.009
6 2 34 1940.844 1940.844 10.844 10.844 -0.020 0.009
6 2 35 1939.215 1939.215 11.301 11.301 0.001 0.010
6 2 36 1944.251 1944.251 11.613 11.613 -0.011 0.009
6 2 37 1939.263 1939.263 13.424 13.424 0.001 0.009
6 2 38 1935.554 1935.554 12.905 12.905 -0.005 0.010
6 2 39 1983.837 1983.837 14.015 14.015 -0.011 0.009
6 2 40 1969.714 1969.714 13.509 13.509 -0.016 0.009
6 2 41 2034.066 2034.066 15.974 15.974 -0.026 0.010
6 2 42 1966.096 1966.096 15.706 15.706 -0.035 0.010
6 2 43 1966.706 1966.706 19.707 19.707 -0.010 0.010
6 2 44 1981.712 1981.712 20.250 20.250 -0.027 0.010
6 2 45 1986.051 1986.051 18.181 18.181 -0.026 0.010
6 2 46 2021.347 2021.347 22.621 22.621 -0.004 0.011
6 2 47 2001.816 2001.816 22.476 22.476 -0.035 0.011
6 2 48 2002.525 2002.525 24.041 24.041 0.011 0.011
6 2 49 1984.721 1984.721 21.144 21.144 -0.004 0.012
6 2 50 1998.771 1998.771 29.479 29.479 0.009 0.011
6 2 51 1991.184 1991.184 17.801 17.801 -0.033 0.011
6 2 52 1991.232 1991.232 26.853 26.853 -0.022 0.012
6 2 53 1990.978 1990.978 29.299 29.299 -0.049 0.012
6 2 54 2067.660 2067.660 43.935 43.935 -0.017 0.013
6 2 55 1939.686 1939.686 18.608 18.608 -0.019 0.013
6 2 56 2047.258 2047.258 38.320 38.320 -0.024 0.013
6 2 57 2103.233 2103.233 25.212 25.212 -0.023 0.013
6 2 58 2048.851 2048.851 32.185 32.185 -0.039 0.012
6 2 59 2025.672 2025.672 32.956 32.956 -0.047 0.013
6 2 60 2047.148 2047.148 24.073 24.073 -0.051 0.013
6 2 61 2020.926 2020.926 26.651 26.651 -0.026 0.014
6 2 62 2016.043 2016.043 24.673 24.673 0.008 0.013
6 3 1 773.971 773.971 3.096 3.096 -0.028 0.015
6 3 2 769.283 769.283 2.646 2.646 -0.045 0.014
6 3 3 779.598 779.598 3.113 3.113 -0.030 0.016
6 3 4 792.184 792.184 4.631 4.631 -0.055 0.019
6 3 5 817.805 817.805 5.122 5.122 -0.031 0.020
