  1   1   1   -4.134661e+00    4.879025e-01    0.000000e+00    2.803941e+01    5.733644e-01    0.000000e+00  
  1   1   2   -1.184829e+01    5.146773e-01    0.000000e+00    -1.736171e+01    5.565852e-01    0.000000e+00  
  1   1   3   -1.270827e+01    5.229860e-01    0.000000e+00    -1.734543e+01    5.601506e-01    0.000000e+00  
  1   1   4   -8.448242e+00    4.946851e-01    0.000000e+00    7.743332e-01    5.649372e-01    0.000000e+00  
  1   1   5   2.893972e+00    5.237990e-01    0.000000e+00    -3.916095e+00    5.644440e-01    0.000000e+00  
  1   1   6   1.172528e+00    5.259719e-01    0.000000e+00    -1.333495e+01    5.620382e-01    0.000000e+00  
  1   1   7   -4.026036e+00    4.867712e-01    0.000000e+00    -5.951734e+00    5.643692e-01    0.000000e+00  
  1   1   8   -1.342875e-02    5.209525e-01    0.000000e+00    9.587868e+00    5.709609e-01    0.000000e+00  
  1   1   9   -2.255145e+00    4.985019e-01    0.000000e+00    -1.706216e-01    5.669527e-01    0.000000e+00  
  1   1  10   2.358523e+00    5.207012e-01    0.000000e+00    -1.506742e+00    5.667799e-01    0.000000e+00  
  1   1  11   2.385052e+00    5.374686e-01    0.000000e+00    4.407176e+00    5.718368e-01    0.000000e+00  
  1   1  12   -4.539984e+00    5.159348e-01    0.000000e+00    2.981580e+00    5.702025e-01    0.000000e+00  
  1   1  13   -2.465181e+00    5.157773e-01    0.000000e+00    -2.577877e+00    5.657011e-01    0.000000e+00  
  1   1  14   -1.294242e+00    4.807457e-01    0.000000e+00    1.547324e+00    5.675928e-01    0.000000e+00  
  1   1  15   -1.474943e+00    5.091854e-01    0.000000e+00    7.446928e-01    5.684730e-01    0.000000e+00  
  1   1  16   -3.024642e-01    5.328355e-01    0.000000e+00    2.106502e+00    5.709670e-01    0.000000e+00  
  1   1  17   -2.359758e+00    5.144701e-01    0.000000e+00    3.339955e+00    5.684058e-01    0.000000e+00  
  1   1  18   -1.715862e+00    5.223224e-01    0.000000e+00    -4.558806e+00    5.665602e-01    0.000000e+00  
  1   1  19   -1.840597e+00    5.063864e-01    0.000000e+00    1.851006e+00    5.693274e-01    0.000000e+00  
  1   1  20   -6.416768e-01    5.216449e-01    0.000000e+00    -8.416718e-01    5.668440e-01    0.000000e+00  
  1   1  21   -6.239781e-01    1.336707e-01    0.000000e+00    -2.796528e+00    5.661709e-01    0.000000e+00  
  1   1  22   -1.649544e+00    3.992504e-01    0.000000e+00    -1.125345e+00    5.670983e-01    0.000000e+00  
  1   1  23   1.710057e+00    5.358540e-01    0.000000e+00    -9.581075e-01    5.675047e-01    0.000000e+00  
  1   2   1   -1.887812e+00    4.968937e-01    0.000000e+00    -3.079761e+00    5.656275e-01    0.000000e+00  
  1   2   2   -9.716585e-02    4.943975e-01    0.000000e+00    -4.447495e+00    5.652196e-01    0.000000e+00  
  1   2   3   -4.910169e-01    4.178836e-01    0.000000e+00    -5.126737e+00    5.648659e-01    0.000000e+00  
  1   2   4   -2.113011e+00    2.557234e-01    0.000000e+00    -2.387807e+00    5.683343e-01    0.000000e+00  
  1   2   5   -1.882189e+00    4.911514e-01    0.000000e+00    -1.503417e+01    5.607265e-01    0.000000e+00  
  1   2   6   7.222519e+00    5.079014e-01    0.000000e+00    -1.261488e-01    5.694653e-01    0.000000e+00  
  1   2   7   -1.553347e+00    4.016510e-01    0.000000e+00    -9.131326e+00    5.638586e-01    0.000000e+00  
  1   2   8   -2.918475e+00    3.815481e-01    0.000000e+00    -3.912786e+00    5.664220e-01    0.000000e+00  
  1   2   9   -4.324084e+00    3.480926e-01    0.000000e+00    -1.799579e+01    5.590253e-01    0.000000e+00  
  1   2  10   -1.105839e+00    2.913011e-01    0.000000e+00    -2.130106e+01    5.594760e-01    0.000000e+00  
  1   2  11   2.206473e+00    5.093684e-01    0.000000e+00    -6.001316e+00    5.703977e-01    0.000000e+00  
  1   2  12   -5.034946e+00    4.091887e-01    0.000000e+00    2.098527e+00    5.712218e-01    0.000000e+00  
  1   2  13   -1.139350e+00    4.027463e-01    0.000000e+00    -5.190613e+00    5.670697e-01    0.000000e+00  
  1   2  14   4.558662e+00    5.027364e-01    0.000000e+00    -1.067832e+01    5.637413e-01    0.000000e+00  
  1   2  15   -4.768351e-01    1.553804e-01    0.000000e+00    -8.493382e+00    5.641838e-01    0.000000e+00  
  1   2  16   -4.629983e-02    1.153491e-01    0.000000e+00    2.598988e+00    5.737030e-01    0.000000e+00  
  1   2  17   -4.386023e-02    2.381165e-01    0.000000e+00    7.910460e+00    5.812198e-01    0.000000e+00  
  1   2  18   2.437355e+00    3.306482e-01    0.000000e+00    -7.573194e+00    5.700112e-01    0.000000e+00  
  1   2  19   3.508535e-02    2.803539e-01    0.000000e+00    -7.230662e+00    5.724297e-01    0.000000e+00  
  1   2  20   4.000000e+01    4.900000e-01    0.000000e+00    6.104315e-01    5.719675e-01    0.000000e+00  
  1   2  21   9.309506e-01    2.710240e-01    0.000000e+00    -1.563061e+00    5.743899e-01    0.000000e+00  
  1   2  22   1.059396e+00    4.351970e-01    0.000000e+00    -4.071482e+00    5.700784e-01    0.000000e+00  
  1   2  23   -8.965695e-01    4.034458e-01    0.000000e+00    1.886010e+00    5.731407e-01    0.000000e+00  
  1   2  24   5.979339e-01    4.107610e-01    0.000000e+00    -3.197433e+00    5.730975e-01    0.000000e+00  
  1   2  25   4.000000e+01    4.900000e-01    0.000000e+00    2.881538e+00    5.785564e-01    0.000000e+00  
  1   2  26   9.501162e+00    2.380042e-01    0.000000e+00    3.335976e+00    5.798711e-01    0.000000e+00  
  1   2  27   4.571153e-01    1.419336e-01    0.000000e+00    8.557132e-01    5.739786e-01    0.000000e+00  
  1   2  28   7.194166e-01    2.868763e-01    0.000000e+00    4.858663e+00    5.781352e-01    0.000000e+00  
  1   2  29   1.319527e+00    3.016309e-01    0.000000e+00    -8.731690e+00    5.679078e-01    0.000000e+00  
  1   2  30   4.000000e+01    5.000000e-01    0.000000e+00    1.110702e+01    5.848524e-01    0.000000e+00  
  1   2  31   7.630987e-01    4.068082e-01    0.000000e+00    1.606062e+01    5.870948e-01    0.000000e+00  
  1   2  32   6.630287e+00    4.110507e-01    0.000000e+00    -2.724769e-01    5.712263e-01    0.000000e+00  
  1   2  33   -7.550875e-01    4.126635e-01    0.000000e+00    2.822634e+00    5.718552e-01    0.000000e+00  
  1   2  34   -2.476443e+00    4.042466e-01    0.000000e+00    2.414283e+00    5.731496e-01    0.000000e+00  
  1   2  35   4.000000e+01    5.000000e-01    0.000000e+00    -4.030416e-03    5.736905e-01    0.000000e+00  
  1   2  36   4.000000e+01    4.900000e-01    0.000000e+00    1.414086e+01    5.902209e-01    0.000000e+00  
  1   2  37   -1.716543e+00    4.088239e-01    0.000000e+00    5.926531e-01    5.729119e-01    0.000000e+00  
  1   2  38   8.331348e+00    2.920763e-01    0.000000e+00    -6.747035e-01    5.711357e-01    0.000000e+00  
  1   2  39   1.425445e+00    3.563877e-01    0.000000e+00    9.188324e+00    5.821768e-01    0.000000e+00  
  1   2  40   1.363903e+00    2.577763e-01    0.000000e+00    2.307130e+01    5.958055e-01    0.000000e+00  
  1   2  41   1.000678e+00    2.955596e-01    0.000000e+00    6.385730e+00    5.733910e-01    0.000000e+00  
  1   2  42   4.000000e+01    5.000000e-01    0.000000e+00    -8.263382e+00    5.647850e-01    0.000000e+00  
  1   2  43   -6.295670e+00    4.000013e-01    0.000000e+00    5.713919e+00    5.725952e-01    0.000000e+00  
  1   2  44   3.855884e+00    4.077351e-01    0.000000e+00    1.979349e+01    5.834290e-01    0.000000e+00  
  1   2  45   3.094989e+00    3.673838e-01    0.000000e+00    9.221219e+00    5.787810e-01    0.000000e+00  
  1   2  46   -3.162928e+00    4.066318e-01    0.000000e+00    2.125437e+01    5.853939e-01    0.000000e+00  
  1   2  47   1.222983e+00    1.828724e-01    0.000000e+00    1.384911e+01    5.801834e-01    0.000000e+00  
  1   2  48   4.000000e+01    4.900000e-01    0.000000e+00    4.420840e+00    5.736452e-01    0.000000e+00  
  1   2  49   4.000000e+01    4.819301e-01    0.000000e+00    7.411195e+00    5.756280e-01    0.000000e+00  
  1   2  50   4.000000e+01    4.900000e-01    0.000000e+00    1.105549e+01    5.829546e-01    0.000000e+00  
  1   2  51   5.736736e+00    1.491554e-01    0.000000e+00    1.730896e+00    5.722762e-01    0.000000e+00  
  1   2  52   1.371019e+01    4.082159e-01    0.000000e+00    1.367966e+01    5.826359e-01    0.000000e+00  
  1   2  53   4.356894e+00    5.758162e-02    0.000000e+00    6.361511e+00    5.752918e-01    0.000000e+00  
  1   2  54   9.973200e+00    5.209257e-01    0.000000e+00    4.315288e+00    5.725869e-01    0.000000e+00  
  1   2  55   1.422359e+00    2.515913e-01    0.000000e+00    3.061612e+00    5.702338e-01    0.000000e+00  
  1   2  56   8.001745e+00    4.054365e-01    0.000000e+00    2.173526e+01    5.863856e-01    0.000000e+00  
  1   2  57   5.018397e+00    3.964640e-01    0.000000e+00    1.135483e+01    5.762059e-01    0.000000e+00  
  1   2  58   3.468694e+00    4.114357e-01    0.000000e+00    8.359621e+00    5.755335e-01    0.000000e+00  
  1   2  59   6.233743e+00    3.104203e-01    0.000000e+00    -3.511285e+00    5.674475e-01    0.000000e+00  
  1   2  60   9.274071e+00    3.562625e-01    0.000000e+00    2.544185e+00    5.715554e-01    0.000000e+00  
  1   2  61   1.663939e+01    4.082497e-01    0.000000e+00    1.273893e+01    5.782251e-01    0.000000e+00  
  1   2  62   7.677836e+00    4.803687e-01    0.000000e+00    1.640627e+00    5.721222e-01    0.000000e+00  
  1   3   1   -4.321766e+00    5.281393e-01    0.000000e+00    2.788254e-01    5.672216e-01    0.000000e+00  
  1   3   2   -5.040586e+00    5.012784e-01    0.000000e+00    -1.549447e-01    5.659737e-01    0.000000e+00  
  1   3   3   -4.394573e+00    5.041977e-01    0.000000e+00    2.105978e+00    5.672925e-01    0.000000e+00  
  1   3   4   9.170729e+00    5.356963e-01    0.000000e+00    -7.792421e+00    5.660099e-01    0.000000e+00  
  1   3   5   1.063617e+01    6.348320e-02    0.000000e+00    -1.741838e+01    5.021683e-01    0.000000e+00  
  2   1   1   3.699525e+01    5.092708e-01    0.000000e+00    1.136070e+01    5.487676e-01    0.000000e+00  
  2   1   2   4.000000e+01    5.000000e-01    0.000000e+00    4.000000e+01    5.000000e-01    0.000000e+00  
  2   1   3   1.903291e+01    5.421049e-01    0.000000e+00    4.000000e+01    5.000000e-01    0.000000e+00  
  2   1   4   -5.076884e+00    5.546823e-01    0.000000e+00    -5.270301e+01    5.641943e-01    0.000000e+00  
  2   1   5   3.406068e+02    4.630408e-01    0.000000e+00    2.311988e+03    5.437582e-01    0.000000e+00  
  2   1   6   3.302493e+01    5.228544e-01    0.000000e+00    4.636889e+00    5.657836e-01    0.000000e+00  
  2   1   7   4.000000e+01    5.000000e-01    0.000000e+00    7.623890e+01    5.714455e-01    0.000000e+00  
  2   1   8   4.000000e+01    5.000000e-01    0.000000e+00    1.881517e+01    5.498115e-01    0.000000e+00  
  2   1   9   3.533067e+01    5.133899e-01    0.000000e+00    2.092001e+01    5.363239e-01    0.000000e+00  
  2   1  10   2.948094e+01    5.239330e-01    0.000000e+00    4.000000e+01    5.000000e-01    0.000000e+00  
  2   1  11   -1.089308e+02    5.583984e-01    0.000000e+00    -1.666579e+01    5.550970e-01    0.000000e+00  
  2   1  12   -1.854054e+01    5.587688e-01    0.000000e+00    -6.164497e+01    5.568874e-01    0.000000e+00  
  2   1  13   3.606077e+00    5.476591e-01    0.000000e+00    2.584557e+01    5.478815e-01    0.000000e+00  
  2   1  14   4.729867e+01    4.834717e-01    0.000000e+00    5.292139e+00    5.517666e-01    0.000000e+00  
  2   1  15   1.971162e+01    5.365222e-01    0.000000e+00    -5.524830e+01    5.605389e-01    0.000000e+00  
  2   1  16   8.409926e+00    5.351010e-01    0.000000e+00    -4.215259e+02    5.434829e-01    0.000000e+00  
  2   1  17   -9.450207e+01    5.594079e-01    0.000000e+00    -3.337393e+01    5.559450e-01    0.000000e+00  
  2   1  18   -2.011485e+01    5.535185e-01    0.000000e+00    -1.507276e+02    5.645950e-01    0.000000e+00  
  2   1  19   -5.762029e+01    5.496093e-01    0.000000e+00    3.035830e+02    5.536512e-01    0.000000e+00  
  2   1  20   -1.649009e+01    5.473744e-01    0.000000e+00    -5.996079e+01    5.606188e-01    0.000000e+00  
  2   1  21   2.800696e+01    5.270743e-01    0.000000e+00    9.097180e+00    5.510235e-01    0.000000e+00  
  2   1  22   5.301514e+01    4.961375e-01    0.000000e+00    1.848178e+02    5.851977e-01    0.000000e+00  
  2   1  23   -1.063456e+02    5.432806e-01    0.000000e+00    -2.050781e+02    5.548665e-01    0.000000e+00  
  2   2   1   4.000000e+01    5.000000e-01    0.000000e+00    -1.373811e+01    5.629987e-01    0.000000e+00  
  2   2   2   -1.011539e+02    5.448293e-01    0.000000e+00    1.606593e+01    5.487201e-01    0.000000e+00  
  2   2   3   4.209561e+01    4.126030e-01    0.000000e+00    4.000000e+01    5.000000e-01    0.000000e+00  
  2   2   4   4.000000e+01    5.000000e-01    0.000000e+00    4.000000e+01    5.000000e-01    0.000000e+00  
  2   2   5   4.000000e+01    5.000000e-01    0.000000e+00    -1.394733e+01    5.524376e-01    0.000000e+00  
  2   2   6   4.000000e+01    5.000000e-01    0.000000e+00    4.000000e+01    5.000000e-01    0.000000e+00  
  2   2   7   4.000000e+01    5.000000e-01    0.000000e+00    1.447433e+01    5.522534e-01    0.000000e+00  
  2   2   8   9.936236e+00    5.436523e-01    0.000000e+00    4.000000e+01    5.000000e-01    0.000000e+00  
  2   2   9   4.000000e+01    5.000000e-01    0.000000e+00    4.000000e+01    5.000000e-01    0.000000e+00  
  2   2  10   4.000000e+01    5.000000e-01    0.000000e+00    -2.227350e+01    5.607313e-01    0.000000e+00  
  2   2  11   -1.083533e+03    5.207180e-01    0.000000e+00    -3.195393e+02    5.778440e-01    0.000000e+00  
  2   2  12   6.169295e+01    5.139653e-01    0.000000e+00    4.027493e+01    5.636443e-01    0.000000e+00  
  2   2  13   4.000000e+01    5.000000e-01    0.000000e+00    4.000000e+01    5.000000e-01    0.000000e+00  
  2   2  14   4.000000e+01    5.000000e-01    0.000000e+00    4.000000e+01    5.000000e-01    0.000000e+00  
  2   2  15   3.166784e+01    5.232252e-01    0.000000e+00    4.000000e+01    5.000000e-01    0.000000e+00  
  2   2  16   1.173745e+02    5.247745e-01    0.000000e+00    4.000000e+01    5.000000e-01    0.000000e+00  
  2   2  17   3.903214e+01    5.033650e-01    0.000000e+00    1.293232e+01    5.508004e-01    0.000000e+00  
  2   2  18   -1.174111e+02    4.943574e-01    0.000000e+00    7.234441e+01    5.313063e-01    0.000000e+00  
  2   2  19   -1.692093e+01    5.623190e-01    0.000000e+00    4.000000e+01    5.000000e-01    0.000000e+00  
  2   2  20   4.423982e+01    4.650014e-01    0.000000e+00    3.235271e+01    5.231083e-01    0.000000e+00  
  2   2  21   2.530636e+01    5.271977e-01    0.000000e+00    -9.348383e+01    5.600017e-01    0.000000e+00  
  2   2  22   4.204338e+01    4.919750e-01    0.000000e+00    7.993526e+00    5.457208e-01    0.000000e+00  
  2   2  23   9.892306e+01    5.214903e-01    0.000000e+00    2.623184e+01    5.315098e-01    0.000000e+00  
  2   2  24   4.033944e+01    4.986066e-01    0.000000e+00    4.000000e+01    5.000000e-01    0.000000e+00  
  2   2  25   -1.401736e+01    5.528752e-01    0.000000e+00    4.000000e+01    5.000000e-01    0.000000e+00  
  2   2  26   3.626425e+01    5.106910e-01    0.000000e+00    -7.352036e+01    5.545311e-01    0.000000e+00  
  2   2  27   1.757759e+01    5.372823e-01    0.000000e+00    3.100906e+01    5.626815e-01    0.000000e+00  
  2   2  28   3.103327e+01    5.260828e-01    0.000000e+00    4.000000e+01    5.000000e-01    0.000000e+00  
  2   2  29   9.418427e+01    4.926217e-01    0.000000e+00    2.257832e+01    5.374717e-01    0.000000e+00  
  2   2  30   2.437072e+01    5.306455e-01    0.000000e+00    -1.527246e+01    5.549275e-01    0.000000e+00  
  2   2  31   1.010434e+02    5.675197e-01    0.000000e+00    -7.174844e+01    5.595151e-01    0.000000e+00  
  2   2  32   4.000000e+01    5.000000e-01    0.000000e+00    2.517655e+01    5.292702e-01    0.000000e+00  
  2   2  33   1.842364e+01    5.458475e-01    0.000000e+00    3.044423e+01    5.264494e-01    0.000000e+00  
  2   2  34   4.000000e+01    5.000000e-01    0.000000e+00    -4.737505e+00    5.491788e-01    0.000000e+00  
  2   2  35   -3.616594e+02    5.585231e-01    0.000000e+00    3.855653e+01    1.128455e-01    0.000000e+00  
  2   2  36   -2.677154e+01    5.493632e-01    0.000000e+00    9.547865e+01    5.353575e-01    0.000000e+00  
  2   2  37   1.284407e+01    5.415529e-01    0.000000e+00    4.413614e+01    5.368855e-01    0.000000e+00  
  2   2  38   -1.984511e+01    5.490276e-01    0.000000e+00    -1.817622e+02    5.530299e-01    0.000000e+00  
  2   2  39   -4.244010e+01    5.512616e-01    0.000000e+00    1.918083e+01    5.391043e-01    0.000000e+00  
  2   2  40   4.000000e+01    5.000000e-01    0.000000e+00    -3.688859e+01    5.584777e-01    0.000000e+00  
  2   2  41   4.412247e+01    4.477731e-01    0.000000e+00    4.000000e+01    5.000000e-01    0.000000e+00  
  2   2  42   4.000000e+01    5.000000e-01    0.000000e+00    -5.941704e+01    5.591997e-01    0.000000e+00  
  2   2  43   3.635172e+01    5.308927e-01    0.000000e+00    4.407254e+01    4.670842e-01    0.000000e+00  
  2   2  44   -1.441389e+03    5.700134e-01    0.000000e+00    -5.235115e+02    5.744685e-01    0.000000e+00  
  2   2  45   2.340113e+01    5.402410e-01    0.000000e+00    3.183712e+01    5.194488e-01    0.000000e+00  
  2   2  46   4.000000e+01    5.000000e-01    0.000000e+00    2.831650e+01    5.280921e-01    0.000000e+00  
  2   2  47   -1.074180e+03    5.605916e-01    0.000000e+00    4.957108e+01    5.352511e-01    0.000000e+00  
  2   2  48   1.879255e+02    5.315988e-01    0.000000e+00    4.000000e+01    5.000000e-01    0.000000e+00  
  2   2  49   6.917633e+01    4.166889e-01    0.000000e+00    3.114571e+01    5.173785e-01    0.000000e+00  
  2   2  50   -6.983842e+01    4.193946e-01    0.000000e+00    -5.207490e+01    5.516527e-01    0.000000e+00  
  2   2  51   1.492204e+05    1.803511e+00    0.000000e+00    3.384544e+01    5.248900e-01    0.000000e+00  
  2   2  52   -1.435159e+02    5.081911e-01    0.000000e+00    -2.062125e+01    5.520983e-01    0.000000e+00  
  2   2  53   3.544967e+01    5.283643e-01    0.000000e+00    8.503108e+01    4.662926e-01    0.000000e+00  
  2   2  54   4.000000e+01    5.000000e-01    0.000000e+00    1.152461e+02    5.510076e-01    0.000000e+00  
  2   2  55   6.610653e+02    5.570230e-01    0.000000e+00    1.589711e+01    5.421961e-01    0.000000e+00  
  2   2  56   5.981582e+01    4.782097e-01    0.000000e+00    3.900536e+01    5.458309e-01    0.000000e+00  
  2   2  57   -3.491062e+05    1.835150e+00    0.000000e+00    3.837313e+02    4.956784e-01    0.000000e+00  
  2   2  58   -4.505285e+00    5.447023e-01    0.000000e+00    -2.703012e+01    5.515307e-01    0.000000e+00  
  2   2  59   4.296719e+01    4.853419e-01    0.000000e+00    1.012003e+00    5.508625e-01    0.000000e+00  
  2   2  60   4.416316e+01    4.705151e-01    0.000000e+00    8.087352e+00    5.482366e-01    0.000000e+00  
  2   2  61   -7.921569e+02    5.562606e-01    0.000000e+00    9.985845e+00    5.438438e-01    0.000000e+00  
  2   2  62   -1.392992e+01    5.556153e-01    0.000000e+00    1.194951e+01    5.510707e-01    0.000000e+00  
  2   3   1   1.629127e+01    5.357359e-01    0.000000e+00    -1.440428e+01    5.581316e-01    0.000000e+00  
  2   3   2   -5.903322e+01    5.055137e-01    0.000000e+00    -1.974729e+00    5.629036e-01    0.000000e+00  
  2   3   3   2.453722e+01    5.270598e-01    0.000000e+00    1.016275e+04    1.503573e+00    0.000000e+00  
  2   3   4   2.739137e+01    5.273467e-01    0.000000e+00    5.335702e+05    2.622264e+00    0.000000e+00  
  2   3   5   -9.431814e+01    5.640646e-01    0.000000e+00    1.823046e+01    5.376268e-01    0.000000e+00  
  3   1   1   4.000000e+01    5.000000e-01    0.000000e+00    4.000000e+01    5.000000e-01    0.000000e+00  
  3   1   2   1.495190e+01    5.458329e-01    0.000000e+00    -1.557549e+02    5.349568e-01    0.000000e+00  
  3   1   3   4.000000e+01    5.000000e-01    0.000000e+00    2.580399e+01    5.314537e-01    0.000000e+00  
  3   1   4   4.000000e+01    5.000000e-01    0.000000e+00    4.000000e+01    5.000000e-01    0.000000e+00  
  3   1   5   4.000000e+01    5.000000e-01    0.000000e+00    4.000000e+01    5.000000e-01    0.000000e+00  
  3   1   6   1.226342e+02    5.072739e-01    0.000000e+00    9.794787e+00    5.512168e-01    0.000000e+00  
  3   1   7   4.000000e+01    5.000000e-01    0.000000e+00    4.000000e+01    5.000000e-01    0.000000e+00  
  3   1   8   6.455189e+00    5.655653e-01    0.000000e+00    4.000000e+01    5.000000e-01    0.000000e+00  
  3   1   9   4.000000e+01    5.000000e-01    0.000000e+00    4.000000e+01    5.000000e-01    0.000000e+00  
  3   1  10   1.774957e+01    5.524754e-01    0.000000e+00    4.000000e+01    5.000000e-01    0.000000e+00  
  3   1  11   3.462575e+01    5.176102e-01    0.000000e+00    2.800523e+01    5.300460e-01    0.000000e+00  
  3   1  12   4.000000e+01    5.000000e-01    0.000000e+00    4.000000e+01    5.000000e-01    0.000000e+00  
  3   1  13   4.021003e+01    4.992608e-01    0.000000e+00    4.000000e+01    5.000000e-01    0.000000e+00  
  3   1  14   4.000000e+01    5.000000e-01    0.000000e+00    4.000000e+01    5.000000e-01    0.000000e+00  
  3   1  15   4.424314e+01    4.605699e-01    0.000000e+00    1.970366e+01    5.410081e-01    0.000000e+00  
  3   1  16   4.000000e+01    5.000000e-01    0.000000e+00    4.000000e+01    5.000000e-01    0.000000e+00  
  3   1  17   4.000000e+01    5.000000e-01    0.000000e+00    4.000000e+01    5.000000e-01    0.000000e+00  
  3   1  18   5.513229e+00    5.552499e-01    0.000000e+00    4.000000e+01    5.000000e-01    0.000000e+00  
  3   1  19   4.000000e+01    5.000000e-01    0.000000e+00    4.000000e+01    5.000000e-01    0.000000e+00  
  3   1  20   4.000000e+01    5.000000e-01    0.000000e+00    4.000000e+01    5.000000e-01    0.000000e+00  
  3   1  21   4.000000e+01    5.000000e-01    0.000000e+00    4.000000e+01    5.000000e-01    0.000000e+00  
  3   1  22   1.141021e+01    5.498914e-01    0.000000e+00    4.000000e+01    5.000000e-01    0.000000e+00  
  3   1  23   4.000000e+01    5.000000e-01    0.000000e+00    4.000000e+01    5.000000e-01    0.000000e+00  
  3   2   1   4.000000e+01    5.000000e-01    0.000000e+00    4.000000e+01    5.000000e-01    0.000000e+00  
  3   2   2   4.000000e+01    5.000000e-01    0.000000e+00    4.000000e+01    5.000000e-01    0.000000e+00  
  3   2   3   4.000000e+01    5.000000e-01    0.000000e+00    4.000000e+01    5.000000e-01    0.000000e+00  
  3   2   4   4.000000e+01    5.000000e-01    0.000000e+00    4.000000e+01    5.000000e-01    0.000000e+00  
  3   2   5   4.000000e+01    5.000000e-01    0.000000e+00    1.678929e+01    5.380377e-01    0.000000e+00  
  3   2   6   4.000000e+01    5.000000e-01    0.000000e+00    -3.132709e+01    5.626712e-01    0.000000e+00  
  3   2   7   -3.439884e+02    5.748504e-01    0.000000e+00    3.687799e+01    5.107346e-01    0.000000e+00  
  3   2   8   4.000000e+01    5.000000e-01    0.000000e+00    -6.645844e+00    5.556193e-01    0.000000e+00  
  3   2   9   4.370259e+01    4.792833e-01    0.000000e+00    4.000000e+01    5.000000e-01    0.000000e+00  
  3   2  10   -1.069150e+01    5.641322e-01    0.000000e+00    4.000000e+01    5.000000e-01    0.000000e+00  
  3   2  11   4.000000e+01    5.000000e-01    0.000000e+00    4.000000e+01    5.000000e-01    0.000000e+00  
  3   2  12   4.000000e+01    5.000000e-01    0.000000e+00    4.000000e+01    5.000000e-01    0.000000e+00  
  3   2  13   4.000000e+01    5.000000e-01    0.000000e+00    4.000000e+01    5.000000e-01    0.000000e+00  
  3   2  14   4.000000e+01    5.000000e-01    0.000000e+00    4.000000e+01    5.000000e-01    0.000000e+00  
  3   2  15   -2.859194e+02    5.204683e-01    0.000000e+00    4.000000e+01    5.000000e-01    0.000000e+00  
  3   2  16   4.000000e+01    5.000000e-01    0.000000e+00    4.000000e+01    5.000000e-01    0.000000e+00  
  3   2  17   4.000000e+01    5.000000e-01    0.000000e+00    4.000000e+01    5.000000e-01    0.000000e+00  
  3   2  18   4.000000e+01    5.000000e-01    0.000000e+00    4.000000e+01    5.000000e-01    0.000000e+00  
  3   2  19   3.755619e+01    5.089676e-01    0.000000e+00    8.631812e-02    5.616503e-01    0.000000e+00  
  3   2  20   2.418885e+01    5.304319e-01    0.000000e+00    4.000000e+01    5.000000e-01    0.000000e+00  
  3   2  21   4.000000e+01    5.000000e-01    0.000000e+00    1.783810e+01    5.465833e-01    0.000000e+00  
  3   2  22   4.000000e+01    5.000000e-01    0.000000e+00    3.450368e+01    5.163817e-01    0.000000e+00  
  3   2  23   3.184175e+01    5.183254e-01    0.000000e+00    1.257045e+01    5.429530e-01    0.000000e+00  
  3   2  24   4.000000e+01    5.000000e-01    0.000000e+00    4.000000e+01    5.000000e-01    0.000000e+00  
  3   2  25   4.000000e+01    5.000000e-01    0.000000e+00    4.000000e+01    5.000000e-01    0.000000e+00  
  3   2  26   3.918516e+01    5.030796e-01    0.000000e+00    4.000000e+01    5.000000e-01    0.000000e+00  
  3   2  27   4.000000e+01    5.000000e-01    0.000000e+00    4.000000e+01    5.000000e-01    0.000000e+00  
  3   2  28   4.000000e+01    5.000000e-01    0.000000e+00    4.000000e+01    5.000000e-01    0.000000e+00  
  3   2  29   4.000000e+01    5.000000e-01    0.000000e+00    4.000000e+01    5.000000e-01    0.000000e+00  
  3   2  30   4.000000e+01    5.000000e-01    0.000000e+00    6.150066e+00    5.605982e-01    0.000000e+00  
  3   2  31   4.000000e+01    5.000000e-01    0.000000e+00    1.663238e+01    5.496897e-01    0.000000e+00  
  3   2  32   4.000000e+01    5.000000e-01    0.000000e+00    4.000000e+01    5.000000e-01    0.000000e+00  
  3   2  33   4.000000e+01    5.000000e-01    0.000000e+00    4.000000e+01    5.000000e-01    0.000000e+00  
  3   2  34   4.000000e+01    5.000000e-01    0.000000e+00    4.000000e+01    5.000000e-01    0.000000e+00  
  3   2  35   4.000000e+01    5.000000e-01    0.000000e+00    4.000000e+01    5.000000e-01    0.000000e+00  
  3   2  36   4.000000e+01    5.000000e-01    0.000000e+00    4.000000e+01    5.000000e-01    0.000000e+00  
  3   2  37   4.000000e+01    5.000000e-01    0.000000e+00    4.000000e+01    5.000000e-01    0.000000e+00  
  3   2  38   1.185029e+01    5.533122e-01    0.000000e+00    -7.076862e+00    5.591647e-01    0.000000e+00  
  3   2  39   4.000000e+01    5.000000e-01    0.000000e+00    4.000000e+01    5.000000e-01    0.000000e+00  
  3   2  40   4.000000e+01    5.000000e-01    0.000000e+00    4.000000e+01    5.000000e-01    0.000000e+00  
  3   2  41   4.000000e+01    5.000000e-01    0.000000e+00    1.626054e+01    5.438346e-01    0.000000e+00  
  3   2  42   4.000000e+01    5.000000e-01    0.000000e+00    4.000000e+01    5.000000e-01    0.000000e+00  
  3   2  43   4.000000e+01    5.000000e-01    0.000000e+00    1.980183e+00    5.568180e-01    0.000000e+00  
  3   2  44   3.947187e+01    5.017180e-01    0.000000e+00    3.935536e+01    5.021437e-01    0.000000e+00  
  3   2  45   4.000000e+01    5.000000e-01    0.000000e+00    4.000000e+01    5.000000e-01    0.000000e+00  
  3   2  46   4.000000e+01    5.000000e-01    0.000000e+00    4.000000e+01    5.000000e-01    0.000000e+00  
  3   2  47   4.000000e+01    5.000000e-01    0.000000e+00    4.000000e+01    5.000000e-01    0.000000e+00  
  3   2  48   4.000000e+01    5.000000e-01    0.000000e+00    4.000000e+01    5.000000e-01    0.000000e+00  
  3   2  49   4.000000e+01    5.000000e-01    0.000000e+00    4.000000e+01    5.000000e-01    0.000000e+00  
  3   2  50   4.000000e+01    5.000000e-01    0.000000e+00    4.000000e+01    5.000000e-01    0.000000e+00  
  3   2  51   4.000000e+01    5.000000e-01    0.000000e+00    4.000000e+01    5.000000e-01    0.000000e+00  
  3   2  52   4.000000e+01    5.000000e-01    0.000000e+00    4.000000e+01    5.000000e-01    0.000000e+00  
  3   2  53   4.000000e+01    5.000000e-01    0.000000e+00    4.000000e+01    5.000000e-01    0.000000e+00  
  3   2  54   4.000000e+01    5.000000e-01    0.000000e+00    3.843724e+01    5.048060e-01    0.000000e+00  
  3   2  55   1.576256e+01    5.466935e-01    0.000000e+00    4.000000e+01    5.000000e-01    0.000000e+00  
  3   2  56   -1.474725e+01    5.633745e-01    0.000000e+00    4.000000e+01    5.000000e-01    0.000000e+00  
  3   2  57   4.000000e+01    5.000000e-01    0.000000e+00    4.000000e+01    5.000000e-01    0.000000e+00  
  3   2  58   4.000000e+01    5.000000e-01    0.000000e+00    4.000000e+01    5.000000e-01    0.000000e+00  
  3   2  59   4.000000e+01    5.000000e-01    0.000000e+00    4.000000e+01    5.000000e-01    0.000000e+00  
  3   2  60   4.000000e+01    5.000000e-01    0.000000e+00    4.000000e+01    5.000000e-01    0.000000e+00  
  3   2  61   4.000000e+01    5.000000e-01    0.000000e+00    4.000000e+01    5.000000e-01    0.000000e+00  
  3   2  62   4.000000e+01    5.000000e-01    0.000000e+00    4.000000e+01    5.000000e-01    0.000000e+00  
  3   3   1   -5.976992e+01    5.690320e-01    0.000000e+00    4.000000e+01    5.000000e-01    0.000000e+00  
  3   3   2   4.000000e+01    5.000000e-01    0.000000e+00    1.188004e+01    5.501314e-01    0.000000e+00  
  3   3   3   4.000000e+01    5.000000e-01    0.000000e+00    1.570493e+01    5.482067e-01    0.000000e+00  
  3   3   4   3.193513e+01    5.255685e-01    0.000000e+00    4.000000e+01    5.000000e-01    0.000000e+00  
  3   3   5   4.000000e+01    5.000000e-01    0.000000e+00    -1.166694e+02    5.553041e-01    0.000000e+00  
  4   1   1   3.577846e+01    5.152277e-01    0.000000e+00    4.000000e+01    5.000000e-01    0.000000e+00  
  4   1   2   4.114741e+01    4.954904e-01    0.000000e+00    1.495169e+01    5.458329e-01    0.000000e+00  
  4   1   3   4.000000e+01    5.000000e-01    0.000000e+00    4.000000e+01    5.000000e-01    0.000000e+00  
  4   1   4   4.000000e+01    5.000000e-01    0.000000e+00    -1.183145e+01    5.611166e-01    0.000000e+00  
  4   1   5   4.000000e+01    5.000000e-01    0.000000e+00    1.816682e+01    5.497187e-01    0.000000e+00  
  4   1   6   6.455582e+01    5.220012e-01    0.000000e+00    3.208945e+01    5.202838e-01    0.000000e+00  
  4   1   7   4.000000e+01    5.000000e-01    0.000000e+00    4.000000e+01    5.000000e-01    0.000000e+00  
  4   1   8   4.000000e+01    5.000000e-01    0.000000e+00    2.023070e+01    5.388091e-01    0.000000e+00  
  4   1   9   4.000000e+01    5.000000e-01    0.000000e+00    4.000000e+01    5.000000e-01    0.000000e+00  
  4   1  10   1.506813e+00    5.567559e-01    0.000000e+00    -3.092212e+02    5.912959e-01    0.000000e+00  
  4   1  11   4.000000e+01    5.000000e-01    0.000000e+00    4.000000e+01    5.000000e-01    0.000000e+00  
  4   1  12   1.670397e+01    5.492595e-01    0.000000e+00    4.000000e+01    5.000000e-01    0.000000e+00  
  4   1  13   4.000000e+01    5.000000e-01    0.000000e+00    4.000000e+01    5.000000e-01    0.000000e+00  
  4   1  14   4.000000e+01    5.000000e-01    0.000000e+00    4.000000e+01    5.000000e-01    0.000000e+00  
  4   1  15   3.539263e+01    5.142400e-01    0.000000e+00    4.000000e+01    5.000000e-01    0.000000e+00  
  4   1  16   4.000000e+01    5.000000e-01    0.000000e+00    4.000000e+01    5.000000e-01    0.000000e+00  
  4   1  17   4.000000e+01    5.000000e-01    0.000000e+00    4.000000e+01    5.000000e-01    0.000000e+00  
  4   1  18   2.560363e+01    5.322643e-01    0.000000e+00    4.000000e+01    5.000000e-01    0.000000e+00  
  4   1  19   4.000000e+01    5.000000e-01    0.000000e+00    4.000000e+01    5.000000e-01    0.000000e+00  
  4   1  20   4.000000e+01    5.000000e-01    0.000000e+00    4.000000e+01    5.000000e-01    0.000000e+00  
  4   1  21   1.166974e+01    5.511032e-01    0.000000e+00    1.831062e+01    5.429693e-01    0.000000e+00  
  4   1  22   4.330331e+01    4.808390e-01    0.000000e+00    -4.999150e+00    5.604594e-01    0.000000e+00  
  4   1  23   4.000000e+01    5.000000e-01    0.000000e+00    4.000000e+01    5.000000e-01    0.000000e+00  
  4   2   1   4.000000e+01    5.000000e-01    0.000000e+00    4.000000e+01    5.000000e-01    0.000000e+00  
  4   2   2   4.000000e+01    5.000000e-01    0.000000e+00    4.000000e+01    5.000000e-01    0.000000e+00  
  4   2   3   4.000000e+01    5.000000e-01    0.000000e+00    4.000000e+01    5.000000e-01    0.000000e+00  
  4   2   4   4.000000e+01    5.000000e-01    0.000000e+00    4.000000e+01    5.000000e-01    0.000000e+00  
  4   2   5   4.000000e+01    5.000000e-01    0.000000e+00    4.000000e+01    5.000000e-01    0.000000e+00  
  4   2   6   4.000000e+01    5.000000e-01    0.000000e+00    4.000000e+01    5.000000e-01    0.000000e+00  
  4   2   7   4.000000e+01    5.000000e-01    0.000000e+00    4.000000e+01    5.000000e-01    0.000000e+00  
  4   2   8   4.000000e+01    5.000000e-01    0.000000e+00    4.000000e+01    5.000000e-01    0.000000e+00  
  4   2   9   4.000000e+01    5.000000e-01    0.000000e+00    4.000000e+01    5.000000e-01    0.000000e+00  
  4   2  10   4.000000e+01    5.000000e-01    0.000000e+00    4.000000e+01    5.000000e-01    0.000000e+00  
  4   2  11   -1.714026e+01    5.583256e-01    0.000000e+00    4.348797e+01    4.792054e-01    0.000000e+00  
  4   2  12   4.000000e+01    5.000000e-01    0.000000e+00    4.000000e+01    5.000000e-01    0.000000e+00  
  4   2  13   4.000000e+01    5.000000e-01    0.000000e+00    4.000000e+01    5.000000e-01    0.000000e+00  
  4   2  14   -1.829985e+01    5.617874e-01    0.000000e+00    4.000000e+01    5.000000e-01    0.000000e+00  
  4   2  15   4.000000e+01    5.000000e-01    0.000000e+00    4.000000e+01    5.000000e-01    0.000000e+00  
  4   2  16   4.000000e+01    5.000000e-01    0.000000e+00    4.423995e+01    4.541277e-01    0.000000e+00  
  4   2  17   4.000000e+01    5.000000e-01    0.000000e+00    4.000000e+01    5.000000e-01    0.000000e+00  
  4   2  18   2.466522e+01    5.369349e-01    0.000000e+00    4.000000e+01    5.000000e-01    0.000000e+00  
  4   2  19   4.000000e+01    5.000000e-01    0.000000e+00    4.000000e+01    5.000000e-01    0.000000e+00  
  4   2  20   4.000000e+01    5.000000e-01    0.000000e+00    4.000000e+01    5.000000e-01    0.000000e+00  
  4   2  21   4.000000e+01    5.000000e-01    0.000000e+00    4.000000e+01    5.000000e-01    0.000000e+00  
  4   2  22   4.000000e+01    5.000000e-01    0.000000e+00    4.000000e+01    5.000000e-01    0.000000e+00  
  4   2  23   4.000000e+01    5.000000e-01    0.000000e+00    4.000000e+01    5.000000e-01    0.000000e+00  
  4   2  24   1.887745e+01    5.344140e-01    0.000000e+00    4.393478e+01    4.745361e-01    0.000000e+00  
  4   2  25   1.436510e+01    5.481954e-01    0.000000e+00    4.000000e+01    5.000000e-01    0.000000e+00  
  4   2  26   4.000000e+01    5.000000e-01    0.000000e+00    4.000000e+01    5.000000e-01    0.000000e+00  
  4   2  27   4.000000e+01    5.000000e-01    0.000000e+00    4.000000e+01    5.000000e-01    0.000000e+00  
  4   2  28   4.000000e+01    5.000000e-01    0.000000e+00    4.000000e+01    5.000000e-01    0.000000e+00  
  4   2  29   4.000000e+01    5.000000e-01    0.000000e+00    4.000000e+01    5.000000e-01    0.000000e+00  
  4   2  30   4.000000e+01    5.000000e-01    0.000000e+00    4.000000e+01    5.000000e-01    0.000000e+00  
  4   2  31   4.000000e+01    5.000000e-01    0.000000e+00    4.000000e+01    5.000000e-01    0.000000e+00  
  4   2  32   4.000000e+01    5.000000e-01    0.000000e+00    4.000000e+01    5.000000e-01    0.000000e+00  
  4   2  33   4.000000e+01    5.000000e-01    0.000000e+00    4.000000e+01    5.000000e-01    0.000000e+00  
  4   2  34   4.000000e+01    5.000000e-01    0.000000e+00    4.000000e+01    5.000000e-01    0.000000e+00  
  4   2  35   2.187684e+01    5.411758e-01    0.000000e+00    4.000000e+01    5.000000e-01    0.000000e+00  
  4   2  36   4.000000e+01    5.000000e-01    0.000000e+00    4.000000e+01    5.000000e-01    0.000000e+00  
  4   2  37   4.000000e+01    5.000000e-01    0.000000e+00    4.000000e+01    5.000000e-01    0.000000e+00  
  4   2  38   -2.948956e+00    5.563793e-01    0.000000e+00    4.000000e+01    5.000000e-01    0.000000e+00  
  4   2  39   4.000000e+01    5.000000e-01    0.000000e+00    4.000000e+01    5.000000e-01    0.000000e+00  
  4   2  40   4.000000e+01    5.000000e-01    0.000000e+00    4.000000e+01    5.000000e-01    0.000000e+00  
  4   2  41   4.000000e+01    5.000000e-01    0.000000e+00    4.000000e+01    5.000000e-01    0.000000e+00  
  4   2  42   4.000000e+01    5.000000e-01    0.000000e+00    4.000000e+01    5.000000e-01    0.000000e+00  
  4   2  43   4.000000e+01    5.000000e-01    0.000000e+00    4.000000e+01    5.000000e-01    0.000000e+00  
  4   2  44   4.000000e+01    5.000000e-01    0.000000e+00    4.000000e+01    5.000000e-01    0.000000e+00  
  4   2  45   4.000000e+01    5.000000e-01    0.000000e+00    4.000000e+01    5.000000e-01    0.000000e+00  
  4   2  46   4.000000e+01    5.000000e-01    0.000000e+00    4.000000e+01    5.000000e-01    0.000000e+00  
  4   2  47   4.000000e+01    5.000000e-01    0.000000e+00    4.000000e+01    5.000000e-01    0.000000e+00  
  4   2  48   4.000000e+01    5.000000e-01    0.000000e+00    4.000000e+01    5.000000e-01    0.000000e+00  
  4   2  49   4.000000e+01    5.000000e-01    0.000000e+00    4.000000e+01    5.000000e-01    0.000000e+00  
  4   2  50   4.000000e+01    5.000000e-01    0.000000e+00    4.000000e+01    5.000000e-01    0.000000e+00  
  4   2  51   4.000000e+01    5.000000e-01    0.000000e+00    4.000000e+01    5.000000e-01    0.000000e+00  
  4   2  52   4.000000e+01    5.000000e-01    0.000000e+00    4.000000e+01    5.000000e-01    0.000000e+00  
  4   2  53   9.068955e+00    5.447369e-01    0.000000e+00    -2.879323e+01    5.596337e-01    0.000000e+00  
  4   2  54   4.000000e+01    5.000000e-01    0.000000e+00    4.000000e+01    5.000000e-01    0.000000e+00  
  4   2  55   4.000000e+01    5.000000e-01    0.000000e+00    4.000000e+01    5.000000e-01    0.000000e+00  
  4   2  56   4.000000e+01    5.000000e-01    0.000000e+00    4.000000e+01    5.000000e-01    0.000000e+00  
  4   2  57   4.000000e+01    5.000000e-01    0.000000e+00    4.000000e+01    5.000000e-01    0.000000e+00  
  4   2  58   4.000000e+01    5.000000e-01    0.000000e+00    4.000000e+01    5.000000e-01    0.000000e+00  
  4   2  59   2.301534e+01    5.320754e-01    0.000000e+00    4.000000e+01    5.000000e-01    0.000000e+00  
  4   2  60   4.000000e+01    5.000000e-01    0.000000e+00    4.000000e+01    5.000000e-01    0.000000e+00  
  4   2  61   4.000000e+01    5.000000e-01    0.000000e+00    4.000000e+01    5.000000e-01    0.000000e+00  
  4   2  62   4.000000e+01    5.000000e-01    0.000000e+00    4.000000e+01    5.000000e-01    0.000000e+00  
  4   3   1   2.357765e+02    4.608012e-01    0.000000e+00    4.000000e+01    5.000000e-01    0.000000e+00  
  4   3   2   4.299400e+01    4.834473e-01    0.000000e+00    1.545664e+01    5.589188e-01    0.000000e+00  
  4   3   3   -1.724443e+03    5.774720e-01    0.000000e+00    2.481550e+01    5.336364e-01    0.000000e+00  
  4   3   4   2.076419e+01    5.559066e-01    0.000000e+00    2.312340e+01    5.488113e-01    0.000000e+00  
  4   3   5   4.000000e+01    5.000000e-01    0.000000e+00    4.000000e+01    5.000000e-01    0.000000e+00  
  5   1   1   4.000000e+01    5.000000e-01    0.000000e+00    2.484653e+00    5.554850e-01    0.000000e+00  
  5   1   2   4.053806e+01    4.979089e-01    0.000000e+00    -9.680771e+00    5.622597e-01    0.000000e+00  
  5   1   3   4.000000e+01    5.000000e-01    0.000000e+00    4.000000e+01    5.000000e-01    0.000000e+00  
  5   1   4   4.000000e+01    5.000000e-01    0.000000e+00    4.000000e+01    5.000000e-01    0.000000e+00  
  5   1   5   4.000000e+01    5.000000e-01    0.000000e+00    -5.090415e+00    5.550141e-01    0.000000e+00  
  5   1   6   -1.206865e+01    5.707370e-01    0.000000e+00    4.000000e+01    5.000000e-01    0.000000e+00  
  5   1   7   4.000000e+01    5.000000e-01    0.000000e+00    4.312649e+01    4.198201e-01    0.000000e+00  
  5   1   8   4.000000e+01    5.000000e-01    0.000000e+00    4.000000e+01    5.000000e-01    0.000000e+00  
  5   1   9   2.616180e+01    5.317803e-01    0.000000e+00    2.023071e+01    5.388091e-01    0.000000e+00  
  5   1  10   4.000000e+01    5.000000e-01    0.000000e+00    4.000000e+01    5.000000e-01    0.000000e+00  
  5   1  11   4.000000e+01    5.000000e-01    0.000000e+00    4.000000e+01    5.000000e-01    0.000000e+00  
  5   1  12   4.000000e+01    5.000000e-01    0.000000e+00    4.000000e+01    5.000000e-01    0.000000e+00  
  5   1  13   4.000000e+01    5.000000e-01    0.000000e+00    4.000000e+01    5.000000e-01    0.000000e+00  
  5   1  14   9.634129e+01    4.927878e-01    0.000000e+00    4.363026e+01    4.776542e-01    0.000000e+00  
  5   1  15   4.000000e+01    5.000000e-01    0.000000e+00    4.000000e+01    5.000000e-01    0.000000e+00  
  5   1  16   4.000000e+01    5.000000e-01    0.000000e+00    4.000000e+01    5.000000e-01    0.000000e+00  
  5   1  17   4.000000e+01    5.000000e-01    0.000000e+00    4.000000e+01    5.000000e-01    0.000000e+00  
  5   1  18   4.000000e+01    5.000000e-01    0.000000e+00    4.000000e+01    5.000000e-01    0.000000e+00  
  5   1  19   3.571036e+01    5.131262e-01    0.000000e+00    1.850446e+01    5.406412e-01    0.000000e+00  
  5   1  20   3.041364e+01    5.276157e-01    0.000000e+00    4.000000e+01    5.000000e-01    0.000000e+00  
  5   1  21   3.655274e+01    5.121722e-01    0.000000e+00    4.000000e+01    5.000000e-01    0.000000e+00  
  5   1  22   3.156540e+01    5.264561e-01    0.000000e+00    4.000000e+01    5.000000e-01    0.000000e+00  
  5   1  23   4.000000e+01    5.000000e-01    0.000000e+00    4.000000e+01    5.000000e-01    0.000000e+00  
  5   2   1   4.000000e+01    5.000000e-01    0.000000e+00    4.000000e+01    5.000000e-01    0.000000e+00  
  5   2   2   4.000000e+01    5.000000e-01    0.000000e+00    4.000000e+01    5.000000e-01    0.000000e+00  
  5   2   3   3.887007e+01    5.040947e-01    0.000000e+00    -8.400310e-01    5.596785e-01    0.000000e+00  
  5   2   4   4.000000e+01    5.000000e-01    0.000000e+00    4.000000e+01    5.000000e-01    0.000000e+00  
  5   2   5   4.000000e+01    5.000000e-01    0.000000e+00    4.000000e+01    5.000000e-01    0.000000e+00  
  5   2   6   4.000000e+01    5.000000e-01    0.000000e+00    4.000000e+01    5.000000e-01    0.000000e+00  
  5   2   7   4.000000e+01    5.000000e-01    0.000000e+00    4.000000e+01    5.000000e-01    0.000000e+00  
  5   2   8   4.425982e+01    4.519398e-01    0.000000e+00    4.000000e+01    5.000000e-01    0.000000e+00  
  5   2   9   1.087083e+01    5.438326e-01    0.000000e+00    4.000000e+01    5.000000e-01    0.000000e+00  
  5   2  10   2.502039e+01    5.301016e-01    0.000000e+00    4.000000e+01    5.000000e-01    0.000000e+00  
  5   2  11   4.000000e+01    5.000000e-01    0.000000e+00    4.000000e+01    5.000000e-01    0.000000e+00  
  5   2  12   4.359238e+01    4.780674e-01    0.000000e+00    4.000000e+01    5.000000e-01    0.000000e+00  
  5   2  13   4.000000e+01    5.000000e-01    0.000000e+00    4.000000e+01    5.000000e-01    0.000000e+00  
  5   2  14   4.000000e+01    5.000000e-01    0.000000e+00    4.000000e+01    5.000000e-01    0.000000e+00  
  5   2  15   4.000000e+01    5.000000e-01    0.000000e+00    4.000000e+01    5.000000e-01    0.000000e+00  
  5   2  16   4.000000e+01    5.000000e-01    0.000000e+00    4.000000e+01    5.000000e-01    0.000000e+00  
  5   2  17   4.000000e+01    5.000000e-01    0.000000e+00    4.000000e+01    5.000000e-01    0.000000e+00  
  5   2  18   4.000000e+01    5.000000e-01    0.000000e+00    4.000000e+01    5.000000e-01    0.000000e+00  
  5   2  19   4.000000e+01    5.000000e-01    0.000000e+00    4.000000e+01    5.000000e-01    0.000000e+00  
  5   2  20   4.000000e+01    5.000000e-01    0.000000e+00    4.000000e+01    5.000000e-01    0.000000e+00  
  5   2  21   2.356056e+01    5.386701e-01    0.000000e+00    4.000000e+01    5.000000e-01    0.000000e+00  
  5   2  22   4.000000e+01    5.000000e-01    0.000000e+00    -3.876816e+01    5.619790e-01    0.000000e+00  
  5   2  23   4.000000e+01    5.000000e-01    0.000000e+00    4.000000e+01    5.000000e-01    0.000000e+00  
  5   2  24   1.455242e+01    5.439593e-01    0.000000e+00    4.000000e+01    5.000000e-01    0.000000e+00  
  5   2  25   4.000000e+01    5.000000e-01    0.000000e+00    4.000000e+01    5.000000e-01    0.000000e+00  
  5   2  26   4.000000e+01    5.000000e-01    0.000000e+00    4.000000e+01    5.000000e-01    0.000000e+00  
  5   2  27   4.000000e+01    5.000000e-01    0.000000e+00    4.000000e+01    5.000000e-01    0.000000e+00  
  5   2  28   4.000000e+01    5.000000e-01    0.000000e+00    4.000000e+01    5.000000e-01    0.000000e+00  
  5   2  29   4.000000e+01    5.000000e-01    0.000000e+00    8.244639e+00    5.434537e-01    0.000000e+00  
  5   2  30   4.000000e+01    5.000000e-01    0.000000e+00    4.000000e+01    5.000000e-01    0.000000e+00  
  5   2  31   2.776169e+01    5.252700e-01    0.000000e+00    4.000000e+01    5.000000e-01    0.000000e+00  
  5   2  32   4.000000e+01    5.000000e-01    0.000000e+00    -1.113982e+01    5.549614e-01    0.000000e+00  
  5   2  33   4.000000e+01    5.000000e-01    0.000000e+00    4.000000e+01    5.000000e-01    0.000000e+00  
  5   2  34   4.000000e+01    5.000000e-01    0.000000e+00    4.000000e+01    5.000000e-01    0.000000e+00  
  5   2  35   4.000000e+01    5.000000e-01    0.000000e+00    4.000000e+01    5.000000e-01    0.000000e+00  
  5   2  36   4.000000e+01    5.000000e-01    0.000000e+00    4.000000e+01    5.000000e-01    0.000000e+00  
  5   2  37   4.000000e+01    5.000000e-01    0.000000e+00    4.000000e+01    5.000000e-01    0.000000e+00  
  5   2  38   4.000000e+01    5.000000e-01    0.000000e+00    4.000000e+01    5.000000e-01    0.000000e+00  
  5   2  39   4.000000e+01    5.000000e-01    0.000000e+00    4.000000e+01    5.000000e-01    0.000000e+00  
  5   2  40   4.000000e+01    5.000000e-01    0.000000e+00    4.000000e+01    5.000000e-01    0.000000e+00  
  5   2  41   4.000000e+01    5.000000e-01    0.000000e+00    4.000000e+01    5.000000e-01    0.000000e+00  
  5   2  42   3.470532e+01    5.153270e-01    0.000000e+00    4.000000e+01    5.000000e-01    0.000000e+00  
  5   2  43   4.000000e+01    5.000000e-01    0.000000e+00    4.000000e+01    5.000000e-01    0.000000e+00  
  5   2  44   4.000000e+01    5.000000e-01    0.000000e+00    4.000000e+01    5.000000e-01    0.000000e+00  
  5   2  45   4.000000e+01    5.000000e-01    0.000000e+00    4.000000e+01    5.000000e-01    0.000000e+00  
  5   2  46   4.000000e+01    5.000000e-01    0.000000e+00    4.000000e+01    5.000000e-01    0.000000e+00  
  5   2  47   4.000000e+01    5.000000e-01    0.000000e+00    4.000000e+01    5.000000e-01    0.000000e+00  
  5   2  48   4.000000e+01    5.000000e-01    0.000000e+00    4.000000e+01    5.000000e-01    0.000000e+00  
  5   2  49   4.000000e+01    5.000000e-01    0.000000e+00    4.000000e+01    5.000000e-01    0.000000e+00  
  5   2  50   4.000000e+01    5.000000e-01    0.000000e+00    4.000000e+01    5.000000e-01    0.000000e+00  
  5   2  51   4.000000e+01    5.000000e-01    0.000000e+00    4.000000e+01    5.000000e-01    0.000000e+00  
  5   2  52   4.000000e+01    5.000000e-01    0.000000e+00    4.000000e+01    5.000000e-01    0.000000e+00  
  5   2  53   4.000000e+01    5.000000e-01    0.000000e+00    4.000000e+01    5.000000e-01    0.000000e+00  
  5   2  54   4.000000e+01    5.000000e-01    0.000000e+00    4.000000e+01    5.000000e-01    0.000000e+00  
  5   2  55   4.000000e+01    5.000000e-01    0.000000e+00    4.000000e+01    5.000000e-01    0.000000e+00  
  5   2  56   4.000000e+01    5.000000e-01    0.000000e+00    4.000000e+01    5.000000e-01    0.000000e+00  
  5   2  57   2.636895e+01    5.352670e-01    0.000000e+00    4.000000e+01    5.000000e-01    0.000000e+00  
  5   2  58   4.000000e+01    5.000000e-01    0.000000e+00    4.000000e+01    5.000000e-01    0.000000e+00  
  5   2  59   4.000000e+01    5.000000e-01    0.000000e+00    -1.250544e+01    5.578655e-01    0.000000e+00  
  5   2  60   4.000000e+01    5.000000e-01    0.000000e+00    4.000000e+01    5.000000e-01    0.000000e+00  
  5   2  61   4.000000e+01    5.000000e-01    0.000000e+00    4.000000e+01    5.000000e-01    0.000000e+00  
  5   2  62   4.000000e+01    5.000000e-01    0.000000e+00    4.000000e+01    5.000000e-01    0.000000e+00  
  5   3   1   -1.687064e+01    5.672367e-01    0.000000e+00    4.000000e+01    5.000000e-01    0.000000e+00  
  5   3   2   4.000000e+01    5.000000e-01    0.000000e+00    4.000000e+01    5.000000e-01    0.000000e+00  
  5   3   3   3.408377e+01    5.205279e-01    0.000000e+00    4.000000e+01    5.000000e-01    0.000000e+00  
  5   3   4   2.833683e+01    5.280299e-01    0.000000e+00    4.000000e+01    5.000000e-01    0.000000e+00  
  5   3   5   4.000000e+01    5.000000e-01    0.000000e+00    1.687533e+01    5.484200e-01    0.000000e+00  
  6   1   1   4.000000e+01    5.000000e-01    0.000000e+00    4.000000e+01    5.000000e-01    0.000000e+00  
  6   1   2   -1.477810e+02    5.507772e-01    0.000000e+00    1.483953e+01    5.425282e-01    0.000000e+00  
  6   1   3   4.281252e+01    4.856176e-01    0.000000e+00    -1.022952e+03    5.578110e-01    0.000000e+00  
  6   1   4   4.037370e+01    4.985331e-01    0.000000e+00    2.074450e+01    5.428543e-01    0.000000e+00  
  6   1   5   -4.773428e+02    5.805799e-01    0.000000e+00    2.378337e-01    5.579271e-01    0.000000e+00  
  6   1   6   8.350240e+01    5.214082e-01    0.000000e+00    5.885792e-01    5.646798e-01    0.000000e+00  
  6   1   7   -7.020953e+01    5.684850e-01    0.000000e+00    -3.955708e+00    5.605495e-01    0.000000e+00  
  6   1   8   4.000000e+01    5.000000e-01    0.000000e+00    2.844318e+01    5.327112e-01    0.000000e+00  
  6   1   9   2.040255e+01    5.398814e-01    0.000000e+00    1.850446e+01    5.406412e-01    0.000000e+00  
  6   1  10   4.000000e+01    5.000000e-01    0.000000e+00    4.000000e+01    5.000000e-01    0.000000e+00  
  6   1  11   2.675383e+01    5.310337e-01    0.000000e+00    4.000000e+01    5.000000e-01    0.000000e+00  
  6   1  12   4.000000e+01    5.000000e-01    0.000000e+00    -3.447110e+01    5.625356e-01    0.000000e+00  
  6   1  13   3.707018e+01    5.104354e-01    0.000000e+00    4.000000e+01    5.000000e-01    0.000000e+00  
  6   1  14   -8.095365e+02    4.977464e-01    0.000000e+00    6.385791e+02    6.113730e-01    0.000000e+00  
  6   1  15   4.353776e+01    4.793547e-01    0.000000e+00    4.000000e+01    5.000000e-01    0.000000e+00  
  6   1  16   4.000000e+01    5.000000e-01    0.000000e+00    -5.984989e+01    5.656344e-01    0.000000e+00  
  6   1  17   -5.816824e+00    5.514169e-01    0.000000e+00    7.968549e+02    6.132135e-01    0.000000e+00  
  6   1  18   6.940147e+01    4.724964e-01    0.000000e+00    3.927973e+00    5.534350e-01    0.000000e+00  
  6   1  19   3.887243e+01    5.308238e-01    0.000000e+00    4.375771e+01    4.765085e-01    0.000000e+00  
  6   1  20   4.000000e+01    5.000000e-01    0.000000e+00    -6.683723e+00    5.562387e-01    0.000000e+00  
  6   1  21   2.292185e+01    5.204463e-01    0.000000e+00    1.419734e+02    5.027615e-01    0.000000e+00  
  6   1  22   3.671733e+01    5.118584e-01    0.000000e+00    -2.461828e+02    5.381258e-01    0.000000e+00  
  6   1  23   4.000000e+01    5.000000e-01    0.000000e+00    -1.301189e+01    5.632018e-01    0.000000e+00  
  6   2   1   4.000000e+01    5.000000e-01    0.000000e+00    -2.430563e+01    5.625004e-01    0.000000e+00  
  6   2   2   4.000000e+01    5.000000e-01    0.000000e+00    4.000000e+01    5.000000e-01    0.000000e+00  
  6   2   3   4.000000e+01    5.000000e-01    0.000000e+00    4.000000e+01    5.000000e-01    0.000000e+00  
  6   2   4   4.096532e+01    4.149837e-01    0.000000e+00    -2.129448e+01    5.567001e-01    0.000000e+00  
  6   2   5   4.000000e+01    5.000000e-01    0.000000e+00    4.000000e+01    5.000000e-01    0.000000e+00  
  6   2   6   4.000000e+01    5.000000e-01    0.000000e+00    4.000000e+01    5.000000e-01    0.000000e+00  
  6   2   7   4.000000e+01    5.000000e-01    0.000000e+00    4.000000e+01    5.000000e-01    0.000000e+00  
  6   2   8   4.000000e+01    5.000000e-01    0.000000e+00    4.102211e+02    6.025967e-01    0.000000e+00  
  6   2   9   -1.466727e+01    2.983168e-01    0.000000e+00    -1.263054e+02    5.540533e-01    0.000000e+00  
  6   2  10   6.264454e+00    5.684807e-01    0.000000e+00    4.000000e+01    5.000000e-01    0.000000e+00  
  6   2  11   4.000000e+01    5.000000e-01    0.000000e+00    4.000000e+01    5.000000e-01    0.000000e+00  
  6   2  12   8.098766e-01    5.559961e-01    0.000000e+00    4.000000e+01    5.000000e-01    0.000000e+00  
  6   2  13   4.000000e+01    5.000000e-01    0.000000e+00    4.000000e+01    5.000000e-01    0.000000e+00  
  6   2  14   -1.902463e+01    5.589836e-01    0.000000e+00    4.000000e+01    5.000000e-01    0.000000e+00  
  6   2  15   4.000000e+01    5.000000e-01    0.000000e+00    -3.246497e+01    5.617792e-01    0.000000e+00  
  6   2  16   4.000000e+01    5.000000e-01    0.000000e+00    4.000000e+01    5.000000e-01    0.000000e+00  
  6   2  17   4.197356e+01    4.115687e-01    0.000000e+00    4.000000e+01    5.000000e-01    0.000000e+00  
  6   2  18   4.000000e+01    5.000000e-01    0.000000e+00    1.123984e+01    5.539254e-01    0.000000e+00  
  6   2  19   2.828049e+01    5.317279e-01    0.000000e+00    6.494569e-03    5.633988e-01    0.000000e+00  
  6   2  20   -3.853042e+02    3.681336e-01    0.000000e+00    1.091710e+01    5.425134e-01    0.000000e+00  
  6   2  21   4.000000e+01    5.000000e-01    0.000000e+00    -2.067732e+01    5.589164e-01    0.000000e+00  
  6   2  22   4.000000e+01    5.000000e-01    0.000000e+00    -2.746235e+01    5.543576e-01    0.000000e+00  
  6   2  23   -1.940513e+01    5.612712e-01    0.000000e+00    4.000000e+01    5.000000e-01    0.000000e+00  
  6   2  24   3.994803e+01    5.001707e-01    0.000000e+00    -6.088965e+00    5.523122e-01    0.000000e+00  
  6   2  25   4.000000e+01    5.000000e-01    0.000000e+00    2.084732e+01    5.440850e-01    0.000000e+00  
  6   2  26   4.000000e+01    5.000000e-01    0.000000e+00    -1.969398e+01    5.586298e-01    0.000000e+00  
  6   2  27   4.000000e+01    5.000000e-01    0.000000e+00    4.000000e+01    5.000000e-01    0.000000e+00  
  6   2  28   4.000000e+01    5.000000e-01    0.000000e+00    4.000000e+01    5.000000e-01    0.000000e+00  
  6   2  29   4.000000e+01    5.000000e-01    0.000000e+00    4.000000e+01    5.000000e-01    0.000000e+00  
  6   2  30   4.000000e+01    5.000000e-01    0.000000e+00    7.765414e-01    5.611681e-01    0.000000e+00  
  6   2  31   3.959604e+01    5.016118e-01    0.000000e+00    4.000000e+01    5.000000e-01    0.000000e+00  
  6   2  32   3.805395e+01    5.059985e-01    0.000000e+00    4.000000e+01    5.000000e-01    0.000000e+00  
  6   2  33   4.018442e+01    4.009758e-01    0.000000e+00    -1.907970e+00    5.647174e-01    0.000000e+00  
  6   2  34   6.070657e+01    4.776440e-01    0.000000e+00    -2.596499e+01    5.583177e-01    0.000000e+00  
  6   2  35   -7.997536e+01    5.895008e-01    0.000000e+00    -2.729590e+00    5.628622e-01    0.000000e+00  
  6   2  36   3.426691e+01    5.178113e-01    0.000000e+00    1.875291e+01    5.442134e-01    0.000000e+00  
  6   2  37   4.230775e+01    4.178242e-01    0.000000e+00    4.000000e+01    5.000000e-01    0.000000e+00  
  6   2  38   4.000000e+01    5.000000e-01    0.000000e+00    4.000000e+01    5.000000e-01    0.000000e+00  
  6   2  39   4.000000e+01    5.000000e-01    0.000000e+00    8.960083e+00    5.580251e-01    0.000000e+00  
  6   2  40   4.000000e+01    5.000000e-01    0.000000e+00    1.200122e+01    5.413131e-01    0.000000e+00  
  6   2  41   4.423271e+01    4.501605e-01    0.000000e+00    4.000000e+01    5.000000e-01    0.000000e+00  
  6   2  42   4.000000e+01    5.000000e-01    0.000000e+00    4.000000e+01    5.000000e-01    0.000000e+00  
  6   2  43   4.000000e+01    5.000000e-01    0.000000e+00    4.000000e+01    5.000000e-01    0.000000e+00  
  6   2  44   4.270263e+01    4.262169e-01    0.000000e+00    1.320189e+01    5.536792e-01    0.000000e+00  
  6   2  45   1.270627e+02    2.744780e-01    0.000000e+00    4.890431e+00    5.493802e-01    0.000000e+00  
  6   2  46   -7.760187e+01    5.349205e-01    0.000000e+00    3.288522e+01    5.201063e-01    0.000000e+00  
  6   2  47   4.000000e+01    5.000000e-01    0.000000e+00    -3.378612e+01    5.608446e-01    0.000000e+00  
  6   2  48   4.328804e+01    4.277657e-01    0.000000e+00    4.000000e+01    5.000000e-01    0.000000e+00  
  6   2  49   4.000000e+01    5.000000e-01    0.000000e+00    9.518358e+00    5.574865e-01    0.000000e+00  
  6   2  50   4.000000e+01    5.000000e-01    0.000000e+00    4.000000e+01    5.000000e-01    0.000000e+00  
  6   2  51   3.470613e+01    5.140327e-01    0.000000e+00    8.057572e+00    5.468160e-01    0.000000e+00  
  6   2  52   2.718590e+02    4.697627e-01    0.000000e+00    4.000000e+01    5.000000e-01    0.000000e+00  
  6   2  53   4.000000e+01    5.000000e-01    0.000000e+00    -1.417658e+01    5.589140e-01    0.000000e+00  
  6   2  54   4.000000e+01    5.000000e-01    0.000000e+00    4.000000e+01    5.000000e-01    0.000000e+00  
  6   2  55   4.000000e+01    5.000000e-01    0.000000e+00    4.000000e+01    5.000000e-01    0.000000e+00  
  6   2  56   2.466521e+01    5.369349e-01    0.000000e+00    4.000000e+01    5.000000e-01    0.000000e+00  
  6   2  57   4.000000e+01    5.000000e-01    0.000000e+00    4.000000e+01    5.000000e-01    0.000000e+00  
  6   2  58   4.398190e+01    4.705492e-01    0.000000e+00    5.450344e+00    5.552363e-01    0.000000e+00  
  6   2  59   4.000000e+01    5.000000e-01    0.000000e+00    4.000000e+01    5.000000e-01    0.000000e+00  
  6   2  60   1.747974e+01    5.457700e-01    0.000000e+00    -1.775972e+00    5.515832e-01    0.000000e+00  
  6   2  61   4.000000e+01    5.000000e-01    0.000000e+00    1.179759e+01    5.489678e-01    0.000000e+00  
  6   2  62   2.827654e+01    5.262254e-01    0.000000e+00    1.048833e+01    5.410391e-01    0.000000e+00  
  6   3   1   1.310374e+01    5.440559e-01    0.000000e+00    1.189487e+01    5.547020e-01    0.000000e+00  
  6   3   2   6.932165e+01    4.994406e-01    0.000000e+00    1.442361e+01    5.566839e-01    0.000000e+00  
  6   3   3   -4.131289e+01    5.441279e-01    0.000000e+00    8.718583e+01    5.612424e-01    0.000000e+00  
  6   3   4   -3.583966e+01    5.420806e-01    0.000000e+00    -9.953359e+01    5.707952e-01    0.000000e+00  
  6   3   5   7.827758e+00    5.559555e-01    0.000000e+00    2.734649e+01    5.395658e-01    0.000000e+00  
