  1   1   1   8.819646e+02    8.819646e+02    2.133660e+01    2.133660e+01    -2.070332e-03    2.616629e-03  
  1   1   2   8.563624e+02    8.563624e+02    4.299979e+00    4.299979e+00    1.050691e-02    3.735806e-03  
  1   1   3   8.344957e+02    8.344957e+02    4.611261e+00    4.611261e+00    1.413840e-02    3.611324e-03  
  1   1   4   8.339788e+02    8.339788e+02    6.633579e+00    6.633579e+00    6.888694e-03    5.723357e-03  
  1   1   5   8.340311e+02    8.340311e+02    7.315678e+00    7.315678e+00    2.731770e-02    5.684022e-03  
  1   1   6   8.218528e+02    8.218528e+02    4.958226e+00    4.958226e+00    -1.745928e-02    7.424241e-03  
  1   1   7   6.303999e+01    6.303999e+01    1.414214e+00    1.414214e+00    -2.176314e-02    1.137196e-02  
  1   1   8   7.847420e+02    7.847420e+02    5.622160e+00    5.622160e+00    -2.984953e-03    8.562178e-03  
  1   1   9   7.724378e+02    7.724378e+02    5.057947e+00    5.057947e+00    -1.129512e-03    8.786387e-03  
  1   1  10   7.641428e+02    7.641428e+02    7.830458e+00    7.830458e+00    2.227909e-02    1.182165e-02  
  1   1  11   7.735304e+02    7.735304e+02    3.842126e+00    3.842126e+00    2.066421e-04    7.483111e-03  
  1   1  12   7.593196e+02    7.593196e+02    6.959391e+00    6.959391e+00    -2.078431e-02    1.430608e-02  
  1   1  13   7.606590e+02    7.606590e+02    9.591521e+00    9.591521e+00    2.273804e-02    1.171100e-02  
  1   1  14   7.664841e+02    7.664841e+02    6.744879e+00    6.744879e+00    -5.875540e-02    1.674876e-02  
  1   1  15   7.702725e+02    7.702725e+02    7.717255e+00    7.717255e+00    7.146032e-02    1.527362e-02  
  1   1  16   7.976458e+02    7.976458e+02    1.025007e+01    1.025007e+01    4.369721e-02    1.801772e-02  
  1   1  17   8.105151e+02    8.105151e+02    2.048490e+01    2.048490e+01    -2.275862e-02    1.272178e-02  
  1   1  18   8.328254e+02    8.328254e+02    9.572858e+00    9.572858e+00    3.676578e-02    1.541287e-02  
  1   1  19   8.384232e+02    8.384232e+02    8.878809e-40    8.878809e-40    -6.473873e-02    1.197849e-02  
  1   1  20   9.593533e+02    9.593533e+02    1.041574e+01    1.041574e+01    9.311389e-02    1.506682e-02  
  1   1  21   7.642505e+02    7.642505e+02    1.033687e+01    1.033687e+01    1.546899e-02    1.183836e-02  
  1   1  22   8.523254e+02    8.523254e+02    3.444683e+01    3.444683e+01    -5.914257e-02    2.281582e-02  
  1   1  23   8.386750e+02    8.386750e+02    1.535244e+01    1.535244e+01    -9.940421e-02    1.463206e-02  
  1   2   1   2.038799e+03    2.038799e+03    2.291994e+01    2.291994e+01    1.237785e-03    2.713439e-03  
  1   2   2   2.091850e+03    2.091850e+03    1.742930e+01    1.742930e+01    -8.807069e-03    2.610483e-03  
  1   2   3   2.032829e+03    2.032829e+03    2.116142e+01    2.116142e+01    -7.509778e-03    3.276350e-03  
  1   2   4   2.027133e+03    2.027133e+03    1.642174e+01    1.642174e+01    -5.144392e-03    3.668206e-03  
  1   2   5   9.885838e+02    9.885838e+02    3.357495e+08    3.357495e+08    5.928205e-03    3.681667e-03  
  1   2   6   1.796177e+03    1.796177e+03    1.414214e+00    1.414214e+00    -1.857451e-03    5.906486e-03  
  1   2   7   2.237670e+03    2.237670e+03    1.365012e+03    1.365012e+03    8.433735e-04    4.223935e-03  
  1   2   8   1.986071e+03    1.986071e+03    8.021158e+01    8.021158e+01    -7.732497e-04    6.387965e-03  
  1   2   9   2.513633e+03    2.513633e+03    4.170349e+02    4.170349e+02    1.129412e-02    7.734377e-03  
  1   2  10   1.337500e+03    1.337500e+03    1.752776e+01    1.752776e+01    1.884393e-02    5.745333e-03  
  1   2  11   1.996862e+03    1.996862e+03    2.795241e+01    2.795241e+01    -5.932367e-03    6.914529e-03  
  1   2  12   1.982671e+03    1.982671e+03    1.876566e+01    1.876566e+01    3.365301e-03    5.522599e-03  
  1   2  13   1.809095e+03    1.809095e+03    1.617368e+04    1.617368e+04    7.751196e-03    6.903891e-03  
  1   2  14   1.960988e+03    1.960988e+03    5.205911e+01    5.205911e+01    -5.842217e-03    8.765479e-03  
  1   2  15   2.271253e+03    2.271253e+03    NaN    NaN    -5.454545e-03    9.350498e-03  
  1   2  16   2.156781e+03    2.156781e+03    3.551470e+02    3.551470e+02    1.964365e-02    1.008973e-02  
  1   2  17   1.953412e+03    1.953412e+03    2.123015e+01    2.123015e+01    6.036484e-03    8.426591e-03  
  1   2  18   1.922955e+03    1.922955e+03    1.846115e+01    1.846115e+01    3.026205e-03    1.087841e-02  
  1   2  19   1.995146e+03    1.995146e+03    3.627362e+01    3.627362e+01    1.920833e-02    9.644158e-03  
  1   2  20   1.924001e+03    1.924001e+03    2.638568e+01    2.638568e+01    3.296903e-02    9.286426e-03  
  1   2  21   1.853760e+03    1.853760e+03    1.724920e+01    1.724920e+01    1.962923e-04    1.107963e-02  
  1   2  22   1.941328e+03    1.941328e+03    1.706026e+02    1.706026e+02    -1.081138e-02    1.395397e-02  
  1   2  23   1.995412e+03    1.995412e+03    8.810955e+01    8.810955e+01    9.846469e-03    8.103266e-03  
  1   2  24   1.857166e+03    1.857166e+03    1.826451e+01    1.826451e+01    1.400347e-02    1.041959e-02  
  1   2  25   1.864694e+03    1.864694e+03    1.713915e+01    1.713915e+01    -3.982011e-02    1.012280e-02  
  1   2  26   1.902491e+03    1.902491e+03    1.872654e+01    1.872654e+01    7.920621e-03    1.321439e-02  
  1   2  27   2.035079e+03    2.035079e+03    2.175150e+02    2.175150e+02    -1.741667e-02    1.513941e-02  
  1   2  28   2.008380e+03    2.008380e+03    2.160671e+02    2.160671e+02    3.927126e-03    1.874227e-02  
  1   2  29   1.885833e+03    1.885833e+03    1.353460e+01    1.353460e+01    2.083077e-02    7.654720e-03  
  1   2  30   1.922355e+03    1.922355e+03    1.190046e+01    1.190046e+01    6.495726e-03    8.744930e-03  
  1   2  31   1.922915e+03    1.922915e+03    1.466908e+01    1.466908e+01    2.311499e-02    9.157219e-03  
  1   2  32   1.914056e+03    1.914056e+03    1.234074e+01    1.234074e+01    2.551191e-02    8.468926e-03  
  1   2  33   1.914679e+03    1.914679e+03    1.334597e+01    1.334597e+01    1.927371e-02    1.088503e-02  
  1   2  34   1.958839e+03    1.958839e+03    2.574177e+01    2.574177e+01    2.294768e-02    1.130597e-02  
  1   2  35   1.934651e+03    1.934651e+03    1.238035e+01    1.238035e+01    -4.034869e-03    1.157498e-02  
  1   2  36   1.937983e+03    1.937983e+03    1.374654e+01    1.374654e+01    -1.382778e-04    1.874564e-02  
  1   2  37   1.912122e+03    1.912122e+03    2.112967e+01    2.112967e+01    -1.326260e-04    1.274982e-02  
  1   2  38   2.002028e+03    2.002028e+03    2.468750e+01    2.468750e+01    -6.420168e-02    1.224483e-02  
  1   2  39   1.975344e+03    1.975344e+03    1.720030e+01    1.720030e+01    1.599542e-02    9.992621e-03  
  1   2  40   1.988919e+03    1.988919e+03    2.399131e+01    2.399131e+01    -1.966581e-02    7.218256e-03  
  1   2  41   1.982207e+03    1.982207e+03    1.924622e+01    1.924622e+01    -2.045226e-02    1.093936e-02  
  1   2  42   1.991004e+03    1.991004e+03    2.231495e+01    2.231495e+01    -3.521886e-02    1.877077e-02  
  1   2  43   1.997598e+03    1.997598e+03    2.103158e+01    2.103158e+01    8.634146e-03    1.047997e-02  
  1   2  44   1.957910e+03    1.957910e+03    4.638258e+01    4.638258e+01    -3.238671e-02    8.511403e-03  
  1   2  45   1.992869e+03    1.992869e+03    1.887520e+01    1.887520e+01    -1.190565e-02    1.211041e-02  
  1   2  46   2.019124e+03    2.019124e+03    2.685255e+01    2.685255e+01    1.176965e-02    9.870211e-03  
  1   2  47   2.008042e+03    2.008042e+03    7.922636e+01    7.922636e+01    4.866551e-02    1.389607e-02  
  1   2  48   1.902431e+03    1.902431e+03    3.805168e+01    3.805168e+01    1.195164e-02    1.526013e-02  
  1   2  49   1.958813e+03    1.958813e+03    2.507277e+01    2.507277e+01    -7.532234e-02    1.270805e-02  
  1   2  50   2.090318e+03    2.090318e+03    5.551895e+01    5.551895e+01    -4.799373e-02    1.303961e-02  
  1   2  51   1.949515e+03    1.949515e+03    2.608920e+01    2.608920e+01    -1.819568e-02    1.098134e-02  
  1   2  52   1.956907e+03    1.956907e+03    2.092221e+01    2.092221e+01    -6.163934e-04    9.757510e-03  
  1   2  53   1.947464e+03    1.947464e+03    3.271373e+01    3.271373e+01    -1.530809e-02    1.119492e-02  
  1   2  54   2.027864e+03    2.027864e+03    2.764656e+01    2.764656e+01    -2.791403e-02    1.125067e-02  
  1   2  55   1.920532e+03    1.920532e+03    2.794801e+01    2.794801e+01    3.811966e-02    9.825631e-03  
  1   2  56   2.034498e+03    2.034498e+03    5.847348e+01    5.847348e+01    5.264706e-02    1.207101e-02  
  1   2  57   2.057427e+03    2.057427e+03    3.612904e+01    3.612904e+01    5.479167e-02    1.344981e-02  
  1   2  58   1.988286e+03    1.988286e+03    2.579979e+01    2.579979e+01    -9.986207e-03    1.009812e-02  
  1   2  59   2.042421e+03    2.042421e+03    4.209127e+01    4.209127e+01    1.308271e-02    9.931933e-03  
  1   2  60   2.085311e+03    2.085311e+03    2.659281e+01    2.659281e+01    -3.104072e-02    1.066225e-02  
  1   2  61   2.082423e+03    2.082423e+03    3.116337e+01    3.116337e+01    9.483980e-02    1.568419e-02  
  1   2  62   1.947444e+03    1.947444e+03    3.945214e+01    3.945214e+01    1.504401e-02    1.130156e-02  
  1   3   1   7.697959e+02    7.697959e+02    3.659260e+00    3.659260e+00    -2.703525e-03    1.517676e-02  
  1   3   2   7.707226e+02    7.707226e+02    2.991903e+00    2.991903e+00    8.046534e-03    1.466133e-02  
  1   3   3   7.670263e+02    7.670263e+02    2.754652e+00    2.754652e+00    -3.776768e-03    1.891448e-02  
  1   3   4   8.611599e+02    8.611599e+02    2.353056e+00    2.353056e+00    1.205934e-02    1.410774e-02  
  1   3   5   8.010926e+02    8.010926e+02    4.822505e+00    4.822505e+00    2.148936e-02    1.708646e-02  
  2   1   1   8.288606e+02    8.288606e+02    2.806268e+01    2.806268e+01    1.377410e-03    4.696304e-03  
  2   1   2   8.436608e+02    8.436608e+02    7.968960e+00    7.968960e+00    -6.198198e-03    3.140470e-03  
  2   1   3   8.467911e+02    8.467911e+02    5.056669e+00    5.056669e+00    8.301462e-03    4.215245e-03  
  2   1   4   8.224015e+02    8.224015e+02    7.948199e+00    7.948199e+00    1.465500e-02    6.337817e-03  
  2   1   5   1.203710e+03    1.203710e+03    2.448950e+03    2.448950e+03    3.779614e-03    8.020203e-03  
  2   1   6   8.024749e+02    8.024749e+02    5.503571e+00    5.503571e+00    7.889033e-04    6.910402e-03  
  2   1   7   7.857400e+02    7.857400e+02    4.883056e+00    4.883056e+00    7.011394e-05    9.130040e-03  
  2   1   8   7.645168e+02    7.645168e+02    5.115504e+01    5.115504e+01    -1.453833e-02    7.794263e-03  
  2   1   9   7.481157e+02    7.481157e+02    2.692465e+01    2.692465e+01    -6.768726e-03    1.086275e-02  
  2   1  10   7.683162e+02    7.683162e+02    4.340219e+00    4.340219e+00    1.767442e-03    9.864520e-03  
  2   1  11   8.625312e+02    8.625312e+02    1.679722e-01    1.679722e-01    -1.111111e-02    7.613978e-03  
  2   1  12   7.609925e+02    7.609925e+02    8.856453e+00    8.856453e+00    7.452830e-03    1.019820e-02  
  2   1  13   7.715146e+02    7.715146e+02    3.417961e+00    3.417961e+00    -1.473649e-02    1.354676e-02  
  2   1  14   9.417774e+02    9.417774e+02    1.858329e+01    1.858329e+01    -1.363438e-02    9.820835e-03  
  2   1  15   9.138976e+02    9.138976e+02    1.645301e+01    1.645301e+01    -6.888276e-02    1.159998e-02  
  2   1  16   7.003647e+02    7.003647e+02    8.674512e+01    8.674512e+01    -3.159755e-02    1.314058e-02  
  2   1  17   8.954997e+02    8.954997e+02    5.425753e+01    5.425753e+01    -2.732430e-02    8.338904e-03  
  2   1  18   8.105745e+02    8.105745e+02    2.812392e+01    2.812392e+01    6.167525e-03    1.463411e-02  
  2   1  19   8.404184e+02    8.404184e+02    6.146299e+00    6.146299e+00    -9.107196e-03    1.204652e-02  
  2   1  20   8.381164e+02    8.381164e+02    1.029688e+01    1.029688e+01    8.425059e-02    1.568492e-02  
  2   1  21   8.505866e+02    8.505866e+02    1.036740e+01    1.036740e+01    5.597305e-02    1.285397e-02  
  2   1  22   8.657800e+02    8.657800e+02    1.107960e+01    1.107960e+01    6.454948e-03    2.086185e-02  
  2   1  23   8.277557e+02    8.277557e+02    8.101061e+00    8.101061e+00    -1.653951e-01    2.061025e-02  
  2   2   1   1.975144e+03    1.975144e+03    3.858740e+01    3.858740e+01    3.134021e-03    2.226822e-03  
  2   2   2   2.048152e+03    2.048152e+03    1.373698e+01    1.373698e+01    2.538226e-03    4.268766e-03  
  2   2   3   2.052025e+03    2.052025e+03    1.928844e+01    1.928844e+01    5.275533e-03    3.907223e-03  
  2   2   4   2.060476e+03    2.060476e+03    1.643344e+01    1.643344e+01    6.746091e-03    4.302027e-03  
  2   2   5   2.037596e+03    2.037596e+03    1.345682e+01    1.345682e+01    -2.559415e-04    3.742292e-03  
  2   2   6   2.002207e+03    2.002207e+03    1.949289e+01    1.949289e+01    6.464968e-03    5.403220e-03  
  2   2   7   2.049576e+03    2.049576e+03    1.939633e+01    1.939633e+01    -1.559871e-02    4.264834e-03  
  2   2   8   2.374370e+03    2.374370e+03    7.788640e+02    7.788640e+02    1.108672e-02    1.121630e-02  
  2   2   9   2.089111e+03    2.089111e+03    1.419460e+03    1.419460e+03    8.544153e-03    7.258508e-03  
  2   2  10   1.999883e+03    1.999883e+03    1.925634e+01    1.925634e+01    2.556054e-02    6.938624e-03  
  2   2  11   1.527983e+03    1.527983e+03    9.380155e+04    9.380155e+04    8.130841e-03    8.390643e-03  
  2   2  12   1.998108e+03    1.998108e+03    2.078522e+01    2.078522e+01    5.317726e-03    5.747594e-03  
  2   2  13   1.973834e+03    1.973834e+03    1.987627e+01    1.987627e+01    3.795717e-02    1.029448e-02  
  2   2  14   1.935422e+03    1.935422e+03    1.868094e+01    1.868094e+01    -4.472272e-03    6.038280e-03  
  2   2  15   1.438424e+03    1.438424e+03    NaN    NaN    6.995305e-03    1.046962e-02  
  2   2  16   1.206431e+03    1.206431e+03    2.679635e+03    2.679635e+03    -4.619048e-03    7.943230e-03  
  2   2  17   1.953406e+03    1.953406e+03    2.407982e+01    2.407982e+01    -5.224007e-03    7.731321e-03  
  2   2  18   1.241120e+03    1.241120e+03    NaN    NaN    6.838156e-03    9.946575e-03  
  2   2  19   1.808525e+03    1.808525e+03    1.097006e+02    1.097006e+02    -7.959414e-03    1.261366e-02  
  2   2  20   1.919207e+03    1.919207e+03    2.029107e+01    2.029107e+01    -1.958115e-02    1.261192e-02  
  2   2  21   1.905431e+03    1.905431e+03    1.497388e+01    1.497388e+01    -4.846981e-03    7.006460e-03  
  2   2  22   1.898866e+03    1.898866e+03    1.375773e+01    1.375773e+01    -4.000000e-03    1.150930e-02  
  2   2  23   1.885461e+03    1.885461e+03    1.554863e+01    1.554863e+01    5.030043e-03    9.541322e-03  
  2   2  24   1.852029e+03    1.852029e+03    1.216721e+01    1.216721e+01    1.930978e-02    1.474306e-02  
  2   2  25   1.883495e+03    1.883495e+03    1.920860e+01    1.920860e+01    -2.868313e-02    1.434006e-02  
  2   2  26   1.808392e+03    1.808392e+03    3.159345e+01    3.159345e+01    -1.888052e-02    1.117536e-02  
  2   2  27   1.604680e+03    1.604680e+03    4.578971e+02    4.578971e+02    -3.503504e-03    1.231802e-02  
  2   2  28   1.859038e+03    1.859038e+03    9.930601e+01    9.930601e+01    -6.628895e-03    9.216016e-03  
  2   2  29   1.884955e+03    1.884955e+03    1.342566e+01    1.342566e+01    -3.157895e-03    9.391991e-03  
  2   2  30   1.905897e+03    1.905897e+03    1.319772e+01    1.319772e+01    7.280514e-04    1.066268e-02  
  2   2  31   1.910592e+03    1.910592e+03    2.485473e+01    2.485473e+01    -2.617262e-02    2.042613e-02  
  2   2  32   1.626828e+03    1.626828e+03    3.012344e+02    3.012344e+02    -1.935728e-02    1.235277e-02  
  2   2  33   1.919871e+03    1.919871e+03    2.467812e+01    2.467812e+01    1.123810e-02    7.400576e-03  
  2   2  34   2.284466e+03    2.284466e+03    9.633502e+07    9.633502e+07    1.460674e-02    1.283162e-02  
  2   2  35   1.862945e+03    1.862945e+03    1.138080e+02    1.138080e+02    -1.821366e-02    1.231437e-02  
  2   2  36   1.880628e+03    1.880628e+03    3.095292e+01    3.095292e+01    -1.361940e-02    1.009482e-02  
  2   2  37   1.925810e+03    1.925810e+03    2.412983e+01    2.412983e+01    7.723917e-02    1.212832e-02  
  2   2  38   1.985368e+03    1.985368e+03    2.331428e+01    2.331428e+01    2.554054e-02    1.166689e-02  
  2   2  39   2.046319e+03    2.046319e+03    5.786868e+02    5.786868e+02    1.430178e-02    1.353432e-02  
  2   2  40   1.890515e+03    1.890515e+03    2.393928e+01    2.393928e+01    1.307862e-03    9.620858e-03  
  2   2  41   1.923635e+03    1.923635e+03    6.319394e+01    6.319394e+01    -2.810950e-02    1.396083e-02  
  2   2  42   1.977778e+03    1.977778e+03    6.587584e+01    6.587584e+01    6.095004e-02    1.184401e-02  
  2   2  43   2.018547e+03    2.018547e+03    4.438132e+01    4.438132e+01    9.869376e-04    1.023806e-02  
  2   2  44   2.008518e+03    2.008518e+03    2.290736e+01    2.290736e+01    -1.920434e-02    1.107040e-02  
  2   2  45   2.002226e+03    2.002226e+03    3.851025e+01    3.851025e+01    4.522472e-03    1.195404e-02  
  2   2  46   1.737634e+03    1.737634e+03    3.080613e+02    3.080613e+02    5.119454e-03    1.418677e-02  
  2   2  47   3.224161e+03    3.224161e+03    6.337175e+03    6.337175e+03    -9.467890e-03    1.143359e-02  
  2   2  48   2.049398e+03    2.049398e+03    5.723130e+01    5.723130e+01    -3.260553e-03    1.266384e-02  
  2   2  49   2.076808e+03    2.076808e+03    4.278374e+01    4.278374e+01    -6.995945e-02    1.079533e-02  
  2   2  50   1.951274e+03    1.951274e+03    4.118083e+01    4.118083e+01    -8.292683e-02    1.245004e-02  
  2   2  51   1.914336e+03    1.914336e+03    2.339548e+01    2.339548e+01    -4.958126e-02    1.002169e-02  
  2   2  52   2.865492e+03    2.865492e+03    5.399746e+01    5.399746e+01    6.453546e-03    1.276771e-02  
  2   2  53   1.920048e+03    1.920048e+03    3.259774e+01    3.259774e+01    -3.876923e-03    9.280413e-03  
  2   2  54   1.235970e+03    1.235970e+03    1.414214e+00    1.414214e+00    -1.678682e-02    2.602685e-02  
  2   2  55   2.061988e+03    2.061988e+03    3.784736e+02    3.784736e+02    1.291705e-02    1.600603e-02  
  2   2  56   2.000656e+03    2.000656e+03    1.247879e+02    1.247879e+02    3.604629e-02    1.647648e-02  
  2   2  57   2.036014e+03    2.036014e+03    2.984001e+01    2.984001e+01    4.502470e-03    8.307715e-03  
  2   2  58   1.963497e+03    1.963497e+03    2.516966e+01    2.516966e+01    -6.445498e-03    1.056090e-02  
  2   2  59   1.980454e+03    1.980454e+03    1.927936e+01    1.927936e+01    5.241017e-03    1.532450e-02  
  2   2  60   8.296126e+02    8.296126e+02    1.024210e+02    1.024210e+02    -2.341536e-03    1.671383e-02  
  2   2  61   2.029161e+03    2.029161e+03    3.442234e+01    3.442234e+01    -2.478438e-02    2.075241e-02  
  2   2  62   2.077689e+03    2.077689e+03    2.419094e+01    2.419094e+01    8.632479e-03    8.713843e-03  
  2   3   1   7.801133e+02    7.801133e+02    3.762640e+00    3.762640e+00    8.907988e-03    1.148823e-02  
  2   3   2   7.948685e+02    7.948685e+02    3.298652e+01    3.298652e+01    -7.572816e-03    1.317461e-02  
  2   3   3   7.733299e+02    7.733299e+02    3.081905e+00    3.081905e+00    -3.094122e-02    2.260084e-02  
  2   3   4   8.351399e+02    8.351399e+02    3.183354e-04    3.183354e-04    7.804453e-02    1.787901e-02  
  2   3   5   7.891555e+02    7.891555e+02    4.267523e+00    4.267523e+00    -7.106227e-03    2.600279e-02  
  3   1   1   8.284744e+02    8.284744e+02    5.470489e+00    5.470489e+00    5.091071e-03    3.393392e-03  
  3   1   2   8.538624e+02    8.538624e+02    6.475111e+00    6.475111e+00    4.900662e-03    4.278267e-03  
  3   1   3   8.491643e+02    8.491643e+02    5.235790e+00    5.235790e+00    -2.306508e-02    7.485478e-03  
  3   1   4   8.027062e+02    8.027062e+02    1.983908e+01    1.983908e+01    1.084871e-02    4.929302e-03  
  3   1   5   8.220368e+02    8.220368e+02    5.613484e+00    5.613484e+00    2.269314e-02    7.170895e-03  
  3   1   6   8.653896e+02    8.653896e+02    4.382983e+01    4.382983e+01    2.889688e-02    1.700353e-02  
  3   1   7   7.914048e+02    7.914048e+02    7.879444e+00    7.879444e+00    2.116545e-02    9.825111e-03  
  3   1   8   7.824462e+02    7.824462e+02    8.181563e+00    8.181563e+00    -2.075676e-02    9.485227e-03  
  3   1   9   7.746967e+02    7.746967e+02    5.124781e+00    5.124781e+00    1.701518e-02    1.003928e-02  
  3   1  10   -3.273775e+02    -3.273775e+02    1.414214e+00    1.414214e+00    4.920766e-02    1.296973e-02  
  3   1  11   7.687746e+02    7.687746e+02    6.687510e+00    6.687510e+00    5.664528e-03    1.194770e-02  
  3   1  12   7.650742e+02    7.650742e+02    3.367650e+00    3.367650e+00    2.215118e-02    1.190033e-02  
  3   1  13   7.707018e+02    7.707018e+02    3.569631e+00    3.569631e+00    -5.816857e-02    1.495958e-02  
  3   1  14   1.090248e+03    1.090248e+03    2.557472e+01    2.557472e+01    7.346371e-02    9.709438e-03  
  3   1  15   7.904831e+02    7.904831e+02    9.548151e+00    9.548151e+00    -1.133087e-02    1.557562e-02  
  3   1  16   8.032770e+02    8.032770e+02    4.518234e+00    4.518234e+00    1.593553e-02    1.306079e-02  
  3   1  17   8.078100e+02    8.078100e+02    6.845577e+00    6.845577e+00    9.291306e-02    1.491791e-02  
  3   1  18   8.127085e+02    8.127085e+02    1.055736e+01    1.055736e+01    6.662622e-02    1.010950e-02  
  3   1  19   8.455791e+02    8.455791e+02    1.223383e+01    1.223383e+01    -1.922679e-01    1.359882e-02  
  3   1  20   8.348226e+02    8.348226e+02    1.586736e+01    1.586736e+01    8.313253e-03    1.566122e-02  
  3   1  21   8.119650e+02    8.119650e+02    1.031103e+01    1.031103e+01    1.800948e-02    1.875752e-02  
  3   1  22   8.301294e+02    8.301294e+02    2.311700e+01    2.311700e+01    7.867903e-02    2.446854e-02  
  3   1  23   8.796645e+02    8.796645e+02    1.048517e+01    1.048517e+01    -4.787589e-02    2.243831e-02  
  3   2   1   2.076313e+03    2.076313e+03    1.720914e+01    1.720914e+01    5.635359e-03    2.590939e-03  
  3   2   2   2.087772e+03    2.087772e+03    3.053368e+01    3.053368e+01    9.050505e-03    2.760764e-03  
  3   2   3   1.930117e+03    1.930117e+03    6.722460e+01    6.722460e+01    6.656051e-03    2.648541e-03  
  3   2   4   2.069041e+03    2.069041e+03    2.125772e+01    2.125772e+01    6.894587e-03    4.438183e-03  
  3   2   5   2.005577e+03    2.005577e+03    1.332343e+01    1.332343e+01    -2.047719e-02    7.651377e-03  
  3   2   6   2.051515e+03    2.051515e+03    1.214826e+01    1.214826e+01    -2.791762e-03    5.148605e-03  
  3   2   7   2.059145e+03    2.059145e+03    3.933515e+01    3.933515e+01    -1.520417e-02    4.280917e-03  
  3   2   8   1.903726e+03    1.903726e+03    3.385437e+01    3.385437e+01    2.544191e-02    6.305389e-03  
  3   2   9   1.837517e+03    1.837517e+03    7.621695e+00    7.621695e+00    -2.055623e-03    9.030870e-03  
  3   2  10   2.162500e+03    2.162500e+03    2.876783e+01    2.876783e+01    -1.199223e-02    6.537521e-03  
  3   2  11   1.987475e+03    1.987475e+03    1.766710e+01    1.766710e+01    6.000000e-03    5.805811e-03  
  3   2  12   1.978429e+03    1.978429e+03    1.476997e+01    1.476997e+01    3.767123e-03    9.019398e-03  
  3   2  13   1.938363e+03    1.938363e+03    4.493211e+01    4.493211e+01    -5.248869e-03    9.935051e-03  
  3   2  14   1.862509e+03    1.862509e+03    7.882965e+01    7.882965e+01    1.627426e-02    9.457729e-03  
  3   2  15   1.970400e+03    1.970400e+03    2.094131e+01    2.094131e+01    2.744324e-03    8.308181e-03  
  3   2  16   1.966076e+03    1.966076e+03    2.156716e+01    2.156716e+01    3.533981e-03    1.101823e-02  
  3   2  17   1.940926e+03    1.940926e+03    2.644947e+01    2.644947e+01    3.877159e-03    8.673680e-03  
  3   2  18   1.780021e+03    1.780021e+03    1.248285e+02    1.248285e+02    -1.287671e-02    1.015337e-02  
  3   2  19   1.927672e+03    1.927672e+03    1.658853e+01    1.658853e+01    6.265487e-03    9.567086e-03  
  3   2  20   1.909239e+03    1.909239e+03    7.463386e+01    7.463386e+01    1.572770e-02    9.070817e-03  
  3   2  21   1.860901e+03    1.860901e+03    2.121732e+01    2.121732e+01    1.366548e-02    7.428185e-03  
  3   2  22   1.878812e+03    1.878812e+03    2.010474e+01    2.010474e+01    -1.384083e-02    8.496868e-03  
  3   2  23   1.873835e+03    1.873835e+03    1.286524e+02    1.286524e+02    -1.157895e-02    1.377206e-02  
  3   2  24   1.557523e+03    1.557523e+03    1.477136e+03    1.477136e+03    -1.034642e-02    1.177950e-02  
  3   2  25   1.875135e+03    1.875135e+03    1.292554e+01    1.292554e+01    1.240547e-02    9.750994e-03  
  3   2  26   1.925446e+03    1.925446e+03    2.179082e+01    2.179082e+01    -4.123049e-02    1.438017e-02  
  3   2  27   1.900427e+03    1.900427e+03    1.610591e+01    1.610591e+01    -5.967655e-02    1.056585e-02  
  3   2  28   1.896261e+03    1.896261e+03    1.167325e+01    1.167325e+01    -2.320466e-02    9.018540e-03  
  3   2  29   1.963070e+03    1.963070e+03    5.289164e+02    5.289164e+02    -2.440040e-02    1.135749e-02  
  3   2  30   1.907737e+03    1.907737e+03    1.617726e+01    1.617726e+01    -8.759244e-03    7.664796e-03  
  3   2  31   1.828045e+03    1.828045e+03    5.539556e+01    5.539556e+01    5.829146e-04    1.097409e-02  
  3   2  32   1.933191e+03    1.933191e+03    1.077314e+01    1.077314e+01    -2.387775e-03    1.120503e-02  
  3   2  33   1.885278e+03    1.885278e+03    2.766186e+01    2.766186e+01    9.609121e-03    8.662614e-03  
  3   2  34   1.927188e+03    1.927188e+03    4.063084e+01    4.063084e+01    -4.634146e-02    1.031201e-02  
  3   2  35   1.919809e+03    1.919809e+03    2.431139e+01    2.431139e+01    -4.932039e-02    1.235438e-02  
  3   2  36   1.969086e+03    1.969086e+03    2.181762e+01    2.181762e+01    2.137600e-02    1.077842e-02  
  3   2  37   1.942174e+03    1.942174e+03    1.725721e+01    1.725721e+01    -1.452949e-02    9.214372e-03  
  3   2  38   1.943778e+03    1.943778e+03    3.810734e+01    3.810734e+01    -7.787803e-02    1.428716e-02  
  3   2  39   1.964412e+03    1.964412e+03    1.957798e+01    1.957798e+01    -5.342167e-02    9.621203e-03  
  3   2  40   2.183556e+03    2.183556e+03    8.230530e+02    8.230530e+02    -2.519056e-02    1.389264e-02  
  3   2  41   2.005449e+03    2.005449e+03    1.131711e+02    1.131711e+02    -3.776997e-02    1.113470e-02  
  3   2  42   2.014768e+03    2.014768e+03    3.312799e+01    3.312799e+01    -8.371055e-02    1.450566e-02  
  3   2  43   1.989889e+03    1.989889e+03    1.988221e+01    1.988221e+01    6.879300e-04    7.422947e-03  
  3   2  44   2.001894e+03    2.001894e+03    2.271185e+01    2.271185e+01    -5.200529e-02    8.479053e-03  
  3   2  45   1.979869e+03    1.979869e+03    2.844758e+01    2.844758e+01    -2.305658e-02    1.144313e-02  
  3   2  46   2.132579e+03    2.132579e+03    5.752695e+01    5.752695e+01    2.739521e-02    9.765446e-03  
  3   2  47   2.030616e+03    2.030616e+03    3.060848e+01    3.060848e+01    1.700508e-02    8.476698e-03  
  3   2  48   1.912046e+03    1.912046e+03    5.952199e+01    5.952199e+01    1.617724e-02    1.153895e-02  
  3   2  49   2.137500e+03    2.137500e+03    1.294872e+01    1.294872e+01    2.244742e-02    1.339136e-02  
  3   2  50   2.008473e+03    2.008473e+03    1.895735e+01    1.895735e+01    1.727019e-03    8.811767e-03  
  3   2  51   1.982340e+03    1.982340e+03    3.491630e+01    3.491630e+01    2.992101e-02    8.442558e-03  
  3   2  52   2.080482e+03    2.080482e+03    2.056745e+02    2.056745e+02    -3.795620e-02    1.277459e-02  
  3   2  53   2.066405e+03    2.066405e+03    2.815256e+01    2.815256e+01    2.042715e-02    9.869660e-03  
  3   2  54   2.013294e+03    2.013294e+03    2.903910e+01    2.903910e+01    -6.157965e-03    1.351558e-02  
  3   2  55   2.626047e+03    2.626047e+03    2.275327e+02    2.275327e+02    -8.451001e-03    1.507715e-02  
  3   2  56   2.252265e+03    2.252265e+03    5.112309e+01    5.112309e+01    -1.375000e-03    1.478875e-02  
  3   2  57   1.149191e+03    1.149191e+03    6.907514e+02    6.907514e+02    -6.006904e-03    1.988529e-02  
  3   2  58   2.021393e+03    2.021393e+03    3.060789e+01    3.060789e+01    -3.333333e-03    1.011921e-02  
  3   2  59   2.055961e+03    2.055961e+03    3.586812e+01    3.586812e+01    -6.243449e-02    1.720367e-02  
  3   2  60   2.024325e+03    2.024325e+03    4.685260e+01    4.685260e+01    -8.887160e-03    1.201960e-02  
  3   2  61   2.055822e+03    2.055822e+03    2.879279e+01    2.879279e+01    -3.414634e-03    1.333205e-02  
  3   2  62   2.018698e+03    2.018698e+03    2.410390e+01    2.410390e+01    -2.804348e-02    1.033350e-02  
  3   3   1   7.828623e+02    7.828623e+02    5.005779e+00    5.005779e+00    5.657412e-03    1.047807e-02  
  3   3   2   7.712381e+02    7.712381e+02    2.834170e+00    2.834170e+00    6.765376e-02    2.141380e-02  
  3   3   3   8.825372e+02    8.825372e+02    1.676048e+02    1.676048e+02    4.172632e-02    1.653470e-02  
  3   3   4   7.824915e+02    7.824915e+02    3.471885e+00    3.471885e+00    5.742380e-03    2.219235e-02  
  3   3   5   8.375816e+02    8.375816e+02    1.151447e+00    1.151447e+00    -1.719448e-01    1.743366e-02  
  4   1   1   8.372118e+02    8.372118e+02    1.134735e+01    1.134735e+01    -2.140309e-04    3.693269e-03  
  4   1   2   8.282281e+02    8.282281e+02    9.595722e+00    9.595722e+00    8.662722e-03    5.245472e-03  
  4   1   3   8.393413e+02    8.393413e+02    8.503858e+00    8.503858e+00    -4.690782e-03    5.058582e-03  
  4   1   4   8.266322e+02    8.266322e+02    5.001066e+00    5.001066e+00    -2.570705e-02    5.815068e-03  
  4   1   5   8.008318e+02    8.008318e+02    7.085756e+00    7.085756e+00    -1.239389e-02    7.007194e-03  
  4   1   6   8.670520e+02    8.670520e+02    4.225726e+01    4.225726e+01    -1.324020e-02    7.147046e-03  
  4   1   7   7.907678e+02    7.907678e+02    1.452720e+01    1.452720e+01    4.015009e-03    8.070250e-03  
  4   1   8   8.755978e+02    8.755978e+02    1.192097e+02    1.192097e+02    1.813268e-02    7.502078e-03  
  4   1   9   3.254727e+02    3.254727e+02    6.632156e+01    6.632156e+01    1.290323e-03    1.038423e-02  
  4   1  10   7.534284e+02    7.534284e+02    4.999672e+00    4.999672e+00    1.223720e-02    1.161731e-02  
  4   1  11   7.453120e+02    7.453120e+02    5.108091e+00    5.108091e+00    -2.190171e-02    9.448847e-03  
  4   1  12   7.751730e+02    7.751730e+02    4.021427e+00    4.021427e+00    -1.373434e-02    1.044806e-02  
  4   1  13   7.723499e+02    7.723499e+02    3.998724e+00    3.998724e+00    3.906939e-03    1.129376e-02  
  4   1  14   7.714418e+02    7.714418e+02    4.960705e+00    4.960705e+00    1.655775e-02    1.372216e-02  
  4   1  15   7.777932e+02    7.777932e+02    7.490043e+00    7.490043e+00    -3.218060e-02    1.430729e-02  
  4   1  16   7.944890e+02    7.944890e+02    4.112975e+00    4.112975e+00    -7.057536e-02    9.795925e-03  
  4   1  17   8.098454e+02    8.098454e+02    5.076960e+00    5.076960e+00    2.220849e-02    1.357495e-02  
  4   1  18   8.140106e+02    8.140106e+02    6.868755e+00    6.868755e+00    3.012214e-02    1.066795e-02  
  4   1  19   8.428844e+02    8.428844e+02    9.030941e+00    9.030941e+00    -1.308751e-01    1.676149e-02  
  4   1  20   8.660608e+02    8.660608e+02    1.068835e+01    1.068835e+01    1.225413e-01    2.004921e-02  
  4   1  21   8.614730e+02    8.614730e+02    1.485464e+01    1.485464e+01    -9.398974e-02    1.609038e-02  
  4   1  22   8.225414e+02    8.225414e+02    1.053279e+01    1.053279e+01    1.188407e-01    1.790248e-02  
  4   1  23   8.492383e+02    8.492383e+02    1.181481e+01    1.181481e+01    2.618149e-02    1.583985e-02  
  4   2   1   2.080981e+03    2.080981e+03    1.883341e+01    1.883341e+01    8.988764e-04    2.782908e-03  
  4   2   2   2.123349e+03    2.123349e+03    1.285078e+01    1.285078e+01    3.475259e-03    3.380633e-03  
  4   2   3   2.043221e+03    2.043221e+03    3.707675e+01    3.707675e+01    6.184211e-03    3.347510e-03  
  4   2   4   2.044217e+03    2.044217e+03    1.721540e+01    1.721540e+01    8.824834e-03    3.038987e-03  
  4   2   5   2.367021e+03    2.367021e+03    1.628107e+03    1.628107e+03    6.185567e-04    6.015571e-03  
  4   2   6   2.014245e+03    2.014245e+03    1.769148e+01    1.769148e+01    1.463217e-02    7.228762e-03  
  4   2   7   1.975737e+03    1.975737e+03    1.370477e+01    1.370477e+01    -5.011355e-03    4.747950e-03  
  4   2   8   2.002659e+03    2.002659e+03    1.999983e+01    1.999983e+01    3.545151e-03    5.176292e-03  
  4   2   9   2.133242e+03    2.133242e+03    5.135361e+01    5.135361e+01    2.745098e-03    6.863552e-03  
  4   2  10   2.170488e+03    2.170488e+03    4.056265e+02    4.056265e+02    2.859813e-02    7.231691e-03  
  4   2  11   1.768068e+03    1.768068e+03    6.092645e+03    6.092645e+03    -2.068376e-02    1.246256e-02  
  4   2  12   1.961162e+03    1.961162e+03    3.338292e+01    3.338292e+01    2.480565e-02    8.958981e-03  
  4   2  13   2.031099e+03    2.031099e+03    2.264244e+01    2.264244e+01    7.391304e-03    7.351145e-03  
  4   2  14   2.270082e+03    2.270082e+03    2.481111e+02    2.481111e+02    -4.068096e-02    1.035112e-02  
  4   2  15   3.089207e+03    3.089207e+03    8.089599e+01    8.089599e+01    -1.201024e-02    1.602862e-02  
  4   2  16   2.374620e+03    2.374620e+03    NaN    NaN    -1.189041e-02    7.511775e-03  
  4   2  17   1.936708e+03    1.936708e+03    1.949017e+01    1.949017e+01    6.841121e-03    7.931009e-03  
  4   2  18   1.972899e+03    1.972899e+03    6.119499e+01    6.119499e+01    -4.430440e-02    1.124578e-02  
  4   2  19   1.939775e+03    1.939775e+03    2.235396e+01    2.235396e+01    8.450106e-03    8.823109e-03  
  4   2  20   1.999944e+03    1.999944e+03    2.094940e+01    2.094940e+01    -5.539906e-02    1.182998e-02  
  4   2  21   1.922775e+03    1.922775e+03    1.175661e+02    1.175661e+02    -3.830911e-03    9.128975e-03  
  4   2  22   1.910958e+03    1.910958e+03    1.645013e+01    1.645013e+01    8.550323e-03    1.439300e-02  
  4   2  23   1.880703e+03    1.880703e+03    1.619888e+01    1.619888e+01    1.250444e-02    9.091763e-03  
  4   2  24   1.912455e+03    1.912455e+03    1.522409e+01    1.522409e+01    1.178475e-02    1.218512e-02  
  4   2  25   1.837894e+03    1.837894e+03    1.086723e+01    1.086723e+01    -2.771784e-02    7.215947e-03  
  4   2  26   1.891855e+03    1.891855e+03    1.374183e+01    1.374183e+01    4.768324e-03    8.384491e-03  
  4   2  27   1.868291e+03    1.868291e+03    1.611854e+01    1.611854e+01    -2.454148e-02    8.076497e-03  
  4   2  28   1.888482e+03    1.888482e+03    4.208947e+01    4.208947e+01    -1.234043e-03    1.081810e-02  
  4   2  29   1.899852e+03    1.899852e+03    1.173876e+01    1.173876e+01    1.573171e-02    7.904414e-03  
  4   2  30   1.998056e+03    1.998056e+03    8.681586e+01    8.681586e+01    7.558528e-03    1.867298e-02  
  4   2  31   1.889271e+03    1.889271e+03    3.339220e+01    3.339220e+01    1.592079e-02    9.319415e-03  
  4   2  32   1.837500e+03    1.837500e+03    2.899050e+03    2.899050e+03    -3.823834e-02    1.508044e-02  
  4   2  33   1.927428e+03    1.927428e+03    1.082135e+01    1.082135e+01    1.721664e-02    1.725175e-02  
  4   2  34   1.895092e+03    1.895092e+03    3.017521e+01    3.017521e+01    -2.757073e-02    1.156008e-02  
  4   2  35   1.976126e+03    1.976126e+03    1.435407e+01    1.435407e+01    -9.308005e-03    9.174729e-03  
  4   2  36   1.951724e+03    1.951724e+03    1.263357e+01    1.263357e+01    9.149233e-03    1.092195e-02  
  4   2  37   1.974337e+03    1.974337e+03    1.589577e+01    1.589577e+01    1.207522e-02    8.512472e-03  
  4   2  38   1.973320e+03    1.973320e+03    3.428417e+01    3.428417e+01    3.150828e-02    8.788377e-03  
  4   2  39   1.874285e+03    1.874285e+03    6.616899e+01    6.616899e+01    1.573077e-02    1.140910e-02  
  4   2  40   1.989809e+03    1.989809e+03    4.651903e+01    4.651903e+01    4.582975e-02    1.021956e-02  
  4   2  41   2.024319e+03    2.024319e+03    4.619563e+01    4.619563e+01    3.358140e-02    1.736492e-02  
  4   2  42   1.977500e+03    1.977500e+03    2.825828e+01    2.825828e+01    -7.500000e-03    1.015078e-02  
  4   2  43   1.864655e+03    1.864655e+03    4.764160e+01    4.764160e+01    -5.628180e-02    1.724337e-02  
  4   2  44   2.050035e+03    2.050035e+03    3.775698e+01    3.775698e+01    -1.527949e-01    1.494204e-02  
  4   2  45   2.100409e+03    2.100409e+03    3.507331e+01    3.507331e+01    -4.215645e-02    1.431602e-02  
  4   2  46   1.960476e+03    1.960476e+03    3.441164e+01    3.441164e+01    8.619621e-02    1.131520e-02  
  4   2  47   2.149337e+03    2.149337e+03    2.407635e+02    2.407635e+02    9.719677e-02    1.840003e-02  
  4   2  48   1.960711e+03    1.960711e+03    2.892990e+01    2.892990e+01    -1.723252e-02    9.718299e-03  
  4   2  49   1.697374e+03    1.697374e+03    3.234440e+01    3.234440e+01    7.276736e-04    2.071083e-02  
  4   2  50   1.906358e+03    1.906358e+03    1.759713e+01    1.759713e+01    -5.777038e-02    1.183530e-02  
  4   2  51   1.960704e+03    1.960704e+03    3.483629e+01    3.483629e+01    3.921147e-02    8.522296e-03  
  4   2  52   1.946243e+03    1.946243e+03    3.360216e+01    3.360216e+01    4.188034e-02    9.168324e-03  
  4   2  53   2.010597e+03    2.010597e+03    3.626631e+01    3.626631e+01    -3.781513e-03    1.026715e-02  
  4   2  54   1.912776e+03    1.912776e+03    3.558768e+01    3.558768e+01    -4.215154e-02    1.378507e-02  
  4   2  55   2.121239e+03    2.121239e+03    3.262446e+01    3.262446e+01    -6.066116e-02    1.895211e-02  
  4   2  56   1.949929e+03    1.949929e+03    4.806272e+01    4.806272e+01    -7.967136e-02    1.001328e-02  
  4   2  57   1.569062e+03    1.569062e+03    2.214051e+02    2.214051e+02    9.734940e-03    1.798490e-02  
  4   2  58   2.038811e+03    2.038811e+03    3.665320e+01    3.665320e+01    -3.255814e-03    1.170124e-02  
  4   2  59   2.001766e+03    2.001766e+03    2.314399e+01    2.314399e+01    1.079967e-02    1.045445e-02  
  4   2  60   2.025861e+03    2.025861e+03    2.872849e+01    2.872849e+01    -3.022654e-02    1.118729e-02  
  4   2  61   2.013528e+03    2.013528e+03    2.663699e+01    2.663699e+01    -7.824427e-02    1.139056e-02  
  4   2  62   2.053001e+03    2.053001e+03    2.124128e+01    2.124128e+01    -6.081106e-02    1.483415e-02  
  4   3   1   7.754873e+02    7.754873e+02    3.570202e+00    3.570202e+00    -3.025527e-02    1.609310e-02  
  4   3   2   7.654973e+02    7.654973e+02    2.736189e+00    2.736189e+00    2.391837e-02    1.455503e-02  
  4   3   3   7.669364e+02    7.669364e+02    2.452826e+00    2.452826e+00    2.220261e-02    1.644348e-02  
  4   3   4   7.786497e+02    7.786497e+02    3.464380e+00    3.464380e+00    1.011628e-02    2.179774e-02  
  4   3   5   7.972638e+02    7.972638e+02    4.745931e+00    4.745931e+00    4.216678e-02    1.916128e-02  
  5   1   1   8.550244e+02    8.550244e+02    4.328086e+00    4.328086e+00    1.819686e-04    2.792501e-03  
  5   1   2   8.553469e+02    8.553469e+02    5.404073e+00    5.404073e+00    3.687805e-03    4.129372e-03  
  5   1   3   8.415124e+02    8.415124e+02    5.478428e+00    5.478428e+00    5.021186e-03    5.084442e-03  
  5   1   4   8.379400e+02    8.379400e+02    5.146268e+00    5.146268e+00    -2.309689e-02    5.281017e-03  
  5   1   5   8.246410e+02    8.246410e+02    9.101834e+00    9.101834e+00    -4.278817e-02    7.894669e-03  
  5   1   6   8.125188e+02    8.125188e+02    5.354828e+00    5.354828e+00    2.149300e-02    5.374060e-03  
  5   1   7   7.893164e+02    7.893164e+02    5.831512e+00    5.831512e+00    -4.076793e-03    1.355103e-02  
  5   1   8   7.741293e+02    7.741293e+02    4.627565e+00    4.627565e+00    -9.122807e-03    1.036803e-02  
  5   1   9   5.985473e+02    5.985473e+02    6.214041e+00    6.214041e+00    -8.595953e-03    1.629189e-02  
  5   1  10   7.592145e+02    7.592145e+02    5.709888e+00    5.709888e+00    7.359629e-02    1.018254e-02  
  5   1  11   7.580631e+02    7.580631e+02    3.725201e+00    3.725201e+00    -6.640625e-04    1.175227e-02  
  5   1  12   7.679710e+02    7.679710e+02    6.506432e+00    6.506432e+00    2.890344e-02    1.309822e-02  
  5   1  13   7.574391e+02    7.574391e+02    1.183842e+01    1.183842e+01    -2.986951e-02    1.302024e-02  
  5   1  14   7.750075e+02    7.750075e+02    3.022328e+00    3.022328e+00    -2.110014e-02    1.398875e-02  
  5   1  15   7.925377e+02    7.925377e+02    6.548244e+00    6.548244e+00    -9.428298e-02    1.905114e-02  
  5   1  16   7.650353e+02    7.650353e+02    1.552786e+01    1.552786e+01    1.007264e-02    1.172024e-02  
  5   1  17   8.054085e+02    8.054085e+02    2.680533e+01    2.680533e+01    -1.612431e-02    2.103492e-02  
  5   1  18   8.231273e+02    8.231273e+02    6.732718e+00    6.732718e+00    -8.815526e-02    1.327625e-02  
  5   1  19   8.473693e+02    8.473693e+02    1.451625e+01    1.451625e+01    -6.572722e-02    1.400253e-02  
  5   1  20   8.731817e+02    8.731817e+02    8.963678e+00    8.963678e+00    -1.306799e-01    2.995120e-02  
  5   1  21   8.325633e+02    8.325633e+02    7.000157e+00    7.000157e+00    -7.765175e-02    1.210395e-02  
  5   1  22   8.000386e+02    8.000386e+02    2.871488e+01    2.871488e+01    1.041438e-01    1.746020e-02  
  5   1  23   8.382045e+02    8.382045e+02    2.546865e+01    2.546865e+01    -3.471173e-02    1.843506e-02  
  5   2   1   -5.100913e+02    -5.100913e+02    4.541208e+02    4.541208e+02    -4.615385e-03    2.613470e-03  
  5   2   2   2.090451e+03    2.090451e+03    2.780130e+01    2.780130e+01    2.668501e-03    8.791948e-03  
  5   2   3   1.290884e+03    1.290884e+03    4.124050e+07    4.124050e+07    -3.160271e-04    5.780995e-03  
  5   2   4   2.001108e+03    2.001108e+03    1.157340e+02    1.157340e+02    -5.214286e-03    7.916996e-03  
  5   2   5   2.052488e+03    2.052488e+03    1.874163e+01    1.874163e+01    -9.967427e-03    4.823841e-03  
  5   2   6   1.160959e+03    1.160959e+03    1.414214e+00    1.414214e+00    -1.348315e-03    6.783356e-03  
  5   2   7   2.027357e+03    2.027357e+03    1.722128e+02    1.722128e+02    -1.333333e-03    8.352035e-03  
  5   2   8   2.000359e+03    2.000359e+03    6.470135e+01    6.470135e+01    1.092437e-02    8.333518e-03  
  5   2   9   2.017498e+03    2.017498e+03    1.766995e+01    1.766995e+01    -2.011561e-03    5.854990e-03  
  5   2  10   1.998261e+03    1.998261e+03    1.248091e+01    1.248091e+01    3.338633e-03    7.515319e-03  
  5   2  11   2.462252e+03    2.462252e+03    9.879260e+02    9.879260e+02    -1.283677e-02    1.011837e-02  
  5   2  12   1.952308e+03    1.952308e+03    2.343517e+01    2.343517e+01    1.875339e-02    1.322516e-02  
  5   2  13   1.971582e+03    1.971582e+03    1.953922e+01    1.953922e+01    -1.198405e-02    8.063979e-03  
  5   2  14   2.043459e+03    2.043459e+03    2.657252e+01    2.657252e+01    3.555862e-02    1.025302e-02  
  5   2  15   1.107099e+03    1.107099e+03    7.962541e+03    7.962541e+03    -1.302181e-02    1.159399e-02  
  5   2  16   1.996801e+03    1.996801e+03    3.086909e+01    3.086909e+01    -3.583333e-02    1.253332e-02  
  5   2  17   1.972190e+03    1.972190e+03    3.096791e+01    3.096791e+01    -2.829157e-02    1.051716e-02  
  5   2  18   2.108690e+03    2.108690e+03    3.739454e+02    3.739454e+02    2.145897e-02    1.070237e-02  
  5   2  19   1.991731e+03    1.991731e+03    2.137896e+01    2.137896e+01    -1.212030e-02    1.219094e-02  
  5   2  20   2.037432e+03    2.037432e+03    2.500696e+02    2.500696e+02    -2.091038e-02    1.107501e-02  
  5   2  21   1.851095e+03    1.851095e+03    2.476416e+01    2.476416e+01    2.171717e-02    9.767591e-03  
  5   2  22   1.898937e+03    1.898937e+03    1.325005e+01    1.325005e+01    1.701493e-02    9.969031e-03  
  5   2  23   1.912500e+03    1.912500e+03    5.640838e+01    5.640838e+01    3.295000e-02    1.883174e-02  
  5   2  24   1.872595e+03    1.872595e+03    1.261514e+01    1.261514e+01    1.590209e-02    9.055814e-03  
  5   2  25   1.893890e+03    1.893890e+03    2.352506e+01    2.352506e+01    -2.400943e-02    1.166385e-02  
  5   2  26   1.903462e+03    1.903462e+03    1.445838e+01    1.445838e+01    -4.870406e-02    9.849154e-03  
  5   2  27   1.876318e+03    1.876318e+03    1.347844e+01    1.347844e+01    2.595897e-02    1.190270e-02  
  5   2  28   1.914529e+03    1.914529e+03    1.749733e+02    1.749733e+02    -1.444052e-02    1.482669e-02  
  5   2  29   1.883652e+03    1.883652e+03    1.588503e+01    1.588503e+01    -1.572519e-02    1.253511e-02  
  5   2  30   1.911318e+03    1.911318e+03    1.201205e+01    1.201205e+01    -1.373643e-02    9.836373e-03  
  5   2  31   1.903459e+03    1.903459e+03    1.291375e+01    1.291375e+01    -2.688963e-02    1.196132e-02  
  5   2  32   1.930337e+03    1.930337e+03    1.362939e+01    1.362939e+01    1.068404e-02    9.474489e-03  
  5   2  33   1.912938e+03    1.912938e+03    1.336297e+01    1.336297e+01    6.285714e-03    1.547321e-02  
  5   2  34   1.980199e+03    1.980199e+03    5.367561e+02    5.367561e+02    -4.602851e-03    1.433949e-02  
  5   2  35   2.004905e+03    2.004905e+03    3.665928e+01    3.665928e+01    1.466667e-02    1.021818e-02  
  5   2  36   1.944847e+03    1.944847e+03    3.828869e+01    3.828869e+01    2.145240e-02    1.176489e-02  
  5   2  37   1.969072e+03    1.969072e+03    1.688946e+01    1.688946e+01    4.507223e-02    1.024240e-02  
  5   2  38   1.973948e+03    1.973948e+03    1.629874e+01    1.629874e+01    -1.415094e-02    7.589656e-03  
  5   2  39   1.958173e+03    1.958173e+03    2.917937e+01    2.917937e+01    4.415584e-03    1.061886e-02  
  5   2  40   1.980756e+03    1.980756e+03    1.985945e+01    1.985945e+01    -7.267442e-04    1.294936e-02  
  5   2  41   2.005554e+03    2.005554e+03    2.189598e+01    2.189598e+01    -4.817405e-04    1.156383e-02  
  5   2  42   2.033617e+03    2.033617e+03    3.220480e+01    3.220480e+01    1.572563e-02    1.212337e-02  
  5   2  43   1.959817e+03    1.959817e+03    2.201140e+01    2.201140e+01    3.553746e-02    1.021178e-02  
  5   2  44   2.004503e+03    2.004503e+03    1.012232e+02    1.012232e+02    3.152763e-02    1.239073e-02  
  5   2  45   1.993282e+03    1.993282e+03    3.274015e+01    3.274015e+01    4.078003e-02    1.550034e-02  
  5   2  46   1.971853e+03    1.971853e+03    2.609332e+01    2.609332e+01    4.858156e-02    1.098798e-02  
  5   2  47   2.027441e+03    2.027441e+03    2.697510e+01    2.697510e+01    -2.005510e-02    1.352806e-02  
  5   2  48   2.011905e+03    2.011905e+03    4.905832e+01    4.905832e+01    5.842491e-02    1.264334e-02  
  5   2  49   1.954633e+03    1.954633e+03    3.300207e+02    3.300207e+02    -3.307777e-03    1.551111e-02  
  5   2  50   1.929870e+03    1.929870e+03    4.717715e+01    4.717715e+01    7.525456e-02    1.446372e-02  
  5   2  51   2.040125e+03    2.040125e+03    5.675601e+01    5.675601e+01    6.654618e-02    1.419992e-02  
  5   2  52   2.505562e+03    2.505562e+03    8.572650e+02    8.572650e+02    2.197590e-02    1.813337e-02  
  5   2  53   2.036802e+03    2.036802e+03    3.771907e+01    3.771907e+01    -4.654434e-02    1.285699e-02  
  5   2  54   2.022334e+03    2.022334e+03    2.660064e+01    2.660064e+01    -2.268041e-03    1.521281e-02  
  5   2  55   2.027061e+03    2.027061e+03    2.935042e+01    2.935042e+01    1.163424e-02    1.959544e-02  
  5   2  56   2.018244e+03    2.018244e+03    4.118802e+01    4.118802e+01    -6.326180e-02    1.096058e-02  
  5   2  57   2.035308e+03    2.035308e+03    2.917191e+01    2.917191e+01    1.369492e-02    1.032320e-02  
  5   2  58   2.233101e+03    2.233101e+03    2.724883e+02    2.724883e+02    -2.209693e-02    1.204873e-02  
  5   2  59   2.029474e+03    2.029474e+03    2.087988e+01    2.087988e+01    1.662069e-02    1.443409e-02  
  5   2  60   2.060452e+03    2.060452e+03    2.687775e+01    2.687775e+01    -3.497648e-02    1.520200e-02  
  5   2  61   2.080984e+03    2.080984e+03    2.280151e+01    2.280151e+01    -1.277487e-02    1.772849e-02  
  5   2  62   2.084439e+03    2.084439e+03    1.509381e+01    1.509381e+01    5.530922e-03    1.136658e-02  
  5   3   1   7.727686e+02    7.727686e+02    3.608682e+00    3.608682e+00    -9.692941e-03    1.533896e-02  
  5   3   2   7.719046e+02    7.719046e+02    3.386895e+00    3.386895e+00    -1.115163e-02    1.170924e-02  
  5   3   3   7.687680e+02    7.687680e+02    2.588391e+00    2.588391e+00    -9.620946e-03    1.791978e-02  
  5   3   4   7.882359e+02    7.882359e+02    4.205913e+00    4.205913e+00    4.937993e-02    1.964601e-02  
  5   3   5   9.123123e+02    9.123123e+02    7.653340e+00    7.653340e+00    6.502732e-03    1.995197e-02  
  6   1   1   8.225608e+02    8.225608e+02    7.024361e+01    7.024361e+01    2.475780e-03    4.931301e-03  
  6   1   2   8.417706e+02    8.417706e+02    5.852925e+00    5.852925e+00    1.035823e-02    3.499622e-03  
  6   1   3   1.222121e+03    1.222121e+03    1.769768e+02    1.769768e+02    4.376635e-03    4.835995e-03  
  6   1   4   8.484624e+02    8.484624e+02    4.830031e+00    4.830031e+00    -3.433764e-03    5.458251e-03  
  6   1   5   8.288372e+02    8.288372e+02    5.475427e+00    5.475427e+00    -2.773792e-04    5.643031e-03  
  6   1   6   8.397046e+02    8.397046e+02    1.934820e+01    1.934820e+01    2.484472e-03    7.267780e-03  
  6   1   7   7.875899e+02    7.875899e+02    6.667332e+00    6.667332e+00    1.978022e-03    1.203846e-02  
  6   1   8   7.820227e+02    7.820227e+02    5.031795e+00    5.031795e+00    -1.654974e-02    8.557103e-03  
  6   1   9   7.868681e+02    7.868681e+02    4.345948e+00    4.345948e+00    1.983709e-03    8.359138e-03  
  6   1  10   7.553438e+02    7.553438e+02    8.688662e+00    8.688662e+00    -1.753567e-02    1.313606e-02  
  6   1  11   7.544254e+02    7.544254e+02    4.828099e+00    4.828099e+00    1.273769e-02    1.685144e-02  
  6   1  12   7.586347e+02    7.586347e+02    1.220224e+01    1.220224e+01    -2.506438e-02    3.370196e-02  
  6   1  13   7.783877e+02    7.783877e+02    3.488255e+00    3.488255e+00    3.022185e-03    1.400959e-02  
  6   1  14   7.671783e+02    7.671783e+02    7.062190e+00    7.062190e+00    -3.896835e-02    1.547475e-02  
  6   1  15   7.719544e+02    7.719544e+02    1.364066e+01    1.364066e+01    -1.372427e-04    1.524813e-02  
  6   1  16   8.639313e+02    8.639313e+02    2.107865e+02    2.107865e+02    4.773201e-02    1.557952e-02  
  6   1  17   7.708925e+02    7.708925e+02    1.124842e+01    1.124842e+01    -4.372881e-02    1.554605e-02  
  6   1  18   7.773511e+02    7.773511e+02    1.465558e+01    1.465558e+01    -4.623413e-02    1.913724e-02  
  6   1  19   7.817202e+02    7.817202e+02    1.287817e+01    1.287817e+01    -8.678308e-02    1.855766e-02  
  6   1  20   8.444957e+02    8.444957e+02    1.313938e+01    1.313938e+01    -5.934537e-02    1.250588e-02  
  6   1  21   8.444359e+02    8.444359e+02    9.063389e+00    9.063389e+00    -3.743219e-03    1.615774e-02  
  6   1  22   8.213775e+02    8.213775e+02    1.360389e+01    1.360389e+01    -4.528867e-02    2.015405e-02  
  6   1  23   1.035658e+03    1.035658e+03    2.673639e+01    2.673639e+01    7.452381e-02    2.814450e-02  
  6   2   1   2.094667e+03    2.094667e+03    3.145162e+01    3.145162e+01    9.747292e-03    4.875028e-03  
  6   2   2   2.063931e+03    2.063931e+03    1.880915e+01    1.880915e+01    5.686275e-03    3.335302e-03  
  6   2   3   2.066421e+03    2.066421e+03    1.662787e+01    1.662787e+01    -2.022472e-03    4.788452e-03  
  6   2   4   2.035352e+03    2.035352e+03    1.329231e+01    1.329231e+01    4.677268e-04    4.499781e-03  
  6   2   5   1.622670e+03    1.622670e+03    1.648381e+03    1.648381e+03    -9.856851e-03    7.414981e-03  
  6   2   6   1.982952e+03    1.982952e+03    1.867151e+01    1.867151e+01    -2.652793e-02    5.659552e-03  
  6   2   7   2.039596e+03    2.039596e+03    3.231572e+01    3.231572e+01    -1.297071e-02    5.229128e-03  
  6   2   8   1.995648e+03    1.995648e+03    1.403127e+01    1.403127e+01    3.852535e-03    6.354107e-03  
  6   2   9   2.067999e+03    2.067999e+03    1.372535e+01    1.372535e+01    7.193170e-03    5.724351e-03  
  6   2  10   2.201212e+03    2.201212e+03    5.954033e+02    5.954033e+02    1.955403e-03    7.844729e-03  
  6   2  11   1.282137e+03    1.282137e+03    5.283258e+03    5.283258e+03    1.169946e-02    7.547037e-03  
  6   2  12   1.572602e+03    1.572602e+03    3.282899e+03    3.282899e+03    2.286765e-02    8.619051e-03  
  6   2  13   3.275806e+03    3.275806e+03    1.294151e+04    1.294151e+04    4.056940e-03    8.901709e-03  
  6   2  14   3.383252e+03    3.383252e+03    2.203811e+02    2.203811e+02    3.529412e-03    1.229205e-02  
  6   2  15   1.931647e+03    1.931647e+03    1.665705e+01    1.665705e+01    7.669903e-03    1.219799e-02  
  6   2  16   1.990299e+03    1.990299e+03    3.659669e+01    3.659669e+01    -2.596078e-02    1.029617e-02  
  6   2  17   1.918314e+03    1.918314e+03    1.679312e+01    1.679312e+01    1.126390e-02    9.174843e-03  
  6   2  18   2.426708e+03    2.426708e+03    8.916240e+02    8.916240e+02    2.068966e-03    1.315914e-02  
  6   2  19   1.943344e+03    1.943344e+03    2.036572e+01    2.036572e+01    -1.709251e-02    8.734234e-03  
  6   2  20   1.795201e+03    1.795201e+03    8.434159e+02    8.434159e+02    5.090312e-03    1.913712e-02  
  6   2  21   1.804608e+03    1.804608e+03    6.906705e+01    6.906705e+01    -4.624625e-03    1.109516e-02  
  6   2  22   2.014545e+03    2.014545e+03    2.489124e+02    2.489124e+02    9.239437e-03    1.249929e-02  
  6   2  23   2.193027e+03    2.193027e+03    2.783784e+03    2.783784e+03    2.593023e-02    1.492773e-02  
  6   2  24   1.858585e+03    1.858585e+03    2.501786e+01    2.501786e+01    2.464516e-02    1.151232e-02  
  6   2  25   1.856726e+03    1.856726e+03    1.431121e+01    1.431121e+01    -1.530303e-02    1.179756e-02  
  6   2  26   1.894488e+03    1.894488e+03    1.305394e+01    1.305394e+01    1.624031e-02    1.576375e-02  
  6   2  27   1.930681e+03    1.930681e+03    1.752439e+01    1.752439e+01    -2.957393e-03    9.617616e-03  
  6   2  28   1.902990e+03    1.902990e+03    1.244312e+01    1.244312e+01    1.171206e-02    1.262143e-02  
  6   2  29   1.909593e+03    1.909593e+03    1.007384e+01    1.007384e+01    2.531174e-02    9.967131e-03  
  6   2  30   1.899583e+03    1.899583e+03    1.143680e+01    1.143680e+01    -2.308225e-02    1.218778e-02  
  6   2  31   1.872620e+03    1.872620e+03    4.094824e+01    4.094824e+01    1.398355e-02    1.361597e-02  
  6   2  32   1.789527e+03    1.789527e+03    1.275630e+02    1.275630e+02    2.274174e-02    1.237072e-02  
  6   2  33   1.821959e+03    1.821959e+03    5.722241e+00    5.722241e+00    1.195031e-02    1.510860e-02  
  6   2  34   1.921630e+03    1.921630e+03    1.183765e+01    1.183765e+01    -1.269231e-02    1.008553e-02  
  6   2  35   1.943468e+03    1.943468e+03    3.506770e+01    3.506770e+01    1.056697e-02    1.173526e-02  
  6   2  36   1.950172e+03    1.950172e+03    1.788624e+01    1.788624e+01    3.201365e-02    1.569999e-02  
  6   2  37   2.018374e+03    2.018374e+03    1.836119e+01    1.836119e+01    -9.102167e-03    2.351898e-02  
  6   2  38   1.954248e+03    1.954248e+03    1.558127e+01    1.558127e+01    -1.031746e-02    1.239693e-02  
  6   2  39   1.955263e+03    1.955263e+03    1.804311e+01    1.804311e+01    -3.054805e-02    1.317884e-02  
  6   2  40   2.044865e+03    2.044865e+03    2.337881e+02    2.337881e+02    -7.142857e-03    1.672909e-02  
  6   2  41   1.994680e+03    1.994680e+03    3.600907e+01    3.600907e+01    1.923151e-02    1.396968e-02  
  6   2  42   2.000446e+03    2.000446e+03    1.764892e+01    1.764892e+01    1.114675e-02    1.303254e-02  
  6   2  43   2.007692e+03    2.007692e+03    2.134105e+01    2.134105e+01    -1.536098e-03    8.565238e-03  
  6   2  44   2.042367e+03    2.042367e+03    2.520497e+01    2.520497e+01    -1.706314e-02    1.030741e-02  
  6   2  45   1.984979e+03    1.984979e+03    2.274224e+01    2.274224e+01    5.113384e-02    1.168249e-02  
  6   2  46   1.952817e+03    1.952817e+03    1.917511e+01    1.917511e+01    3.513877e-02    1.065437e-02  
  6   2  47   2.034855e+03    2.034855e+03    3.768899e+01    3.768899e+01    -2.667722e-02    1.202579e-02  
  6   2  48   1.928246e+03    1.928246e+03    2.037404e+01    2.037404e+01    7.723671e-02    1.319052e-02  
  6   2  49   2.100410e+03    2.100410e+03    5.154263e+01    5.154263e+01    -2.354501e-02    1.294357e-02  
  6   2  50   3.143324e+03    3.143324e+03    4.497280e+02    4.497280e+02    -1.742466e-02    2.012825e-02  
  6   2  51   1.916408e+03    1.916408e+03    1.344936e+01    1.344936e+01    9.554140e-03    1.545208e-02  
  6   2  52   1.991430e+03    1.991430e+03    1.310857e+02    1.310857e+02    1.501901e-01    2.739600e-02  
  6   2  53   2.192075e+03    2.192075e+03    4.709125e+02    4.709125e+02    2.887075e-02    1.394802e-02  
  6   2  54   1.982822e+03    1.982822e+03    2.489562e+01    2.489562e+01    -4.582445e-02    1.580372e-02  
  6   2  55   2.060724e+03    2.060724e+03    3.733439e+01    3.733439e+01    2.236398e-02    1.078554e-02  
  6   2  56   2.008923e+03    2.008923e+03    2.318395e+01    2.318395e+01    -2.618719e-02    1.576420e-02  
  6   2  57   2.062500e+03    2.062500e+03    1.346309e+01    1.346309e+01    9.393665e-03    1.097789e-02  
  6   2  58   2.060628e+03    2.060628e+03    3.425744e+01    3.425744e+01    -4.038781e-02    1.352676e-02  
  6   2  59   1.967618e+03    1.967618e+03    2.962757e+01    2.962757e+01    -5.049702e-03    9.933350e-03  
  6   2  60   2.088297e+03    2.088297e+03    2.698402e+01    2.698402e+01    -4.057194e-03    1.637139e-02  
  6   2  61   2.014867e+03    2.014867e+03    1.869812e+01    1.869812e+01    2.091516e-02    1.265497e-02  
  6   2  62   2.019467e+03    2.019467e+03    2.066162e+01    2.066162e+01    -6.810811e-03    1.280841e-02  
  6   3   1   7.645429e+02    7.645429e+02    3.160481e+00    3.160481e+00    -2.276964e-03    1.526065e-02  
  6   3   2   7.718111e+02    7.718111e+02    3.151922e+00    3.151922e+00    -4.780800e-03    9.595559e-03  
  6   3   3   7.746700e+02    7.746700e+02    3.235651e+00    3.235651e+00    -3.246426e-03    1.342535e-02  
  6   3   4   8.651621e+02    8.651621e+02    1.371014e+02    1.371014e+02    8.360026e-02    1.895833e-02  
  6   3   5   7.946643e+02    7.946643e+02    4.845217e+00    4.845217e+00    -4.234298e-05    1.867341e-02  
