1 1 1 12.500 12.500 1.414 1.414 0.000 0.000
1 1 2 12.500 12.500 1.414 1.414 0.000 0.000
1 1 3 12.500 12.500 1.414 1.414 0.000 0.000
1 1 4 12.500 12.500 1.414 1.414 0.000 0.000
1 1 5 12.500 12.500 1.414 1.414 0.000 0.000
1 1 6 12.500 12.500 1.414 1.414 0.000 0.000
1 1 7 12.500 12.500 1.414 1.414 0.000 0.000
1 1 8 12.500 12.500 1.414 1.414 0.000 0.000
1 1 9 12.500 12.500 1.414 1.414 0.000 0.000
1 1 10 12.500 12.500 1.414 1.414 0.000 0.000
1 1 11 12.500 12.500 1.414 1.414 0.000 0.000
1 1 12 12.500 12.500 1.414 1.414 0.000 0.000
1 1 13 12.500 12.500 1.414 1.414 0.000 0.000
1 1 14 12.500 12.500 1.414 1.414 0.000 0.000
1 1 15 12.500 12.500 1.414 1.414 0.000 0.000
1 1 16 12.500 12.500 1.414 1.414 0.000 0.000
1 1 17 12.500 12.500 1.414 1.414 0.000 0.000
1 1 18 12.500 12.500 1.414 1.414 0.000 0.000
1 1 19 12.500 12.500 1.414 1.414 0.000 0.000
1 1 20 12.500 12.500 1.414 1.414 0.000 0.000
1 1 21 12.500 12.500 1.414 1.414 0.000 0.000
1 1 22 12.500 12.500 1.414 1.414 0.000 0.000
1 1 23 12.500 12.500 1.414 1.414 0.000 0.000
1 2 1 12.500 12.500 1.414 1.414 0.000 0.000
1 2 2 12.500 12.500 1.414 1.414 0.000 0.000
1 2 3 12.500 12.500 1.414 1.414 0.000 0.000
1 2 4 12.500 12.500 1.414 1.414 0.000 0.000
1 2 5 12.500 12.500 1.414 1.414 0.000 0.000
1 2 6 12.500 12.500 1.414 1.414 0.000 0.000
1 2 7 12.500 12.500 1.414 1.414 0.000 0.000
1 2 8 12.500 12.500 1.414 1.414 0.000 0.000
1 2 9 12.500 12.500 1.414 1.414 0.000 0.000
1 2 10 12.500 12.500 1.414 1.414 0.000 0.000
1 2 11 12.500 12.500 1.414 1.414 0.000 0.000
1 2 12 12.500 12.500 1.414 1.414 0.000 0.000
1 2 13 12.500 12.500 1.414 1.414 0.000 0.000
1 2 14 12.500 12.500 1.414 1.414 0.000 0.000
1 2 15 12.500 12.500 1.414 1.414 0.000 0.000
1 2 16 12.500 12.500 1.414 1.414 0.000 0.000
1 2 17 12.500 12.500 1.414 1.414 0.000 0.000
1 2 18 12.500 12.500 1.414 1.414 0.000 0.000
1 2 19 12.500 12.500 1.414 1.414 0.000 0.000
1 2 20 12.500 12.500 1.414 1.414 0.000 0.000
1 2 21 12.500 12.500 1.414 1.414 0.000 0.000
1 2 22 12.500 12.500 1.414 1.414 0.000 0.000
1 2 23 12.500 12.500 1.414 1.414 0.000 0.000
1 2 24 12.500 12.500 1.414 1.414 0.000 0.000
1 2 25 12.500 12.500 1.414 1.414 0.000 0.000
1 2 26 12.500 12.500 1.414 1.414 0.000 0.000
1 2 27 12.500 12.500 1.414 1.414 0.000 0.000
1 2 28 12.500 12.500 1.414 1.414 0.000 0.000
1 2 29 12.500 12.500 1.414 1.414 0.000 0.000
1 2 30 12.500 12.500 1.414 1.414 0.000 0.000
1 2 31 12.500 12.500 1.414 1.414 0.000 0.000
1 2 32 12.500 12.500 1.414 1.414 0.000 0.000
1 2 33 12.500 12.500 1.414 1.414 0.000 0.000
1 2 34 12.500 12.500 1.414 1.414 0.000 0.000
1 2 35 12.500 12.500 1.414 1.414 0.000 0.000
1 2 36 12.500 12.500 1.414 1.414 0.000 0.000
1 2 37 12.500 12.500 1.414 1.414 0.000 0.000
1 2 38 12.500 12.500 1.414 1.414 0.000 0.000
1 2 39 12.500 12.500 1.414 1.414 0.000 0.000
1 2 40 12.500 12.500 1.414 1.414 0.000 0.000
1 2 41 12.500 12.500 1.414 1.414 0.000 0.000
1 2 42 12.500 12.500 1.414 1.414 0.000 0.000
1 2 43 12.500 12.500 1.414 1.414 0.000 0.000
1 2 44 12.500 12.500 1.414 1.414 0.000 0.000
1 2 45 12.500 12.500 1.414 1.414 0.000 0.000
1 2 46 12.500 12.500 1.414 1.414 0.000 0.000
1 2 47 12.500 12.500 1.414 1.414 0.000 0.000
1 2 48 12.500 12.500 1.414 1.414 0.000 0.000
1 2 49 12.500 12.500 1.414 1.414 0.000 0.000
1 2 50 12.500 12.500 1.414 1.414 0.000 0.000
1 2 51 12.500 12.500 1.414 1.414 0.000 0.000
1 2 52 12.500 12.500 1.414 1.414 0.000 0.000
1 2 53 12.500 12.500 1.414 1.414 0.000 0.000
1 2 54 12.500 12.500 1.414 1.414 0.000 0.000
1 2 55 12.500 12.500 1.414 1.414 0.000 0.000
1 2 56 12.500 12.500 1.414 1.414 0.000 0.000
1 2 57 12.500 12.500 1.414 1.414 0.000 0.000
1 2 58 12.500 12.500 1.414 1.414 0.000 0.000
1 2 59 12.500 12.500 1.414 1.414 0.000 0.000
1 2 60 12.500 12.500 1.414 1.414 0.000 0.000
1 2 61 12.500 12.500 1.414 1.414 0.000 0.000
1 2 62 12.500 12.500 1.414 1.414 0.000 0.000
1 3 1 12.500 12.500 1.414 1.414 0.000 0.000
1 3 2 12.500 12.500 1.414 1.414 0.000 0.000
1 3 3 12.500 12.500 1.414 1.414 0.000 0.000
1 3 4 12.500 12.500 1.414 1.414 0.000 0.000
1 3 5 12.500 12.500 1.414 1.414 0.000 0.000
2 1 1 595.578 595.578 2.301 2.301 -0.126 0.002
2 1 2 637.500 637.500 46.119 46.119 -0.062 0.002
2 1 3 624.650 624.650 1.531 1.531 -0.114 0.004
2 1 4 654.003 654.003 1.202 1.202 -0.089 0.003
2 1 5 12.500 12.500 1.414 1.414 0.000 0.000
2 1 6 -93.010 -93.010 13828.300 13828.300 3.431 0.022
2 1 7 632.881 632.881 0.786 0.786 -0.047 0.004
2 1 8 2.699 2.699 1.414 1.414 -0.040 0.004
2 1 9 13.067 13.067 1.414 1.414 -0.126 0.004
2 1 10 12.500 12.500 1.414 1.414 0.000 0.000
2 1 11 658.727 658.727 0.793 0.793 -0.128 0.005
2 1 12 606.463 606.463 0.958 0.958 0.088 0.009
2 1 13 394.599 394.599 0.689 0.689 -0.022 0.007
2 1 14 600.589 600.589 1.054 1.054 -0.152 0.008
2 1 15 609.773 609.773 1.340 1.340 -0.107 0.010
2 1 16 598.171 598.171 1.455 1.455 -0.172 0.011
2 1 17 577.726 577.726 1.495 1.495 0.002 0.012
2 1 18 607.390 607.390 1.649 1.649 -0.065 0.010
2 1 19 465.816 465.816 11.995 11.995 1.336 0.022
2 1 20 655.918 655.918 2.243 2.243 -0.049 0.014
2 1 21 12.500 12.500 1.414 1.414 0.000 0.000
2 1 22 654.918 654.918 7.593 7.593 -0.112 0.024
2 1 23 523.973 523.973 8.901 8.901 -0.000 0.018
2 2 1 1570.989 1570.989 615.877 615.877 -0.004 0.004
2 2 2 2057.131 2057.131 41.765 41.765 -0.104 0.004
2 2 3 2039.665 2039.665 29.013 29.013 0.028 0.003
2 2 4 1832.185 1832.185 24.705 24.705 -0.005 0.003
2 2 5 1802.553 1802.553 12.394 12.394 0.032 0.002
2 2 6 1775.445 1775.445 7.837 7.837 -0.096 0.002
2 2 7 1742.085 1742.085 7.832 7.832 -0.113 0.002
2 2 8 1789.608 1789.608 7.495 7.495 -0.155 0.003
2 2 9 1922.877 1922.877 7.852 7.852 -0.191 0.003
2 2 10 1692.591 1692.591 6.234 6.234 -0.071 0.002
2 2 11 1686.302 1686.302 5.501 5.501 0.018 0.002
2 2 12 1688.263 1688.263 4.662 4.662 -0.042 0.002
2 2 13 1690.106 1690.106 4.033 4.033 -0.039 0.003
2 2 14 1747.280 1747.280 4.492 4.492 0.070 0.003
2 2 15 1692.786 1692.786 3.536 3.536 -0.121 0.003
2 2 16 1616.071 1616.071 3.416 3.416 -0.055 0.003
2 2 17 1599.768 1599.768 3.253 3.253 -0.024 0.003
2 2 18 1622.448 1622.448 3.026 3.026 0.050 0.004
2 2 19 1646.640 1646.640 2.754 2.754 -0.040 0.004
2 2 20 1683.356 1683.356 3.007 3.007 -0.085 0.003
2 2 21 1639.663 1639.663 2.569 2.569 -0.038 0.005
2 2 22 1648.712 1648.712 2.547 2.547 -0.025 0.004
2 2 23 1627.886 1627.886 2.568 2.568 -0.078 0.004
2 2 24 1658.187 1658.187 2.612 2.612 -0.059 0.005
2 2 25 1628.774 1628.774 2.614 2.614 -0.067 0.005
2 2 26 1637.587 1637.587 2.729 2.729 -0.041 0.005
2 2 27 1682.141 1682.141 2.710 2.710 -0.029 0.004
2 2 28 1668.827 1668.827 2.844 2.844 -0.008 0.005
2 2 29 1676.954 1676.954 2.902 2.902 0.013 0.006
2 2 30 1622.954 1622.954 2.993 2.993 0.021 0.006
2 2 31 1623.644 1623.644 2.870 2.870 -0.001 0.008
2 2 32 1672.395 1672.395 2.804 2.804 -0.001 0.004
2 2 33 1633.713 1633.713 2.782 2.782 -0.007 0.005
2 2 34 1655.340 1655.340 3.065 3.065 -0.011 0.004
2 2 35 1647.357 1647.357 3.153 3.153 -0.030 0.005
2 2 36 1641.665 1641.665 3.500 3.500 -0.047 0.006
2 2 37 1659.650 1659.650 3.503 3.503 -0.057 0.006
2 2 38 1647.088 1647.088 4.111 4.111 -0.070 0.006
2 2 39 1563.667 1563.667 4.316 4.316 -0.390 0.009
2 2 40 1610.878 1610.878 4.804 4.804 -0.145 0.009
2 2 41 1643.886 1643.886 5.065 5.065 -0.009 0.008
2 2 42 1676.222 1676.222 5.298 5.298 -0.010 0.010
2 2 43 1349.069 1349.069 4.088 4.088 -0.446 0.011
2 2 44 1620.865 1620.865 5.285 5.285 -0.001 0.009
2 2 45 1648.348 1648.348 5.836 5.836 -0.024 0.010
2 2 46 1639.402 1639.402 5.824 5.824 -0.073 0.010
2 2 47 1660.067 1660.067 6.462 6.462 -0.114 0.010
2 2 48 1687.215 1687.215 6.653 6.653 -0.176 0.010
2 2 49 1639.044 1639.044 7.142 7.142 0.005 0.011
2 2 50 1705.213 1705.213 7.715 7.715 -0.038 0.010
2 2 51 1684.977 1684.977 7.002 7.002 -0.062 0.009
2 2 52 1672.499 1672.499 7.692 7.692 -0.145 0.010
2 2 53 1669.006 1669.006 8.830 8.830 -0.080 0.012
2 2 54 1684.776 1684.776 14.044 14.044 -0.106 0.015
2 2 55 1623.672 1623.672 11.752 11.752 -0.076 0.022
2 2 56 1669.111 1669.111 21.083 21.083 -0.036 0.018
2 2 57 1780.657 1780.657 42.889 42.889 -0.027 0.021
2 2 58 1666.725 1666.725 22.377 22.377 -0.104 0.024
2 2 59 1652.503 1652.503 48.072 48.072 -0.131 0.024
2 2 60 1657.973 1657.973 46.321 46.321 -0.112 0.026
2 2 61 1635.706 1635.706 27.371 27.371 -0.368 0.025
2 2 62 1418.134 1418.134 29.785 29.785 0.039 0.024
2 3 1 568.262 568.262 8.940 8.940 -0.123 0.025
2 3 2 598.959 598.959 7.137 7.137 -0.140 0.017
2 3 3 679.367 679.367 8.212 8.212 -0.188 0.024
2 3 4 12.500 12.500 1.414 1.414 0.000 0.000
2 3 5 689.824 689.824 11.161 11.161 -0.174 0.023
3 1 1 12.500 12.500 1.414 1.414 0.000 0.000
3 1 2 12.500 12.500 1.414 1.414 0.000 0.000
3 1 3 12.500 12.500 1.414 1.414 0.000 0.000
3 1 4 12.500 12.500 1.414 1.414 0.000 0.000
3 1 5 12.500 12.500 1.414 1.414 0.000 0.000
3 1 6 12.500 12.500 1.414 1.414 0.000 0.000
3 1 7 12.500 12.500 1.414 1.414 0.000 0.000
3 1 8 12.500 12.500 1.414 1.414 0.000 0.000
3 1 9 12.500 12.500 1.414 1.414 0.000 0.000
3 1 10 12.500 12.500 1.414 1.414 0.000 0.000
3 1 11 12.500 12.500 1.414 1.414 0.000 0.000
3 1 12 12.500 12.500 1.414 1.414 0.000 0.000
3 1 13 12.500 12.500 1.414 1.414 0.000 0.000
3 1 14 12.500 12.500 1.414 1.414 0.000 0.000
3 1 15 12.500 12.500 1.414 1.414 0.000 0.000
3 1 16 12.500 12.500 1.414 1.414 0.000 0.000
3 1 17 12.500 12.500 1.414 1.414 0.000 0.000
3 1 18 12.500 12.500 1.414 1.414 0.000 0.000
3 1 19 12.500 12.500 1.414 1.414 0.000 0.000
3 1 20 12.500 12.500 1.414 1.414 0.000 0.000
3 1 21 12.500 12.500 1.414 1.414 0.000 0.000
3 1 22 12.500 12.500 1.414 1.414 0.000 0.000
3 1 23 12.500 12.500 1.414 1.414 0.000 0.000
3 2 1 12.500 12.500 1.414 1.414 0.000 0.000
3 2 2 12.500 12.500 1.414 1.414 0.000 0.000
3 2 3 12.500 12.500 1.414 1.414 0.000 0.000
3 2 4 12.500 12.500 1.414 1.414 0.000 0.000
3 2 5 12.500 12.500 1.414 1.414 0.000 0.000
3 2 6 12.500 12.500 1.414 1.414 0.000 0.000
3 2 7 12.500 12.500 1.414 1.414 0.000 0.000
3 2 8 12.500 12.500 1.414 1.414 0.000 0.000
3 2 9 12.500 12.500 1.414 1.414 0.000 0.000
3 2 10 12.500 12.500 1.414 1.414 0.000 0.000
3 2 11 12.500 12.500 1.414 1.414 0.000 0.000
3 2 12 12.500 12.500 1.414 1.414 0.000 0.000
3 2 13 12.500 12.500 1.414 1.414 0.000 0.000
3 2 14 12.500 12.500 1.414 1.414 0.000 0.000
3 2 15 12.500 12.500 1.414 1.414 0.000 0.000
3 2 16 12.500 12.500 1.414 1.414 0.000 0.000
3 2 17 12.500 12.500 1.414 1.414 0.000 0.000
3 2 18 12.500 12.500 1.414 1.414 0.000 0.000
3 2 19 12.500 12.500 1.414 1.414 0.000 0.000
3 2 20 12.500 12.500 1.414 1.414 0.000 0.000
3 2 21 12.500 12.500 1.414 1.414 0.000 0.000
3 2 22 12.500 12.500 1.414 1.414 0.000 0.000
3 2 23 12.500 12.500 1.414 1.414 0.000 0.000
3 2 24 12.500 12.500 1.414 1.414 0.000 0.000
3 2 25 12.500 12.500 1.414 1.414 0.000 0.000
3 2 26 12.500 12.500 1.414 1.414 0.000 0.000
3 2 27 12.500 12.500 1.414 1.414 0.000 0.000
3 2 28 12.500 12.500 1.414 1.414 0.000 0.000
3 2 29 12.500 12.500 1.414 1.414 0.000 0.000
3 2 30 12.500 12.500 1.414 1.414 0.000 0.000
3 2 31 12.500 12.500 1.414 1.414 0.000 0.000
3 2 32 12.500 12.500 1.414 1.414 0.000 0.000
3 2 33 12.500 12.500 1.414 1.414 0.000 0.000
3 2 34 12.500 12.500 1.414 1.414 0.000 0.000
3 2 35 12.500 12.500 1.414 1.414 0.000 0.000
3 2 36 12.500 12.500 1.414 1.414 0.000 0.000
3 2 37 12.500 12.500 1.414 1.414 0.000 0.000
3 2 38 12.500 12.500 1.414 1.414 0.000 0.000
3 2 39 12.500 12.500 1.414 1.414 0.000 0.000
3 2 40 12.500 12.500 1.414 1.414 0.000 0.000
3 2 41 12.500 12.500 1.414 1.414 0.000 0.000
3 2 42 12.500 12.500 1.414 1.414 0.000 0.000
3 2 43 12.500 12.500 1.414 1.414 0.000 0.000
3 2 44 12.500 12.500 1.414 1.414 0.000 0.000
3 2 45 12.500 12.500 1.414 1.414 0.000 0.000
3 2 46 12.500 12.500 1.414 1.414 0.000 0.000
3 2 47 12.500 12.500 1.414 1.414 0.000 0.000
3 2 48 12.500 12.500 1.414 1.414 0.000 0.000
3 2 49 12.500 12.500 1.414 1.414 0.000 0.000
3 2 50 12.500 12.500 1.414 1.414 0.000 0.000
3 2 51 12.500 12.500 1.414 1.414 0.000 0.000
3 2 52 12.500 12.500 1.414 1.414 0.000 0.000
3 2 53 12.500 12.500 1.414 1.414 0.000 0.000
3 2 54 12.500 12.500 1.414 1.414 0.000 0.000
3 2 55 12.500 12.500 1.414 1.414 0.000 0.000
3 2 56 12.500 12.500 1.414 1.414 0.000 0.000
3 2 57 12.500 12.500 1.414 1.414 0.000 0.000
3 2 58 12.500 12.500 1.414 1.414 0.000 0.000
3 2 59 12.500 12.500 1.414 1.414 0.000 0.000
3 2 60 12.500 12.500 1.414 1.414 0.000 0.000
3 2 61 12.500 12.500 1.414 1.414 0.000 0.000
3 2 62 12.500 12.500 1.414 1.414 0.000 0.000
3 3 1 12.500 12.500 1.414 1.414 0.000 0.000
3 3 2 12.500 12.500 1.414 1.414 0.000 0.000
3 3 3 12.500 12.500 1.414 1.414 0.000 0.000
3 3 4 12.500 12.500 1.414 1.414 0.000 0.000
3 3 5 12.500 12.500 1.414 1.414 0.000 0.000
4 1 1 12.500 12.500 1.414 1.414 0.000 0.000
4 1 2 12.500 12.500 1.414 1.414 0.000 0.000
4 1 3 12.500 12.500 1.414 1.414 0.000 0.000
4 1 4 12.500 12.500 1.414 1.414 0.000 0.000
4 1 5 12.500 12.500 1.414 1.414 0.000 0.000
4 1 6 12.500 12.500 1.414 1.414 0.000 0.000
4 1 7 12.500 12.500 1.414 1.414 0.000 0.000
4 1 8 12.500 12.500 1.414 1.414 0.000 0.000
4 1 9 12.500 12.500 1.414 1.414 0.000 0.000
4 1 10 12.500 12.500 1.414 1.414 0.000 0.000
4 1 11 12.500 12.500 1.414 1.414 0.000 0.000
4 1 12 12.500 12.500 1.414 1.414 0.000 0.000
4 1 13 12.500 12.500 1.414 1.414 0.000 0.000
4 1 14 12.500 12.500 1.414 1.414 0.000 0.000
4 1 15 12.500 12.500 1.414 1.414 0.000 0.000
4 1 16 12.500 12.500 1.414 1.414 0.000 0.000
4 1 17 12.500 12.500 1.414 1.414 0.000 0.000
4 1 18 12.500 12.500 1.414 1.414 0.000 0.000
4 1 19 12.500 12.500 1.414 1.414 0.000 0.000
4 1 20 12.500 12.500 1.414 1.414 0.000 0.000
4 1 21 12.500 12.500 1.414 1.414 0.000 0.000
4 1 22 12.500 12.500 1.414 1.414 0.000 0.000
4 1 23 12.500 12.500 1.414 1.414 0.000 0.000
4 2 1 12.500 12.500 1.414 1.414 0.000 0.000
4 2 2 12.500 12.500 1.414 1.414 0.000 0.000
4 2 3 12.500 12.500 1.414 1.414 0.000 0.000
4 2 4 12.500 12.500 1.414 1.414 0.000 0.000
4 2 5 12.500 12.500 1.414 1.414 0.000 0.000
4 2 6 12.500 12.500 1.414 1.414 0.000 0.000
4 2 7 12.500 12.500 1.414 1.414 0.000 0.000
4 2 8 12.500 12.500 1.414 1.414 0.000 0.000
4 2 9 12.500 12.500 1.414 1.414 0.000 0.000
4 2 10 12.500 12.500 1.414 1.414 0.000 0.000
4 2 11 12.500 12.500 1.414 1.414 0.000 0.000
4 2 12 12.500 12.500 1.414 1.414 0.000 0.000
4 2 13 12.500 12.500 1.414 1.414 0.000 0.000
4 2 14 12.500 12.500 1.414 1.414 0.000 0.000
4 2 15 12.500 12.500 1.414 1.414 0.000 0.000
4 2 16 12.500 12.500 1.414 1.414 0.000 0.000
4 2 17 12.500 12.500 1.414 1.414 0.000 0.000
4 2 18 12.500 12.500 1.414 1.414 0.000 0.000
4 2 19 12.500 12.500 1.414 1.414 0.000 0.000
4 2 20 12.500 12.500 1.414 1.414 0.000 0.000
4 2 21 12.500 12.500 1.414 1.414 0.000 0.000
4 2 22 12.500 12.500 1.414 1.414 0.000 0.000
4 2 23 12.500 12.500 1.414 1.414 0.000 0.000
4 2 24 12.500 12.500 1.414 1.414 0.000 0.000
4 2 25 12.500 12.500 1.414 1.414 0.000 0.000
4 2 26 12.500 12.500 1.414 1.414 0.000 0.000
4 2 27 12.500 12.500 1.414 1.414 0.000 0.000
4 2 28 12.500 12.500 1.414 1.414 0.000 0.000
4 2 29 12.500 12.500 1.414 1.414 0.000 0.000
4 2 30 12.500 12.500 1.414 1.414 0.000 0.000
4 2 31 12.500 12.500 1.414 1.414 0.000 0.000
4 2 32 12.500 12.500 1.414 1.414 0.000 0.000
4 2 33 12.500 12.500 1.414 1.414 0.000 0.000
4 2 34 12.500 12.500 1.414 1.414 0.000 0.000
4 2 35 12.500 12.500 1.414 1.414 0.000 0.000
4 2 36 12.500 12.500 1.414 1.414 0.000 0.000
4 2 37 12.500 12.500 1.414 1.414 0.000 0.000
4 2 38 12.500 12.500 1.414 1.414 0.000 0.000
4 2 39 12.500 12.500 1.414 1.414 0.000 0.000
4 2 40 12.500 12.500 1.414 1.414 0.000 0.000
4 2 41 12.500 12.500 1.414 1.414 0.000 0.000
4 2 42 12.500 12.500 1.414 1.414 0.000 0.000
4 2 43 12.500 12.500 1.414 1.414 0.000 0.000
4 2 44 12.500 12.500 1.414 1.414 0.000 0.000
4 2 45 12.500 12.500 1.414 1.414 0.000 0.000
4 2 46 12.500 12.500 1.414 1.414 0.000 0.000
4 2 47 12.500 12.500 1.414 1.414 0.000 0.000
4 2 48 12.500 12.500 1.414 1.414 0.000 0.000
4 2 49 12.500 12.500 1.414 1.414 0.000 0.000
4 2 50 12.500 12.500 1.414 1.414 0.000 0.000
4 2 51 12.500 12.500 1.414 1.414 0.000 0.000
4 2 52 12.500 12.500 1.414 1.414 0.000 0.000
4 2 53 12.500 12.500 1.414 1.414 0.000 0.000
4 2 54 12.500 12.500 1.414 1.414 0.000 0.000
4 2 55 12.500 12.500 1.414 1.414 0.000 0.000
4 2 56 12.500 12.500 1.414 1.414 0.000 0.000
4 2 57 12.500 12.500 1.414 1.414 0.000 0.000
4 2 58 12.500 12.500 1.414 1.414 0.000 0.000
4 2 59 12.500 12.500 1.414 1.414 0.000 0.000
4 2 60 12.500 12.500 1.414 1.414 0.000 0.000
4 2 61 12.500 12.500 1.414 1.414 0.000 0.000
4 2 62 12.500 12.500 1.414 1.414 0.000 0.000
4 3 1 12.500 12.500 1.414 1.414 0.000 0.000
4 3 2 12.500 12.500 1.414 1.414 0.000 0.000
4 3 3 12.500 12.500 1.414 1.414 0.000 0.000
4 3 4 12.500 12.500 1.414 1.414 0.000 0.000
4 3 5 12.500 12.500 1.414 1.414 0.000 0.000
5 1 1 12.500 12.500 1.414 1.414 0.000 0.000
5 1 2 12.500 12.500 1.414 1.414 0.000 0.000
5 1 3 12.500 12.500 1.414 1.414 0.000 0.000
5 1 4 12.500 12.500 1.414 1.414 0.000 0.000
5 1 5 12.500 12.500 1.414 1.414 0.000 0.000
5 1 6 12.500 12.500 1.414 1.414 0.000 0.000
5 1 7 12.500 12.500 1.414 1.414 0.000 0.000
5 1 8 12.500 12.500 1.414 1.414 0.000 0.000
5 1 9 12.500 12.500 1.414 1.414 0.000 0.000
5 1 10 12.500 12.500 1.414 1.414 0.000 0.000
5 1 11 12.500 12.500 1.414 1.414 0.000 0.000
5 1 12 12.500 12.500 1.414 1.414 0.000 0.000
5 1 13 12.500 12.500 1.414 1.414 0.000 0.000
5 1 14 12.500 12.500 1.414 1.414 0.000 0.000
5 1 15 12.500 12.500 1.414 1.414 0.000 0.000
5 1 16 12.500 12.500 1.414 1.414 0.000 0.000
5 1 17 12.500 12.500 1.414 1.414 0.000 0.000
5 1 18 12.500 12.500 1.414 1.414 0.000 0.000
5 1 19 12.500 12.500 1.414 1.414 0.000 0.000
5 1 20 12.500 12.500 1.414 1.414 0.000 0.000
5 1 21 12.500 12.500 1.414 1.414 0.000 0.000
5 1 22 12.500 12.500 1.414 1.414 0.000 0.000
5 1 23 12.500 12.500 1.414 1.414 0.000 0.000
5 2 1 12.500 12.500 1.414 1.414 0.000 0.000
5 2 2 12.500 12.500 1.414 1.414 0.000 0.000
5 2 3 12.500 12.500 1.414 1.414 0.000 0.000
5 2 4 12.500 12.500 1.414 1.414 0.000 0.000
5 2 5 12.500 12.500 1.414 1.414 0.000 0.000
5 2 6 12.500 12.500 1.414 1.414 0.000 0.000
5 2 7 12.500 12.500 1.414 1.414 0.000 0.000
5 2 8 12.500 12.500 1.414 1.414 0.000 0.000
5 2 9 12.500 12.500 1.414 1.414 0.000 0.000
5 2 10 12.500 12.500 1.414 1.414 0.000 0.000
5 2 11 12.500 12.500 1.414 1.414 0.000 0.000
5 2 12 12.500 12.500 1.414 1.414 0.000 0.000
5 2 13 12.500 12.500 1.414 1.414 0.000 0.000
5 2 14 12.500 12.500 1.414 1.414 0.000 0.000
5 2 15 12.500 12.500 1.414 1.414 0.000 0.000
5 2 16 12.500 12.500 1.414 1.414 0.000 0.000
5 2 17 12.500 12.500 1.414 1.414 0.000 0.000
5 2 18 12.500 12.500 1.414 1.414 0.000 0.000
5 2 19 12.500 12.500 1.414 1.414 0.000 0.000
5 2 20 12.500 12.500 1.414 1.414 0.000 0.000
5 2 21 12.500 12.500 1.414 1.414 0.000 0.000
5 2 22 12.500 12.500 1.414 1.414 0.000 0.000
5 2 23 12.500 12.500 1.414 1.414 0.000 0.000
5 2 24 12.500 12.500 1.414 1.414 0.000 0.000
5 2 25 12.500 12.500 1.414 1.414 0.000 0.000
5 2 26 12.500 12.500 1.414 1.414 0.000 0.000
5 2 27 12.500 12.500 1.414 1.414 0.000 0.000
5 2 28 12.500 12.500 1.414 1.414 0.000 0.000
5 2 29 12.500 12.500 1.414 1.414 0.000 0.000
5 2 30 12.500 12.500 1.414 1.414 0.000 0.000
5 2 31 12.500 12.500 1.414 1.414 0.000 0.000
5 2 32 12.500 12.500 1.414 1.414 0.000 0.000
5 2 33 12.500 12.500 1.414 1.414 0.000 0.000
5 2 34 12.500 12.500 1.414 1.414 0.000 0.000
5 2 35 12.500 12.500 1.414 1.414 0.000 0.000
5 2 36 12.500 12.500 1.414 1.414 0.000 0.000
5 2 37 12.500 12.500 1.414 1.414 0.000 0.000
5 2 38 12.500 12.500 1.414 1.414 0.000 0.000
5 2 39 12.500 12.500 1.414 1.414 0.000 0.000
5 2 40 12.500 12.500 1.414 1.414 0.000 0.000
5 2 41 12.500 12.500 1.414 1.414 0.000 0.000
5 2 42 12.500 12.500 1.414 1.414 0.000 0.000
5 2 43 12.500 12.500 1.414 1.414 0.000 0.000
5 2 44 12.500 12.500 1.414 1.414 0.000 0.000
5 2 45 12.500 12.500 1.414 1.414 0.000 0.000
5 2 46 12.500 12.500 1.414 1.414 0.000 0.000
5 2 47 12.500 12.500 1.414 1.414 0.000 0.000
5 2 48 12.500 12.500 1.414 1.414 0.000 0.000
5 2 49 12.500 12.500 1.414 1.414 0.000 0.000
5 2 50 12.500 12.500 1.414 1.414 0.000 0.000
5 2 51 12.500 12.500 1.414 1.414 0.000 0.000
5 2 52 12.500 12.500 1.414 1.414 0.000 0.000
5 2 53 12.500 12.500 1.414 1.414 0.000 0.000
5 2 54 12.500 12.500 1.414 1.414 0.000 0.000
5 2 55 12.500 12.500 1.414 1.414 0.000 0.000
5 2 56 12.500 12.500 1.414 1.414 0.000 0.000
5 2 57 12.500 12.500 1.414 1.414 0.000 0.000
5 2 58 12.500 12.500 1.414 1.414 0.000 0.000
5 2 59 12.500 12.500 1.414 1.414 0.000 0.000
5 2 60 12.500 12.500 1.414 1.414 0.000 0.000
5 2 61 12.500 12.500 1.414 1.414 0.000 0.000
5 2 62 12.500 12.500 1.414 1.414 0.000 0.000
5 3 1 12.500 12.500 1.414 1.414 0.000 0.000
5 3 2 12.500 12.500 1.414 1.414 0.000 0.000
5 3 3 12.500 12.500 1.414 1.414 0.000 0.000
5 3 4 12.500 12.500 1.414 1.414 0.000 0.000
5 3 5 12.500 12.500 1.414 1.414 0.000 0.000
6 1 1 12.500 12.500 1.414 1.414 0.000 0.000
6 1 2 12.500 12.500 1.414 1.414 0.000 0.000
6 1 3 12.500 12.500 1.414 1.414 0.000 0.000
6 1 4 12.500 12.500 1.414 1.414 0.000 0.000
6 1 5 12.500 12.500 1.414 1.414 0.000 0.000
6 1 6 12.500 12.500 1.414 1.414 0.000 0.000
6 1 7 12.500 12.500 1.414 1.414 0.000 0.000
6 1 8 12.500 12.500 1.414 1.414 0.000 0.000
6 1 9 12.500 12.500 1.414 1.414 0.000 0.000
6 1 10 12.500 12.500 1.414 1.414 0.000 0.000
6 1 11 12.500 12.500 1.414 1.414 0.000 0.000
6 1 12 12.500 12.500 1.414 1.414 0.000 0.000
6 1 13 12.500 12.500 1.414 1.414 0.000 0.000
6 1 14 12.500 12.500 1.414 1.414 0.000 0.000
6 1 15 12.500 12.500 1.414 1.414 0.000 0.000
6 1 16 12.500 12.500 1.414 1.414 0.000 0.000
6 1 17 12.500 12.500 1.414 1.414 0.000 0.000
6 1 18 12.500 12.500 1.414 1.414 0.000 0.000
6 1 19 12.500 12.500 1.414 1.414 0.000 0.000
6 1 20 12.500 12.500 1.414 1.414 0.000 0.000
6 1 21 12.500 12.500 1.414 1.414 0.000 0.000
6 1 22 12.500 12.500 1.414 1.414 0.000 0.000
6 1 23 12.500 12.500 1.414 1.414 0.000 0.000
6 2 1 12.500 12.500 1.414 1.414 0.000 0.000
6 2 2 12.500 12.500 1.414 1.414 0.000 0.000
6 2 3 12.500 12.500 1.414 1.414 0.000 0.000
6 2 4 12.500 12.500 1.414 1.414 0.000 0.000
6 2 5 12.500 12.500 1.414 1.414 0.000 0.000
6 2 6 12.500 12.500 1.414 1.414 0.000 0.000
6 2 7 12.500 12.500 1.414 1.414 0.000 0.000
6 2 8 12.500 12.500 1.414 1.414 0.000 0.000
6 2 9 12.500 12.500 1.414 1.414 0.000 0.000
6 2 10 12.500 12.500 1.414 1.414 0.000 0.000
6 2 11 12.500 12.500 1.414 1.414 0.000 0.000
6 2 12 12.500 12.500 1.414 1.414 0.000 0.000
6 2 13 12.500 12.500 1.414 1.414 0.000 0.000
6 2 14 12.500 12.500 1.414 1.414 0.000 0.000
6 2 15 12.500 12.500 1.414 1.414 0.000 0.000
6 2 16 12.500 12.500 1.414 1.414 0.000 0.000
6 2 17 12.500 12.500 1.414 1.414 0.000 0.000
6 2 18 12.500 12.500 1.414 1.414 0.000 0.000
6 2 19 12.500 12.500 1.414 1.414 0.000 0.000
6 2 20 12.500 12.500 1.414 1.414 0.000 0.000
6 2 21 12.500 12.500 1.414 1.414 0.000 0.000
6 2 22 12.500 12.500 1.414 1.414 0.000 0.000
6 2 23 12.500 12.500 1.414 1.414 0.000 0.000
6 2 24 12.500 12.500 1.414 1.414 0.000 0.000
6 2 25 12.500 12.500 1.414 1.414 0.000 0.000
6 2 26 12.500 12.500 1.414 1.414 0.000 0.000
6 2 27 12.500 12.500 1.414 1.414 0.000 0.000
6 2 28 12.500 12.500 1.414 1.414 0.000 0.000
6 2 29 12.500 12.500 1.414 1.414 0.000 0.000
6 2 30 12.500 12.500 1.414 1.414 0.000 0.000
6 2 31 12.500 12.500 1.414 1.414 0.000 0.000
6 2 32 12.500 12.500 1.414 1.414 0.000 0.000
6 2 33 12.500 12.500 1.414 1.414 0.000 0.000
6 2 34 12.500 12.500 1.414 1.414 0.000 0.000
6 2 35 12.500 12.500 1.414 1.414 0.000 0.000
6 2 36 12.500 12.500 1.414 1.414 0.000 0.000
6 2 37 12.500 12.500 1.414 1.414 0.000 0.000
6 2 38 12.500 12.500 1.414 1.414 0.000 0.000
6 2 39 12.500 12.500 1.414 1.414 0.000 0.000
6 2 40 12.500 12.500 1.414 1.414 0.000 0.000
6 2 41 12.500 12.500 1.414 1.414 0.000 0.000
6 2 42 12.500 12.500 1.414 1.414 0.000 0.000
6 2 43 12.500 12.500 1.414 1.414 0.000 0.000
6 2 44 12.500 12.500 1.414 1.414 0.000 0.000
6 2 45 12.500 12.500 1.414 1.414 0.000 0.000
6 2 46 12.500 12.500 1.414 1.414 0.000 0.000
6 2 47 12.500 12.500 1.414 1.414 0.000 0.000
6 2 48 12.500 12.500 1.414 1.414 0.000 0.000
6 2 49 12.500 12.500 1.414 1.414 0.000 0.000
6 2 50 12.500 12.500 1.414 1.414 0.000 0.000
6 2 51 12.500 12.500 1.414 1.414 0.000 0.000
6 2 52 12.500 12.500 1.414 1.414 0.000 0.000
6 2 53 12.500 12.500 1.414 1.414 0.000 0.000
6 2 54 12.500 12.500 1.414 1.414 0.000 0.000
6 2 55 12.500 12.500 1.414 1.414 0.000 0.000
6 2 56 12.500 12.500 1.414 1.414 0.000 0.000
6 2 57 12.500 12.500 1.414 1.414 0.000 0.000
6 2 58 12.500 12.500 1.414 1.414 0.000 0.000
6 2 59 12.500 12.500 1.414 1.414 0.000 0.000
6 2 60 12.500 12.500 1.414 1.414 0.000 0.000
6 2 61 12.500 12.500 1.414 1.414 0.000 0.000
6 2 62 12.500 12.500 1.414 1.414 0.000 0.000
6 3 1 12.500 12.500 1.414 1.414 0.000 0.000
6 3 2 12.500 12.500 1.414 1.414 0.000 0.000
6 3 3 12.500 12.500 1.414 1.414 0.000 0.000
6 3 4 12.500 12.500 1.414 1.414 0.000 0.000
6 3 5 12.500 12.500 1.414 1.414 0.000 0.000
