  1   1   1   1.000000e+01    1.000000e+01    1.414214e+00    1.414214e+00    0.000000e+00    0.000000e+00  
  1   1   2   1.000000e+01    1.000000e+01    1.414214e+00    1.414214e+00    0.000000e+00    0.000000e+00  
  1   1   3   1.000000e+01    1.000000e+01    1.414214e+00    1.414214e+00    0.000000e+00    0.000000e+00  
  1   1   4   1.000000e+01    1.000000e+01    1.414214e+00    1.414214e+00    0.000000e+00    0.000000e+00  
  1   1   5   1.000000e+01    1.000000e+01    1.414214e+00    1.414214e+00    0.000000e+00    0.000000e+00  
  1   1   6   1.000000e+01    1.000000e+01    1.414214e+00    1.414214e+00    0.000000e+00    0.000000e+00  
  1   1   7   1.000000e+01    1.000000e+01    1.414214e+00    1.414214e+00    0.000000e+00    0.000000e+00  
  1   1   8   1.000000e+01    1.000000e+01    1.414214e+00    1.414214e+00    0.000000e+00    0.000000e+00  
  1   1   9   1.000000e+01    1.000000e+01    1.414214e+00    1.414214e+00    0.000000e+00    0.000000e+00  
  1   1  10   1.000000e+01    1.000000e+01    1.414214e+00    1.414214e+00    0.000000e+00    0.000000e+00  
  1   1  11   1.000000e+01    1.000000e+01    1.414214e+00    1.414214e+00    0.000000e+00    0.000000e+00  
  1   1  12   1.000000e+01    1.000000e+01    1.414214e+00    1.414214e+00    0.000000e+00    0.000000e+00  
  1   1  13   1.000000e+01    1.000000e+01    1.414214e+00    1.414214e+00    0.000000e+00    0.000000e+00  
  1   1  14   1.000000e+01    1.000000e+01    1.414214e+00    1.414214e+00    0.000000e+00    0.000000e+00  
  1   1  15   1.000000e+01    1.000000e+01    1.414214e+00    1.414214e+00    0.000000e+00    0.000000e+00  
  1   1  16   1.000000e+01    1.000000e+01    1.414214e+00    1.414214e+00    0.000000e+00    0.000000e+00  
  1   1  17   1.000000e+01    1.000000e+01    1.414214e+00    1.414214e+00    0.000000e+00    0.000000e+00  
  1   1  18   1.000000e+01    1.000000e+01    1.414214e+00    1.414214e+00    0.000000e+00    0.000000e+00  
  1   1  19   1.000000e+01    1.000000e+01    1.414214e+00    1.414214e+00    0.000000e+00    0.000000e+00  
  1   1  20   1.000000e+01    1.000000e+01    1.414214e+00    1.414214e+00    0.000000e+00    0.000000e+00  
  1   1  21   1.000000e+01    1.000000e+01    1.414214e+00    1.414214e+00    0.000000e+00    0.000000e+00  
  1   1  22   1.000000e+01    1.000000e+01    1.414214e+00    1.414214e+00    0.000000e+00    0.000000e+00  
  1   1  23   1.000000e+01    1.000000e+01    1.414214e+00    1.414214e+00    0.000000e+00    0.000000e+00  
  1   2   1   1.333333e+01    1.333333e+01    1.414214e+00    1.414214e+00    0.000000e+00    0.000000e+00  
  1   2   2   1.333333e+01    1.333333e+01    1.414214e+00    1.414214e+00    0.000000e+00    0.000000e+00  
  1   2   3   1.333333e+01    1.333333e+01    1.414214e+00    1.414214e+00    0.000000e+00    0.000000e+00  
  1   2   4   1.333333e+01    1.333333e+01    1.414214e+00    1.414214e+00    0.000000e+00    0.000000e+00  
  1   2   5   1.333333e+01    1.333333e+01    1.414214e+00    1.414214e+00    0.000000e+00    0.000000e+00  
  1   2   6   1.333333e+01    1.333333e+01    1.414214e+00    1.414214e+00    0.000000e+00    0.000000e+00  
  1   2   7   1.333333e+01    1.333333e+01    1.414214e+00    1.414214e+00    0.000000e+00    0.000000e+00  
  1   2   8   1.333333e+01    1.333333e+01    1.414214e+00    1.414214e+00    0.000000e+00    0.000000e+00  
  1   2   9   1.333333e+01    1.333333e+01    1.414214e+00    1.414214e+00    0.000000e+00    0.000000e+00  
  1   2  10   1.333333e+01    1.333333e+01    1.414214e+00    1.414214e+00    0.000000e+00    0.000000e+00  
  1   2  11   1.333333e+01    1.333333e+01    1.414214e+00    1.414214e+00    0.000000e+00    0.000000e+00  
  1   2  12   1.333333e+01    1.333333e+01    1.414214e+00    1.414214e+00    0.000000e+00    0.000000e+00  
  1   2  13   1.333333e+01    1.333333e+01    1.414214e+00    1.414214e+00    0.000000e+00    0.000000e+00  
  1   2  14   1.333333e+01    1.333333e+01    1.414214e+00    1.414214e+00    0.000000e+00    0.000000e+00  
  1   2  15   1.333333e+01    1.333333e+01    1.414214e+00    1.414214e+00    0.000000e+00    0.000000e+00  
  1   2  16   1.333333e+01    1.333333e+01    1.414214e+00    1.414214e+00    0.000000e+00    0.000000e+00  
  1   2  17   1.333333e+01    1.333333e+01    1.414214e+00    1.414214e+00    0.000000e+00    0.000000e+00  
  1   2  18   1.333333e+01    1.333333e+01    1.414214e+00    1.414214e+00    0.000000e+00    0.000000e+00  
  1   2  19   1.333333e+01    1.333333e+01    1.414214e+00    1.414214e+00    0.000000e+00    0.000000e+00  
  1   2  20   1.333333e+01    1.333333e+01    1.414214e+00    1.414214e+00    0.000000e+00    0.000000e+00  
  1   2  21   1.333333e+01    1.333333e+01    1.414214e+00    1.414214e+00    0.000000e+00    0.000000e+00  
  1   2  22   1.333333e+01    1.333333e+01    1.414214e+00    1.414214e+00    0.000000e+00    0.000000e+00  
  1   2  23   1.333333e+01    1.333333e+01    1.414214e+00    1.414214e+00    0.000000e+00    0.000000e+00  
  1   2  24   1.333333e+01    1.333333e+01    1.414214e+00    1.414214e+00    0.000000e+00    0.000000e+00  
  1   2  25   1.333333e+01    1.333333e+01    1.414214e+00    1.414214e+00    0.000000e+00    0.000000e+00  
  1   2  26   1.333333e+01    1.333333e+01    1.414214e+00    1.414214e+00    0.000000e+00    0.000000e+00  
  1   2  27   1.333333e+01    1.333333e+01    1.414214e+00    1.414214e+00    0.000000e+00    0.000000e+00  
  1   2  28   1.333333e+01    1.333333e+01    1.414214e+00    1.414214e+00    0.000000e+00    0.000000e+00  
  1   2  29   1.333333e+01    1.333333e+01    1.414214e+00    1.414214e+00    0.000000e+00    0.000000e+00  
  1   2  30   1.333333e+01    1.333333e+01    1.414214e+00    1.414214e+00    0.000000e+00    0.000000e+00  
  1   2  31   1.333333e+01    1.333333e+01    1.414214e+00    1.414214e+00    0.000000e+00    0.000000e+00  
  1   2  32   1.333333e+01    1.333333e+01    1.414214e+00    1.414214e+00    0.000000e+00    0.000000e+00  
  1   2  33   1.333333e+01    1.333333e+01    1.414214e+00    1.414214e+00    0.000000e+00    0.000000e+00  
  1   2  34   1.333333e+01    1.333333e+01    1.414214e+00    1.414214e+00    0.000000e+00    0.000000e+00  
  1   2  35   1.333333e+01    1.333333e+01    1.414214e+00    1.414214e+00    0.000000e+00    0.000000e+00  
  1   2  36   1.333333e+01    1.333333e+01    1.414214e+00    1.414214e+00    0.000000e+00    0.000000e+00  
  1   2  37   1.333333e+01    1.333333e+01    1.414214e+00    1.414214e+00    0.000000e+00    0.000000e+00  
  1   2  38   1.333333e+01    1.333333e+01    1.414214e+00    1.414214e+00    0.000000e+00    0.000000e+00  
  1   2  39   1.333333e+01    1.333333e+01    1.414214e+00    1.414214e+00    0.000000e+00    0.000000e+00  
  1   2  40   1.333333e+01    1.333333e+01    1.414214e+00    1.414214e+00    0.000000e+00    0.000000e+00  
  1   2  41   1.333333e+01    1.333333e+01    1.414214e+00    1.414214e+00    0.000000e+00    0.000000e+00  
  1   2  42   1.333333e+01    1.333333e+01    1.414214e+00    1.414214e+00    0.000000e+00    0.000000e+00  
  1   2  43   1.333333e+01    1.333333e+01    1.414214e+00    1.414214e+00    0.000000e+00    0.000000e+00  
  1   2  44   1.333333e+01    1.333333e+01    1.414214e+00    1.414214e+00    0.000000e+00    0.000000e+00  
  1   2  45   1.333333e+01    1.333333e+01    1.414214e+00    1.414214e+00    0.000000e+00    0.000000e+00  
  1   2  46   1.333333e+01    1.333333e+01    1.414214e+00    1.414214e+00    0.000000e+00    0.000000e+00  
  1   2  47   1.333333e+01    1.333333e+01    1.414214e+00    1.414214e+00    0.000000e+00    0.000000e+00  
  1   2  48   1.333333e+01    1.333333e+01    1.414214e+00    1.414214e+00    0.000000e+00    0.000000e+00  
  1   2  49   1.333333e+01    1.333333e+01    1.414214e+00    1.414214e+00    0.000000e+00    0.000000e+00  
  1   2  50   1.333333e+01    1.333333e+01    1.414214e+00    1.414214e+00    0.000000e+00    0.000000e+00  
  1   2  51   1.333333e+01    1.333333e+01    1.414214e+00    1.414214e+00    0.000000e+00    0.000000e+00  
  1   2  52   1.333333e+01    1.333333e+01    1.414214e+00    1.414214e+00    0.000000e+00    0.000000e+00  
  1   2  53   1.333333e+01    1.333333e+01    1.414214e+00    1.414214e+00    0.000000e+00    0.000000e+00  
  1   2  54   1.333333e+01    1.333333e+01    1.414214e+00    1.414214e+00    0.000000e+00    0.000000e+00  
  1   2  55   1.333333e+01    1.333333e+01    1.414214e+00    1.414214e+00    0.000000e+00    0.000000e+00  
  1   2  56   1.333333e+01    1.333333e+01    1.414214e+00    1.414214e+00    0.000000e+00    0.000000e+00  
  1   2  57   1.333333e+01    1.333333e+01    1.414214e+00    1.414214e+00    0.000000e+00    0.000000e+00  
  1   2  58   1.333333e+01    1.333333e+01    1.414214e+00    1.414214e+00    0.000000e+00    0.000000e+00  
  1   2  59   1.333333e+01    1.333333e+01    1.414214e+00    1.414214e+00    0.000000e+00    0.000000e+00  
  1   2  60   1.333333e+01    1.333333e+01    1.414214e+00    1.414214e+00    0.000000e+00    0.000000e+00  
  1   2  61   1.333333e+01    1.333333e+01    1.414214e+00    1.414214e+00    0.000000e+00    0.000000e+00  
  1   2  62   1.333333e+01    1.333333e+01    1.414214e+00    1.414214e+00    0.000000e+00    0.000000e+00  
  1   3   1   1.000000e+01    1.000000e+01    1.414214e+00    1.414214e+00    0.000000e+00    0.000000e+00  
  1   3   2   1.000000e+01    1.000000e+01    1.414214e+00    1.414214e+00    0.000000e+00    0.000000e+00  
  1   3   3   1.000000e+01    1.000000e+01    1.414214e+00    1.414214e+00    0.000000e+00    0.000000e+00  
  1   3   4   1.000000e+01    1.000000e+01    1.414214e+00    1.414214e+00    0.000000e+00    0.000000e+00  
  1   3   5   1.000000e+01    1.000000e+01    1.414214e+00    1.414214e+00    0.000000e+00    0.000000e+00  
  2   1   1   7.100192e+02    7.100192e+02    4.774794e+01    4.774794e+01    -9.086420e-02    3.187397e-02  
  2   1   2   7.938870e+02    7.938870e+02    1.596968e+02    1.596968e+02    -1.104225e-01    3.218108e-02  
  2   1   3   6.921764e+02    6.921764e+02    3.736121e+01    3.736121e+01    -4.727273e-02    4.569173e-02  
  2   1   4   8.101824e+02    8.101824e+02    3.060076e+01    3.060076e+01    9.180328e-02    3.482844e-02  
  2   1   5   7.334964e+02    7.334964e+02    1.848267e+01    1.848267e+01    6.746988e-03    3.961780e-02  
  2   1   6   5.500000e+02    5.500000e+02    0.000000e+00    0.000000e+00    2.080000e+00    0.000000e+00  
  2   1   7   8.143975e+02    8.143975e+02    2.471200e+01    2.471200e+01    -4.271663e-02    3.430015e-02  
  2   1   8   8.432701e+02    8.432701e+02    2.973898e+01    2.973898e+01    1.143284e-01    3.385749e-02  
  2   1   9   7.713434e+02    7.713434e+02    1.792003e+01    1.792003e+01    -8.838095e-02    3.222896e-02  
  2   1  10   1.000000e+01    1.000000e+01    1.414214e+00    1.414214e+00    0.000000e+00    0.000000e+00  
  2   1  11   8.291039e+02    8.291039e+02    1.915903e+01    1.915903e+01    -9.831991e-02    3.017851e-02  
  2   1  12   7.370219e+02    7.370219e+02    1.394013e+01    1.394013e+01    8.418462e-02    4.434540e-02  
  2   1  13   8.393406e+02    8.393406e+02    1.360274e+01    1.360274e+01    -5.060529e-02    3.014638e-02  
  2   1  14   7.621036e+02    7.621036e+02    1.528437e+01    1.528437e+01    -3.483670e-02    3.164052e-02  
  2   1  15   8.115028e+02    8.115028e+02    1.573385e+01    1.573385e+01    -1.618907e-02    3.464754e-02  
  2   1  16   7.519466e+02    7.519466e+02    1.251246e+01    1.251246e+01    -5.148676e-02    3.108523e-02  
  2   1  17   7.633253e+02    7.633253e+02    1.512333e+01    1.512333e+01    -3.764128e-02    3.141452e-02  
  2   1  18   7.881169e+02    7.881169e+02    1.270549e+01    1.270549e+01    -2.615970e-02    2.328646e-02  
  2   1  19   7.573068e+02    7.573068e+02    1.063144e+01    1.063144e+01    1.020408e-01    2.660300e-02  
  2   1  20   7.770487e+02    7.770487e+02    1.046594e+01    1.046594e+01    5.091264e-02    2.630854e-02  
  2   1  21   7.485776e+02    7.485776e+02    9.119274e+00    9.119274e+00    -6.413292e-02    2.786375e-02  
  2   1  22   7.652715e+02    7.652715e+02    1.244378e+01    1.244378e+01    -1.263474e-01    3.890070e-02  
  2   1  23   6.892785e+02    6.892785e+02    5.844504e+01    5.844504e+01    -6.656934e-02    6.061796e-02  
  2   2   1   1.667360e+03    1.667360e+03    2.181641e+03    2.181641e+03    -1.882353e-02    3.327818e-02  
  2   2   2   1.934423e+03    1.934423e+03    5.352974e+03    5.352974e+03    6.661338e-17    4.170446e-02  
  2   2   3   2.049471e+03    2.049471e+03    8.151964e+01    8.151964e+01    1.066667e-01    3.032320e-02  
  2   2   4   2.127007e+03    2.127007e+03    2.948409e+01    2.948409e+01    3.096774e-02    4.043614e-02  
  2   2   5   2.032823e+03    2.032823e+03    7.913975e+01    7.913975e+01    8.774194e-02    3.237191e-02  
  2   2   6   1.591750e+03    1.591750e+03    6.186537e+01    6.186537e+01    -4.776119e-02    3.088678e-02  
  2   2   7   1.846578e+03    1.846578e+03    9.975146e+01    9.975146e+01    -3.413333e-02    2.969292e-02  
  2   2   8   1.795242e+03    1.795242e+03    6.993473e+01    6.993473e+01    -5.281553e-02    3.261687e-02  
  2   2   9   1.959328e+03    1.959328e+03    4.623612e+01    4.623612e+01    -7.207207e-02    3.171776e-02  
  2   2  10   1.913781e+03    1.913781e+03    4.044995e+01    4.044995e+01    -3.733333e-02    2.382825e-02  
  2   2  11   1.221173e+03    1.221173e+03    2.555601e+02    2.555601e+02    7.194631e-02    2.354610e-02  
  2   2  12   1.748287e+03    1.748287e+03    9.141947e+01    9.141947e+01    1.222930e-02    2.248672e-02  
  2   2  13   2.004838e+03    2.004838e+03    7.513645e+01    7.513645e+01    5.086705e-02    2.954337e-02  
  2   2  14   1.952024e+03    1.952024e+03    6.551644e+01    6.551644e+01    8.523364e-02    3.538206e-02  
  2   2  15   1.836994e+03    1.836994e+03    6.461408e+01    6.461408e+01    -9.000000e-02    3.303704e-02  
  2   2  16   1.747527e+03    1.747527e+03    6.127167e+01    6.127167e+01    -8.000000e-02    2.793328e-02  
  2   2  17   1.730215e+03    1.730215e+03    9.358307e+01    9.358307e+01    1.614035e-02    2.738564e-02  
  2   2  18   1.823397e+03    1.823397e+03    6.302735e+01    6.302735e+01    6.274510e-02    4.229247e-02  
  2   2  19   1.980365e+03    1.980365e+03    3.714214e+01    3.714214e+01    -2.415094e-02    3.882968e-02  
  2   2  20   1.971010e+03    1.971010e+03    6.561353e+01    6.561353e+01    -9.180328e-02    2.978713e-02  
  2   2  21   1.896067e+03    1.896067e+03    4.092321e+01    4.092321e+01    1.391292e-16    4.113245e-02  
  2   2  22   1.870352e+03    1.870352e+03    4.664261e+01    4.664261e+01    -4.904025e-02    2.928894e-02  
  2   2  23   1.873091e+03    1.873091e+03    3.086722e+01    3.086722e+01    -2.837209e-02    3.249801e-02  
  2   2  24   1.818047e+03    1.818047e+03    5.091783e+01    5.091783e+01    -4.902507e-02    3.894596e-02  
  2   2  25   1.861071e+03    1.861071e+03    4.149186e+01    4.149186e+01    -6.175439e-02    3.286188e-02  
  2   2  26   1.810632e+03    1.810632e+03    5.265461e+01    5.265461e+01    -3.644647e-04    2.903732e-02  
  2   2  27   1.877436e+03    1.877436e+03    4.765931e+01    4.765931e+01    -3.330472e-02    2.447059e-02  
  2   2  28   1.868296e+03    1.868296e+03    4.543270e+01    4.543270e+01    -1.798817e-02    2.912512e-02  
  2   2  29   1.904757e+03    1.904757e+03    4.657001e+01    4.657001e+01    -3.945631e-02    3.323401e-02  
  2   2  30   1.805341e+03    1.805341e+03    3.898828e+01    3.898828e+01    2.036364e-02    3.158069e-02  
  2   2  31   1.827127e+03    1.827127e+03    3.200006e+01    3.200006e+01    6.474153e-02    3.763078e-02  
  2   2  32   1.862997e+03    1.862997e+03    3.776101e+01    3.776101e+01    2.556701e-02    1.967434e-02  
  2   2  33   1.867892e+03    1.867892e+03    4.092570e+01    4.092570e+01    3.344774e-02    2.329754e-02  
  2   2  34   1.950645e+03    1.950645e+03    3.627853e+01    3.627853e+01    2.678311e-02    1.810986e-02  
  2   2  35   1.985714e+03    1.985714e+03    3.989253e+01    3.989253e+01    -2.040115e-02    2.011026e-02  
  2   2  36   1.915903e+03    1.915903e+03    3.448188e+01    3.448188e+01    -3.364903e-02    2.391696e-02  
  2   2  37   1.878311e+03    1.878311e+03    3.112037e+01    3.112037e+01    -4.365621e-04    2.291325e-02  
  2   2  38   1.869773e+03    1.869773e+03    3.715528e+01    3.715528e+01    -2.531777e-02    1.757226e-02  
  2   2  39   1.785734e+03    1.785734e+03    4.298523e+01    4.298523e+01    -2.944416e-01    2.712364e-02  
  2   2  40   1.918873e+03    1.918873e+03    3.197554e+01    3.197554e+01    -7.798319e-02    2.503338e-02  
  2   2  41   1.869389e+03    1.869389e+03    3.356556e+01    3.356556e+01    -2.935780e-02    2.074692e-02  
  2   2  42   1.958537e+03    1.958537e+03    3.758942e+01    3.758942e+01    7.298246e-03    2.468177e-02  
  2   2  43   1.333333e+01    1.333333e+01    1.414214e+00    1.414214e+00    0.000000e+00    0.000000e+00  
  2   2  44   1.921295e+03    1.921295e+03    3.911366e+01    3.911366e+01    5.361257e-03    1.985318e-02  
  2   2  45   1.916766e+03    1.916766e+03    3.400568e+01    3.400568e+01    3.486762e-02    2.359305e-02  
  2   2  46   1.957722e+03    1.957722e+03    3.931384e+01    3.931384e+01    -6.540379e-03    2.248260e-02  
  2   2  47   1.934217e+03    1.934217e+03    4.559844e+01    4.559844e+01    -2.514064e-02    2.201396e-02  
  2   2  48   1.959045e+03    1.959045e+03    4.386732e+01    4.386732e+01    -8.162949e-02    2.053362e-02  
  2   2  49   1.938495e+03    1.938495e+03    3.478094e+01    3.478094e+01    2.427146e-02    2.186339e-02  
  2   2  50   1.921311e+03    1.921311e+03    4.065066e+01    4.065066e+01    2.981463e-02    1.940942e-02  
  2   2  51   2.002777e+03    2.002777e+03    3.379595e+01    3.379595e+01    8.154944e-03    1.845479e-02  
  2   2  52   1.869310e+03    1.869310e+03    3.042879e+01    3.042879e+01    -3.581109e-02    1.986476e-02  
  2   2  53   1.893972e+03    1.893972e+03    3.176088e+01    3.176088e+01    1.226481e-02    2.075792e-02  
  2   2  54   1.908496e+03    1.908496e+03    2.969591e+01    2.969591e+01    -2.010811e-02    2.459859e-02  
  2   2  55   1.888278e+03    1.888278e+03    3.898666e+01    3.898666e+01    1.043081e-01    3.113893e-02  
  2   2  56   1.925927e+03    1.925927e+03    3.305094e+01    3.305094e+01    -6.579439e-03    2.706021e-02  
  2   2  57   1.851949e+03    1.851949e+03    3.845296e+01    3.845296e+01    -3.425882e-02    3.365615e-02  
  2   2  58   1.800580e+03    1.800580e+03    3.731549e+01    3.731549e+01    5.333333e-02    4.922998e-02  
  2   2  59   1.746318e+03    1.746318e+03    8.060672e+01    8.060672e+01    -1.343066e-02    4.832955e-02  
  2   2  60   1.862738e+03    1.862738e+03    1.139401e+02    1.139401e+02    -4.794007e-02    4.816438e-02  
  2   2  61   1.713336e+03    1.713336e+03    4.946775e+01    4.946775e+01    -2.124481e-01    4.334394e-02  
  2   2  62   1.522584e+03    1.522584e+03    4.121601e+01    4.121601e+01    1.662338e-01    4.270787e-02  
  2   3   1   1.387454e+03    1.387454e+03    3.385624e+03    3.385624e+03    1.957895e-01    7.086550e-02  
  2   3   2   5.514386e+02    5.514386e+02    6.623239e+01    6.623239e+01    1.238974e-01    5.529804e-02  
  2   3   3   1.040891e+03    1.040891e+03    1.824418e+02    1.824418e+02    1.309942e-01    6.331507e-02  
  2   3   4   1.000000e+01    1.000000e+01    1.414214e+00    1.414214e+00    0.000000e+00    0.000000e+00  
  2   3   5   4.515217e+02    4.515217e+02    1.496480e+02    1.496480e+02    1.705109e-01    6.200071e-02  
  3   1   1   1.000000e+01    1.000000e+01    1.414214e+00    1.414214e+00    0.000000e+00    0.000000e+00  
  3   1   2   1.000000e+01    1.000000e+01    1.414214e+00    1.414214e+00    0.000000e+00    0.000000e+00  
  3   1   3   1.000000e+01    1.000000e+01    1.414214e+00    1.414214e+00    0.000000e+00    0.000000e+00  
  3   1   4   1.000000e+01    1.000000e+01    1.414214e+00    1.414214e+00    0.000000e+00    0.000000e+00  
  3   1   5   1.000000e+01    1.000000e+01    1.414214e+00    1.414214e+00    0.000000e+00    0.000000e+00  
  3   1   6   1.000000e+01    1.000000e+01    1.414214e+00    1.414214e+00    0.000000e+00    0.000000e+00  
  3   1   7   1.000000e+01    1.000000e+01    1.414214e+00    1.414214e+00    0.000000e+00    0.000000e+00  
  3   1   8   1.000000e+01    1.000000e+01    1.414214e+00    1.414214e+00    0.000000e+00    0.000000e+00  
  3   1   9   1.000000e+01    1.000000e+01    1.414214e+00    1.414214e+00    0.000000e+00    0.000000e+00  
  3   1  10   1.000000e+01    1.000000e+01    1.414214e+00    1.414214e+00    0.000000e+00    0.000000e+00  
  3   1  11   1.000000e+01    1.000000e+01    1.414214e+00    1.414214e+00    0.000000e+00    0.000000e+00  
  3   1  12   1.000000e+01    1.000000e+01    1.414214e+00    1.414214e+00    0.000000e+00    0.000000e+00  
  3   1  13   1.000000e+01    1.000000e+01    1.414214e+00    1.414214e+00    0.000000e+00    0.000000e+00  
  3   1  14   1.000000e+01    1.000000e+01    1.414214e+00    1.414214e+00    0.000000e+00    0.000000e+00  
  3   1  15   1.000000e+01    1.000000e+01    1.414214e+00    1.414214e+00    0.000000e+00    0.000000e+00  
  3   1  16   1.000000e+01    1.000000e+01    1.414214e+00    1.414214e+00    0.000000e+00    0.000000e+00  
  3   1  17   1.000000e+01    1.000000e+01    1.414214e+00    1.414214e+00    0.000000e+00    0.000000e+00  
  3   1  18   1.000000e+01    1.000000e+01    1.414214e+00    1.414214e+00    0.000000e+00    0.000000e+00  
  3   1  19   1.000000e+01    1.000000e+01    1.414214e+00    1.414214e+00    0.000000e+00    0.000000e+00  
  3   1  20   1.000000e+01    1.000000e+01    1.414214e+00    1.414214e+00    0.000000e+00    0.000000e+00  
  3   1  21   1.000000e+01    1.000000e+01    1.414214e+00    1.414214e+00    0.000000e+00    0.000000e+00  
  3   1  22   1.000000e+01    1.000000e+01    1.414214e+00    1.414214e+00    0.000000e+00    0.000000e+00  
  3   1  23   1.000000e+01    1.000000e+01    1.414214e+00    1.414214e+00    0.000000e+00    0.000000e+00  
  3   2   1   1.333333e+01    1.333333e+01    1.414214e+00    1.414214e+00    0.000000e+00    0.000000e+00  
  3   2   2   1.333333e+01    1.333333e+01    1.414214e+00    1.414214e+00    0.000000e+00    0.000000e+00  
  3   2   3   1.333333e+01    1.333333e+01    1.414214e+00    1.414214e+00    0.000000e+00    0.000000e+00  
  3   2   4   1.333333e+01    1.333333e+01    1.414214e+00    1.414214e+00    0.000000e+00    0.000000e+00  
  3   2   5   1.333333e+01    1.333333e+01    1.414214e+00    1.414214e+00    0.000000e+00    0.000000e+00  
  3   2   6   1.333333e+01    1.333333e+01    1.414214e+00    1.414214e+00    0.000000e+00    0.000000e+00  
  3   2   7   1.333333e+01    1.333333e+01    1.414214e+00    1.414214e+00    0.000000e+00    0.000000e+00  
  3   2   8   1.333333e+01    1.333333e+01    1.414214e+00    1.414214e+00    0.000000e+00    0.000000e+00  
  3   2   9   1.333333e+01    1.333333e+01    1.414214e+00    1.414214e+00    0.000000e+00    0.000000e+00  
  3   2  10   1.333333e+01    1.333333e+01    1.414214e+00    1.414214e+00    0.000000e+00    0.000000e+00  
  3   2  11   1.333333e+01    1.333333e+01    1.414214e+00    1.414214e+00    0.000000e+00    0.000000e+00  
  3   2  12   1.333333e+01    1.333333e+01    1.414214e+00    1.414214e+00    0.000000e+00    0.000000e+00  
  3   2  13   1.333333e+01    1.333333e+01    1.414214e+00    1.414214e+00    0.000000e+00    0.000000e+00  
  3   2  14   1.333333e+01    1.333333e+01    1.414214e+00    1.414214e+00    0.000000e+00    0.000000e+00  
  3   2  15   1.333333e+01    1.333333e+01    1.414214e+00    1.414214e+00    0.000000e+00    0.000000e+00  
  3   2  16   1.333333e+01    1.333333e+01    1.414214e+00    1.414214e+00    0.000000e+00    0.000000e+00  
  3   2  17   1.333333e+01    1.333333e+01    1.414214e+00    1.414214e+00    0.000000e+00    0.000000e+00  
  3   2  18   1.333333e+01    1.333333e+01    1.414214e+00    1.414214e+00    0.000000e+00    0.000000e+00  
  3   2  19   1.333333e+01    1.333333e+01    1.414214e+00    1.414214e+00    0.000000e+00    0.000000e+00  
  3   2  20   1.333333e+01    1.333333e+01    1.414214e+00    1.414214e+00    0.000000e+00    0.000000e+00  
  3   2  21   1.333333e+01    1.333333e+01    1.414214e+00    1.414214e+00    0.000000e+00    0.000000e+00  
  3   2  22   1.333333e+01    1.333333e+01    1.414214e+00    1.414214e+00    0.000000e+00    0.000000e+00  
  3   2  23   1.333333e+01    1.333333e+01    1.414214e+00    1.414214e+00    0.000000e+00    0.000000e+00  
  3   2  24   1.333333e+01    1.333333e+01    1.414214e+00    1.414214e+00    0.000000e+00    0.000000e+00  
  3   2  25   1.333333e+01    1.333333e+01    1.414214e+00    1.414214e+00    0.000000e+00    0.000000e+00  
  3   2  26   1.333333e+01    1.333333e+01    1.414214e+00    1.414214e+00    0.000000e+00    0.000000e+00  
  3   2  27   1.333333e+01    1.333333e+01    1.414214e+00    1.414214e+00    0.000000e+00    0.000000e+00  
  3   2  28   1.333333e+01    1.333333e+01    1.414214e+00    1.414214e+00    0.000000e+00    0.000000e+00  
  3   2  29   1.333333e+01    1.333333e+01    1.414214e+00    1.414214e+00    0.000000e+00    0.000000e+00  
  3   2  30   1.333333e+01    1.333333e+01    1.414214e+00    1.414214e+00    0.000000e+00    0.000000e+00  
  3   2  31   1.333333e+01    1.333333e+01    1.414214e+00    1.414214e+00    0.000000e+00    0.000000e+00  
  3   2  32   1.333333e+01    1.333333e+01    1.414214e+00    1.414214e+00    0.000000e+00    0.000000e+00  
  3   2  33   1.333333e+01    1.333333e+01    1.414214e+00    1.414214e+00    0.000000e+00    0.000000e+00  
  3   2  34   1.333333e+01    1.333333e+01    1.414214e+00    1.414214e+00    0.000000e+00    0.000000e+00  
  3   2  35   1.333333e+01    1.333333e+01    1.414214e+00    1.414214e+00    0.000000e+00    0.000000e+00  
  3   2  36   1.333333e+01    1.333333e+01    1.414214e+00    1.414214e+00    0.000000e+00    0.000000e+00  
  3   2  37   1.333333e+01    1.333333e+01    1.414214e+00    1.414214e+00    0.000000e+00    0.000000e+00  
  3   2  38   1.333333e+01    1.333333e+01    1.414214e+00    1.414214e+00    0.000000e+00    0.000000e+00  
  3   2  39   1.333333e+01    1.333333e+01    1.414214e+00    1.414214e+00    0.000000e+00    0.000000e+00  
  3   2  40   1.333333e+01    1.333333e+01    1.414214e+00    1.414214e+00    0.000000e+00    0.000000e+00  
  3   2  41   1.333333e+01    1.333333e+01    1.414214e+00    1.414214e+00    0.000000e+00    0.000000e+00  
  3   2  42   1.333333e+01    1.333333e+01    1.414214e+00    1.414214e+00    0.000000e+00    0.000000e+00  
  3   2  43   1.333333e+01    1.333333e+01    1.414214e+00    1.414214e+00    0.000000e+00    0.000000e+00  
  3   2  44   1.333333e+01    1.333333e+01    1.414214e+00    1.414214e+00    0.000000e+00    0.000000e+00  
  3   2  45   1.333333e+01    1.333333e+01    1.414214e+00    1.414214e+00    0.000000e+00    0.000000e+00  
  3   2  46   1.333333e+01    1.333333e+01    1.414214e+00    1.414214e+00    0.000000e+00    0.000000e+00  
  3   2  47   1.333333e+01    1.333333e+01    1.414214e+00    1.414214e+00    0.000000e+00    0.000000e+00  
  3   2  48   1.333333e+01    1.333333e+01    1.414214e+00    1.414214e+00    0.000000e+00    0.000000e+00  
  3   2  49   1.333333e+01    1.333333e+01    1.414214e+00    1.414214e+00    0.000000e+00    0.000000e+00  
  3   2  50   1.333333e+01    1.333333e+01    1.414214e+00    1.414214e+00    0.000000e+00    0.000000e+00  
  3   2  51   1.333333e+01    1.333333e+01    1.414214e+00    1.414214e+00    0.000000e+00    0.000000e+00  
  3   2  52   1.333333e+01    1.333333e+01    1.414214e+00    1.414214e+00    0.000000e+00    0.000000e+00  
  3   2  53   1.333333e+01    1.333333e+01    1.414214e+00    1.414214e+00    0.000000e+00    0.000000e+00  
  3   2  54   1.333333e+01    1.333333e+01    1.414214e+00    1.414214e+00    0.000000e+00    0.000000e+00  
  3   2  55   1.333333e+01    1.333333e+01    1.414214e+00    1.414214e+00    0.000000e+00    0.000000e+00  
  3   2  56   1.333333e+01    1.333333e+01    1.414214e+00    1.414214e+00    0.000000e+00    0.000000e+00  
  3   2  57   1.333333e+01    1.333333e+01    1.414214e+00    1.414214e+00    0.000000e+00    0.000000e+00  
  3   2  58   1.333333e+01    1.333333e+01    1.414214e+00    1.414214e+00    0.000000e+00    0.000000e+00  
  3   2  59   1.333333e+01    1.333333e+01    1.414214e+00    1.414214e+00    0.000000e+00    0.000000e+00  
  3   2  60   1.333333e+01    1.333333e+01    1.414214e+00    1.414214e+00    0.000000e+00    0.000000e+00  
  3   2  61   1.333333e+01    1.333333e+01    1.414214e+00    1.414214e+00    0.000000e+00    0.000000e+00  
  3   2  62   1.333333e+01    1.333333e+01    1.414214e+00    1.414214e+00    0.000000e+00    0.000000e+00  
  3   3   1   1.000000e+01    1.000000e+01    1.414214e+00    1.414214e+00    0.000000e+00    0.000000e+00  
  3   3   2   1.000000e+01    1.000000e+01    1.414214e+00    1.414214e+00    0.000000e+00    0.000000e+00  
  3   3   3   1.000000e+01    1.000000e+01    1.414214e+00    1.414214e+00    0.000000e+00    0.000000e+00  
  3   3   4   1.000000e+01    1.000000e+01    1.414214e+00    1.414214e+00    0.000000e+00    0.000000e+00  
  3   3   5   1.000000e+01    1.000000e+01    1.414214e+00    1.414214e+00    0.000000e+00    0.000000e+00  
  4   1   1   1.000000e+01    1.000000e+01    1.414214e+00    1.414214e+00    0.000000e+00    0.000000e+00  
  4   1   2   1.000000e+01    1.000000e+01    1.414214e+00    1.414214e+00    0.000000e+00    0.000000e+00  
  4   1   3   1.000000e+01    1.000000e+01    1.414214e+00    1.414214e+00    0.000000e+00    0.000000e+00  
  4   1   4   1.000000e+01    1.000000e+01    1.414214e+00    1.414214e+00    0.000000e+00    0.000000e+00  
  4   1   5   1.000000e+01    1.000000e+01    1.414214e+00    1.414214e+00    0.000000e+00    0.000000e+00  
  4   1   6   1.000000e+01    1.000000e+01    1.414214e+00    1.414214e+00    0.000000e+00    0.000000e+00  
  4   1   7   1.000000e+01    1.000000e+01    1.414214e+00    1.414214e+00    0.000000e+00    0.000000e+00  
  4   1   8   1.000000e+01    1.000000e+01    1.414214e+00    1.414214e+00    0.000000e+00    0.000000e+00  
  4   1   9   1.000000e+01    1.000000e+01    1.414214e+00    1.414214e+00    0.000000e+00    0.000000e+00  
  4   1  10   1.000000e+01    1.000000e+01    1.414214e+00    1.414214e+00    0.000000e+00    0.000000e+00  
  4   1  11   1.000000e+01    1.000000e+01    1.414214e+00    1.414214e+00    0.000000e+00    0.000000e+00  
  4   1  12   1.000000e+01    1.000000e+01    1.414214e+00    1.414214e+00    0.000000e+00    0.000000e+00  
  4   1  13   1.000000e+01    1.000000e+01    1.414214e+00    1.414214e+00    0.000000e+00    0.000000e+00  
  4   1  14   1.000000e+01    1.000000e+01    1.414214e+00    1.414214e+00    0.000000e+00    0.000000e+00  
  4   1  15   1.000000e+01    1.000000e+01    1.414214e+00    1.414214e+00    0.000000e+00    0.000000e+00  
  4   1  16   1.000000e+01    1.000000e+01    1.414214e+00    1.414214e+00    0.000000e+00    0.000000e+00  
  4   1  17   1.000000e+01    1.000000e+01    1.414214e+00    1.414214e+00    0.000000e+00    0.000000e+00  
  4   1  18   1.000000e+01    1.000000e+01    1.414214e+00    1.414214e+00    0.000000e+00    0.000000e+00  
  4   1  19   1.000000e+01    1.000000e+01    1.414214e+00    1.414214e+00    0.000000e+00    0.000000e+00  
  4   1  20   1.000000e+01    1.000000e+01    1.414214e+00    1.414214e+00    0.000000e+00    0.000000e+00  
  4   1  21   1.000000e+01    1.000000e+01    1.414214e+00    1.414214e+00    0.000000e+00    0.000000e+00  
  4   1  22   1.000000e+01    1.000000e+01    1.414214e+00    1.414214e+00    0.000000e+00    0.000000e+00  
  4   1  23   1.000000e+01    1.000000e+01    1.414214e+00    1.414214e+00    0.000000e+00    0.000000e+00  
  4   2   1   1.333333e+01    1.333333e+01    1.414214e+00    1.414214e+00    0.000000e+00    0.000000e+00  
  4   2   2   1.333333e+01    1.333333e+01    1.414214e+00    1.414214e+00    0.000000e+00    0.000000e+00  
  4   2   3   1.333333e+01    1.333333e+01    1.414214e+00    1.414214e+00    0.000000e+00    0.000000e+00  
  4   2   4   1.333333e+01    1.333333e+01    1.414214e+00    1.414214e+00    0.000000e+00    0.000000e+00  
  4   2   5   1.333333e+01    1.333333e+01    1.414214e+00    1.414214e+00    0.000000e+00    0.000000e+00  
  4   2   6   1.333333e+01    1.333333e+01    1.414214e+00    1.414214e+00    0.000000e+00    0.000000e+00  
  4   2   7   1.333333e+01    1.333333e+01    1.414214e+00    1.414214e+00    0.000000e+00    0.000000e+00  
  4   2   8   1.333333e+01    1.333333e+01    1.414214e+00    1.414214e+00    0.000000e+00    0.000000e+00  
  4   2   9   1.333333e+01    1.333333e+01    1.414214e+00    1.414214e+00    0.000000e+00    0.000000e+00  
  4   2  10   1.333333e+01    1.333333e+01    1.414214e+00    1.414214e+00    0.000000e+00    0.000000e+00  
  4   2  11   1.333333e+01    1.333333e+01    1.414214e+00    1.414214e+00    0.000000e+00    0.000000e+00  
  4   2  12   1.333333e+01    1.333333e+01    1.414214e+00    1.414214e+00    0.000000e+00    0.000000e+00  
  4   2  13   1.333333e+01    1.333333e+01    1.414214e+00    1.414214e+00    0.000000e+00    0.000000e+00  
  4   2  14   1.333333e+01    1.333333e+01    1.414214e+00    1.414214e+00    0.000000e+00    0.000000e+00  
  4   2  15   1.333333e+01    1.333333e+01    1.414214e+00    1.414214e+00    0.000000e+00    0.000000e+00  
  4   2  16   1.333333e+01    1.333333e+01    1.414214e+00    1.414214e+00    0.000000e+00    0.000000e+00  
  4   2  17   1.333333e+01    1.333333e+01    1.414214e+00    1.414214e+00    0.000000e+00    0.000000e+00  
  4   2  18   1.333333e+01    1.333333e+01    1.414214e+00    1.414214e+00    0.000000e+00    0.000000e+00  
  4   2  19   1.333333e+01    1.333333e+01    1.414214e+00    1.414214e+00    0.000000e+00    0.000000e+00  
  4   2  20   1.333333e+01    1.333333e+01    1.414214e+00    1.414214e+00    0.000000e+00    0.000000e+00  
  4   2  21   1.333333e+01    1.333333e+01    1.414214e+00    1.414214e+00    0.000000e+00    0.000000e+00  
  4   2  22   1.333333e+01    1.333333e+01    1.414214e+00    1.414214e+00    0.000000e+00    0.000000e+00  
  4   2  23   1.333333e+01    1.333333e+01    1.414214e+00    1.414214e+00    0.000000e+00    0.000000e+00  
  4   2  24   1.333333e+01    1.333333e+01    1.414214e+00    1.414214e+00    0.000000e+00    0.000000e+00  
  4   2  25   1.333333e+01    1.333333e+01    1.414214e+00    1.414214e+00    0.000000e+00    0.000000e+00  
  4   2  26   1.333333e+01    1.333333e+01    1.414214e+00    1.414214e+00    0.000000e+00    0.000000e+00  
  4   2  27   1.333333e+01    1.333333e+01    1.414214e+00    1.414214e+00    0.000000e+00    0.000000e+00  
  4   2  28   1.333333e+01    1.333333e+01    1.414214e+00    1.414214e+00    0.000000e+00    0.000000e+00  
  4   2  29   1.333333e+01    1.333333e+01    1.414214e+00    1.414214e+00    0.000000e+00    0.000000e+00  
  4   2  30   1.333333e+01    1.333333e+01    1.414214e+00    1.414214e+00    0.000000e+00    0.000000e+00  
  4   2  31   1.333333e+01    1.333333e+01    1.414214e+00    1.414214e+00    0.000000e+00    0.000000e+00  
  4   2  32   1.333333e+01    1.333333e+01    1.414214e+00    1.414214e+00    0.000000e+00    0.000000e+00  
  4   2  33   1.333333e+01    1.333333e+01    1.414214e+00    1.414214e+00    0.000000e+00    0.000000e+00  
  4   2  34   1.333333e+01    1.333333e+01    1.414214e+00    1.414214e+00    0.000000e+00    0.000000e+00  
  4   2  35   1.333333e+01    1.333333e+01    1.414214e+00    1.414214e+00    0.000000e+00    0.000000e+00  
  4   2  36   1.333333e+01    1.333333e+01    1.414214e+00    1.414214e+00    0.000000e+00    0.000000e+00  
  4   2  37   1.333333e+01    1.333333e+01    1.414214e+00    1.414214e+00    0.000000e+00    0.000000e+00  
  4   2  38   1.333333e+01    1.333333e+01    1.414214e+00    1.414214e+00    0.000000e+00    0.000000e+00  
  4   2  39   1.333333e+01    1.333333e+01    1.414214e+00    1.414214e+00    0.000000e+00    0.000000e+00  
  4   2  40   1.333333e+01    1.333333e+01    1.414214e+00    1.414214e+00    0.000000e+00    0.000000e+00  
  4   2  41   1.333333e+01    1.333333e+01    1.414214e+00    1.414214e+00    0.000000e+00    0.000000e+00  
  4   2  42   1.333333e+01    1.333333e+01    1.414214e+00    1.414214e+00    0.000000e+00    0.000000e+00  
  4   2  43   1.333333e+01    1.333333e+01    1.414214e+00    1.414214e+00    0.000000e+00    0.000000e+00  
  4   2  44   1.333333e+01    1.333333e+01    1.414214e+00    1.414214e+00    0.000000e+00    0.000000e+00  
  4   2  45   1.333333e+01    1.333333e+01    1.414214e+00    1.414214e+00    0.000000e+00    0.000000e+00  
  4   2  46   1.333333e+01    1.333333e+01    1.414214e+00    1.414214e+00    0.000000e+00    0.000000e+00  
  4   2  47   1.333333e+01    1.333333e+01    1.414214e+00    1.414214e+00    0.000000e+00    0.000000e+00  
  4   2  48   1.333333e+01    1.333333e+01    1.414214e+00    1.414214e+00    0.000000e+00    0.000000e+00  
  4   2  49   1.333333e+01    1.333333e+01    1.414214e+00    1.414214e+00    0.000000e+00    0.000000e+00  
  4   2  50   1.333333e+01    1.333333e+01    1.414214e+00    1.414214e+00    0.000000e+00    0.000000e+00  
  4   2  51   1.333333e+01    1.333333e+01    1.414214e+00    1.414214e+00    0.000000e+00    0.000000e+00  
  4   2  52   1.333333e+01    1.333333e+01    1.414214e+00    1.414214e+00    0.000000e+00    0.000000e+00  
  4   2  53   1.333333e+01    1.333333e+01    1.414214e+00    1.414214e+00    0.000000e+00    0.000000e+00  
  4   2  54   1.333333e+01    1.333333e+01    1.414214e+00    1.414214e+00    0.000000e+00    0.000000e+00  
  4   2  55   1.333333e+01    1.333333e+01    1.414214e+00    1.414214e+00    0.000000e+00    0.000000e+00  
  4   2  56   1.333333e+01    1.333333e+01    1.414214e+00    1.414214e+00    0.000000e+00    0.000000e+00  
  4   2  57   1.333333e+01    1.333333e+01    1.414214e+00    1.414214e+00    0.000000e+00    0.000000e+00  
  4   2  58   1.333333e+01    1.333333e+01    1.414214e+00    1.414214e+00    0.000000e+00    0.000000e+00  
  4   2  59   1.333333e+01    1.333333e+01    1.414214e+00    1.414214e+00    0.000000e+00    0.000000e+00  
  4   2  60   1.333333e+01    1.333333e+01    1.414214e+00    1.414214e+00    0.000000e+00    0.000000e+00  
  4   2  61   1.333333e+01    1.333333e+01    1.414214e+00    1.414214e+00    0.000000e+00    0.000000e+00  
  4   2  62   1.333333e+01    1.333333e+01    1.414214e+00    1.414214e+00    0.000000e+00    0.000000e+00  
  4   3   1   1.000000e+01    1.000000e+01    1.414214e+00    1.414214e+00    0.000000e+00    0.000000e+00  
  4   3   2   1.000000e+01    1.000000e+01    1.414214e+00    1.414214e+00    0.000000e+00    0.000000e+00  
  4   3   3   1.000000e+01    1.000000e+01    1.414214e+00    1.414214e+00    0.000000e+00    0.000000e+00  
  4   3   4   1.000000e+01    1.000000e+01    1.414214e+00    1.414214e+00    0.000000e+00    0.000000e+00  
  4   3   5   1.000000e+01    1.000000e+01    1.414214e+00    1.414214e+00    0.000000e+00    0.000000e+00  
  5   1   1   1.000000e+01    1.000000e+01    1.414214e+00    1.414214e+00    0.000000e+00    0.000000e+00  
  5   1   2   1.000000e+01    1.000000e+01    1.414214e+00    1.414214e+00    0.000000e+00    0.000000e+00  
  5   1   3   1.000000e+01    1.000000e+01    1.414214e+00    1.414214e+00    0.000000e+00    0.000000e+00  
  5   1   4   1.000000e+01    1.000000e+01    1.414214e+00    1.414214e+00    0.000000e+00    0.000000e+00  
  5   1   5   1.000000e+01    1.000000e+01    1.414214e+00    1.414214e+00    0.000000e+00    0.000000e+00  
  5   1   6   1.000000e+01    1.000000e+01    1.414214e+00    1.414214e+00    0.000000e+00    0.000000e+00  
  5   1   7   1.000000e+01    1.000000e+01    1.414214e+00    1.414214e+00    0.000000e+00    0.000000e+00  
  5   1   8   1.000000e+01    1.000000e+01    1.414214e+00    1.414214e+00    0.000000e+00    0.000000e+00  
  5   1   9   1.000000e+01    1.000000e+01    1.414214e+00    1.414214e+00    0.000000e+00    0.000000e+00  
  5   1  10   1.000000e+01    1.000000e+01    1.414214e+00    1.414214e+00    0.000000e+00    0.000000e+00  
  5   1  11   1.000000e+01    1.000000e+01    1.414214e+00    1.414214e+00    0.000000e+00    0.000000e+00  
  5   1  12   1.000000e+01    1.000000e+01    1.414214e+00    1.414214e+00    0.000000e+00    0.000000e+00  
  5   1  13   1.000000e+01    1.000000e+01    1.414214e+00    1.414214e+00    0.000000e+00    0.000000e+00  
  5   1  14   1.000000e+01    1.000000e+01    1.414214e+00    1.414214e+00    0.000000e+00    0.000000e+00  
  5   1  15   1.000000e+01    1.000000e+01    1.414214e+00    1.414214e+00    0.000000e+00    0.000000e+00  
  5   1  16   1.000000e+01    1.000000e+01    1.414214e+00    1.414214e+00    0.000000e+00    0.000000e+00  
  5   1  17   1.000000e+01    1.000000e+01    1.414214e+00    1.414214e+00    0.000000e+00    0.000000e+00  
  5   1  18   1.000000e+01    1.000000e+01    1.414214e+00    1.414214e+00    0.000000e+00    0.000000e+00  
  5   1  19   1.000000e+01    1.000000e+01    1.414214e+00    1.414214e+00    0.000000e+00    0.000000e+00  
  5   1  20   1.000000e+01    1.000000e+01    1.414214e+00    1.414214e+00    0.000000e+00    0.000000e+00  
  5   1  21   1.000000e+01    1.000000e+01    1.414214e+00    1.414214e+00    0.000000e+00    0.000000e+00  
  5   1  22   1.000000e+01    1.000000e+01    1.414214e+00    1.414214e+00    0.000000e+00    0.000000e+00  
  5   1  23   1.000000e+01    1.000000e+01    1.414214e+00    1.414214e+00    0.000000e+00    0.000000e+00  
  5   2   1   1.333333e+01    1.333333e+01    1.414214e+00    1.414214e+00    0.000000e+00    0.000000e+00  
  5   2   2   1.333333e+01    1.333333e+01    1.414214e+00    1.414214e+00    0.000000e+00    0.000000e+00  
  5   2   3   1.333333e+01    1.333333e+01    1.414214e+00    1.414214e+00    0.000000e+00    0.000000e+00  
  5   2   4   1.333333e+01    1.333333e+01    1.414214e+00    1.414214e+00    0.000000e+00    0.000000e+00  
  5   2   5   1.333333e+01    1.333333e+01    1.414214e+00    1.414214e+00    0.000000e+00    0.000000e+00  
  5   2   6   1.333333e+01    1.333333e+01    1.414214e+00    1.414214e+00    0.000000e+00    0.000000e+00  
  5   2   7   1.333333e+01    1.333333e+01    1.414214e+00    1.414214e+00    0.000000e+00    0.000000e+00  
  5   2   8   1.333333e+01    1.333333e+01    1.414214e+00    1.414214e+00    0.000000e+00    0.000000e+00  
  5   2   9   1.333333e+01    1.333333e+01    1.414214e+00    1.414214e+00    0.000000e+00    0.000000e+00  
  5   2  10   1.333333e+01    1.333333e+01    1.414214e+00    1.414214e+00    0.000000e+00    0.000000e+00  
  5   2  11   1.333333e+01    1.333333e+01    1.414214e+00    1.414214e+00    0.000000e+00    0.000000e+00  
  5   2  12   1.333333e+01    1.333333e+01    1.414214e+00    1.414214e+00    0.000000e+00    0.000000e+00  
  5   2  13   1.333333e+01    1.333333e+01    1.414214e+00    1.414214e+00    0.000000e+00    0.000000e+00  
  5   2  14   1.333333e+01    1.333333e+01    1.414214e+00    1.414214e+00    0.000000e+00    0.000000e+00  
  5   2  15   1.333333e+01    1.333333e+01    1.414214e+00    1.414214e+00    0.000000e+00    0.000000e+00  
  5   2  16   1.333333e+01    1.333333e+01    1.414214e+00    1.414214e+00    0.000000e+00    0.000000e+00  
  5   2  17   1.333333e+01    1.333333e+01    1.414214e+00    1.414214e+00    0.000000e+00    0.000000e+00  
  5   2  18   1.333333e+01    1.333333e+01    1.414214e+00    1.414214e+00    0.000000e+00    0.000000e+00  
  5   2  19   1.333333e+01    1.333333e+01    1.414214e+00    1.414214e+00    0.000000e+00    0.000000e+00  
  5   2  20   1.333333e+01    1.333333e+01    1.414214e+00    1.414214e+00    0.000000e+00    0.000000e+00  
  5   2  21   1.333333e+01    1.333333e+01    1.414214e+00    1.414214e+00    0.000000e+00    0.000000e+00  
  5   2  22   1.333333e+01    1.333333e+01    1.414214e+00    1.414214e+00    0.000000e+00    0.000000e+00  
  5   2  23   1.333333e+01    1.333333e+01    1.414214e+00    1.414214e+00    0.000000e+00    0.000000e+00  
  5   2  24   1.333333e+01    1.333333e+01    1.414214e+00    1.414214e+00    0.000000e+00    0.000000e+00  
  5   2  25   1.333333e+01    1.333333e+01    1.414214e+00    1.414214e+00    0.000000e+00    0.000000e+00  
  5   2  26   1.333333e+01    1.333333e+01    1.414214e+00    1.414214e+00    0.000000e+00    0.000000e+00  
  5   2  27   1.333333e+01    1.333333e+01    1.414214e+00    1.414214e+00    0.000000e+00    0.000000e+00  
  5   2  28   1.333333e+01    1.333333e+01    1.414214e+00    1.414214e+00    0.000000e+00    0.000000e+00  
  5   2  29   1.333333e+01    1.333333e+01    1.414214e+00    1.414214e+00    0.000000e+00    0.000000e+00  
  5   2  30   1.333333e+01    1.333333e+01    1.414214e+00    1.414214e+00    0.000000e+00    0.000000e+00  
  5   2  31   1.333333e+01    1.333333e+01    1.414214e+00    1.414214e+00    0.000000e+00    0.000000e+00  
  5   2  32   1.333333e+01    1.333333e+01    1.414214e+00    1.414214e+00    0.000000e+00    0.000000e+00  
  5   2  33   1.333333e+01    1.333333e+01    1.414214e+00    1.414214e+00    0.000000e+00    0.000000e+00  
  5   2  34   1.333333e+01    1.333333e+01    1.414214e+00    1.414214e+00    0.000000e+00    0.000000e+00  
  5   2  35   1.333333e+01    1.333333e+01    1.414214e+00    1.414214e+00    0.000000e+00    0.000000e+00  
  5   2  36   1.333333e+01    1.333333e+01    1.414214e+00    1.414214e+00    0.000000e+00    0.000000e+00  
  5   2  37   1.333333e+01    1.333333e+01    1.414214e+00    1.414214e+00    0.000000e+00    0.000000e+00  
  5   2  38   1.333333e+01    1.333333e+01    1.414214e+00    1.414214e+00    0.000000e+00    0.000000e+00  
  5   2  39   1.333333e+01    1.333333e+01    1.414214e+00    1.414214e+00    0.000000e+00    0.000000e+00  
  5   2  40   1.333333e+01    1.333333e+01    1.414214e+00    1.414214e+00    0.000000e+00    0.000000e+00  
  5   2  41   1.333333e+01    1.333333e+01    1.414214e+00    1.414214e+00    0.000000e+00    0.000000e+00  
  5   2  42   1.333333e+01    1.333333e+01    1.414214e+00    1.414214e+00    0.000000e+00    0.000000e+00  
  5   2  43   1.333333e+01    1.333333e+01    1.414214e+00    1.414214e+00    0.000000e+00    0.000000e+00  
  5   2  44   1.333333e+01    1.333333e+01    1.414214e+00    1.414214e+00    0.000000e+00    0.000000e+00  
  5   2  45   1.333333e+01    1.333333e+01    1.414214e+00    1.414214e+00    0.000000e+00    0.000000e+00  
  5   2  46   1.333333e+01    1.333333e+01    1.414214e+00    1.414214e+00    0.000000e+00    0.000000e+00  
  5   2  47   1.333333e+01    1.333333e+01    1.414214e+00    1.414214e+00    0.000000e+00    0.000000e+00  
  5   2  48   1.333333e+01    1.333333e+01    1.414214e+00    1.414214e+00    0.000000e+00    0.000000e+00  
  5   2  49   1.333333e+01    1.333333e+01    1.414214e+00    1.414214e+00    0.000000e+00    0.000000e+00  
  5   2  50   1.333333e+01    1.333333e+01    1.414214e+00    1.414214e+00    0.000000e+00    0.000000e+00  
  5   2  51   1.333333e+01    1.333333e+01    1.414214e+00    1.414214e+00    0.000000e+00    0.000000e+00  
  5   2  52   1.333333e+01    1.333333e+01    1.414214e+00    1.414214e+00    0.000000e+00    0.000000e+00  
  5   2  53   1.333333e+01    1.333333e+01    1.414214e+00    1.414214e+00    0.000000e+00    0.000000e+00  
  5   2  54   1.333333e+01    1.333333e+01    1.414214e+00    1.414214e+00    0.000000e+00    0.000000e+00  
  5   2  55   1.333333e+01    1.333333e+01    1.414214e+00    1.414214e+00    0.000000e+00    0.000000e+00  
  5   2  56   1.333333e+01    1.333333e+01    1.414214e+00    1.414214e+00    0.000000e+00    0.000000e+00  
  5   2  57   1.333333e+01    1.333333e+01    1.414214e+00    1.414214e+00    0.000000e+00    0.000000e+00  
  5   2  58   1.333333e+01    1.333333e+01    1.414214e+00    1.414214e+00    0.000000e+00    0.000000e+00  
  5   2  59   1.333333e+01    1.333333e+01    1.414214e+00    1.414214e+00    0.000000e+00    0.000000e+00  
  5   2  60   1.333333e+01    1.333333e+01    1.414214e+00    1.414214e+00    0.000000e+00    0.000000e+00  
  5   2  61   1.333333e+01    1.333333e+01    1.414214e+00    1.414214e+00    0.000000e+00    0.000000e+00  
  5   2  62   1.333333e+01    1.333333e+01    1.414214e+00    1.414214e+00    0.000000e+00    0.000000e+00  
  5   3   1   1.000000e+01    1.000000e+01    1.414214e+00    1.414214e+00    0.000000e+00    0.000000e+00  
  5   3   2   1.000000e+01    1.000000e+01    1.414214e+00    1.414214e+00    0.000000e+00    0.000000e+00  
  5   3   3   1.000000e+01    1.000000e+01    1.414214e+00    1.414214e+00    0.000000e+00    0.000000e+00  
  5   3   4   1.000000e+01    1.000000e+01    1.414214e+00    1.414214e+00    0.000000e+00    0.000000e+00  
  5   3   5   1.000000e+01    1.000000e+01    1.414214e+00    1.414214e+00    0.000000e+00    0.000000e+00  
  6   1   1   1.000000e+01    1.000000e+01    1.414214e+00    1.414214e+00    0.000000e+00    0.000000e+00  
  6   1   2   1.000000e+01    1.000000e+01    1.414214e+00    1.414214e+00    0.000000e+00    0.000000e+00  
  6   1   3   1.000000e+01    1.000000e+01    1.414214e+00    1.414214e+00    0.000000e+00    0.000000e+00  
  6   1   4   1.000000e+01    1.000000e+01    1.414214e+00    1.414214e+00    0.000000e+00    0.000000e+00  
  6   1   5   1.000000e+01    1.000000e+01    1.414214e+00    1.414214e+00    0.000000e+00    0.000000e+00  
  6   1   6   1.000000e+01    1.000000e+01    1.414214e+00    1.414214e+00    0.000000e+00    0.000000e+00  
  6   1   7   1.000000e+01    1.000000e+01    1.414214e+00    1.414214e+00    0.000000e+00    0.000000e+00  
  6   1   8   1.000000e+01    1.000000e+01    1.414214e+00    1.414214e+00    0.000000e+00    0.000000e+00  
  6   1   9   1.000000e+01    1.000000e+01    1.414214e+00    1.414214e+00    0.000000e+00    0.000000e+00  
  6   1  10   1.000000e+01    1.000000e+01    1.414214e+00    1.414214e+00    0.000000e+00    0.000000e+00  
  6   1  11   1.000000e+01    1.000000e+01    1.414214e+00    1.414214e+00    0.000000e+00    0.000000e+00  
  6   1  12   1.000000e+01    1.000000e+01    1.414214e+00    1.414214e+00    0.000000e+00    0.000000e+00  
  6   1  13   1.000000e+01    1.000000e+01    1.414214e+00    1.414214e+00    0.000000e+00    0.000000e+00  
  6   1  14   1.000000e+01    1.000000e+01    1.414214e+00    1.414214e+00    0.000000e+00    0.000000e+00  
  6   1  15   1.000000e+01    1.000000e+01    1.414214e+00    1.414214e+00    0.000000e+00    0.000000e+00  
  6   1  16   1.000000e+01    1.000000e+01    1.414214e+00    1.414214e+00    0.000000e+00    0.000000e+00  
  6   1  17   1.000000e+01    1.000000e+01    1.414214e+00    1.414214e+00    0.000000e+00    0.000000e+00  
  6   1  18   1.000000e+01    1.000000e+01    1.414214e+00    1.414214e+00    0.000000e+00    0.000000e+00  
  6   1  19   1.000000e+01    1.000000e+01    1.414214e+00    1.414214e+00    0.000000e+00    0.000000e+00  
  6   1  20   1.000000e+01    1.000000e+01    1.414214e+00    1.414214e+00    0.000000e+00    0.000000e+00  
  6   1  21   1.000000e+01    1.000000e+01    1.414214e+00    1.414214e+00    0.000000e+00    0.000000e+00  
  6   1  22   1.000000e+01    1.000000e+01    1.414214e+00    1.414214e+00    0.000000e+00    0.000000e+00  
  6   1  23   1.000000e+01    1.000000e+01    1.414214e+00    1.414214e+00    0.000000e+00    0.000000e+00  
  6   2   1   1.333333e+01    1.333333e+01    1.414214e+00    1.414214e+00    0.000000e+00    0.000000e+00  
  6   2   2   1.333333e+01    1.333333e+01    1.414214e+00    1.414214e+00    0.000000e+00    0.000000e+00  
  6   2   3   1.333333e+01    1.333333e+01    1.414214e+00    1.414214e+00    0.000000e+00    0.000000e+00  
  6   2   4   1.333333e+01    1.333333e+01    1.414214e+00    1.414214e+00    0.000000e+00    0.000000e+00  
  6   2   5   1.333333e+01    1.333333e+01    1.414214e+00    1.414214e+00    0.000000e+00    0.000000e+00  
  6   2   6   1.333333e+01    1.333333e+01    1.414214e+00    1.414214e+00    0.000000e+00    0.000000e+00  
  6   2   7   1.333333e+01    1.333333e+01    1.414214e+00    1.414214e+00    0.000000e+00    0.000000e+00  
  6   2   8   1.333333e+01    1.333333e+01    1.414214e+00    1.414214e+00    0.000000e+00    0.000000e+00  
  6   2   9   1.333333e+01    1.333333e+01    1.414214e+00    1.414214e+00    0.000000e+00    0.000000e+00  
  6   2  10   1.333333e+01    1.333333e+01    1.414214e+00    1.414214e+00    0.000000e+00    0.000000e+00  
  6   2  11   1.333333e+01    1.333333e+01    1.414214e+00    1.414214e+00    0.000000e+00    0.000000e+00  
  6   2  12   1.333333e+01    1.333333e+01    1.414214e+00    1.414214e+00    0.000000e+00    0.000000e+00  
  6   2  13   1.333333e+01    1.333333e+01    1.414214e+00    1.414214e+00    0.000000e+00    0.000000e+00  
  6   2  14   1.333333e+01    1.333333e+01    1.414214e+00    1.414214e+00    0.000000e+00    0.000000e+00  
  6   2  15   1.333333e+01    1.333333e+01    1.414214e+00    1.414214e+00    0.000000e+00    0.000000e+00  
  6   2  16   1.333333e+01    1.333333e+01    1.414214e+00    1.414214e+00    0.000000e+00    0.000000e+00  
  6   2  17   1.333333e+01    1.333333e+01    1.414214e+00    1.414214e+00    0.000000e+00    0.000000e+00  
  6   2  18   1.333333e+01    1.333333e+01    1.414214e+00    1.414214e+00    0.000000e+00    0.000000e+00  
  6   2  19   1.333333e+01    1.333333e+01    1.414214e+00    1.414214e+00    0.000000e+00    0.000000e+00  
  6   2  20   1.333333e+01    1.333333e+01    1.414214e+00    1.414214e+00    0.000000e+00    0.000000e+00  
  6   2  21   1.333333e+01    1.333333e+01    1.414214e+00    1.414214e+00    0.000000e+00    0.000000e+00  
  6   2  22   1.333333e+01    1.333333e+01    1.414214e+00    1.414214e+00    0.000000e+00    0.000000e+00  
  6   2  23   1.333333e+01    1.333333e+01    1.414214e+00    1.414214e+00    0.000000e+00    0.000000e+00  
  6   2  24   1.333333e+01    1.333333e+01    1.414214e+00    1.414214e+00    0.000000e+00    0.000000e+00  
  6   2  25   1.333333e+01    1.333333e+01    1.414214e+00    1.414214e+00    0.000000e+00    0.000000e+00  
  6   2  26   1.333333e+01    1.333333e+01    1.414214e+00    1.414214e+00    0.000000e+00    0.000000e+00  
  6   2  27   1.333333e+01    1.333333e+01    1.414214e+00    1.414214e+00    0.000000e+00    0.000000e+00  
  6   2  28   1.333333e+01    1.333333e+01    1.414214e+00    1.414214e+00    0.000000e+00    0.000000e+00  
  6   2  29   1.333333e+01    1.333333e+01    1.414214e+00    1.414214e+00    0.000000e+00    0.000000e+00  
  6   2  30   1.333333e+01    1.333333e+01    1.414214e+00    1.414214e+00    0.000000e+00    0.000000e+00  
  6   2  31   1.333333e+01    1.333333e+01    1.414214e+00    1.414214e+00    0.000000e+00    0.000000e+00  
  6   2  32   1.333333e+01    1.333333e+01    1.414214e+00    1.414214e+00    0.000000e+00    0.000000e+00  
  6   2  33   1.333333e+01    1.333333e+01    1.414214e+00    1.414214e+00    0.000000e+00    0.000000e+00  
  6   2  34   1.333333e+01    1.333333e+01    1.414214e+00    1.414214e+00    0.000000e+00    0.000000e+00  
  6   2  35   1.333333e+01    1.333333e+01    1.414214e+00    1.414214e+00    0.000000e+00    0.000000e+00  
  6   2  36   1.333333e+01    1.333333e+01    1.414214e+00    1.414214e+00    0.000000e+00    0.000000e+00  
  6   2  37   1.333333e+01    1.333333e+01    1.414214e+00    1.414214e+00    0.000000e+00    0.000000e+00  
  6   2  38   1.333333e+01    1.333333e+01    1.414214e+00    1.414214e+00    0.000000e+00    0.000000e+00  
  6   2  39   1.333333e+01    1.333333e+01    1.414214e+00    1.414214e+00    0.000000e+00    0.000000e+00  
  6   2  40   1.333333e+01    1.333333e+01    1.414214e+00    1.414214e+00    0.000000e+00    0.000000e+00  
  6   2  41   1.333333e+01    1.333333e+01    1.414214e+00    1.414214e+00    0.000000e+00    0.000000e+00  
  6   2  42   1.333333e+01    1.333333e+01    1.414214e+00    1.414214e+00    0.000000e+00    0.000000e+00  
  6   2  43   1.333333e+01    1.333333e+01    1.414214e+00    1.414214e+00    0.000000e+00    0.000000e+00  
  6   2  44   1.333333e+01    1.333333e+01    1.414214e+00    1.414214e+00    0.000000e+00    0.000000e+00  
  6   2  45   1.333333e+01    1.333333e+01    1.414214e+00    1.414214e+00    0.000000e+00    0.000000e+00  
  6   2  46   1.333333e+01    1.333333e+01    1.414214e+00    1.414214e+00    0.000000e+00    0.000000e+00  
  6   2  47   1.333333e+01    1.333333e+01    1.414214e+00    1.414214e+00    0.000000e+00    0.000000e+00  
  6   2  48   1.333333e+01    1.333333e+01    1.414214e+00    1.414214e+00    0.000000e+00    0.000000e+00  
  6   2  49   1.333333e+01    1.333333e+01    1.414214e+00    1.414214e+00    0.000000e+00    0.000000e+00  
  6   2  50   1.333333e+01    1.333333e+01    1.414214e+00    1.414214e+00    0.000000e+00    0.000000e+00  
  6   2  51   1.333333e+01    1.333333e+01    1.414214e+00    1.414214e+00    0.000000e+00    0.000000e+00  
  6   2  52   1.333333e+01    1.333333e+01    1.414214e+00    1.414214e+00    0.000000e+00    0.000000e+00  
  6   2  53   1.333333e+01    1.333333e+01    1.414214e+00    1.414214e+00    0.000000e+00    0.000000e+00  
  6   2  54   1.333333e+01    1.333333e+01    1.414214e+00    1.414214e+00    0.000000e+00    0.000000e+00  
  6   2  55   1.333333e+01    1.333333e+01    1.414214e+00    1.414214e+00    0.000000e+00    0.000000e+00  
  6   2  56   1.333333e+01    1.333333e+01    1.414214e+00    1.414214e+00    0.000000e+00    0.000000e+00  
  6   2  57   1.333333e+01    1.333333e+01    1.414214e+00    1.414214e+00    0.000000e+00    0.000000e+00  
  6   2  58   1.333333e+01    1.333333e+01    1.414214e+00    1.414214e+00    0.000000e+00    0.000000e+00  
  6   2  59   1.333333e+01    1.333333e+01    1.414214e+00    1.414214e+00    0.000000e+00    0.000000e+00  
  6   2  60   1.333333e+01    1.333333e+01    1.414214e+00    1.414214e+00    0.000000e+00    0.000000e+00  
  6   2  61   1.333333e+01    1.333333e+01    1.414214e+00    1.414214e+00    0.000000e+00    0.000000e+00  
  6   2  62   1.333333e+01    1.333333e+01    1.414214e+00    1.414214e+00    0.000000e+00    0.000000e+00  
  6   3   1   1.000000e+01    1.000000e+01    1.414214e+00    1.414214e+00    0.000000e+00    0.000000e+00  
  6   3   2   1.000000e+01    1.000000e+01    1.414214e+00    1.414214e+00    0.000000e+00    0.000000e+00  
  6   3   3   1.000000e+01    1.000000e+01    1.414214e+00    1.414214e+00    0.000000e+00    0.000000e+00  
  6   3   4   1.000000e+01    1.000000e+01    1.414214e+00    1.414214e+00    0.000000e+00    0.000000e+00  
  6   3   5   1.000000e+01    1.000000e+01    1.414214e+00    1.414214e+00    0.000000e+00    0.000000e+00  
