1 1 1 1.295
1 1 2 0.090
1 1 3 2.899
1 1 4 1.358
1 1 5 0.045
1 1 6 4.217
1 1 7 0.169
1 1 8 -0.202
1 1 9 -1.444
1 1 10 1.479
1 1 11 4.706
1 1 12 2.343
1 1 13 -2.800
1 1 14 0.336
1 1 15 0.730
1 1 16 0.377
1 1 17 -3.857
1 1 18 1.642
1 1 19 -0.891
1 1 20 0.306
1 1 21 -0.258
1 1 22 -2.537
1 1 23 -0.826
1 2 1 0.316
1 2 2 0.472
1 2 3 1.336
1 2 4 1.234
1 2 5 1.980
1 2 6 -0.563
1 2 7 -1.003
1 2 8 -0.618
1 2 9 -1.751
1 2 10 0.727
1 2 11 0.846
1 2 12 1.701
1 2 13 0.407
1 2 14 -0.062
1 2 15 0.676
1 2 16 -1.068
1 2 17 0.742
1 2 18 1.329
1 2 19 -0.235
1 2 20 0.188
1 2 21 0.271
1 2 22 -0.421
1 2 23 -0.685
1 2 24 0.542
1 2 25 1.117
1 2 26 0.501
1 2 27 1.096
1 2 28 2.089
1 2 29 -0.162
1 2 30 0.356
1 2 31 0.559
1 2 32 0.834
1 2 33 1.734
1 2 34 0.460
1 2 35 -0.688
1 2 36 -0.749
1 2 37 -1.331
1 2 38 -0.630
1 2 39 -1.629
1 2 40 -1.806
1 2 41 0.785
1 2 42 0.107
1 2 43 0.255
1 2 44 -0.235
1 2 45 -0.990
1 2 46 -0.155
1 2 47 0.165
1 2 48 1.423
1 2 49 1.940
1 2 50 -0.179
1 2 51 0.260
1 2 52 -0.631
1 2 53 -0.610
1 2 54 -1.074
1 2 55 -0.476
1 2 56 -0.091
1 2 57 -0.308
1 2 58 -0.894
1 2 59 -1.452
1 2 60 -0.460
1 2 61 1.666
1 2 62 0.559
1 3 1 11.775
1 3 2 -8.346
1 3 3 -9.610
1 3 4 -7.605
1 3 5 2.960
2 1 1 -3.719
2 1 2 1.608
2 1 3 0.728
2 1 4 -2.423
2 1 5 0.000
2 1 6 0.648
2 1 7 -0.039
2 1 8 -0.738
2 1 9 0.329
2 1 10 0.000
2 1 11 0.707
2 1 12 2.347
2 1 13 1.133
2 1 14 2.664
2 1 15 0.433
2 1 16 1.177
2 1 17 5.579
2 1 18 0.098
2 1 19 -4.523
2 1 20 2.438
2 1 21 0.000
2 1 22 -0.531
2 1 23 -1.636
2 2 1 -1.185
2 2 2 0.094
2 2 3 0.396
2 2 4 1.497
2 2 5 -0.583
2 2 6 -2.116
2 2 7 0.694
2 2 8 -0.101
2 2 9 2.055
2 2 10 1.977
2 2 11 0.874
2 2 12 2.293
2 2 13 -0.482
2 2 14 0.744
2 2 15 0.528
2 2 16 0.103
2 2 17 0.655
2 2 18 0.334
2 2 19 0.019
2 2 20 0.591
2 2 21 -0.460
2 2 22 -0.201
2 2 23 0.050
2 2 24 0.277
2 2 25 0.831
2 2 26 1.182
2 2 27 2.704
2 2 28 0.715
2 2 29 2.762
2 2 30 2.473
2 2 31 0.981
2 2 32 2.959
2 2 33 0.278
2 2 34 0.990
2 2 35 1.421
2 2 36 0.825
2 2 37 -1.080
2 2 38 0.663
2 2 39 1.509
2 2 40 1.065
2 2 41 2.896
2 2 42 0.887
2 2 43 3.639
2 2 44 2.682
2 2 45 2.809
2 2 46 1.660
2 2 47 0.939
2 2 48 2.585
2 2 49 2.302
2 2 50 2.550
2 2 51 -0.090
2 2 52 1.969
2 2 53 1.605
2 2 54 -1.789
2 2 55 -0.296
2 2 56 0.322
2 2 57 0.223
2 2 58 0.279
2 2 59 1.181
2 2 60 3.990
2 2 61 11.953
2 2 62 -7.347
2 3 1 10.882
2 3 2 -9.119
2 3 3 0.061
2 3 4 0.000
2 3 5 6.943
3 1 1 0.000
3 1 2 0.000
3 1 3 0.000
3 1 4 0.000
3 1 5 0.000
3 1 6 0.000
3 1 7 0.000
3 1 8 0.000
3 1 9 0.000
3 1 10 0.000
3 1 11 0.000
3 1 12 0.000
3 1 13 0.000
3 1 14 0.000
3 1 15 0.000
3 1 16 0.000
3 1 17 -7.701
3 1 18 -1.257
3 1 19 0.096
3 1 20 2.215
3 1 21 -1.238
3 1 22 -3.536
3 1 23 0.925
3 2 1 0.000
3 2 2 0.000
3 2 3 0.000
3 2 4 0.000
3 2 5 0.000
3 2 6 0.000
3 2 7 0.000
3 2 8 0.000
3 2 9 0.000
3 2 10 0.000
3 2 11 0.000
3 2 12 0.000
3 2 13 0.000
3 2 14 0.000
3 2 15 0.000
3 2 16 0.000
3 2 17 0.387
3 2 18 -1.913
3 2 19 -0.624
3 2 20 0.093
3 2 21 1.017
3 2 22 -0.484
3 2 23 0.040
3 2 24 0.660
3 2 25 1.162
3 2 26 0.902
3 2 27 -0.938
3 2 28 0.129
3 2 29 2.352
3 2 30 0.000
3 2 31 -0.330
3 2 32 0.000
3 2 33 0.000
3 2 34 0.000
3 2 35 0.000
3 2 36 0.000
3 2 37 0.000
3 2 38 0.000
3 2 39 0.000
3 2 40 0.000
3 2 41 0.000
3 2 42 0.000
3 2 43 0.000
3 2 44 0.000
3 2 45 0.000
3 2 46 0.000
3 2 47 0.000
3 2 48 0.000
3 2 49 -0.155
3 2 50 -2.458
3 2 51 0.547
3 2 52 0.787
3 2 53 1.652
3 2 54 -1.023
3 2 55 0.857
3 2 56 0.103
3 2 57 -0.174
3 2 58 -0.222
3 2 59 -0.888
3 2 60 -0.056
3 2 61 -0.760
3 2 62 -1.628
3 3 1 4.569
3 3 2 0.891
3 3 3 -4.350
3 3 4 -0.746
3 3 5 -2.430
4 1 1 2.125
4 1 2 2.998
4 1 3 1.822
4 1 4 -1.358
4 1 5 -0.607
4 1 6 2.497
4 1 7 0.952
4 1 8 -0.855
4 1 9 -0.634
4 1 10 0.894
4 1 11 3.350
4 1 12 -0.389
4 1 13 0.858
4 1 14 -0.057
4 1 15 4.074
4 1 16 2.309
4 1 17 -2.030
4 1 18 0.000
4 1 19 -0.102
4 1 20 1.264
4 1 21 0.108
4 1 22 1.452
4 1 23 2.104
4 2 1 -0.454
4 2 2 -0.943
4 2 3 -1.557
4 2 4 0.332
4 2 5 0.689
4 2 6 -1.149
4 2 7 0.071
4 2 8 0.652
4 2 9 2.183
4 2 10 1.129
4 2 11 1.096
4 2 12 1.367
4 2 13 0.747
4 2 14 0.622
4 2 15 0.550
4 2 16 -0.417
4 2 17 0.725
4 2 18 -0.717
4 2 19 0.223
4 2 20 2.416
4 2 21 -0.099
4 2 22 0.569
4 2 23 0.301
4 2 24 0.338
4 2 25 1.133
4 2 26 1.303
4 2 27 1.702
4 2 28 0.758
4 2 29 1.839
4 2 30 1.030
4 2 31 0.000
4 2 32 0.100
4 2 33 0.019
4 2 34 1.195
4 2 35 0.921
4 2 36 2.024
4 2 37 0.751
4 2 38 1.481
4 2 39 0.047
4 2 40 -1.216
4 2 41 0.761
4 2 42 1.607
4 2 43 1.460
4 2 44 1.452
4 2 45 1.965
4 2 46 -0.470
4 2 47 0.600
4 2 48 0.391
4 2 49 1.143
4 2 50 -0.292
4 2 51 1.276
4 2 52 0.525
4 2 53 1.620
4 2 54 -0.448
4 2 55 0.816
4 2 56 0.439
4 2 57 0.283
4 2 58 -0.483
4 2 59 0.745
4 2 60 1.734
4 2 61 1.613
4 2 62 -0.709
4 3 1 0.000
4 3 2 1.700
4 3 3 -3.630
4 3 4 12.085
4 3 5 0.000
5 1 1 -0.741
5 1 2 2.439
5 1 3 -0.430
5 1 4 -9.479
5 1 5 -0.114
5 1 6 3.768
5 1 7 -1.657
5 1 8 0.761
5 1 9 1.139
5 1 10 1.566
5 1 11 -0.570
5 1 12 -1.076
5 1 13 2.189
5 1 14 0.932
5 1 15 -3.782
5 1 16 8.427
5 1 17 3.546
5 1 18 0.034
5 1 19 -1.037
5 1 20 0.594
5 1 21 -0.126
5 1 22 -1.016
5 1 23 -0.013
5 2 1 1.595
5 2 2 -0.974
5 2 3 0.179
5 2 4 1.220
5 2 5 0.111
5 2 6 1.508
5 2 7 1.049
5 2 8 0.281
5 2 9 0.692
5 2 10 1.386
5 2 11 0.086
5 2 12 0.799
5 2 13 0.540
5 2 14 0.926
5 2 15 0.660
5 2 16 2.286
5 2 17 -0.057
5 2 18 0.652
5 2 19 1.358
5 2 20 0.392
5 2 21 0.515
5 2 22 -0.512
5 2 23 -0.286
5 2 24 0.426
5 2 25 1.263
5 2 26 0.133
5 2 27 1.093
5 2 28 1.813
5 2 29 1.166
5 2 30 0.922
5 2 31 1.403
5 2 32 0.448
5 2 33 1.624
5 2 34 0.240
5 2 35 0.431
5 2 36 -0.826
5 2 37 0.168
5 2 38 -1.266
5 2 39 -0.681
5 2 40 0.057
5 2 41 0.750
5 2 42 1.168
5 2 43 0.351
5 2 44 0.783
5 2 45 1.810
5 2 46 0.559
5 2 47 1.001
5 2 48 -0.216
5 2 49 -1.043
5 2 50 0.926
5 2 51 1.116
5 2 52 0.253
5 2 53 -0.233
5 2 54 0.506
5 2 55 -1.099
5 2 56 1.669
5 2 57 -1.013
5 2 58 0.638
5 2 59 -0.444
5 2 60 0.047
5 2 61 1.737
5 2 62 -0.845
5 3 1 0.813
5 3 2 0.524
5 3 3 3.040
5 3 4 1.506
5 3 5 -9.494
6 1 1 3.515
6 1 2 -0.246
6 1 3 -2.951
6 1 4 1.497
6 1 5 1.900
6 1 6 -2.668
6 1 7 -0.485
6 1 8 1.944
6 1 9 0.885
6 1 10 -0.112
6 1 11 -1.088
6 1 12 -0.291
6 1 13 1.267
6 1 14 -6.011
6 1 15 -3.560
6 1 16 -0.631
6 1 17 2.917
6 1 18 -0.095
6 1 19 -0.079
6 1 20 1.669
6 1 21 -17.234
6 1 22 -2.500
6 1 23 -1.987
6 2 1 -1.464
6 2 2 -0.075
6 2 3 -0.032
6 2 4 2.098
6 2 5 0.808
6 2 6 1.371
6 2 7 -0.662
6 2 8 -1.855
6 2 9 -0.831
6 2 10 0.292
6 2 11 0.492
6 2 12 0.628
6 2 13 -0.115
6 2 14 0.526
6 2 15 0.028
6 2 16 -1.267
6 2 17 -1.803
6 2 18 -0.566
6 2 19 1.011
6 2 20 -1.179
6 2 21 0.671
6 2 22 -0.369
6 2 23 -0.551
6 2 24 1.076
6 2 25 0.539
6 2 26 -0.163
6 2 27 0.499
6 2 28 -0.836
6 2 29 0.731
6 2 30 -0.537
6 2 31 -0.079
6 2 32 -0.049
6 2 33 -1.584
6 2 34 -0.510
6 2 35 -0.518
6 2 36 0.007
6 2 37 -0.386
6 2 38 -2.035
6 2 39 -1.194
6 2 40 0.107
6 2 41 1.813
6 2 42 0.466
6 2 43 -0.275
6 2 44 -1.202
6 2 45 -0.094
6 2 46 -0.432
6 2 47 -0.367
6 2 48 -0.415
6 2 49 -0.263
6 2 50 1.719
6 2 51 0.240
6 2 52 -0.878
6 2 53 0.551
6 2 54 0.152
6 2 55 0.947
6 2 56 0.047
6 2 57 -0.702
6 2 58 -1.169
6 2 59 -0.349
6 2 60 -0.995
6 2 61 -0.036
6 2 62 -1.165
6 3 1 -18.362
6 3 2 1.754
6 3 3 2.290
6 3 4 -10.030
6 3 5 3.547
