1 1 1 -0.020
1 1 2 -0.017
1 1 3 -0.015
1 1 4 -0.012
1 1 5 -0.015
1 1 6 -0.008
1 1 7 -0.016
1 1 8 -0.009
1 1 9 0.012
1 1 10 -0.016
1 1 11 -0.015
1 1 12 -0.017
1 1 13 -0.012
1 1 14 -0.062
1 1 15 -0.003
1 1 16 -0.006
1 1 17 0.012
1 1 18 -0.014
1 1 19 -0.000
1 1 20 -0.001
1 1 21 -0.044
1 1 22 -0.018
1 1 23 -0.025
1 2 1 -0.002
1 2 2 -0.002
1 2 3 -0.004
1 2 4 -0.001
1 2 5 -0.000
1 2 6 0.001
1 2 7 0.001
1 2 8 0.002
1 2 9 0.001
1 2 10 0.004
1 2 11 0.006
1 2 12 0.005
1 2 13 0.007
1 2 14 0.008
1 2 15 0.006
1 2 16 0.009
1 2 17 0.007
1 2 18 0.011
1 2 19 0.008
1 2 20 0.007
1 2 21 0.006
1 2 22 0.004
1 2 23 0.006
1 2 24 0.008
1 2 25 0.006
1 2 26 0.010
1 2 27 0.007
1 2 28 0.003
1 2 29 0.004
1 2 30 0.003
1 2 31 0.001
1 2 32 -0.000
1 2 33 0.007
1 2 34 0.006
1 2 35 0.005
1 2 36 0.003
1 2 37 -0.000
1 2 38 -0.007
1 2 39 0.003
1 2 40 -0.002
1 2 41 0.007
1 2 42 -0.003
1 2 43 -0.001
1 2 44 -0.033
1 2 45 -0.004
1 2 46 -0.007
1 2 47 -0.010
1 2 48 -0.016
1 2 49 -0.016
1 2 50 -0.008
1 2 51 -0.005
1 2 52 -0.030
1 2 53 0.003
1 2 54 0.052
1 2 55 -0.019
1 2 56 -0.007
1 2 57 -0.022
1 2 58 -0.013
1 2 59 0.001
1 2 60 -0.025
1 2 61 0.002
1 2 62 0.003
1 3 1 -0.000
1 3 2 0.006
1 3 3 0.617
1 3 4 -1.132
1 3 5 -0.149
2 1 1 -0.017
2 1 2 -0.016
2 1 3 -0.016
2 1 4 -0.011
2 1 5 -0.011
2 1 6 -0.011
2 1 7 -0.010
2 1 8 -0.013
2 1 9 -0.047
2 1 10 -0.019
2 1 11 -0.010
2 1 12 -0.003
2 1 13 -0.000
2 1 14 -0.008
2 1 15 -0.016
2 1 16 0.007
2 1 17 -0.006
2 1 18 -0.006
2 1 19 -0.017
2 1 20 -0.015
2 1 21 0.025
2 1 22 -0.019
2 1 23 -0.034
2 2 1 -0.002
2 2 2 -0.000
2 2 3 -0.002
2 2 4 0.000
2 2 5 -0.000
2 2 6 0.002
2 2 7 0.001
2 2 8 0.005
2 2 9 0.003
2 2 10 0.005
2 2 11 0.005
2 2 12 0.006
2 2 13 0.005
2 2 14 0.009
2 2 15 0.007
2 2 16 0.004
2 2 17 0.004
2 2 18 0.007
2 2 19 0.006
2 2 20 0.006
2 2 21 0.008
2 2 22 0.009
2 2 23 0.007
2 2 24 0.009
2 2 25 0.006
2 2 26 0.007
2 2 27 0.003
2 2 28 0.038
2 2 29 0.007
2 2 30 0.016
2 2 31 0.007
2 2 32 0.004
2 2 33 0.061
2 2 34 0.012
2 2 35 -0.002
2 2 36 0.006
2 2 37 0.004
2 2 38 0.002
2 2 39 -0.026
2 2 40 -0.004
2 2 41 -0.006
2 2 42 0.003
2 2 43 -0.002
2 2 44 -0.029
2 2 45 -0.090
2 2 46 -0.001
2 2 47 -0.004
2 2 48 0.003
2 2 49 -0.010
2 2 50 -0.007
2 2 51 -0.006
2 2 52 -0.009
2 2 53 -0.042
2 2 54 -0.006
2 2 55 -0.011
2 2 56 -0.011
2 2 57 -0.027
2 2 58 -0.014
2 2 59 -0.030
2 2 60 0.003
2 2 61 -1.395
2 2 62 -0.010
2 3 1 -0.040
2 3 2 0.051
2 3 3 -0.092
2 3 4 0.050
2 3 5 -0.442
3 1 1 -0.016
3 1 2 -0.015
3 1 3 -0.017
3 1 4 -0.012
3 1 5 -0.019
3 1 6 -0.012
3 1 7 -0.006
3 1 8 -0.011
3 1 9 -0.012
3 1 10 -0.006
3 1 11 -0.003
3 1 12 -0.013
3 1 13 -0.007
3 1 14 -0.002
3 1 15 -0.006
3 1 16 0.023
3 1 17 0.088
3 1 18 -0.011
3 1 19 0.012
3 1 20 -0.031
3 1 21 0.004
3 1 22 0.001
3 1 23 0.018
3 2 1 -0.002
3 2 2 0.000
3 2 3 -0.002
3 2 4 -0.000
3 2 5 0.001
3 2 6 0.003
3 2 7 0.000
3 2 8 0.004
3 2 9 0.003
3 2 10 0.006
3 2 11 0.004
3 2 12 0.006
3 2 13 0.007
3 2 14 0.009
3 2 15 0.008
3 2 16 0.007
3 2 17 0.008
3 2 18 0.009
3 2 19 0.005
3 2 20 0.007
3 2 21 0.006
3 2 22 0.009
3 2 23 0.008
3 2 24 0.007
3 2 25 0.007
3 2 26 0.009
3 2 27 0.002
3 2 28 -0.012
3 2 29 0.006
3 2 30 0.007
3 2 31 0.007
3 2 32 0.009
3 2 33 0.006
3 2 34 0.005
3 2 35 -0.015
3 2 36 0.007
3 2 37 0.002
3 2 38 0.004
3 2 39 0.025
3 2 40 0.022
3 2 41 -0.003
3 2 42 0.003
3 2 43 0.074
3 2 44 -0.009
3 2 45 -0.005
3 2 46 -0.005
3 2 47 -0.005
3 2 48 0.027
3 2 49 0.006
3 2 50 -0.010
3 2 51 -0.008
3 2 52 -0.004
3 2 53 -0.015
3 2 54 -0.010
3 2 55 0.017
3 2 56 -0.018
3 2 57 -0.012
3 2 58 -0.022
3 2 59 0.002
3 2 60 -0.028
3 2 61 0.007
3 2 62 -0.001
3 3 1 -0.005
3 3 2 -0.036
3 3 3 -1.855
3 3 4 1.129
3 3 5 0.124
4 1 1 -0.019
4 1 2 -0.015
4 1 3 -0.015
4 1 4 -0.014
4 1 5 -0.014
4 1 6 -0.012
4 1 7 -0.012
4 1 8 -0.006
4 1 9 -0.009
4 1 10 -0.004
4 1 11 0.007
4 1 12 -0.011
4 1 13 -0.015
4 1 14 0.002
4 1 15 -0.012
4 1 16 0.014
4 1 17 -0.037
4 1 18 -0.026
4 1 19 -0.009
4 1 20 -0.005
4 1 21 -0.024
4 1 22 -0.013
4 1 23 -0.034
4 2 1 -0.002
4 2 2 0.000
4 2 3 -0.002
4 2 4 0.000
4 2 5 -0.000
4 2 6 0.001
4 2 7 0.001
4 2 8 0.005
4 2 9 0.003
4 2 10 0.005
4 2 11 0.003
4 2 12 0.007
4 2 13 0.007
4 2 14 0.008
4 2 15 0.006
4 2 16 0.007
4 2 17 0.008
4 2 18 0.008
4 2 19 0.006
4 2 20 0.009
4 2 21 0.004
4 2 22 0.009
4 2 23 0.003
4 2 24 0.009
4 2 25 0.006
4 2 26 0.006
4 2 27 0.003
4 2 28 0.003
4 2 29 0.006
4 2 30 0.038
4 2 31 0.002
4 2 32 0.003
4 2 33 0.006
4 2 34 0.005
4 2 35 0.002
4 2 36 -0.002
4 2 37 0.003
4 2 38 0.000
4 2 39 0.004
4 2 40 -0.000
4 2 41 -0.008
4 2 42 -0.002
4 2 43 0.008
4 2 44 -0.015
4 2 45 -0.002
4 2 46 -0.006
4 2 47 -0.006
4 2 48 -0.008
4 2 49 -0.015
4 2 50 -0.016
4 2 51 -0.011
4 2 52 -0.010
4 2 53 -0.015
4 2 54 -0.038
4 2 55 -0.007
4 2 56 -0.016
4 2 57 -0.023
4 2 58 -0.016
4 2 59 -0.031
4 2 60 0.001
4 2 61 1.620
4 2 62 -0.793
4 3 1 -0.033
4 3 2 -0.039
4 3 3 -1.094
4 3 4 3.197
4 3 5 -0.854
5 1 1 -0.018
5 1 2 -0.020
5 1 3 -0.014
5 1 4 -0.012
5 1 5 -0.012
5 1 6 -0.012
5 1 7 -0.007
5 1 8 -0.014
5 1 9 -0.088
5 1 10 -0.006
5 1 11 -0.002
5 1 12 -0.002
5 1 13 -0.001
5 1 14 -0.008
5 1 15 -0.009
5 1 16 0.003
5 1 17 -0.012
5 1 18 0.013
5 1 19 -0.014
5 1 20 -0.009
5 1 21 -0.013
5 1 22 0.003
5 1 23 0.052
5 2 1 -0.003
5 2 2 -0.001
5 2 3 -0.002
5 2 4 0.001
5 2 5 -0.002
5 2 6 -0.000
5 2 7 -0.001
5 2 8 0.003
5 2 9 0.003
5 2 10 0.005
5 2 11 0.004
5 2 12 0.005
5 2 13 0.006
5 2 14 0.010
5 2 15 0.007
5 2 16 0.008
5 2 17 0.005
5 2 18 0.008
5 2 19 0.010
5 2 20 0.009
5 2 21 0.005
5 2 22 0.007
5 2 23 0.003
5 2 24 0.005
5 2 25 0.002
5 2 26 0.009
5 2 27 0.005
5 2 28 -0.024
5 2 29 -0.000
5 2 30 0.009
5 2 31 -0.001
5 2 32 0.007
5 2 33 0.038
5 2 34 0.006
5 2 35 0.002
5 2 36 0.000
5 2 37 0.003
5 2 38 -0.004
5 2 39 -0.005
5 2 40 0.003
5 2 41 -0.008
5 2 42 0.048
5 2 43 -0.011
5 2 44 0.005
5 2 45 -0.005
5 2 46 -0.001
5 2 47 -0.012
5 2 48 -0.012
5 2 49 -0.000
5 2 50 -0.006
5 2 51 -0.012
5 2 52 -0.010
5 2 53 -0.010
5 2 54 -0.000
5 2 55 -0.008
5 2 56 -0.010
5 2 57 -0.014
5 2 58 -0.020
5 2 59 -0.005
5 2 60 -0.011
5 2 61 -0.022
5 2 62 -0.022
5 3 1 -0.007
5 3 2 -0.040
5 3 3 0.989
5 3 4 0.865
5 3 5 -0.402
6 1 1 -0.020
6 1 2 -0.017
6 1 3 -0.016
6 1 4 -0.011
6 1 5 -0.012
6 1 6 -0.013
6 1 7 -0.010
6 1 8 -0.004
6 1 9 -0.010
6 1 10 -0.010
6 1 11 -0.013
6 1 12 -0.013
6 1 13 -0.009
6 1 14 -0.004
6 1 15 -0.013
6 1 16 0.038
6 1 17 0.007
6 1 18 -0.009
6 1 19 -0.027
6 1 20 -0.038
6 1 21 -0.037
6 1 22 -0.038
6 1 23 -0.006
6 2 1 -0.003
6 2 2 -0.001
6 2 3 -0.002
6 2 4 -0.001
6 2 5 -0.000
6 2 6 0.002
6 2 7 -0.001
6 2 8 0.005
6 2 9 0.003
6 2 10 0.008
6 2 11 0.005
6 2 12 0.007
6 2 13 0.007
6 2 14 0.008
6 2 15 0.007
6 2 16 0.010
6 2 17 0.009
6 2 18 0.008
6 2 19 0.007
6 2 20 0.006
6 2 21 0.006
6 2 22 0.012
6 2 23 0.004
6 2 24 0.008
6 2 25 -0.012
6 2 26 0.006
6 2 27 -0.012
6 2 28 0.008
6 2 29 0.004
6 2 30 0.006
6 2 31 -0.037
6 2 32 0.003
6 2 33 0.004
6 2 34 0.004
6 2 35 -0.012
6 2 36 0.001
6 2 37 -0.033
6 2 38 0.003
6 2 39 -0.000
6 2 40 0.000
6 2 41 0.004
6 2 42 0.001
6 2 43 -0.008
6 2 44 -0.010
6 2 45 -0.006
6 2 46 -0.008
6 2 47 -0.004
6 2 48 -0.020
6 2 49 -0.007
6 2 50 -0.002
6 2 51 -0.007
6 2 52 -0.006
6 2 53 -0.020
6 2 54 -0.012
6 2 55 -0.022
6 2 56 -0.017
6 2 57 -0.010
6 2 58 -0.012
6 2 59 -0.018
6 2 60 -0.012
6 2 61 -0.030
6 2 62 -0.017
6 3 1 -0.009
6 3 2 -0.019
6 3 3 0.948
6 3 4 0.711
6 3 5 -0.792
