  1   1   1   2.103778e+01    2.103778e+01    6.685379e+01    6.685379e+01  
  1   1   2   1.670647e+01    1.670647e+01    2.606539e+01    2.606539e+01  
  1   1   3   1.281811e+01    1.281811e+01    8.591876e+00    8.591876e+00  
  1   1   4   1.449268e+01    1.449268e+01    1.002925e+01    1.002925e+01  
  1   1   5   1.505059e+01    1.505059e+01    6.847963e+00    6.847963e+00  
  1   1   6   2.062349e+01    2.062349e+01    1.389534e+01    1.389534e+01  
  1   1   7   2.388105e+01    2.388105e+01    2.950654e+01    2.950654e+01  
  1   1   8   1.448289e+01    1.448289e+01    6.923796e+00    6.923796e+00  
  1   1   9   1.155776e+01    1.155776e+01    3.391215e+00    3.391215e+00  
  1   1  10   1.735787e+01    1.735787e+01    7.810008e+00    7.810008e+00  
  1   1  11   1.538002e+01    1.538002e+01    5.339681e+00    5.339681e+00  
  1   1  12   1.723770e+01    1.723770e+01    4.804252e+00    4.804252e+00  
  1   1  13   1.946202e+01    1.946202e+01    8.495603e+00    8.495603e+00  
  1   1  14   1.658208e+01    1.658208e+01    4.851380e+00    4.851380e+00  
  1   1  15   2.437446e+01    2.437446e+01    8.710221e+00    8.710221e+00  
  1   1  16   1.099751e+01    1.099751e+01    1.487862e+00    1.487862e+00  
  1   1  17   1.760013e+01    1.760013e+01    4.119655e+00    4.119655e+00  
  1   1  18   1.238353e+01    1.238353e+01    1.302150e+00    1.302150e+00  
  1   1  19   9.035239e+00    9.035239e+00    8.562539e-01    8.562539e-01  
  1   1  20   1.826033e+01    1.826033e+01    3.594950e+00    3.594950e+00  
  1   1  21   1.738390e+01    1.738390e+01    2.522959e+00    2.522959e+00  
  1   1  22   2.032380e+01    2.032380e+01    3.296138e+00    3.296138e+00  
  1   1  23   1.307152e+01    1.307152e+01    2.239157e+00    2.239157e+00  
  1   2   1   2.426879e+01    2.426879e+01    3.005790e+02    3.005790e+02  
  1   2   2   1.566749e+01    1.566749e+01    6.053325e+01    6.053325e+01  
  1   2   3   1.426210e+01    1.426210e+01    3.493194e+01    3.493194e+01  
  1   2   4   1.557174e+01    1.557174e+01    2.768855e+01    2.768855e+01  
  1   2   5   1.600000e+01    1.600000e+01    3.620387e+02    3.620387e+02  
  1   2   6   1.070851e+01    1.070851e+01    1.060301e+01    1.060301e+01  
  1   2   7   1.726171e+01    1.726171e+01    2.171981e+01    2.171981e+01  
  1   2   8   8.474238e+00    8.474238e+00    5.190792e+00    5.190792e+00  
  1   2   9   1.125443e+01    1.125443e+01    1.217784e+01    1.217784e+01  
  1   2  10   1.384410e+01    1.384410e+01    1.062339e+01    1.062339e+01  
  1   2  11   2.240669e+01    2.240669e+01    2.584848e+01    2.584848e+01  
  1   2  12   1.250097e+01    1.250097e+01    7.839178e+00    7.839178e+00  
  1   2  13   1.894619e+01    1.894619e+01    1.356359e+01    1.356359e+01  
  1   2  14   1.724307e+01    1.724307e+01    2.521985e+01    2.521985e+01  
  1   2  15   2.173554e+01    2.173554e+01    2.795845e+01    2.795845e+01  
  1   2  16   2.430308e+01    2.430308e+01    3.036852e+01    3.036852e+01  
  1   2  17   2.060853e+01    2.060853e+01    2.903386e+01    2.903386e+01  
  1   2  18   1.493807e+01    1.493807e+01    1.085860e+02    1.085860e+02  
  1   2  19   1.951723e+01    1.951723e+01    2.295751e+01    2.295751e+01  
  1   2  20   1.295909e+01    1.295909e+01    1.323230e+01    1.323230e+01  
  1   2  21   1.348716e+01    1.348716e+01    2.955133e+00    2.955133e+00  
  1   2  22   1.903340e+01    1.903340e+01    1.593633e+01    1.593633e+01  
  1   2  23   1.605901e+01    1.605901e+01    2.054948e+01    2.054948e+01  
  1   2  24   2.086872e+01    2.086872e+01    2.034413e+01    2.034413e+01  
  1   2  25   1.265878e+01    1.265878e+01    6.569606e+00    6.569606e+00  
  1   2  26   1.910943e+01    1.910943e+01    1.191103e+02    1.191103e+02  
  1   2  27   1.259758e+01    1.259758e+01    6.146190e+00    6.146190e+00  
  1   2  28   1.237959e+01    1.237959e+01    5.561440e+00    5.561440e+00  
  1   2  29   2.164443e+01    2.164443e+01    1.719484e+01    1.719484e+01  
  1   2  30   2.291794e+01    2.291794e+01    2.735889e+01    2.735889e+01  
  1   2  31   1.490794e+01    1.490794e+01    2.417351e+01    2.417351e+01  
  1   2  32   1.760667e+01    1.760667e+01    9.155576e+00    9.155576e+00  
  1   2  33   1.633088e+01    1.633088e+01    8.354576e+00    8.354576e+00  
  1   2  34   1.737032e+01    1.737032e+01    1.193941e+01    1.193941e+01  
  1   2  35   1.750366e+01    1.750366e+01    6.049256e+00    6.049256e+00  
  1   2  36   2.046362e+01    2.046362e+01    1.706770e+01    1.706770e+01  
  1   2  37   1.464291e+01    1.464291e+01    6.015854e+00    6.015854e+00  
  1   2  38   1.794082e+01    1.794082e+01    9.846163e+00    9.846163e+00  
  1   2  39   1.720369e+01    1.720369e+01    8.828931e+00    8.828931e+00  
  1   2  40   1.543795e+01    1.543795e+01    5.542055e+00    5.542055e+00  
  1   2  41   1.333126e+01    1.333126e+01    1.167542e+01    1.167542e+01  
  1   2  42   1.658107e+01    1.658107e+01    4.813623e+00    4.813623e+00  
  1   2  43   1.932961e+01    1.932961e+01    7.729131e+00    7.729131e+00  
  1   2  44   1.684876e+01    1.684876e+01    7.056780e+00    7.056780e+00  
  1   2  45   1.730491e+01    1.730491e+01    6.692325e+00    6.692325e+00  
  1   2  46   1.638114e+01    1.638114e+01    4.958633e+00    4.958633e+00  
  1   2  47   1.965821e+01    1.965821e+01    9.740360e+00    9.740360e+00  
  1   2  48   1.455692e+01    1.455692e+01    1.761277e+00    1.761277e+00  
  1   2  49   9.891364e+00    9.891364e+00    1.811107e+00    1.811107e+00  
  1   2  50   1.752979e+01    1.752979e+01    6.311437e+00    6.311437e+00  
  1   2  51   1.398308e+01    1.398308e+01    4.534075e+00    4.534075e+00  
  1   2  52   2.034084e+01    2.034084e+01    1.151653e+01    1.151653e+01  
  1   2  53   1.104199e+01    1.104199e+01    4.995762e+00    4.995762e+00  
  1   2  54   1.649039e+01    1.649039e+01    5.361318e+00    5.361318e+00  
  1   2  55   1.842795e+01    1.842795e+01    8.879083e+00    8.879083e+00  
  1   2  56   1.500682e+01    1.500682e+01    1.793736e+01    1.793736e+01  
  1   2  57   1.719134e+01    1.719134e+01    9.072154e+00    9.072154e+00  
  1   2  58   2.087041e+01    2.087041e+01    7.385396e+00    7.385396e+00  
  1   2  59   3.098439e+01    3.098439e+01    1.943657e+01    1.943657e+01  
  1   2  60   1.485095e+01    1.485095e+01    3.471053e+00    3.471053e+00  
  1   2  61   1.045078e+01    1.045078e+01    2.102526e+00    2.102526e+00  
  1   2  62   1.531793e+01    1.531793e+01    3.828292e+00    3.828292e+00  
  1   3   1   1.690889e+01    1.690889e+01    1.909389e+00    1.909389e+00  
  1   3   2   1.289785e+01    1.289785e+01    1.218720e+00    1.218720e+00  
  1   3   3   2.176339e+01    2.176339e+01    6.665497e+00    6.665497e+00  
  1   3   4   1.647421e+01    1.647421e+01    4.717096e+00    4.717096e+00  
  1   3   5   1.796584e+01    1.796584e+01    6.674536e+00    6.674536e+00  
  2   1   1   1.481779e+01    1.481779e+01    3.674678e+01    3.674678e+01  
  2   1   2   1.289208e+01    1.289208e+01    1.301275e+01    1.301275e+01  
  2   1   3   2.194760e+01    2.194760e+01    2.532399e+01    2.532399e+01  
  2   1   4   1.231422e+01    1.231422e+01    7.666828e+00    7.666828e+00  
  2   1   5   1.662887e+01    1.662887e+01    1.186863e+01    1.186863e+01  
  2   1   6   1.737685e+01    1.737685e+01    1.374142e+01    1.374142e+01  
  2   1   7   1.508018e+01    1.508018e+01    8.154001e+00    8.154001e+00  
  2   1   8   1.898694e+01    1.898694e+01    1.039631e+01    1.039631e+01  
  2   1   9   1.953943e+01    1.953943e+01    1.300609e+01    1.300609e+01  
  2   1  10   1.593239e+01    1.593239e+01    7.285361e+00    7.285361e+00  
  2   1  11   1.680860e+01    1.680860e+01    6.005110e+00    6.005110e+00  
  2   1  12   1.246495e+01    1.246495e+01    2.104792e+00    2.104792e+00  
  2   1  13   1.600000e+01    1.600000e+01    3.620387e+02    3.620387e+02  
  2   1  14   1.772839e+01    1.772839e+01    3.787793e+00    3.787793e+00  
  2   1  15   2.253365e+01    2.253365e+01    5.148946e+00    5.148946e+00  
  2   1  16   1.569941e+01    1.569941e+01    2.723431e+00    2.723431e+00  
  2   1  17   2.273510e+01    2.273510e+01    6.602579e+00    6.602579e+00  
  2   1  18   1.614460e+01    1.614460e+01    3.409040e+00    3.409040e+00  
  2   1  19   1.695077e+01    1.695077e+01    3.428510e+00    3.428510e+00  
  2   1  20   2.800831e+01    2.800831e+01    8.230619e+00    8.230619e+00  
  2   1  21   2.113184e+01    2.113184e+01    5.724662e+00    5.724662e+00  
  2   1  22   1.540673e+01    1.540673e+01    2.599009e+00    2.599009e+00  
  2   1  23   1.336128e+01    1.336128e+01    2.196201e+00    2.196201e+00  
  2   2   1   1.711237e+01    1.711237e+01    1.223794e+02    1.223794e+02  
  2   2   2   1.832685e+01    1.832685e+01    8.102907e+01    8.102907e+01  
  2   2   3   1.431739e+01    1.431739e+01    3.014344e+01    3.014344e+01  
  2   2   4   2.236811e+01    2.236811e+01    6.616848e+01    6.616848e+01  
  2   2   5   1.514306e+01    1.514306e+01    1.838870e+01    1.838870e+01  
  2   2   6   2.258547e+01    2.258547e+01    5.284680e+01    5.284680e+01  
  2   2   7   9.768679e+00    9.768679e+00    6.844736e+00    6.844736e+00  
  2   2   8   1.782532e+01    1.782532e+01    2.051712e+01    2.051712e+01  
  2   2   9   1.551455e+01    1.551455e+01    1.683919e+01    1.683919e+01  
  2   2  10   2.619932e+01    2.619932e+01    3.931701e+01    3.931701e+01  
  2   2  11   1.839148e+01    1.839148e+01    2.127229e+01    2.127229e+01  
  2   2  12   3.313036e+01    3.313036e+01    1.611947e+02    1.611947e+02  
  2   2  13   1.641984e+01    1.641984e+01    1.761394e+01    1.761394e+01  
  2   2  14   1.390411e+01    1.390411e+01    1.192523e+01    1.192523e+01  
  2   2  15   1.600863e+01    1.600863e+01    3.434415e+01    3.434415e+01  
  2   2  16   1.947023e+01    1.947023e+01    3.063812e+01    3.063812e+01  
  2   2  17   4.960385e+01    4.960385e+01    2.045662e+02    2.045662e+02  
  2   2  18   1.839489e+01    1.839489e+01    1.713095e+01    1.713095e+01  
  2   2  19   2.116219e+01    2.116219e+01    3.494643e+01    3.494643e+01  
  2   2  20   1.888260e+01    1.888260e+01    2.613317e+01    2.613317e+01  
  2   2  21   1.227493e+01    1.227493e+01    5.226949e+00    5.226949e+00  
  2   2  22   1.621641e+01    1.621641e+01    2.820449e+01    2.820449e+01  
  2   2  23   1.795152e+01    1.795152e+01    2.173330e+01    2.173330e+01  
  2   2  24   2.212853e+01    2.212853e+01    1.354009e+01    1.354009e+01  
  2   2  25   2.009620e+01    2.009620e+01    2.084775e+01    2.084775e+01  
  2   2  26   1.603053e+01    1.603053e+01    1.886350e+01    1.886350e+01  
  2   2  27   1.646963e+01    1.646963e+01    1.819069e+01    1.819069e+01  
  2   2  28   2.149079e+01    2.149079e+01    6.155922e+01    6.155922e+01  
  2   2  29   1.919781e+01    1.919781e+01    1.359434e+01    1.359434e+01  
  2   2  30   3.275356e+01    3.275356e+01    4.171980e+01    4.171980e+01  
  2   2  31   1.734448e+01    1.734448e+01    1.559470e+01    1.559470e+01  
  2   2  32   2.132931e+01    2.132931e+01    1.889406e+01    1.889406e+01  
  2   2  33   1.478928e+01    1.478928e+01    7.360553e+00    7.360553e+00  
  2   2  34   1.590267e+01    1.590267e+01    7.006827e+00    7.006827e+00  
  2   2  35   1.644419e+01    1.644419e+01    4.401136e+00    4.401136e+00  
  2   2  36   2.267290e+01    2.267290e+01    1.552136e+01    1.552136e+01  
  2   2  37   1.643451e+01    1.643451e+01    4.979914e+00    4.979914e+00  
  2   2  38   1.863915e+01    1.863915e+01    7.706926e+00    7.706926e+00  
  2   2  39   1.514655e+01    1.514655e+01    4.879034e+00    4.879034e+00  
  2   2  40   1.720769e+01    1.720769e+01    7.661380e+00    7.661380e+00  
  2   2  41   1.940595e+01    1.940595e+01    7.573824e+00    7.573824e+00  
  2   2  42   1.111809e+01    1.111809e+01    4.110497e+00    4.110497e+00  
  2   2  43   3.190562e+01    3.190562e+01    3.218162e+01    3.218162e+01  
  2   2  44   2.056754e+01    2.056754e+01    1.405953e+01    1.405953e+01  
  2   2  45   1.466862e+01    1.466862e+01    7.122447e+00    7.122447e+00  
  2   2  46   3.419670e+01    3.419670e+01    3.386445e+01    3.386445e+01  
  2   2  47   1.132012e+01    1.132012e+01    6.194677e+00    6.194677e+00  
  2   2  48   1.976177e+01    1.976177e+01    7.338637e+00    7.338637e+00  
  2   2  49   2.775101e+01    2.775101e+01    1.598883e+01    1.598883e+01  
  2   2  50   2.331300e+01    2.331300e+01    9.099761e+00    9.099761e+00  
  2   2  51   1.888686e+01    1.888686e+01    1.074507e+01    1.074507e+01  
  2   2  52   2.102424e+01    2.102424e+01    1.213809e+01    1.213809e+01  
  2   2  53   2.274449e+01    2.274449e+01    7.564103e+00    7.564103e+00  
  2   2  54   2.124516e+01    2.124516e+01    2.295153e+01    2.295153e+01  
  2   2  55   1.890679e+01    1.890679e+01    7.483609e+00    7.483609e+00  
  2   2  56   2.079741e+01    2.079741e+01    1.439896e+01    1.439896e+01  
  2   2  57   1.867353e+01    1.867353e+01    4.053417e+00    4.053417e+00  
  2   2  58   1.676062e+01    1.676062e+01    1.555914e+01    1.555914e+01  
  2   2  59   1.894295e+01    1.894295e+01    5.758821e+00    5.758821e+00  
  2   2  60   1.431615e+01    1.431615e+01    4.048906e+00    4.048906e+00  
  2   2  61   1.376532e+01    1.376532e+01    4.261165e+00    4.261165e+00  
  2   2  62   1.271105e+01    1.271105e+01    7.227375e+01    7.227375e+01  
  2   3   1   1.612903e+01    1.612903e+01    1.631577e+00    1.631577e+00  
  2   3   2   2.484289e+01    2.484289e+01    3.665424e+00    3.665424e+00  
  2   3   3   2.238609e+01    2.238609e+01    5.152380e+00    5.152380e+00  
  2   3   4   1.564486e+01    1.564486e+01    2.949864e+00    2.949864e+00  
  2   3   5   1.905504e+01    1.905504e+01    1.104247e+01    1.104247e+01  
  3   1   1   1.582870e+01    1.582870e+01    3.282129e+01    3.282129e+01  
  3   1   2   1.911476e+01    1.911476e+01    3.300784e+01    3.300784e+01  
  3   1   3   1.638408e+01    1.638408e+01    1.332735e+01    1.332735e+01  
  3   1   4   1.151562e+01    1.151562e+01    5.780235e+00    5.780235e+00  
  3   1   5   1.516261e+01    1.516261e+01    1.119495e+01    1.119495e+01  
  3   1   6   1.535402e+01    1.535402e+01    8.057450e+00    8.057450e+00  
  3   1   7   1.902842e+01    1.902842e+01    1.112615e+01    1.112615e+01  
  3   1   8   2.313011e+01    2.313011e+01    1.665210e+01    1.665210e+01  
  3   1   9   1.533254e+01    1.533254e+01    6.055302e+00    6.055302e+00  
  3   1  10   1.596495e+01    1.596495e+01    6.172973e+00    6.172973e+00  
  3   1  11   1.587099e+01    1.587099e+01    5.123406e+00    5.123406e+00  
  3   1  12   2.182102e+01    2.182102e+01    6.973733e+00    6.973733e+00  
  3   1  13   1.677074e+01    1.677074e+01    5.755993e+00    5.755993e+00  
  3   1  14   1.311607e+01    1.311607e+01    1.966090e+00    1.966090e+00  
  3   1  15   1.764072e+01    1.764072e+01    2.381281e+00    2.381281e+00  
  3   1  16   1.305631e+01    1.305631e+01    1.914146e+00    1.914146e+00  
  3   1  17   2.149884e+01    2.149884e+01    5.850296e+00    5.850296e+00  
  3   1  18   9.413053e+00    9.413053e+00    9.058214e-01    9.058214e-01  
  3   1  19   9.599960e+00    9.599960e+00    1.548861e+00    1.548861e+00  
  3   1  20   1.778313e+01    1.778313e+01    3.293062e+00    3.293062e+00  
  3   1  21   1.671689e+01    1.671689e+01    3.715761e+00    3.715761e+00  
  3   1  22   2.419271e+01    2.419271e+01    8.409973e+00    8.409973e+00  
  3   1  23   1.736687e+01    1.736687e+01    3.190264e+00    3.190264e+00  
  3   2   1   1.993071e+01    1.993071e+01    1.783006e+02    1.783006e+02  
  3   2   2   1.392247e+01    1.392247e+01    3.422313e+01    3.422313e+01  
  3   2   3   1.567809e+01    1.567809e+01    3.899942e+01    3.899942e+01  
  3   2   4   1.660443e+01    1.660443e+01    3.259205e+01    3.259205e+01  
  3   2   5   1.687860e+01    1.687860e+01    3.594933e+01    3.594933e+01  
  3   2   6   1.651724e+01    1.651724e+01    2.099132e+01    2.099132e+01  
  3   2   7   1.530961e+01    1.530961e+01    1.849820e+01    1.849820e+01  
  3   2   8   1.036245e+01    1.036245e+01    6.086143e+00    6.086143e+00  
  3   2   9   1.807666e+01    1.807666e+01    1.473518e+01    1.473518e+01  
  3   2  10   1.655717e+01    1.655717e+01    2.055997e+01    2.055997e+01  
  3   2  11   1.444937e+01    1.444937e+01    1.117826e+01    1.117826e+01  
  3   2  12   1.767193e+01    1.767193e+01    2.064334e+01    2.064334e+01  
  3   2  13   1.359440e+01    1.359440e+01    1.466372e+01    1.466372e+01  
  3   2  14   2.405454e+01    2.405454e+01    5.682695e+01    5.682695e+01  
  3   2  15   2.191927e+01    2.191927e+01    2.349002e+01    2.349002e+01  
  3   2  16   1.437923e+01    1.437923e+01    1.626757e+01    1.626757e+01  
  3   2  17   1.317539e+01    1.317539e+01    1.051707e+01    1.051707e+01  
  3   2  18   1.500872e+01    1.500872e+01    8.596706e+00    8.596706e+00  
  3   2  19   2.322926e+01    2.322926e+01    7.090433e+01    7.090433e+01  
  3   2  20   1.872081e+01    1.872081e+01    2.101396e+01    2.101396e+01  
  3   2  21   1.415662e+01    1.415662e+01    7.453702e+00    7.453702e+00  
  3   2  22   1.994828e+01    1.994828e+01    4.048964e+01    4.048964e+01  
  3   2  23   1.906465e+01    1.906465e+01    2.558685e+01    2.558685e+01  
  3   2  24   2.060155e+01    2.060155e+01    2.651447e+01    2.651447e+01  
  3   2  25   1.517670e+01    1.517670e+01    7.209526e+00    7.209526e+00  
  3   2  26   8.448271e+00    8.448271e+00    5.863300e+00    5.863300e+00  
  3   2  27   1.981973e+01    1.981973e+01    1.466812e+01    1.466812e+01  
  3   2  28   2.203323e+01    2.203323e+01    1.954447e+01    1.954447e+01  
  3   2  29   1.021260e+01    1.021260e+01    1.422363e+01    1.422363e+01  
  3   2  30   2.134485e+01    2.134485e+01    1.285283e+01    1.285283e+01  
  3   2  31   1.702321e+01    1.702321e+01    8.542835e+00    8.542835e+00  
  3   2  32   1.272415e+01    1.272415e+01    6.261567e+00    6.261567e+00  
  3   2  33   1.285973e+01    1.285973e+01    5.229646e+00    5.229646e+00  
  3   2  34   1.565095e+01    1.565095e+01    7.593697e+00    7.593697e+00  
  3   2  35   2.448215e+01    2.448215e+01    1.451169e+01    1.451169e+01  
  3   2  36   1.294987e+01    1.294987e+01    3.518404e+00    3.518404e+00  
  3   2  37   1.181067e+01    1.181067e+01    3.196046e+00    3.196046e+00  
  3   2  38   1.390011e+01    1.390011e+01    4.212571e+00    4.212571e+00  
  3   2  39   1.579038e+01    1.579038e+01    5.649358e+00    5.649358e+00  
  3   2  40   1.404757e+01    1.404757e+01    3.115116e+00    3.115116e+00  
  3   2  41   1.547621e+01    1.547621e+01    1.161264e+01    1.161264e+01  
  3   2  42   2.304264e+01    2.304264e+01    1.218948e+01    1.218948e+01  
  3   2  43   1.907960e+01    1.907960e+01    6.779506e+00    6.779506e+00  
  3   2  44   1.585568e+01    1.585568e+01    6.447158e+00    6.447158e+00  
  3   2  45   1.330691e+01    1.330691e+01    6.380281e+00    6.380281e+00  
  3   2  46   2.169817e+01    2.169817e+01    9.095070e+00    9.095070e+00  
  3   2  47   1.680220e+01    1.680220e+01    4.431394e+00    4.431394e+00  
  3   2  48   1.891052e+01    1.891052e+01    1.154035e+01    1.154035e+01  
  3   2  49   1.464045e+01    1.464045e+01    7.945272e+00    7.945272e+00  
  3   2  50   1.740180e+01    1.740180e+01    5.414743e+00    5.414743e+00  
  3   2  51   1.445342e+01    1.445342e+01    3.221520e+00    3.221520e+00  
  3   2  52   2.219772e+01    2.219772e+01    1.186667e+01    1.186667e+01  
  3   2  53   1.777305e+01    1.777305e+01    5.807702e+00    5.807702e+00  
  3   2  54   1.137162e+01    1.137162e+01    9.014457e+00    9.014457e+00  
  3   2  55   2.741499e+01    2.741499e+01    4.329989e+01    4.329989e+01  
  3   2  56   1.419438e+01    1.419438e+01    3.007556e+00    3.007556e+00  
  3   2  57   3.102276e+01    3.102276e+01    2.675960e+01    2.675960e+01  
  3   2  58   2.406051e+01    2.406051e+01    2.359994e+01    2.359994e+01  
  3   2  59   1.097561e+01    1.097561e+01    5.529310e+01    5.529310e+01  
  3   2  60   2.612221e+01    2.612221e+01    1.202337e+01    1.202337e+01  
  3   2  61   1.316971e+01    1.316971e+01    3.966944e+00    3.966944e+00  
  3   2  62   1.678426e+01    1.678426e+01    2.671706e+01    2.671706e+01  
  3   3   1   1.386127e+01    1.386127e+01    8.458566e-01    8.458566e-01  
  3   3   2   1.100173e+01    1.100173e+01    6.062008e-01    6.062008e-01  
  3   3   3   1.600000e+01    1.600000e+01    3.620387e+02    3.620387e+02  
  3   3   4   1.377871e+01    1.377871e+01    2.731980e+00    2.731980e+00  
  3   3   5   1.140898e+01    1.140898e+01    8.113088e+00    8.113088e+00  
  4   1   1   1.679380e+01    1.679380e+01    3.531641e+01    3.531641e+01  
  4   1   2   2.263305e+01    2.263305e+01    3.465102e+01    3.465102e+01  
  4   1   3   1.457546e+01    1.457546e+01    8.505255e+00    8.505255e+00  
  4   1   4   1.062011e+01    1.062011e+01    5.217035e+00    5.217035e+00  
  4   1   5   2.403833e+01    2.403833e+01    2.953397e+01    2.953397e+01  
  4   1   6   1.546945e+01    1.546945e+01    9.053788e+00    9.053788e+00  
  4   1   7   1.369414e+01    1.369414e+01    5.134668e+00    5.134668e+00  
  4   1   8   2.029552e+01    2.029552e+01    1.498734e+01    1.498734e+01  
  4   1   9   1.446854e+01    1.446854e+01    5.448701e+00    5.448701e+00  
  4   1  10   1.597421e+01    1.597421e+01    8.097763e+00    8.097763e+00  
  4   1  11   1.385701e+01    1.385701e+01    2.684045e+00    2.684045e+00  
  4   1  12   1.929793e+01    1.929793e+01    6.381137e+00    6.381137e+00  
  4   1  13   1.574395e+01    1.574395e+01    3.858713e+00    3.858713e+00  
  4   1  14   2.114227e+01    2.114227e+01    7.506074e+00    7.506074e+00  
  4   1  15   1.453866e+01    1.453866e+01    2.358223e+00    2.358223e+00  
  4   1  16   2.112695e+01    2.112695e+01    4.064204e+00    4.064204e+00  
  4   1  17   1.451323e+01    1.451323e+01    2.089774e+00    2.089774e+00  
  4   1  18   1.609691e+01    1.609691e+01    2.565709e+00    2.565709e+00  
  4   1  19   1.350828e+01    1.350828e+01    2.764501e+00    2.764501e+00  
  4   1  20   1.991422e+01    1.991422e+01    3.689708e+00    3.689708e+00  
  4   1  21   1.931996e+01    1.931996e+01    3.661413e+00    3.661413e+00  
  4   1  22   1.992534e+01    1.992534e+01    3.817083e+00    3.817083e+00  
  4   1  23   1.873751e+01    1.873751e+01    3.377593e+00    3.377593e+00  
  4   2   1   2.173695e+01    2.173695e+01    2.288312e+02    2.288312e+02  
  4   2   2   2.100630e+01    2.100630e+01    7.644329e+01    7.644329e+01  
  4   2   3   2.063974e+01    2.063974e+01    8.626470e+01    8.626470e+01  
  4   2   4   1.641504e+01    1.641504e+01    3.125067e+01    3.125067e+01  
  4   2   5   2.053587e+01    2.053587e+01    4.976385e+01    4.976385e+01  
  4   2   6   1.588934e+01    1.588934e+01    2.448538e+01    2.448538e+01  
  4   2   7   1.607068e+01    1.607068e+01    1.986730e+01    1.986730e+01  
  4   2   8   1.662201e+01    1.662201e+01    2.821301e+01    2.821301e+01  
  4   2   9   1.671528e+01    1.671528e+01    2.045719e+01    2.045719e+01  
  4   2  10   1.377727e+01    1.377727e+01    9.624505e+00    9.624505e+00  
  4   2  11   1.629102e+01    1.629102e+01    1.005731e+01    1.005731e+01  
  4   2  12   2.084770e+01    2.084770e+01    3.330590e+01    3.330590e+01  
  4   2  13   2.370978e+01    2.370978e+01    5.397078e+01    5.397078e+01  
  4   2  14   3.541454e+01    3.541454e+01    8.611192e+01    8.611192e+01  
  4   2  15   2.010534e+01    2.010534e+01    4.286595e+01    4.286595e+01  
  4   2  16   1.066361e+01    1.066361e+01    8.745529e+00    8.745529e+00  
  4   2  17   1.647924e+01    1.647924e+01    3.109479e+01    3.109479e+01  
  4   2  18   1.322821e+01    1.322821e+01    1.424143e+01    1.424143e+01  
  4   2  19   1.421552e+01    1.421552e+01    1.593934e+01    1.593934e+01  
  4   2  20   2.187355e+01    2.187355e+01    4.230809e+01    4.230809e+01  
  4   2  21   1.953094e+01    1.953094e+01    1.717095e+01    1.717095e+01  
  4   2  22   1.686719e+01    1.686719e+01    1.235220e+01    1.235220e+01  
  4   2  23   2.740559e+01    2.740559e+01    3.232765e+01    3.232765e+01  
  4   2  24   1.816215e+01    1.816215e+01    3.732726e+01    3.732726e+01  
  4   2  25   1.128448e+01    1.128448e+01    2.706209e+01    2.706209e+01  
  4   2  26   1.351021e+01    1.351021e+01    7.042217e+01    7.042217e+01  
  4   2  27   2.055696e+01    2.055696e+01    1.632757e+01    1.632757e+01  
  4   2  28   1.218322e+01    1.218322e+01    9.001377e+00    9.001377e+00  
  4   2  29   1.666244e+01    1.666244e+01    1.251257e+01    1.251257e+01  
  4   2  30   1.744398e+01    1.744398e+01    7.735842e+00    7.735842e+00  
  4   2  31   1.613701e+01    1.613701e+01    6.603924e+00    6.603924e+00  
  4   2  32   1.600000e+01    1.600000e+01    3.620387e+02    3.620387e+02  
  4   2  33   5.305527e+01    5.305527e+01    2.321394e+02    2.321394e+02  
  4   2  34   2.001421e+01    2.001421e+01    1.254698e+01    1.254698e+01  
  4   2  35   1.528097e+01    1.528097e+01    6.045579e+00    6.045579e+00  
  4   2  36   1.963788e+01    1.963788e+01    9.583738e+00    9.583738e+00  
  4   2  37   1.621524e+01    1.621524e+01    7.571753e+00    7.571753e+00  
  4   2  38   1.433587e+01    1.433587e+01    6.811287e+00    6.811287e+00  
  4   2  39   1.291275e+01    1.291275e+01    2.046904e+00    2.046904e+00  
  4   2  40   2.686408e+01    2.686408e+01    1.354487e+01    1.354487e+01  
  4   2  41   2.110905e+01    2.110905e+01    9.413431e+00    9.413431e+00  
  4   2  42   1.934091e+01    1.934091e+01    9.200169e+00    9.200169e+00  
  4   2  43   1.468731e+01    1.468731e+01    6.867773e+00    6.867773e+00  
  4   2  44   2.015881e+01    2.015881e+01    2.065586e+01    2.065586e+01  
  4   2  45   1.858209e+01    1.858209e+01    6.321762e+00    6.321762e+00  
  4   2  46   1.060643e+01    1.060643e+01    2.728595e+00    2.728595e+00  
  4   2  47   1.399516e+01    1.399516e+01    4.369385e+00    4.369385e+00  
  4   2  48   2.066761e+01    2.066761e+01    7.596524e+00    7.596524e+00  
  4   2  49   1.901480e+01    1.901480e+01    4.367442e+00    4.367442e+00  
  4   2  50   1.993349e+01    1.993349e+01    7.703228e+00    7.703228e+00  
  4   2  51   2.705590e+01    2.705590e+01    2.622746e+01    2.622746e+01  
  4   2  52   1.333760e+01    1.333760e+01    1.716007e+00    1.716007e+00  
  4   2  53   2.075704e+01    2.075704e+01    5.602987e+00    5.602987e+00  
  4   2  54   1.423585e+01    1.423585e+01    1.245283e+01    1.245283e+01  
  4   2  55   1.633701e+01    1.633701e+01    1.066270e+01    1.066270e+01  
  4   2  56   9.029482e+00    9.029482e+00    1.767544e+00    1.767544e+00  
  4   2  57   1.413840e+01    1.413840e+01    7.267709e+00    7.267709e+00  
  4   2  58   1.493736e+01    1.493736e+01    7.066314e+00    7.066314e+00  
  4   2  59   1.733809e+01    1.733809e+01    2.795684e+01    2.795684e+01  
  4   2  60   1.353821e+01    1.353821e+01    4.781168e+00    4.781168e+00  
  4   2  61   1.192300e+01    1.192300e+01    5.873116e+00    5.873116e+00  
  4   2  62   2.065193e+01    2.065193e+01    8.622070e+00    8.622070e+00  
  4   3   1   1.946396e+01    1.946396e+01    2.535226e+00    2.535226e+00  
  4   3   2   2.153511e+01    2.153511e+01    1.890605e+00    1.890605e+00  
  4   3   3   1.568984e+01    1.568984e+01    2.148483e+00    2.148483e+00  
  4   3   4   2.118264e+01    2.118264e+01    6.792351e+00    6.792351e+00  
  4   3   5   1.946101e+01    1.946101e+01    5.331803e+00    5.331803e+00  
  5   1   1   2.031780e+01    2.031780e+01    6.127722e+01    6.127722e+01  
  5   1   2   1.931185e+01    1.931185e+01    3.132490e+01    3.132490e+01  
  5   1   3   1.521099e+01    1.521099e+01    1.477174e+01    1.477174e+01  
  5   1   4   9.610803e+00    9.610803e+00    4.470506e+00    4.470506e+00  
  5   1   5   2.018200e+01    2.018200e+01    1.673233e+01    1.673233e+01  
  5   1   6   1.153273e+01    1.153273e+01    3.178531e+00    3.178531e+00  
  5   1   7   1.759542e+01    1.759542e+01    1.073059e+01    1.073059e+01  
  5   1   8   1.497180e+01    1.497180e+01    7.160012e+00    7.160012e+00  
  5   1   9   1.780993e+01    1.780993e+01    7.190114e+00    7.190114e+00  
  5   1  10   1.844520e+01    1.844520e+01    1.012409e+01    1.012409e+01  
  5   1  11   1.505807e+01    1.505807e+01    5.034216e+00    5.034216e+00  
  5   1  12   1.511044e+01    1.511044e+01    3.824222e+00    3.824222e+00  
  5   1  13   1.614886e+01    1.614886e+01    2.507512e+00    2.507512e+00  
  5   1  14   1.751771e+01    1.751771e+01    3.384830e+00    3.384830e+00  
  5   1  15   2.239091e+01    2.239091e+01    6.769679e+00    6.769679e+00  
  5   1  16   1.343413e+01    1.343413e+01    2.064334e+00    2.064334e+00  
  5   1  17   1.482333e+01    1.482333e+01    2.529447e+00    2.529447e+00  
  5   1  18   2.417510e+01    2.417510e+01    5.783221e+00    5.783221e+00  
  5   1  19   1.340777e+01    1.340777e+01    1.790106e+00    1.790106e+00  
  5   1  20   1.579098e+01    1.579098e+01    2.272035e+00    2.272035e+00  
  5   1  21   1.571574e+01    1.571574e+01    2.260131e+00    2.260131e+00  
  5   1  22   1.420250e+01    1.420250e+01    1.460013e+00    1.460013e+00  
  5   1  23   1.261703e+01    1.261703e+01    1.464492e+00    1.464492e+00  
  5   2   1   1.996891e+01    1.996891e+01    1.862769e+02    1.862769e+02  
  5   2   2   1.452134e+01    1.452134e+01    4.225487e+01    4.225487e+01  
  5   2   3   1.890700e+01    1.890700e+01    7.248446e+01    7.248446e+01  
  5   2   4   1.411533e+01    1.411533e+01    2.729682e+01    2.729682e+01  
  5   2   5   1.999599e+01    1.999599e+01    3.535285e+01    3.535285e+01  
  5   2   6   1.954097e+01    1.954097e+01    3.313770e+01    3.313770e+01  
  5   2   7   2.204937e+01    2.204937e+01    3.876467e+01    3.876467e+01  
  5   2   8   1.265677e+01    1.265677e+01    9.248831e+00    9.248831e+00  
  5   2   9   1.825985e+01    1.825985e+01    2.539561e+01    2.539561e+01  
  5   2  10   1.634913e+01    1.634913e+01    1.603083e+01    1.603083e+01  
  5   2  11   1.099780e+01    1.099780e+01    7.235318e+00    7.235318e+00  
  5   2  12   2.028342e+01    2.028342e+01    3.394830e+01    3.394830e+01  
  5   2  13   1.687783e+01    1.687783e+01    1.820445e+01    1.820445e+01  
  5   2  14   2.127134e+01    2.127134e+01    3.116591e+01    3.116591e+01  
  5   2  15   1.816346e+01    1.816346e+01    1.224306e+01    1.224306e+01  
  5   2  16   1.645220e+01    1.645220e+01    1.307731e+01    1.307731e+01  
  5   2  17   2.130121e+01    2.130121e+01    2.681867e+01    2.681867e+01  
  5   2  18   1.714013e+01    1.714013e+01    2.044003e+01    2.044003e+01  
  5   2  19   1.223700e+01    1.223700e+01    1.606866e+01    1.606866e+01  
  5   2  20   1.758130e+01    1.758130e+01    2.300401e+01    2.300401e+01  
  5   2  21   1.142245e+01    1.142245e+01    7.482718e+00    7.482718e+00  
  5   2  22   2.019316e+01    2.019316e+01    2.171986e+01    2.171986e+01  
  5   2  23   1.250052e+01    1.250052e+01    6.605978e+00    6.605978e+00  
  5   2  24   1.262966e+01    1.262966e+01    6.103396e+00    6.103396e+00  
  5   2  25   1.542227e+01    1.542227e+01    1.637606e+01    1.637606e+01  
  5   2  26   1.511382e+01    1.511382e+01    3.424547e+01    3.424547e+01  
  5   2  27   1.936990e+01    1.936990e+01    1.290633e+01    1.290633e+01  
  5   2  28   1.453080e+01    1.453080e+01    1.047385e+01    1.047385e+01  
  5   2  29   1.454798e+01    1.454798e+01    7.498070e+00    7.498070e+00  
  5   2  30   1.436294e+01    1.436294e+01    5.644504e+00    5.644504e+00  
  5   2  31   1.387289e+01    1.387289e+01    7.579836e+00    7.579836e+00  
  5   2  32   1.407407e+01    1.407407e+01    7.635140e+00    7.635140e+00  
  5   2  33   1.306995e+01    1.306995e+01    4.008379e+00    4.008379e+00  
  5   2  34   1.975954e+01    1.975954e+01    8.471955e+00    8.471955e+00  
  5   2  35   1.739374e+01    1.739374e+01    6.646449e+00    6.646449e+00  
  5   2  36   3.093409e+01    3.093409e+01    3.587722e+01    3.587722e+01  
  5   2  37   1.625417e+01    1.625417e+01    6.830433e+00    6.830433e+00  
  5   2  38   1.883278e+01    1.883278e+01    9.668131e+00    9.668131e+00  
  5   2  39   1.409125e+01    1.409125e+01    1.012195e+01    1.012195e+01  
  5   2  40   1.721996e+01    1.721996e+01    4.654863e+00    4.654863e+00  
  5   2  41   1.997668e+01    1.997668e+01    1.084681e+01    1.084681e+01  
  5   2  42   6.286150e+01    6.286150e+01    9.543899e+01    9.543899e+01  
  5   2  43   2.259427e+01    2.259427e+01    1.262433e+01    1.262433e+01  
  5   2  44   1.807484e+01    1.807484e+01    9.376185e+00    9.376185e+00  
  5   2  45   1.521799e+01    1.521799e+01    4.334130e+00    4.334130e+00  
  5   2  46   1.794327e+01    1.794327e+01    5.487490e+00    5.487490e+00  
  5   2  47   1.788722e+01    1.788722e+01    4.798301e+00    4.798301e+00  
  5   2  48   2.012968e+01    2.012968e+01    1.018564e+01    1.018564e+01  
  5   2  49   1.600000e+01    1.600000e+01    3.620387e+02    3.620387e+02  
  5   2  50   1.252511e+01    1.252511e+01    2.445561e+00    2.445561e+00  
  5   2  51   1.734703e+01    1.734703e+01    6.273583e+00    6.273583e+00  
  5   2  52   1.994586e+01    1.994586e+01    5.679907e+00    5.679907e+00  
  5   2  53   1.494175e+01    1.494175e+01    3.812354e+00    3.812354e+00  
  5   2  54   1.503098e+01    1.503098e+01    3.223093e+00    3.223093e+00  
  5   2  55   1.554422e+01    1.554422e+01    7.805701e+00    7.805701e+00  
  5   2  56   1.019974e+01    1.019974e+01    1.884685e+00    1.884685e+00  
  5   2  57   1.980527e+01    1.980527e+01    6.795467e+00    6.795467e+00  
  5   2  58   1.440561e+01    1.440561e+01    9.647197e+00    9.647197e+00  
  5   2  59   1.038470e+01    1.038470e+01    2.260946e+00    2.260946e+00  
  5   2  60   2.084111e+01    2.084111e+01    6.606060e+00    6.606060e+00  
  5   2  61   9.425208e+00    9.425208e+00    6.633294e+00    6.633294e+00  
  5   2  62   7.668896e+00    7.668896e+00    2.545226e+00    2.545226e+00  
  5   3   1   1.262461e+01    1.262461e+01    9.867577e-01    9.867577e-01  
  5   3   2   1.778804e+01    1.778804e+01    2.402670e+00    2.402670e+00  
  5   3   3   2.052483e+01    2.052483e+01    3.413618e+00    3.413618e+00  
  5   3   4   1.319067e+01    1.319067e+01    2.078614e+00    2.078614e+00  
  5   3   5   3.088325e+01    3.088325e+01    2.263114e+01    2.263114e+01  
  6   1   1   2.337315e+01    2.337315e+01    5.974635e+01    5.974635e+01  
  6   1   2   1.206171e+01    1.206171e+01    1.067700e+01    1.067700e+01  
  6   1   3   1.962775e+01    1.962775e+01    2.279440e+01    2.279440e+01  
  6   1   4   2.099776e+01    2.099776e+01    1.803095e+01    1.803095e+01  
  6   1   5   1.684248e+01    1.684248e+01    9.432063e+00    9.432063e+00  
  6   1   6   1.408957e+01    1.408957e+01    8.474958e+00    8.474958e+00  
  6   1   7   1.421775e+01    1.421775e+01    6.456002e+00    6.456002e+00  
  6   1   8   2.121264e+01    2.121264e+01    1.123124e+01    1.123124e+01  
  6   1   9   1.343695e+01    1.343695e+01    5.188977e+00    5.188977e+00  
  6   1  10   1.892468e+01    1.892468e+01    7.535895e+00    7.535895e+00  
  6   1  11   2.083192e+01    2.083192e+01    1.064568e+01    1.064568e+01  
  6   1  12   1.534523e+01    1.534523e+01    4.555776e+00    4.555776e+00  
  6   1  13   2.294596e+01    2.294596e+01    6.888367e+00    6.888367e+00  
  6   1  14   1.402624e+01    1.402624e+01    3.363237e+00    3.363237e+00  
  6   1  15   2.000440e+01    2.000440e+01    5.509298e+00    5.509298e+00  
  6   1  16   2.088261e+01    2.088261e+01    6.345896e+00    6.345896e+00  
  6   1  17   1.633522e+01    1.633522e+01    2.149406e+00    2.149406e+00  
  6   1  18   2.208096e+01    2.208096e+01    5.229071e+00    5.229071e+00  
  6   1  19   1.547610e+01    1.547610e+01    2.780863e+00    2.780863e+00  
  6   1  20   1.339654e+01    1.339654e+01    1.697475e+00    1.697475e+00  
  6   1  21   1.714294e+01    1.714294e+01    2.000801e+00    2.000801e+00  
  6   1  22   2.207574e+01    2.207574e+01    3.880846e+00    3.880846e+00  
  6   1  23   1.639082e+01    1.639082e+01    2.655841e+00    2.655841e+00  
  6   2   1   2.043641e+01    2.043641e+01    1.650195e+02    1.650195e+02  
  6   2   2   1.716036e+01    1.716036e+01    6.916765e+01    6.916765e+01  
  6   2   3   1.977525e+01    1.977525e+01    6.739169e+01    6.739169e+01  
  6   2   4   1.552946e+01    1.552946e+01    3.008834e+01    3.008834e+01  
  6   2   5   2.043677e+01    2.043677e+01    4.422060e+01    4.422060e+01  
  6   2   6   1.717266e+01    1.717266e+01    2.892015e+01    2.892015e+01  
  6   2   7   1.331921e+01    1.331921e+01    1.580950e+01    1.580950e+01  
  6   2   8   1.813887e+01    1.813887e+01    2.774249e+01    2.774249e+01  
  6   2   9   1.503403e+01    1.503403e+01    1.072610e+01    1.072610e+01  
  6   2  10   1.347331e+01    1.347331e+01    8.842135e+00    8.842135e+00  
  6   2  11   1.939433e+01    1.939433e+01    1.996130e+01    1.996130e+01  
  6   2  12   1.701189e+01    1.701189e+01    1.949751e+01    1.949751e+01  
  6   2  13   1.551851e+01    1.551851e+01    1.158116e+01    1.158116e+01  
  6   2  14   1.740297e+01    1.740297e+01    3.990059e+01    3.990059e+01  
  6   2  15   1.904233e+01    1.904233e+01    2.207530e+01    2.207530e+01  
  6   2  16   2.569027e+01    2.569027e+01    8.096851e+01    8.096851e+01  
  6   2  17   1.385021e+01    1.385021e+01    1.618680e+01    1.618680e+01  
  6   2  18   1.640669e+01    1.640669e+01    2.227940e+01    2.227940e+01  
  6   2  19   1.404888e+01    1.404888e+01    1.431201e+01    1.431201e+01  
  6   2  20   1.650758e+01    1.650758e+01    1.437345e+01    1.437345e+01  
  6   2  21   1.631194e+01    1.631194e+01    2.075460e+01    2.075460e+01  
  6   2  22   1.620136e+01    1.620136e+01    1.934821e+01    1.934821e+01  
  6   2  23   1.147856e+01    1.147856e+01    8.336994e+00    8.336994e+00  
  6   2  24   1.363088e+01    1.363088e+01    1.860051e+01    1.860051e+01  
  6   2  25   1.520028e+01    1.520028e+01    1.156672e+01    1.156672e+01  
  6   2  26   1.170461e+01    1.170461e+01    6.658448e+00    6.658448e+00  
  6   2  27   1.654492e+01    1.654492e+01    1.702582e+01    1.702582e+01  
  6   2  28   1.457829e+01    1.457829e+01    4.534208e+01    4.534208e+01  
  6   2  29   1.236328e+01    1.236328e+01    7.625752e+00    7.625752e+00  
  6   2  30   1.660901e+01    1.660901e+01    7.485402e+00    7.485402e+00  
  6   2  31   1.550094e+01    1.550094e+01    6.238554e+00    6.238554e+00  
  6   2  32   1.602452e+01    1.602452e+01    8.590528e+00    8.590528e+00  
  6   2  33   2.536096e+01    2.536096e+01    2.354476e+01    2.354476e+01  
  6   2  34   1.936253e+01    1.936253e+01    1.475401e+01    1.475401e+01  
  6   2  35   1.850221e+01    1.850221e+01    1.971563e+01    1.971563e+01  
  6   2  36   1.246659e+02    1.246659e+02    5.774895e+02    5.774895e+02  
  6   2  37   1.563420e+01    1.563420e+01    6.649415e+00    6.649415e+00  
  6   2  38   1.427676e+01    1.427676e+01    3.915498e+00    3.915498e+00  
  6   2  39   2.315301e+01    2.315301e+01    1.568587e+01    1.568587e+01  
  6   2  40   1.824899e+01    1.824899e+01    1.150021e+01    1.150021e+01  
  6   2  41   2.253935e+01    2.253935e+01    1.061621e+01    1.061621e+01  
  6   2  42   1.587332e+01    1.587332e+01    5.258405e+00    5.258405e+00  
  6   2  43   2.141184e+01    2.141184e+01    1.171292e+01    1.171292e+01  
  6   2  44   1.876987e+01    1.876987e+01    8.598878e+00    8.598878e+00  
  6   2  45   1.509747e+01    1.509747e+01    4.897394e+00    4.897394e+00  
  6   2  46   1.261377e+01    1.261377e+01    4.701587e+00    4.701587e+00  
  6   2  47   2.593374e+01    2.593374e+01    1.055748e+01    1.055748e+01  
  6   2  48   1.921274e+01    1.921274e+01    1.652039e+01    1.652039e+01  
  6   2  49   1.648329e+01    1.648329e+01    6.421638e+00    6.421638e+00  
  6   2  50   1.253923e+01    1.253923e+01    2.711401e+00    2.711401e+00  
  6   2  51   2.215147e+01    2.215147e+01    1.078359e+01    1.078359e+01  
  6   2  52   1.325282e+01    1.325282e+01    4.445092e+00    4.445092e+00  
  6   2  53   1.393312e+01    1.393312e+01    6.031905e+00    6.031905e+00  
  6   2  54   1.838197e+01    1.838197e+01    4.515994e+00    4.515994e+00  
  6   2  55   1.968665e+01    1.968665e+01    9.300255e+00    9.300255e+00  
  6   2  56   1.809595e+01    1.809595e+01    5.591640e+00    5.591640e+00  
  6   2  57   4.203729e+01    4.203729e+01    9.586896e+01    9.586896e+01  
  6   2  58   1.260644e+01    1.260644e+01    2.541172e+00    2.541172e+00  
  6   2  59   2.523142e+01    2.523142e+01    1.103804e+01    1.103804e+01  
  6   2  60   2.844098e+01    2.844098e+01    1.678134e+01    1.678134e+01  
  6   2  61   1.321951e+01    1.321951e+01    5.578543e+00    5.578543e+00  
  6   2  62   1.656789e+01    1.656789e+01    9.751655e+00    9.751655e+00  
  6   3   1   1.826024e+01    1.826024e+01    2.546387e+00    2.546387e+00  
  6   3   2   1.765380e+01    1.765380e+01    1.618891e+00    1.618891e+00  
  6   3   3   1.689901e+01    1.689901e+01    1.557153e+00    1.557153e+00  
  6   3   4   1.021707e+01    1.021707e+01    1.709547e+00    1.709547e+00  
  6   3   5   1.504235e+01    1.504235e+01    1.780129e+01    1.780129e+01  
