1 1 1 1.305
1 1 2 0.125
1 1 3 2.897
1 1 4 1.345
1 1 5 -0.006
1 1 6 4.257
1 1 7 0.184
1 1 8 -0.166
1 1 9 -1.358
1 1 10 1.510
1 1 11 4.725
1 1 12 2.448
1 1 13 -2.699
1 1 14 0.404
1 1 15 0.835
1 1 16 0.654
1 1 17 -3.581
1 1 18 1.984
1 1 19 -0.541
1 1 20 0.767
1 1 21 0.452
1 1 22 -1.949
1 1 23 -0.151
1 2 1 0.300
1 2 2 0.466
1 2 3 1.372
1 2 4 1.241
1 2 5 1.990
1 2 6 -0.560
1 2 7 -1.005
1 2 8 -0.614
1 2 9 -1.731
1 2 10 0.744
1 2 11 0.826
1 2 12 1.694
1 2 13 0.406
1 2 14 -0.083
1 2 15 0.625
1 2 16 -1.096
1 2 17 0.730
1 2 18 1.300
1 2 19 -0.238
1 2 20 0.144
1 2 21 0.245
1 2 22 -0.469
1 2 23 -0.666
1 2 24 0.550
1 2 25 1.154
1 2 26 0.452
1 2 27 1.055
1 2 28 2.022
1 2 29 -0.158
1 2 30 0.343
1 2 31 0.565
1 2 32 0.886
1 2 33 1.838
1 2 34 0.506
1 2 35 -0.634
1 2 36 -0.716
1 2 37 -1.341
1 2 38 -0.558
1 2 39 -1.484
1 2 40 -1.809
1 2 41 0.998
1 2 42 0.211
1 2 43 0.375
1 2 44 -0.014
1 2 45 -0.704
1 2 46 0.012
1 2 47 0.479
1 2 48 1.714
1 2 49 2.138
1 2 50 0.018
1 2 51 0.511
1 2 52 -0.420
1 2 53 -0.473
1 2 54 -0.635
1 2 55 -0.165
1 2 56 0.342
1 2 57 -0.036
1 2 58 -0.420
1 2 59 -0.835
1 2 60 -0.008
1 2 61 2.076
1 2 62 0.916
1 3 1 12.367
1 3 2 -7.877
1 3 3 -9.237
1 3 4 -7.000
1 3 5 3.250
2 1 1 -3.717
2 1 2 1.421
2 1 3 0.979
2 1 4 -2.042
2 1 5 0.000
2 1 6 -0.340
2 1 7 -0.110
2 1 8 -1.130
2 1 9 -0.050
2 1 10 0.000
2 1 11 0.137
2 1 12 1.925
2 1 13 0.614
2 1 14 1.975
2 1 15 0.528
2 1 16 0.157
2 1 17 4.784
2 1 18 -0.724
2 1 19 -4.864
2 1 20 1.891
2 1 21 0.000
2 1 22 0.355
2 1 23 -1.252
2 2 1 -1.640
2 2 2 -0.090
2 2 3 0.444
2 2 4 1.380
2 2 5 -0.318
2 2 6 -1.804
2 2 7 0.573
2 2 8 -1.063
2 2 9 1.978
2 2 10 1.491
2 2 11 1.841
2 2 12 0.863
2 2 13 -0.630
2 2 14 0.578
2 2 15 -0.581
2 2 16 0.767
2 2 17 0.792
2 2 18 0.550
2 2 19 -0.021
2 2 20 -0.133
2 2 21 -0.292
2 2 22 -0.181
2 2 23 -0.510
2 2 24 -0.614
2 2 25 -0.141
2 2 26 0.394
2 2 27 1.803
2 2 28 0.371
2 2 29 1.804
2 2 30 1.978
2 2 31 0.404
2 2 32 2.867
2 2 33 0.084
2 2 34 0.195
2 2 35 0.677
2 2 36 0.365
2 2 37 -0.593
2 2 38 0.506
2 2 39 0.715
2 2 40 0.816
2 2 41 2.335
2 2 42 0.782
2 2 43 2.172
2 2 44 1.411
2 2 45 1.751
2 2 46 0.647
2 2 47 -0.178
2 2 48 2.300
2 2 49 1.516
2 2 50 1.998
2 2 51 -0.270
2 2 52 0.793
2 2 53 1.698
2 2 54 -0.102
2 2 55 -0.338
2 2 56 0.249
2 2 57 0.555
2 2 58 0.630
2 2 59 2.107
2 2 60 0.650
2 2 61 2.178
2 2 62 -0.290
2 3 1 9.732
2 3 2 -0.518
2 3 3 1.141
2 3 4 0.000
2 3 5 7.257
3 1 1 0.000
3 1 2 0.000
3 1 3 0.000
3 1 4 0.000
3 1 5 0.000
3 1 6 0.000
3 1 7 0.000
3 1 8 0.000
3 1 9 0.000
3 1 10 0.000
3 1 11 0.000
3 1 12 0.000
3 1 13 0.000
3 1 14 0.000
3 1 15 0.000
3 1 16 0.000
3 1 17 -8.232
3 1 18 -1.612
3 1 19 -0.501
3 1 20 1.769
3 1 21 -1.780
3 1 22 -3.998
3 1 23 -0.966
3 2 1 0.000
3 2 2 0.000
3 2 3 0.000
3 2 4 0.000
3 2 5 0.000
3 2 6 0.000
3 2 7 0.000
3 2 8 0.000
3 2 9 0.000
3 2 10 0.000
3 2 11 0.000
3 2 12 0.000
3 2 13 0.000
3 2 14 0.000
3 2 15 0.000
3 2 16 0.000
3 2 17 0.424
3 2 18 -1.877
3 2 19 -0.614
3 2 20 0.125
3 2 21 1.047
3 2 22 -0.443
3 2 23 0.098
3 2 24 0.730
3 2 25 1.209
3 2 26 0.974
3 2 27 -0.862
3 2 28 0.198
3 2 29 2.455
3 2 30 0.000
3 2 31 -0.274
3 2 32 0.000
3 2 33 0.000
3 2 34 0.000
3 2 35 0.000
3 2 36 0.000
3 2 37 0.000
3 2 38 0.000
3 2 39 0.000
3 2 40 0.000
3 2 41 0.000
3 2 42 0.000
3 2 43 0.000
3 2 44 0.000
3 2 45 0.000
3 2 46 0.000
3 2 47 0.000
3 2 48 0.000
3 2 49 -0.331
3 2 50 -2.605
3 2 51 0.379
3 2 52 0.521
3 2 53 1.419
3 2 54 -1.267
3 2 55 0.575
3 2 56 -0.006
3 2 57 -0.377
3 2 58 -0.473
3 2 59 -1.373
3 2 60 -0.421
3 2 61 -1.172
3 2 62 -1.816
3 3 1 4.149
3 3 2 0.227
3 3 3 -4.914
3 3 4 -1.554
3 3 5 -3.483
4 1 1 2.070
4 1 2 2.833
4 1 3 1.600
4 1 4 -1.646
4 1 5 -0.912
4 1 6 2.170
4 1 7 0.500
4 1 8 -1.303
4 1 9 -1.122
4 1 10 0.312
4 1 11 2.719
4 1 12 -0.997
4 1 13 0.167
4 1 14 -0.771
4 1 15 3.278
4 1 16 1.511
4 1 17 -2.914
4 1 18 0.000
4 1 19 -1.110
4 1 20 0.183
4 1 21 -1.108
4 1 22 0.343
4 1 23 0.995
4 2 1 -0.469
4 2 2 -1.043
4 2 3 -1.647
4 2 4 0.269
4 2 5 0.608
4 2 6 -1.234
4 2 7 -0.065
4 2 8 0.474
4 2 9 1.983
4 2 10 0.939
4 2 11 0.861
4 2 12 1.142
4 2 13 0.481
4 2 14 0.390
4 2 15 0.305
4 2 16 -0.662
4 2 17 0.469
4 2 18 -0.950
4 2 19 -0.074
4 2 20 2.116
4 2 21 -0.382
4 2 22 0.283
4 2 23 -0.016
4 2 24 -0.046
4 2 25 0.766
4 2 26 0.896
4 2 27 1.278
4 2 28 0.411
4 2 29 1.548
4 2 30 0.647
4 2 31 0.000
4 2 32 -0.220
4 2 33 -0.453
4 2 34 0.673
4 2 35 0.392
4 2 36 1.570
4 2 37 0.283
4 2 38 0.984
4 2 39 -0.560
4 2 40 -1.781
4 2 41 0.260
4 2 42 1.123
4 2 43 0.904
4 2 44 0.912
4 2 45 1.282
4 2 46 -1.067
4 2 47 0.045
4 2 48 -0.413
4 2 49 0.525
4 2 50 -0.863
4 2 51 0.636
4 2 52 -0.150
4 2 53 1.041
4 2 54 -1.170
4 2 55 0.043
4 2 56 -0.194
4 2 57 -0.407
4 2 58 -1.266
4 2 59 0.007
4 2 60 1.086
4 2 61 0.956
4 2 62 -1.436
4 3 1 0.000
4 3 2 1.257
4 3 3 -3.957
4 3 4 11.675
4 3 5 0.000
5 1 1 -0.764
5 1 2 2.467
5 1 3 -0.455
5 1 4 -9.535
5 1 5 -0.132
5 1 6 3.773
5 1 7 -1.691
5 1 8 0.726
5 1 9 1.077
5 1 10 1.618
5 1 11 -0.568
5 1 12 -1.169
5 1 13 2.091
5 1 14 0.906
5 1 15 -3.842
5 1 16 8.353
5 1 17 3.276
5 1 18 -0.029
5 1 19 -1.117
5 1 20 0.460
5 1 21 -0.327
5 1 22 -1.025
5 1 23 -0.151
5 2 1 1.632
5 2 2 -0.988
5 2 3 0.146
5 2 4 1.204
5 2 5 0.114
5 2 6 1.515
5 2 7 1.041
5 2 8 0.272
5 2 9 0.663
5 2 10 1.377
5 2 11 0.080
5 2 12 0.812
5 2 13 0.486
5 2 14 0.903
5 2 15 0.650
5 2 16 2.281
5 2 17 -0.092
5 2 18 0.610
5 2 19 1.371
5 2 20 0.355
5 2 21 0.481
5 2 22 -0.537
5 2 23 -0.310
5 2 24 0.422
5 2 25 1.258
5 2 26 0.156
5 2 27 1.040
5 2 28 1.860
5 2 29 1.118
5 2 30 0.836
5 2 31 1.322
5 2 32 0.423
5 2 33 1.530
5 2 34 0.115
5 2 35 0.288
5 2 36 -0.920
5 2 37 0.097
5 2 38 -1.380
5 2 39 -0.767
5 2 40 -0.092
5 2 41 0.541
5 2 42 1.059
5 2 43 0.187
5 2 44 0.588
5 2 45 1.539
5 2 46 0.354
5 2 47 0.962
5 2 48 -0.329
5 2 49 -1.166
5 2 50 0.816
5 2 51 0.870
5 2 52 0.063
5 2 53 -0.392
5 2 54 0.303
5 2 55 -1.149
5 2 56 1.515
5 2 57 -1.169
5 2 58 0.583
5 2 59 -0.687
5 2 60 -0.143
5 2 61 1.610
5 2 62 -0.952
5 3 1 0.613
5 3 2 0.549
5 3 3 2.852
5 3 4 1.642
5 3 5 -9.522
6 1 1 3.561
6 1 2 -0.104
6 1 3 -2.771
6 1 4 1.734
6 1 5 2.176
6 1 6 -2.373
6 1 7 -0.109
6 1 8 2.380
6 1 9 1.356
6 1 10 0.344
6 1 11 -0.539
6 1 12 0.322
6 1 13 1.887
6 1 14 -5.281
6 1 15 -2.887
6 1 16 0.160
6 1 17 3.653
6 1 18 0.819
6 1 19 0.670
6 1 20 2.666
6 1 21 -11.245
6 1 22 -1.790
6 1 23 -1.129
6 2 1 -1.443
6 2 2 -0.014
6 2 3 0.032
6 2 4 2.166
6 2 5 0.891
6 2 6 1.490
6 2 7 -0.556
6 2 8 -1.730
6 2 9 -0.695
6 2 10 0.489
6 2 11 0.654
6 2 12 0.825
6 2 13 0.077
6 2 14 0.755
6 2 15 0.264
6 2 16 -1.100
6 2 17 -1.610
6 2 18 -0.339
6 2 19 1.294
6 2 20 -0.952
6 2 21 0.941
6 2 22 -0.033
6 2 23 -0.279
6 2 24 1.421
6 2 25 0.851
6 2 26 0.146
6 2 27 0.785
6 2 28 -0.473
6 2 29 1.107
6 2 30 -0.166
6 2 31 0.335
6 2 32 0.312
6 2 33 -1.245
6 2 34 -0.126
6 2 35 -0.098
6 2 36 0.420
6 2 37 -0.005
6 2 38 -1.555
6 2 39 -0.677
6 2 40 0.513
6 2 41 2.375
6 2 42 0.975
6 2 43 0.130
6 2 44 -0.668
6 2 45 0.373
6 2 46 0.088
6 2 47 0.193
6 2 48 0.048
6 2 49 0.113
6 2 50 2.101
6 2 51 0.658
6 2 52 -0.460
6 2 53 0.840
6 2 54 0.700
6 2 55 1.287
6 2 56 0.481
6 2 57 -0.178
6 2 58 -0.874
6 2 59 0.096
6 2 60 -0.480
6 2 61 0.405
6 2 62 -0.752
6 3 1 -17.682
6 3 2 2.449
6 3 3 2.566
6 3 4 -9.515
6 3 5 4.031
