  1   1   1   5.409014e+01    5.551624e-01    0.000000e+00    4.498186e+01    5.532483e-01    0.000000e+00  
  1   1   2   5.855530e+01    5.485537e-01    0.000000e+00    6.106380e+01    5.479951e-01    0.000000e+00  
  1   1   3   4.108328e+01    5.605009e-01    0.000000e+00    3.391065e+01    5.639637e-01    0.000000e+00  
  1   1   4   1.260677e+01    1.154323e-01    0.000000e+00    3.926321e+01    5.594880e-01    0.000000e+00  
  1   1   5   1.207953e+01    5.646016e-01    0.000000e+00    -3.914759e+00    5.603315e-01    0.000000e+00  
  1   1   6   4.659082e+01    5.364456e-01    0.000000e+00    7.255529e+01    5.561470e-01    0.000000e+00  
  1   1   7   3.099135e+01    5.560812e-01    0.000000e+00    5.395213e+01    5.619900e-01    0.000000e+00  
  1   1   8   6.671195e+01    5.214788e-01    0.000000e+00    7.230550e+01    5.227127e-01    0.000000e+00  
  1   1   9   6.804325e+01    5.102992e-01    0.000000e+00    5.293320e+01    4.773489e-01    0.000000e+00  
  1   1  10   5.784830e+01    5.488300e-01    0.000000e+00    4.956186e+01    5.421009e-01    0.000000e+00  
  1   1  11   1.520026e+01    8.766169e-02    0.000000e+00    3.048015e+01    1.004902e-01    0.000000e+00  
  1   1  12   1.773801e+01    8.914744e-02    0.000000e+00    1.724983e+01    5.715854e-01    0.000000e+00  
  1   1  13   2.063560e+01    7.937190e-02    0.000000e+00    5.295053e+01    5.658385e-01    0.000000e+00  
  1   1  14   1.817285e+01    9.115303e-02    0.000000e+00    4.000000e+01    5.000000e-01    0.000000e+00  
  1   1  15   3.202516e+01    5.364863e-01    0.000000e+00    2.682385e+01    1.424744e-01    0.000000e+00  
  1   1  16   2.596762e+01    5.734977e-01    0.000000e+00    2.206960e+01    5.715166e-01    0.000000e+00  
  1   1  17   4.191322e+01    5.689562e-01    0.000000e+00    5.885364e+01    5.448536e-01    0.000000e+00  
  1   1  18   -8.212723e+00    5.637685e-01    0.000000e+00    2.583205e+01    1.005349e-01    0.000000e+00  
  1   1  19   3.814058e+01    5.220963e-01    0.000000e+00    3.247718e+01    5.722934e-01    0.000000e+00  
  1   1  20   5.182559e+01    5.369155e-01    0.000000e+00    6.961663e+03    1.380130e+00    0.000000e+00  
  1   1  21   1.932773e+01    1.040652e-01    0.000000e+00    2.386337e+01    1.117207e-01    0.000000e+00  
  1   1  22   5.504005e+01    5.594524e-01    0.000000e+00    4.312836e+01    5.515428e-01    0.000000e+00  
  1   1  23   2.046250e+01    1.113255e-01    0.000000e+00    5.757521e+02    9.636715e-01    0.000000e+00  
  1   2   1   6.459283e+01    5.537133e-01    0.000000e+00    8.094638e+01    5.575440e-01    0.000000e+00  
  1   2   2   5.443231e+01    5.685373e-01    0.000000e+00    3.081787e+01    5.632495e-01    0.000000e+00  
  1   2   3   5.838593e+01    5.617609e-01    0.000000e+00    5.782434e+01    5.653086e-01    0.000000e+00  
  1   2   4   6.718999e+01    5.649450e-01    0.000000e+00    5.642624e+01    5.635158e-01    0.000000e+00  
  1   2   5   7.374884e+01    5.620022e-01    0.000000e+00    5.554492e+01    5.563394e-01    0.000000e+00  
  1   2   6   4.942027e+01    5.587326e-01    0.000000e+00    5.864175e+01    5.620791e-01    0.000000e+00  
  1   2   7   5.847453e+01    5.619502e-01    0.000000e+00    6.408797e+01    5.596066e-01    0.000000e+00  
  1   2   8   1.125724e+02    5.635271e-01    0.000000e+00    8.133166e+01    5.617929e-01    0.000000e+00  
  1   2   9   4.611033e+01    5.631350e-01    0.000000e+00    4.703024e+01    5.668605e-01    0.000000e+00  
  1   2  10   5.715550e+01    5.684950e-01    0.000000e+00    5.955605e+01    5.687531e-01    0.000000e+00  
  1   2  11   6.835542e+01    5.597727e-01    0.000000e+00    8.370933e+01    5.549490e-01    0.000000e+00  
  1   2  12   5.096998e+01    5.642387e-01    0.000000e+00    5.160895e+01    5.729123e-01    0.000000e+00  
  1   2  13   4.000000e+01    5.000000e-01    0.000000e+00    5.997045e+01    5.564773e-01    0.000000e+00  
  1   2  14   8.698384e+01    5.566004e-01    0.000000e+00    9.871883e+01    5.585803e-01    0.000000e+00  
  1   2  15   -1.131853e+01    5.654172e-01    0.000000e+00    8.787681e+00    5.814947e-01    0.000000e+00  
  1   2  16   4.000000e+01    5.000000e-01    0.000000e+00    -8.073332e+00    5.550901e-01    0.000000e+00  
  1   2  17   7.367134e+01    5.646538e-01    0.000000e+00    7.038623e+01    5.628567e-01    0.000000e+00  
  1   2  18   5.954854e+01    5.902009e-01    0.000000e+00    1.166608e+02    5.926609e-01    0.000000e+00  
  1   2  19   2.067275e+01    5.900358e-01    0.000000e+00    5.966220e+00    5.806686e-01    0.000000e+00  
  1   2  20   9.233740e+01    5.623566e-01    0.000000e+00    9.481788e+01    5.644878e-01    0.000000e+00  
  1   2  21   7.152150e+01    5.756229e-01    0.000000e+00    5.919596e+01    5.657528e-01    0.000000e+00  
  1   2  22   7.758183e+01    5.321095e-01    0.000000e+00    1.056831e+02    5.505336e-01    0.000000e+00  
  1   2  23   7.999740e+00    5.768921e-01    0.000000e+00    4.242148e+01    5.932182e-01    0.000000e+00  
  1   2  24   8.809057e+01    5.754245e-01    0.000000e+00    7.555054e+01    5.658216e-01    0.000000e+00  
  1   2  25   3.967279e+01    5.894459e-01    0.000000e+00    2.439558e+01    5.794632e-01    0.000000e+00  
  1   2  26   -7.812172e+00    5.685626e-01    0.000000e+00    -1.621371e+01    5.648219e-01    0.000000e+00  
  1   2  27   3.405437e+00    5.643634e-01    0.000000e+00    4.491123e+01    5.935202e-01    0.000000e+00  
  1   2  28   1.630450e+01    1.097957e-01    0.000000e+00    1.683785e+01    1.096678e-01    0.000000e+00  
  1   2  29   2.417390e+00    5.502393e-01    0.000000e+00    4.339392e+01    5.887259e-01    0.000000e+00  
  1   2  30   2.370343e+01    1.225070e-01    0.000000e+00    6.737819e+01    5.530856e-01    0.000000e+00  
  1   2  31   -1.381646e+01    5.595572e-01    0.000000e+00    1.020574e+01    7.979481e-02    0.000000e+00  
  1   2  32   7.174385e+01    5.638384e-01    0.000000e+00    1.399241e+01    1.286608e-01    0.000000e+00  
  1   2  33   6.425132e+00    1.031220e-01    0.000000e+00    8.740846e+00    3.882850e-01    0.000000e+00  
  1   2  34   6.757268e+01    6.048179e-01    0.000000e+00    3.061115e+01    5.514542e-01    0.000000e+00  
  1   2  35   2.593278e+01    5.757554e-01    0.000000e+00    5.532751e+01    5.823740e-01    0.000000e+00  
  1   2  36   4.775410e+01    5.526513e-01    0.000000e+00    1.253710e+02    5.991280e-01    0.000000e+00  
  1   2  37   8.835707e+01    5.670366e-01    0.000000e+00    1.563448e+02    5.574423e-01    0.000000e+00  
  1   2  38   8.377690e+01    5.873246e-01    0.000000e+00    6.278216e+00    3.736237e-01    0.000000e+00  
  1   2  39   3.600929e+01    5.932773e-01    0.000000e+00    2.800871e+01    5.892871e-01    0.000000e+00  
  1   2  40   7.134043e+01    5.652623e-01    0.000000e+00    3.910671e+01    5.560188e-01    0.000000e+00  
  1   2  41   2.869738e+01    5.834878e-01    0.000000e+00    4.130490e+01    5.868950e-01    0.000000e+00  
  1   2  42   1.274956e+01    5.787916e-01    0.000000e+00    1.067860e+01    5.825816e-01    0.000000e+00  
  1   2  43   1.959243e+01    1.188454e-01    0.000000e+00    3.338619e+01    5.763010e-01    0.000000e+00  
  1   2  44   3.833722e+01    5.757841e-01    0.000000e+00    4.980673e+01    5.722945e-01    0.000000e+00  
  1   2  45   1.745499e+01    3.883926e-01    0.000000e+00    9.959724e+00    3.152878e-01    0.000000e+00  
  1   2  46   4.307477e+04    1.667378e+00    0.000000e+00    1.082523e+01    5.756254e-01    0.000000e+00  
  1   2  47   2.769255e+01    3.899272e-01    0.000000e+00    2.209661e-01    -2.409781e-01    0.000000e+00  
  1   2  48   3.442158e+04    1.646705e+00    0.000000e+00    1.969241e+03    1.129139e+00    0.000000e+00  
  1   2  49   6.921273e+01    5.711456e-01    0.000000e+00    2.526037e+03    1.179278e+00    0.000000e+00  
  1   2  50   2.249957e+01    5.768229e-01    0.000000e+00    2.660770e+01    5.889725e-01    0.000000e+00  
  1   2  51   1.256967e+01    5.726576e-01    0.000000e+00    -3.570864e+00    5.493549e-01    0.000000e+00  
  1   2  52   7.388237e+01    6.138750e-01    0.000000e+00    6.145319e+00    5.610225e-01    0.000000e+00  
  1   2  53   -3.767706e+00    5.653366e-01    0.000000e+00    1.062496e+02    5.780463e-01    0.000000e+00  
  1   2  54   2.816136e+01    5.792142e-01    0.000000e+00    2.073482e+01    1.406527e-01    0.000000e+00  
  1   2  55   1.634594e+01    1.039893e-01    0.000000e+00    1.903244e+00    5.717588e-01    0.000000e+00  
  1   2  56   3.137913e+01    6.081987e-01    0.000000e+00    -8.839409e-01    5.715807e-01    0.000000e+00  
  1   2  57   5.400856e+01    5.797852e-01    0.000000e+00    5.567974e+01    5.630677e-01    0.000000e+00  
  1   2  58   1.504468e+01    3.676346e-01    0.000000e+00    2.085891e+02    -1.655268e+04    0.000000e+00  
  1   2  59   3.195468e+03    1.177495e+00    0.000000e+00    7.376839e+03    1.368151e+00    0.000000e+00  
  1   2  60   4.426304e+01    3.537226e-01    0.000000e+00    7.599268e+00    5.698032e-01    0.000000e+00  
  1   2  61   2.756963e+04    1.613982e+00    0.000000e+00    5.169506e+01    5.998876e-01    0.000000e+00  
  1   2  62   1.782399e+00    5.756935e-01    0.000000e+00    2.817757e+00    5.807501e-01    0.000000e+00  
  1   3   1   3.272676e+01    5.302398e-01    0.000000e+00    1.476406e+01    6.183157e-02    0.000000e+00  
  1   3   2   2.138539e+01    5.420535e-01    0.000000e+00    8.195182e+01    5.637540e-01    0.000000e+00  
  1   3   3   1.713892e+01    5.507181e-01    0.000000e+00    7.230766e+01    5.740205e-01    0.000000e+00  
  1   3   4   3.683895e+01    5.406985e-01    0.000000e+00    4.345321e+01    5.481049e-01    0.000000e+00  
  1   3   5   2.444321e+01    5.689740e-01    0.000000e+00    -7.174457e+00    5.580351e-01    0.000000e+00  
  2   1   1   5.675313e+01    5.480457e-01    0.000000e+00    6.754625e+01    5.445852e-01    0.000000e+00  
  2   1   2   7.277105e+01    5.387991e-01    0.000000e+00    6.912924e+01    5.400120e-01    0.000000e+00  
  2   1   3   5.557235e+01    5.523389e-01    0.000000e+00    5.759483e+01    5.514404e-01    0.000000e+00  
  2   1   4   6.074414e+01    5.452017e-01    0.000000e+00    6.063525e+01    5.436255e-01    0.000000e+00  
  2   1   5   6.572342e+01    5.516877e-01    0.000000e+00    5.136539e+01    5.525841e-01    0.000000e+00  
  2   1   6   9.395851e+01    5.944550e-01    0.000000e+00    4.257406e+01    5.512820e-01    0.000000e+00  
  2   1   7   3.221114e+01    5.605838e-01    0.000000e+00    1.352283e+01    5.596250e-01    0.000000e+00  
  2   1   8   6.444470e+01    5.391604e-01    0.000000e+00    5.894701e+01    5.421960e-01    0.000000e+00  
  2   1   9   6.613866e+01    5.628292e-01    0.000000e+00    6.467623e+01    5.098950e-01    0.000000e+00  
  2   1  10   1.598301e+01    9.824913e-02    0.000000e+00    4.000000e+01    5.000000e-01    0.000000e+00  
  2   1  11   3.962435e+01    4.662971e-01    0.000000e+00    2.052303e+01    1.143281e-01    0.000000e+00  
  2   1  12   1.795262e+01    1.278256e-01    0.000000e+00    2.710494e+01    1.093877e-01    0.000000e+00  
  2   1  13   2.814132e+01    1.115639e-01    0.000000e+00    2.421573e+01    1.093036e-01    0.000000e+00  
  2   1  14   2.490783e+01    1.101316e-01    0.000000e+00    1.376626e+01    7.472416e-02    0.000000e+00  
  2   1  15   4.000000e+01    5.000000e-01    0.000000e+00    1.652046e+01    8.446250e-02    0.000000e+00  
  2   1  16   4.345916e+01    5.865112e-01    0.000000e+00    4.000000e+01    5.000000e-01    0.000000e+00  
  2   1  17   6.953542e+01    5.421432e-01    0.000000e+00    -1.134494e+01    4.043993e-01    0.000000e+00  
  2   1  18   1.284121e+01    8.491179e-02    0.000000e+00    1.650200e+01    8.561328e-02    0.000000e+00  
  2   1  19   5.203016e+01    4.841381e-01    0.000000e+00    4.000000e+01    5.000000e-01    0.000000e+00  
  2   1  20   4.627858e+01    5.022431e-01    0.000000e+00    6.486988e+01    5.423466e-01    0.000000e+00  
  2   1  21   1.877730e+01    6.829872e-02    0.000000e+00    2.995077e+03    1.241932e+00    0.000000e+00  
  2   1  22   4.406260e+01    4.320475e-01    0.000000e+00    1.388690e+01    1.071879e-01    0.000000e+00  
  2   1  23   4.000000e+01    5.000000e-01    0.000000e+00    1.423668e+01    1.026516e-01    0.000000e+00  
  2   2   1   7.912569e+01    5.581596e-01    0.000000e+00    7.198172e+01    5.531633e-01    0.000000e+00  
  2   2   2   5.995346e+01    5.650755e-01    0.000000e+00    5.294982e+01    5.601492e-01    0.000000e+00  
  2   2   3   6.951415e+01    5.646489e-01    0.000000e+00    5.838727e+01    5.603690e-01    0.000000e+00  
  2   2   4   6.500884e+01    5.656325e-01    0.000000e+00    5.653119e+01    5.617812e-01    0.000000e+00  
  2   2   5   3.281980e+01    5.652248e-01    0.000000e+00    5.853327e+01    5.701057e-01    0.000000e+00  
  2   2   6   6.068578e+01    5.686840e-01    0.000000e+00    5.313738e+01    5.642301e-01    0.000000e+00  
  2   2   7   7.723310e+01    5.700149e-01    0.000000e+00    7.253778e+01    5.655155e-01    0.000000e+00  
  2   2   8   6.576085e+01    5.664184e-01    0.000000e+00    5.826530e+01    5.620360e-01    0.000000e+00  
  2   2   9   5.775230e+01    5.729816e-01    0.000000e+00    2.729811e+01    5.647937e-01    0.000000e+00  
  2   2  10   6.128483e+01    5.635194e-01    0.000000e+00    7.498667e+01    5.713262e-01    0.000000e+00  
  2   2  11   8.090739e+01    5.647968e-01    0.000000e+00    5.620225e+01    5.580330e-01    0.000000e+00  
  2   2  12   5.895165e+01    5.636225e-01    0.000000e+00    7.730459e+01    5.688792e-01    0.000000e+00  
  2   2  13   5.286483e+01    5.650250e-01    0.000000e+00    7.742788e+01    5.694681e-01    0.000000e+00  
  2   2  14   8.675962e+01    5.759711e-01    0.000000e+00    9.266225e+01    5.602192e-01    0.000000e+00  
  2   2  15   -1.451923e+01    5.625271e-01    0.000000e+00    -3.105117e+01    5.573778e-01    0.000000e+00  
  2   2  16   7.232093e+01    5.698825e-01    0.000000e+00    6.564905e+01    5.707303e-01    0.000000e+00  
  2   2  17   1.888255e+01    5.677469e-01    0.000000e+00    9.574172e+01    5.921525e-01    0.000000e+00  
  2   2  18   1.029244e+02    5.502643e-01    0.000000e+00    8.880127e+01    5.532043e-01    0.000000e+00  
  2   2  19   6.135325e+01    5.433824e-01    0.000000e+00    1.279036e+02    5.640451e-01    0.000000e+00  
  2   2  20   -2.652538e+01    5.572674e-01    0.000000e+00    1.033171e+01    5.759265e-01    0.000000e+00  
  2   2  21   4.520493e+01    5.949501e-01    0.000000e+00    8.288889e-01    5.646891e-01    0.000000e+00  
  2   2  22   4.919986e+01    5.303950e-01    0.000000e+00    1.831926e+02    6.036964e-01    0.000000e+00  
  2   2  23   4.000000e+01    5.000000e-01    0.000000e+00    2.135905e+01    1.153802e-01    0.000000e+00  
  2   2  24   -3.639468e+00    5.655589e-01    0.000000e+00    2.956280e+01    5.706472e-01    0.000000e+00  
  2   2  25   1.191329e+01    1.217919e-01    0.000000e+00    4.863808e+01    5.705680e-01    0.000000e+00  
  2   2  26   5.261808e+01    5.815787e-01    0.000000e+00    3.143703e+01    5.700977e-01    0.000000e+00  
  2   2  27   1.503406e+02    5.654420e-01    0.000000e+00    6.920416e+01    5.222707e-01    0.000000e+00  
  2   2  28   -9.885972e-01    5.732019e-01    0.000000e+00    -1.963780e+01    5.593358e-01    0.000000e+00  
  2   2  29   4.422151e+01    5.206901e-01    0.000000e+00    -8.346863e-01    5.593013e-01    0.000000e+00  
  2   2  30   3.173754e+02    -2.013230e+04    0.000000e+00    4.868956e+01    5.810762e-01    0.000000e+00  
  2   2  31   1.363425e+01    8.374184e-02    0.000000e+00    7.124056e+01    5.479193e-01    0.000000e+00  
  2   2  32   4.122019e+01    5.837845e-01    0.000000e+00    1.911664e+01    1.230591e-01    0.000000e+00  
  2   2  33   7.966963e+03    1.282037e+00    0.000000e+00    3.135627e+01    5.623104e-01    0.000000e+00  
  2   2  34   7.950634e+01    5.628425e-01    0.000000e+00    7.586814e+01    5.632983e-01    0.000000e+00  
  2   2  35   4.000000e+01    5.000000e-01    0.000000e+00    5.389349e+00    1.880078e-01    0.000000e+00  
  2   2  36   3.902556e+00    5.738844e-01    0.000000e+00    7.215559e+03    1.359939e+00    0.000000e+00  
  2   2  37   3.316365e+00    3.726054e-01    0.000000e+00    2.933970e+01    5.834677e-01    0.000000e+00  
  2   2  38   2.845279e+01    4.965883e-01    0.000000e+00    5.186328e+04    1.698450e+00    0.000000e+00  
  2   2  39   3.664757e+01    4.921041e-01    0.000000e+00    1.086097e+02    5.654225e-01    0.000000e+00  
  2   2  40   2.831202e+01    5.780874e-01    0.000000e+00    3.820342e+01    5.869641e-01    0.000000e+00  
  2   2  41   3.509962e-01    5.653062e-01    0.000000e+00    8.747087e+00    6.410288e-02    0.000000e+00  
  2   2  42   5.577555e+01    5.789910e-01    0.000000e+00    4.007000e+01    5.702405e-01    0.000000e+00  
  2   2  43   5.274354e+01    5.558177e-01    0.000000e+00    6.692288e+01    5.854967e-01    0.000000e+00  
  2   2  44   3.038807e+00    5.722681e-01    0.000000e+00    2.808694e+00    5.725486e-01    0.000000e+00  
  2   2  45   1.841690e+01    2.786194e-01    0.000000e+00    -1.158093e+00    5.676003e-01    0.000000e+00  
  2   2  46   3.670465e+01    5.842837e-01    0.000000e+00    6.233550e+01    5.923004e-01    0.000000e+00  
  2   2  47   2.639488e+01    5.609074e-01    0.000000e+00    4.170827e+01    5.735854e-01    0.000000e+00  
  2   2  48   5.246282e+01    5.894331e-01    0.000000e+00    2.657771e+05    1.944667e+00    0.000000e+00  
  2   2  49   7.982267e+00    5.774255e-01    0.000000e+00    5.104347e+00    5.770029e-01    0.000000e+00  
  2   2  50   -1.297638e+01    5.624872e-01    0.000000e+00    2.735761e+01    5.810795e-01    0.000000e+00  
  2   2  51   2.695183e+01    3.941481e-01    0.000000e+00    9.627168e+00    1.056416e-01    0.000000e+00  
  2   2  52   1.252436e+01    5.615203e-01    0.000000e+00    5.561133e+00    1.984973e-01    0.000000e+00  
  2   2  53   -7.054312e+00    5.678112e-01    0.000000e+00    1.263169e+00    5.699288e-01    0.000000e+00  
  2   2  54   3.429779e+01    3.903312e-01    0.000000e+00    8.544183e+01    5.758627e-01    0.000000e+00  
  2   2  55   1.500010e+01    1.183703e-01    0.000000e+00    1.383243e+01    5.782476e-01    0.000000e+00  
  2   2  56   6.945459e+01    6.450852e-01    0.000000e+00    1.123775e+01    5.752985e-01    0.000000e+00  
  2   2  57   5.189176e+01    6.119610e-01    0.000000e+00    4.000000e+01    5.000000e-01    0.000000e+00  
  2   2  58   3.020957e+01    5.806712e-01    0.000000e+00    -9.285925e-01    5.698950e-01    0.000000e+00  
  2   2  59   1.030183e+05    1.790455e+00    0.000000e+00    -2.620753e+00    5.688937e-01    0.000000e+00  
  2   2  60   9.727767e+04    1.744888e+00    0.000000e+00    3.089405e+04    1.513472e+00    0.000000e+00  
  2   2  61   1.073770e+01    8.875394e-02    0.000000e+00    7.701963e+00    5.748988e-01    0.000000e+00  
  2   2  62   1.687465e+01    5.759240e-01    0.000000e+00    2.729458e+01    5.891817e-01    0.000000e+00  
  2   3   1   6.099095e+01    5.455455e-01    0.000000e+00    5.060942e+01    5.385286e-01    0.000000e+00  
  2   3   2   2.699965e+01    5.569124e-01    0.000000e+00    3.478555e+01    5.554456e-01    0.000000e+00  
  2   3   3   4.027518e+01    5.333526e-01    0.000000e+00    8.126080e+01    5.474341e-01    0.000000e+00  
  2   3   4   2.044276e+01    5.450361e-01    0.000000e+00    1.059192e+02    5.953624e-01    0.000000e+00  
  2   3   5   5.522003e+01    5.433008e-01    0.000000e+00    7.586382e+01    5.480021e-01    0.000000e+00  
  3   1   1   6.616613e+01    5.480390e-01    0.000000e+00    5.274046e+01    5.515268e-01    0.000000e+00  
  3   1   2   6.573445e+01    5.422481e-01    0.000000e+00    6.615040e+01    5.431818e-01    0.000000e+00  
  3   1   3   7.257643e+01    5.445203e-01    0.000000e+00    6.102430e+01    5.402687e-01    0.000000e+00  
  3   1   4   5.518379e+01    5.418038e-01    0.000000e+00    6.888467e+01    5.424929e-01    0.000000e+00  
  3   1   5   1.571256e+03    1.067032e+00    0.000000e+00    9.898618e+03    1.403190e+00    0.000000e+00  
  3   1   6   9.306673e-01    5.616890e-01    0.000000e+00    4.168079e+01    5.600958e-01    0.000000e+00  
  3   1   7   1.572816e+01    8.876693e-02    0.000000e+00    4.000000e+01    5.000000e-01    0.000000e+00  
  3   1   8   2.699158e+01    5.711048e-01    0.000000e+00    2.303968e+03    1.247595e+00    0.000000e+00  
  3   1   9   3.292274e+01    5.756108e-01    0.000000e+00    -3.284203e+00    5.639332e-01    0.000000e+00  
  3   1  10   1.548446e+01    1.012744e-01    0.000000e+00    4.356968e+01    5.784498e-01    0.000000e+00  
  3   1  11   1.744056e+01    9.511097e-02    0.000000e+00    2.022165e+01    9.524959e-02    0.000000e+00  
  3   1  12   2.603591e+01    4.869445e-01    0.000000e+00    2.559307e+01    1.141446e-01    0.000000e+00  
  3   1  13   4.000000e+01    5.000000e-01    0.000000e+00    2.553795e+01    1.000351e-01    0.000000e+00  
  3   1  14   1.953619e+01    7.967540e-02    0.000000e+00    1.512792e+00    5.660480e-01    0.000000e+00  
  3   1  15   4.937576e+01    4.944904e-01    0.000000e+00    2.012014e+01    1.361990e-01    0.000000e+00  
  3   1  16   2.291395e+01    5.649044e-01    0.000000e+00    6.603044e+01    5.558677e-01    0.000000e+00  
  3   1  17   2.240419e+01    8.531409e-02    0.000000e+00    4.000000e+01    5.000000e-01    0.000000e+00  
  3   1  18   4.000000e+01    5.000000e-01    0.000000e+00    2.336217e+01    -2.390408e+02    0.000000e+00  
  3   1  19   3.993295e+02    8.662531e-01    0.000000e+00    3.810757e+03    1.333242e+00    0.000000e+00  
  3   1  20   1.919405e+01    8.740660e-02    0.000000e+00    7.717718e+00    5.681573e-01    0.000000e+00  
  3   1  21   4.440663e+01    5.110091e-01    0.000000e+00    5.239873e+01    3.721961e-01    0.000000e+00  
  3   1  22   6.153427e+00    5.656204e-02    0.000000e+00    1.999160e+01    1.127866e-01    0.000000e+00  
  3   1  23   2.086508e+01    9.883790e-02    0.000000e+00    7.940170e+02    1.038993e+00    0.000000e+00  
  3   2   1   5.338395e+01    5.661262e-01    0.000000e+00    5.452881e+01    5.643752e-01    0.000000e+00  
  3   2   2   6.841307e+01    5.621299e-01    0.000000e+00    5.889709e+01    5.582910e-01    0.000000e+00  
  3   2   3   6.717009e+01    5.675779e-01    0.000000e+00    5.662688e+01    5.664267e-01    0.000000e+00  
  3   2   4   8.605254e+01    5.616494e-01    0.000000e+00    7.452804e+01    5.559124e-01    0.000000e+00  
  3   2   5   5.884428e+01    5.659511e-01    0.000000e+00    6.933404e+01    5.646491e-01    0.000000e+00  
  3   2   6   5.208136e+00    7.865063e-02    0.000000e+00    7.236342e+01    5.714696e-01    0.000000e+00  
  3   2   7   5.283586e+01    5.657755e-01    0.000000e+00    5.504879e+01    5.642280e-01    0.000000e+00  
  3   2   8   7.053050e+01    5.705006e-01    0.000000e+00    5.058580e+01    5.598262e-01    0.000000e+00  
  3   2   9   6.553546e+01    5.730579e-01    0.000000e+00    6.080916e+01    5.626499e-01    0.000000e+00  
  3   2  10   5.501443e+01    5.625306e-01    0.000000e+00    6.554403e+01    5.634009e-01    0.000000e+00  
  3   2  11   7.479448e+01    5.668809e-01    0.000000e+00    7.576577e+01    5.633663e-01    0.000000e+00  
  3   2  12   7.531095e+01    5.736535e-01    0.000000e+00    1.471461e+01    1.300116e-01    0.000000e+00  
  3   2  13   1.515112e+01    1.056323e-01    0.000000e+00    1.622800e+01    3.323478e-01    0.000000e+00  
  3   2  14   6.125934e+01    5.636358e-01    0.000000e+00    3.762816e+01    5.895541e-01    0.000000e+00  
  3   2  15   7.075091e+01    5.623937e-01    0.000000e+00    7.327869e+01    5.633733e-01    0.000000e+00  
  3   2  16   6.175431e+01    5.644460e-01    0.000000e+00    6.211103e+01    5.632813e-01    0.000000e+00  
  3   2  17   3.833088e+01    5.731721e-01    0.000000e+00    1.237788e+01    5.634430e-01    0.000000e+00  
  3   2  18   5.216537e+01    5.955142e-01    0.000000e+00    4.726077e+01    5.971495e-01    0.000000e+00  
  3   2  19   5.503893e+01    5.732663e-01    0.000000e+00    6.570204e+01    5.710181e-01    0.000000e+00  
  3   2  20   8.302952e+01    5.519682e-01    0.000000e+00    7.689280e+01    5.620862e-01    0.000000e+00  
  3   2  21   8.030403e+01    5.775321e-01    0.000000e+00    6.403326e+01    5.771103e-01    0.000000e+00  
  3   2  22   -2.821563e+01    5.523633e-01    0.000000e+00    8.294195e+01    5.665882e-01    0.000000e+00  
  3   2  23   5.652897e+01    5.709768e-01    0.000000e+00    1.912999e+01    1.212040e-01    0.000000e+00  
  3   2  24   5.960952e+01    5.259181e-01    0.000000e+00    2.759106e+01    3.151247e-01    0.000000e+00  
  3   2  25   4.000000e+01    5.000000e-01    0.000000e+00    1.849335e+01    9.111797e-02    0.000000e+00  
  3   2  26   4.222136e+01    3.807415e-01    0.000000e+00    1.639109e+01    9.244753e-02    0.000000e+00  
  3   2  27   9.912975e+04    1.794316e+00    0.000000e+00    1.406970e+00    5.687800e-01    0.000000e+00  
  3   2  28   7.944042e+00    5.257059e-01    0.000000e+00    2.687419e+01    5.474775e-01    0.000000e+00  
  3   2  29   4.346979e+01    3.830623e-01    0.000000e+00    1.118176e+01    5.759764e-01    0.000000e+00  
  3   2  30   7.078709e+01    5.714200e-01    0.000000e+00    7.489772e+01    5.739608e-01    0.000000e+00  
  3   2  31   2.726109e+01    5.323849e-01    0.000000e+00    8.642605e+00    3.040046e-01    0.000000e+00  
  3   2  32   1.415603e+00    -1.118950e-01    0.000000e+00    9.104975e+00    2.117223e-01    0.000000e+00  
  3   2  33   1.555062e+01    1.016807e-01    0.000000e+00    -1.355435e+01    7.225809e-02    0.000000e+00  
  3   2  34   1.506219e+01    9.475916e-02    0.000000e+00    3.333765e+01    5.831818e-01    0.000000e+00  
  3   2  35   4.317982e+01    5.684349e-01    0.000000e+00    6.791276e+01    5.832855e-01    0.000000e+00  
  3   2  36   1.580797e+04    1.342754e+00    0.000000e+00    6.315682e+01    5.349445e-01    0.000000e+00  
  3   2  37   4.576809e+01    5.981491e-01    0.000000e+00    9.634381e+01    7.657813e-01    0.000000e+00  
  3   2  38   8.326063e+01    6.937352e-01    0.000000e+00    4.925665e+03    1.326491e+00    0.000000e+00  
  3   2  39   1.205216e+01    2.945935e-01    0.000000e+00    1.774416e+01    3.844023e-01    0.000000e+00  
  3   2  40   7.601289e+01    5.660031e-01    0.000000e+00    7.008481e+01    5.673768e-01    0.000000e+00  
  3   2  41   5.885030e+01    5.689137e-01    0.000000e+00    4.632515e+01    5.697028e-01    0.000000e+00  
  3   2  42   5.032270e+00    5.747289e-01    0.000000e+00    1.454506e+01    5.794938e-01    0.000000e+00  
  3   2  43   9.139419e+01    5.873659e-01    0.000000e+00    4.567793e+01    5.895583e-01    0.000000e+00  
  3   2  44   3.630935e+01    5.763708e-01    0.000000e+00    5.974325e+01    5.772597e-01    0.000000e+00  
  3   2  45   4.000000e+01    5.000000e-01    0.000000e+00    2.823478e+01    5.698636e-01    0.000000e+00  
  3   2  46   3.411103e+01    4.816791e-01    0.000000e+00    5.562448e+01    5.897632e-01    0.000000e+00  
  3   2  47   3.810655e+01    5.822203e-01    0.000000e+00    2.944767e+01    5.889860e-01    0.000000e+00  
  3   2  48   1.662192e+04    1.559094e+00    0.000000e+00    1.197322e+05    1.834145e+00    0.000000e+00  
  3   2  49   5.419101e+01    5.060521e-01    0.000000e+00    6.955482e+00    5.756634e-01    0.000000e+00  
  3   2  50   -9.916011e+00    5.635259e-01    0.000000e+00    5.054884e+01    5.781415e-01    0.000000e+00  
  3   2  51   3.301489e+00    5.696599e-01    0.000000e+00    2.543183e+01    5.791657e-01    0.000000e+00  
  3   2  52   3.524517e+01    5.411291e-01    0.000000e+00    4.655655e+01    5.921353e-01    0.000000e+00  
  3   2  53   -6.143317e+00    5.283565e-02    0.000000e+00    4.000000e+01    5.000000e-01    0.000000e+00  
  3   2  54   1.327150e+01    5.755678e-01    0.000000e+00    2.825788e+01    5.370521e-01    0.000000e+00  
  3   2  55   9.040894e+04    1.809300e+00    0.000000e+00    7.565111e+01    6.816392e-01    0.000000e+00  
  3   2  56   6.879275e+04    1.889151e+00    0.000000e+00    2.949391e+04    1.604279e+00    0.000000e+00  
  3   2  57   4.125726e+04    1.695237e+00    0.000000e+00    3.047509e+01    5.817491e-01    0.000000e+00  
  3   2  58   1.416204e+04    1.514799e+00    0.000000e+00    9.203522e+01    7.602968e-01    0.000000e+00  
  3   2  59   5.116521e+01    5.910708e-01    0.000000e+00    5.314626e+01    5.767091e-01    0.000000e+00  
  3   2  60   3.859979e+00    5.701265e-01    0.000000e+00    1.926692e+01    5.946696e-01    0.000000e+00  
  3   2  61   2.448158e+01    5.845074e-01    0.000000e+00    2.137408e+01    5.777450e-01    0.000000e+00  
  3   2  62   -1.625784e+00    3.070163e-01    0.000000e+00    -1.173368e+00    1.623561e-01    0.000000e+00  
  3   3   1   5.987608e+01    5.412556e-01    0.000000e+00    5.164770e+01    5.338938e-01    0.000000e+00  
  3   3   2   6.225358e+01    5.409655e-01    0.000000e+00    4.605727e+01    5.374551e-01    0.000000e+00  
  3   3   3   5.173964e+01    5.242385e-01    0.000000e+00    7.509883e+01    5.353794e-01    0.000000e+00  
  3   3   4   2.901548e+01    5.612645e-01    0.000000e+00    2.793996e+01    5.461602e-01    0.000000e+00  
  3   3   5   4.247511e+01    5.563891e-01    0.000000e+00    7.321607e+01    5.670307e-01    0.000000e+00  
  4   1   1   5.381566e+01    5.501781e-01    0.000000e+00    4.898206e+01    5.523400e-01    0.000000e+00  
  4   1   2   5.610780e+01    5.535563e-01    0.000000e+00    5.034574e+01    5.514654e-01    0.000000e+00  
  4   1   3   6.447604e+01    5.493731e-01    0.000000e+00    5.538858e+01    5.472616e-01    0.000000e+00  
  4   1   4   1.131403e+01    3.602187e-01    0.000000e+00    8.364118e+00    9.195948e-02    0.000000e+00  
  4   1   5   3.651652e+02    -8.713087e+03    0.000000e+00    5.820491e+01    5.422043e-01    0.000000e+00  
  4   1   6   6.760505e+01    5.417392e-01    0.000000e+00    6.589425e+01    5.427195e-01    0.000000e+00  
  4   1   7   4.029417e+01    5.583013e-01    0.000000e+00    3.488409e+01    5.583135e-01    0.000000e+00  
  4   1   8   4.000000e+01    5.000000e-01    0.000000e+00    1.397168e+01    8.750421e-02    0.000000e+00  
  4   1   9   1.577028e+01    5.710434e-01    0.000000e+00    4.077936e+00    5.641218e-01    0.000000e+00  
  4   1  10   8.252370e+00    5.628314e-01    0.000000e+00    1.317849e+00    3.825651e-01    0.000000e+00  
  4   1  11   1.925096e+01    5.700421e-01    0.000000e+00    4.000000e+01    5.000000e-01    0.000000e+00  
  4   1  12   -7.760875e+01    5.424559e-01    0.000000e+00    1.223786e+01    1.022767e-01    0.000000e+00  
  4   1  13   1.808740e+02    -1.629032e+03    0.000000e+00    1.375667e+02    -1.539593e+03    0.000000e+00  
  4   1  14   6.237603e+01    5.464119e-01    0.000000e+00    5.208923e-01    5.631491e-01    0.000000e+00  
  4   1  15   6.667288e+01    5.768020e-01    0.000000e+00    1.353612e+03    1.158066e+00    0.000000e+00  
  4   1  16   3.288368e+01    3.589569e-01    0.000000e+00    -1.680839e+01    3.878252e-01    0.000000e+00  
  4   1  17   3.242200e+01    4.964759e-01    0.000000e+00    1.229414e+01    3.989274e-01    0.000000e+00  
  4   1  18   6.373394e+01    5.779977e-01    0.000000e+00    4.257164e+01    3.778839e-01    0.000000e+00  
  4   1  19   6.062181e+01    5.551599e-01    0.000000e+00    -8.552787e+00    3.850113e-01    0.000000e+00  
  4   1  20   7.412647e-03    3.976739e-01    0.000000e+00    1.431078e+01    1.382295e-01    0.000000e+00  
  4   1  21   1.558166e+01    2.873755e-01    0.000000e+00    7.937471e+00    3.912914e-01    0.000000e+00  
  4   1  22   4.000000e+01    5.000000e-01    0.000000e+00    2.359197e+01    5.729062e-01    0.000000e+00  
  4   1  23   1.040307e+01    1.202361e-01    0.000000e+00    6.323684e+01    5.643523e-01    0.000000e+00  
  4   2   1   5.573938e+01    5.664143e-01    0.000000e+00    6.065488e+01    5.635444e-01    0.000000e+00  
  4   2   2   5.624256e+01    5.645910e-01    0.000000e+00    6.125667e+01    5.622126e-01    0.000000e+00  
  4   2   3   2.092250e+01    3.407008e-01    0.000000e+00    1.606070e+01    2.328114e-01    0.000000e+00  
  4   2   4   6.159497e+01    5.624972e-01    0.000000e+00    6.572794e+01    5.670507e-01    0.000000e+00  
  4   2   5   2.750522e+01    3.970201e-01    0.000000e+00    6.239780e+01    5.464967e-01    0.000000e+00  
  4   2   6   8.138503e+01    5.662576e-01    0.000000e+00    1.291413e+01    2.222502e-01    0.000000e+00  
  4   2   7   5.584875e+01    5.662856e-01    0.000000e+00    5.608000e+01    5.674690e-01    0.000000e+00  
  4   2   8   6.260936e+01    5.639283e-01    0.000000e+00    6.374822e+01    5.636496e-01    0.000000e+00  
  4   2   9   7.138407e+01    5.665577e-01    0.000000e+00    6.604930e+01    5.622625e-01    0.000000e+00  
  4   2  10   2.372499e+01    3.763993e-01    0.000000e+00    7.070334e+01    5.684909e-01    0.000000e+00  
  4   2  11   4.305604e+01    5.696037e-01    0.000000e+00    3.386389e+01    5.664801e-01    0.000000e+00  
  4   2  12   1.572568e+01    1.011464e-01    0.000000e+00    4.000000e+01    5.000000e-01    0.000000e+00  
  4   2  13   6.603949e+01    5.610882e-01    0.000000e+00    6.755905e+01    5.633057e-01    0.000000e+00  
  4   2  14   7.633942e+01    5.683331e-01    0.000000e+00    4.834044e+01    5.460943e-01    0.000000e+00  
  4   2  15   7.618335e+01    5.610150e-01    0.000000e+00    7.738630e+01    5.598912e-01    0.000000e+00  
  4   2  16   1.055418e+01    1.241255e-01    0.000000e+00    1.672269e+01    3.915447e-01    0.000000e+00  
  4   2  17   5.784650e+01    5.736408e-01    0.000000e+00    8.187257e+00    2.970092e-01    0.000000e+00  
  4   2  18   7.168106e+01    5.626134e-01    0.000000e+00    5.932444e+01    5.689721e-01    0.000000e+00  
  4   2  19   6.875652e+01    5.684797e-01    0.000000e+00    5.726521e+01    5.695287e-01    0.000000e+00  
  4   2  20   6.853732e+01    5.622947e-01    0.000000e+00    8.605542e+01    5.686794e-01    0.000000e+00  
  4   2  21   6.091898e+01    5.681481e-01    0.000000e+00    5.259864e+01    5.709075e-01    0.000000e+00  
  4   2  22   -1.726870e+06    2.430164e+00    0.000000e+00    8.361519e+01    5.453228e-01    0.000000e+00  
  4   2  23   5.703308e+01    5.680355e-01    0.000000e+00    6.406742e+01    5.735793e-01    0.000000e+00  
  4   2  24   5.939868e+01    5.634935e-01    0.000000e+00    7.264133e+01    5.806019e-01    0.000000e+00  
  4   2  25   1.671536e+01    5.682371e-01    0.000000e+00    5.514501e+01    5.948041e-01    0.000000e+00  
  4   2  26   1.449280e+01    1.008346e-01    0.000000e+00    4.286762e+01    3.192591e-01    0.000000e+00  
  4   2  27   5.818306e+01    5.724315e-01    0.000000e+00    6.611335e+01    5.789641e-01    0.000000e+00  
  4   2  28   8.683718e+01    5.621218e-01    0.000000e+00    7.304527e+01    5.596763e-01    0.000000e+00  
  4   2  29   1.017290e+01    5.769251e-01    0.000000e+00    2.413813e+01    5.798300e-01    0.000000e+00  
  4   2  30   -1.415220e+00    4.182371e-01    0.000000e+00    4.000000e+01    5.000000e-01    0.000000e+00  
  4   2  31   2.391597e+01    4.518198e-01    0.000000e+00    8.829233e+01    5.520920e-01    0.000000e+00  
  4   2  32   3.181850e+01    5.910007e-01    0.000000e+00    9.824390e+00    5.740046e-01    0.000000e+00  
  4   2  33   7.986671e+00    9.739538e-02    0.000000e+00    3.993824e+04    1.630237e+00    0.000000e+00  
  4   2  34   2.152775e+01    5.783410e-01    0.000000e+00    2.910960e+01    5.876586e-01    0.000000e+00  
  4   2  35   4.133792e+04    1.694740e+00    0.000000e+00    1.981596e+01    5.688852e-01    0.000000e+00  
  4   2  36   3.138133e+04    1.659291e+00    0.000000e+00    4.627163e+01    5.887350e-01    0.000000e+00  
  4   2  37   9.306814e+00    5.989256e-02    0.000000e+00    4.713117e+01    5.749700e-01    0.000000e+00  
  4   2  38   5.497627e+01    5.930024e-01    0.000000e+00    5.783427e+00    4.552561e-02    0.000000e+00  
  4   2  39   1.026849e+01    5.672363e-01    0.000000e+00    5.359754e+01    5.534394e-01    0.000000e+00  
  4   2  40   8.540281e+00    6.335621e-02    0.000000e+00    2.380548e+00    -2.464102e-02    0.000000e+00  
  4   2  41   2.707525e+01    5.660916e-01    0.000000e+00    4.515793e+00    5.811474e-02    0.000000e+00  
  4   2  42   1.974323e+03    1.140921e+00    0.000000e+00    7.321177e+01    5.704083e-01    0.000000e+00  
  4   2  43   1.546175e+01    3.218661e-01    0.000000e+00    3.154255e+01    5.626721e-01    0.000000e+00  
  4   2  44   3.965155e+01    5.799944e-01    0.000000e+00    4.805070e+02    8.978937e-01    0.000000e+00  
  4   2  45   1.285172e+01    5.742380e-01    0.000000e+00    2.346549e+01    5.832819e-01    0.000000e+00  
  4   2  46   4.702743e+02    -6.407480e+04    0.000000e+00    3.411965e+01    -8.781830e+02    0.000000e+00  
  4   2  47   1.893493e+04    1.605605e+00    0.000000e+00    4.000000e+01    5.000000e-01    0.000000e+00  
  4   2  48   3.581791e+01    5.813381e-01    0.000000e+00    1.321106e+01    5.774619e-01    0.000000e+00  
  4   2  49   2.065128e+01    5.852835e-01    0.000000e+00    -1.396539e+00    5.691312e-01    0.000000e+00  
  4   2  50   5.169321e+01    5.925588e-01    0.000000e+00    3.763917e+01    5.868411e-01    0.000000e+00  
  4   2  51   6.677809e+01    4.645189e-01    0.000000e+00    4.650930e+01    3.216681e-01    0.000000e+00  
  4   2  52   6.335206e+00    5.166364e-02    0.000000e+00    2.498720e+01    3.063401e-01    0.000000e+00  
  4   2  53   9.347675e+00    8.463769e-02    0.000000e+00    1.824971e+01    3.994856e-01    0.000000e+00  
  4   2  54   1.951103e+01    5.702113e-01    0.000000e+00    6.143240e+02    9.385834e-01    0.000000e+00  
  4   2  55   4.847151e+02    8.983476e-01    0.000000e+00    6.402459e+03    1.300091e+00    0.000000e+00  
  4   2  56   2.371057e+01    5.844018e-01    0.000000e+00    5.007406e+01    5.947228e-01    0.000000e+00  
  4   2  57   3.467585e+01    5.891072e-01    0.000000e+00    -5.419004e+00    5.653415e-01    0.000000e+00  
  4   2  58   1.364159e+01    5.706523e-01    0.000000e+00    2.283959e+01    5.884290e-01    0.000000e+00  
  4   2  59   1.406456e+01    2.755617e-01    0.000000e+00    7.410180e+00    8.692583e-02    0.000000e+00  
  4   2  60   1.298717e+01    5.896853e-01    0.000000e+00    5.789223e+00    7.133228e-02    0.000000e+00  
  4   2  61   8.822172e+01    5.938374e-01    0.000000e+00    1.310586e+05    1.941651e+00    0.000000e+00  
  4   2  62   5.092518e+01    5.002641e-01    0.000000e+00    4.101832e+01    5.792786e-01    0.000000e+00  
  4   3   1   4.965341e+01    5.446086e-01    0.000000e+00    4.672993e+01    5.417405e-01    0.000000e+00  
  4   3   2   1.143279e+00    -1.696834e-01    0.000000e+00    -7.384023e+00    5.166128e-01    0.000000e+00  
  4   3   3   2.276383e+01    5.435313e-01    0.000000e+00    4.858730e+00    5.566202e-01    0.000000e+00  
  4   3   4   3.950777e+01    5.560613e-01    0.000000e+00    4.043518e+01    5.536389e-01    0.000000e+00  
  4   3   5   3.279429e+01    5.422693e-01    0.000000e+00    -1.059604e+01    5.618808e-01    0.000000e+00  
  5   1   1   5.677222e+01    5.515218e-01    0.000000e+00    5.232319e+01    5.510393e-01    0.000000e+00  
  5   1   2   4.000000e+01    5.000000e-01    0.000000e+00    6.369987e+01    5.479091e-01    0.000000e+00  
  5   1   3   4.931745e+01    5.534069e-01    0.000000e+00    4.748584e+01    5.543881e-01    0.000000e+00  
  5   1   4   6.174275e+01    5.519886e-01    0.000000e+00    5.087870e+01    5.496299e-01    0.000000e+00  
  5   1   5   6.603735e+01    5.531797e-01    0.000000e+00    5.110300e+01    5.491318e-01    0.000000e+00  
  5   1   6   5.452538e+01    5.143004e-01    0.000000e+00    5.333756e+02    9.547542e-01    0.000000e+00  
  5   1   7   4.450577e+01    5.495539e-01    0.000000e+00    5.971802e+01    5.555332e-01    0.000000e+00  
  5   1   8   7.522078e+01    5.370441e-01    0.000000e+00    3.032631e+01    5.595167e-01    0.000000e+00  
  5   1   9   5.732823e+01    5.549025e-01    0.000000e+00    -3.082542e+00    5.634075e-01    0.000000e+00  
  5   1  10   4.806870e+01    5.528299e-01    0.000000e+00    5.180443e+01    5.553299e-01    0.000000e+00  
  5   1  11   6.040186e+01    5.386407e-01    0.000000e+00    7.024994e+01    5.278634e-01    0.000000e+00  
  5   1  12   4.000000e+01    5.000000e-01    0.000000e+00    2.203346e+01    8.114690e-02    0.000000e+00  
  5   1  13   -9.459796e+01    4.798162e-01    0.000000e+00    2.937454e+00    3.773953e-01    0.000000e+00  
  5   1  14   3.872531e+01    5.711521e-01    0.000000e+00    4.738314e+01    5.038155e-01    0.000000e+00  
  5   1  15   2.418393e+01    5.755806e-01    0.000000e+00    2.457898e+01    1.120839e-01    0.000000e+00  
  5   1  16   1.728353e+01    8.669946e-02    0.000000e+00    4.424356e+01    3.526532e-01    0.000000e+00  
  5   1  17   9.059945e+00    5.629576e-01    0.000000e+00    -1.174048e+02    4.977755e-01    0.000000e+00  
  5   1  18   5.772186e+01    5.482202e-01    0.000000e+00    5.479538e+01    5.474989e-01    0.000000e+00  
  5   1  19   5.511064e+01    5.515212e-01    0.000000e+00    5.177223e+01    5.506473e-01    0.000000e+00  
  5   1  20   7.124363e+01    5.479819e-01    0.000000e+00    -3.648963e+00    3.863623e-01    0.000000e+00  
  5   1  21   5.565266e+01    5.400545e-01    0.000000e+00    6.613712e+01    5.496842e-01    0.000000e+00  
  5   1  22   6.048368e+01    5.549154e-01    0.000000e+00    2.781488e+02    8.564347e-01    0.000000e+00  
  5   1  23   1.515677e+00    3.908322e-01    0.000000e+00    5.804813e+00    5.662231e-01    0.000000e+00  
  5   2   1   5.785655e+01    5.640957e-01    0.000000e+00    5.482385e+01    5.617657e-01    0.000000e+00  
  5   2   2   1.369031e+01    1.334468e-01    0.000000e+00    9.466292e+00    1.706864e-01    0.000000e+00  
  5   2   3   6.579213e+01    5.715393e-01    0.000000e+00    4.088334e+01    5.194385e-01    0.000000e+00  
  5   2   4   6.891995e+01    5.678664e-01    0.000000e+00    6.356159e+01    5.667556e-01    0.000000e+00  
  5   2   5   9.717167e+00    1.782581e-01    0.000000e+00    1.206287e+01    9.931870e-02    0.000000e+00  
  5   2   6   6.299066e+01    5.694970e-01    0.000000e+00    5.964885e+01    5.668752e-01    0.000000e+00  
  5   2   7   6.263147e+01    5.658478e-01    0.000000e+00    7.069675e+01    5.697090e-01    0.000000e+00  
  5   2   8   5.654859e+01    5.659938e-01    0.000000e+00    6.039532e+01    5.691293e-01    0.000000e+00  
  5   2   9   6.266846e+01    5.681927e-01    0.000000e+00    6.168469e+01    5.684079e-01    0.000000e+00  
  5   2  10   5.956917e+01    5.680628e-01    0.000000e+00    4.592240e+01    5.679996e-01    0.000000e+00  
  5   2  11   6.452107e+01    5.662648e-01    0.000000e+00    6.036703e+01    5.642381e-01    0.000000e+00  
  5   2  12   6.212301e+01    5.674253e-01    0.000000e+00    6.789538e+01    5.673780e-01    0.000000e+00  
  5   2  13   7.002728e+01    5.693022e-01    0.000000e+00    6.599932e+01    5.611201e-01    0.000000e+00  
  5   2  14   1.261645e+01    2.191630e-01    0.000000e+00    5.270544e+01    5.675638e-01    0.000000e+00  
  5   2  15   8.181819e+01    5.641482e-01    0.000000e+00    1.930906e+01    1.234093e-01    0.000000e+00  
  5   2  16   1.751715e+01    2.780452e-01    0.000000e+00    4.000000e+01    5.000000e-01    0.000000e+00  
  5   2  17   4.825466e+01    5.711099e-01    0.000000e+00    6.648528e+01    5.720449e-01    0.000000e+00  
  5   2  18   7.734863e+01    5.713587e-01    0.000000e+00    6.928637e+01    5.705032e-01    0.000000e+00  
  5   2  19   2.424006e+01    -7.749332e+02    0.000000e+00    4.406720e+01    3.329075e-01    0.000000e+00  
  5   2  20   2.217421e+00    5.618054e-01    0.000000e+00    3.208085e+01    5.783847e-01    0.000000e+00  
  5   2  21   6.268673e+01    5.670770e-01    0.000000e+00    5.964019e+01    5.697177e-01    0.000000e+00  
  5   2  22   5.366056e+00    2.599845e-01    0.000000e+00    1.808265e+01    1.156276e-01    0.000000e+00  
  5   2  23   5.155761e+01    5.627720e-01    0.000000e+00    2.209448e-01    5.678283e-01    0.000000e+00  
  5   2  24   1.188104e+01    2.123467e-01    0.000000e+00    3.871905e+01    5.077089e-01    0.000000e+00  
  5   2  25   3.239838e+01    5.653536e-01    0.000000e+00    1.742165e+01    3.986622e-01    0.000000e+00  
  5   2  26   4.358711e+05    2.102203e+00    0.000000e+00    5.609772e+01    5.852695e-01    0.000000e+00  
  5   2  27   1.816072e+01    9.801616e-02    0.000000e+00    1.058359e+01    5.709376e-01    0.000000e+00  
  5   2  28   -2.015861e+01    5.614673e-01    0.000000e+00    7.284731e+01    5.640023e-01    0.000000e+00  
  5   2  29   9.385762e+00    4.618004e-01    0.000000e+00    1.057689e+01    5.839616e-01    0.000000e+00  
  5   2  30   1.652350e+01    3.815741e-01    0.000000e+00    7.349418e+00    5.275381e-01    0.000000e+00  
  5   2  31   8.631977e+00    8.495192e-02    0.000000e+00    1.309374e+01    3.866055e-01    0.000000e+00  
  5   2  32   3.919439e+01    5.607312e-01    0.000000e+00    1.291711e+01    3.357978e-01    0.000000e+00  
  5   2  33   1.430885e+01    1.036519e-01    0.000000e+00    1.684515e+01    7.174740e-02    0.000000e+00  
  5   2  34   3.567200e+01    3.882253e-01    0.000000e+00    3.946524e+00    5.656103e-01    0.000000e+00  
  5   2  35   4.611990e+01    5.854294e-01    0.000000e+00    6.014609e+01    5.848853e-01    0.000000e+00  
  5   2  36   3.009055e+01    5.907014e-01    0.000000e+00    1.729834e+01    1.105184e-01    0.000000e+00  
  5   2  37   6.127269e+01    5.984850e-01    0.000000e+00    9.109673e+03    1.359142e+00    0.000000e+00  
  5   2  38   -1.355504e+02    5.317644e-01    0.000000e+00    8.604731e+00    3.981644e-01    0.000000e+00  
  5   2  39   4.000000e+01    5.000000e-01    0.000000e+00    4.033444e+01    5.871549e-01    0.000000e+00  
  5   2  40   -2.679463e+00    3.732032e-01    0.000000e+00    4.853092e+00    3.793760e-01    0.000000e+00  
  5   2  41   5.595937e+01    5.677967e-01    0.000000e+00    -1.221031e+01    4.858893e-01    0.000000e+00  
  5   2  42   -1.973814e+00    5.616216e-01    0.000000e+00    5.421137e+01    5.718532e-01    0.000000e+00  
  5   2  43   5.264290e+01    5.516316e-01    0.000000e+00    1.061226e+01    1.530278e-01    0.000000e+00  
  5   2  44   -1.522812e+01    5.610616e-01    0.000000e+00    5.012509e+01    5.840178e-01    0.000000e+00  
  5   2  45   5.555336e+01    6.067681e-01    0.000000e+00    1.031611e+03    1.136175e+00    0.000000e+00  
  5   2  46   1.503742e+04    1.471936e+00    0.000000e+00    4.490055e+05    2.043588e+00    0.000000e+00  
  5   2  47   5.784285e+00    5.950931e-02    0.000000e+00    1.197750e+01    1.466970e-01    0.000000e+00  
  5   2  48   1.776201e+01    5.751771e-01    0.000000e+00    2.282014e+01    5.738492e-01    0.000000e+00  
  5   2  49   4.941987e+01    5.678172e-01    0.000000e+00    3.511545e+01    5.802261e-01    0.000000e+00  
  5   2  50   5.637147e+00    5.701770e-01    0.000000e+00    1.086449e+01    5.791954e-01    0.000000e+00  
  5   2  51   6.498486e+01    5.707066e-01    0.000000e+00    7.545332e+01    5.840264e-01    0.000000e+00  
  5   2  52   8.515996e+01    5.752557e-01    0.000000e+00    1.657126e+01    3.860761e-01    0.000000e+00  
  5   2  53   7.849600e+02    -2.824417e+04    0.000000e+00    2.084523e+02    8.748776e-01    0.000000e+00  
  5   2  54   4.252284e+01    5.856479e-01    0.000000e+00    5.031975e+01    5.826029e-01    0.000000e+00  
  5   2  55   1.795440e+01    5.804567e-01    0.000000e+00    5.075599e+01    5.889811e-01    0.000000e+00  
  5   2  56   3.731484e+01    5.456825e-01    0.000000e+00    1.093717e+01    1.144716e-01    0.000000e+00  
  5   2  57   1.579694e+01    5.713180e-01    0.000000e+00    3.665483e+01    5.799770e-01    0.000000e+00  
  5   2  58   2.757678e+04    1.563582e+00    0.000000e+00    4.510799e+01    5.332307e-01    0.000000e+00  
  5   2  59   2.056506e+01    5.795618e-01    0.000000e+00    1.017150e+01    5.805194e-01    0.000000e+00  
  5   2  60   5.486031e+01    5.815691e-01    0.000000e+00    4.244704e+02    9.100722e-01    0.000000e+00  
  5   2  61   1.800724e+01    5.775529e-01    0.000000e+00    2.224321e+04    1.593774e+00    0.000000e+00  
  5   2  62   6.776695e+01    5.898124e-01    0.000000e+00    4.955707e+01    5.800472e-01    0.000000e+00  
  5   3   1   5.970205e+01    5.462364e-01    0.000000e+00    4.088542e+01    5.376680e-01    0.000000e+00  
  5   3   2   4.231540e+01    5.448370e-01    0.000000e+00    4.479475e+01    5.457229e-01    0.000000e+00  
  5   3   3   4.165948e+01    5.461905e-01    0.000000e+00    5.253178e+01    5.473470e-01    0.000000e+00  
  5   3   4   3.638697e+01    5.515745e-01    0.000000e+00    4.112133e+01    5.471197e-01    0.000000e+00  
  5   3   5   4.226656e+01    3.926866e-01    0.000000e+00    -9.974178e+00    5.614971e-01    0.000000e+00  
  6   1   1   5.263679e+01    5.530643e-01    0.000000e+00    4.766714e+01    5.526625e-01    0.000000e+00  
  6   1   2   5.181580e+01    5.507785e-01    0.000000e+00    6.117298e+01    5.498611e-01    0.000000e+00  
  6   1   3   5.802154e+01    5.495179e-01    0.000000e+00    5.706984e+01    5.492901e-01    0.000000e+00  
  6   1   4   6.062217e+01    5.507434e-01    0.000000e+00    6.133749e+01    5.471586e-01    0.000000e+00  
  6   1   5   6.701153e+01    5.502225e-01    0.000000e+00    5.841249e+01    5.457989e-01    0.000000e+00  
  6   1   6   6.256400e+01    5.484774e-01    0.000000e+00    6.004072e+01    5.477665e-01    0.000000e+00  
  6   1   7   5.899364e+01    5.488718e-01    0.000000e+00    5.556008e+01    5.490759e-01    0.000000e+00  
  6   1   8   4.878612e+01    5.487032e-01    0.000000e+00    2.661807e+01    1.172705e-01    0.000000e+00  
  6   1   9   4.000000e+01    5.000000e-01    0.000000e+00    2.072255e+01    5.733502e-01    0.000000e+00  
  6   1  10   1.712064e+01    8.815570e-02    0.000000e+00    -5.077473e+00    3.775518e-01    0.000000e+00  
  6   1  11   1.513739e+01    9.569476e-02    0.000000e+00    7.906752e+01    5.338042e-01    0.000000e+00  
  6   1  12   6.508076e+01    5.434384e-01    0.000000e+00    3.035530e+00    5.666467e-01    0.000000e+00  
  6   1  13   5.174146e+01    5.407115e-01    0.000000e+00    6.087558e+01    5.534923e-01    0.000000e+00  
  6   1  14   9.153192e+00    5.656052e-01    0.000000e+00    1.771592e+01    1.092892e-01    0.000000e+00  
  6   1  15   8.709880e+01    -4.768996e+03    0.000000e+00    -1.679800e+01    5.647755e-01    0.000000e+00  
  6   1  16   5.671134e+01    5.381770e-01    0.000000e+00    6.405645e+01    5.461437e-01    0.000000e+00  
  6   1  17   1.719963e+01    1.199412e-01    0.000000e+00    -1.107271e+01    3.855943e-01    0.000000e+00  
  6   1  18   1.624603e+01    8.955756e-02    0.000000e+00    4.484076e+03    1.330172e+00    0.000000e+00  
  6   1  19   4.266247e+00    5.639656e-01    0.000000e+00    6.586936e+01    5.502937e-01    0.000000e+00  
  6   1  20   2.492147e+01    5.815178e-01    0.000000e+00    1.596396e+01    1.568275e-01    0.000000e+00  
  6   1  21   -1.152692e+01    4.038768e-01    0.000000e+00    6.542198e+00    5.651529e-01    0.000000e+00  
  6   1  22   4.507407e+01    5.470061e-01    0.000000e+00    6.257883e+01    5.589827e-01    0.000000e+00  
  6   1  23   1.698545e+01    9.355474e-02    0.000000e+00    4.000000e+01    5.000000e-01    0.000000e+00  
  6   2   1   6.280468e+01    5.648469e-01    0.000000e+00    6.264506e+01    5.638991e-01    0.000000e+00  
  6   2   2   6.369014e+01    5.646967e-01    0.000000e+00    7.221362e+01    5.683519e-01    0.000000e+00  
  6   2   3   6.797376e+01    5.702366e-01    0.000000e+00    6.950449e+01    5.715588e-01    0.000000e+00  
  6   2   4   5.527130e+01    5.685488e-01    0.000000e+00    6.324327e+01    5.713541e-01    0.000000e+00  
  6   2   5   6.922855e+01    5.723545e-01    0.000000e+00    6.158409e+01    5.661155e-01    0.000000e+00  
  6   2   6   6.248406e+01    5.684960e-01    0.000000e+00    6.333721e+01    5.691989e-01    0.000000e+00  
  6   2   7   6.768283e+01    5.694074e-01    0.000000e+00    7.052460e+01    5.689593e-01    0.000000e+00  
  6   2   8   6.695548e+01    5.724913e-01    0.000000e+00    5.604409e+01    5.659507e-01    0.000000e+00  
  6   2   9   5.216171e+01    5.005701e-01    0.000000e+00    1.524607e+01    2.348985e-01    0.000000e+00  
  6   2  10   2.269396e+01    4.917003e-01    0.000000e+00    6.254953e+01    5.668262e-01    0.000000e+00  
  6   2  11   6.731986e+01    5.692008e-01    0.000000e+00    5.784816e+01    5.629119e-01    0.000000e+00  
  6   2  12   5.646134e+01    5.663024e-01    0.000000e+00    6.529251e+01    5.676781e-01    0.000000e+00  
  6   2  13   5.237506e+01    5.671704e-01    0.000000e+00    5.743584e+01    5.720580e-01    0.000000e+00  
  6   2  14   8.598433e+01    5.688997e-01    0.000000e+00    7.165407e+01    5.622258e-01    0.000000e+00  
  6   2  15   8.105394e+00    9.174687e-02    0.000000e+00    3.756621e+01    5.702292e-01    0.000000e+00  
  6   2  16   1.559742e+01    9.505437e-02    0.000000e+00    1.659993e+01    1.069543e-01    0.000000e+00  
  6   2  17   6.169173e+01    5.671376e-01    0.000000e+00    5.863645e+01    5.662027e-01    0.000000e+00  
  6   2  18   1.813974e+01    2.483147e-01    0.000000e+00    6.223430e+01    5.629317e-01    0.000000e+00  
  6   2  19   7.566608e+01    5.716827e-01    0.000000e+00    5.639318e+01    5.637689e-01    0.000000e+00  
  6   2  20   7.105981e+01    5.687085e-01    0.000000e+00    5.656667e+01    5.565661e-01    0.000000e+00  
  6   2  21   8.442256e+01    5.613893e-01    0.000000e+00    8.203982e+01    5.653869e-01    0.000000e+00  
  6   2  22   9.411223e+01    5.653627e-01    0.000000e+00    6.332244e+01    5.600280e-01    0.000000e+00  
  6   2  23   4.000000e+01    5.000000e-01    0.000000e+00    4.000000e+01    5.000000e-01    0.000000e+00  
  6   2  24   8.714691e+01    5.238090e-01    0.000000e+00    8.055274e+01    5.740538e-01    0.000000e+00  
  6   2  25   7.365376e+01    5.693908e-01    0.000000e+00    5.821345e+01    5.725880e-01    0.000000e+00  
  6   2  26   3.821251e+01    5.674569e-01    0.000000e+00    9.358360e+01    5.806810e-01    0.000000e+00  
  6   2  27   3.871891e+01    5.867998e-01    0.000000e+00    4.000000e+01    5.000000e-01    0.000000e+00  
  6   2  28   6.113734e+03    1.347415e+00    0.000000e+00    3.600949e+01    5.842299e-01    0.000000e+00  
  6   2  29   1.543508e+01    9.939827e-02    0.000000e+00    -2.921168e+00    2.593147e-01    0.000000e+00  
  6   2  30   2.672246e+01    5.753153e-01    0.000000e+00    9.251444e+00    5.766670e-01    0.000000e+00  
  6   2  31   5.883233e+01    5.760529e-01    0.000000e+00    1.867209e+01    5.637304e-01    0.000000e+00  
  6   2  32   1.769930e+01    8.923953e-02    0.000000e+00    4.423572e+01    3.466064e-01    0.000000e+00  
  6   2  33   1.549390e+01    8.179982e-02    0.000000e+00    -4.814256e+01    5.617554e-01    0.000000e+00  
  6   2  34   1.812886e+01    5.742841e-01    0.000000e+00    1.580435e+01    1.330946e-01    0.000000e+00  
  6   2  35   8.245409e+01    -1.063460e+03    0.000000e+00    7.599541e+01    -1.438771e+03    0.000000e+00  
  6   2  36   -4.469533e+00    5.560577e-01    0.000000e+00    9.230991e+00    2.327220e-01    0.000000e+00  
  6   2  37   1.755285e+01    3.891290e-01    0.000000e+00    1.041594e+01    9.580108e-02    0.000000e+00  
  6   2  38   3.398440e+01    4.580472e-01    0.000000e+00    5.759387e+01    5.805505e-01    0.000000e+00  
  6   2  39   3.164350e+01    5.757656e-01    0.000000e+00    2.625799e+01    3.831171e-01    0.000000e+00  
  6   2  40   4.833267e+01    5.424036e-01    0.000000e+00    1.212393e+01    1.723414e-01    0.000000e+00  
  6   2  41   1.417035e+01    7.453641e-02    0.000000e+00    1.328071e+00    5.607761e-01    0.000000e+00  
  6   2  42   3.892132e+01    5.825013e-01    0.000000e+00    3.151365e+01    5.772349e-01    0.000000e+00  
  6   2  43   2.070446e+01    5.708134e-01    0.000000e+00    3.319780e+01    5.334559e-01    0.000000e+00  
  6   2  44   4.321307e+01    3.735875e-01    0.000000e+00    2.095457e+01    3.647483e-01    0.000000e+00  
  6   2  45   1.056975e+02    6.100750e-01    0.000000e+00    1.567411e+01    5.768694e-01    0.000000e+00  
  6   2  46   1.067530e+01    1.249886e-01    0.000000e+00    5.248969e+01    6.223899e-01    0.000000e+00  
  6   2  47   5.342176e+01    5.771015e-01    0.000000e+00    1.155098e+01    3.101401e-01    0.000000e+00  
  6   2  48   1.338301e+04    1.451301e+00    0.000000e+00    2.698300e+04    1.603508e+00    0.000000e+00  
  6   2  49   2.165201e+01    5.741454e-01    0.000000e+00    4.195515e+01    5.844060e-01    0.000000e+00  
  6   2  50   2.924438e+03    1.253446e+00    0.000000e+00    5.612652e+01    5.715730e-01    0.000000e+00  
  6   2  51   8.095886e+04    1.897879e+00    0.000000e+00    3.286891e+00    5.725795e-01    0.000000e+00  
  6   2  52   5.498261e+01    5.684492e-01    0.000000e+00    7.509004e+02    9.580752e-01    0.000000e+00  
  6   2  53   5.473418e+01    5.720782e-01    0.000000e+00    8.197906e+02    -8.075787e+04    0.000000e+00  
  6   2  54   3.164208e+01    5.667489e-01    0.000000e+00    8.142937e+01    5.759295e-01    0.000000e+00  
  6   2  55   5.007007e+01    5.775450e-01    0.000000e+00    5.391244e+01    5.818865e-01    0.000000e+00  
  6   2  56   1.373141e+05    1.855650e+00    0.000000e+00    1.376500e+00    5.720929e-01    0.000000e+00  
  6   2  57   4.955462e+01    5.752921e-01    0.000000e+00    3.588089e+00    5.830830e-01    0.000000e+00  
  6   2  58   1.004949e+01    1.074093e-01    0.000000e+00    1.765636e+01    5.765175e-01    0.000000e+00  
  6   2  59   3.244611e+02    7.730002e-01    0.000000e+00    7.631515e+01    5.285056e-01    0.000000e+00  
  6   2  60   1.463396e+02    7.628844e-01    0.000000e+00    5.021063e+01    5.798663e-01    0.000000e+00  
  6   2  61   7.496842e+01    5.795915e-01    0.000000e+00    4.320387e+02    9.070615e-01    0.000000e+00  
  6   2  62   2.651693e+01    3.920112e-01    0.000000e+00    1.679148e+01    2.727520e-01    0.000000e+00  
  6   3   1   4.616216e+00    5.578377e-02    0.000000e+00    5.704121e+01    5.457823e-01    0.000000e+00  
  6   3   2   5.114513e+01    5.491193e-01    0.000000e+00    3.813619e+01    5.423151e-01    0.000000e+00  
  6   3   3   3.653672e+00    3.942890e-01    0.000000e+00    3.188388e+01    5.741816e-01    0.000000e+00  
  6   3   4   4.154072e+01    5.538065e-01    0.000000e+00    3.852051e+01    5.475563e-01    0.000000e+00  
  6   3   5   2.654604e+02    9.145517e-01    0.000000e+00    6.938917e+01    5.572435e-01    0.000000e+00  
