  1   1   1   2.235242e+01    2.235242e+01    5.715703e+01    5.715703e+01  
  1   1   2   1.388641e+01    1.388641e+01    1.063834e+01    1.063834e+01  
  1   1   3   1.362255e+01    1.362255e+01    8.391144e+00    8.391144e+00  
  1   1   4   1.735662e+01    1.735662e+01    2.489096e+01    2.489096e+01  
  1   1   5   1.570921e+01    1.570921e+01    2.334234e+02    2.334234e+02  
  1   1   6   -3.608042e+01    -3.608042e+01    1.583403e+02    1.583403e+02  
  1   1   7   3.389194e+01    3.389194e+01    6.065552e+01    6.065552e+01  
  1   1   8   2.340244e+01    2.340244e+01    1.115401e+01    1.115401e+01  
  1   1   9   3.319232e+01    3.319232e+01    3.944052e+01    3.944052e+01  
  1   1  10   2.082034e+01    2.082034e+01    1.796231e+01    1.796231e+01  
  1   1  11   2.941354e+01    2.941354e+01    1.946179e+01    1.946179e+01  
  1   1  12   1.730700e+01    1.730700e+01    4.907691e+00    4.907691e+00  
  1   1  13   1.568265e+01    1.568265e+01    3.427264e+00    3.427264e+00  
  1   1  14   2.439132e+01    2.439132e+01    1.114246e+01    1.114246e+01  
  1   1  15   1.495083e+01    1.495083e+01    7.540070e+00    7.540070e+00  
  1   1  16   1.461815e+01    1.461815e+01    5.573195e+00    5.573195e+00  
  1   1  17   1.410185e+01    1.410185e+01    5.290680e+00    5.290680e+00  
  1   1  18   1.460532e+01    1.460532e+01    2.926450e+00    2.926450e+00  
  1   1  19   1.878487e+01    1.878487e+01    7.150419e+00    7.150419e+00  
  1   1  20   2.092678e+01    2.092678e+01    8.460326e+00    8.460326e+00  
  1   1  21   1.439166e+01    1.439166e+01    2.813261e+00    2.813261e+00  
  1   1  22   1.544267e+01    1.544267e+01    5.860113e+00    5.860113e+00  
  1   1  23   1.095533e+01    1.095533e+01    7.118835e+00    7.118835e+00  
  1   2   1   -6.896000e+01    -6.896000e+01    1.950483e+03    1.950483e+03  
  1   2   2   2.026286e+01    2.026286e+01    5.849383e+01    5.849383e+01  
  1   2   3   2.899172e+01    2.899172e+01    5.310699e+01    5.310699e+01  
  1   2   4   1.798037e+01    1.798037e+01    4.236284e+01    4.236284e+01  
  1   2   5   1.632087e+01    1.632087e+01    1.471678e+01    1.471678e+01  
  1   2   6   1.546639e+01    1.546639e+01    3.814319e+01    3.814319e+01  
  1   2   7   1.213964e+02    1.213964e+02    1.085802e+03    1.085802e+03  
  1   2   8   1.459335e+01    1.459335e+01    3.743957e+02    3.743957e+02  
  1   2   9   1.600000e+01    1.600000e+01    3.620387e+02    3.620387e+02  
  1   2  10   1.470695e+01    1.470695e+01    1.767049e+02    1.767049e+02  
  1   2  11   1.600000e+01    1.600000e+01    3.620387e+02    3.620387e+02  
  1   2  12   1.600000e+01    1.600000e+01    3.620387e+02    3.620387e+02  
  1   2  13   1.600000e+01    1.600000e+01    3.620387e+02    3.620387e+02  
  1   2  14   1.600000e+01    1.600000e+01    3.620387e+02    3.620387e+02  
  1   2  15   1.600000e+01    1.600000e+01    3.620387e+02    3.620387e+02  
  1   2  16   -4.782097e+00    -4.782097e+00    1.761245e+02    1.761245e+02  
  1   2  17   1.600000e+01    1.600000e+01    3.620387e+02    3.620387e+02  
  1   2  18   1.600000e+01    1.600000e+01    3.620387e+02    3.620387e+02  
  1   2  19   1.915949e+01    1.915949e+01    4.793131e+01    4.793131e+01  
  1   2  20   1.600000e+01    1.600000e+01    3.620387e+02    3.620387e+02  
  1   2  21   1.528291e+01    1.528291e+01    1.423241e+02    1.423241e+02  
  1   2  22   1.600000e+01    1.600000e+01    3.620387e+02    3.620387e+02  
  1   2  23   1.600000e+01    1.600000e+01    3.620387e+02    3.620387e+02  
  1   2  24   1.302509e+01    1.302509e+01    2.690298e+02    2.690298e+02  
  1   2  25   1.627131e+01    1.627131e+01    2.240922e+02    2.240922e+02  
  1   2  26   1.600000e+01    1.600000e+01    3.620387e+02    3.620387e+02  
  1   2  27   1.643771e+01    1.643771e+01    2.012538e+01    2.012538e+01  
  1   2  28   1.211052e+14    1.211052e+14    1.419776e+27    1.419776e+27  
  1   2  29   1.611815e+01    1.611815e+01    1.568470e+01    1.568470e+01  
  1   2  30   1.459149e+01    1.459149e+01    1.674314e+02    1.674314e+02  
  1   2  31   1.217396e+01    1.217396e+01    1.916902e+01    1.916902e+01  
  1   2  32   1.600000e+01    1.600000e+01    3.620387e+02    3.620387e+02  
  1   2  33   1.556901e+01    1.556901e+01    1.518309e+02    1.518309e+02  
  1   2  34   2.468814e+01    2.468814e+01    1.669719e+01    1.669719e+01  
  1   2  35   3.049870e+01    3.049870e+01    2.401150e+01    2.401150e+01  
  1   2  36   5.540811e+00    5.540811e+00    2.646404e+02    2.646404e+02  
  1   2  37   1.600000e+01    1.600000e+01    3.620387e+02    3.620387e+02  
  1   2  38   9.081867e+00    9.081867e+00    6.854239e+00    6.854239e+00  
  1   2  39   8.186806e+00    8.186806e+00    1.132108e+01    1.132108e+01  
  1   2  40   1.612923e+01    1.612923e+01    1.633702e+02    1.633702e+02  
  1   2  41   1.600000e+01    1.600000e+01    3.620387e+02    3.620387e+02  
  1   2  42   1.495359e+01    1.495359e+01    6.023345e+00    6.023345e+00  
  1   2  43   1.575395e+01    1.575395e+01    1.112369e+02    1.112369e+02  
  1   2  44   1.498439e+01    1.498439e+01    6.464577e+00    6.464577e+00  
  1   2  45   1.728622e+01    1.728622e+01    1.767171e+02    1.767171e+02  
  1   2  46   1.579377e+01    1.579377e+01    9.795103e+01    9.795103e+01  
  1   2  47   1.566191e+01    1.566191e+01    2.084330e+02    2.084330e+02  
  1   2  48   1.691515e+01    1.691515e+01    2.180709e+01    2.180709e+01  
  1   2  49   1.568569e+01    1.568569e+01    1.842191e+01    1.842191e+01  
  1   2  50   5.346909e+00    5.346909e+00    1.171449e+01    1.171449e+01  
  1   2  51   1.498893e+01    1.498893e+01    2.169713e+02    2.169713e+02  
  1   2  52   1.600000e+01    1.600000e+01    3.620387e+02    3.620387e+02  
  1   2  53   1.600000e+01    1.600000e+01    3.620387e+02    3.620387e+02  
  1   2  54   1.650294e+01    1.650294e+01    1.244989e+02    1.244989e+02  
  1   2  55   1.600000e+01    1.600000e+01    3.620387e+02    3.620387e+02  
  1   2  56   1.571777e+01    1.571777e+01    1.377320e+02    1.377320e+02  
  1   2  57   1.600000e+01    1.600000e+01    3.620387e+02    3.620387e+02  
  1   2  58   1.549168e+01    1.549168e+01    2.308222e+02    2.308222e+02  
  1   2  59   1.600000e+01    1.600000e+01    3.620387e+02    3.620387e+02  
  1   2  60   1.457579e+01    1.457579e+01    2.367423e+02    2.367423e+02  
  1   2  61   1.504650e+01    1.504650e+01    7.189557e+00    7.189557e+00  
  1   2  62   1.600000e+01    1.600000e+01    3.620387e+02    3.620387e+02  
  1   3   1   2.252690e+01    2.252690e+01    4.775990e+00    4.775990e+00  
  1   3   2   1.546900e+01    1.546900e+01    4.550316e+00    4.550316e+00  
  1   3   3   -2.402450e+01    -2.402450e+01    2.842617e+01    2.842617e+01  
  1   3   4   1.695120e+01    1.695120e+01    1.011362e+01    1.011362e+01  
  1   3   5   1.612310e+01    1.612310e+01    9.125726e+00    9.125726e+00  
  2   1   1   2.138415e+01    2.138415e+01    2.693958e+01    2.693958e+01  
  2   1   2   2.208755e+01    2.208755e+01    2.693952e+01    2.693952e+01  
  2   1   3   1.543192e+01    1.543192e+01    6.079313e+00    6.079313e+00  
  2   1   4   1.177209e+02    1.177209e+02    2.485939e+02    2.485939e+02  
  2   1   5   1.294187e+01    1.294187e+01    7.198779e+00    7.198779e+00  
  2   1   6   5.525009e+01    5.525009e+01    3.536853e+01    3.536853e+01  
  2   1   7   2.048706e+01    2.048706e+01    9.770779e+00    9.770779e+00  
  2   1   8   1.611864e+02    1.611864e+02    1.386508e+03    1.386508e+03  
  2   1   9   2.057711e+01    2.057711e+01    5.449165e+00    5.449165e+00  
  2   1  10   1.574001e+01    1.574001e+01    5.515054e+00    5.515054e+00  
  2   1  11   1.700352e+01    1.700352e+01    4.555336e+00    4.555336e+00  
  2   1  12   1.216364e+01    1.216364e+01    3.560158e+00    3.560158e+00  
  2   1  13   1.721372e+01    1.721372e+01    3.746352e+00    3.746352e+00  
  2   1  14   1.607601e+01    1.607601e+01    2.972494e+00    2.972494e+00  
  2   1  15   1.497877e+01    1.497877e+01    2.836697e+00    2.836697e+00  
  2   1  16   1.499129e+01    1.499129e+01    3.062001e+00    3.062001e+00  
  2   1  17   1.535734e+01    1.535734e+01    2.628753e+00    2.628753e+00  
  2   1  18   1.496558e+01    1.496558e+01    3.780730e+00    3.780730e+00  
  2   1  19   1.704769e+01    1.704769e+01    3.932744e+00    3.932744e+00  
  2   1  20   1.532880e+01    1.532880e+01    4.045182e+00    4.045182e+00  
  2   1  21   1.424862e+01    1.424862e+01    3.033914e+00    3.033914e+00  
  2   1  22   1.956796e+01    1.956796e+01    7.802794e+00    7.802794e+00  
  2   1  23   1.594973e+01    1.594973e+01    4.376397e+00    4.376397e+00  
  2   2   1   1.427135e+01    1.427135e+01    3.252573e+01    3.252573e+01  
  2   2   2   1.665603e+01    1.665603e+01    3.487357e+02    3.487357e+02  
  2   2   3   1.001333e+01    1.001333e+01    2.439948e+01    2.439948e+01  
  2   2   4   2.402163e+01    2.402163e+01    2.202440e+01    2.202440e+01  
  2   2   5   1.348436e+01    1.348436e+01    2.024030e+01    2.024030e+01  
  2   2   6   1.326755e+01    1.326755e+01    1.447217e+01    1.447217e+01  
  2   2   7   2.630465e+01    2.630465e+01    8.149729e+01    8.149729e+01  
  2   2   8   1.341405e+01    1.341405e+01    3.673590e+01    3.673590e+01  
  2   2   9   1.572676e+01    1.572676e+01    2.119692e+02    2.119692e+02  
  2   2  10   1.590538e+01    1.590538e+01    2.182261e+02    2.182261e+02  
  2   2  11   1.561203e+01    1.561203e+01    2.146762e+02    2.146762e+02  
  2   2  12   1.516506e+01    1.516506e+01    1.711563e+02    1.711563e+02  
  2   2  13   1.574660e+01    1.574660e+01    2.562687e+02    2.562687e+02  
  2   2  14   2.165238e+01    2.165238e+01    5.719621e+02    5.719621e+02  
  2   2  15   2.671000e+01    2.671000e+01    5.160862e+01    5.160862e+01  
  2   2  16   1.465653e+01    1.465653e+01    2.294264e+02    2.294264e+02  
  2   2  17   1.608785e+01    1.608785e+01    1.562173e+02    1.562173e+02  
  2   2  18   6.195134e+00    6.195134e+00    2.181421e+02    2.181421e+02  
  2   2  19   1.600000e+01    1.600000e+01    3.620387e+02    3.620387e+02  
  2   2  20   1.600000e+01    1.600000e+01    3.620387e+02    3.620387e+02  
  2   2  21   1.600000e+01    1.600000e+01    3.620387e+02    3.620387e+02  
  2   2  22   1.600000e+01    1.600000e+01    3.620387e+02    3.620387e+02  
  2   2  23   1.594768e+01    1.594768e+01    2.786604e+02    2.786604e+02  
  2   2  24   1.583273e+01    1.583273e+01    1.230235e+01    1.230235e+01  
  2   2  25   1.538184e+01    1.538184e+01    2.117145e+02    2.117145e+02  
  2   2  26   1.284154e+01    1.284154e+01    1.093669e+01    1.093669e+01  
  2   2  27   1.732623e+01    1.732623e+01    2.886650e+01    2.886650e+01  
  2   2  28   1.665127e+01    1.665127e+01    1.001720e+01    1.001720e+01  
  2   2  29   1.600000e+01    1.600000e+01    3.620387e+02    3.620387e+02  
  2   2  30   1.546816e+01    1.546816e+01    6.313935e+00    6.313935e+00  
  2   2  31   1.277595e+01    1.277595e+01    5.072701e+00    5.072701e+00  
  2   2  32   1.783070e+01    1.783070e+01    1.236194e+01    1.236194e+01  
  2   2  33   1.510043e+01    1.510043e+01    8.852049e+00    8.852049e+00  
  2   2  34   1.839940e+01    1.839940e+01    1.718131e+01    1.718131e+01  
  2   2  35   3.125664e+01    3.125664e+01    2.938827e+01    2.938827e+01  
  2   2  36   1.796518e+01    1.796518e+01    8.107228e+00    8.107228e+00  
  2   2  37   1.557512e+01    1.557512e+01    5.251535e+00    5.251535e+00  
  2   2  38   1.719068e+01    1.719068e+01    4.787257e+01    4.787257e+01  
  2   2  39   2.443520e+01    2.443520e+01    1.391518e+02    1.391518e+02  
  2   2  40   1.667750e+01    1.667750e+01    1.061471e+01    1.061471e+01  
  2   2  41   1.463708e+01    1.463708e+01    5.071374e+00    5.071374e+00  
  2   2  42   1.603421e+01    1.603421e+01    7.527068e+00    7.527068e+00  
  2   2  43   1.581250e+01    1.581250e+01    4.028379e+00    4.028379e+00  
  2   2  44   1.608418e+01    1.608418e+01    1.006386e+02    1.006386e+02  
  2   2  45   9.800789e+00    9.800789e+00    5.658342e+00    5.658342e+00  
  2   2  46   1.555062e+01    1.555062e+01    4.801376e+00    4.801376e+00  
  2   2  47   1.040771e+01    1.040771e+01    4.710502e+00    4.710502e+00  
  2   2  48   1.569229e+01    1.569229e+01    1.639163e+01    1.639163e+01  
  2   2  49   1.600000e+01    1.600000e+01    3.620387e+02    3.620387e+02  
  2   2  50   1.512405e+01    1.512405e+01    4.344943e+00    4.344943e+00  
  2   2  51   1.410668e+01    1.410668e+01    1.240095e+02    1.240095e+02  
  2   2  52   1.613013e+01    1.613013e+01    7.416333e+00    7.416333e+00  
  2   2  53   3.725167e+01    3.725167e+01    2.134737e+01    2.134737e+01  
  2   2  54   1.600000e+01    1.600000e+01    3.620387e+02    3.620387e+02  
  2   2  55   2.438264e+01    2.438264e+01    1.154829e+01    1.154829e+01  
  2   2  56   1.435360e+01    1.435360e+01    1.048930e+02    1.048930e+02  
  2   2  57   1.464211e+01    1.464211e+01    9.414019e+01    9.414019e+01  
  2   2  58   2.179847e+01    2.179847e+01    8.211290e+00    8.211290e+00  
  2   2  59   1.568847e+01    1.568847e+01    1.046078e+02    1.046078e+02  
  2   2  60   1.554302e+01    1.554302e+01    9.575915e+01    9.575915e+01  
  2   2  61   1.601274e+01    1.601274e+01    8.772319e+01    8.772319e+01  
  2   2  62   1.589168e+01    1.589168e+01    8.580790e+01    8.580790e+01  
  2   3   1   2.293107e+01    2.293107e+01    6.245433e+00    6.245433e+00  
  2   3   2   1.749196e+01    1.749196e+01    6.167485e+00    6.167485e+00  
  2   3   3   3.447638e+01    3.447638e+01    1.272852e+01    1.272852e+01  
  2   3   4   1.459875e+01    1.459875e+01    3.638669e+00    3.638669e+00  
  2   3   5   1.610961e+01    1.610961e+01    7.533827e+00    7.533827e+00  
  3   1   1   1.543396e+01    1.543396e+01    1.168264e+01    1.168264e+01  
  3   1   2   4.552537e+01    4.552537e+01    3.329767e+01    3.329767e+01  
  3   1   3   1.643676e+01    1.643676e+01    1.074905e+01    1.074905e+01  
  3   1   4   1.901990e+01    1.901990e+01    1.502234e+01    1.502234e+01  
  3   1   5   1.691445e+01    1.691445e+01    2.049893e+01    2.049893e+01  
  3   1   6   1.608646e+01    1.608646e+01    7.508272e+00    7.508272e+00  
  3   1   7   2.558376e+01    2.558376e+01    2.033240e+01    2.033240e+01  
  3   1   8   1.834054e+01    1.834054e+01    3.070891e+01    3.070891e+01  
  3   1   9   1.314878e+01    1.314878e+01    8.299951e+00    8.299951e+00  
  3   1  10   1.513672e+01    1.513672e+01    4.576442e+00    4.576442e+00  
  3   1  11   6.859428e+01    6.859428e+01    7.926430e+01    7.926430e+01  
  3   1  12   1.712681e+01    1.712681e+01    3.605323e+00    3.605323e+00  
  3   1  13   2.110950e+01    2.110950e+01    4.593209e+00    4.593209e+00  
  3   1  14   1.571702e+01    1.571702e+01    2.659202e+00    2.659202e+00  
  3   1  15   1.583422e+01    1.583422e+01    2.350401e+00    2.350401e+00  
  3   1  16   2.806740e+01    2.806740e+01    5.374695e+00    5.374695e+00  
  3   1  17   1.496827e+01    1.496827e+01    2.833466e+00    2.833466e+00  
  3   1  18   1.615720e+01    1.615720e+01    1.947367e+00    1.947367e+00  
  3   1  19   1.641570e+01    1.641570e+01    2.920932e+00    2.920932e+00  
  3   1  20   1.759860e+01    1.759860e+01    1.152505e+01    1.152505e+01  
  3   1  21   1.474296e+01    1.474296e+01    3.163321e+00    3.163321e+00  
  3   1  22   1.986630e+01    1.986630e+01    4.395911e+00    4.395911e+00  
  3   1  23   1.842376e+01    1.842376e+01    3.385873e+00    3.385873e+00  
  3   2   1   2.899856e+01    2.899856e+01    1.335363e+02    1.335363e+02  
  3   2   2   1.870266e+01    1.870266e+01    2.956581e+01    2.956581e+01  
  3   2   3   1.239220e+01    1.239220e+01    8.413626e+00    8.413626e+00  
  3   2   4   1.909442e+01    1.909442e+01    3.830853e+01    3.830853e+01  
  3   2   5   2.589440e+01    2.589440e+01    6.891673e+01    6.891673e+01  
  3   2   6   1.818427e+01    1.818427e+01    2.282471e+01    2.282471e+01  
  3   2   7   1.361653e+01    1.361653e+01    1.051173e+01    1.051173e+01  
  3   2   8   1.787098e+01    1.787098e+01    2.182998e+01    2.182998e+01  
  3   2   9   2.409235e+01    2.409235e+01    5.854877e+01    5.854877e+01  
  3   2  10   3.291963e+01    3.291963e+01    3.903499e+01    3.903499e+01  
  3   2  11   1.789920e+01    1.789920e+01    2.881467e+02    2.881467e+02  
  3   2  12   1.078646e+01    1.078646e+01    1.364391e+01    1.364391e+01  
  3   2  13   1.600000e+01    1.600000e+01    3.620387e+02    3.620387e+02  
  3   2  14   1.083852e+01    1.083852e+01    9.618195e+00    9.618195e+00  
  3   2  15   1.187111e+01    1.187111e+01    2.766784e+01    2.766784e+01  
  3   2  16   1.508777e+01    1.508777e+01    9.466459e+00    9.466459e+00  
  3   2  17   1.594489e+01    1.594489e+01    4.277723e+01    4.277723e+01  
  3   2  18   1.739846e+01    1.739846e+01    1.321254e+01    1.321254e+01  
  3   2  19   1.565553e+01    1.565553e+01    6.620692e+01    6.620692e+01  
  3   2  20   1.421902e+01    1.421902e+01    1.623961e+01    1.623961e+01  
  3   2  21   1.600000e+01    1.600000e+01    3.620387e+02    3.620387e+02  
  3   2  22   1.123259e+01    1.123259e+01    1.301524e+01    1.301524e+01  
  3   2  23   2.885604e+01    2.885604e+01    1.852524e+01    1.852524e+01  
  3   2  24   1.609455e+01    1.609455e+01    1.405219e+01    1.405219e+01  
  3   2  25   4.187255e+01    4.187255e+01    5.234069e+01    5.234069e+01  
  3   2  26   1.611712e+01    1.611712e+01    1.086389e+01    1.086389e+01  
  3   2  27   1.697343e+01    1.697343e+01    6.162875e+00    6.162875e+00  
  3   2  28   2.464215e+01    2.464215e+01    5.301319e+01    5.301319e+01  
  3   2  29   2.626345e+01    2.626345e+01    1.306140e+01    1.306140e+01  
  3   2  30   1.433858e+01    1.433858e+01    1.118855e+01    1.118855e+01  
  3   2  31   1.532288e+01    1.532288e+01    7.278774e+00    7.278774e+00  
  3   2  32   1.459795e+01    1.459795e+01    1.215148e+01    1.215148e+01  
  3   2  33   1.765681e+01    1.765681e+01    1.660869e+01    1.660869e+01  
  3   2  34   1.384255e+01    1.384255e+01    6.439429e+00    6.439429e+00  
  3   2  35   1.651116e+01    1.651116e+01    6.633612e+00    6.633612e+00  
  3   2  36   1.637485e+01    1.637485e+01    1.280279e+01    1.280279e+01  
  3   2  37   4.813103e+01    4.813103e+01    7.705464e+01    7.705464e+01  
  3   2  38   1.499237e+01    1.499237e+01    8.096997e+00    8.096997e+00  
  3   2  39   2.651268e+01    2.651268e+01    1.779394e+01    1.779394e+01  
  3   2  40   1.588333e+01    1.588333e+01    1.155342e+01    1.155342e+01  
  3   2  41   1.532445e+01    1.532445e+01    1.454484e+01    1.454484e+01  
  3   2  42   1.388785e+01    1.388785e+01    3.799431e+00    3.799431e+00  
  3   2  43   1.513328e+01    1.513328e+01    7.786235e+00    7.786235e+00  
  3   2  44   1.457398e+01    1.457398e+01    4.138271e+00    4.138271e+00  
  3   2  45   2.037620e+01    2.037620e+01    1.912021e+02    1.912021e+02  
  3   2  46   1.600000e+01    1.600000e+01    3.620387e+02    3.620387e+02  
  3   2  47   1.622053e+01    1.622053e+01    5.496432e+00    5.496432e+00  
  3   2  48   1.215138e+01    1.215138e+01    5.524689e+00    5.524689e+00  
  3   2  49   1.507523e+01    1.507523e+01    1.358138e+02    1.358138e+02  
  3   2  50   3.038017e+01    3.038017e+01    5.836994e+01    5.836994e+01  
  3   2  51   1.863753e+01    1.863753e+01    1.964224e+01    1.964224e+01  
  3   2  52   1.600000e+01    1.600000e+01    3.620387e+02    3.620387e+02  
  3   2  53   1.938456e+01    1.938456e+01    8.557151e+00    8.557151e+00  
  3   2  54   1.159947e+01    1.159947e+01    5.625499e+00    5.625499e+00  
  3   2  55   1.839678e+01    1.839678e+01    5.935078e+00    5.935078e+00  
  3   2  56   1.555379e+01    1.555379e+01    4.612369e+00    4.612369e+00  
  3   2  57   1.556464e+01    1.556464e+01    6.737048e+00    6.737048e+00  
  3   2  58   1.464271e+01    1.464271e+01    5.438850e+00    5.438850e+00  
  3   2  59   1.691521e+01    1.691521e+01    1.176598e+01    1.176598e+01  
  3   2  60   1.622491e+01    1.622491e+01    2.049208e+02    2.049208e+02  
  3   2  61   1.683119e+01    1.683119e+01    7.710779e+00    7.710779e+00  
  3   2  62   1.605034e+01    1.605034e+01    2.274626e+01    2.274626e+01  
  3   3   1   1.635437e+01    1.635437e+01    2.518476e+00    2.518476e+00  
  3   3   2   1.831632e+01    1.831632e+01    2.414742e+00    2.414742e+00  
  3   3   3   1.504972e+01    1.504972e+01    5.130570e+00    5.130570e+00  
  3   3   4   1.588757e+01    1.588757e+01    2.949186e+00    2.949186e+00  
  3   3   5   1.702339e+01    1.702339e+01    4.817376e+00    4.817376e+00  
  4   1   1   1.913952e+01    1.913952e+01    1.696725e+01    1.696725e+01  
  4   1   2   1.943008e+01    1.943008e+01    1.193499e+01    1.193499e+01  
  4   1   3   4.409861e+01    4.409861e+01    4.412162e+01    4.412162e+01  
  4   1   4   1.673095e+01    1.673095e+01    9.119906e+00    9.119906e+00  
  4   1   5   1.926669e+01    1.926669e+01    7.794575e+00    7.794575e+00  
  4   1   6   1.769775e+01    1.769775e+01    6.331438e+00    6.331438e+00  
  4   1   7   1.943429e+01    1.943429e+01    5.170137e+00    5.170137e+00  
  4   1   8   1.552593e+01    1.552593e+01    3.552905e+00    3.552905e+00  
  4   1   9   1.667184e+01    1.667184e+01    3.686581e+00    3.686581e+00  
  4   1  10   2.220551e+01    2.220551e+01    9.023806e+00    9.023806e+00  
  4   1  11   1.653516e+01    1.653516e+01    3.499587e+00    3.499587e+00  
  4   1  12   2.795575e+01    2.795575e+01    5.310244e+00    5.310244e+00  
  4   1  13   1.641076e+01    1.641076e+01    2.359714e+00    2.359714e+00  
  4   1  14   1.541243e+01    1.541243e+01    2.183761e+00    2.183761e+00  
  4   1  15   1.919684e+01    1.919684e+01    2.598100e+00    2.598100e+00  
  4   1  16   1.645766e+01    1.645766e+01    2.101310e+00    2.101310e+00  
  4   1  17   1.585132e+01    1.585132e+01    1.962963e+00    1.962963e+00  
  4   1  18   1.528130e+01    1.528130e+01    1.708864e+00    1.708864e+00  
  4   1  19   2.125548e+01    2.125548e+01    3.494975e+00    3.494975e+00  
  4   1  20   1.704747e+01    1.704747e+01    1.762293e+00    1.762293e+00  
  4   1  21   2.565352e+01    2.565352e+01    5.879298e+00    5.879298e+00  
  4   1  22   1.799274e+01    1.799274e+01    2.257454e+00    2.257454e+00  
  4   1  23   2.030077e+01    2.030077e+01    4.422833e+00    4.422833e+00  
  4   2   1   4.718316e+01    4.718316e+01    2.760539e+02    2.760539e+02  
  4   2   2   9.243282e+00    9.243282e+00    8.545935e+00    8.545935e+00  
  4   2   3   1.662979e+01    1.662979e+01    2.809474e+01    2.809474e+01  
  4   2   4   1.736412e+01    1.736412e+01    1.184085e+01    1.184085e+01  
  4   2   5   1.910198e+01    1.910198e+01    1.064614e+01    1.064614e+01  
  4   2   6   1.093998e+01    1.093998e+01    7.605897e+00    7.605897e+00  
  4   2   7   1.676800e+01    1.676800e+01    7.508282e+00    7.508282e+00  
  4   2   8   1.441883e+01    1.441883e+01    9.349187e+00    9.349187e+00  
  4   2   9   1.746609e+01    1.746609e+01    2.175277e+01    2.175277e+01  
  4   2  10   1.576859e+01    1.576859e+01    1.574909e+01    1.574909e+01  
  4   2  11   1.461077e+01    1.461077e+01    2.513831e+01    2.513831e+01  
  4   2  12   2.873444e+01    2.873444e+01    3.873522e+01    3.873522e+01  
  4   2  13   1.687290e+01    1.687290e+01    1.915277e+01    1.915277e+01  
  4   2  14   2.205741e+01    2.205741e+01    3.033660e+01    3.033660e+01  
  4   2  15   1.487024e+01    1.487024e+01    1.451766e+01    1.451766e+01  
  4   2  16   7.993964e+12    7.993964e+12    1.364328e+25    1.364328e+25  
  4   2  17   2.150216e+01    2.150216e+01    9.588945e+00    9.588945e+00  
  4   2  18   1.637428e+01    1.637428e+01    8.393001e+00    8.393001e+00  
  4   2  19   1.986833e+01    1.986833e+01    6.725202e+00    6.725202e+00  
  4   2  20   1.664786e+01    1.664786e+01    4.694188e+00    4.694188e+00  
  4   2  21   1.564795e+01    1.564795e+01    4.915590e+00    4.915590e+00  
  4   2  22   1.453734e+01    1.453734e+01    4.179967e+00    4.179967e+00  
  4   2  23   2.138415e+01    2.138415e+01    7.396690e+00    7.396690e+00  
  4   2  24   3.339848e+01    3.339848e+01    1.472737e+01    1.472737e+01  
  4   2  25   1.570095e+01    1.570095e+01    9.091646e+00    9.091646e+00  
  4   2  26   1.645809e+02    1.645809e+02    3.736212e+02    3.736212e+02  
  4   2  27   1.842202e+01    1.842202e+01    8.378558e+00    8.378558e+00  
  4   2  28   1.642087e+01    1.642087e+01    5.174438e+00    5.174438e+00  
  4   2  29   2.036131e+01    2.036131e+01    8.588852e+00    8.588852e+00  
  4   2  30   1.479837e+01    1.479837e+01    7.540842e+00    7.540842e+00  
  4   2  31   2.769908e+01    2.769908e+01    1.736655e+01    1.736655e+01  
  4   2  32   1.796080e+01    1.796080e+01    6.820621e+00    6.820621e+00  
  4   2  33   1.752733e+01    1.752733e+01    4.748241e+00    4.748241e+00  
  4   2  34   1.534093e+01    1.534093e+01    5.145765e+00    5.145765e+00  
  4   2  35   1.497687e+01    1.497687e+01    3.516508e+00    3.516508e+00  
  4   2  36   2.415690e+01    2.415690e+01    1.000670e+01    1.000670e+01  
  4   2  37   1.585220e+01    1.585220e+01    6.399243e+00    6.399243e+00  
  4   2  38   1.592709e+01    1.592709e+01    5.215446e+00    5.215446e+00  
  4   2  39   1.938569e+01    1.938569e+01    5.895558e+00    5.895558e+00  
  4   2  40   1.374137e+01    1.374137e+01    3.849781e+00    3.849781e+00  
  4   2  41   1.677723e+01    1.677723e+01    3.656458e+00    3.656458e+00  
  4   2  42   1.813513e+01    1.813513e+01    1.522404e+01    1.522404e+01  
  4   2  43   1.519628e+01    1.519628e+01    4.322390e+00    4.322390e+00  
  4   2  44   1.936161e+01    1.936161e+01    1.618311e+01    1.618311e+01  
  4   2  45   1.777350e+01    1.777350e+01    7.978136e+00    7.978136e+00  
  4   2  46   1.715787e+01    1.715787e+01    3.655848e+00    3.655848e+00  
  4   2  47   1.497280e+01    1.497280e+01    5.555964e+00    5.555964e+00  
  4   2  48   1.864621e+01    1.864621e+01    5.559641e+00    5.559641e+00  
  4   2  49   1.624839e+01    1.624839e+01    3.882936e+00    3.882936e+00  
  4   2  50   1.573190e+01    1.573190e+01    6.152617e+00    6.152617e+00  
  4   2  51   1.445542e+01    1.445542e+01    6.103367e+00    6.103367e+00  
  4   2  52   1.965478e+01    1.965478e+01    1.458243e+01    1.458243e+01  
  4   2  53   1.926303e+01    1.926303e+01    5.101106e+00    5.101106e+00  
  4   2  54   1.618819e+01    1.618819e+01    1.052313e+01    1.052313e+01  
  4   2  55   2.141526e+01    2.141526e+01    1.505245e+01    1.505245e+01  
  4   2  56   1.700970e+01    1.700970e+01    7.013195e+00    7.013195e+00  
  4   2  57   1.623928e+01    1.623928e+01    6.609745e+00    6.609745e+00  
  4   2  58   1.629951e+01    1.629951e+01    3.144210e+00    3.144210e+00  
  4   2  59   1.584877e+01    1.584877e+01    3.388390e+00    3.388390e+00  
  4   2  60   1.685663e+01    1.685663e+01    3.571721e+00    3.571721e+00  
  4   2  61   2.013915e+01    2.013915e+01    2.019009e+01    2.019009e+01  
  4   2  62   1.431507e+01    1.431507e+01    4.144518e+00    4.144518e+00  
  4   3   1   1.922626e+01    1.922626e+01    1.957252e+00    1.957252e+00  
  4   3   2   1.586994e+01    1.586994e+01    1.476266e+00    1.476266e+00  
  4   3   3   1.673015e+01    1.673015e+01    2.267070e+00    2.267070e+00  
  4   3   4   2.169813e+01    2.169813e+01    4.313173e+00    4.313173e+00  
  4   3   5   1.608168e+01    1.608168e+01    4.021111e+00    4.021111e+00  
  5   1   1   2.007235e+01    2.007235e+01    1.846267e+01    1.846267e+01  
  5   1   2   1.572037e+01    1.572037e+01    9.635066e+00    9.635066e+00  
  5   1   3   1.693518e+01    1.693518e+01    7.547161e+00    7.547161e+00  
  5   1   4   2.371752e+01    2.371752e+01    7.560192e+00    7.560192e+00  
  5   1   5   1.373955e+01    1.373955e+01    4.208104e+00    4.208104e+00  
  5   1   6   1.618173e+01    1.618173e+01    3.934808e+00    3.934808e+00  
  5   1   7   1.568173e+01    1.568173e+01    3.423319e+00    3.423319e+00  
  5   1   8   1.388398e+01    1.388398e+01    2.550474e+00    2.550474e+00  
  5   1   9   1.684556e+01    1.684556e+01    3.809377e+00    3.809377e+00  
  5   1  10   2.162547e+01    2.162547e+01    3.825483e+00    3.825483e+00  
  5   1  11   1.544425e+01    1.544425e+01    2.660506e+00    2.660506e+00  
  5   1  12   2.706498e+01    2.706498e+01    4.254674e+00    4.254674e+00  
  5   1  13   1.766924e+01    1.766924e+01    2.713902e+00    2.713902e+00  
  5   1  14   1.926364e+01    1.926364e+01    3.017195e+00    3.017195e+00  
  5   1  15   1.594962e+01    1.594962e+01    2.098309e+00    2.098309e+00  
  5   1  16   1.598054e+01    1.598054e+01    1.746537e+00    1.746537e+00  
  5   1  17   1.694521e+01    1.694521e+01    2.262881e+00    2.262881e+00  
  5   1  18   1.845146e+01    1.845146e+01    2.029693e+00    2.029693e+00  
  5   1  19   1.620329e+01    1.620329e+01    1.820253e+00    1.820253e+00  
  5   1  20   1.624075e+01    1.624075e+01    2.168827e+00    2.168827e+00  
  5   1  21   2.429488e+01    2.429488e+01    4.364760e+00    4.364760e+00  
  5   1  22   2.368584e+01    2.368584e+01    3.169594e+00    3.169594e+00  
  5   1  23   1.650686e+01    1.650686e+01    2.203796e+00    2.203796e+00  
  5   2   1   1.437718e+01    1.437718e+01    2.547098e+01    2.547098e+01  
  5   2   2   1.274659e+01    1.274659e+01    2.001569e+01    2.001569e+01  
  5   2   3   2.132913e+01    2.132913e+01    3.347090e+01    3.347090e+01  
  5   2   4   1.804611e+01    1.804611e+01    1.429658e+01    1.429658e+01  
  5   2   5   1.838907e+01    1.838907e+01    1.336579e+01    1.336579e+01  
  5   2   6   1.707506e+01    1.707506e+01    1.399495e+01    1.399495e+01  
  5   2   7   2.180127e+01    2.180127e+01    1.249603e+01    1.249603e+01  
  5   2   8   1.642637e+01    1.642637e+01    7.184870e+00    7.184870e+00  
  5   2   9   1.467850e+01    1.467850e+01    6.290310e+00    6.290310e+00  
  5   2  10   1.568234e+01    1.568234e+01    7.023034e+00    7.023034e+00  
  5   2  11   1.595310e+01    1.595310e+01    5.874517e+00    5.874517e+00  
  5   2  12   1.510052e+01    1.510052e+01    7.847534e+00    7.847534e+00  
  5   2  13   3.704280e+01    3.704280e+01    1.833374e+01    1.833374e+01  
  5   2  14   1.538992e+01    1.538992e+01    6.589895e+00    6.589895e+00  
  5   2  15   1.840710e+01    1.840710e+01    1.254426e+01    1.254426e+01  
  5   2  16   2.306973e+01    2.306973e+01    1.451789e+01    1.451789e+01  
  5   2  17   1.506728e+01    1.506728e+01    4.989173e+00    4.989173e+00  
  5   2  18   1.842960e+01    1.842960e+01    8.858099e+00    8.858099e+00  
  5   2  19   1.475329e+01    1.475329e+01    5.193151e+00    5.193151e+00  
  5   2  20   1.470689e+01    1.470689e+01    5.243085e+00    5.243085e+00  
  5   2  21   2.153615e+01    2.153615e+01    6.984962e+00    6.984962e+00  
  5   2  22   1.664941e+01    1.664941e+01    6.419629e+00    6.419629e+00  
  5   2  23   1.514647e+01    1.514647e+01    4.956675e+00    4.956675e+00  
  5   2  24   1.780657e+01    1.780657e+01    1.146453e+01    1.146453e+01  
  5   2  25   1.680097e+01    1.680097e+01    6.803294e+00    6.803294e+00  
  5   2  26   -2.155324e+02    -2.155324e+02    3.259890e+02    3.259890e+02  
  5   2  27   1.557968e+01    1.557968e+01    4.658579e+00    4.658579e+00  
  5   2  28   1.729016e+01    1.729016e+01    5.139115e+00    5.139115e+00  
  5   2  29   1.504092e+01    1.504092e+01    4.510808e+00    4.510808e+00  
  5   2  30   1.489287e+01    1.489287e+01    3.271406e+00    3.271406e+00  
  5   2  31   1.431697e+01    1.431697e+01    4.717526e+00    4.717526e+00  
  5   2  32   1.655200e+01    1.655200e+01    4.534231e+00    4.534231e+00  
  5   2  33   3.748649e+01    3.748649e+01    8.931279e+00    8.931279e+00  
  5   2  34   2.243496e+01    2.243496e+01    1.041895e+01    1.041895e+01  
  5   2  35   2.851181e+01    2.851181e+01    1.838487e+01    1.838487e+01  
  5   2  36   1.569813e+01    1.569813e+01    3.027415e+00    3.027415e+00  
  5   2  37   1.643741e+01    1.643741e+01    7.367382e+00    7.367382e+00  
  5   2  38   1.472083e+01    1.472083e+01    2.742207e+00    2.742207e+00  
  5   2  39   1.592202e+01    1.592202e+01    3.395591e+00    3.395591e+00  
  5   2  40   1.780721e+01    1.780721e+01    6.347266e+00    6.347266e+00  
  5   2  41   2.185874e+01    2.185874e+01    6.041447e+00    6.041447e+00  
  5   2  42   2.044721e+01    2.044721e+01    3.892757e+00    3.892757e+00  
  5   2  43   1.539695e+01    1.539695e+01    3.369914e+00    3.369914e+00  
  5   2  44   3.507355e+01    3.507355e+01    1.084695e+01    1.084695e+01  
  5   2  45   2.581137e+01    2.581137e+01    8.300042e+00    8.300042e+00  
  5   2  46   1.698472e+01    1.698472e+01    4.901635e+00    4.901635e+00  
  5   2  47   1.918326e+01    1.918326e+01    6.097680e+00    6.097680e+00  
  5   2  48   1.619799e+01    1.619799e+01    3.079231e+00    3.079231e+00  
  5   2  49   2.467172e+01    2.467172e+01    9.452333e+00    9.452333e+00  
  5   2  50   1.623341e+01    1.623341e+01    3.921256e+00    3.921256e+00  
  5   2  51   1.716159e+01    1.716159e+01    4.668655e+00    4.668655e+00  
  5   2  52   6.296451e+01    6.296451e+01    4.295395e+01    4.295395e+01  
  5   2  53   4.341092e+01    4.341092e+01    2.034729e+01    2.034729e+01  
  5   2  54   1.596551e+01    1.596551e+01    4.629966e+00    4.629966e+00  
  5   2  55   1.772871e+01    1.772871e+01    2.936077e+00    2.936077e+00  
  5   2  56   1.752821e+01    1.752821e+01    4.819221e+00    4.819221e+00  
  5   2  57   1.598107e+01    1.598107e+01    5.749938e+00    5.749938e+00  
  5   2  58   1.436630e+01    1.436630e+01    4.598746e+01    4.598746e+01  
  5   2  59   1.679488e+01    1.679488e+01    5.224888e+00    5.224888e+00  
  5   2  60   1.711137e+01    1.711137e+01    7.246059e+00    7.246059e+00  
  5   2  61   1.591210e+01    1.591210e+01    4.498404e+00    4.498404e+00  
  5   2  62   1.544072e+01    1.544072e+01    7.904973e+00    7.904973e+00  
  5   3   1   1.702555e+01    1.702555e+01    1.671774e+00    1.671774e+00  
  5   3   2   1.606041e+01    1.606041e+01    1.187073e+00    1.187073e+00  
  5   3   3   1.584335e+01    1.584335e+01    1.498444e+00    1.498444e+00  
  5   3   4   1.518195e+01    1.518195e+01    1.939839e+00    1.939839e+00  
  5   3   5   2.560586e+01    2.560586e+01    3.894450e+00    3.894450e+00  
  6   1   1   1.991176e+01    1.991176e+01    2.875894e+01    2.875894e+01  
  6   1   2   1.703167e+01    1.703167e+01    1.126500e+01    1.126500e+01  
  6   1   3   1.521526e+01    1.521526e+01    7.602894e+00    7.602894e+00  
  6   1   4   1.797693e+01    1.797693e+01    7.079595e+00    7.079595e+00  
  6   1   5   1.684976e+01    1.684976e+01    4.706955e+00    4.706955e+00  
  6   1   6   1.712688e+01    1.712688e+01    5.632736e+00    5.632736e+00  
  6   1   7   2.339751e+01    2.339751e+01    5.363636e+00    5.363636e+00  
  6   1   8   1.486896e+01    1.486896e+01    2.499592e+00    2.499592e+00  
  6   1   9   1.679809e+01    1.679809e+01    3.110348e+00    3.110348e+00  
  6   1  10   5.809155e+01    5.809155e+01    2.932917e+01    2.932917e+01  
  6   1  11   1.788447e+01    1.788447e+01    2.730227e+00    2.730227e+00  
  6   1  12   1.739231e+01    1.739231e+01    2.154031e+00    2.154031e+00  
  6   1  13   2.058203e+01    2.058203e+01    2.400259e+00    2.400259e+00  
  6   1  14   1.462863e+01    1.462863e+01    1.762287e+00    1.762287e+00  
  6   1  15   1.502858e+01    1.502858e+01    1.545105e+00    1.545105e+00  
  6   1  16   1.638996e+01    1.638996e+01    1.832169e+00    1.832169e+00  
  6   1  17   1.854982e+01    1.854982e+01    1.878720e+00    1.878720e+00  
  6   1  18   2.382470e+01    2.382470e+01    2.435632e+00    2.435632e+00  
  6   1  19   1.535066e+01    1.535066e+01    1.610727e+00    1.610727e+00  
  6   1  20   1.809985e+01    1.809985e+01    1.579446e+00    1.579446e+00  
  6   1  21   1.652699e+01    1.652699e+01    1.528846e+00    1.528846e+00  
  6   1  22   1.869749e+01    1.869749e+01    1.838046e+00    1.838046e+00  
  6   1  23   1.797450e+01    1.797450e+01    1.983368e+00    1.983368e+00  
  6   2   1   2.068800e+01    2.068800e+01    1.462863e+02    1.462863e+02  
  6   2   2   2.362381e+01    2.362381e+01    4.672338e+01    4.672338e+01  
  6   2   3   1.878266e+01    1.878266e+01    2.054557e+01    2.054557e+01  
  6   2   4   1.500884e+01    1.500884e+01    1.273300e+01    1.273300e+01  
  6   2   5   1.948371e+01    1.948371e+01    1.780480e+01    1.780480e+01  
  6   2   6   1.794608e+01    1.794608e+01    1.078947e+01    1.078947e+01  
  6   2   7   1.720527e+01    1.720527e+01    1.124618e+01    1.124618e+01  
  6   2   8   1.843437e+01    1.843437e+01    6.633636e+00    6.633636e+00  
  6   2   9   1.369839e+01    1.369839e+01    5.470754e+00    5.470754e+00  
  6   2  10   1.600481e+01    1.600481e+01    7.268625e+00    7.268625e+00  
  6   2  11   1.557646e+01    1.557646e+01    8.657888e+00    8.657888e+00  
  6   2  12   1.606081e+01    1.606081e+01    7.432386e+00    7.432386e+00  
  6   2  13   3.566844e+01    3.566844e+01    2.178806e+01    2.178806e+01  
  6   2  14   1.716448e+01    1.716448e+01    7.260091e+00    7.260091e+00  
  6   2  15   2.612872e+01    2.612872e+01    1.179947e+01    1.179947e+01  
  6   2  16   1.418091e+01    1.418091e+01    6.566018e+00    6.566018e+00  
  6   2  17   2.291299e+01    2.291299e+01    1.135662e+01    1.135662e+01  
  6   2  18   1.514669e+01    1.514669e+01    3.764653e+00    3.764653e+00  
  6   2  19   2.153495e+01    2.153495e+01    6.207723e+00    6.207723e+00  
  6   2  20   1.618991e+01    1.618991e+01    4.725055e+00    4.725055e+00  
  6   2  21   2.831936e+01    2.831936e+01    1.189313e+01    1.189313e+01  
  6   2  22   1.620767e+01    1.620767e+01    4.075820e+00    4.075820e+00  
  6   2  23   2.616864e+01    2.616864e+01    1.544674e+01    1.544674e+01  
  6   2  24   1.613883e+01    1.613883e+01    4.702243e+00    4.702243e+00  
  6   2  25   2.575942e+01    2.575942e+01    9.080331e+00    9.080331e+00  
  6   2  26   1.424813e+01    1.424813e+01    3.712935e+00    3.712935e+00  
  6   2  27   1.454651e+01    1.454651e+01    5.665798e+00    5.665798e+00  
  6   2  28   1.533080e+01    1.533080e+01    3.995176e+00    3.995176e+00  
  6   2  29   2.542416e+01    2.542416e+01    8.452250e+00    8.452250e+00  
  6   2  30   2.302404e+01    2.302404e+01    5.982924e+00    5.982924e+00  
  6   2  31   1.604437e+01    1.604437e+01    5.120891e+00    5.120891e+00  
  6   2  32   1.610890e+01    1.610890e+01    3.144547e+00    3.144547e+00  
  6   2  33   1.800183e+01    1.800183e+01    3.170839e+00    3.170839e+00  
  6   2  34   1.499270e+01    1.499270e+01    2.619996e+00    2.619996e+00  
  6   2  35   1.979122e+01    1.979122e+01    4.286029e+00    4.286029e+00  
  6   2  36   2.072052e+01    2.072052e+01    5.489648e+00    5.489648e+00  
  6   2  37   1.575179e+01    1.575179e+01    4.964207e+00    4.964207e+00  
  6   2  38   1.506075e+01    1.506075e+01    3.873412e+00    3.873412e+00  
  6   2  39   1.786326e+01    1.786326e+01    4.685077e+00    4.685077e+00  
  6   2  40   1.696104e+01    1.696104e+01    5.582934e+00    5.582934e+00  
  6   2  41   1.637251e+01    1.637251e+01    2.859102e+00    2.859102e+00  
  6   2  42   2.139510e+01    2.139510e+01    4.800982e+00    4.800982e+00  
  6   2  43   2.113944e+01    2.113944e+01    4.780394e+00    4.780394e+00  
  6   2  44   1.639182e+01    1.639182e+01    2.489679e+00    2.489679e+00  
  6   2  45   1.711201e+01    1.711201e+01    2.803147e+00    2.803147e+00  
  6   2  46   2.309690e+01    2.309690e+01    5.098744e+00    5.098744e+00  
  6   2  47   6.330180e+01    6.330180e+01    2.990001e+01    2.990001e+01  
  6   2  48   1.629439e+01    1.629439e+01    2.707967e+00    2.707967e+00  
  6   2  49   1.616078e+01    1.616078e+01    2.610253e+00    2.610253e+00  
  6   2  50   1.618741e+01    1.618741e+01    3.450104e+00    3.450104e+00  
  6   2  51   3.134330e+01    3.134330e+01    1.089241e+01    1.089241e+01  
  6   2  52   1.695232e+01    1.695232e+01    2.557245e+00    2.557245e+00  
  6   2  53   1.530322e+01    1.530322e+01    2.546003e+00    2.546003e+00  
  6   2  54   1.568483e+01    1.568483e+01    2.244161e+00    2.244161e+00  
  6   2  55   2.258735e+01    2.258735e+01    5.112682e+00    5.112682e+00  
  6   2  56   1.516299e+01    1.516299e+01    3.004747e+00    3.004747e+00  
  6   2  57   1.741436e+01    1.741436e+01    3.215439e+00    3.215439e+00  
  6   2  58   1.669367e+01    1.669367e+01    2.737926e+00    2.737926e+00  
  6   2  59   1.678231e+01    1.678231e+01    3.902014e+00    3.902014e+00  
  6   2  60   1.709661e+01    1.709661e+01    3.579163e+00    3.579163e+00  
  6   2  61   1.638870e+01    1.638870e+01    3.958589e+00    3.958589e+00  
  6   2  62   1.749616e+01    1.749616e+01    2.679567e+00    2.679567e+00  
  6   3   1   1.578149e+01    1.578149e+01    1.133191e+00    1.133191e+00  
  6   3   2   1.635173e+01    1.635173e+01    1.139849e+00    1.139849e+00  
  6   3   3   1.607773e+01    1.607773e+01    1.470082e+00    1.470082e+00  
  6   3   4   1.723830e+01    1.723830e+01    1.561523e+00    1.561523e+00  
  6   3   5   1.780329e+01    1.780329e+01    2.462835e+00    2.462835e+00  
