  1   1   1   0.000000e+00    0.000000e+00  
  1   1   2   0.000000e+00    0.000000e+00  
  1   1   3   0.000000e+00    0.000000e+00  
  1   1   4   0.000000e+00    0.000000e+00  
  1   1   5   0.000000e+00    0.000000e+00  
  1   1   6   0.000000e+00    0.000000e+00  
  1   1   7   0.000000e+00    0.000000e+00  
  1   1   8   0.000000e+00    0.000000e+00  
  1   1   9   0.000000e+00    0.000000e+00  
  1   1  10   0.000000e+00    0.000000e+00  
  1   1  11   0.000000e+00    0.000000e+00  
  1   1  12   0.000000e+00    0.000000e+00  
  1   1  13   0.000000e+00    0.000000e+00  
  1   1  14   0.000000e+00    0.000000e+00  
  1   1  15   0.000000e+00    0.000000e+00  
  1   1  16   0.000000e+00    0.000000e+00  
  1   1  17   0.000000e+00    0.000000e+00  
  1   1  18   0.000000e+00    0.000000e+00  
  1   1  19   0.000000e+00    0.000000e+00  
  1   1  20   0.000000e+00    0.000000e+00  
  1   1  21   0.000000e+00    0.000000e+00  
  1   1  22   0.000000e+00    0.000000e+00  
  1   1  23   0.000000e+00    0.000000e+00  
  1   2   1   0.000000e+00    0.000000e+00  
  1   2   2   0.000000e+00    0.000000e+00  
  1   2   3   0.000000e+00    0.000000e+00  
  1   2   4   0.000000e+00    0.000000e+00  
  1   2   5   0.000000e+00    0.000000e+00  
  1   2   6   0.000000e+00    0.000000e+00  
  1   2   7   0.000000e+00    0.000000e+00  
  1   2   8   0.000000e+00    0.000000e+00  
  1   2   9   0.000000e+00    0.000000e+00  
  1   2  10   0.000000e+00    0.000000e+00  
  1   2  11   0.000000e+00    0.000000e+00  
  1   2  12   0.000000e+00    0.000000e+00  
  1   2  13   0.000000e+00    0.000000e+00  
  1   2  14   0.000000e+00    0.000000e+00  
  1   2  15   0.000000e+00    0.000000e+00  
  1   2  16   0.000000e+00    0.000000e+00  
  1   2  17   0.000000e+00    0.000000e+00  
  1   2  18   0.000000e+00    0.000000e+00  
  1   2  19   0.000000e+00    0.000000e+00  
  1   2  20   0.000000e+00    0.000000e+00  
  1   2  21   0.000000e+00    0.000000e+00  
  1   2  22   0.000000e+00    0.000000e+00  
  1   2  23   0.000000e+00    0.000000e+00  
  1   2  24   0.000000e+00    0.000000e+00  
  1   2  25   0.000000e+00    0.000000e+00  
  1   2  26   0.000000e+00    0.000000e+00  
  1   2  27   0.000000e+00    0.000000e+00  
  1   2  28   0.000000e+00    0.000000e+00  
  1   2  29   0.000000e+00    0.000000e+00  
  1   2  30   0.000000e+00    0.000000e+00  
  1   2  31   0.000000e+00    0.000000e+00  
  1   2  32   0.000000e+00    0.000000e+00  
  1   2  33   0.000000e+00    0.000000e+00  
  1   2  34   0.000000e+00    0.000000e+00  
  1   2  35   0.000000e+00    0.000000e+00  
  1   2  36   0.000000e+00    0.000000e+00  
  1   2  37   0.000000e+00    0.000000e+00  
  1   2  38   0.000000e+00    0.000000e+00  
  1   2  39   0.000000e+00    0.000000e+00  
  1   2  40   0.000000e+00    0.000000e+00  
  1   2  41   0.000000e+00    0.000000e+00  
  1   2  42   0.000000e+00    0.000000e+00  
  1   2  43   0.000000e+00    0.000000e+00  
  1   2  44   0.000000e+00    0.000000e+00  
  1   2  45   0.000000e+00    0.000000e+00  
  1   2  46   0.000000e+00    0.000000e+00  
  1   2  47   0.000000e+00    0.000000e+00  
  1   2  48   0.000000e+00    0.000000e+00  
  1   2  49   0.000000e+00    0.000000e+00  
  1   2  50   0.000000e+00    0.000000e+00  
  1   2  51   0.000000e+00    0.000000e+00  
  1   2  52   0.000000e+00    0.000000e+00  
  1   2  53   0.000000e+00    0.000000e+00  
  1   2  54   0.000000e+00    0.000000e+00  
  1   2  55   0.000000e+00    0.000000e+00  
  1   2  56   0.000000e+00    0.000000e+00  
  1   2  57   0.000000e+00    0.000000e+00  
  1   2  58   0.000000e+00    0.000000e+00  
  1   2  59   0.000000e+00    0.000000e+00  
  1   2  60   0.000000e+00    0.000000e+00  
  1   2  61   0.000000e+00    0.000000e+00  
  1   2  62   0.000000e+00    0.000000e+00  
  1   3   1   0.000000e+00    0.000000e+00  
  1   3   2   0.000000e+00    0.000000e+00  
  1   3   3   0.000000e+00    0.000000e+00  
  1   3   4   0.000000e+00    0.000000e+00  
  1   3   5   0.000000e+00    0.000000e+00  
  2   1   1   -3.119915e+00    0.000000e+00  
  2   1   2   3.128599e+00    0.000000e+00  
  2   1   3   1.467412e+00    0.000000e+00  
  2   1   4   -2.427041e+00    0.000000e+00  
  2   1   5   1.115339e+00    0.000000e+00  
  2   1   6   -1.500375e-01    0.000000e+00  
  2   1   7   -8.033623e-01    0.000000e+00  
  2   1   8   8.127031e-02    0.000000e+00  
  2   1   9   -2.747036e+00    0.000000e+00  
  2   1  10   0.000000e+00    0.000000e+00  
  2   1  11   2.695725e-01    0.000000e+00  
  2   1  12   2.503087e+00    0.000000e+00  
  2   1  13   -2.708264e-01    0.000000e+00  
  2   1  14   4.936615e+00    0.000000e+00  
  2   1  15   2.279299e+00    0.000000e+00  
  2   1  16   -3.142333e-01    0.000000e+00  
  2   1  17   -8.130195e+00    0.000000e+00  
  2   1  18   3.671477e-01    0.000000e+00  
  2   1  19   4.192884e+00    0.000000e+00  
  2   1  20   2.329038e+00    0.000000e+00  
  2   1  21   -3.739616e+00    0.000000e+00  
  2   1  22   -2.351808e+00    0.000000e+00  
  2   1  23   -3.847920e+00    0.000000e+00  
  2   2   1   1.947545e+00    0.000000e+00  
  2   2   2   -6.576643e-01    0.000000e+00  
  2   2   3   7.532185e-01    0.000000e+00  
  2   2   4   1.975494e+00    0.000000e+00  
  2   2   5   9.867788e+00    0.000000e+00  
  2   2   6   -2.765616e+00    0.000000e+00  
  2   2   7   1.227640e+00    0.000000e+00  
  2   2   8   -4.272912e-02    0.000000e+00  
  2   2   9   1.964004e+00    0.000000e+00  
  2   2  10   -1.445778e+00    0.000000e+00  
  2   2  11   1.987074e-01    0.000000e+00  
  2   2  12   -7.419051e-01    0.000000e+00  
  2   2  13   3.468497e+00    0.000000e+00  
  2   2  14   8.831646e-01    0.000000e+00  
  2   2  15   -2.045154e+00    0.000000e+00  
  2   2  16   -1.843632e+00    0.000000e+00  
  2   2  17   2.682469e+00    0.000000e+00  
  2   2  18   6.397268e-01    0.000000e+00  
  2   2  19   -3.168716e-01    0.000000e+00  
  2   2  20   3.665554e+00    0.000000e+00  
  2   2  21   3.372045e+00    0.000000e+00  
  2   2  22   -7.779034e-01    0.000000e+00  
  2   2  23   -2.619114e+00    0.000000e+00  
  2   2  24   5.674956e+00    0.000000e+00  
  2   2  25   -6.544242e-01    0.000000e+00  
  2   2  26   6.204398e+00    0.000000e+00  
  2   2  27   1.248166e+00    0.000000e+00  
  2   2  28   -2.196801e-01    0.000000e+00  
  2   2  29   3.070573e+00    0.000000e+00  
  2   2  30   8.218417e-01    0.000000e+00  
  2   2  31   -3.600097e+00    0.000000e+00  
  2   2  32   3.953823e+00    0.000000e+00  
  2   2  33   3.459835e+00    0.000000e+00  
  2   2  34   3.505024e+00    0.000000e+00  
  2   2  35   4.716795e+00    0.000000e+00  
  2   2  36   1.570727e-01    0.000000e+00  
  2   2  37   -8.619480e-01    0.000000e+00  
  2   2  38   2.475002e+00    0.000000e+00  
  2   2  39   2.465506e-01    0.000000e+00  
  2   2  40   2.011427e+00    0.000000e+00  
  2   2  41   1.222209e+00    0.000000e+00  
  2   2  42   5.253359e-01    0.000000e+00  
  2   2  43   0.000000e+00    0.000000e+00  
  2   2  44   1.392434e+00    0.000000e+00  
  2   2  45   3.149360e+00    0.000000e+00  
  2   2  46   5.990508e-01    0.000000e+00  
  2   2  47   6.715597e+00    0.000000e+00  
  2   2  48   3.708597e+00    0.000000e+00  
  2   2  49   1.764762e+00    0.000000e+00  
  2   2  50   4.682390e+00    0.000000e+00  
  2   2  51   -5.486590e-01    0.000000e+00  
  2   2  52   1.087373e+00    0.000000e+00  
  2   2  53   3.138357e+00    0.000000e+00  
  2   2  54   1.335469e-01    0.000000e+00  
  2   2  55   1.445012e+00    0.000000e+00  
  2   2  56   2.990467e+00    0.000000e+00  
  2   2  57   6.241560e-01    0.000000e+00  
  2   2  58   2.715493e+00    0.000000e+00  
  2   2  59   5.183777e+00    0.000000e+00  
  2   2  60   6.677699e-01    0.000000e+00  
  2   2  61   2.206360e+00    0.000000e+00  
  2   2  62   3.952509e+00    0.000000e+00  
  2   3   1   1.744230e+01    0.000000e+00  
  2   3   2   2.321093e-01    0.000000e+00  
  2   3   3   -4.416308e-02    0.000000e+00  
  2   3   4   0.000000e+00    0.000000e+00  
  2   3   5   1.279334e+01    0.000000e+00  
  3   1   1   0.000000e+00    0.000000e+00  
  3   1   2   0.000000e+00    0.000000e+00  
  3   1   3   0.000000e+00    0.000000e+00  
  3   1   4   0.000000e+00    0.000000e+00  
  3   1   5   0.000000e+00    0.000000e+00  
  3   1   6   0.000000e+00    0.000000e+00  
  3   1   7   0.000000e+00    0.000000e+00  
  3   1   8   0.000000e+00    0.000000e+00  
  3   1   9   0.000000e+00    0.000000e+00  
  3   1  10   0.000000e+00    0.000000e+00  
  3   1  11   0.000000e+00    0.000000e+00  
  3   1  12   0.000000e+00    0.000000e+00  
  3   1  13   0.000000e+00    0.000000e+00  
  3   1  14   0.000000e+00    0.000000e+00  
  3   1  15   0.000000e+00    0.000000e+00  
  3   1  16   0.000000e+00    0.000000e+00  
  3   1  17   0.000000e+00    0.000000e+00  
  3   1  18   0.000000e+00    0.000000e+00  
  3   1  19   0.000000e+00    0.000000e+00  
  3   1  20   0.000000e+00    0.000000e+00  
  3   1  21   0.000000e+00    0.000000e+00  
  3   1  22   0.000000e+00    0.000000e+00  
  3   1  23   0.000000e+00    0.000000e+00  
  3   2   1   0.000000e+00    0.000000e+00  
  3   2   2   0.000000e+00    0.000000e+00  
  3   2   3   0.000000e+00    0.000000e+00  
  3   2   4   0.000000e+00    0.000000e+00  
  3   2   5   0.000000e+00    0.000000e+00  
  3   2   6   0.000000e+00    0.000000e+00  
  3   2   7   0.000000e+00    0.000000e+00  
  3   2   8   0.000000e+00    0.000000e+00  
  3   2   9   0.000000e+00    0.000000e+00  
  3   2  10   0.000000e+00    0.000000e+00  
  3   2  11   0.000000e+00    0.000000e+00  
  3   2  12   0.000000e+00    0.000000e+00  
  3   2  13   0.000000e+00    0.000000e+00  
  3   2  14   0.000000e+00    0.000000e+00  
  3   2  15   0.000000e+00    0.000000e+00  
  3   2  16   0.000000e+00    0.000000e+00  
  3   2  17   0.000000e+00    0.000000e+00  
  3   2  18   0.000000e+00    0.000000e+00  
  3   2  19   0.000000e+00    0.000000e+00  
  3   2  20   0.000000e+00    0.000000e+00  
  3   2  21   0.000000e+00    0.000000e+00  
  3   2  22   0.000000e+00    0.000000e+00  
  3   2  23   0.000000e+00    0.000000e+00  
  3   2  24   0.000000e+00    0.000000e+00  
  3   2  25   0.000000e+00    0.000000e+00  
  3   2  26   0.000000e+00    0.000000e+00  
  3   2  27   0.000000e+00    0.000000e+00  
  3   2  28   0.000000e+00    0.000000e+00  
  3   2  29   0.000000e+00    0.000000e+00  
  3   2  30   0.000000e+00    0.000000e+00  
  3   2  31   0.000000e+00    0.000000e+00  
  3   2  32   0.000000e+00    0.000000e+00  
  3   2  33   0.000000e+00    0.000000e+00  
  3   2  34   0.000000e+00    0.000000e+00  
  3   2  35   0.000000e+00    0.000000e+00  
  3   2  36   0.000000e+00    0.000000e+00  
  3   2  37   0.000000e+00    0.000000e+00  
  3   2  38   0.000000e+00    0.000000e+00  
  3   2  39   0.000000e+00    0.000000e+00  
  3   2  40   0.000000e+00    0.000000e+00  
  3   2  41   0.000000e+00    0.000000e+00  
  3   2  42   0.000000e+00    0.000000e+00  
  3   2  43   0.000000e+00    0.000000e+00  
  3   2  44   0.000000e+00    0.000000e+00  
  3   2  45   0.000000e+00    0.000000e+00  
  3   2  46   0.000000e+00    0.000000e+00  
  3   2  47   0.000000e+00    0.000000e+00  
  3   2  48   0.000000e+00    0.000000e+00  
  3   2  49   0.000000e+00    0.000000e+00  
  3   2  50   0.000000e+00    0.000000e+00  
  3   2  51   0.000000e+00    0.000000e+00  
  3   2  52   0.000000e+00    0.000000e+00  
  3   2  53   0.000000e+00    0.000000e+00  
  3   2  54   0.000000e+00    0.000000e+00  
  3   2  55   0.000000e+00    0.000000e+00  
  3   2  56   0.000000e+00    0.000000e+00  
  3   2  57   0.000000e+00    0.000000e+00  
  3   2  58   0.000000e+00    0.000000e+00  
  3   2  59   0.000000e+00    0.000000e+00  
  3   2  60   0.000000e+00    0.000000e+00  
  3   2  61   0.000000e+00    0.000000e+00  
  3   2  62   0.000000e+00    0.000000e+00  
  3   3   1   0.000000e+00    0.000000e+00  
  3   3   2   0.000000e+00    0.000000e+00  
  3   3   3   0.000000e+00    0.000000e+00  
  3   3   4   0.000000e+00    0.000000e+00  
  3   3   5   0.000000e+00    0.000000e+00  
  4   1   1   0.000000e+00    0.000000e+00  
  4   1   2   0.000000e+00    0.000000e+00  
  4   1   3   0.000000e+00    0.000000e+00  
  4   1   4   0.000000e+00    0.000000e+00  
  4   1   5   0.000000e+00    0.000000e+00  
  4   1   6   0.000000e+00    0.000000e+00  
  4   1   7   0.000000e+00    0.000000e+00  
  4   1   8   0.000000e+00    0.000000e+00  
  4   1   9   0.000000e+00    0.000000e+00  
  4   1  10   0.000000e+00    0.000000e+00  
  4   1  11   0.000000e+00    0.000000e+00  
  4   1  12   0.000000e+00    0.000000e+00  
  4   1  13   0.000000e+00    0.000000e+00  
  4   1  14   0.000000e+00    0.000000e+00  
  4   1  15   0.000000e+00    0.000000e+00  
  4   1  16   0.000000e+00    0.000000e+00  
  4   1  17   0.000000e+00    0.000000e+00  
  4   1  18   0.000000e+00    0.000000e+00  
  4   1  19   0.000000e+00    0.000000e+00  
  4   1  20   0.000000e+00    0.000000e+00  
  4   1  21   0.000000e+00    0.000000e+00  
  4   1  22   0.000000e+00    0.000000e+00  
  4   1  23   0.000000e+00    0.000000e+00  
  4   2   1   0.000000e+00    0.000000e+00  
  4   2   2   0.000000e+00    0.000000e+00  
  4   2   3   0.000000e+00    0.000000e+00  
  4   2   4   0.000000e+00    0.000000e+00  
  4   2   5   0.000000e+00    0.000000e+00  
  4   2   6   0.000000e+00    0.000000e+00  
  4   2   7   0.000000e+00    0.000000e+00  
  4   2   8   0.000000e+00    0.000000e+00  
  4   2   9   0.000000e+00    0.000000e+00  
  4   2  10   0.000000e+00    0.000000e+00  
  4   2  11   0.000000e+00    0.000000e+00  
  4   2  12   0.000000e+00    0.000000e+00  
  4   2  13   0.000000e+00    0.000000e+00  
  4   2  14   0.000000e+00    0.000000e+00  
  4   2  15   0.000000e+00    0.000000e+00  
  4   2  16   0.000000e+00    0.000000e+00  
  4   2  17   0.000000e+00    0.000000e+00  
  4   2  18   0.000000e+00    0.000000e+00  
  4   2  19   0.000000e+00    0.000000e+00  
  4   2  20   0.000000e+00    0.000000e+00  
  4   2  21   0.000000e+00    0.000000e+00  
  4   2  22   0.000000e+00    0.000000e+00  
  4   2  23   0.000000e+00    0.000000e+00  
  4   2  24   0.000000e+00    0.000000e+00  
  4   2  25   0.000000e+00    0.000000e+00  
  4   2  26   0.000000e+00    0.000000e+00  
  4   2  27   0.000000e+00    0.000000e+00  
  4   2  28   0.000000e+00    0.000000e+00  
  4   2  29   0.000000e+00    0.000000e+00  
  4   2  30   0.000000e+00    0.000000e+00  
  4   2  31   0.000000e+00    0.000000e+00  
  4   2  32   0.000000e+00    0.000000e+00  
  4   2  33   0.000000e+00    0.000000e+00  
  4   2  34   0.000000e+00    0.000000e+00  
  4   2  35   0.000000e+00    0.000000e+00  
  4   2  36   0.000000e+00    0.000000e+00  
  4   2  37   0.000000e+00    0.000000e+00  
  4   2  38   0.000000e+00    0.000000e+00  
  4   2  39   0.000000e+00    0.000000e+00  
  4   2  40   0.000000e+00    0.000000e+00  
  4   2  41   0.000000e+00    0.000000e+00  
  4   2  42   0.000000e+00    0.000000e+00  
  4   2  43   0.000000e+00    0.000000e+00  
  4   2  44   0.000000e+00    0.000000e+00  
  4   2  45   0.000000e+00    0.000000e+00  
  4   2  46   0.000000e+00    0.000000e+00  
  4   2  47   0.000000e+00    0.000000e+00  
  4   2  48   0.000000e+00    0.000000e+00  
  4   2  49   0.000000e+00    0.000000e+00  
  4   2  50   0.000000e+00    0.000000e+00  
  4   2  51   0.000000e+00    0.000000e+00  
  4   2  52   0.000000e+00    0.000000e+00  
  4   2  53   0.000000e+00    0.000000e+00  
  4   2  54   0.000000e+00    0.000000e+00  
  4   2  55   0.000000e+00    0.000000e+00  
  4   2  56   0.000000e+00    0.000000e+00  
  4   2  57   0.000000e+00    0.000000e+00  
  4   2  58   0.000000e+00    0.000000e+00  
  4   2  59   0.000000e+00    0.000000e+00  
  4   2  60   0.000000e+00    0.000000e+00  
  4   2  61   0.000000e+00    0.000000e+00  
  4   2  62   0.000000e+00    0.000000e+00  
  4   3   1   0.000000e+00    0.000000e+00  
  4   3   2   0.000000e+00    0.000000e+00  
  4   3   3   0.000000e+00    0.000000e+00  
  4   3   4   0.000000e+00    0.000000e+00  
  4   3   5   0.000000e+00    0.000000e+00  
  5   1   1   0.000000e+00    0.000000e+00  
  5   1   2   0.000000e+00    0.000000e+00  
  5   1   3   0.000000e+00    0.000000e+00  
  5   1   4   0.000000e+00    0.000000e+00  
  5   1   5   0.000000e+00    0.000000e+00  
  5   1   6   0.000000e+00    0.000000e+00  
  5   1   7   0.000000e+00    0.000000e+00  
  5   1   8   0.000000e+00    0.000000e+00  
  5   1   9   0.000000e+00    0.000000e+00  
  5   1  10   0.000000e+00    0.000000e+00  
  5   1  11   0.000000e+00    0.000000e+00  
  5   1  12   0.000000e+00    0.000000e+00  
  5   1  13   0.000000e+00    0.000000e+00  
  5   1  14   0.000000e+00    0.000000e+00  
  5   1  15   0.000000e+00    0.000000e+00  
  5   1  16   0.000000e+00    0.000000e+00  
  5   1  17   0.000000e+00    0.000000e+00  
  5   1  18   0.000000e+00    0.000000e+00  
  5   1  19   0.000000e+00    0.000000e+00  
  5   1  20   0.000000e+00    0.000000e+00  
  5   1  21   0.000000e+00    0.000000e+00  
  5   1  22   0.000000e+00    0.000000e+00  
  5   1  23   0.000000e+00    0.000000e+00  
  5   2   1   0.000000e+00    0.000000e+00  
  5   2   2   0.000000e+00    0.000000e+00  
  5   2   3   0.000000e+00    0.000000e+00  
  5   2   4   0.000000e+00    0.000000e+00  
  5   2   5   0.000000e+00    0.000000e+00  
  5   2   6   0.000000e+00    0.000000e+00  
  5   2   7   0.000000e+00    0.000000e+00  
  5   2   8   0.000000e+00    0.000000e+00  
  5   2   9   0.000000e+00    0.000000e+00  
  5   2  10   0.000000e+00    0.000000e+00  
  5   2  11   0.000000e+00    0.000000e+00  
  5   2  12   0.000000e+00    0.000000e+00  
  5   2  13   0.000000e+00    0.000000e+00  
  5   2  14   0.000000e+00    0.000000e+00  
  5   2  15   0.000000e+00    0.000000e+00  
  5   2  16   0.000000e+00    0.000000e+00  
  5   2  17   0.000000e+00    0.000000e+00  
  5   2  18   0.000000e+00    0.000000e+00  
  5   2  19   0.000000e+00    0.000000e+00  
  5   2  20   0.000000e+00    0.000000e+00  
  5   2  21   0.000000e+00    0.000000e+00  
  5   2  22   0.000000e+00    0.000000e+00  
  5   2  23   0.000000e+00    0.000000e+00  
  5   2  24   0.000000e+00    0.000000e+00  
  5   2  25   0.000000e+00    0.000000e+00  
  5   2  26   0.000000e+00    0.000000e+00  
  5   2  27   0.000000e+00    0.000000e+00  
  5   2  28   0.000000e+00    0.000000e+00  
  5   2  29   0.000000e+00    0.000000e+00  
  5   2  30   0.000000e+00    0.000000e+00  
  5   2  31   0.000000e+00    0.000000e+00  
  5   2  32   0.000000e+00    0.000000e+00  
  5   2  33   0.000000e+00    0.000000e+00  
  5   2  34   0.000000e+00    0.000000e+00  
  5   2  35   0.000000e+00    0.000000e+00  
  5   2  36   0.000000e+00    0.000000e+00  
  5   2  37   0.000000e+00    0.000000e+00  
  5   2  38   0.000000e+00    0.000000e+00  
  5   2  39   0.000000e+00    0.000000e+00  
  5   2  40   0.000000e+00    0.000000e+00  
  5   2  41   0.000000e+00    0.000000e+00  
  5   2  42   0.000000e+00    0.000000e+00  
  5   2  43   0.000000e+00    0.000000e+00  
  5   2  44   0.000000e+00    0.000000e+00  
  5   2  45   0.000000e+00    0.000000e+00  
  5   2  46   0.000000e+00    0.000000e+00  
  5   2  47   0.000000e+00    0.000000e+00  
  5   2  48   0.000000e+00    0.000000e+00  
  5   2  49   0.000000e+00    0.000000e+00  
  5   2  50   0.000000e+00    0.000000e+00  
  5   2  51   0.000000e+00    0.000000e+00  
  5   2  52   0.000000e+00    0.000000e+00  
  5   2  53   0.000000e+00    0.000000e+00  
  5   2  54   0.000000e+00    0.000000e+00  
  5   2  55   0.000000e+00    0.000000e+00  
  5   2  56   0.000000e+00    0.000000e+00  
  5   2  57   0.000000e+00    0.000000e+00  
  5   2  58   0.000000e+00    0.000000e+00  
  5   2  59   0.000000e+00    0.000000e+00  
  5   2  60   0.000000e+00    0.000000e+00  
  5   2  61   0.000000e+00    0.000000e+00  
  5   2  62   0.000000e+00    0.000000e+00  
  5   3   1   0.000000e+00    0.000000e+00  
  5   3   2   0.000000e+00    0.000000e+00  
  5   3   3   0.000000e+00    0.000000e+00  
  5   3   4   0.000000e+00    0.000000e+00  
  5   3   5   0.000000e+00    0.000000e+00  
  6   1   1   0.000000e+00    0.000000e+00  
  6   1   2   0.000000e+00    0.000000e+00  
  6   1   3   0.000000e+00    0.000000e+00  
  6   1   4   0.000000e+00    0.000000e+00  
  6   1   5   0.000000e+00    0.000000e+00  
  6   1   6   0.000000e+00    0.000000e+00  
  6   1   7   0.000000e+00    0.000000e+00  
  6   1   8   0.000000e+00    0.000000e+00  
  6   1   9   0.000000e+00    0.000000e+00  
  6   1  10   0.000000e+00    0.000000e+00  
  6   1  11   0.000000e+00    0.000000e+00  
  6   1  12   0.000000e+00    0.000000e+00  
  6   1  13   0.000000e+00    0.000000e+00  
  6   1  14   0.000000e+00    0.000000e+00  
  6   1  15   0.000000e+00    0.000000e+00  
  6   1  16   0.000000e+00    0.000000e+00  
  6   1  17   0.000000e+00    0.000000e+00  
  6   1  18   0.000000e+00    0.000000e+00  
  6   1  19   0.000000e+00    0.000000e+00  
  6   1  20   0.000000e+00    0.000000e+00  
  6   1  21   0.000000e+00    0.000000e+00  
  6   1  22   0.000000e+00    0.000000e+00  
  6   1  23   0.000000e+00    0.000000e+00  
  6   2   1   0.000000e+00    0.000000e+00  
  6   2   2   0.000000e+00    0.000000e+00  
  6   2   3   0.000000e+00    0.000000e+00  
  6   2   4   0.000000e+00    0.000000e+00  
  6   2   5   0.000000e+00    0.000000e+00  
  6   2   6   0.000000e+00    0.000000e+00  
  6   2   7   0.000000e+00    0.000000e+00  
  6   2   8   0.000000e+00    0.000000e+00  
  6   2   9   0.000000e+00    0.000000e+00  
  6   2  10   0.000000e+00    0.000000e+00  
  6   2  11   0.000000e+00    0.000000e+00  
  6   2  12   0.000000e+00    0.000000e+00  
  6   2  13   0.000000e+00    0.000000e+00  
  6   2  14   0.000000e+00    0.000000e+00  
  6   2  15   0.000000e+00    0.000000e+00  
  6   2  16   0.000000e+00    0.000000e+00  
  6   2  17   0.000000e+00    0.000000e+00  
  6   2  18   0.000000e+00    0.000000e+00  
  6   2  19   0.000000e+00    0.000000e+00  
  6   2  20   0.000000e+00    0.000000e+00  
  6   2  21   0.000000e+00    0.000000e+00  
  6   2  22   0.000000e+00    0.000000e+00  
  6   2  23   0.000000e+00    0.000000e+00  
  6   2  24   0.000000e+00    0.000000e+00  
  6   2  25   0.000000e+00    0.000000e+00  
  6   2  26   0.000000e+00    0.000000e+00  
  6   2  27   0.000000e+00    0.000000e+00  
  6   2  28   0.000000e+00    0.000000e+00  
  6   2  29   0.000000e+00    0.000000e+00  
  6   2  30   0.000000e+00    0.000000e+00  
  6   2  31   0.000000e+00    0.000000e+00  
  6   2  32   0.000000e+00    0.000000e+00  
  6   2  33   0.000000e+00    0.000000e+00  
  6   2  34   0.000000e+00    0.000000e+00  
  6   2  35   0.000000e+00    0.000000e+00  
  6   2  36   0.000000e+00    0.000000e+00  
  6   2  37   0.000000e+00    0.000000e+00  
  6   2  38   0.000000e+00    0.000000e+00  
  6   2  39   0.000000e+00    0.000000e+00  
  6   2  40   0.000000e+00    0.000000e+00  
  6   2  41   0.000000e+00    0.000000e+00  
  6   2  42   0.000000e+00    0.000000e+00  
  6   2  43   0.000000e+00    0.000000e+00  
  6   2  44   0.000000e+00    0.000000e+00  
  6   2  45   0.000000e+00    0.000000e+00  
  6   2  46   0.000000e+00    0.000000e+00  
  6   2  47   0.000000e+00    0.000000e+00  
  6   2  48   0.000000e+00    0.000000e+00  
  6   2  49   0.000000e+00    0.000000e+00  
  6   2  50   0.000000e+00    0.000000e+00  
  6   2  51   0.000000e+00    0.000000e+00  
  6   2  52   0.000000e+00    0.000000e+00  
  6   2  53   0.000000e+00    0.000000e+00  
  6   2  54   0.000000e+00    0.000000e+00  
  6   2  55   0.000000e+00    0.000000e+00  
  6   2  56   0.000000e+00    0.000000e+00  
  6   2  57   0.000000e+00    0.000000e+00  
  6   2  58   0.000000e+00    0.000000e+00  
  6   2  59   0.000000e+00    0.000000e+00  
  6   2  60   0.000000e+00    0.000000e+00  
  6   2  61   0.000000e+00    0.000000e+00  
  6   2  62   0.000000e+00    0.000000e+00  
  6   3   1   0.000000e+00    0.000000e+00  
  6   3   2   0.000000e+00    0.000000e+00  
  6   3   3   0.000000e+00    0.000000e+00  
  6   3   4   0.000000e+00    0.000000e+00  
  6   3   5   0.000000e+00    0.000000e+00  
