1 1 1 0.000
1 1 2 0.000
1 1 3 0.000
1 1 4 0.000
1 1 5 0.000
1 1 6 0.000
1 1 7 0.000
1 1 8 0.000
1 1 9 0.000
1 1 10 0.000
1 1 11 0.000
1 1 12 0.000
1 1 13 0.000
1 1 14 0.000
1 1 15 0.000
1 1 16 0.000
1 1 17 0.000
1 1 18 0.000
1 1 19 0.000
1 1 20 0.000
1 1 21 0.000
1 1 22 0.000
1 1 23 0.000
1 2 1 0.000
1 2 2 0.000
1 2 3 0.000
1 2 4 0.000
1 2 5 0.000
1 2 6 0.000
1 2 7 0.000
1 2 8 0.000
1 2 9 0.000
1 2 10 0.000
1 2 11 0.000
1 2 12 0.000
1 2 13 0.000
1 2 14 0.000
1 2 15 0.000
1 2 16 0.000
1 2 17 0.000
1 2 18 0.000
1 2 19 0.000
1 2 20 0.000
1 2 21 0.000
1 2 22 0.000
1 2 23 0.000
1 2 24 0.000
1 2 25 0.000
1 2 26 0.000
1 2 27 0.000
1 2 28 0.000
1 2 29 0.000
1 2 30 0.000
1 2 31 0.000
1 2 32 0.000
1 2 33 0.000
1 2 34 0.000
1 2 35 0.000
1 2 36 0.000
1 2 37 0.000
1 2 38 0.000
1 2 39 0.000
1 2 40 0.000
1 2 41 0.000
1 2 42 0.000
1 2 43 0.000
1 2 44 0.000
1 2 45 0.000
1 2 46 0.000
1 2 47 0.000
1 2 48 0.000
1 2 49 0.000
1 2 50 0.000
1 2 51 0.000
1 2 52 0.000
1 2 53 0.000
1 2 54 0.000
1 2 55 0.000
1 2 56 0.000
1 2 57 0.000
1 2 58 0.000
1 2 59 0.000
1 2 60 0.000
1 2 61 0.000
1 2 62 0.000
1 3 1 0.000
1 3 2 0.000
1 3 3 0.000
1 3 4 0.000
1 3 5 0.000
2 1 1 -0.232
2 1 2 0.216
2 1 3 0.327
2 1 4 -0.453
2 1 5 0.000
2 1 6 0.698
2 1 7 0.951
2 1 8 -0.302
2 1 9 -0.132
2 1 10 0.000
2 1 11 -0.610
2 1 12 -0.629
2 1 13 -0.065
2 1 14 -0.572
2 1 15 -0.305
2 1 16 0.164
2 1 17 0.875
2 1 18 0.435
2 1 19 0.122
2 1 20 0.963
2 1 21 0.000
2 1 22 -0.112
2 1 23 0.235
2 2 1 0.000
2 2 2 0.000
2 2 3 0.007
2 2 4 0.608
2 2 5 0.750
2 2 6 0.365
2 2 7 0.640
2 2 8 -0.394
2 2 9 -0.033
2 2 10 0.301
2 2 11 0.644
2 2 12 -0.577
2 2 13 -0.783
2 2 14 0.731
2 2 15 -0.525
2 2 16 0.053
2 2 17 0.766
2 2 18 -0.927
2 2 19 0.881
2 2 20 0.547
2 2 21 -0.920
2 2 22 -0.653
2 2 23 -0.429
2 2 24 0.197
2 2 25 0.238
2 2 26 -0.320
2 2 27 -0.525
2 2 28 0.322
2 2 29 0.098
2 2 30 -0.085
2 2 31 -0.220
2 2 32 -0.549
2 2 33 0.087
2 2 34 0.024
2 2 35 0.439
2 2 36 0.980
2 2 37 -0.043
2 2 38 -0.039
2 2 39 0.472
2 2 40 -0.005
2 2 41 -0.933
2 2 42 -0.513
2 2 43 -0.572
2 2 44 0.958
2 2 45 -0.316
2 2 46 -0.204
2 2 47 0.962
2 2 48 0.456
2 2 49 0.625
2 2 50 0.611
2 2 51 0.196
2 2 52 -0.346
2 2 53 -0.617
2 2 54 -0.704
2 2 55 -0.787
2 2 56 0.270
2 2 57 0.582
2 2 58 -0.420
2 2 59 0.462
2 2 60 -0.028
2 2 61 0.537
2 2 62 0.747
2 3 1 0.253
2 3 2 -0.206
2 3 3 0.539
2 3 4 0.000
2 3 5 0.028
3 1 1 0.000
3 1 2 0.000
3 1 3 0.000
3 1 4 0.000
3 1 5 0.000
3 1 6 0.000
3 1 7 0.000
3 1 8 0.000
3 1 9 0.000
3 1 10 0.000
3 1 11 0.000
3 1 12 0.000
3 1 13 0.000
3 1 14 0.000
3 1 15 0.000
3 1 16 0.000
3 1 17 0.000
3 1 18 0.000
3 1 19 0.000
3 1 20 0.000
3 1 21 0.000
3 1 22 0.000
3 1 23 0.000
3 2 1 0.000
3 2 2 0.000
3 2 3 0.000
3 2 4 0.000
3 2 5 0.000
3 2 6 0.000
3 2 7 0.000
3 2 8 0.000
3 2 9 0.000
3 2 10 0.000
3 2 11 0.000
3 2 12 0.000
3 2 13 0.000
3 2 14 0.000
3 2 15 0.000
3 2 16 0.000
3 2 17 0.000
3 2 18 0.000
3 2 19 0.000
3 2 20 0.000
3 2 21 0.000
3 2 22 0.000
3 2 23 0.000
3 2 24 0.000
3 2 25 0.000
3 2 26 0.000
3 2 27 0.000
3 2 28 0.000
3 2 29 0.000
3 2 30 0.000
3 2 31 0.000
3 2 32 0.000
3 2 33 0.000
3 2 34 0.000
3 2 35 0.000
3 2 36 0.000
3 2 37 0.000
3 2 38 0.000
3 2 39 0.000
3 2 40 0.000
3 2 41 0.000
3 2 42 0.000
3 2 43 0.000
3 2 44 0.000
3 2 45 0.000
3 2 46 0.000
3 2 47 0.000
3 2 48 0.000
3 2 49 0.000
3 2 50 0.000
3 2 51 0.000
3 2 52 0.000
3 2 53 0.000
3 2 54 0.000
3 2 55 0.000
3 2 56 0.000
3 2 57 0.000
3 2 58 0.000
3 2 59 0.000
3 2 60 0.000
3 2 61 0.000
3 2 62 0.000
3 3 1 0.000
3 3 2 0.000
3 3 3 0.000
3 3 4 0.000
3 3 5 0.000
4 1 1 0.000
4 1 2 0.000
4 1 3 0.000
4 1 4 0.000
4 1 5 0.000
4 1 6 0.000
4 1 7 0.000
4 1 8 0.000
4 1 9 0.000
4 1 10 0.000
4 1 11 0.000
4 1 12 0.000
4 1 13 0.000
4 1 14 0.000
4 1 15 0.000
4 1 16 0.000
4 1 17 0.000
4 1 18 0.000
4 1 19 0.000
4 1 20 0.000
4 1 21 0.000
4 1 22 0.000
4 1 23 0.000
4 2 1 0.000
4 2 2 0.000
4 2 3 0.000
4 2 4 0.000
4 2 5 0.000
4 2 6 0.000
4 2 7 0.000
4 2 8 0.000
4 2 9 0.000
4 2 10 0.000
4 2 11 0.000
4 2 12 0.000
4 2 13 0.000
4 2 14 0.000
4 2 15 0.000
4 2 16 0.000
4 2 17 0.000
4 2 18 0.000
4 2 19 0.000
4 2 20 0.000
4 2 21 0.000
4 2 22 0.000
4 2 23 0.000
4 2 24 0.000
4 2 25 0.000
4 2 26 0.000
4 2 27 0.000
4 2 28 0.000
4 2 29 0.000
4 2 30 0.000
4 2 31 0.000
4 2 32 0.000
4 2 33 0.000
4 2 34 0.000
4 2 35 0.000
4 2 36 0.000
4 2 37 0.000
4 2 38 0.000
4 2 39 0.000
4 2 40 0.000
4 2 41 0.000
4 2 42 0.000
4 2 43 0.000
4 2 44 0.000
4 2 45 0.000
4 2 46 0.000
4 2 47 0.000
4 2 48 0.000
4 2 49 0.000
4 2 50 0.000
4 2 51 0.000
4 2 52 0.000
4 2 53 0.000
4 2 54 0.000
4 2 55 0.000
4 2 56 0.000
4 2 57 0.000
4 2 58 0.000
4 2 59 0.000
4 2 60 0.000
4 2 61 0.000
4 2 62 0.000
4 3 1 0.000
4 3 2 0.000
4 3 3 0.000
4 3 4 0.000
4 3 5 0.000
5 1 1 0.000
5 1 2 0.000
5 1 3 0.000
5 1 4 0.000
5 1 5 0.000
5 1 6 0.000
5 1 7 0.000
5 1 8 0.000
5 1 9 0.000
5 1 10 0.000
5 1 11 0.000
5 1 12 0.000
5 1 13 0.000
5 1 14 0.000
5 1 15 0.000
5 1 16 0.000
5 1 17 0.000
5 1 18 0.000
5 1 19 0.000
5 1 20 0.000
5 1 21 0.000
5 1 22 0.000
5 1 23 0.000
5 2 1 0.000
5 2 2 0.000
5 2 3 0.000
5 2 4 0.000
5 2 5 0.000
5 2 6 0.000
5 2 7 0.000
5 2 8 0.000
5 2 9 0.000
5 2 10 0.000
5 2 11 0.000
5 2 12 0.000
5 2 13 0.000
5 2 14 0.000
5 2 15 0.000
5 2 16 0.000
5 2 17 0.000
5 2 18 0.000
5 2 19 0.000
5 2 20 0.000
5 2 21 0.000
5 2 22 0.000
5 2 23 0.000
5 2 24 0.000
5 2 25 0.000
5 2 26 0.000
5 2 27 0.000
5 2 28 0.000
5 2 29 0.000
5 2 30 0.000
5 2 31 0.000
5 2 32 0.000
5 2 33 0.000
5 2 34 0.000
5 2 35 0.000
5 2 36 0.000
5 2 37 0.000
5 2 38 0.000
5 2 39 0.000
5 2 40 0.000
5 2 41 0.000
5 2 42 0.000
5 2 43 0.000
5 2 44 0.000
5 2 45 0.000
5 2 46 0.000
5 2 47 0.000
5 2 48 0.000
5 2 49 0.000
5 2 50 0.000
5 2 51 0.000
5 2 52 0.000
5 2 53 0.000
5 2 54 0.000
5 2 55 0.000
5 2 56 0.000
5 2 57 0.000
5 2 58 0.000
5 2 59 0.000
5 2 60 0.000
5 2 61 0.000
5 2 62 0.000
5 3 1 0.000
5 3 2 0.000
5 3 3 0.000
5 3 4 0.000
5 3 5 0.000
6 1 1 0.000
6 1 2 0.000
6 1 3 0.000
6 1 4 0.000
6 1 5 0.000
6 1 6 0.000
6 1 7 0.000
6 1 8 0.000
6 1 9 0.000
6 1 10 0.000
6 1 11 0.000
6 1 12 0.000
6 1 13 0.000
6 1 14 0.000
6 1 15 0.000
6 1 16 0.000
6 1 17 0.000
6 1 18 0.000
6 1 19 0.000
6 1 20 0.000
6 1 21 0.000
6 1 22 0.000
6 1 23 0.000
6 2 1 0.000
6 2 2 0.000
6 2 3 0.000
6 2 4 0.000
6 2 5 0.000
6 2 6 0.000
6 2 7 0.000
6 2 8 0.000
6 2 9 0.000
6 2 10 0.000
6 2 11 0.000
6 2 12 0.000
6 2 13 0.000
6 2 14 0.000
6 2 15 0.000
6 2 16 0.000
6 2 17 0.000
6 2 18 0.000
6 2 19 0.000
6 2 20 0.000
6 2 21 0.000
6 2 22 0.000
6 2 23 0.000
6 2 24 0.000
6 2 25 0.000
6 2 26 0.000
6 2 27 0.000
6 2 28 0.000
6 2 29 0.000
6 2 30 0.000
6 2 31 0.000
6 2 32 0.000
6 2 33 0.000
6 2 34 0.000
6 2 35 0.000
6 2 36 0.000
6 2 37 0.000
6 2 38 0.000
6 2 39 0.000
6 2 40 0.000
6 2 41 0.000
6 2 42 0.000
6 2 43 0.000
6 2 44 0.000
6 2 45 0.000
6 2 46 0.000
6 2 47 0.000
6 2 48 0.000
6 2 49 0.000
6 2 50 0.000
6 2 51 0.000
6 2 52 0.000
6 2 53 0.000
6 2 54 0.000
6 2 55 0.000
6 2 56 0.000
6 2 57 0.000
6 2 58 0.000
6 2 59 0.000
6 2 60 0.000
6 2 61 0.000
6 2 62 0.000
6 3 1 0.000
6 3 2 0.000
6 3 3 0.000
6 3 4 0.000
6 3 5 0.000
