  1   1   1   9.902819e+02    9.902819e+02    9.910301e+00    9.910301e+00    -4.861660e-03    3.635085e-03  
  1   1   2   8.450183e+02    8.450183e+02    5.995393e+00    5.995393e+00    6.278481e-03    5.127191e-03  
  1   1   3   8.395795e+02    8.395795e+02    6.234935e+00    6.234935e+00    2.338377e-02    5.135942e-03  
  1   1   4   8.301391e+02    8.301391e+02    1.041570e+01    1.041570e+01    2.338182e-02    8.191943e-03  
  1   1   5   8.323696e+02    8.323696e+02    9.990119e+00    9.990119e+00    2.661184e-02    7.607586e-03  
  1   1   6   8.171468e+02    8.171468e+02    7.293677e+00    7.293677e+00    -1.152789e-02    1.028237e-02  
  1   1   7   8.417099e+02    8.417099e+02    1.429605e+02    1.429605e+02    -3.017021e-02    1.565776e-02  
  1   1   8   7.908989e+02    7.908989e+02    8.757657e+00    8.757657e+00    1.016496e-02    1.179572e-02  
  1   1   9   7.721557e+02    7.721557e+02    6.853855e+00    6.853855e+00    -3.281121e-03    1.179885e-02  
  1   1  10   7.778590e+02    7.778590e+02    1.377860e+01    1.377860e+01    9.409524e-03    1.710096e-02  
  1   1  11   7.722961e+02    7.722961e+02    5.766417e+00    5.766417e+00    1.418879e-02    1.055343e-02  
  1   1  12   7.542226e+02    7.542226e+02    1.066754e+01    1.066754e+01    -1.458111e-02    1.941939e-02  
  1   1  13   7.449466e+02    7.449466e+02    1.233317e+01    1.233317e+01    2.513423e-02    1.529680e-02  
  1   1  14   7.673373e+02    7.673373e+02    8.358752e+00    8.358752e+00    -7.614274e-02    2.299511e-02  
  1   1  15   7.658314e+02    7.658314e+02    9.313506e+00    9.313506e+00    8.052092e-02    1.898839e-02  
  1   1  16   8.066726e+02    8.066726e+02    1.613661e+01    1.613661e+01    4.773700e-02    2.487713e-02  
  1   1  17   7.524686e+02    7.524686e+02    5.719153e+01    5.719153e+01    -3.521383e-02    1.713556e-02  
  1   1  18   3.231819e+03    3.231819e+03    1.414214e+00    1.414214e+00    6.063492e-03    2.140134e-02  
  1   1  19   7.904391e+02    7.904391e+02    1.066892e+01    1.066892e+01    -5.650546e-02    1.641644e-02  
  1   1  20   8.102585e+02    8.102585e+02    1.124627e+01    1.124627e+01    8.902141e-02    2.146684e-02  
  1   1  21   8.041615e+02    8.041615e+02    2.498597e+01    2.498597e+01    1.418803e-02    1.657522e-02  
  1   1  22   1.382880e+03    1.382880e+03    2.859121e+01    2.859121e+01    -1.129849e-01    1.159450e-02  
  1   1  23   8.243017e+02    8.243017e+02    1.362934e+01    1.362934e+01    -7.481625e-02    2.021724e-02  
  1   2   1   2.065330e+03    2.065330e+03    9.634870e+01    9.634870e+01    2.632794e-03    3.842750e-03  
  1   2   2   2.056458e+03    2.056458e+03    2.905443e+01    2.905443e+01    -6.646707e-03    3.776601e-03  
  1   2   3   2.059481e+03    2.059481e+03    4.635115e+01    4.635115e+01    -5.994832e-03    4.526056e-03  
  1   2   4   2.045869e+03    2.045869e+03    2.998527e+01    2.998527e+01    -1.237838e-02    5.189252e-03  
  1   2   5   1.242885e+03    1.242885e+03    6.583441e+04    6.583441e+04    1.608247e-03    5.161835e-03  
  1   2   6   2.012499e+03    2.012499e+03    8.408624e-02    8.408624e-02    -3.200000e-03    8.070538e-03  
  1   2   7   1.606320e+03    1.606320e+03    1.414214e+00    1.414214e+00    1.015385e-02    5.961482e-03  
  1   2   8   2.026040e+03    2.026040e+03    4.452716e+01    4.452716e+01    5.502183e-03    9.231599e-03  
  1   2   9   1.555885e+03    1.555885e+03    4.865944e+03    4.865944e+03    2.591885e-02    1.069157e-02  
  1   2  10   -9.670360e+02    -9.670360e+02    NaN    NaN    2.160000e-02    8.170539e-03  
  1   2  11   1.642820e+03    1.642820e+03    1.403368e+03    1.403368e+03    2.400000e-03    1.013814e-02  
  1   2  12   1.984853e+03    1.984853e+03    1.922086e+01    1.922086e+01    -7.953411e-03    7.579424e-03  
  1   2  13   2.261076e+03    2.261076e+03    7.821621e+03    7.821621e+03    1.190909e-02    9.630272e-03  
  1   2  14   1.834476e+03    1.834476e+03    3.470529e+02    3.470529e+02    -9.521830e-03    1.198923e-02  
  1   2  15   1.177373e+03    1.177373e+03    3.476283e+03    3.476283e+03    -4.643678e-03    1.331152e-02  
  1   2  16   1.379754e+03    1.379754e+03    6.619681e+03    6.619681e+03    1.091314e-02    1.415776e-02  
  1   2  17   1.962026e+03    1.962026e+03    4.812005e+01    4.812005e+01    -3.123994e-03    1.162106e-02  
  1   2  18   1.916314e+03    1.916314e+03    3.135887e+01    3.135887e+01    1.647458e-02    1.399939e-02  
  1   2  19   2.039283e+03    2.039283e+03    1.345690e+02    1.345690e+02    4.923747e-03    1.394369e-02  
  1   2  20   1.939023e+03    1.939023e+03    6.132167e+01    6.132167e+01    4.848921e-02    1.196332e-02  
  1   2  21   1.856682e+03    1.856682e+03    2.491920e+01    2.491920e+01    -4.282655e-05    1.526939e-02  
  1   2  22   1.812853e+03    1.812853e+03    1.112769e+01    1.112769e+01    5.083333e-03    1.551495e-02  
  1   2  23   1.911980e+03    1.911980e+03    5.878593e+01    5.878593e+01    1.036145e-02    1.143127e-02  
  1   2  24   1.850899e+03    1.850899e+03    2.661290e+01    2.661290e+01    1.524618e-02    1.455327e-02  
  1   2  25   2.006685e+03    2.006685e+03    9.219710e+01    9.219710e+01    -3.220447e-02    1.450468e-02  
  1   2  26   1.894528e+03    1.894528e+03    1.739301e+01    1.739301e+01    -4.478632e-03    1.745790e-02  
  1   2  27   1.068599e+03    1.068599e+03    2.925374e+03    2.925374e+03    -3.612069e-02    1.710994e-02  
  1   2  28   1.903071e+03    1.903071e+03    4.026752e+01    4.026752e+01    2.165354e-02    2.251189e-02  
  1   2  29   1.878238e+03    1.878238e+03    2.969549e+01    2.969549e+01    3.301587e-02    9.795394e-03  
  1   2  30   1.898601e+03    1.898601e+03    1.958866e+01    1.958866e+01    -2.339181e-03    1.257047e-02  
  1   2  31   1.894672e+03    1.894672e+03    1.984814e+01    1.984814e+01    2.957746e-02    1.230334e-02  
  1   2  32   1.905763e+03    1.905763e+03    1.636456e+01    1.636456e+01    3.974937e-02    1.073592e-02  
  1   2  33   1.871900e+03    1.871900e+03    1.605557e+01    1.605557e+01    9.440832e-03    1.476760e-02  
  1   2  34   1.900506e+03    1.900506e+03    5.527357e+01    5.527357e+01    -2.649199e-03    1.500889e-02  
  1   2  35   1.918747e+03    1.918747e+03    1.702399e+01    1.702399e+01    -3.433052e-02    1.571775e-02  
  1   2  36   1.932312e+03    1.932312e+03    2.352116e+01    2.352116e+01    -1.376499e-02    2.165159e-02  
  1   2  37   1.913874e+03    1.913874e+03    5.946361e+01    5.946361e+01    -1.207254e-02    1.744773e-02  
  1   2  38   1.962500e+03    1.962500e+03    2.817337e+01    2.817337e+01    -6.460543e-02    1.698465e-02  
  1   2  39   1.924696e+03    1.924696e+03    2.199824e+01    2.199824e+01    2.519597e-02    1.288584e-02  
  1   2  40   1.912268e+03    1.912268e+03    3.271444e+01    3.271444e+01    -2.705577e-02    9.628069e-03  
  1   2  41   1.925568e+03    1.925568e+03    1.791339e+01    1.791339e+01    -1.626598e-02    1.517837e-02  
  1   2  42   2.149814e+03    2.149814e+03    2.708420e+02    2.708420e+02    -3.730929e-02    1.789359e-02  
  1   2  43   1.993906e+03    1.993906e+03    3.585888e+01    3.585888e+01    1.452991e-02    1.312603e-02  
  1   2  44   1.979354e+03    1.979354e+03    1.670261e+02    1.670261e+02    -3.714286e-02    1.235530e-02  
  1   2  45   2.019484e+03    2.019484e+03    4.665996e+01    4.665996e+01    -3.412888e-02    1.672853e-02  
  1   2  46   1.976216e+03    1.976216e+03    3.078444e+01    3.078444e+01    5.459057e-04    1.406805e-02  
  1   2  47   1.979915e+03    1.979915e+03    2.100505e+02    2.100505e+02    4.006849e-02    1.210470e-02  
  1   2  48   2.291345e+03    2.291345e+03    4.100931e+02    4.100931e+02    2.768982e-02    2.026067e-02  
  1   2  49   1.877949e+03    1.877949e+03    3.145048e+01    3.145048e+01    -5.863905e-02    1.550904e-02  
  1   2  50   2.087500e+03    2.087500e+03    1.045772e+02    1.045772e+02    -6.202284e-02    1.815475e-02  
  1   2  51   1.878085e+03    1.878085e+03    2.209091e+01    2.209091e+01    1.607947e-02    1.540861e-02  
  1   2  52   1.932646e+03    1.932646e+03    1.715897e+01    1.715897e+01    1.470839e-02    1.448633e-02  
  1   2  53   2.025375e+03    2.025375e+03    1.141773e+02    1.141773e+02    -3.229412e-02    1.491964e-02  
  1   2  54   2.048031e+03    2.048031e+03    4.752148e+01    4.752148e+01    -4.369231e-02    1.615595e-02  
  1   2  55   1.931743e+03    1.931743e+03    5.506643e+01    5.506643e+01    4.831276e-02    1.378627e-02  
  1   2  56   2.175341e+03    2.175341e+03    1.904288e+02    1.904288e+02    7.441931e-02    1.648092e-02  
  1   2  57   1.984623e+03    1.984623e+03    1.307710e+02    1.307710e+02    4.105263e-02    1.637564e-02  
  1   2  58   1.971335e+03    1.971335e+03    5.756750e+01    5.756750e+01    -2.492754e-02    1.486424e-02  
  1   2  59   1.973558e+03    1.973558e+03    2.019424e+02    2.019424e+02    2.310976e-02    1.367247e-02  
  1   2  60   2.110278e+03    2.110278e+03    5.775885e+01    5.775885e+01    -2.490909e-02    1.471028e-02  
  1   2  61   2.092931e+03    2.092931e+03    2.939132e+01    2.939132e+01    1.185738e-01    2.221409e-02  
  1   2  62   2.040060e+03    2.040060e+03    8.173361e+01    8.173361e+01    3.135664e-02    1.435074e-02  
  1   3   1   7.675651e+02    7.675651e+02    5.041327e+00    5.041327e+00    -1.691522e-02    2.053669e-02  
  1   3   2   7.717930e+02    7.717930e+02    4.063664e+00    4.063664e+00    -9.975669e-03    2.006973e-02  
  1   3   3   7.683954e+02    7.683954e+02    4.043592e+00    4.043592e+00    -1.617918e-02    1.084514e-02  
  1   3   4   7.776519e+02    7.776519e+02    4.740796e+00    4.740796e+00    7.306273e-03    1.963539e-02  
  1   3   5   8.032530e+02    8.032530e+02    7.666803e+00    7.666803e+00    -4.404332e-03    2.160327e-02  
  2   1   1   4.346343e+03    4.346343e+03    1.414214e+00    1.414214e+00    9.447005e-03    6.803879e-03  
  2   1   2   8.395875e+02    8.395875e+02    1.258969e+01    1.258969e+01    -1.256065e-02    4.446515e-03  
  2   1   3   8.512475e+02    8.512475e+02    7.369135e+00    7.369135e+00    4.427481e-03    6.029126e-03  
  2   1   4   8.317116e+02    8.317116e+02    1.024132e+01    1.024132e+01    2.090737e-02    8.810268e-03  
  2   1   5   1.299442e+03    1.299442e+03    8.078125e+02    8.078125e+02    -1.166483e-02    1.139455e-02  
  2   1   6   7.980878e+02    7.980878e+02    7.688282e+00    7.688282e+00    8.908146e-03    9.846469e-03  
  2   1   7   7.791853e+02    7.791853e+02    7.279826e+00    7.279826e+00    8.996416e-03    1.322575e-02  
  2   1   8   7.254317e+02    7.254317e+02    1.192171e+01    1.192171e+01    -1.601344e-02    1.101864e-02  
  2   1   9   7.726399e+02    7.726399e+02    2.742854e+02    2.742854e+02    -1.204301e-03    1.407767e-02  
  2   1  10   1.782689e+02    1.782689e+02    1.414214e+00    1.414214e+00    -2.350937e-03    1.287976e-02  
  2   1  11   7.537345e+02    7.537345e+02    4.538544e+00    4.538544e+00    -8.118280e-03    1.056254e-02  
  2   1  12   7.695758e+02    7.695758e+02    7.154503e+00    7.154503e+00    1.650190e-02    1.396529e-02  
  2   1  13   7.884019e+02    7.884019e+02    6.503213e+01    6.503213e+01    -1.277815e-02    1.897260e-02  
  2   1  14   7.764341e+02    7.764341e+02    4.959239e+00    4.959239e+00    -3.974843e-02    1.403983e-02  
  2   1  15   7.821521e+02    7.821521e+02    7.187017e+00    7.187017e+00    -6.468208e-02    1.685845e-02  
  2   1  16   7.984592e+02    7.984592e+02    8.763079e+00    8.763079e+00    -2.651228e-02    1.895553e-02  
  2   1  17   8.122879e+02    8.122879e+02    7.364557e+00    7.364557e+00    -1.472555e-02    1.087925e-02  
  2   1  18   7.137359e+02    7.137359e+02    1.372498e+02    1.372498e+02    -4.699029e-03    2.009989e-02  
  2   1  19   9.141162e+02    9.141162e+02    9.941939e+01    9.941939e+01    9.261745e-03    1.699143e-02  
  2   1  20   8.182965e+02    8.182965e+02    1.445403e+01    1.445403e+01    9.728493e-02    1.963462e-02  
  2   1  21   8.241931e+02    8.241931e+02    1.157605e+01    1.157605e+01    6.297362e-02    1.527953e-02  
  2   1  22   8.501135e+02    8.501135e+02    2.174905e+01    2.174905e+01    2.456438e-02    2.191804e-02  
  2   1  23   8.183774e+02    8.183774e+02    1.058301e+01    1.058301e+01    -1.605745e-01    1.194430e-02  
  2   2   1   1.915513e+03    1.915513e+03    1.012828e+02    1.012828e+02    6.502058e-03    3.000754e-03  
  2   2   2   2.057370e+03    2.057370e+03    2.245147e+01    2.245147e+01    1.063123e-03    6.532149e-03  
  2   2   3   2.038692e+03    2.038692e+03    3.037729e+01    3.037729e+01    4.956772e-03    5.516278e-03  
  2   2   4   2.116683e+03    2.116683e+03    4.787281e+01    4.787281e+01    1.585987e-02    6.231646e-03  
  2   2   5   2.040195e+03    2.040195e+03    1.960286e+01    1.960286e+01    -1.391941e-03    5.398386e-03  
  2   2   6   1.965711e+03    1.965711e+03    1.646383e+01    1.646383e+01    1.647819e-03    7.676625e-03  
  2   2   7   2.009964e+03    2.009964e+03    6.511522e+01    6.511522e+01    -2.134146e-02    5.741605e-03  
  2   2   8   1.264262e+03    1.264262e+03    1.602835e+04    1.602835e+04    1.948276e-02    1.594714e-02  
  2   2   9   2.512500e+03    2.512500e+03    6.340373e+02    6.340373e+02    -6.568627e-03    1.060864e-02  
  2   2  10   1.980176e+03    1.980176e+03    3.905897e+01    3.905897e+01    2.397080e-02    9.771388e-03  
  2   2  11   2.109528e+03    2.109528e+03    3.012140e+04    3.012140e+04    5.363636e-03    1.167173e-02  
  2   2  12   2.036812e+03    2.036812e+03    3.403212e+01    3.403212e+01    1.182580e-02    8.004011e-03  
  2   2  13   1.972705e+03    1.972705e+03    3.625897e+01    3.625897e+01    3.362637e-02    1.422875e-02  
  2   2  14   1.912457e+03    1.912457e+03    6.319737e+01    6.319737e+01    -3.453510e-03    9.020129e-03  
  2   2  15   1.491095e+03    1.491095e+03    2.027316e+03    2.027316e+03    2.876847e-02    1.535509e-02  
  2   2  16   1.920585e+03    1.920585e+03    9.011009e+02    9.011009e+02    -1.294710e-02    1.125797e-02  
  2   2  17   1.972680e+03    1.972680e+03    5.944466e+01    5.944466e+01    5.311943e-03    1.144715e-02  
  2   2  18   1.832515e+03    1.832515e+03    2.783115e+02    2.783115e+02    8.114754e-03    1.382547e-02  
  2   2  19   1.493801e+03    1.493801e+03    8.634441e+03    8.634441e+03    -1.092593e-02    1.778928e-02  
  2   2  20   1.883861e+03    1.883861e+03    5.215442e+01    5.215442e+01    -1.986207e-02    1.540971e-02  
  2   2  21   1.907934e+03    1.907934e+03    3.073364e+01    3.073364e+01    -8.262295e-03    9.507866e-03  
  2   2  22   1.887108e+03    1.887108e+03    3.118798e+01    3.118798e+01    3.411581e-03    1.504796e-02  
  2   2  23   1.871241e+03    1.871241e+03    2.482095e+01    2.482095e+01    -1.270315e-02    1.249388e-02  
  2   2  24   1.849566e+03    1.849566e+03    1.653464e+01    1.653464e+01    4.712871e-02    1.901068e-02  
  2   2  25   1.849697e+03    1.849697e+03    6.317925e+02    6.317925e+02    -4.232558e-02    1.810859e-02  
  2   2  26   1.606614e+03    1.606614e+03    6.325123e+02    6.325123e+02    -2.433839e-02    1.552104e-02  
  2   2  27   1.893611e+03    1.893611e+03    7.133002e+00    7.133002e+00    -3.840000e-03    1.648956e-02  
  2   2  28   1.946176e+03    1.946176e+03    1.633450e+02    1.633450e+02    -7.230769e-03    1.247186e-02  
  2   2  29   1.927383e+03    1.927383e+03    3.026106e+01    3.026106e+01    4.255319e-04    1.433627e-02  
  2   2  30   1.941719e+03    1.941719e+03    1.480040e+01    1.480040e+01    3.152022e-03    1.429961e-02  
  2   2  31   1.787500e+03    1.787500e+03    7.009086e+03    7.009086e+03    -4.295191e-02    1.990450e-02  
  2   2  32   1.850130e+03    1.850130e+03    2.102253e+01    2.102253e+01    -2.280412e-02    1.782739e-02  
  2   2  33   1.912630e+03    1.912630e+03    4.378923e+01    4.378923e+01    2.416422e-02    1.031228e-02  
  2   2  34   3.223263e+03    3.223263e+03    6.360292e+02    6.360292e+02    3.896194e-02    1.710527e-02  
  2   2  35   1.298458e+04    1.298458e+04    1.585669e+03    1.585669e+03    -2.962457e-02    1.743765e-02  
  2   2  36   1.900682e+03    1.900682e+03    2.098466e+02    2.098466e+02    -2.166998e-02    1.462747e-02  
  2   2  37   1.878086e+03    1.878086e+03    2.155997e+01    2.155997e+01    5.519737e-02    1.763573e-02  
  2   2  38   1.994007e+03    1.994007e+03    6.626077e+01    6.626077e+01    4.655647e-02    1.611273e-02  
  2   2  39   1.792719e+03    1.792719e+03    7.873610e+02    7.873610e+02    3.025048e-02    2.021801e-02  
  2   2  40   2.057995e+03    2.057995e+03    5.741928e+02    5.741928e+02    2.407915e-02    1.373033e-02  
  2   2  41   1.967059e+03    1.967059e+03    7.716654e+01    7.716654e+01    -2.384880e-02    1.879383e-02  
  2   2  42   1.845430e+03    1.845430e+03    1.975673e+01    1.975673e+01    7.399668e-02    1.699275e-02  
  2   2  43   1.886310e+03    1.886310e+03    2.342660e+01    2.342660e+01    -2.754148e-02    1.401482e-02  
  2   2  44   1.912821e+03    1.912821e+03    2.163524e+01    2.163524e+01    -2.424942e-02    1.428917e-02  
  2   2  45   1.996230e+03    1.996230e+03    1.006365e+02    1.006365e+02    -6.802326e-03    1.286187e-02  
  2   2  46   1.802711e+03    1.802711e+03    2.143226e+02    2.143226e+02    -1.403087e-02    1.795718e-02  
  2   2  47   2.565618e+03    2.565618e+03    1.315673e+03    1.315673e+03    -2.620825e-02    1.592157e-02  
  2   2  48   2.080889e+03    2.080889e+03    2.179085e+02    2.179085e+02    -2.983752e-03    1.730071e-02  
  2   2  49   2.136068e+03    2.136068e+03    9.694008e+01    9.694008e+01    -7.061489e-02    1.384950e-02  
  2   2  50   1.685380e+03    1.685380e+03    2.780631e+02    2.780631e+02    -9.257240e-02    1.797828e-02  
  2   2  51   1.793980e+03    1.793980e+03    7.581995e+01    7.581995e+01    -5.225251e-02    1.443426e-02  
  2   2  52   2.903413e+03    2.903413e+03    4.626171e+02    4.626171e+02    -8.774704e-03    1.746441e-02  
  2   2  53   1.687801e+03    1.687801e+03    2.487092e+02    2.487092e+02    1.876823e-02    1.257345e-02  
  2   2  54   1.661535e+03    1.661535e+03    1.038987e+04    1.038987e+04    1.329140e-02    1.252756e-02  
  2   2  55   2.321767e+03    2.321767e+03    8.551061e+02    8.551061e+02    4.152000e-02    2.010021e-02  
  2   2  56   1.997934e+03    1.997934e+03    9.576592e+00    9.576592e+00    7.346535e-02    1.426513e-02  
  2   2  57   2.019743e+03    2.019743e+03    1.786950e+01    1.786950e+01    2.600000e-02    1.142236e-02  
  2   2  58   2.135349e+03    2.135349e+03    2.401635e+02    2.401635e+02    -1.298137e-02    1.416407e-02  
  2   2  59   1.977479e+03    1.977479e+03    3.271713e+01    3.271713e+01    2.928571e-03    1.679630e-02  
  2   2  60   1.928274e+03    1.928274e+03    2.575321e+01    2.575321e+01    2.041359e-02    1.848397e-02  
  2   2  61   1.997597e+03    1.997597e+03    9.976531e+01    9.976531e+01    -5.172414e-02    1.541902e-02  
  2   2  62   2.032731e+03    2.032731e+03    6.102306e+01    6.102306e+01    -3.214794e-03    1.149214e-02  
  2   3   1   7.724346e+02    7.724346e+02    4.767771e+00    4.767771e+00    2.553753e-02    1.620094e-02  
  2   3   2   7.521342e+02    7.521342e+02    3.655930e+00    3.655930e+00    3.596276e-03    1.867424e-02  
  2   3   3   7.740900e+02    7.740900e+02    4.280233e+00    4.280233e+00    -6.851182e-02    2.513308e-02  
  2   3   4   7.778830e+02    7.778830e+02    5.569340e+00    5.569340e+00    1.291082e-01    2.218519e-02  
  2   3   5   7.908245e+02    7.908245e+02    7.452275e+00    7.452275e+00    -3.481303e-02    2.137311e-02  
  3   1   1   8.269589e+02    8.269589e+02    7.586912e+00    7.586912e+00    4.734625e-03    4.692042e-03  
  3   1   2   8.601636e+02    8.601636e+02    1.127494e+01    1.127494e+01    4.094755e-03    5.774302e-03  
  3   1   3   9.378623e+02    9.378623e+02    7.924685e+00    7.924685e+00    -2.654244e-02    1.012151e-02  
  3   1   4   9.291922e+02    9.291922e+02    5.294260e+02    5.294260e+02    1.215601e-02    7.084992e-03  
  3   1   5   8.271495e+02    8.271495e+02    8.790811e+00    8.790811e+00    2.242321e-02    1.004445e-02  
  3   1   6   9.272402e+02    9.272402e+02    8.535541e+00    8.535541e+00    6.553086e-02    2.413884e-02  
  3   1   7   8.038896e+02    8.038896e+02    1.257285e+01    1.257285e+01    2.549223e-03    1.370023e-02  
  3   1   8   7.717515e+02    7.717515e+02    1.387917e+01    1.387917e+01    -2.405345e-02    1.348588e-02  
  3   1   9   7.757071e+02    7.757071e+02    7.506132e+00    7.506132e+00    2.780154e-02    1.417229e-02  
  3   1  10   7.500484e+02    7.500484e+02    9.584788e+00    9.584788e+00    5.728033e-02    1.765732e-02  
  3   1  11   7.629990e+02    7.629990e+02    1.053117e+01    1.053117e+01    -1.880974e-02    1.638066e-02  
  3   1  12   7.597891e+02    7.597891e+02    4.749935e+00    4.749935e+00    2.244720e-02    1.652990e-02  
  3   1  13   7.579660e+02    7.579660e+02    4.505167e+00    4.505167e+00    -3.040334e-02    1.637162e-02  
  3   1  14   7.780173e+02    7.780173e+02    7.090325e+00    7.090325e+00    6.982925e-02    1.295103e-02  
  3   1  15   7.859847e+02    7.859847e+02    1.571911e+01    1.571911e+01    -1.465677e-02    2.236619e-02  
  3   1  16   8.042872e+02    8.042872e+02    7.113004e+00    7.113004e+00    2.027663e-02    1.854763e-02  
  3   1  17   7.892813e+02    7.892813e+02    9.289931e+00    9.289931e+00    7.837657e-02    2.090116e-02  
  3   1  18   8.028831e+02    8.028831e+02    1.528516e+01    1.528516e+01    1.019403e-01    1.395676e-02  
  3   1  19   8.591942e+02    8.591942e+02    2.528808e+01    2.528808e+01    -1.990476e-01    1.887954e-02  
  3   1  20   7.986974e+02    7.986974e+02    2.584955e+01    2.584955e+01    1.585930e-02    1.932516e-02  
  3   1  21   7.992660e+02    7.992660e+02    1.303891e+01    1.303891e+01    3.837209e-02    2.494124e-02  
  3   1  22   8.709771e+02    8.709771e+02    3.038493e+01    3.038493e+01    8.887872e-02    2.794078e-02  
  3   1  23   9.417103e+02    9.417103e+02    6.554334e+01    6.554334e+01    -5.343701e-02    2.480891e-02  
  3   2   1   1.947222e+03    1.947222e+03    3.621552e+01    3.621552e+01    9.014675e-03    3.484903e-03  
  3   2   2   2.059544e+03    2.059544e+03    4.079080e+01    4.079080e+01    5.048170e-03    3.723017e-03  
  3   2   3   1.972034e+03    1.972034e+03    1.542541e+02    1.542541e+02    5.477707e-03    3.665049e-03  
  3   2   4   1.986414e+03    1.986414e+03    2.558441e+01    2.558441e+01    1.122530e-02    6.364467e-03  
  3   2   5   2.054131e+03    2.054131e+03    3.612079e+01    3.612079e+01    -1.034674e-02    1.093504e-02  
  3   2   6   1.684979e+03    1.684979e+03    1.236355e+04    1.236355e+04    -1.350114e-02    7.352839e-03  
  3   2   7   2.034918e+03    2.034918e+03    6.686356e+01    6.686356e+01    -1.418564e-02    5.879994e-03  
  3   2   8   1.876415e+03    1.876415e+03    1.335781e+02    1.335781e+02    1.721311e-02    8.983119e-03  
  3   2   9   1.827552e+03    1.827552e+03    1.681334e+04    1.681334e+04    -1.364706e-03    1.239535e-02  
  3   2  10   2.098917e+03    2.098917e+03    1.249402e+02    1.249402e+02    -1.469880e-02    9.494806e-03  
  3   2  11   1.935188e+03    1.935188e+03    2.041256e+01    2.041256e+01    3.137255e-03    8.289915e-03  
  3   2  12   1.969667e+03    1.969667e+03    2.625947e+01    2.625947e+01    1.694444e-02    1.247945e-02  
  3   2  13   1.839258e+03    1.839258e+03    5.438389e+02    5.438389e+02    -3.336471e-02    1.422117e-02  
  3   2  14   1.953715e+03    1.953715e+03    2.815300e+03    2.815300e+03    1.825193e-02    1.297187e-02  
  3   2  15   1.902261e+03    1.902261e+03    2.435502e+01    2.435502e+01    4.051173e-03    1.268491e-02  
  3   2  16   1.969251e+03    1.969251e+03    3.264449e+01    3.264449e+01    9.307692e-03    1.608671e-02  
  3   2  17   2.008073e+03    2.008073e+03    6.157465e+01    6.157465e+01    6.909091e-03    1.202733e-02  
  3   2  18   1.762395e+03    1.762395e+03    2.864500e+02    2.864500e+02    -1.371571e-02    1.380793e-02  
  3   2  19   1.913904e+03    1.913904e+03    2.493823e+01    2.493823e+01    -1.809847e-02    1.309294e-02  
  3   2  20   2.014858e+03    2.014858e+03    4.886216e+02    4.886216e+02    -3.979849e-03    1.274187e-02  
  3   2  21   1.887191e+03    1.887191e+03    1.832729e+01    1.832729e+01    1.551783e-02    9.880678e-03  
  3   2  22   1.868665e+03    1.868665e+03    4.026274e+01    4.026274e+01    -1.641379e-02    1.182982e-02  
  3   2  23   1.964446e+03    1.964446e+03    2.358833e+02    2.358833e+02    -3.621730e-04    1.914249e-02  
  3   2  24   1.479782e+03    1.479782e+03    NaN    NaN    1.531532e-03    1.382036e-02  
  3   2  25   1.876891e+03    1.876891e+03    2.127074e+01    2.127074e+01    1.842520e-02    1.270014e-02  
  3   2  26   1.885105e+03    1.885105e+03    4.488421e+01    4.488421e+01    -7.063197e-02    2.130004e-02  
  3   2  27   1.826768e+03    1.826768e+03    5.149750e+01    5.149750e+01    -5.977486e-02    1.388959e-02  
  3   2  28   1.911744e+03    1.911744e+03    1.875578e+01    1.875578e+01    -3.071325e-02    1.199825e-02  
  3   2  29   2.931168e+03    2.931168e+03    1.509914e+03    1.509914e+03    -2.183633e-02    1.588846e-02  
  3   2  30   1.964152e+03    1.964152e+03    2.086369e+01    2.086369e+01    1.949686e-03    1.013853e-02  
  3   2  31   2.026711e+03    2.026711e+03    1.258277e+02    1.258277e+02    -3.464567e-03    1.560753e-02  
  3   2  32   1.510113e+03    1.510113e+03    8.802922e+03    8.802922e+03    2.003781e-03    1.623242e-02  
  3   2  33   1.971193e+03    1.971193e+03    4.245545e+01    4.245545e+01    2.052202e-02    1.241696e-02  
  3   2  34   1.895224e+03    1.895224e+03    1.354456e+02    1.354456e+02    -5.756098e-02    1.403257e-02  
  3   2  35   1.893440e+03    1.893440e+03    6.185151e+01    6.185151e+01    -5.308869e-02    1.616287e-02  
  3   2  36   1.887500e+03    1.887500e+03    1.724994e+03    1.724994e+03    8.976898e-03    1.648877e-02  
  3   2  37   1.942036e+03    1.942036e+03    3.402856e+01    3.402856e+01    1.239157e-04    1.250788e-02  
  3   2  38   1.840797e+03    1.840797e+03    1.631177e+02    1.631177e+02    -5.781350e-02    1.807664e-02  
  3   2  39   1.914139e+03    1.914139e+03    3.942440e+01    3.942440e+01    -6.635958e-02    1.277455e-02  
  3   2  40   1.457782e+04    1.457782e+04    NaN    NaN    7.129456e-04    1.997542e-02  
  3   2  41   1.832668e+03    1.832668e+03    2.938139e+01    2.938139e+01    -3.452007e-02    1.565813e-02  
  3   2  42   1.787500e+03    1.787500e+03    6.440605e+03    6.440605e+03    -8.523737e-02    1.726462e-02  
  3   2  43   1.971947e+03    1.971947e+03    2.590941e+01    2.590941e+01    1.928480e-02    1.056644e-02  
  3   2  44   1.919076e+03    1.919076e+03    3.017269e+01    3.017269e+01    -5.000000e-02    1.206637e-02  
  3   2  45   2.176360e+03    2.176360e+03    1.125098e+02    1.125098e+02    6.266867e-03    1.597536e-02  
  3   2  46   2.283330e+03    2.283330e+03    5.946629e+01    5.946629e+01    2.674847e-02    1.356139e-02  
  3   2  47   2.028755e+03    2.028755e+03    7.114767e+01    7.114767e+01    6.617466e-03    1.221058e-02  
  3   2  48   1.947298e+03    1.947298e+03    1.092340e+02    1.092340e+02    5.837651e-03    1.652738e-02  
  3   2  49   1.966059e+03    1.966059e+03    3.753492e+01    3.753492e+01    2.809278e-02    1.924267e-02  
  3   2  50   1.964446e+03    1.964446e+03    3.337901e+01    3.337901e+01    1.817427e-02    1.225955e-02  
  3   2  51   1.962676e+03    1.962676e+03    4.742757e+01    4.742757e+01    4.104265e-02    1.148652e-02  
  3   2  52   1.826028e+03    1.826028e+03    1.131198e+01    1.131198e+01    -3.601518e-02    1.804987e-02  
  3   2  53   1.923424e+03    1.923424e+03    4.121813e+01    4.121813e+01    1.716535e-02    1.445738e-02  
  3   2  54   1.981288e+03    1.981288e+03    4.153344e+01    4.153344e+01    -2.352132e-02    1.705967e-02  
  3   2  55   1.832873e+03    1.832873e+03    1.740624e+03    1.740624e+03    2.977035e-02    1.942961e-02  
  3   2  56   2.328286e+03    2.328286e+03    2.605605e+02    2.605605e+02    5.000000e-03    2.001340e-02  
  3   2  57   1.035312e+03    1.035312e+03    5.968784e+03    5.968784e+03    -2.782609e-03    2.553148e-02  
  3   2  58   2.087481e+03    2.087481e+03    9.216680e+01    9.216680e+01    -1.349325e-03    1.431750e-02  
  3   2  59   1.956377e+03    1.956377e+03    4.301107e+01    4.301107e+01    -6.195122e-02    2.390285e-02  
  3   2  60   1.988236e+03    1.988236e+03    2.361100e+01    2.361100e+01    -5.325444e-04    1.500240e-02  
  3   2  61   1.973163e+03    1.973163e+03    2.886277e+01    2.886277e+01    -8.025078e-03    1.786998e-02  
  3   2  62   2.034198e+03    2.034198e+03    6.410834e+01    6.410834e+01    -5.076923e-02    1.445651e-02  
  3   3   1   7.663796e+02    7.663796e+02    5.523301e+00    5.523301e+00    -1.676301e-02    1.421312e-02  
  3   3   2   7.760372e+02    7.760372e+02    4.561826e+00    4.561826e+00    4.273830e-02    3.012390e-02  
  3   3   3   8.199603e+02    8.199603e+02    1.311614e+02    1.311614e+02    -1.106686e-02    1.235104e-02  
  3   3   4   7.781444e+02    7.781444e+02    4.708167e+00    4.708167e+00    3.086519e-02    2.854189e-02  
  3   3   5   8.030162e+02    8.030162e+02    5.347865e+00    5.347865e+00    -1.965986e-01    1.873930e-02  
  4   1   1   8.344834e+02    8.344834e+02    1.423929e+01    1.423929e+01    9.402110e-03    5.168071e-03  
  4   1   2   8.133457e+02    8.133457e+02    1.042620e+01    1.042620e+01    4.647887e-03    7.468296e-03  
  4   1   3   8.325090e+02    8.325090e+02    1.805501e+01    1.805501e+01    -2.968930e-03    7.282072e-03  
  4   1   4   8.283966e+02    8.283966e+02    6.851003e+00    6.851003e+00    -3.424191e-02    8.178336e-03  
  4   1   5   8.046618e+02    8.046618e+02    1.149631e+01    1.149631e+01    -1.545254e-03    9.654230e-03  
  4   1   6   8.124195e+02    8.124195e+02    8.124483e+00    8.124483e+00    -5.520362e-03    9.817157e-03  
  4   1   7   8.099064e+02    8.099064e+02    9.992517e+00    9.992517e+00    6.220570e-03    1.157817e-02  
  4   1   8   7.741386e+02    7.741386e+02    8.202899e+00    8.202899e+00    1.608782e-02    1.086013e-02  
  4   1   9   7.556187e+02    7.556187e+02    6.215045e+01    6.215045e+01    -1.920000e-02    1.350966e-02  
  4   1  10   7.562285e+02    7.562285e+02    8.435300e+00    8.435300e+00    4.466447e-03    1.659092e-02  
  4   1  11   7.414268e+02    7.414268e+02    5.940577e+00    5.940577e+00    -2.831001e-02    1.332947e-02  
  4   1  12   7.681501e+02    7.681501e+02    6.712112e+00    6.712112e+00    -1.466443e-02    1.422039e-02  
  4   1  13   7.711663e+02    7.711663e+02    5.637671e+00    5.637671e+00    2.216828e-02    1.563427e-02  
  4   1  14   7.665989e+02    7.665989e+02    7.471408e+00    7.471408e+00    1.831963e-02    1.544588e-02  
  4   1  15   7.781339e+02    7.781339e+02    1.591016e+01    1.591016e+01    -1.388510e-02    1.932428e-02  
  4   1  16   7.968106e+02    7.968106e+02    6.187640e+00    6.187640e+00    -6.928223e-02    1.297234e-02  
  4   1  17   7.935556e+02    7.935556e+02    6.944508e+00    6.944508e+00    5.381650e-03    1.692088e-02  
  4   1  18   8.230534e+02    8.230534e+02    1.147804e+01    1.147804e+01    1.221184e-02    1.506845e-02  
  4   1  19   8.660868e+02    8.660868e+02    1.583703e+01    1.583703e+01    -1.407192e-01    2.251865e-02  
  4   1  20   8.550077e+02    8.550077e+02    1.592360e+01    1.592360e+01    1.429803e-01    2.453435e-02  
  4   1  21   8.481652e+02    8.481652e+02    2.367434e+01    2.367434e+01    -1.052546e-01    2.218806e-02  
  4   1  22   8.373904e+02    8.373904e+02    1.518926e+01    1.518926e+01    8.713502e-02    1.800505e-02  
  4   1  23   8.068497e+02    8.068497e+02    1.192184e+01    1.192184e+01    4.654991e-02    2.219618e-02  
  4   2   1   2.051439e+03    2.051439e+03    2.127469e+01    2.127469e+01    -2.018587e-18    3.882574e-03  
  4   2   2   2.022164e+03    2.022164e+03    7.844002e+01    7.844002e+01    -3.675418e-03    4.808663e-03  
  4   2   3   2.024061e+03    2.024061e+03    2.779038e+02    2.779038e+02    1.179724e-02    5.025154e-03  
  4   2   4   2.116735e+03    2.116735e+03    1.372300e+01    1.372300e+01    1.355783e-02    4.359263e-03  
  4   2   5   9.358448e+02    9.358448e+02    1.414214e+00    1.414214e+00    4.896755e-03    8.247332e-03  
  4   2   6   2.072023e+03    2.072023e+03    2.656363e+01    2.656363e+01    1.252893e-02    1.026514e-02  
  4   2   7   2.035509e+03    2.035509e+03    2.221190e+01    2.221190e+01    -4.842105e-03    6.533467e-03  
  4   2   8   1.977018e+03    1.977018e+03    3.551404e+01    3.551404e+01    -1.628722e-02    7.457073e-03  
  4   2   9   9.771738e+02    9.771738e+02    NaN    NaN    -1.130919e-02    9.934660e-03  
  4   2  10   1.843115e+03    1.843115e+03    4.093731e+02    4.093731e+02    1.926773e-02    1.016795e-02  
  4   2  11   2.260889e+03    2.260889e+03    1.925421e+03    1.925421e+03    -3.564738e-02    1.784128e-02  
  4   2  12   2.008167e+03    2.008167e+03    1.003309e+01    1.003309e+01    4.484108e-02    1.222324e-02  
  4   2  13   2.034091e+03    2.034091e+03    5.403247e+01    5.403247e+01    1.163964e-02    9.900821e-03  
  4   2  14   3.413843e+03    3.413843e+03    4.105096e+03    4.105096e+03    -9.270833e-03    1.480616e-02  
  4   2  15   1.147094e+03    1.147094e+03    1.874535e+02    1.874535e+02    -2.398010e-02    2.020688e-02  
  4   2  16   1.202311e+03    1.202311e+03    1.585794e+07    1.585794e+07    -9.325843e-03    1.139406e-02  
  4   2  17   1.937612e+03    1.937612e+03    3.618214e+01    3.618214e+01    2.523517e-02    1.201973e-02  
  4   2  18   1.861353e+03    1.861353e+03    2.596098e+01    2.596098e+01    -4.347826e-02    1.508060e-02  
  4   2  19   1.947204e+03    1.947204e+03    3.575353e+01    3.575353e+01    2.017391e-02    1.255494e-02  
  4   2  20   1.955771e+03    1.955771e+03    7.903766e+01    7.903766e+01    -3.605839e-02    1.614234e-02  
  4   2  21   1.931389e+03    1.931389e+03    6.663533e+01    6.663533e+01    6.875000e-03    1.284819e-02  
  4   2  22   1.881949e+03    1.881949e+03    2.385045e+01    2.385045e+01    3.903743e-02    1.938874e-02  
  4   2  23   1.845368e+03    1.845368e+03    3.266855e+01    3.266855e+01    -2.024867e-03    1.239518e-02  
  4   2  24   1.878333e+03    1.878333e+03    2.769886e+01    2.769886e+01    -1.182796e-02    1.502671e-02  
  4   2  25   1.842976e+03    1.842976e+03    1.309404e+01    1.309404e+01    -3.301724e-02    1.096273e-02  
  4   2  26   1.884334e+03    1.884334e+03    1.471828e+01    1.471828e+01    -1.989882e-03    1.207362e-02  
  4   2  27   1.896644e+03    1.896644e+03    3.182428e+01    3.182428e+01    -4.117264e-02    1.029729e-02  
  4   2  28   1.882575e+03    1.882575e+03    1.112195e+02    1.112195e+02    -1.338983e-02    1.514838e-02  
  4   2  29   1.880777e+03    1.880777e+03    1.667750e+01    1.667750e+01    -8.658537e-03    1.167424e-02  
  4   2  30   2.000792e+03    2.000792e+03    9.083542e+01    9.083542e+01    -1.131579e-02    2.538835e-02  
  4   2  31   1.918371e+03    1.918371e+03    1.210549e+02    1.210549e+02    3.162791e-02    1.289860e-02  
  4   2  32   1.596295e+03    1.596295e+03    5.343290e+02    5.343290e+02    -3.510204e-02    2.081195e-02  
  4   2  33   1.902099e+03    1.902099e+03    2.006540e+01    2.006540e+01    -3.456091e-03    2.581740e-02  
  4   2  34   1.887500e+03    1.887500e+03    4.506482e+03    4.506482e+03    -2.000000e-02    1.530319e-02  
  4   2  35   1.973277e+03    1.973277e+03    3.212218e+01    3.212218e+01    -1.508475e-02    1.230395e-02  
  4   2  36   1.925564e+03    1.925564e+03    1.961661e+01    1.961661e+01    2.421053e-02    1.493878e-02  
  4   2  37   1.916059e+03    1.916059e+03    2.315370e+01    2.315370e+01    6.084425e-03    1.112505e-02  
  4   2  38   2.069045e+03    2.069045e+03    1.520790e+02    1.520790e+02    2.583333e-02    1.259384e-02  
  4   2  39   1.885573e+03    1.885573e+03    9.153595e+01    9.153595e+01    1.374302e-02    1.560165e-02  
  4   2  40   1.896370e+03    1.896370e+03    3.213131e+01    3.213131e+01    5.870968e-02    1.451917e-02  
  4   2  41   2.050191e+03    2.050191e+03    3.387222e+02    3.387222e+02    2.458554e-02    1.119635e-02  
  4   2  42   1.853125e+03    1.853125e+03    1.548525e+01    1.548525e+01    3.656821e-04    1.480289e-02  
  4   2  43   1.935421e+03    1.935421e+03    5.158697e+01    5.158697e+01    -4.408247e-02    2.031912e-02  
  4   2  44   2.240976e+03    2.240976e+03    9.249070e+01    9.249070e+01    -1.534763e-01    1.734024e-02  
  4   2  45   1.821213e+03    1.821213e+03    3.217162e+02    3.217162e+02    -3.590062e-02    1.911392e-02  
  4   2  46   2.093123e+03    2.093123e+03    7.335698e+02    7.335698e+02    1.005498e-01    1.328925e-02  
  4   2  47   1.923893e+03    1.923893e+03    1.755138e+01    1.755138e+01    4.198630e-02    2.188715e-02  
  4   2  48   1.975568e+03    1.975568e+03    5.647986e+01    5.647986e+01    -8.022599e-03    1.341722e-02  
  4   2  49   1.678768e+03    1.678768e+03    4.124107e+01    4.124107e+01    5.879570e-02    2.175940e-02  
  4   2  50   1.904395e+03    1.904395e+03    2.323618e+01    2.323618e+01    -3.921708e-02    1.841088e-02  
  4   2  51   1.948929e+03    1.948929e+03    9.819772e+01    9.819772e+01    2.079208e-02    1.086999e-02  
  4   2  52   1.972810e+03    1.972810e+03    7.488649e+01    7.488649e+01    5.512573e-02    1.205276e-02  
  4   2  53   -1.419206e+03    -1.419206e+03    7.128198e+02    7.128198e+02    -3.707042e-02    1.375726e-02  
  4   2  54   1.996941e+03    1.996941e+03    1.172838e+02    1.172838e+02    -6.436620e-02    1.835330e-02  
  4   2  55   2.080492e+03    2.080492e+03    1.871426e+02    1.871426e+02    -4.972632e-02    1.574386e-02  
  4   2  56   1.885956e+03    1.885956e+03    1.964727e+01    1.964727e+01    -7.153318e-02    1.409397e-02  
  4   2  57   1.604311e+03    1.604311e+03    7.162484e+02    7.162484e+02    1.717540e-02    2.406416e-02  
  4   2  58   2.072553e+03    2.072553e+03    8.512345e+01    8.512345e+01    -8.553259e-03    1.634897e-02  
  4   2  59   2.154640e+03    2.154640e+03    2.607773e+02    2.607773e+02    1.197452e-02    1.417368e-02  
  4   2  60   2.137500e+03    2.137500e+03    1.423882e+01    1.423882e+01    -3.296950e-02    1.623755e-02  
  4   2  61   2.017889e+03    2.017889e+03    3.019272e+01    3.019272e+01    -7.600000e-02    1.577272e-02  
  4   2  62   2.008855e+03    2.008855e+03    6.887872e+01    6.887872e+01    -4.328358e-02    2.154389e-02  
  4   3   1   7.701314e+02    7.701314e+02    4.804508e+00    4.804508e+00    -5.761261e-02    2.246702e-02  
  4   3   2   8.625373e+02    8.625373e+02    6.388493e+00    6.388493e+00    2.132976e-02    1.971315e-02  
  4   3   3   8.379238e+02    8.379238e+02    7.112737e+01    7.112737e+01    5.791842e-02    2.287649e-02  
  4   3   4   7.771177e+02    7.771177e+02    4.912280e+00    4.912280e+00    2.293333e-02    2.623568e-02  
  4   3   5   7.917850e+02    7.917850e+02    6.166053e+00    6.166053e+00    4.747475e-02    2.525752e-02  
  5   1   1   8.558650e+02    8.558650e+02    6.484024e+00    6.484024e+00    1.815154e-03    4.010513e-03  
  5   1   2   8.534829e+02    8.534829e+02    7.163242e+00    7.163242e+00    -1.555977e-03    5.606092e-03  
  5   1   3   8.367839e+02    8.367839e+02    8.195836e+00    8.195836e+00    -4.247423e-03    7.126437e-03  
  5   1   4   8.328008e+02    8.328008e+02    7.607936e+00    7.607936e+00    -2.840909e-02    7.539960e-03  
  5   1   5   8.204545e+02    8.204545e+02    1.586812e+01    1.586812e+01    -5.041975e-02    1.128042e-02  
  5   1   6   7.982947e+02    7.982947e+02    5.995955e+00    5.995955e+00    2.798319e-02    7.440814e-03  
  5   1   7   7.896093e+02    7.896093e+02    8.406109e+00    8.406109e+00    6.121547e-03    1.935588e-02  
  5   1   8   7.748705e+02    7.748705e+02    5.910256e+00    5.910256e+00    4.994731e-03    1.454471e-02  
  5   1   9   3.939136e+02    3.939136e+02    1.414214e+00    1.414214e+00    -8.742217e-03    2.020762e-02  
  5   1  10   7.741274e+02    7.741274e+02    1.099939e+01    1.099939e+01    5.832947e-02    1.329840e-02  
  5   1  11   7.619573e+02    7.619573e+02    5.826961e+00    5.826961e+00    -6.948989e-03    1.612021e-02  
  5   1  12   7.602251e+02    7.602251e+02    1.101606e+01    1.101606e+01    2.320000e-02    1.614499e-02  
  5   1  13   4.182401e+02    4.182401e+02    1.414214e+00    1.414214e+00    -4.072409e-02    1.730678e-02  
  5   1  14   7.721037e+02    7.721037e+02    4.634525e+00    4.634525e+00    4.174280e-03    1.834200e-02  
  5   1  15   7.984140e+02    7.984140e+02    1.081972e+01    1.081972e+01    -1.096901e-01    2.468090e-02  
  5   1  16   7.113242e+02    7.113242e+02    1.833302e+01    1.833302e+01    1.236641e-02    1.772205e-02  
  5   1  17   7.832173e+02    7.832173e+02    9.476407e+01    9.476407e+01    -2.203222e-02    2.482318e-02  
  5   1  18   8.237687e+02    8.237687e+02    1.202185e+01    1.202185e+01    -1.041989e-01    1.571698e-02  
  5   1  19   7.585424e+02    7.585424e+02    1.565498e+01    1.565498e+01    -3.099671e-02    1.959358e-02  
  5   1  20   8.509493e+02    8.509493e+02    1.491085e+01    1.491085e+01    -9.762478e-02    3.002309e-02  
  5   1  21   8.199103e+02    8.199103e+02    8.671665e+00    8.671665e+00    -4.704728e-02    1.729004e-02  
  5   1  22   7.904480e+02    7.904480e+02    1.882089e+01    1.882089e+01    7.538829e-02    2.072546e-02  
  5   1  23   7.721679e+02    7.721679e+02    8.419672e+00    8.419672e+00    2.165554e-02    1.858311e-02  
  5   2   1   4.816661e+02    4.816661e+02    1.150598e+04    1.150598e+04    -1.675393e-03    3.631666e-03  
  5   2   2   2.084610e+03    2.084610e+03    1.132830e+01    1.132830e+01    1.494253e-03    1.271920e-02  
  5   2   3   1.505555e+03    1.505555e+03    7.182931e+03    7.182931e+03    -6.899563e-03    7.951794e-03  
  5   2   4   1.339407e+03    1.339407e+03    2.763371e+02    2.763371e+02    -2.043636e-02    1.153026e-02  
  5   2   5   2.076260e+03    2.076260e+03    2.883237e+01    2.883237e+01    -1.867495e-02    6.705402e-03  
  5   2   6   1.607241e+03    1.607241e+03    1.683557e+04    1.683557e+04    -1.749049e-03    9.424399e-03  
  5   2   7   2.178652e+03    2.178652e+03    1.149528e+02    1.149528e+02    -1.828746e-02    1.187536e-02  
  5   2   8   2.488285e+03    2.488285e+03    2.327166e+02    2.327166e+02    1.019608e-02    1.207296e-02  
  5   2   9   2.033204e+03    2.033204e+03    3.153179e+01    3.153179e+01    -8.454545e-03    8.113015e-03  
  5   2  10   2.083656e+03    2.083656e+03    1.278918e+03    1.278918e+03    -8.996764e-03    1.078737e-02  
  5   2  11   1.082899e+03    1.082899e+03    NaN    NaN    -1.770270e-02    1.462586e-02  
  5   2  12   1.980557e+03    1.980557e+03    2.110392e+02    2.110392e+02    1.218130e-02    2.004340e-02  
  5   2  13   1.981026e+03    1.981026e+03    3.250147e+01    3.250147e+01    -3.455301e-02    1.149881e-02  
  5   2  14   1.623068e+03    1.623068e+03    6.040443e+03    6.040443e+03    4.569892e-02    1.405577e-02  
  5   2  15   1.381429e+03    1.381429e+03    8.946279e+03    8.946279e+03    1.027027e-02    1.645048e-02  
  5   2  16   2.022891e+03    2.022891e+03    6.696227e+01    6.696227e+01    -4.270270e-02    1.735610e-02  
  5   2  17   1.890887e+03    1.890887e+03    1.940865e+02    1.940865e+02    -3.932367e-02    1.332763e-02  
  5   2  18   2.180390e+03    2.180390e+03    6.713140e+02    6.713140e+02    2.727273e-02    1.475146e-02  
  5   2  19   1.980318e+03    1.980318e+03    2.022136e+02    2.022136e+02    6.459627e-03    1.777826e-02  
  5   2  20   1.343855e+03    1.343855e+03    1.271055e+08    1.271055e+08    -3.008310e-02    1.563126e-02  
  5   2  21   2.100539e+03    2.100539e+03    1.455638e+03    1.455638e+03    2.000000e-02    1.298853e-02  
  5   2  22   1.914512e+03    1.914512e+03    1.843787e+01    1.843787e+01    1.705179e-02    1.406053e-02  
  5   2  23   2.062500e+03    2.062500e+03    1.616799e+02    1.616799e+02    -1.328395e-02    2.260791e-02  
  5   2  24   1.845820e+03    1.845820e+03    2.641093e+01    2.641093e+01    5.259392e-03    1.274473e-02  
  5   2  25   1.929598e+03    1.929598e+03    5.406117e+02    5.406117e+02    -2.635071e-02    1.594106e-02  
  5   2  26   1.923903e+03    1.923903e+03    2.997735e+01    2.997735e+01    -4.199623e-02    1.338690e-02  
  5   2  27   1.871590e+03    1.871590e+03    2.297185e+01    2.297185e+01    2.241563e-02    1.625343e-02  
  5   2  28   1.873083e+03    1.873083e+03    4.718140e+02    4.718140e+02    -1.555556e-02    1.958179e-02  
  5   2  29   1.902519e+03    1.902519e+03    4.238520e+01    4.238520e+01    -2.008565e-02    1.723015e-02  
  5   2  30   1.915215e+03    1.915215e+03    2.665113e+01    2.665113e+01    -2.876800e-02    1.404930e-02  
  5   2  31   1.892518e+03    1.892518e+03    2.222043e+01    2.222043e+01    -2.809773e-02    1.486892e-02  
  5   2  32   1.959654e+03    1.959654e+03    2.126650e+01    2.126650e+01    2.643449e-02    1.372128e-02  
  5   2  33   1.945920e+03    1.945920e+03    2.442024e+01    2.442024e+01    -4.117647e-03    1.688149e-02  
  5   2  34   1.835188e+03    1.835188e+03    1.027514e+02    1.027514e+02    2.154786e-02    2.014336e-02  
  5   2  35   1.435144e+03    1.435144e+03    6.776733e+02    6.776733e+02    2.517241e-02    1.463815e-02  
  5   2  36   1.932963e+03    1.932963e+03    1.540972e+02    1.540972e+02    4.777328e-03    1.569693e-02  
  5   2  37   1.948251e+03    1.948251e+03    3.539566e+01    3.539566e+01    5.406919e-02    1.421986e-02  
  5   2  38   1.987465e+03    1.987465e+03    3.706006e+01    3.706006e+01    -1.454082e-02    1.053060e-02  
  5   2  39   1.922938e+03    1.922938e+03    1.908774e+01    1.908774e+01    -4.179104e-04    1.497153e-02  
  5   2  40   1.969174e+03    1.969174e+03    3.220576e+01    3.220576e+01    2.607519e-02    1.881814e-02  
  5   2  41   2.120798e+03    2.120798e+03    6.886657e+01    6.886657e+01    1.506024e-02    1.575944e-02  
  5   2  42   2.008658e+03    2.008658e+03    7.019249e+01    7.019249e+01    1.176471e-04    1.694091e-02  
  5   2  43   1.962460e+03    1.962460e+03    4.670831e+01    4.670831e+01    4.923328e-02    1.388877e-02  
  5   2  44   2.123283e+03    2.123283e+03    1.496611e+03    1.496611e+03    -1.285714e-02    9.048787e-03  
  5   2  45   1.924531e+03    1.924531e+03    6.420395e+01    6.420395e+01    2.830565e-02    2.135215e-02  
  5   2  46   1.037697e+03    1.037697e+03    2.834367e+02    2.834367e+02    6.167247e-02    1.507606e-02  
  5   2  47   2.107143e+03    2.107143e+03    8.402798e+01    8.402798e+01    -1.963446e-02    1.881776e-02  
  5   2  48   1.957302e+03    1.957302e+03    1.341782e+02    1.341782e+02    6.665448e-02    1.655417e-02  
  5   2  49   2.975638e+03    2.975638e+03    1.414214e+00    1.414214e+00    4.100917e-02    2.142405e-02  
  5   2  50   1.874961e+03    1.874961e+03    2.852247e+01    2.852247e+01    7.957611e-02    2.028301e-02  
  5   2  51   2.033048e+03    2.033048e+03    2.095636e+02    2.095636e+02    8.158215e-02    1.596589e-02  
  5   2  52   2.358924e+03    2.358924e+03    2.865769e+02    2.865769e+02    2.048544e-02    1.280039e-02  
  5   2  53   2.029433e+03    2.029433e+03    4.395099e+01    4.395099e+01    -2.734021e-02    1.379379e-02  
  5   2  54   2.052245e+03    2.052245e+03    4.775558e+01    4.775558e+01    2.571861e-03    2.133225e-02  
  5   2  55   2.017937e+03    2.017937e+03    1.125061e+01    1.125061e+01    2.907631e-02    2.367976e-02  
  5   2  56   2.029070e+03    2.029070e+03    1.234241e+01    1.234241e+01    -5.787234e-02    1.519664e-02  
  5   2  57   2.001397e+03    2.001397e+03    4.193576e+01    4.193576e+01    2.046901e-02    1.431534e-02  
  5   2  58   2.069731e+03    2.069731e+03    2.046576e+02    2.046576e+02    3.760000e-03    1.699352e-02  
  5   2  59   2.033815e+03    2.033815e+03    3.214671e+01    3.214671e+01    3.492228e-02    1.986703e-02  
  5   2  60   2.115499e+03    2.115499e+03    5.388863e+01    5.388863e+01    -3.283859e-02    2.135775e-02  
  5   2  61   2.089233e+03    2.089233e+03    4.263241e+01    4.263241e+01    -8.811189e-03    2.550243e-02  
  5   2  62   2.156558e+03    2.156558e+03    1.441938e+02    1.441938e+02    5.611511e-03    1.641550e-02  
  5   3   1   7.616128e+02    7.616128e+02    4.434550e+00    4.434550e+00    -2.112965e-02    2.048791e-02  
  5   3   2   7.673886e+02    7.673886e+02    4.347010e+00    4.347010e+00    -6.280992e-03    1.623461e-02  
  5   3   3   7.605875e+02    7.605875e+02    3.372544e+00    3.372544e+00    -1.288476e-02    2.233102e-02  
  5   3   4   7.796149e+02    7.796149e+02    5.683275e+00    5.683275e+00    5.453142e-02    2.087340e-02  
  5   3   5   8.058565e+02    8.058565e+02    5.013304e+00    5.013304e+00    -1.059133e-02    2.712753e-02  
  6   1   1   8.425680e+02    8.425680e+02    1.671648e+01    1.671648e+01    6.553191e-03    6.873023e-03  
  6   1   2   8.417632e+02    8.417632e+02    8.772173e+00    8.772173e+00    1.567944e-02    4.894801e-03  
  6   1   3   8.266270e+02    8.266270e+02    4.316129e+02    4.316129e+02    9.173989e-03    7.004874e-03  
  6   1   4   8.454865e+02    8.454865e+02    7.489253e+00    7.489253e+00    -8.380952e-04    7.788774e-03  
  6   1   5   8.291713e+02    8.291713e+02    8.013653e+00    8.013653e+00    -6.590038e-03    7.812148e-03  
  6   1   6   3.784627e+02    3.784627e+02    5.871453e+03    5.871453e+03    8.525122e-03    1.040933e-02  
  6   1   7   7.994211e+02    7.994211e+02    9.598433e+00    9.598433e+00    1.293128e-02    1.717141e-02  
  6   1   8   7.840537e+02    7.840537e+02    7.968573e+00    7.968573e+00    8.115607e-03    1.216367e-02  
  6   1   9   7.832107e+02    7.832107e+02    6.676785e+00    6.676785e+00    1.610516e-02    1.173453e-02  
  6   1  10   7.584415e+02    7.584415e+02    2.268412e+01    2.268412e+01    -1.877395e-02    1.827782e-02  
  6   1  11   7.475242e+02    7.475242e+02    8.036558e+00    8.036558e+00    -9.082673e-03    2.309766e-02  
  6   1  12   6.257929e+02    6.257929e+02    1.594069e+02    1.594069e+02    1.434174e-02    2.135157e-02  
  6   1  13   7.736816e+02    7.736816e+02    4.600150e+00    4.600150e+00    1.892617e-02    2.012874e-02  
  6   1  14   7.770305e+02    7.770305e+02    1.459193e+01    1.459193e+01    -6.679860e-02    2.267148e-02  
  6   1  15   9.290996e+02    9.290996e+02    8.855435e+00    8.855435e+00    1.729730e-02    2.140449e-02  
  6   1  16   7.878561e+02    7.878561e+02    9.651546e+00    9.651546e+00    2.630952e-02    2.195294e-02  
  6   1  17   7.526714e+02    7.526714e+02    1.833962e+01    1.833962e+01    -3.539281e-02    2.064934e-02  
  6   1  18   7.487724e+02    7.487724e+02    2.753542e+01    2.753542e+01    -5.645495e-02    2.770952e-02  
  6   1  19   7.733094e+02    7.733094e+02    2.181396e+01    2.181396e+01    -1.117585e-01    2.063830e-02  
  6   1  20   8.199234e+02    8.199234e+02    1.602064e+01    1.602064e+01    -7.160410e-02    1.775502e-02  
  6   1  21   8.871436e+02    8.871436e+02    1.188108e+01    1.188108e+01    3.130513e-02    2.259914e-02  
  6   1  22   8.079902e+02    8.079902e+02    1.447126e+01    1.447126e+01    -6.925247e-02    2.810156e-02  
  6   1  23   7.935353e+02    7.935353e+02    2.356280e+00    2.356280e+00    3.749533e-02    3.360345e-02  
  6   2   1   2.081575e+03    2.081575e+03    3.942602e+01    3.942602e+01    1.018587e-02    6.993286e-03  
  6   2   2   2.045339e+03    2.045339e+03    2.587234e+01    2.587234e+01    4.364508e-03    4.629839e-03  
  6   2   3   1.997628e+03    1.997628e+03    2.670313e+01    2.670313e+01    -3.733826e-03    6.682885e-03  
  6   2   4   2.020731e+03    2.020731e+03    2.174257e+01    2.174257e+01    -6.818182e-04    6.349121e-03  
  6   2   5   1.362324e+03    1.362324e+03    6.834045e+02    6.834045e+02    -1.419355e-02    1.003547e-02  
  6   2   6   1.832457e+03    1.832457e+03    1.108167e+02    1.108167e+02    -3.194915e-02    7.992198e-03  
  6   2   7   1.962941e+03    1.962941e+03    3.701374e+01    3.701374e+01    -2.439024e-03    7.368850e-03  
  6   2   8   2.023963e+03    2.023963e+03    2.578737e+01    2.578737e+01    2.846442e-03    8.928659e-03  
  6   2   9   2.106471e+03    2.106471e+03    3.329177e+01    3.329177e+01    5.509761e-03    8.280250e-03  
  6   2  10   1.367237e+03    1.367237e+03    2.328347e+04    2.328347e+04    1.157895e-02    1.127728e-02  
  6   2  11   1.564711e+03    1.564711e+03    9.484961e+03    9.484961e+03    -2.834646e-03    1.115373e-02  
  6   2  12   1.542184e+03    1.542184e+03    4.118291e+03    4.118291e+03    9.682540e-03    1.333830e-02  
  6   2  13   3.200529e+03    3.200529e+03    NaN    NaN    1.309353e-02    1.167319e-02  
  6   2  14   4.212500e+03    4.212500e+03    4.374264e+02    4.374264e+02    2.070922e-02    1.472251e-02  
  6   2  15   1.910155e+03    1.910155e+03    3.654472e+01    3.654472e+01    -1.798561e-02    1.709657e-02  
  6   2  16   1.939646e+03    1.939646e+03    1.165454e+02    1.165454e+02    -5.085106e-02    1.481617e-02  
  6   2  17   1.889554e+03    1.889554e+03    3.052617e+01    3.052617e+01    2.222664e-02    1.249018e-02  
  6   2  18   2.179584e+03    2.179584e+03    1.719523e+01    1.719523e+01    1.119497e-02    1.713500e-02  
  6   2  19   1.934382e+03    1.934382e+03    3.144905e+01    3.144905e+01    -2.436681e-02    1.276046e-02  
  6   2  20   1.917818e+03    1.917818e+03    6.614669e+01    6.614669e+01    1.680000e-02    1.062826e-02  
  6   2  21   1.924538e+03    1.924538e+03    2.510472e+02    2.510472e+02    -3.176471e-03    1.390065e-02  
  6   2  22   2.010682e+03    2.010682e+03    1.265548e+01    1.265548e+01    1.892857e-02    1.343142e-02  
  6   2  23   2.671399e+03    2.671399e+03    1.146001e+03    1.146001e+03    1.805471e-02    2.095898e-02  
  6   2  24   1.905690e+03    1.905690e+03    9.173190e+02    9.173190e+02    3.152455e-03    1.373484e-02  
  6   2  25   1.795690e+03    1.795690e+03    2.286436e+01    2.286436e+01    -2.781784e-02    1.590967e-02  
  6   2  26   1.870147e+03    1.870147e+03    1.945459e+01    1.945459e+01    -1.047244e-02    1.946608e-02  
  6   2  27   1.428639e+03    1.428639e+03    3.720677e+03    3.720677e+03    -3.471883e-03    1.355418e-02  
  6   2  28   1.895400e+03    1.895400e+03    2.029953e+01    2.029953e+01    -1.723608e-02    1.344003e-02  
  6   2  29   1.910912e+03    1.910912e+03    1.682969e+01    1.682969e+01    2.032415e-02    1.410465e-02  
  6   2  30   1.888392e+03    1.888392e+03    2.066490e+01    2.066490e+01    -2.638370e-02    1.603520e-02  
  6   2  31   1.865589e+03    1.865589e+03    2.691183e+01    2.691183e+01    1.353982e-02    1.832817e-02  
  6   2  32   1.882204e+03    1.882204e+03    2.551012e+01    2.551012e+01    3.194030e-02    1.650241e-02  
  6   2  33   2.052389e+03    2.052389e+03    1.447230e+03    1.447230e+03    3.601990e-02    2.229444e-02  
  6   2  34   1.937907e+03    1.937907e+03    2.199289e+01    2.199289e+01    4.426494e-03    1.415061e-02  
  6   2  35   1.940660e+03    1.940660e+03    2.464722e+01    2.464722e+01    1.503226e-02    1.533346e-02  
  6   2  36   1.927796e+03    1.927796e+03    3.661496e+01    3.661496e+01    2.130933e-02    2.043363e-02  
  6   2  37   2.061005e+03    2.061005e+03    3.692723e+01    3.692723e+01    -3.430464e-02    3.123141e-02  
  6   2  38   1.982342e+03    1.982342e+03    7.315812e+01    7.315812e+01    -5.668790e-03    1.726711e-02  
  6   2  39   1.908977e+03    1.908977e+03    2.212012e+01    2.212012e+01    -6.182648e-02    1.676575e-02  
  6   2  40   1.902068e+03    1.902068e+03    1.282685e+01    1.282685e+01    -3.258537e-02    2.362634e-02  
  6   2  41   2.012930e+03    2.012930e+03    7.979079e+01    7.979079e+01    2.829457e-02    1.992962e-02  
  6   2  42   1.918251e+03    1.918251e+03    3.062215e+01    3.062215e+01    3.212121e-02    1.838639e-02  
  6   2  43   2.017368e+03    2.017368e+03    3.527698e+01    3.527698e+01    2.119816e-03    1.185780e-02  
  6   2  44   2.016513e+03    2.016513e+03    4.081742e+01    4.081742e+01    -6.350148e-03    1.419640e-02  
  6   2  45   1.975344e+03    1.975344e+03    4.539406e+01    4.539406e+01    5.236486e-02    1.624030e-02  
  6   2  46   1.982043e+03    1.982043e+03    2.667137e+01    2.667137e+01    7.396352e-03    1.413429e-02  
  6   2  47   2.026349e+03    2.026349e+03    5.141023e+01    5.141023e+01    -1.240589e-02    1.614111e-02  
  6   2  48   1.871381e+03    1.871381e+03    4.316265e+03    4.316265e+03    7.737828e-02    1.558177e-02  
  6   2  49   1.907848e+03    1.907848e+03    3.877383e+01    3.877383e+01    -4.126227e-02    1.761404e-02  
  6   2  50   2.236605e+03    2.236605e+03    1.446513e+02    1.446513e+02    -2.154639e-02    1.561679e-02  
  6   2  51   1.995342e+03    1.995342e+03    1.846421e+10    1.846421e+10    1.854545e-02    1.768629e-02  
  6   2  52   2.460303e+03    2.460303e+03    6.428423e+02    6.428423e+02    1.208479e-01    1.369316e-02  
  6   2  53   2.568099e+03    2.568099e+03    3.982732e+02    3.982732e+02    3.589041e-02    2.007876e-02  
  6   2  54   2.462500e+03    2.462500e+03    4.475655e+03    4.475655e+03    -4.528736e-02    2.214597e-02  
  6   2  55   2.061893e+03    2.061893e+03    7.495508e+01    7.495508e+01    3.820106e-02    1.479321e-02  
  6   2  56   1.924340e+03    1.924340e+03    5.913726e+01    5.913726e+01    -2.467836e-02    2.242318e-02  
  6   2  57   1.988227e+03    1.988227e+03    4.504991e+01    4.504991e+01    1.746924e-02    1.423205e-02  
  6   2  58   2.006279e+03    2.006279e+03    7.996757e+01    7.996757e+01    -4.042065e-02    1.896559e-02  
  6   2  59   2.085775e+03    2.085775e+03    2.978260e+01    2.978260e+01    7.079304e-03    1.338383e-02  
  6   2  60   2.050624e+03    2.050624e+03    2.888879e+01    2.888879e+01    3.517241e-03    2.020109e-02  
  6   2  61   2.004715e+03    2.004715e+03    2.591055e+01    2.591055e+01    9.200710e-03    1.737324e-02  
  6   2  62   1.942075e+03    1.942075e+03    4.088045e+01    4.088045e+01    -1.517730e-02    1.697823e-02  
  6   3   1   7.691253e+02    7.691253e+02    4.721567e+00    4.721567e+00    -2.029005e-02    2.111336e-02  
  6   3   2   7.666909e+02    7.666909e+02    3.715065e+00    3.715065e+00    -1.074442e-02    1.333546e-02  
  6   3   3   8.740988e+02    8.740988e+02    9.361209e+00    9.361209e+00    5.742905e-03    1.888667e-02  
  6   3   4   7.887435e+02    7.887435e+02    5.719470e+00    5.719470e+00    8.967419e-02    2.550927e-02  
  6   3   5   7.805905e+02    7.805905e+02    6.850277e+00    6.850277e+00    2.510989e-02    7.550648e-03  
