  1   1   1   -1.359490e+00    0.000000e+00  
  1   1   2   1.619945e+00    0.000000e+00  
  1   1   3   2.084952e+00    0.000000e+00  
  1   1   4   -1.014431e-01    0.000000e+00  
  1   1   5   1.614981e+00    0.000000e+00  
  1   1   6   5.902695e+00    0.000000e+00  
  1   1   7   -4.768197e-01    0.000000e+00  
  1   1   8   -4.049339e-01    0.000000e+00  
  1   1   9   -3.003505e+00    0.000000e+00  
  1   1  10   1.545693e+00    0.000000e+00  
  1   1  11   8.607990e+00    0.000000e+00  
  1   1  12   -2.303567e+00    0.000000e+00  
  1   1  13   -1.560629e+00    0.000000e+00  
  1   1  14   -3.497766e-01    0.000000e+00  
  1   1  15   -3.770619e-01    0.000000e+00  
  1   1  16   -5.636008e-01    0.000000e+00  
  1   1  17   -1.733311e+00    0.000000e+00  
  1   1  18   4.485258e-01    0.000000e+00  
  1   1  19   -4.607275e-01    0.000000e+00  
  1   1  20   -4.983501e-01    0.000000e+00  
  1   1  21   5.576707e-02    0.000000e+00  
  1   1  22   -2.882960e+00    0.000000e+00  
  1   1  23   2.128957e+00    0.000000e+00  
  1   2   1   7.197030e-01    0.000000e+00  
  1   2   2   7.399268e-01    0.000000e+00  
  1   2   3   -4.402018e+00    0.000000e+00  
  1   2   4   1.555844e+00    0.000000e+00  
  1   2   5   -4.946328e+00    0.000000e+00  
  1   2   6   9.310817e-01    0.000000e+00  
  1   2   7   2.901222e+00    0.000000e+00  
  1   2   8   -1.602818e+00    0.000000e+00  
  1   2   9   8.752882e-01    0.000000e+00  
  1   2  10   -3.904376e-01    0.000000e+00  
  1   2  11   -1.378094e+00    0.000000e+00  
  1   2  12   6.896519e-01    0.000000e+00  
  1   2  13   -3.309943e-01    0.000000e+00  
  1   2  14   -1.275306e+00    0.000000e+00  
  1   2  15   4.124777e+00    0.000000e+00  
  1   2  16   -4.902391e+00    0.000000e+00  
  1   2  17   -2.257725e+00    0.000000e+00  
  1   2  18   5.735312e+00    0.000000e+00  
  1   2  19   2.212810e+00    0.000000e+00  
  1   2  20   -3.446218e+00    0.000000e+00  
  1   2  21   1.362712e+01    0.000000e+00  
  1   2  22   1.436561e+00    0.000000e+00  
  1   2  23   6.351867e-01    0.000000e+00  
  1   2  24   -5.086935e+00    0.000000e+00  
  1   2  25   2.855611e+00    0.000000e+00  
  1   2  26   3.460510e+00    0.000000e+00  
  1   2  27   8.976900e+00    0.000000e+00  
  1   2  28   1.358568e+00    0.000000e+00  
  1   2  29   -4.321369e-01    0.000000e+00  
  1   2  30   -8.602064e-01    0.000000e+00  
  1   2  31   2.446187e-01    0.000000e+00  
  1   2  32   -1.452076e+00    0.000000e+00  
  1   2  33   4.225081e+00    0.000000e+00  
  1   2  34   -2.049220e+00    0.000000e+00  
  1   2  35   1.172199e+00    0.000000e+00  
  1   2  36   1.293066e+00    0.000000e+00  
  1   2  37   -8.684602e-02    0.000000e+00  
  1   2  38   -5.729760e-01    0.000000e+00  
  1   2  39   -2.150450e+00    0.000000e+00  
  1   2  40   -1.046984e+00    0.000000e+00  
  1   2  41   6.333599e+00    0.000000e+00  
  1   2  42   4.414949e+00    0.000000e+00  
  1   2  43   -1.942933e+00    0.000000e+00  
  1   2  44   -2.512777e+00    0.000000e+00  
  1   2  45   -8.153055e-01    0.000000e+00  
  1   2  46   1.969704e+00    0.000000e+00  
  1   2  47   -1.366375e-01    0.000000e+00  
  1   2  48   9.614580e-01    0.000000e+00  
  1   2  49   -3.386777e-01    0.000000e+00  
  1   2  50   4.796419e-01    0.000000e+00  
  1   2  51   7.971923e-01    0.000000e+00  
  1   2  52   -1.138590e+01    0.000000e+00  
  1   2  53   -3.407230e-02    0.000000e+00  
  1   2  54   -1.213635e+00    0.000000e+00  
  1   2  55   3.808880e-01    0.000000e+00  
  1   2  56   -2.540529e+00    0.000000e+00  
  1   2  57   -3.101166e-01    0.000000e+00  
  1   2  58   -6.577144e+00    0.000000e+00  
  1   2  59   -1.866995e+00    0.000000e+00  
  1   2  60   1.380111e+00    0.000000e+00  
  1   2  61   2.081851e+00    0.000000e+00  
  1   2  62   1.353931e+00    0.000000e+00  
  1   3   1   1.423081e+01    0.000000e+00  
  1   3   2   -1.004065e+01    0.000000e+00  
  1   3   3   -9.996775e+00    0.000000e+00  
  1   3   4   -7.086896e+00    0.000000e+00  
  1   3   5   1.158849e+00    0.000000e+00  
  2   1   1   -2.872032e+00    0.000000e+00  
  2   1   2   3.418294e+00    0.000000e+00  
  2   1   3   1.577845e+00    0.000000e+00  
  2   1   4   -2.470214e+00    0.000000e+00  
  2   1   5   0.000000e+00    0.000000e+00  
  2   1   6   -1.742510e+00    0.000000e+00  
  2   1   7   -9.668752e-01    0.000000e+00  
  2   1   8   -3.587384e-01    0.000000e+00  
  2   1   9   -2.987689e+00    0.000000e+00  
  2   1  10   0.000000e+00    0.000000e+00  
  2   1  11   3.320037e-01    0.000000e+00  
  2   1  12   2.016587e+00    0.000000e+00  
  2   1  13   -5.747927e-01    0.000000e+00  
  2   1  14   4.691738e+00    0.000000e+00  
  2   1  15   1.695247e+00    0.000000e+00  
  2   1  16   -9.711204e-01    0.000000e+00  
  2   1  17   -9.515212e+00    0.000000e+00  
  2   1  18   -2.107380e-01    0.000000e+00  
  2   1  19   -3.718635e+00    0.000000e+00  
  2   1  20   1.452857e+00    0.000000e+00  
  2   1  21   0.000000e+00    0.000000e+00  
  2   1  22   -2.181315e+00    0.000000e+00  
  2   1  23   -2.956441e+00    0.000000e+00  
  2   2   1   3.409491e+00    0.000000e+00  
  2   2   2   -6.793388e-01    0.000000e+00  
  2   2   3   4.173893e-01    0.000000e+00  
  2   2   4   1.957325e+00    0.000000e+00  
  2   2   5   1.085519e+01    0.000000e+00  
  2   2   6   -3.035977e+00    0.000000e+00  
  2   2   7   1.026601e+00    0.000000e+00  
  2   2   8   1.318077e-01    0.000000e+00  
  2   2   9   2.229530e+00    0.000000e+00  
  2   2  10   -2.069786e+00    0.000000e+00  
  2   2  11   -2.898768e-01    0.000000e+00  
  2   2  12   -1.322952e+00    0.000000e+00  
  2   2  13   4.739053e+00    0.000000e+00  
  2   2  14   1.208999e+00    0.000000e+00  
  2   2  15   -2.724828e+00    0.000000e+00  
  2   2  16   -2.190913e+00    0.000000e+00  
  2   2  17   2.938475e+00    0.000000e+00  
  2   2  18   8.122758e-01    0.000000e+00  
  2   2  19   -4.821985e-01    0.000000e+00  
  2   2  20   5.050741e+00    0.000000e+00  
  2   2  21   4.524666e+00    0.000000e+00  
  2   2  22   -2.045264e-01    0.000000e+00  
  2   2  23   -3.222933e+00    0.000000e+00  
  2   2  24   7.183680e+00    0.000000e+00  
  2   2  25   -7.124646e-01    0.000000e+00  
  2   2  26   7.700179e+00    0.000000e+00  
  2   2  27   1.064679e+00    0.000000e+00  
  2   2  28   -9.789084e-02    0.000000e+00  
  2   2  29   3.882619e+00    0.000000e+00  
  2   2  30   3.605252e-01    0.000000e+00  
  2   2  31   -4.648623e+00    0.000000e+00  
  2   2  32   3.620861e+00    0.000000e+00  
  2   2  33   3.732805e+00    0.000000e+00  
  2   2  34   3.639208e+00    0.000000e+00  
  2   2  35   5.200977e+00    0.000000e+00  
  2   2  36   -2.045415e-01    0.000000e+00  
  2   2  37   -2.162804e+00    0.000000e+00  
  2   2  38   2.774446e+00    0.000000e+00  
  2   2  39   -5.019406e-02    0.000000e+00  
  2   2  40   1.638424e+00    0.000000e+00  
  2   2  41   5.393945e-01    0.000000e+00  
  2   2  42   7.985866e-02    0.000000e+00  
  2   2  43   1.249802e+00    0.000000e+00  
  2   2  44   1.005934e+00    0.000000e+00  
  2   2  45   1.835160e+00    0.000000e+00  
  2   2  46   -2.581820e-01    0.000000e+00  
  2   2  47   7.049762e+00    0.000000e+00  
  2   2  48   3.018304e+00    0.000000e+00  
  2   2  49   1.105537e+00    0.000000e+00  
  2   2  50   3.664078e+00    0.000000e+00  
  2   2  51   -2.131302e+00    0.000000e+00  
  2   2  52   1.378698e-01    0.000000e+00  
  2   2  53   2.636961e+00    0.000000e+00  
  2   2  54   -1.313875e-01    0.000000e+00  
  2   2  55   7.856195e-01    0.000000e+00  
  2   2  56   3.683357e+00    0.000000e+00  
  2   2  57   7.488263e-01    0.000000e+00  
  2   2  58   1.961378e+00    0.000000e+00  
  2   2  59   5.143628e+00    0.000000e+00  
  2   2  60   -1.759062e-01    0.000000e+00  
  2   2  61   1.028702e+00    0.000000e+00  
  2   2  62   2.677789e+00    0.000000e+00  
  2   3   1   1.519265e+01    0.000000e+00  
  2   3   2   -2.614673e+00    0.000000e+00  
  2   3   3   -4.379750e+00    0.000000e+00  
  2   3   4   0.000000e+00    0.000000e+00  
  2   3   5   9.106440e+00    0.000000e+00  
  3   1   1   0.000000e+00    0.000000e+00  
  3   1   2   0.000000e+00    0.000000e+00  
  3   1   3   0.000000e+00    0.000000e+00  
  3   1   4   0.000000e+00    0.000000e+00  
  3   1   5   0.000000e+00    0.000000e+00  
  3   1   6   0.000000e+00    0.000000e+00  
  3   1   7   0.000000e+00    0.000000e+00  
  3   1   8   0.000000e+00    0.000000e+00  
  3   1   9   0.000000e+00    0.000000e+00  
  3   1  10   0.000000e+00    0.000000e+00  
  3   1  11   0.000000e+00    0.000000e+00  
  3   1  12   0.000000e+00    0.000000e+00  
  3   1  13   0.000000e+00    0.000000e+00  
  3   1  14   0.000000e+00    0.000000e+00  
  3   1  15   0.000000e+00    0.000000e+00  
  3   1  16   0.000000e+00    0.000000e+00  
  3   1  17   -8.394438e+00    0.000000e+00  
  3   1  18   -2.319927e+00    0.000000e+00  
  3   1  19   -5.776445e-01    0.000000e+00  
  3   1  20   1.495917e+00    0.000000e+00  
  3   1  21   -1.835093e+00    0.000000e+00  
  3   1  22   -3.044725e+00    0.000000e+00  
  3   1  23   -6.548441e-01    0.000000e+00  
  3   2   1   0.000000e+00    0.000000e+00  
  3   2   2   0.000000e+00    0.000000e+00  
  3   2   3   0.000000e+00    0.000000e+00  
  3   2   4   0.000000e+00    0.000000e+00  
  3   2   5   0.000000e+00    0.000000e+00  
  3   2   6   0.000000e+00    0.000000e+00  
  3   2   7   0.000000e+00    0.000000e+00  
  3   2   8   0.000000e+00    0.000000e+00  
  3   2   9   0.000000e+00    0.000000e+00  
  3   2  10   0.000000e+00    0.000000e+00  
  3   2  11   0.000000e+00    0.000000e+00  
  3   2  12   0.000000e+00    0.000000e+00  
  3   2  13   0.000000e+00    0.000000e+00  
  3   2  14   0.000000e+00    0.000000e+00  
  3   2  15   0.000000e+00    0.000000e+00  
  3   2  16   0.000000e+00    0.000000e+00  
  3   2  17   -3.002909e+00    0.000000e+00  
  3   2  18   -1.871057e+00    0.000000e+00  
  3   2  19   -2.339421e-02    0.000000e+00  
  3   2  20   -2.138928e+00    0.000000e+00  
  3   2  21   2.821878e+00    0.000000e+00  
  3   2  22   8.275144e-01    0.000000e+00  
  3   2  23   -5.178024e-02    0.000000e+00  
  3   2  24   2.249923e+00    0.000000e+00  
  3   2  25   1.409022e+00    0.000000e+00  
  3   2  26   3.801224e+00    0.000000e+00  
  3   2  27   -6.778374e-01    0.000000e+00  
  3   2  28   5.486097e-01    0.000000e+00  
  3   2  29   1.192977e+00    0.000000e+00  
  3   2  30   0.000000e+00    0.000000e+00  
  3   2  31   5.388420e+00    0.000000e+00  
  3   2  32   0.000000e+00    0.000000e+00  
  3   2  33   0.000000e+00    0.000000e+00  
  3   2  34   0.000000e+00    0.000000e+00  
  3   2  35   0.000000e+00    0.000000e+00  
  3   2  36   0.000000e+00    0.000000e+00  
  3   2  37   0.000000e+00    0.000000e+00  
  3   2  38   0.000000e+00    0.000000e+00  
  3   2  39   0.000000e+00    0.000000e+00  
  3   2  40   0.000000e+00    0.000000e+00  
  3   2  41   0.000000e+00    0.000000e+00  
  3   2  42   0.000000e+00    0.000000e+00  
  3   2  43   0.000000e+00    0.000000e+00  
  3   2  44   0.000000e+00    0.000000e+00  
  3   2  45   0.000000e+00    0.000000e+00  
  3   2  46   0.000000e+00    0.000000e+00  
  3   2  47   0.000000e+00    0.000000e+00  
  3   2  48   0.000000e+00    0.000000e+00  
  3   2  49   -6.990487e+00    0.000000e+00  
  3   2  50   -3.759271e+00    0.000000e+00  
  3   2  51   -4.019739e+00    0.000000e+00  
  3   2  52   9.875033e-02    0.000000e+00  
  3   2  53   1.729390e+00    0.000000e+00  
  3   2  54   -2.483099e+00    0.000000e+00  
  3   2  55   1.162511e+00    0.000000e+00  
  3   2  56   -4.552709e-01    0.000000e+00  
  3   2  57   -6.098656e-01    0.000000e+00  
  3   2  58   -4.154093e+00    0.000000e+00  
  3   2  59   -2.046172e+00    0.000000e+00  
  3   2  60   -2.085392e+00    0.000000e+00  
  3   2  61   1.695057e-01    0.000000e+00  
  3   2  62   -3.516975e-02    0.000000e+00  
  3   3   1   2.714205e+00    0.000000e+00  
  3   3   2   -1.047677e+01    0.000000e+00  
  3   3   3   -5.367250e+00    0.000000e+00  
  3   3   4   -4.508176e+00    0.000000e+00  
  3   3   5   -4.982811e+00    0.000000e+00  
  4   1   1   1.040487e+00    0.000000e+00  
  4   1   2   4.572773e+00    0.000000e+00  
  4   1   3   4.161875e+00    0.000000e+00  
  4   1   4   -1.006376e+00    0.000000e+00  
  4   1   5   -1.941461e+00    0.000000e+00  
  4   1   6   1.482230e+00    0.000000e+00  
  4   1   7   4.651708e+00    0.000000e+00  
  4   1   8   -9.539126e-01    0.000000e+00  
  4   1   9   -1.094368e+00    0.000000e+00  
  4   1  10   9.432607e-01    0.000000e+00  
  4   1  11   3.634465e+00    0.000000e+00  
  4   1  12   -8.675131e-01    0.000000e+00  
  4   1  13   4.306510e+00    0.000000e+00  
  4   1  14   2.521041e+00    0.000000e+00  
  4   1  15   5.203040e+00    0.000000e+00  
  4   1  16   1.627440e+00    0.000000e+00  
  4   1  17   2.681898e+00    0.000000e+00  
  4   1  18   0.000000e+00    0.000000e+00  
  4   1  19   -7.417884e+00    0.000000e+00  
  4   1  20   -3.024458e+00    0.000000e+00  
  4   1  21   -6.160774e-01    0.000000e+00  
  4   1  22   -1.793705e+00    0.000000e+00  
  4   1  23   5.133824e-01    0.000000e+00  
  4   2   1   -2.161439e+00    0.000000e+00  
  4   2   2   6.131975e-01    0.000000e+00  
  4   2   3   -1.257894e+00    0.000000e+00  
  4   2   4   4.904789e+00    0.000000e+00  
  4   2   5   -1.486783e+00    0.000000e+00  
  4   2   6   -2.109371e+00    0.000000e+00  
  4   2   7   6.885638e-02    0.000000e+00  
  4   2   8   -6.308101e-01    0.000000e+00  
  4   2   9   5.039412e-01    0.000000e+00  
  4   2  10   1.551881e+00    0.000000e+00  
  4   2  11   4.451724e+00    0.000000e+00  
  4   2  12   -6.945972e-01    0.000000e+00  
  4   2  13   -1.822056e+00    0.000000e+00  
  4   2  14   1.342614e+00    0.000000e+00  
  4   2  15   -8.064742e-01    0.000000e+00  
  4   2  16   1.685506e+00    0.000000e+00  
  4   2  17   1.158999e+00    0.000000e+00  
  4   2  18   3.648754e+00    0.000000e+00  
  4   2  19   1.395618e+00    0.000000e+00  
  4   2  20   4.168793e+00    0.000000e+00  
  4   2  21   1.300344e+00    0.000000e+00  
  4   2  22   2.176173e-01    0.000000e+00  
  4   2  23   2.330268e+00    0.000000e+00  
  4   2  24   8.095887e-01    0.000000e+00  
  4   2  25   -5.013327e-01    0.000000e+00  
  4   2  26   3.805717e+00    0.000000e+00  
  4   2  27   1.296630e+00    0.000000e+00  
  4   2  28   1.843945e-01    0.000000e+00  
  4   2  29   1.443441e+00    0.000000e+00  
  4   2  30   -7.095731e+00    0.000000e+00  
  4   2  31   0.000000e+00    0.000000e+00  
  4   2  32   -1.581755e+00    0.000000e+00  
  4   2  33   1.680086e-01    0.000000e+00  
  4   2  34   4.010500e+00    0.000000e+00  
  4   2  35   4.522019e+00    0.000000e+00  
  4   2  36   1.583594e+00    0.000000e+00  
  4   2  37   -3.537045e-01    0.000000e+00  
  4   2  38   2.087041e+00    0.000000e+00  
  4   2  39   -4.191839e-01    0.000000e+00  
  4   2  40   1.511517e+00    0.000000e+00  
  4   2  41   -6.191381e-01    0.000000e+00  
  4   2  42   2.733190e-02    0.000000e+00  
  4   2  43   3.909514e+00    0.000000e+00  
  4   2  44   -1.901425e+00    0.000000e+00  
  4   2  45   -1.716476e+00    0.000000e+00  
  4   2  46   1.321902e+00    0.000000e+00  
  4   2  47   -3.542310e-01    0.000000e+00  
  4   2  48   1.349028e+00    0.000000e+00  
  4   2  49   -1.151471e+00    0.000000e+00  
  4   2  50   -6.839316e-01    0.000000e+00  
  4   2  51   -2.647546e+00    0.000000e+00  
  4   2  52   3.470769e+00    0.000000e+00  
  4   2  53   6.126087e-01    0.000000e+00  
  4   2  54   -2.432268e+00    0.000000e+00  
  4   2  55   1.273097e+00    0.000000e+00  
  4   2  56   5.120673e-01    0.000000e+00  
  4   2  57   1.722021e+00    0.000000e+00  
  4   2  58   -2.435998e-01    0.000000e+00  
  4   2  59   -1.831270e+00    0.000000e+00  
  4   2  60   2.428120e+00    0.000000e+00  
  4   2  61   1.822586e+00    0.000000e+00  
  4   2  62   -1.713570e+00    0.000000e+00  
  4   3   1   0.000000e+00    0.000000e+00  
  4   3   2   7.262591e+00    0.000000e+00  
  4   3   3   -5.590410e+00    0.000000e+00  
  4   3   4   1.156045e+01    0.000000e+00  
  4   3   5   0.000000e+00    0.000000e+00  
  5   1   1   -1.985484e+00    0.000000e+00  
  5   1   2   2.919216e+00    0.000000e+00  
  5   1   3   -8.916797e-01    0.000000e+00  
  5   1   4   -1.152433e+01    0.000000e+00  
  5   1   5   -1.327730e-01    0.000000e+00  
  5   1   6   7.460716e+00    0.000000e+00  
  5   1   7   -1.821908e+00    0.000000e+00  
  5   1   8   -1.120710e-01    0.000000e+00  
  5   1   9   -1.704696e+00    0.000000e+00  
  5   1  10   2.449009e+00    0.000000e+00  
  5   1  11   -2.141946e+00    0.000000e+00  
  5   1  12   -9.057056e-01    0.000000e+00  
  5   1  13   4.036938e+00    0.000000e+00  
  5   1  14   2.749367e+00    0.000000e+00  
  5   1  15   -4.627520e+00    0.000000e+00  
  5   1  16   7.749201e+00    0.000000e+00  
  5   1  17   4.864477e+00    0.000000e+00  
  5   1  18   -3.342931e+00    0.000000e+00  
  5   1  19   -1.507517e+00    0.000000e+00  
  5   1  20   -1.424260e+00    0.000000e+00  
  5   1  21   -1.204277e+00    0.000000e+00  
  5   1  22   -2.601501e+00    0.000000e+00  
  5   1  23   2.302672e+00    0.000000e+00  
  5   2   1   6.689387e-01    0.000000e+00  
  5   2   2   -2.195959e+00    0.000000e+00  
  5   2   3   -1.726578e+00    0.000000e+00  
  5   2   4   -3.160737e+00    0.000000e+00  
  5   2   5   1.704854e+00    0.000000e+00  
  5   2   6   2.267253e+00    0.000000e+00  
  5   2   7   -1.247308e+00    0.000000e+00  
  5   2   8   1.127072e+00    0.000000e+00  
  5   2   9   1.019962e+00    0.000000e+00  
  5   2  10   1.742031e+00    0.000000e+00  
  5   2  11   1.373866e+00    0.000000e+00  
  5   2  12   2.113231e-01    0.000000e+00  
  5   2  13   -8.806706e-01    0.000000e+00  
  5   2  14   -1.707836e+00    0.000000e+00  
  5   2  15   -1.196493e+00    0.000000e+00  
  5   2  16   -1.219099e+00    0.000000e+00  
  5   2  17   9.148324e-01    0.000000e+00  
  5   2  18   1.754023e+00    0.000000e+00  
  5   2  19   1.114752e+00    0.000000e+00  
  5   2  20   -9.588311e-01    0.000000e+00  
  5   2  21   2.470630e+00    0.000000e+00  
  5   2  22   2.061988e+00    0.000000e+00  
  5   2  23   -5.904410e+00    0.000000e+00  
  5   2  24   -2.521673e+00    0.000000e+00  
  5   2  25   -2.665219e-01    0.000000e+00  
  5   2  26   -1.362214e+00    0.000000e+00  
  5   2  27   9.534712e+00    0.000000e+00  
  5   2  28   9.255862e-01    0.000000e+00  
  5   2  29   -8.477981e-01    0.000000e+00  
  5   2  30   3.906284e+00    0.000000e+00  
  5   2  31   4.085444e+00    0.000000e+00  
  5   2  32   -7.751823e+00    0.000000e+00  
  5   2  33   9.397808e-01    0.000000e+00  
  5   2  34   2.322257e+00    0.000000e+00  
  5   2  35   -7.945703e-02    0.000000e+00  
  5   2  36   -1.624044e+00    0.000000e+00  
  5   2  37   4.103539e+00    0.000000e+00  
  5   2  38   -1.087905e+00    0.000000e+00  
  5   2  39   -9.743527e-02    0.000000e+00  
  5   2  40   2.473736e+00    0.000000e+00  
  5   2  41   9.515452e-02    0.000000e+00  
  5   2  42   2.599446e+00    0.000000e+00  
  5   2  43   -8.936263e-01    0.000000e+00  
  5   2  44   -5.704880e+00    0.000000e+00  
  5   2  45   2.078552e+00    0.000000e+00  
  5   2  46   -3.958306e+00    0.000000e+00  
  5   2  47   5.784430e+00    0.000000e+00  
  5   2  48   4.876628e-01    0.000000e+00  
  5   2  49   1.913269e+00    0.000000e+00  
  5   2  50   1.254027e+00    0.000000e+00  
  5   2  51   3.853200e-01    0.000000e+00  
  5   2  52   6.795512e-01    0.000000e+00  
  5   2  53   -3.493709e-01    0.000000e+00  
  5   2  54   3.294734e+00    0.000000e+00  
  5   2  55   -6.554902e-01    0.000000e+00  
  5   2  56   2.568409e+00    0.000000e+00  
  5   2  57   -8.073261e-01    0.000000e+00  
  5   2  58   -1.413522e+00    0.000000e+00  
  5   2  59   -8.626324e-01    0.000000e+00  
  5   2  60   3.003482e+00    0.000000e+00  
  5   2  61   1.259139e+00    0.000000e+00  
  5   2  62   -1.604643e+00    0.000000e+00  
  5   3   1   1.817348e+00    0.000000e+00  
  5   3   2   2.099678e+00    0.000000e+00  
  5   3   3   3.652822e+00    0.000000e+00  
  5   3   4   3.343552e+00    0.000000e+00  
  5   3   5   -9.396859e+00    0.000000e+00  
  6   1   1   2.499774e+00    0.000000e+00  
  6   1   2   6.424241e-01    0.000000e+00  
  6   1   3   -1.494555e+00    0.000000e+00  
  6   1   4   -1.698169e+00    0.000000e+00  
  6   1   5   3.300903e+00    0.000000e+00  
  6   1   6   -8.893474e+00    0.000000e+00  
  6   1   7   8.288917e-01    0.000000e+00  
  6   1   8   3.001273e+00    0.000000e+00  
  6   1   9   1.857632e+00    0.000000e+00  
  6   1  10   -2.534263e+00    0.000000e+00  
  6   1  11   -5.221923e-01    0.000000e+00  
  6   1  12   -4.418242e-02    0.000000e+00  
  6   1  13   1.836500e+00    0.000000e+00  
  6   1  14   -6.121061e+00    0.000000e+00  
  6   1  15   -2.860122e+00    0.000000e+00  
  6   1  16   -2.298954e+00    0.000000e+00  
  6   1  17   1.338336e+00    0.000000e+00  
  6   1  18   -6.590713e-01    0.000000e+00  
  6   1  19   1.659892e+00    0.000000e+00  
  6   1  20   3.745149e+00    0.000000e+00  
  6   1  21   -1.329332e+01    0.000000e+00  
  6   1  22   -3.693920e+00    0.000000e+00  
  6   1  23   -3.285124e+00    0.000000e+00  
  6   2   1   -3.204667e+00    0.000000e+00  
  6   2   2   -1.340405e+00    0.000000e+00  
  6   2   3   -1.030973e+00    0.000000e+00  
  6   2   4   1.958216e+00    0.000000e+00  
  6   2   5   4.504748e+00    0.000000e+00  
  6   2   6   -1.493762e+00    0.000000e+00  
  6   2   7   -6.931216e-01    0.000000e+00  
  6   2   8   -5.582774e+00    0.000000e+00  
  6   2   9   2.176128e+00    0.000000e+00  
  6   2  10   1.871934e+00    0.000000e+00  
  6   2  11   4.028233e+00    0.000000e+00  
  6   2  12   1.140440e+00    0.000000e+00  
  6   2  13   6.502164e-01    0.000000e+00  
  6   2  14   -6.432555e+00    0.000000e+00  
  6   2  15   3.068766e+00    0.000000e+00  
  6   2  16   -1.489129e+00    0.000000e+00  
  6   2  17   -1.915610e+00    0.000000e+00  
  6   2  18   3.728643e+00    0.000000e+00  
  6   2  19   7.306474e+00    0.000000e+00  
  6   2  20   -8.838704e-01    0.000000e+00  
  6   2  21   3.605903e+00    0.000000e+00  
  6   2  22   6.186153e+00    0.000000e+00  
  6   2  23   3.741007e+00    0.000000e+00  
  6   2  24   -6.148434e-01    0.000000e+00  
  6   2  25   -1.074330e+00    0.000000e+00  
  6   2  26   -1.216227e+00    0.000000e+00  
  6   2  27   8.217453e-01    0.000000e+00  
  6   2  28   -3.280457e+00    0.000000e+00  
  6   2  29   3.601844e-01    0.000000e+00  
  6   2  30   -8.485301e-01    0.000000e+00  
  6   2  31   -2.045594e+00    0.000000e+00  
  6   2  32   -4.790816e-01    0.000000e+00  
  6   2  33   -2.314422e+00    0.000000e+00  
  6   2  34   -5.716337e+00    0.000000e+00  
  6   2  35   1.527261e+00    0.000000e+00  
  6   2  36   4.136823e+00    0.000000e+00  
  6   2  37   1.174611e+00    0.000000e+00  
  6   2  38   4.180612e+00    0.000000e+00  
  6   2  39   -1.717351e+00    0.000000e+00  
  6   2  40   -1.624614e+00    0.000000e+00  
  6   2  41   6.740513e+00    0.000000e+00  
  6   2  42   2.189841e+00    0.000000e+00  
  6   2  43   1.083111e+00    0.000000e+00  
  6   2  44   -2.488061e+00    0.000000e+00  
  6   2  45   2.031004e+00    0.000000e+00  
  6   2  46   -1.940927e-01    0.000000e+00  
  6   2  47   2.343333e+00    0.000000e+00  
  6   2  48   2.017675e+00    0.000000e+00  
  6   2  49   -2.446779e+00    0.000000e+00  
  6   2  50   2.295351e+00    0.000000e+00  
  6   2  51   -5.335407e-01    0.000000e+00  
  6   2  52   -1.291388e+00    0.000000e+00  
  6   2  53   -2.235816e+00    0.000000e+00  
  6   2  54   1.552364e+00    0.000000e+00  
  6   2  55   1.048501e+00    0.000000e+00  
  6   2  56   -3.115910e-01    0.000000e+00  
  6   2  57   1.734484e+00    0.000000e+00  
  6   2  58   -1.281357e+00    0.000000e+00  
  6   2  59   -5.254347e-01    0.000000e+00  
  6   2  60   3.716263e+00    0.000000e+00  
  6   2  61   -2.062470e+00    0.000000e+00  
  6   2  62   -2.713363e+00    0.000000e+00  
  6   3   1   -3.984579e+01    0.000000e+00  
  6   3   2   1.856672e+00    0.000000e+00  
  6   3   3   5.414326e+00    0.000000e+00  
  6   3   4   -9.936698e+00    0.000000e+00  
  6   3   5   3.941311e+00    0.000000e+00  
