sector layer component attlen_left attlen_right attlen_left_err attlen_right_err y_offset
  1   1   1   3.444849e+02    3.444849e+02    4.957452e+02    4.957452e+02    3.703498e-02  
  1   1   2   1.519134e+02    1.519134e+02    1.008063e+02    1.008063e+02    -4.160163e-02  
  1   1   3   2.213803e+02    2.213803e+02    1.254675e+02    1.254675e+02    9.232344e-04  
  1   1   4   1.926007e+02    1.926007e+02    8.400323e+01    8.400323e+01    6.101396e-02  
  1   1   5   2.083561e+02    2.083561e+02    7.643824e+01    7.643824e+01    -3.528696e-02  
  1   1   6   1.577570e+02    1.577570e+02    4.659741e+01    4.659741e+01    -4.318208e-02  
  1   1   7   1.241388e+02    1.241388e+02    2.811061e+01    2.811061e+01    1.636161e-02  
  1   1   8   1.954389e+02    1.954389e+02    5.022585e+01    5.022585e+01    2.324209e-02  
  1   1   9   2.765671e+02    2.765671e+02    7.374088e+01    7.374088e+01    4.070154e-02  
  1   1  10   1.666196e+02    1.666196e+02    3.193961e+01    3.193961e+01    -5.637997e-03  
  1   1  11   2.780108e+02    2.780108e+02    6.245141e+01    6.245141e+01    -3.108975e-03  
  1   1  12   1.622104e+02    1.622104e+02    2.569864e+01    2.569864e+01    3.564275e-02  
  1   1  13   1.734367e+02    1.734367e+02    2.649968e+01    2.649968e+01    3.241819e-03  
  1   1  14   1.506942e+02    1.506942e+02    1.967327e+01    1.967327e+01    5.457049e-03  
  1   1  15   1.319549e+02    1.319549e+02    1.528063e+01    1.528063e+01    -1.161552e-02  
  1   1  16   2.162960e+02    2.162960e+02    2.971506e+01    2.971506e+01    2.312365e-02  
  1   1  17   2.477439e+02    2.477439e+02    3.474246e+01    3.474246e+01    -2.539911e-02  
  1   1  18   2.571774e+02    2.571774e+02    3.493745e+01    3.493745e+01    3.539770e-03  
  1   1  19   4.150261e+02    4.150261e+02    6.749333e+01    6.749333e+01    9.426721e-03  
  1   1  20   1.984115e+02    1.984115e+02    2.131906e+01    2.131906e+01    4.012896e-02  
  1   1  21   2.977116e+02    2.977116e+02    3.715496e+01    3.715496e+01    -2.489536e-02  
  1   1  22   1.508459e+02    1.508459e+02    1.286187e+01    1.286187e+01    -7.789131e-03  
  1   1  23   3.569030e+02    3.569030e+02    4.457747e+01    4.457747e+01    1.454072e-02  
  1   2   1   1.515832e+02    1.515832e+02    2.650842e+02    2.650842e+02    -3.960628e-02  
  1   2   2   1.737965e+02    1.737965e+02    2.214019e+02    2.214019e+02    5.967635e-03  
  1   2   3   4.999999e+02    4.999999e+02    8.312620e+02    8.312620e+02    3.671445e-02  
  1   2   4   1.561188e+02    1.561188e+02    1.259926e+02    1.259926e+02    -1.117371e-02  
  1   2   5   1.553691e+02    1.553691e+02    1.393940e+03    1.393940e+03    0.000000e+00  
  1   2   6   2.448218e+02    2.448218e+02    1.972780e+02    1.972780e+02    -1.880216e-02  
  1   2   7   3.977065e+02    3.977065e+02    3.445778e+02    3.445778e+02    -2.937879e-02  
  1   2   8   3.314202e+02    3.314202e+02    2.373826e+02    2.373826e+02    1.734950e-02  
  1   2   9   2.732647e+02    2.732647e+02    1.649662e+02    1.649662e+02    -3.309419e-02  
  1   2  10   3.241801e+02    3.241801e+02    1.910491e+02    1.910491e+02    2.259720e-02  
  1   2  11   1.869025e+02    1.869025e+02    7.833025e+01    7.833025e+01    6.270300e-02  
  1   2  12   3.402384e+02    3.402384e+02    1.826092e+02    1.826092e+02    -5.991751e-03  
  1   2  13   2.166198e+02    2.166198e+02    8.319366e+01    8.319366e+01    3.506937e-02  
  1   2  14   1.937576e+02    1.937576e+02    6.701706e+01    6.701706e+01    3.116668e-02  
  1   2  15   1.897242e+02    1.897242e+02    6.195489e+01    6.195489e+01    -3.076666e-02  
  1   2  16   1.806597e+02    1.806597e+02    5.313942e+01    5.313942e+01    8.930303e-02  
  1   2  17   1.889706e+02    1.889706e+02    5.449874e+01    5.449874e+01    6.272729e-02  
  1   2  18   2.028047e+02    2.028047e+02    5.608252e+01    5.608252e+01    -6.493144e-02  
  1   2  19   2.165264e+02    2.165264e+02    5.981848e+01    5.981848e+01    -3.675738e-02  
  1   2  20   3.077856e+02    3.077856e+02    9.722465e+01    9.722465e+01    5.126300e-02  
  1   2  21   3.261770e+02    3.261770e+02    9.899639e+01    9.899639e+01    -5.818928e-02  
  1   2  22   1.680770e+02    1.680770e+02    3.609331e+01    3.609331e+01    -8.792430e-03  
  1   2  23   3.305544e+02    3.305544e+02    9.638098e+01    9.638098e+01    1.658462e-03  
  1   2  24   2.572786e+02    2.572786e+02    6.203190e+01    6.203190e+01    6.953652e-02  
  1   2  25   2.775414e+02    2.775414e+02    6.777059e+01    6.777059e+01    -8.656546e-03  
  1   2  26   1.981807e+02    1.981807e+02    3.976802e+01    3.976802e+01    -5.674813e-03  
  1   2  27   2.982555e+02    2.982555e+02    6.897481e+01    6.897481e+01    -7.083713e-02  
  1   2  28   2.165513e+02    2.165513e+02    4.190356e+01    4.190356e+01    -3.874874e-03  
  1   2  29   3.297771e+02    3.297771e+02    7.543262e+01    7.543262e+01    1.559365e-02  
  1   2  30   2.391203e+02    2.391203e+02    4.549414e+01    4.549414e+01    1.171157e-02  
  1   2  31   3.208035e+02    3.208035e+02    6.903256e+01    6.903256e+01    1.012135e-03  
  1   2  32   2.934811e+02    2.934811e+02    5.766050e+01    5.766050e+01    2.572061e-02  
  1   2  33   2.256349e+02    2.256349e+02    3.802346e+01    3.802346e+01    -3.386550e-02  
  1   2  34   2.372007e+02    2.372007e+02    4.011772e+01    4.011772e+01    1.730384e-02  
  1   2  35   2.474601e+02    2.474601e+02    4.123258e+01    4.123258e+01    -3.646544e-02  
  1   2  36   1.293026e+02    1.293026e+02    1.520827e+01    1.520827e+01    -1.396853e-01  
  1   2  37   2.400978e+02    2.400978e+02    3.782710e+01    3.782710e+01    -5.208677e-02  
  1   2  38   2.229034e+02    2.229034e+02    3.257305e+01    3.257305e+01    -7.152362e-03  
  1   2  39   3.084586e+02    3.084586e+02    5.201815e+01    5.201815e+01    2.129543e-02  
  1   2  40   4.999313e+02    4.999313e+02    4.148922e+03    4.148922e+03    -6.906871e-03  
  1   2  41   3.694604e+02    3.694604e+02    6.484179e+01    6.484179e+01    -4.396590e-02  
  1   2  42   1.863315e+02    1.863315e+02    2.285064e+01    2.285064e+01    -3.033423e-02  
  1   2  43   2.741948e+02    2.741948e+02    3.937129e+01    3.937129e+01    3.684976e-02  
  1   2  44   4.286653e+02    4.286653e+02    7.561401e+01    7.561401e+01    2.950293e-02  
  1   2  45   2.712201e+02    2.712201e+02    3.749095e+01    3.749095e+01    1.078252e-02  
  1   2  46   3.507549e+02    3.507549e+02    5.333708e+01    5.333708e+01    -3.266824e-02  
  1   2  47   2.642539e+02    2.642539e+02    3.454323e+01    3.454323e+01    -9.102623e-03  
  1   2  48   3.647802e+02    3.647802e+02    5.515562e+01    5.515562e+01    -4.184080e-03  
  1   2  49   4.999997e+02    4.999997e+02    3.861011e+02    3.861011e+02    2.155202e-02  
  1   2  50   3.222279e+02    3.222279e+02    4.373675e+01    4.373675e+01    -1.958110e-02  
  1   2  51   3.789291e+02    3.789291e+02    5.497792e+01    5.497792e+01    -8.193863e-03  
  1   2  52   3.965019e+02    3.965019e+02    5.706294e+01    5.706294e+01    4.662844e-02  
  1   2  53   4.966695e+02    4.966695e+02    4.633843e+02    4.633843e+02    8.324210e-03  
  1   2  54   3.732420e+02    3.732420e+02    5.066092e+01    5.066092e+01    1.336693e-02  
  1   2  55   3.904590e+02    3.904590e+02    5.309244e+01    5.309244e+01    1.685900e-02  
  1   2  56   4.684466e+02    4.684466e+02    6.866999e+01    6.866999e+01    4.094042e-02  
  1   2  57   3.385179e+02    3.385179e+02    4.120375e+01    4.120375e+01    -1.108944e-02  
  1   2  58   4.079114e+02    4.079114e+02    5.376753e+01    5.376753e+01    3.734608e-02  
  1   2  59   3.211179e+02    3.211179e+02    4.165065e+01    4.165065e+01    3.363287e-02  
  1   2  60   5.000000e+02    5.000000e+02    6.217007e+01    6.217007e+01    -1.059851e-02  
  1   2  61   5.000000e+02    5.000000e+02    3.835995e+02    3.835995e+02    3.190232e-03  
  1   2  62   4.528257e+02    4.528257e+02    5.936300e+01    5.936300e+01    -1.207027e-03  
  1   3   1   2.132056e+02    2.132056e+02    2.099188e+01    2.099188e+01    -2.671615e-02  
  1   3   2   2.600213e+02    2.600213e+02    2.701887e+01    2.701887e+01    6.253812e-02  
  1   3   3   1.876490e+02    1.876490e+02    1.615672e+01    1.615672e+01    6.778213e-03  
  1   3   4   3.032295e+02    3.032295e+02    3.196547e+01    3.196547e+01    3.739769e-03  
  1   3   5   2.538471e+02    2.538471e+02    2.374910e+01    2.374910e+01    4.029302e-02  
  2   1   1   1.314942e+02    1.314942e+02    1.130143e+02    1.130143e+02    -1.654492e-02  
  2   1   2   2.651258e+02    2.651258e+02    2.328253e+02    2.328253e+02    -1.486108e-02  
  2   1   3   1.383842e+02    1.383842e+02    6.205081e+01    6.205081e+01    1.123294e-04  
  2   1   4   2.093863e+02    2.093863e+02    9.615496e+01    9.615496e+01    3.291645e-02  
  2   1   5   1.620615e+02    1.620615e+02    5.241735e+01    5.241735e+01    -5.926120e-02  
  2   1   6   1.903962e+02    1.903962e+02    6.184824e+01    6.184824e+01    -3.052142e-02  
  2   1   7   1.601768e+02    1.601768e+02    4.119769e+01    4.119769e+01    2.593249e-02  
  2   1   8   2.022146e+02    2.022146e+02    5.287708e+01    5.287708e+01    -1.797374e-02  
  2   1   9   1.548896e+02    1.548896e+02    3.093858e+01    3.093858e+01    5.686581e-02  
  2   1  10   2.327715e+02    2.327715e+02    5.269409e+01    5.269409e+01    1.892853e-02  
  2   1  11   2.280990e+02    2.280990e+02    4.642553e+01    4.642553e+01    5.656231e-03  
  2   1  12   2.934235e+02    2.934235e+02    6.252794e+01    6.252794e+01    -4.335641e-04  
  2   1  13   1.795525e+02    1.795525e+02    1.905514e+03    1.905514e+03    0.000000e+00  
  2   1  14   2.247156e+02    2.247156e+02    3.578368e+01    3.578368e+01    -4.178051e-02  
  2   1  15   1.507308e+02    1.507308e+02    1.865488e+01    1.865488e+01    -1.076937e-02  
  2   1  16   1.889557e+02    1.889557e+02    2.425819e+01    2.425819e+01    2.946284e-02  
  2   1  17   2.974455e+02    2.974455e+02    4.547265e+01    4.547265e+01    9.665752e-02  
  2   1  18   2.160365e+02    2.160365e+02    2.689491e+01    2.689491e+01    2.464368e-02  
  2   1  19   2.209233e+02    2.209233e+02    2.622252e+01    2.622252e+01    2.160540e-02  
  2   1  20   1.473022e+02    1.473022e+02    1.364277e+01    1.364277e+01    1.500417e-02  
  2   1  21   2.136730e+02    2.136730e+02    2.259464e+01    2.259464e+01    -9.971325e-05  
  2   1  22   1.766125e+02    1.766125e+02    1.629381e+01    1.629381e+01    5.641903e-03  
  2   1  23   1.801167e+02    1.801167e+02    1.597514e+01    1.597514e+01    7.327018e-02  
  2   2   1   5.000000e+02    5.000000e+02    1.263641e+03    1.263641e+03    -2.077280e-03  
  2   2   2   1.054063e+02    1.054063e+02    1.025034e+02    1.025034e+02    7.573035e-02  
  2   2   3   1.661825e+02    1.661825e+02    1.733037e+02    1.733037e+02    2.779707e-02  
  2   2   4   1.179237e+02    1.179237e+02    8.295630e+01    8.295630e+01    5.312518e-03  
  2   2   5   5.000000e+02    5.000000e+02    9.764907e+01    9.764907e+01    1.639450e-02  
  2   2   6   1.521148e+02    1.521148e+02    9.625992e+01    9.625992e+01    4.526870e-02  
  2   2   7   3.443745e+02    3.443745e+02    2.721690e+02    2.721690e+02    -1.625479e-02  
  2   2   8   1.108124e+02    1.108124e+02    4.608319e+01    4.608319e+01    -7.756560e-02  
  2   2   9   1.824872e+02    1.824872e+02    9.073496e+01    9.073496e+01    -2.366238e-02  
  2   2  10   1.532935e+02    1.532935e+02    6.187785e+01    6.187785e+01    6.619144e-02  
  2   2  11   1.879748e+02    1.879748e+02    7.918374e+01    7.918374e+01    6.021312e-02  
  2   2  12   2.006469e+02    2.006469e+02    8.257502e+01    8.257502e+01    5.325100e-02  
  2   2  13   1.886337e+02    1.886337e+02    6.689389e+01    6.689389e+01    -8.355901e-02  
  2   2  14   2.801930e+02    2.801930e+02    1.163065e+02    1.163065e+02    -2.665068e-02  
  2   2  15   2.265973e+02    2.265973e+02    8.019253e+01    8.019253e+01    7.231104e-02  
  2   2  16   2.403099e+02    2.403099e+02    8.149805e+01    8.149805e+01    5.181062e-02  
  2   2  17   2.205173e+02    2.205173e+02    6.909258e+01    6.909258e+01    -3.704106e-02  
  2   2  18   2.076726e+02    2.076726e+02    5.832097e+01    5.832097e+01    -2.698258e-02  
  2   2  19   1.423883e+02    1.423883e+02    3.191665e+01    3.191665e+01    3.217289e-02  
  2   2  20   1.724268e+02    1.724268e+02    4.062697e+01    4.062697e+01    -1.133408e-01  
  2   2  21   4.197582e+02    4.197582e+02    1.444374e+02    1.444374e+02    -3.430726e-02  
  2   2  22   1.929563e+02    1.929563e+02    4.438548e+01    4.438548e+01    1.883963e-02  
  2   2  23   2.160151e+02    2.160151e+02    5.088375e+01    5.088375e+01    2.704117e-02  
  2   2  24   1.921794e+02    1.921794e+02    3.963626e+01    3.963626e+01    -1.355061e-01  
  2   2  25   1.661094e+02    1.661094e+02    3.134320e+01    3.134320e+01    5.179954e-02  
  2   2  26   3.299545e+02    3.299545e+02    8.513252e+01    8.513252e+01    -4.285312e-02  
  2   2  27   2.178290e+02    2.178290e+02    4.336146e+01    4.336146e+01    3.077983e-02  
  2   2  28   2.688536e+02    2.688536e+02    5.793322e+01    5.793322e+01    1.879768e-02  
  2   2  29   2.334228e+02    2.334228e+02    4.483529e+01    4.483529e+01    -5.279868e-02  
  2   2  30   1.803992e+02    1.803992e+02    2.979161e+01    2.979161e+01    3.963567e-02  
  2   2  31   1.547805e+02    1.547805e+02    2.309403e+01    2.309403e+01    7.759502e-02  
  2   2  32   2.304366e+02    2.304366e+02    4.012775e+01    4.012775e+01    -1.106251e-02  
  2   2  33   4.322749e+02    4.322749e+02    1.001569e+02    1.001569e+02    -6.172824e-02  
  2   2  34   2.768905e+02    2.768905e+02    5.056303e+01    5.056303e+01    -4.109235e-02  
  2   2  35   3.257410e+02    3.257410e+02    6.216035e+01    6.216035e+01    -4.340041e-02  
  2   2  36   2.974179e+02    2.974179e+02    5.326392e+01    5.326392e+01    8.792965e-03  
  2   2  37   2.943172e+02    2.943172e+02    5.135495e+01    5.135495e+01    4.308671e-02  
  2   2  38   2.346796e+02    2.346796e+02    3.518847e+01    3.518847e+01    -8.582755e-03  
  2   2  39   3.021059e+02    3.021059e+02    5.042692e+01    5.042692e+01    2.691523e-03  
  2   2  40   3.418005e+02    3.418005e+02    5.956035e+01    5.956035e+01    -1.057914e-02  
  2   2  41   2.456126e+02    2.456126e+02    3.518596e+01    3.518596e+01    3.767405e-02  
  2   2  42   4.676174e+02    4.676174e+02    9.068101e+01    9.068101e+01    9.464830e-03  
  2   2  43   3.395521e+02    3.395521e+02    5.422336e+01    5.422336e+01    3.598350e-02  
  2   2  44   2.470778e+02    2.470778e+02    3.313195e+01    3.313195e+01    3.282292e-02  
  2   2  45   3.311015e+02    3.311015e+02    5.057009e+01    5.057009e+01    1.980227e-03  
  2   2  46   2.408124e+02    2.408124e+02    3.035991e+01    3.035991e+01    -2.230973e-03  
  2   2  47   5.000000e+02    5.000000e+02    8.145286e+01    8.145286e+01    -3.335740e-02  
  2   2  48   2.794726e+02    2.794726e+02    3.698772e+01    3.698772e+01    -6.959909e-03  
  2   2  49   2.956055e+02    2.956055e+02    3.901687e+01    3.901687e+01    1.217086e-02  
  2   2  50   2.634424e+02    2.634424e+02    3.333295e+01    3.333295e+01    -1.334611e-02  
  2   2  51   3.656733e+02    3.656733e+02    5.212200e+01    5.212200e+01    1.490434e-02  
  2   2  52   3.748212e+02    3.748212e+02    5.252620e+01    5.252620e+01    -7.988300e-03  
  2   2  53   3.752539e+02    3.752539e+02    5.189358e+01    5.189358e+01    -6.177067e-03  
  2   2  54   2.334489e+02    2.334489e+02    2.506446e+01    2.506446e+01    1.615593e-02  
  2   2  55   2.646861e+02    2.646861e+02    2.964663e+01    2.964663e+01    2.275404e-03  
  2   2  56   2.939600e+02    2.939600e+02    3.423017e+01    3.423017e+01    -2.618455e-02  
  2   2  57   4.858304e+02    4.858304e+02    9.093395e+01    9.093395e+01    -6.920029e-04  
  2   2  58   4.828414e+02    4.828414e+02    7.209390e+01    7.209390e+01    -7.575239e-03  
  2   2  59   3.442211e+02    3.442211e+02    4.119086e+01    4.119086e+01    -7.112320e-03  
  2   2  60   3.527831e+02    3.527831e+02    4.184740e+01    4.184740e+01    1.552831e-02  
  2   2  61   2.358990e+02    2.358990e+02    2.259587e+01    2.259587e+01    4.730771e-02  
  2   2  62   5.000000e+02    5.000000e+02    7.114393e+01    7.114393e+01    -1.358091e-02  
  2   3   1   2.995019e+02    2.995019e+02    3.491803e+01    3.491803e+01    -5.757175e-02  
  2   3   2   1.733961e+02    1.733961e+02    1.472951e+01    1.472951e+01    3.009737e-03  
  2   3   3   1.495119e+02    1.495119e+02    1.148466e+01    1.148466e+01    8.492684e-02  
  2   3   4   3.053382e+02    3.053382e+02    3.230019e+01    3.230019e+01    7.176088e-04  
  2   3   5   1.654518e+02    1.654518e+02    1.248282e+01    1.248282e+01    -1.137034e-01  
  3   1   1   1.397988e+02    1.397988e+02    1.236725e+02    1.236725e+02    2.025933e-02  
  3   1   2   2.068765e+02    2.068765e+02    1.566942e+02    1.566942e+02    7.320923e-02  
  3   1   3   9.942245e+01    9.942245e+01    3.760168e+01    3.760168e+01    6.005820e-02  
  3   1   4   2.896020e+02    2.896020e+02    1.556115e+02    1.556115e+02    4.107812e-02  
  3   1   5   1.777495e+02    1.777495e+02    5.980988e+01    5.980988e+01    8.243009e-02  
  3   1   6   9.806782e+01    9.806782e+01    2.292431e+01    2.292431e+01    -8.423016e-03  
  3   1   7   1.393868e+02    1.393868e+02    3.345625e+01    3.345625e+01    -9.073860e-03  
  3   1   8   1.361214e+02    1.361214e+02    2.921669e+01    2.921669e+01    -9.263430e-03  
  3   1   9   1.820967e+02    1.820967e+02    3.948360e+01    3.948360e+01    4.035993e-02  
  3   1  10   1.597015e+02    1.597015e+02    2.993715e+01    2.993715e+01    5.197841e-02  
  3   1  11   1.737528e+02    1.737528e+02    3.084993e+01    3.084993e+01    5.161414e-02  
  3   1  12   1.669132e+02    1.669132e+02    2.660356e+01    2.660356e+01    1.474964e-01  
  3   1  13   1.312555e+02    1.312555e+02    1.744635e+01    1.744635e+01    -1.781505e-03  
  3   1  14   3.015490e+02    3.015490e+02    5.566005e+01    5.566005e+01    -7.325616e-03  
  3   1  15   1.724768e+02    1.724768e+02    2.283627e+01    2.283627e+01    8.182169e-03  
  3   1  16   2.220194e+02    2.220194e+02    3.089249e+01    3.089249e+01    -3.946162e-02  
  3   1  17   1.453105e+02    1.453105e+02    1.561148e+01    1.561148e+01    3.689249e-03  
  3   1  18   5.000000e+02    5.000000e+02    2.056253e+02    2.056253e+02    1.145224e-02  
  3   1  19   3.975652e+02    3.975652e+02    6.327692e+01    6.327692e+01    -1.517235e-02  
  3   1  20   2.200598e+02    2.200598e+02    2.490919e+01    2.490919e+01    1.081375e-02  
  3   1  21   1.940510e+02    1.940510e+02    1.955666e+01    1.955666e+01    -2.404901e-02  
  3   1  22   1.265427e+02    1.265427e+02    9.881467e+00    9.881467e+00    -4.538985e-02  
  3   1  23   1.643843e+02    1.643843e+02    1.393695e+01    1.393695e+01    1.924834e-02  
  3   2   1   5.000000e+02    5.000000e+02    1.546891e+03    1.546891e+03    -2.516091e-04  
  3   2   2   1.898978e+02    1.898978e+02    2.460347e+02    2.460347e+02    -2.895913e-02  
  3   2   3   2.405173e+02    2.405173e+02    3.026779e+02    3.026779e+02    1.462488e-02  
  3   2   4   1.485542e+02    1.485542e+02    1.153125e+02    1.153125e+02    -4.598329e-02  
  3   2   5   1.203000e+02    1.203000e+02    7.450558e+01    7.450558e+01    6.685881e-02  
  3   2   6   2.165425e+02    2.165425e+02    1.622944e+02    1.622944e+02    -4.067593e-02  
  3   2   7   2.264952e+02    2.264952e+02    1.458953e+02    1.458953e+02    2.640136e-02  
  3   2   8   2.833196e+02    2.833196e+02    1.887084e+02    1.887084e+02    -1.143822e-02  
  3   2   9   1.543010e+02    1.543010e+02    7.018399e+01    7.018399e+01    -5.742584e-02  
  3   2  10   2.034260e+02    2.034260e+02    9.490664e+01    9.490664e+01    5.037193e-02  
  3   2  11   2.450853e+02    2.450853e+02    1.185900e+02    1.185900e+02    -2.702965e-03  
  3   2  12   1.791356e+02    1.791356e+02    6.941330e+01    6.941330e+01    -5.124635e-02  
  3   2  13   2.224026e+02    2.224026e+02    8.659193e+01    8.659193e+01    -3.173533e-02  
  3   2  14   1.852811e+02    1.852811e+02    6.277740e+01    6.277740e+01    -3.120902e-02  
  3   2  15   1.873582e+02    1.873582e+02    6.088044e+01    6.088044e+01    -2.500222e-02  
  3   2  16   1.799694e+02    1.799694e+02    5.293774e+01    5.293774e+01    -7.539847e-02  
  3   2  17   2.944948e+02    2.944948e+02    1.059591e+02    1.059591e+02    4.685145e-02  
  3   2  18   2.356086e+02    2.356086e+02    7.048507e+01    7.048507e+01    -1.707138e-02  
  3   2  19   2.097243e+02    2.097243e+02    5.708250e+01    5.708250e+01    -2.300431e-02  
  3   2  20   2.483962e+02    2.483962e+02    7.062801e+01    7.062801e+01    5.417983e-02  
  3   2  21   3.264807e+02    3.264807e+02    9.964475e+01    9.964475e+01    -1.985767e-02  
  3   2  22   2.117943e+02    2.117943e+02    5.102634e+01    5.102634e+01    -1.947773e-02  
  3   2  23   1.757342e+02    1.757342e+02    3.738125e+01    3.738125e+01    -1.694584e-02  
  3   2  24   2.162528e+02    2.162528e+02    4.794261e+01    4.794261e+01    -3.400784e-02  
  3   2  25   2.592123e+02    2.592123e+02    6.116771e+01    6.116771e+01    4.845102e-03  
  3   2  26   3.202376e+02    3.202376e+02    8.151193e+01    8.151193e+01    -3.081688e-02  
  3   2  27   1.964596e+02    1.964596e+02    3.716046e+01    3.716046e+01    9.611921e-03  
  3   2  28   2.539577e+02    2.539577e+02    5.319196e+01    5.319196e+01    1.920278e-02  
  3   2  29   3.981958e+02    3.981958e+02    9.982367e+01    9.982367e+01    3.300040e-02  
  3   2  30   3.686037e+02    3.686037e+02    8.688653e+01    8.688653e+01    2.926616e-02  
  3   2  31   2.985744e+02    2.985744e+02    6.183464e+01    6.183464e+01    -4.277392e-02  
  3   2  32   4.067662e+02    4.067662e+02    9.390209e+01    9.390209e+01    -2.295483e-02  
  3   2  33   4.479039e+02    4.479039e+02    1.059855e+02    1.059855e+02    3.295036e-02  
  3   2  34   3.425279e+02    3.425279e+02    6.960388e+01    6.960388e+01    8.115460e-04  
  3   2  35   2.103391e+02    2.103391e+02    3.230164e+01    3.230164e+01    4.773668e-02  
  3   2  36   3.305678e+02    3.305678e+02    6.241013e+01    6.241013e+01    -7.993258e-03  
  3   2  37   4.445012e+02    4.445012e+02    9.528731e+01    9.528731e+01    -5.337033e-04  
  3   2  38   2.828611e+02    2.828611e+02    4.647124e+01    4.647124e+01    4.805793e-02  
  3   2  39   4.255211e+02    4.255211e+02    8.423794e+01    8.423794e+01    6.182726e-03  
  3   2  40   3.578878e+02    3.578878e+02    6.381381e+01    6.381381e+01    -8.393576e-03  
  3   2  41   4.848742e+02    4.848742e+02    1.613858e+02    1.613858e+02    3.689081e-02  
  3   2  42   2.108485e+02    2.108485e+02    2.750981e+01    2.750981e+01    -1.305171e-02  
  3   2  43   4.139029e+02    4.139029e+02    7.302646e+01    7.302646e+01    9.579317e-03  
  3   2  44   4.384608e+02    4.384608e+02    7.825551e+01    7.825551e+01    1.189400e-02  
  3   2  45   4.298857e+02    4.298857e+02    7.477640e+01    7.477640e+01    6.995831e-03  
  3   2  46   3.117632e+02    3.117632e+02    4.472662e+01    4.472662e+01    -1.313073e-02  
  3   2  47   3.731478e+02    3.731478e+02    5.795063e+01    5.795063e+01    5.288284e-03  
  3   2  48   3.505577e+02    3.505577e+02    5.195196e+01    5.195196e+01    9.862751e-03  
  3   2  49   3.129414e+02    3.129414e+02    4.243902e+01    4.243902e+01    5.452016e-02  
  3   2  50   4.991287e+02    4.991287e+02    1.834349e+03    1.834349e+03    7.443680e-03  
  3   2  51   5.000000e+02    5.000000e+02    3.607374e+01    3.607374e+01    3.324698e-02  
  3   2  52   4.259280e+02    4.259280e+02    6.362764e+01    6.362764e+01    7.373229e-03  
  3   2  53   4.152530e+02    4.152530e+02    6.040689e+01    6.040689e+01    -2.142135e-03  
  3   2  54   3.178477e+02    3.178477e+02    3.980849e+01    3.980849e+01    2.762064e-02  
  3   2  55   3.275909e+02    3.275909e+02    4.081321e+01    4.081321e+01    1.151392e-02  
  3   2  56   4.708017e+02    4.708017e+02    6.933676e+01    6.933676e+01    5.572588e-03  
  3   2  57   2.949329e+02    2.949329e+02    3.350641e+01    3.350641e+01    1.748208e-02  
  3   2  58   5.000000e+02    5.000000e+02    2.762424e+02    2.762424e+02    1.899692e-02  
  3   2  59   3.110657e+02    3.110657e+02    3.538336e+01    3.538336e+01    -1.187714e-02  
  3   2  60   4.412021e+02    4.412021e+02    5.849970e+01    5.849970e+01    1.670395e-02  
  3   2  61   4.999997e+02    4.999997e+02    7.354304e+02    7.354304e+02    7.393836e-03  
  3   2  62   4.856014e+02    4.856014e+02    7.765531e+01    7.765531e+01    -1.073676e-02  
  3   3   1   3.310722e+02    3.310722e+02    4.060767e+01    4.060767e+01    3.668472e-02  
  3   3   2   2.315883e+02    2.315883e+02    2.269577e+01    2.269577e+01    1.007241e-01  
  3   3   3   2.250437e+02    2.250437e+02    3.094453e+03    3.094453e+03    0.000000e+00  
  3   3   4   2.398172e+02    2.398172e+02    2.248005e+01    2.248005e+01    3.242928e-02  
  3   3   5   4.334009e+02    4.334009e+02    5.297227e+01    5.297227e+01    1.372694e-02  
  4   1   1   1.524581e+02    1.524581e+02    1.410228e+02    1.410228e+02    -1.429593e-02  
  4   1   2   1.198477e+02    1.198477e+02    7.071718e+01    7.071718e+01    -5.474638e-02  
  4   1   3   2.107774e+02    2.107774e+02    1.160454e+02    1.160454e+02    -2.960380e-02  
  4   1   4   2.178456e+02    2.178456e+02    1.022779e+02    1.022779e+02    -2.155920e-02  
  4   1   5   1.447847e+02    1.447847e+02    4.442438e+01    4.442438e+01    1.538272e-02  
  4   1   6   1.764316e+02    1.764316e+02    5.529941e+01    5.529941e+01    -8.450510e-04  
  4   1   7   3.078586e+02    3.078586e+02    1.094386e+02    1.094386e+02    -2.837020e-02  
  4   1   8   1.807580e+02    1.807580e+02    4.469443e+01    4.469443e+01    -1.854398e-02  
  4   1   9   2.364897e+02    2.364897e+02    5.845730e+01    5.845730e+01    -1.102840e-02  
  4   1  10   1.918662e+02    1.918662e+02    3.942213e+01    3.942213e+01    -3.324340e-02  
  4   1  11   2.697263e+02    2.697263e+02    5.967768e+01    5.967768e+01    -6.359816e-03  
  4   1  12   1.791296e+02    1.791296e+02    2.983284e+01    2.983284e+01    6.951200e-03  
  4   1  13   2.214111e+02    2.214111e+02    3.821242e+01    3.821242e+01    -1.804524e-02  
  4   1  14   1.624898e+02    1.624898e+02    2.193617e+01    2.193617e+01    -1.093323e-01  
  4   1  15   2.376056e+02    2.376056e+02    3.689412e+01    3.689412e+01    -3.734702e-02  
  4   1  16   1.926073e+02    1.926073e+02    2.497356e+01    2.497356e+01    -9.124690e-05  
  4   1  17   2.448766e+02    2.448766e+02    3.408129e+01    3.408129e+01    -7.271537e-02  
  4   1  18   2.766533e+02    2.766533e+02    3.897206e+01    3.897206e+01    -2.206499e-02  
  4   1  19   2.566647e+02    2.566647e+02    3.281275e+01    3.281275e+01    5.005341e-02  
  4   1  20   1.500643e+02    1.500643e+02    1.401705e+01    1.401705e+01    7.994376e-02  
  4   1  21   2.270933e+02    2.270933e+02    2.475600e+01    2.475600e+01    -2.293519e-02  
  4   1  22   2.110147e+02    2.110147e+02    2.127505e+01    2.127505e+01    2.733577e-02  
  4   1  23   2.289741e+02    2.289741e+02    2.291109e+01    2.291109e+01    1.088036e-02  
  4   2   1   4.999990e+02    4.999990e+02    2.056119e+04    2.056119e+04    1.977572e-03  
  4   2   2   1.909119e+02    1.909119e+02    2.490743e+02    2.490743e+02    -2.796744e-02  
  4   2   3   1.511896e+02    1.511896e+02    1.522184e+02    1.522184e+02    -1.890915e-02  
  4   2   4   3.204060e+02    3.204060e+02    3.573668e+02    3.573668e+02    -2.579402e-02  
  4   2   5   2.012930e+02    2.012930e+02    1.601753e+02    1.601753e+02    5.575800e-02  
  4   2   6   1.595445e+02    1.595445e+02    1.041319e+02    1.041319e+02    -1.715855e-02  
  4   2   7   1.741058e+02    1.741058e+02    9.875697e+01    9.875697e+01    1.264151e-02  
  4   2   8   1.915411e+02    1.915411e+02    1.051623e+02    1.051623e+02    2.382489e-02  
  4   2   9   2.196209e+02    2.196209e+02    1.192914e+02    1.192914e+02    3.139902e-02  
  4   2  10   2.449342e+02    2.449342e+02    1.260070e+02    1.260070e+02    9.136430e-03  
  4   2  11   1.671588e+02    1.671588e+02    6.592296e+01    6.592296e+01    -8.271294e-02  
  4   2  12   1.688246e+02    1.688246e+02    6.383698e+01    6.383698e+01    3.514659e-02  
  4   2  13   1.781145e+02    1.781145e+02    6.159957e+01    6.159957e+01    8.410145e-02  
  4   2  14   1.382211e+02    1.382211e+02    4.029313e+01    4.029313e+01    -6.364894e-02  
  4   2  15   1.170258e+02    1.170258e+02    2.981284e+01    2.981284e+01    1.121559e-01  
  4   2  16   4.581923e+02    4.581923e+02    3.002656e+02    3.002656e+02    -2.453456e-02  
  4   2  17   2.439654e+02    2.439654e+02    8.052484e+01    8.052484e+01    -1.573978e-02  
  4   2  18   2.331708e+02    2.331708e+02    6.839027e+01    6.839027e+01    -9.986585e-02  
  4   2  19   3.089759e+02    3.089759e+02    1.018164e+02    1.018164e+02    -2.232169e-02  
  4   2  20   1.725919e+02    1.725919e+02    4.095131e+01    4.095131e+01    -7.354275e-02  
  4   2  21   2.857149e+02    2.857149e+02    8.129605e+01    8.129605e+01    -5.150741e-02  
  4   2  22   1.747305e+02    1.747305e+02    3.824611e+01    3.824611e+01    -2.226037e-02  
  4   2  23   2.507949e+02    2.507949e+02    6.363304e+01    6.363304e+01    -3.331602e-02  
  4   2  24   1.833462e+02    1.833462e+02    3.746391e+01    3.746391e+01    -1.258169e-02  
  4   2  25   4.839194e+02    4.839194e+02    3.872258e+02    3.872258e+02    1.600369e-02  
  4   2  26   2.950093e+02    2.950093e+02    7.213883e+01    7.213883e+01    -2.487072e-02  
  4   2  27   2.855799e+02    2.855799e+02    6.507935e+01    6.507935e+01    -1.988533e-02  
  4   2  28   3.781336e+02    3.781336e+02    9.660827e+01    9.660827e+01    8.837120e-03  
  4   2  29   3.364630e+02    3.364630e+02    7.773648e+01    7.773648e+01    -1.277470e-02  
  4   2  30   2.124744e+02    2.124744e+02    3.776578e+01    3.776578e+01    1.350527e-01  
  4   2  31   4.570016e+02    4.570016e+02    1.163164e+02    1.163164e+02    -5.092078e-02  
  4   2  32   2.654427e+02    2.654427e+02    4.403227e+03    4.403227e+03    0.000000e+00  
  4   2  33   1.328795e+02    1.328795e+02    1.719167e+01    1.719167e+01    -6.404691e-04  
  4   2  34   2.840274e+02    2.840274e+02    5.233927e+01    5.233927e+01    -6.901925e-02  
  4   2  35   3.419653e+02    3.419653e+02    6.692723e+01    6.692723e+01    -3.495798e-02  
  4   2  36   2.766202e+02    2.766202e+02    4.777938e+01    4.777938e+01    6.666412e-03  
  4   2  37   3.555097e+02    3.555097e+02    6.821723e+01    6.821723e+01    5.498582e-03  
  4   2  38   4.711218e+02    4.711218e+02    9.981608e+01    9.981608e+01    -1.060778e-02  
  4   2  39   4.352035e+02    4.352035e+02    8.709103e+01    8.709103e+01    -8.578541e-03  
  4   2  40   3.015264e+02    3.015264e+02    4.934697e+01    4.934697e+01    -2.324552e-02  
  4   2  41   2.163995e+02    2.163995e+02    2.908292e+01    2.908292e+01    5.523973e-02  
  4   2  42   3.639265e+02    3.639265e+02    6.237218e+01    6.237218e+01    -2.769718e-03  
  4   2  43   3.426239e+02    3.426239e+02    5.495565e+01    5.495565e+01    -4.167191e-02  
  4   2  44   1.460911e+02    1.460911e+02    1.503352e+01    1.503352e+01    1.559722e-01  
  4   2  45   2.768028e+02    2.768028e+02    3.865283e+01    3.865283e+01    1.504799e-02  
  4   2  46   4.999999e+02    4.999999e+02    3.485210e+01    3.485210e+01    -3.499515e-03  
  4   2  47   2.499412e+02    2.499412e+02    3.177531e+01    3.177531e+01    1.930207e-04  
  4   2  48   3.952333e+02    3.952333e+02    6.218097e+01    6.218097e+01    7.519311e-03  
  4   2  49   2.424738e+02    2.424738e+02    2.898867e+01    2.898867e+01    -2.813621e-03  
  4   2  50   3.013796e+02    3.013796e+02    3.957450e+01    3.957450e+01    1.237526e-02  
  4   2  51   3.084931e+02    3.084931e+02    4.193755e+01    4.193755e+01    -7.127460e-04  
  4   2  52   5.000000e+02    5.000000e+02    1.828105e+01    1.828105e+01    -1.507773e-02  
  4   2  53   3.341634e+02    3.341634e+02    4.361973e+01    4.361973e+01    1.419496e-02  
  4   2  54   3.796782e+02    3.796782e+02    5.196579e+01    5.196579e+01    8.364629e-03  
  4   2  55   2.791507e+02    2.791507e+02    3.210181e+01    3.210181e+01    -2.380896e-02  
  4   2  56   5.000000e+02    5.000000e+02    6.420596e+00    6.420596e+00    3.273214e-03  
  4   2  57   4.010098e+02    4.010098e+02    5.309193e+01    5.309193e+01    -2.603595e-02  
  4   2  58   4.643037e+02    4.643037e+02    6.528932e+01    6.528932e+01    -3.617897e-03  
  4   2  59   5.000000e+02    5.000000e+02    1.307438e+02    1.307438e+02    1.453760e-02  
  4   2  60   5.000000e+02    5.000000e+02    4.712473e+01    4.712473e+01    -1.269425e-02  
  4   2  61   5.000000e+02    5.000000e+02    8.114056e+00    8.114056e+00    8.040366e-03  
  4   2  62   4.920596e+02    4.920596e+02    1.439366e+02    1.439366e+02    1.105322e-02  
  4   3   1   1.868999e+02    1.868999e+02    1.723022e+01    1.723022e+01    -2.853533e-02  
  4   3   2   2.001732e+02    2.001732e+02    1.824301e+01    1.824301e+01    -1.151243e-01  
  4   3   3   2.454047e+02    2.454047e+02    2.415855e+01    2.415855e+01    2.005673e-02  
  4   3   4   1.824163e+02    1.824163e+02    1.491084e+01    1.491084e+01    5.425336e-02  
  4   3   5   2.351579e+02    2.351579e+02    2.118044e+01    2.118044e+01    2.016226e-02  
  5   1   1   1.544853e+02    1.544853e+02    1.445302e+02    1.445302e+02    -3.143581e-04  
  5   1   2   1.392243e+02    1.392243e+02    8.919253e+01    8.919253e+01    -1.930052e-02  
  5   1   3   1.732726e+02    1.732726e+02    8.693451e+01    8.693451e+01    -4.247888e-03  
  5   1   4   2.768028e+02    2.768028e+02    1.458520e+02    1.458520e+02    3.311631e-02  
  5   1   5   1.309086e+02    1.309086e+02    3.817835e+01    3.817835e+01    3.761201e-02  
  5   1   6   3.598291e+02    3.598291e+02    1.601906e+02    1.601906e+02    -2.375334e-02  
  5   1   7   1.274995e+02    1.274995e+02    2.924647e+01    2.924647e+01    3.989492e-02  
  5   1   8   1.740706e+02    1.740706e+02    4.223357e+01    4.223357e+01    2.163592e-02  
  5   1   9   1.287891e+02    1.287891e+02    2.344765e+01    2.344765e+01    7.401071e-02  
  5   1  10   2.026949e+02    2.026949e+02    4.282833e+01    4.282833e+01    -2.288035e-02  
  5   1  11   2.039712e+02    2.039712e+02    3.924737e+01    3.924737e+01    3.181536e-02  
  5   1  12   2.012007e+02    2.012007e+02    3.551174e+01    3.551174e+01    7.020276e-03  
  5   1  13   2.454014e+02    2.454014e+02    4.457134e+01    4.457134e+01    -3.030637e-02  
  5   1  14   1.482019e+02    1.482019e+02    1.918018e+01    1.918018e+01    -4.506638e-02  
  5   1  15   1.145812e+02    1.145812e+02    1.236031e+01    1.236031e+01    5.442272e-02  
  5   1  16   3.307934e+02    3.307934e+02    5.619276e+01    5.619276e+01    -9.612747e-03  
  5   1  17   1.958155e+02    1.958155e+02    2.441948e+01    2.441948e+01    -2.214928e-02  
  5   1  18   1.822236e+02    1.822236e+02    2.081550e+01    2.081550e+01    9.139192e-02  
  5   1  19   3.222374e+02    3.222374e+02    4.617804e+01    4.617804e+01    -2.090798e-02  
  5   1  20   1.276948e+02    1.276948e+02    1.101134e+01    1.101134e+01    -1.627818e-02  
  5   1  21   3.285989e+02    3.285989e+02    4.308115e+01    4.308115e+01    2.094578e-02  
  5   1  22   2.760294e+02    2.760294e+02    3.181309e+01    3.181309e+01    4.606820e-02  
  5   1  23   3.616193e+02    3.616193e+02    4.546863e+01    4.546863e+01    4.550551e-03  
  5   2   1   1.262633e+02    1.262633e+02    2.157180e+02    2.157180e+02    -3.050215e-02  
  5   2   2   8.932599e+01    8.932599e+01    7.804706e+01    7.804706e+01    1.010821e-01  
  5   2   3   1.683062e+02    1.683062e+02    1.787353e+02    1.787353e+02    1.526138e-02  
  5   2   4   4.103966e+02    4.103966e+02    9.303398e+02    9.303398e+02    3.293196e-02  
  5   2   5   1.758606e+02    1.758606e+02    1.340643e+02    1.340643e+02    -6.159212e-03  
  5   2   6   1.682446e+02    1.682446e+02    1.130167e+02    1.130167e+02    -7.967332e-03  
  5   2   7   1.639726e+02    1.639726e+02    8.950438e+01    8.950438e+01    4.994512e-02  
  5   2   8   2.234414e+02    2.234414e+02    1.318693e+02    1.318693e+02    -2.994742e-02  
  5   2   9   1.968791e+02    1.968791e+02    1.018411e+02    1.018411e+02    -4.085830e-03  
  5   2  10   2.170798e+02    2.170798e+02    1.047739e+02    1.047739e+02    -2.722450e-02  
  5   2  11   2.504599e+02    2.504599e+02    1.223666e+02    1.223666e+02    -1.498449e-02  
  5   2  12   1.201223e+02    1.201223e+02    3.831257e+01    3.831257e+01    6.183179e-02  
  5   2  13   2.013932e+02    2.013932e+02    7.480319e+01    7.480319e+01    1.176932e-02  
  5   2  14   1.879852e+02    1.879852e+02    6.410310e+01    6.410310e+01    3.662926e-02  
  5   2  15   2.046302e+02    2.046302e+02    6.951145e+01    6.951145e+01    1.488488e-02  
  5   2  16   2.013733e+02    2.013733e+02    6.261852e+01    6.261852e+01    6.418042e-02  
  5   2  17   2.367502e+02    2.367502e+02    7.692103e+01    7.692103e+01    -2.004759e-02  
  5   2  18   2.776540e+02    2.776540e+02    9.012064e+01    9.012064e+01    -1.982485e-02  
  5   2  19   2.705890e+02    2.705890e+02    8.364704e+01    8.364704e+01    -3.213309e-04  
  5   2  20   2.493904e+02    2.493904e+02    7.137015e+01    7.137015e+01    1.639616e-02  
  5   2  21   3.866537e+02    3.866537e+02    1.280364e+02    1.280364e+02    -2.649700e-02  
  5   2  22   2.136538e+02    2.136538e+02    5.170367e+01    5.170367e+01    -1.869388e-02  
  5   2  23   2.184530e+02    2.184530e+02    5.170740e+01    5.170740e+01    4.239078e-02  
  5   2  24   3.243221e+02    3.243221e+02    8.791636e+01    8.791636e+01    3.470600e-02  
  5   2  25   3.135213e+02    3.135213e+02    8.135132e+01    8.135132e+01    8.297466e-03  
  5   2  26   3.640147e+02    3.640147e+02    9.883179e+01    9.883179e+01    2.145398e-02  
  5   2  27   2.671873e+02    2.671873e+02    5.831008e+01    5.831008e+01    -1.225640e-01  
  5   2  28   2.465343e+02    2.465343e+02    5.088437e+01    5.088437e+01    1.522327e-02  
  5   2  29   2.941301e+02    2.941301e+02    6.341513e+01    6.341513e+01    4.070790e-02  
  5   2  30   3.320502e+02    3.320502e+02    7.423542e+01    7.423542e+01    -3.948249e-02  
  5   2  31   2.719138e+02    2.719138e+02    5.381374e+01    5.381374e+01    -3.737319e-02  
  5   2  32   3.876258e+02    3.876258e+02    8.693901e+01    8.693901e+01    7.417941e-02  
  5   2  33   2.429533e+02    2.429533e+02    4.248741e+01    4.248741e+01    1.909284e-02  
  5   2  34   2.682337e+02    2.682337e+02    4.823682e+01    4.823682e+01    -1.738150e-02  
  5   2  35   3.647037e+02    3.647037e+02    7.382884e+01    7.382884e+01    -3.793632e-03  
  5   2  36   2.611368e+02    2.611368e+02    4.383007e+01    4.383007e+01    -1.601395e-02  
  5   2  37   2.903382e+02    2.903382e+02    5.032015e+01    5.032015e+01    -4.263801e-02  
  5   2  38   3.650527e+02    3.650527e+02    6.819069e+01    6.819069e+01    -2.225755e-02  
  5   2  39   3.799840e+02    3.799840e+02    7.107206e+01    7.107206e+01    -8.969809e-03  
  5   2  40   2.669113e+02    2.669113e+02    4.108230e+01    4.108230e+01    -3.529294e-02  
  5   2  41   2.730050e+02    2.730050e+02    4.123903e+01    4.123903e+01    -3.065323e-02  
  5   2  42   2.982953e+02    2.982953e+02    4.628084e+01    4.628084e+01    -1.331793e-02  
  5   2  43   2.888587e+02    2.888587e+02    4.296557e+01    4.296557e+01    1.769503e-02  
  5   2  44   3.644382e+02    3.644382e+02    5.924507e+01    5.924507e+01    4.653583e-02  
  5   2  45   2.844996e+02    2.844996e+02    4.028239e+01    4.028239e+01    -1.273528e-02  
  5   2  46   3.959279e+02    3.959279e+02    6.391125e+01    6.391125e+01    3.159457e-02  
  5   2  47   2.890727e+02    2.890727e+02    3.946352e+01    3.946352e+01    -5.950848e-02  
  5   2  48   2.879233e+02    2.879233e+02    3.867506e+01    3.867506e+01    1.640478e-02  
  5   2  49   3.347483e+02    3.347483e+02    7.219699e+03    7.219699e+03    0.000000e+00  
  5   2  50   4.301401e+02    4.301401e+02    6.742625e+01    6.742625e+01    -3.738326e-03  
  5   2  51   3.514373e+02    3.514373e+02    4.911064e+01    4.911064e+01    1.482178e-02  
  5   2  52   2.749772e+02    2.749772e+02    3.301992e+01    3.301992e+01    4.965067e-04  
  5   2  53   4.448887e+02    4.448887e+02    6.692740e+01    6.692740e+01    1.967664e-03  
  5   2  54   3.048574e+02    3.048574e+02    3.739820e+01    3.739820e+01    -1.152612e-02  
  5   2  55   3.311974e+02    3.311974e+02    4.148013e+01    4.148013e+01    -2.531504e-02  
  5   2  56   5.000000e+02    5.000000e+02    1.130516e+01    1.130516e+01    1.342545e-03  
  5   2  57   3.936248e+02    3.936248e+02    5.164625e+01    5.164625e+01    -1.647705e-02  
  5   2  58   5.000000e+02    5.000000e+02    7.374810e+01    7.374810e+01    1.251889e-02  
  5   2  59   4.999996e+02    4.999996e+02    5.299282e+01    5.299282e+01    2.794617e-03  
  5   2  60   3.201038e+02    3.201038e+02    3.617381e+01    3.617381e+01    -4.043310e-03  
  5   2  61   4.761690e+02    4.761690e+02    6.470134e+01    6.470134e+01    3.301594e-02  
  5   2  62   5.000000e+02    5.000000e+02    5.450784e+00    5.450784e+00    1.190464e-03  
  5   3   1   2.941258e+02    2.941258e+02    3.400162e+01    3.400162e+01    -3.970465e-02  
  5   3   2   2.907102e+02    2.907102e+02    3.195753e+01    3.195753e+01    -3.690496e-02  
  5   3   3   1.840295e+02    1.840295e+02    1.569069e+01    1.569069e+01    -2.191216e-02  
  5   3   4   2.838591e+02    2.838591e+02    2.895556e+01    2.895556e+01    -5.836151e-03  
  5   3   5   2.328540e+02    2.328540e+02    2.087262e+01    2.087262e+01    -4.920154e-03  
  6   1   1   1.319295e+02    1.319295e+02    1.132224e+02    1.132224e+02    3.227642e-02  
  6   1   2   2.936592e+02    2.936592e+02    2.719225e+02    2.719225e+02    7.408227e-03  
  6   1   3   2.121903e+02    2.121903e+02    1.173314e+02    1.173314e+02    -2.466384e-02  
  6   1   4   1.780611e+02    1.780611e+02    7.471122e+01    7.471122e+01    6.807092e-02  
  6   1   5   2.088015e+02    2.088015e+02    7.683503e+01    7.683503e+01    -2.645444e-02  
  6   1   6   2.840524e+02    2.840524e+02    1.117888e+02    1.117888e+02    6.364121e-02  
  6   1   7   1.774482e+02    1.774482e+02    4.803635e+01    4.803635e+01    2.812369e-03  
  6   1   8   1.795871e+02    1.795871e+02    4.425996e+01    4.425996e+01    -1.408531e-02  
  6   1   9   2.617383e+02    2.617383e+02    6.805399e+01    6.805399e+01    1.058111e-02  
  6   1  10   1.679152e+02    1.679152e+02    3.211993e+01    3.211993e+01    1.073520e-01  
  6   1  11   1.306255e+02    1.306255e+02    2.012252e+01    2.012252e+01    8.655013e-03  
  6   1  12   5.696368e+01    5.696368e+01    5.350210e+00    5.350210e+00    2.836883e-02  
  6   1  13   1.322378e+02    1.322378e+02    1.764247e+01    1.764247e+01    1.706163e-02  
  6   1  14   2.488180e+02    2.488180e+02    4.173564e+01    4.173564e+01    8.362718e-03  
  6   1  15   1.824178e+02    1.824178e+02    2.483036e+01    2.483036e+01    2.798441e-02  
  6   1  16   1.772515e+02    1.772515e+02    2.203328e+01    2.203328e+01    4.504721e-02  
  6   1  17   2.460368e+02    2.460368e+02    3.438539e+01    3.438539e+01    2.130580e-02  
  6   1  18   1.717911e+02    1.717911e+02    1.907458e+01    1.907458e+01    -1.870103e-02  
  6   1  19   2.657760e+02    2.657760e+02    3.457645e+01    3.457645e+01    4.223510e-02  
  6   1  20   3.960270e+02    3.960270e+02    6.012152e+01    6.012152e+01    2.815301e-03  
  6   1  21   2.228328e+02    2.228328e+02    2.406134e+01    2.406134e+01    -3.735549e-02  
  6   1  22   2.071192e+02    2.071192e+02    2.068708e+01    2.068708e+01    -2.359580e-02  
  6   1  23   2.439135e+02    2.439135e+02    2.518244e+01    2.518244e+01    4.399454e-02  
  6   2   1   2.069572e+02    2.069572e+02    4.606785e+02    4.606785e+02    1.937764e-02  
  6   2   2   1.861975e+02    1.861975e+02    2.408511e+02    2.408511e+02    2.743227e-02  
  6   2   3   1.247249e+02    1.247249e+02    1.135127e+02    1.135127e+02    3.029045e-02  
  6   2   4   1.734458e+02    1.734458e+02    1.472052e+02    1.472052e+02    -1.460011e-02  
  6   2   5   2.417026e+02    2.417026e+02    2.147085e+02    2.147085e+02    -3.287594e-02  
  6   2   6   2.100854e+02    2.100854e+02    1.558792e+02    1.558792e+02    3.344860e-02  
  6   2   7   2.978569e+02    2.978569e+02    2.191414e+02    2.191414e+02    2.116717e-02  
  6   2   8   1.966156e+02    1.966156e+02    1.080586e+02    1.080586e+02    6.304844e-02  
  6   2   9   2.695893e+02    2.695893e+02    1.620842e+02    1.620842e+02    -4.501302e-02  
  6   2  10   2.750488e+02    2.750488e+02    1.495041e+02    1.495041e+02    -1.897937e-02  
  6   2  11   2.957802e+02    2.957802e+02    1.560342e+02    1.560342e+02    -3.424625e-02  
  6   2  12   2.284939e+02    2.284939e+02    1.007433e+02    1.007433e+02    -1.097499e-02  
  6   2  13   2.626142e+02    2.626142e+02    1.111955e+02    1.111955e+02    -2.377133e-02  
  6   2  14   2.464244e+02    2.464244e+02    9.534023e+01    9.534023e+01    7.425527e-02  
  6   2  15   1.656575e+02    1.656575e+02    5.025681e+01    5.025681e+01    -7.818728e-02  
  6   2  16   1.886204e+02    1.886204e+02    5.707827e+01    5.707827e+01    1.946570e-02  
  6   2  17   2.625837e+02    2.625837e+02    8.974606e+01    8.974606e+01    2.974072e-02  
  6   2  18   2.609525e+02    2.609525e+02    8.197515e+01    8.197515e+01    -3.816180e-02  
  6   2  19   3.443192e+02    3.443192e+02    1.178610e+02    1.178610e+02    -6.654893e-02  
  6   2  20   1.867291e+02    1.867291e+02    4.621982e+01    4.621982e+01    -3.249418e-02  
  6   2  21   2.774474e+02    2.774474e+02    7.802272e+01    7.802272e+01    -4.289607e-02  
  6   2  22   2.482479e+02    2.482479e+02    6.469391e+01    6.469391e+01    -4.232561e-02  
  6   2  23   3.305467e+02    3.305467e+02    9.545396e+01    9.545396e+01    -6.370413e-02  
  6   2  24   3.307813e+02    3.307813e+02    9.046251e+01    9.046251e+01    3.895215e-02  
  6   2  25   2.450875e+02    2.450875e+02    5.619640e+01    5.619640e+01    3.171035e-02  
  6   2  26   2.429334e+02    2.429334e+02    5.390649e+01    5.390649e+01    2.934879e-02  
  6   2  27   4.019103e+02    4.019103e+02    1.085605e+02    1.085605e+02    -1.028631e-02  
  6   2  28   2.758840e+02    2.758840e+02    6.021351e+01    6.021351e+01    2.083641e-02  
  6   2  29   3.268764e+02    3.268764e+02    7.445939e+01    7.445939e+01    1.296738e-02  
  6   2  30   2.312290e+02    2.312290e+02    4.326802e+01    4.326802e+01    3.203031e-04  
  6   2  31   3.110752e+02    3.110752e+02    6.567045e+01    6.567045e+01    5.513770e-02  
  6   2  32   3.220601e+02    3.220601e+02    6.629425e+01    6.629425e+01    2.266232e-03  
  6   2  33   2.464654e+02    2.464654e+02    4.342623e+01    4.342623e+01    2.672779e-03  
  6   2  34   2.907718e+02    2.907718e+02    5.433200e+01    5.433200e+01    6.200778e-02  
  6   2  35   2.537069e+02    2.537069e+02    4.281795e+01    4.281795e+01    -2.389308e-02  
  6   2  36   2.291614e+02    2.291614e+02    3.602186e+01    3.602186e+01    -3.771370e-02  
  6   2  37   1.614044e+02    1.614044e+02    2.087955e+01    2.087955e+01    -1.146949e-02  
  6   2  38   2.960956e+02    2.960956e+02    4.976442e+01    4.976442e+01    -5.101934e-02  
  6   2  39   2.134478e+02    2.134478e+02    2.992005e+01    2.992005e+01    5.556279e-02  
  6   2  40   2.521722e+02    2.521722e+02    3.773129e+01    3.773129e+01    3.464291e-02  
  6   2  41   2.777119e+02    2.777119e+02    4.226330e+01    4.226330e+01    -5.143889e-02  
  6   2  42   2.906421e+02    2.906421e+02    4.452202e+01    4.452202e+01    -1.920910e-05  
  6   2  43   3.558185e+02    3.558185e+02    5.823288e+01    5.823288e+01    1.090675e-02  
  6   2  44   3.513947e+02    3.513947e+02    5.617757e+01    5.617757e+01    2.896165e-02  
  6   2  45   3.953841e+02    3.953841e+02    6.596599e+01    6.596599e+01    -9.719142e-03  
  6   2  46   5.000000e+02    5.000000e+02    1.180274e+02    1.180274e+02    1.091219e-02  
  6   2  47   3.117140e+02    3.117140e+02    4.425246e+01    4.425246e+01    -5.740398e-03  
  6   2  48   3.585486e+02    3.585486e+02    5.373096e+01    5.373096e+01    -2.150078e-02  
  6   2  49   3.251738e+02    3.251738e+02    4.500331e+01    4.500331e+01    2.117092e-02  
  6   2  50   3.851866e+02    3.851866e+02    5.716424e+01    5.716424e+01    1.429731e-02  
  6   2  51   2.888047e+02    2.888047e+02    3.658180e+01    3.658180e+01    1.422542e-02  
  6   2  52   3.074562e+02    3.074562e+02    3.903359e+01    3.903359e+01    1.759186e-02  
  6   2  53   5.000000e+02    5.000000e+02    2.390840e+02    2.390840e+02    2.556336e-02  
  6   2  54   3.420300e+02    3.420300e+02    4.444528e+01    4.444528e+01    -1.521726e-03  
  6   2  55   4.164326e+02    4.164326e+02    5.848050e+01    5.848050e+01    1.955091e-03  
  6   2  56   3.434653e+02    3.434653e+02    4.324511e+01    4.324511e+01    5.556530e-03  
  6   2  57   4.596656e+02    4.596656e+02    6.514993e+01    6.514993e+01    2.037667e-03  
  6   2  58   4.926004e+02    4.926004e+02    1.729798e+02    1.729798e+02    -3.590046e-03  
  6   2  59   5.000000e+02    5.000000e+02    6.024634e+01    6.024634e+01    2.110927e-03  
  6   2  60   2.270466e+02    2.270466e+02    2.303857e+01    2.303857e+01    -6.760448e-02  
  6   2  61   5.000000e+02    5.000000e+02    3.701781e+01    3.701781e+01    3.530281e-03  
  6   2  62   4.357483e+02    4.357483e+02    5.602869e+01    5.602869e+01    2.149020e-02  
  6   3   1   2.533719e+02    2.533719e+02    2.712403e+01    2.712403e+01    1.016164e-01  
  6   3   2   3.255816e+02    3.255816e+02    3.788470e+01    3.788470e+01    1.233677e-02  
  6   3   3   3.007859e+02    3.007859e+02    3.275226e+01    3.275226e+01    -5.825028e-02  
  6   3   4   3.826102e+02    3.826102e+02    4.529899e+01    4.529899e+01    1.084941e-02  
  6   3   5   2.214827e+02    2.214827e+02    1.935967e+01    1.935967e+01    2.682596e-02  
