sector layer component attlen_left attlen_right attlen_left_err attlen_right_err y_offset
  1   1   1   3.216317e+02    3.216317e+02    4.223824e+02    4.223824e+02    2.835527e-02  
  1   1   2   1.535705e+02    1.535705e+02    1.026321e+02    1.026321e+02    -4.007216e-02  
  1   1   3   2.201435e+02    2.201435e+02    1.244086e+02    1.244086e+02    1.514362e-03  
  1   1   4   2.040171e+02    2.040171e+02    9.156035e+01    9.156035e+01    6.255483e-02  
  1   1   5   2.152197e+02    2.152197e+02    8.025682e+01    8.025682e+01    -3.408197e-02  
  1   1   6   1.557456e+02    1.557456e+02    4.578088e+01    4.578088e+01    -3.382021e-02  
  1   1   7   1.252589e+02    1.252589e+02    2.849365e+01    2.849365e+01    1.364905e-02  
  1   1   8   2.005177e+02    2.005177e+02    5.308686e+01    5.308686e+01    2.182260e-02  
  1   1   9   2.823796e+02    2.823796e+02    7.625412e+01    7.625412e+01    3.333526e-02  
  1   1  10   1.674642e+02    1.674642e+02    3.248078e+01    3.248078e+01    -2.242554e-03  
  1   1  11   2.881522e+02    2.881522e+02    6.614753e+01    6.614753e+01    1.688997e-03  
  1   1  12   1.695023e+02    1.695023e+02    2.758530e+01    2.758530e+01    7.410717e-03  
  1   1  13   1.725727e+02    1.725727e+02    2.630254e+01    2.630254e+01    3.770923e-03  
  1   1  14   1.523596e+02    1.523596e+02    2.011562e+01    2.011562e+01    -3.550417e-03  
  1   1  15   1.328914e+02    1.328914e+02    1.575611e+01    1.575611e+01    -9.626885e-03  
  1   1  16   2.204617e+02    2.204617e+02    3.117894e+01    3.117894e+01    4.152028e-02  
  1   1  17   2.503047e+02    2.503047e+02    3.552169e+01    3.552169e+01    -2.522241e-02  
  1   1  18   2.607603e+02    2.607603e+02    3.833216e+01    3.833216e+01    -3.688875e-03  
  1   1  19   4.245375e+02    4.245375e+02    7.699225e+01    7.699225e+01    2.149204e-03  
  1   1  20   2.006438e+02    2.006438e+02    2.206080e+01    2.206080e+01    2.515391e-02  
  1   1  21   2.998011e+02    2.998011e+02    3.935556e+01    3.935556e+01    -2.178458e-02  
  1   1  22   1.503509e+02    1.503509e+02    1.377302e+01    1.377302e+01    -3.930497e-03  
  1   1  23   3.578770e+02    3.578770e+02    4.945288e+01    4.945288e+01    1.379784e-02  
  1   2   1   1.700070e+02    1.700070e+02    3.248669e+02    3.248669e+02    -3.622931e-02  
  1   2   2   1.734114e+02    1.734114e+02    2.205410e+02    2.205410e+02    4.662688e-03  
  1   2   3   5.000000e+02    5.000000e+02    3.244786e+02    3.244786e+02    1.131218e-02  
  1   2   4   1.578106e+02    1.578106e+02    1.281544e+02    1.281544e+02    -9.772832e-03  
  1   2   5   1.553691e+02    1.553691e+02    1.393940e+03    1.393940e+03    0.000000e+00  
  1   2   6   2.460853e+02    2.460853e+02    2.008391e+02    2.008391e+02    -2.399803e-02  
  1   2   7   4.999963e+02    4.999963e+02    8.092671e+02    8.092671e+02    -2.570431e-02  
  1   2   8   3.472978e+02    3.472978e+02    2.649288e+02    2.649288e+02    1.889790e-02  
  1   2   9   2.948976e+02    2.948976e+02    1.923971e+02    1.923971e+02    -2.719279e-02  
  1   2  10   4.497411e+02    4.497411e+02    5.395217e+02    5.395217e+02    -1.490538e-03  
  1   2  11   1.970702e+02    1.970702e+02    8.537028e+01    8.537028e+01    6.474514e-02  
  1   2  12   3.655613e+02    3.655613e+02    2.093908e+02    2.093908e+02    -8.216094e-03  
  1   2  13   2.171655e+02    2.171655e+02    8.349592e+01    8.349592e+01    3.035890e-02  
  1   2  14   2.207332e+02    2.207332e+02    8.331397e+01    8.331397e+01    3.059155e-02  
  1   2  15   1.983209e+02    1.983209e+02    6.645876e+01    6.645876e+01    1.331364e-03  
  1   2  16   1.783317e+02    1.783317e+02    5.351137e+01    5.351137e+01    9.369291e-02  
  1   2  17   1.906818e+02    1.906818e+02    5.678109e+01    5.678109e+01    6.504803e-02  
  1   2  18   2.096953e+02    2.096953e+02    6.131648e+01    6.131648e+01    -6.004542e-02  
  1   2  19   2.208566e+02    2.208566e+02    6.278217e+01    6.278217e+01    -2.470031e-02  
  1   2  20   3.170265e+02    3.170265e+02    1.043190e+02    1.043190e+02    4.871936e-02  
  1   2  21   4.320778e+02    4.320778e+02    1.608111e+02    1.608111e+02    -3.104807e-02  
  1   2  22   1.713665e+02    1.713665e+02    3.735320e+01    3.735320e+01    4.164072e-03  
  1   2  23   3.481442e+02    3.481442e+02    1.048960e+02    1.048960e+02    7.895973e-03  
  1   2  24   2.543992e+02    2.543992e+02    6.120629e+01    6.120629e+01    6.968174e-02  
  1   2  25   2.855205e+02    2.855205e+02    7.433177e+01    7.433177e+01    -2.914140e-02  
  1   2  26   1.988498e+02    1.988498e+02    4.065215e+01    4.065215e+01    -1.572518e-02  
  1   2  27   3.170362e+02    3.170362e+02    8.243026e+01    8.243026e+01    -7.826187e-02  
  1   2  28   2.147514e+02    2.147514e+02    4.303608e+01    4.303608e+01    -1.164993e-02  
  1   2  29   3.338570e+02    3.338570e+02    8.057962e+01    8.057962e+01    1.030539e-02  
  1   2  30   2.380649e+02    2.380649e+02    4.737931e+01    4.737931e+01    2.029109e-02  
  1   2  31   3.277009e+02    3.277009e+02    7.419422e+01    7.419422e+01    8.376480e-03  
  1   2  32   3.039513e+02    3.039513e+02    6.262246e+01    6.262246e+01    1.894542e-02  
  1   2  33   2.262176e+02    2.262176e+02    3.990099e+01    3.990099e+01    -3.072723e-02  
  1   2  34   2.412780e+02    2.412780e+02    4.216699e+01    4.216699e+01    1.402756e-02  
  1   2  35   2.513734e+02    2.513734e+02    4.432048e+01    4.432048e+01    -2.429606e-02  
  1   2  36   1.294123e+02    1.294123e+02    1.572480e+01    1.572480e+01    -1.359176e-01  
  1   2  37   2.389113e+02    2.389113e+02    3.826584e+01    3.826584e+01    -5.335662e-02  
  1   2  38   2.249305e+02    2.249305e+02    3.391756e+01    3.391756e+01    -1.529740e-02  
  1   2  39   3.081435e+02    3.081435e+02    5.205380e+01    5.205380e+01    2.324082e-02  
  1   2  40   5.000000e+02    5.000000e+02    2.398970e+02    2.398970e+02    -1.891713e-02  
  1   2  41   4.019383e+02    4.019383e+02    7.984187e+01    7.984187e+01    -6.420050e-02  
  1   2  42   1.924406e+02    1.924406e+02    2.546059e+01    2.546059e+01    -2.133637e-02  
  1   2  43   2.767263e+02    2.767263e+02    4.084942e+01    4.084942e+01    4.003873e-02  
  1   2  44   4.349548e+02    4.349548e+02    7.964226e+01    7.964226e+01    2.846900e-02  
  1   2  45   2.753619e+02    2.753619e+02    3.991589e+01    3.991589e+01    1.438742e-03  
  1   2  46   3.574572e+02    3.574572e+02    5.765686e+01    5.765686e+01    -3.046130e-02  
  1   2  47   2.678869e+02    2.678869e+02    3.793015e+01    3.793015e+01    -1.233534e-02  
  1   2  48   3.568381e+02    3.568381e+02    5.674375e+01    5.674375e+01    -4.108561e-03  
  1   2  49   4.999995e+02    4.999995e+02    1.996009e+02    1.996009e+02    2.569772e-02  
  1   2  50   3.235597e+02    3.235597e+02    4.791365e+01    4.791365e+01    -1.827057e-02  
  1   2  51   3.872453e+02    3.872453e+02    6.236880e+01    6.236880e+01    -1.346302e-02  
  1   2  52   4.245348e+02    4.245348e+02    6.690697e+01    6.690697e+01    3.551482e-02  
  1   2  53   5.000000e+02    5.000000e+02    1.759274e+02    1.759274e+02    4.668433e-03  
  1   2  54   3.798211e+02    3.798211e+02    5.551269e+01    5.551269e+01    1.871565e-02  
  1   2  55   3.981675e+02    3.981675e+02    6.068800e+01    6.068800e+01    7.508984e-03  
  1   2  56   4.999999e+02    4.999999e+02    1.886120e+03    1.886120e+03    1.294468e-02  
  1   2  57   3.419530e+02    3.419530e+02    4.560376e+01    4.560376e+01    -1.477076e-02  
  1   2  58   4.183759e+02    4.183759e+02    6.130707e+01    6.130707e+01    4.592879e-02  
  1   2  59   3.294903e+02    3.294903e+02    4.912449e+01    4.912449e+01    2.034422e-02  
  1   2  60   5.000000e+02    5.000000e+02    6.053489e+01    6.053489e+01    -4.882397e-03  
  1   2  61   5.000000e+02    5.000000e+02    3.164986e+02    3.164986e+02    5.531715e-03  
  1   2  62   4.649475e+02    4.649475e+02    7.213319e+01    7.213319e+01    2.321731e-03  
  1   3   1   2.144373e+02    2.144373e+02    2.188612e+01    2.188612e+01    -1.875607e-02  
  1   3   2   2.619504e+02    2.619504e+02    2.859383e+01    2.859383e+01    5.986227e-02  
  1   3   3   1.892560e+02    1.892560e+02    1.713844e+01    1.713844e+01    6.154204e-03  
  1   3   4   3.071248e+02    3.071248e+02    3.582506e+01    3.582506e+01    1.006361e-02  
  1   3   5   2.595293e+02    2.595293e+02    2.742597e+01    2.742597e+01    4.978817e-02  
  2   1   1   1.336998e+02    1.336998e+02    1.158476e+02    1.158476e+02    -1.736289e-02  
  2   1   2   2.524750e+02    2.524750e+02    2.189095e+02    2.189095e+02    -1.207524e-02  
  2   1   3   1.417888e+02    1.417888e+02    6.440730e+01    6.440730e+01    3.276760e-03  
  2   1   4   2.075825e+02    2.075825e+02    9.503195e+01    9.503195e+01    3.079867e-02  
  2   1   5   1.663503e+02    1.663503e+02    5.463061e+01    5.463061e+01    -6.447159e-02  
  2   1   6   1.921555e+02    1.921555e+02    6.273022e+01    6.273022e+01    -2.193023e-02  
  2   1   7   1.641568e+02    1.641568e+02    4.276405e+01    4.276405e+01    2.068371e-02  
  2   1   8   2.023405e+02    2.023405e+02    5.293177e+01    5.293177e+01    -1.598445e-02  
  2   1   9   1.621189e+02    1.621189e+02    3.433838e+01    3.433838e+01    4.777644e-02  
  2   1  10   2.330170e+02    2.330170e+02    5.277119e+01    5.277119e+01    2.212801e-02  
  2   1  11   2.282835e+02    2.282835e+02    4.648859e+01    4.648859e+01    4.520014e-03  
  2   1  12   2.919487e+02    2.919487e+02    6.205347e+01    6.205347e+01    1.892729e-03  
  2   1  13   1.795525e+02    1.795525e+02    1.905514e+03    1.905514e+03    0.000000e+00  
  2   1  14   2.275895e+02    2.275895e+02    3.683741e+01    3.683741e+01    -2.627071e-02  
  2   1  15   1.503384e+02    1.503384e+02    1.892086e+01    1.892086e+01    -1.538200e-02  
  2   1  16   1.912978e+02    1.912978e+02    2.540112e+01    2.540112e+01    2.328952e-02  
  2   1  17   3.295687e+02    3.295687e+02    5.621705e+01    5.621705e+01    1.013394e-01  
  2   1  18   2.169466e+02    2.169466e+02    2.725700e+01    2.725700e+01    2.930782e-02  
  2   1  19   2.230769e+02    2.230769e+02    2.704804e+01    2.704804e+01    3.541858e-02  
  2   1  20   1.463465e+02    1.463465e+02    1.472654e+01    1.472654e+01    1.169847e-02  
  2   1  21   2.144310e+02    2.144310e+02    2.373721e+01    2.373721e+01    -1.514209e-03  
  2   1  22   1.789432e+02    1.789432e+02    1.767458e+01    1.767458e+01    -3.270259e-04  
  2   1  23   1.819062e+02    1.819062e+02    1.786337e+01    1.786337e+01    7.347048e-02  
  2   2   1   2.625350e+02    2.625350e+02    9.752833e+02    9.752833e+02    1.254252e-02  
  2   2   2   1.118706e+02    1.118706e+02    1.114415e+02    1.114415e+02    7.134545e-02  
  2   2   3   1.632059e+02    1.632059e+02    1.707163e+02    1.707163e+02    2.108987e-02  
  2   2   4   1.302565e+02    1.302565e+02    9.616186e+01    9.616186e+01    1.344485e-02  
  2   2   5   5.000000e+02    5.000000e+02    8.194871e+01    8.194871e+01    -1.316918e-02  
  2   2   6   1.471737e+02    1.471737e+02    9.226953e+01    9.226953e+01    3.364107e-02  
  2   2   7   3.763965e+02    3.763965e+02    3.093374e+02    3.093374e+02    -2.170225e-02  
  2   2   8   1.153437e+02    1.153437e+02    4.851766e+01    4.851766e+01    -8.899760e-02  
  2   2   9   2.022593e+02    2.022593e+02    1.055346e+02    1.055346e+02    -3.299764e-02  
  2   2  10   1.539901e+02    1.539901e+02    6.282240e+01    6.282240e+01    5.162523e-02  
  2   2  11   1.987501e+02    1.987501e+02    8.905190e+01    8.905190e+01    3.992685e-02  
  2   2  12   2.099731e+02    2.099731e+02    8.867889e+01    8.867889e+01    4.512741e-02  
  2   2  13   2.124374e+02    2.124374e+02    8.191490e+01    8.191490e+01    -7.022713e-02  
  2   2  14   2.910292e+02    2.910292e+02    1.235429e+02    1.235429e+02    -2.642020e-02  
  2   2  15   2.377098e+02    2.377098e+02    8.920311e+01    8.920311e+01    9.043725e-02  
  2   2  16   2.464809e+02    2.464809e+02    8.783266e+01    8.783266e+01    5.465229e-02  
  2   2  17   2.226010e+02    2.226010e+02    7.014626e+01    7.014626e+01    -2.606612e-02  
  2   2  18   2.136799e+02    2.136799e+02    6.196637e+01    6.196637e+01    -2.053909e-02  
  2   2  19   1.401092e+02    1.401092e+02    3.221870e+01    3.221870e+01    3.635352e-02  
  2   2  20   1.753096e+02    1.753096e+02    4.245380e+01    4.245380e+01    -1.015811e-01  
  2   2  21   4.713704e+02    4.713704e+02    3.164139e+02    3.164139e+02    -8.612995e-03  
  2   2  22   1.949358e+02    1.949358e+02    4.507132e+01    4.507132e+01    1.977469e-02  
  2   2  23   2.232823e+02    2.232823e+02    5.447799e+01    5.447799e+01    2.132938e-02  
  2   2  24   2.105932e+02    2.105932e+02    4.855458e+01    4.855458e+01    -1.451212e-01  
  2   2  25   1.677769e+02    1.677769e+02    3.259887e+01    3.259887e+01    4.599741e-02  
  2   2  26   3.526089e+02    3.526089e+02    1.002560e+02    1.002560e+02    -3.863171e-02  
  2   2  27   2.185010e+02    2.185010e+02    4.355750e+01    4.355750e+01    3.342821e-02  
  2   2  28   2.758009e+02    2.758009e+02    6.091989e+01    6.091989e+01    9.285322e-03  
  2   2  29   2.351150e+02    2.351150e+02    4.587717e+01    4.587717e+01    -4.920897e-02  
  2   2  30   1.821124e+02    1.821124e+02    3.262068e+01    3.262068e+01    5.393465e-02  
  2   2  31   1.658385e+02    1.658385e+02    2.695577e+01    2.695577e+01    7.734001e-02  
  2   2  32   2.298217e+02    2.298217e+02    4.043482e+01    4.043482e+01    -1.261293e-02  
  2   2  33   4.570632e+02    4.570632e+02    1.139592e+02    1.139592e+02    -5.963232e-02  
  2   2  34   2.807674e+02    2.807674e+02    5.394718e+01    5.394718e+01    -4.213904e-02  
  2   2  35   3.385258e+02    3.385258e+02    6.920310e+01    6.920310e+01    -3.578703e-02  
  2   2  36   3.010235e+02    3.010235e+02    5.532792e+01    5.532792e+01    1.144125e-02  
  2   2  37   2.975261e+02    2.975261e+02    5.349189e+01    5.349189e+01    3.818837e-02  
  2   2  38   2.349504e+02    2.349504e+02    3.633575e+01    3.633575e+01    -2.103595e-02  
  2   2  39   3.063670e+02    3.063670e+02    5.319134e+01    5.319134e+01    1.109477e-02  
  2   2  40   3.475224e+02    3.475224e+02    6.372574e+01    6.372574e+01    -1.533210e-02  
  2   2  41   2.506605e+02    2.506605e+02    3.723809e+01    3.723809e+01    3.010926e-02  
  2   2  42   4.891067e+02    4.891067e+02    2.755402e+02    2.755402e+02    7.519530e-03  
  2   2  43   3.406481e+02    3.406481e+02    5.683863e+01    5.683863e+01    2.888661e-02  
  2   2  44   2.432676e+02    2.432676e+02    3.477923e+01    3.477923e+01    3.054011e-02  
  2   2  45   3.337141e+02    3.337141e+02    5.457764e+01    5.457764e+01    8.472417e-04  
  2   2  46   2.405168e+02    2.405168e+02    3.162264e+01    3.162264e+01    3.827896e-03  
  2   2  47   5.000000e+02    5.000000e+02    8.776910e+01    8.776910e+01    -3.017163e-02  
  2   2  48   2.839946e+02    2.839946e+02    4.065934e+01    4.065934e+01    -3.348173e-03  
  2   2  49   2.983948e+02    2.983948e+02    4.519188e+01    4.519188e+01    1.633538e-02  
  2   2  50   2.634110e+02    2.634110e+02    3.706387e+01    3.706387e+01    -1.990054e-02  
  2   2  51   3.671549e+02    3.671549e+02    5.615232e+01    5.615232e+01    2.035325e-02  
  2   2  52   3.802069e+02    3.802069e+02    5.728453e+01    5.728453e+01    -6.930625e-03  
  2   2  53   3.808365e+02    3.808365e+02    5.748522e+01    5.748522e+01    -4.670632e-03  
  2   2  54   2.313459e+02    2.313459e+02    2.751016e+01    2.751016e+01    1.291811e-02  
  2   2  55   2.662012e+02    2.662012e+02    3.262545e+01    3.262545e+01    1.659363e-02  
  2   2  56   2.933220e+02    2.933220e+02    3.722736e+01    3.722736e+01    -2.906151e-02  
  2   2  57   4.976123e+02    4.976123e+02    6.245717e+02    6.245717e+02    -1.480538e-02  
  2   2  58   4.958520e+02    4.958520e+02    4.054403e+02    4.054403e+02    -1.365314e-02  
  2   2  59   3.473198e+02    3.473198e+02    4.884577e+01    4.884577e+01    -8.862692e-03  
  2   2  60   3.594516e+02    3.594516e+02    5.283715e+01    5.283715e+01    2.339974e-02  
  2   2  61   2.353632e+02    2.353632e+02    2.561462e+01    2.561462e+01    4.004501e-02  
  2   2  62   5.000000e+02    5.000000e+02    4.678673e+01    4.678673e+01    -1.841064e-02  
  2   3   1   3.011290e+02    3.011290e+02    3.581813e+01    3.581813e+01    -5.959147e-02  
  2   3   2   1.733016e+02    1.733016e+02    1.519929e+01    1.519929e+01    1.976382e-03  
  2   3   3   1.528116e+02    1.528116e+02    1.250270e+01    1.250270e+01    7.896714e-02  
  2   3   4   3.058760e+02    3.058760e+02    3.613970e+01    3.613970e+01    -3.127170e-03  
  2   3   5   1.675272e+02    1.675272e+02    1.384876e+01    1.384876e+01    -1.124613e-01  
  3   1   1   1.370564e+02    1.370564e+02    1.198975e+02    1.198975e+02    2.389832e-02  
  3   1   2   1.901388e+02    1.901388e+02    1.362747e+02    1.362747e+02    7.264027e-02  
  3   1   3   1.031938e+02    1.031938e+02    3.997880e+01    3.997880e+01    4.761980e-02  
  3   1   4   2.925670e+02    2.925670e+02    1.590221e+02    1.590221e+02    4.014901e-02  
  3   1   5   1.818096e+02    1.818096e+02    6.186202e+01    6.186202e+01    8.544392e-02  
  3   1   6   9.978390e+01    9.978390e+01    2.352846e+01    2.352846e+01    6.032891e-05  
  3   1   7   1.410417e+02    1.410417e+02    3.404948e+01    3.404948e+01    -1.719176e-02  
  3   1   8   1.333228e+02    1.333228e+02    2.832045e+01    2.832045e+01    -5.019596e-03  
  3   1   9   1.810733e+02    1.810733e+02    3.913354e+01    3.913354e+01    4.139614e-02  
  3   1  10   1.613897e+02    1.613897e+02    3.041321e+01    3.041321e+01    4.995116e-02  
  3   1  11   1.760582e+02    1.760582e+02    3.171045e+01    3.171045e+01    5.659818e-02  
  3   1  12   1.767691e+02    1.767691e+02    2.949524e+01    2.949524e+01    1.458858e-01  
  3   1  13   1.327863e+02    1.327863e+02    1.794412e+01    1.794412e+01    6.874595e-03  
  3   1  14   3.043980e+02    3.043980e+02    5.696109e+01    5.696109e+01    -2.149145e-03  
  3   1  15   1.734503e+02    1.734503e+02    2.339618e+01    2.339618e+01    1.819146e-02  
  3   1  16   2.219589e+02    2.219589e+02    3.127607e+01    3.127607e+01    -3.432999e-02  
  3   1  17   1.456120e+02    1.456120e+02    1.603716e+01    1.603716e+01    -2.936452e-03  
  3   1  18   5.000000e+02    5.000000e+02    1.171066e+02    1.171066e+02    3.236845e-03  
  3   1  19   3.989246e+02    3.989246e+02    6.982797e+01    6.982797e+01    -1.272110e-02  
  3   1  20   2.177134e+02    2.177134e+02    2.468099e+01    2.468099e+01    1.636514e-02  
  3   1  21   1.945984e+02    1.945984e+02    2.058382e+01    2.058382e+01    -2.210958e-02  
  3   1  22   1.260298e+02    1.260298e+02    1.048719e+01    1.048719e+01    -4.804312e-02  
  3   1  23   1.653744e+02    1.653744e+02    1.472512e+01    1.472512e+01    5.164964e-02  
  3   2   1   5.000000e+02    5.000000e+02    2.849124e+03    2.849124e+03    -3.320756e-03  
  3   2   2   1.936154e+02    1.936154e+02    2.560853e+02    2.560853e+02    -2.622337e-02  
  3   2   3   2.149452e+02    2.149452e+02    2.580713e+02    2.580713e+02    1.331844e-02  
  3   2   4   1.510891e+02    1.510891e+02    1.185286e+02    1.185286e+02    -4.570598e-02  
  3   2   5   1.379794e+02    1.379794e+02    9.186868e+01    9.186868e+01    5.790493e-02  
  3   2   6   2.297948e+02    2.297948e+02    1.749284e+02    1.749284e+02    -5.077291e-02  
  3   2   7   2.250181e+02    2.250181e+02    1.445783e+02    1.445783e+02    2.617915e-02  
  3   2   8   2.907966e+02    2.907966e+02    1.987096e+02    1.987096e+02    -1.779771e-02  
  3   2   9   1.540412e+02    1.540412e+02    7.092295e+01    7.092295e+01    -6.666102e-02  
  3   2  10   2.247873e+02    2.247873e+02    1.111519e+02    1.111519e+02    4.814773e-02  
  3   2  11   2.434665e+02    2.434665e+02    1.178792e+02    1.178792e+02    1.231780e-03  
  3   2  12   1.880469e+02    1.880469e+02    7.603706e+01    7.603706e+01    -3.967898e-02  
  3   2  13   2.322967e+02    2.322967e+02    9.530543e+01    9.530543e+01    -9.445428e-03  
  3   2  14   1.959485e+02    1.959485e+02    6.901792e+01    6.901792e+01    -1.348353e-02  
  3   2  15   1.869930e+02    1.869930e+02    6.199748e+01    6.199748e+01    -2.358956e-02  
  3   2  16   1.863709e+02    1.863709e+02    5.745270e+01    5.745270e+01    -8.219731e-02  
  3   2  17   3.005491e+02    3.005491e+02    1.096566e+02    1.096566e+02    4.385545e-02  
  3   2  18   2.358411e+02    2.358411e+02    7.059994e+01    7.059994e+01    -1.688968e-02  
  3   2  19   2.105874e+02    2.105874e+02    5.839506e+01    5.839506e+01    -2.278091e-02  
  3   2  20   2.477237e+02    2.477237e+02    7.052233e+01    7.052233e+01    4.559896e-02  
  3   2  21   3.514737e+02    3.514737e+02    1.138689e+02    1.138689e+02    -5.285997e-03  
  3   2  22   2.193261e+02    2.193261e+02    5.640654e+01    5.640654e+01    -3.670083e-02  
  3   2  23   1.766559e+02    1.766559e+02    3.774224e+01    3.774224e+01    -1.245051e-02  
  3   2  24   2.231930e+02    2.231930e+02    5.186887e+01    5.186887e+01    -4.066826e-02  
  3   2  25   2.655613e+02    2.655613e+02    6.535499e+01    6.535499e+01    -1.758747e-03  
  3   2  26   3.502863e+02    3.502863e+02    1.071286e+02    1.071286e+02    -3.345636e-02  
  3   2  27   1.993675e+02    1.993675e+02    3.848343e+01    3.848343e+01    7.009905e-03  
  3   2  28   2.587902e+02    2.587902e+02    5.474231e+01    5.474231e+01    2.798395e-02  
  3   2  29   3.939323e+02    3.939323e+02    1.034725e+02    1.034725e+02    5.159228e-02  
  3   2  30   3.864017e+02    3.864017e+02    9.407509e+01    9.407509e+01    3.397752e-02  
  3   2  31   3.157911e+02    3.157911e+02    7.005110e+01    7.005110e+01    -3.456319e-02  
  3   2  32   4.437509e+02    4.437509e+02    1.148210e+02    1.148210e+02    -9.173134e-03  
  3   2  33   4.785881e+02    4.785881e+02    1.868880e+02    1.868880e+02    3.971283e-02  
  3   2  34   3.548586e+02    3.548586e+02    7.788994e+01    7.788994e+01    -6.202312e-03  
  3   2  35   2.164566e+02    2.164566e+02    3.429327e+01    3.429327e+01    4.469506e-02  
  3   2  36   3.387746e+02    3.387746e+02    6.726863e+01    6.726863e+01    -1.236146e-03  
  3   2  37   4.486616e+02    4.486616e+02    1.022190e+02    1.022190e+02    -5.546671e-03  
  3   2  38   2.904537e+02    2.904537e+02    5.132608e+01    5.132608e+01    4.972834e-02  
  3   2  39   4.481265e+02    4.481265e+02    9.241084e+01    9.241084e+01    1.426446e-02  
  3   2  40   3.599741e+02    3.599741e+02    6.711710e+01    6.711710e+01    -1.175325e-02  
  3   2  41   5.000000e+02    5.000000e+02    1.659149e+02    1.659149e+02    4.121294e-02  
  3   2  42   2.124504e+02    2.124504e+02    2.945196e+01    2.945196e+01    -1.311242e-02  
  3   2  43   4.197710e+02    4.197710e+02    7.601953e+01    7.601953e+01    5.750670e-03  
  3   2  44   4.506272e+02    4.506272e+02    8.641834e+01    8.641834e+01    9.042412e-03  
  3   2  45   4.302619e+02    4.302619e+02    7.926203e+01    7.926203e+01    -9.465107e-03  
  3   2  46   3.158749e+02    3.158749e+02    4.684581e+01    4.684581e+01    -7.221260e-03  
  3   2  47   3.754289e+02    3.754289e+02    6.213323e+01    6.213323e+01    6.398921e-03  
  3   2  48   3.547662e+02    3.547662e+02    5.610636e+01    5.610636e+01    1.228060e-02  
  3   2  49   3.244738e+02    3.244738e+02    4.960337e+01    4.960337e+01    3.834427e-02  
  3   2  50   4.997877e+02    4.997877e+02    1.583575e+04    1.583575e+04    2.048971e-02  
  3   2  51   5.000000e+02    5.000000e+02    3.595100e+01    3.595100e+01    2.343172e-02  
  3   2  52   4.346220e+02    4.346220e+02    7.145044e+01    7.145044e+01    9.776008e-03  
  3   2  53   4.199265e+02    4.199265e+02    6.484311e+01    6.484311e+01    1.409362e-03  
  3   2  54   3.215124e+02    3.215124e+02    4.557911e+01    4.557911e+01    3.014558e-02  
  3   2  55   3.281755e+02    3.281755e+02    4.597813e+01    4.597813e+01    1.174611e-02  
  3   2  56   4.915967e+02    4.915967e+02    2.052425e+02    2.052425e+02    3.651876e-03  
  3   2  57   2.950852e+02    2.950852e+02    3.632151e+01    3.632151e+01    1.271372e-02  
  3   2  58   5.000000e+02    5.000000e+02    1.665336e+02    1.665336e+02    1.820905e-02  
  3   2  59   3.084790e+02    3.084790e+02    3.829672e+01    3.829672e+01    -4.521975e-03  
  3   2  60   4.542501e+02    4.542501e+02    7.175043e+01    7.175043e+01    2.020769e-02  
  3   2  61   5.000000e+02    5.000000e+02    2.457895e+02    2.457895e+02    8.441724e-03  
  3   2  62   4.999997e+02    4.999997e+02    1.847079e+02    1.847079e+02    -1.048610e-03  
  3   3   1   3.367260e+02    3.367260e+02    4.269121e+01    4.269121e+01    3.919254e-02  
  3   3   2   2.412685e+02    2.412685e+02    2.722675e+01    2.722675e+01    9.695936e-02  
  3   3   3   2.250437e+02    2.250437e+02    3.094453e+03    3.094453e+03    0.000000e+00  
  3   3   4   2.377730e+02    2.377730e+02    2.402497e+01    2.402497e+01    2.484130e-02  
  3   3   5   4.407266e+02    4.407266e+02    6.436614e+01    6.436614e+01    1.803254e-02  
  4   1   1   1.929076e+02    1.929076e+02    1.995323e+02    1.995323e+02    -1.875849e-02  
  4   1   2   1.228783e+02    1.228783e+02    7.362202e+01    7.362202e+01    -5.575047e-02  
  4   1   3   1.995943e+02    1.995943e+02    1.070537e+02    1.070537e+02    -2.756743e-02  
  4   1   4   2.154166e+02    2.154166e+02    1.005875e+02    1.005875e+02    -1.720330e-02  
  4   1   5   1.460887e+02    1.460887e+02    4.507021e+01    4.507021e+01    7.033050e-03  
  4   1   6   1.758580e+02    1.758580e+02    5.501628e+01    5.501628e+01    -5.406631e-03  
  4   1   7   3.258941e+02    3.258941e+02    1.204765e+02    1.204765e+02    -2.381352e-02  
  4   1   8   1.799304e+02    1.799304e+02    4.438460e+01    4.438460e+01    -2.141658e-02  
  4   1   9   2.398220e+02    2.398220e+02    6.034129e+01    6.034129e+01    -2.514018e-03  
  4   1  10   1.928548e+02    1.928548e+02    3.976251e+01    3.976251e+01    -3.372093e-02  
  4   1  11   2.668583e+02    2.668583e+02    5.874177e+01    5.874177e+01    -3.453663e-03  
  4   1  12   1.799655e+02    1.799655e+02    3.004121e+01    3.004121e+01    -4.039911e-03  
  4   1  13   2.214027e+02    2.214027e+02    3.865589e+01    3.865589e+01    -9.053505e-03  
  4   1  14   1.623178e+02    1.623178e+02    2.241958e+01    2.241958e+01    -1.064765e-01  
  4   1  15   2.373005e+02    2.373005e+02    3.712804e+01    3.712804e+01    -3.638474e-02  
  4   1  16   1.935753e+02    1.935753e+02    2.558342e+01    2.558342e+01    -4.468428e-04  
  4   1  17   2.508940e+02    2.508940e+02    3.599243e+01    3.599243e+01    -7.613173e-02  
  4   1  18   2.770225e+02    2.770225e+02    3.969056e+01    3.969056e+01    -1.522194e-02  
  4   1  19   2.598996e+02    2.598996e+02    3.412462e+01    3.412462e+01    6.611333e-02  
  4   1  20   1.538977e+02    1.538977e+02    1.505493e+01    1.505493e+01    4.832923e-02  
  4   1  21   2.272658e+02    2.272658e+02    2.605139e+01    2.605139e+01    -2.132470e-02  
  4   1  22   2.109846e+02    2.109846e+02    2.176226e+01    2.176226e+01    3.087237e-02  
  4   1  23   2.283205e+02    2.283205e+02    2.477180e+01    2.477180e+01    1.723196e-02  
  4   2   1   4.486740e+02    4.486740e+02    1.544154e+04    1.544154e+04    1.004592e-02  
  4   2   2   2.778457e+02    2.778457e+02    4.532573e+02    4.532573e+02    -1.704203e-02  
  4   2   3   1.480847e+02    1.480847e+02    1.472793e+02    1.472793e+02    -1.361449e-02  
  4   2   4   4.999998e+02    4.999998e+02    1.549311e+03    1.549311e+03    -1.455417e-02  
  4   2   5   2.457284e+02    2.457284e+02    2.167073e+02    2.167073e+02    3.625387e-02  
  4   2   6   1.612864e+02    1.612864e+02    1.058563e+02    1.058563e+02    -1.717540e-02  
  4   2   7   1.718748e+02    1.718748e+02    9.725043e+01    9.725043e+01    1.161930e-02  
  4   2   8   1.855646e+02    1.855646e+02    1.008287e+02    1.008287e+02    1.479552e-02  
  4   2   9   2.246516e+02    2.246516e+02    1.245851e+02    1.245851e+02    2.543568e-02  
  4   2  10   2.482445e+02    2.482445e+02    1.295345e+02    1.295345e+02    1.697925e-02  
  4   2  11   1.705187e+02    1.705187e+02    6.935210e+01    6.935210e+01    -7.560678e-02  
  4   2  12   1.748691e+02    1.748691e+02    6.760200e+01    6.760200e+01    2.509653e-02  
  4   2  13   1.816836e+02    1.816836e+02    6.515782e+01    6.515782e+01    9.959221e-02  
  4   2  14   1.348325e+02    1.348325e+02    4.000788e+01    4.000788e+01    -5.571301e-02  
  4   2  15   1.184447e+02    1.184447e+02    3.086825e+01    3.086825e+01    9.750587e-02  
  4   2  16   4.897958e+02    4.897958e+02    1.502765e+03    1.502765e+03    -1.363944e-02  
  4   2  17   2.426071e+02    2.426071e+02    8.000484e+01    8.000484e+01    -1.419843e-02  
  4   2  18   2.621818e+02    2.621818e+02    8.730380e+01    8.730380e+01    -1.066409e-01  
  4   2  19   3.341009e+02    3.341009e+02    1.156183e+02    1.156183e+02    -3.099745e-02  
  4   2  20   1.667118e+02    1.667118e+02    4.262779e+01    4.262779e+01    -8.759390e-02  
  4   2  21   3.035173e+02    3.035173e+02    9.221730e+01    9.221730e+01    -4.328531e-02  
  4   2  22   1.763943e+02    1.763943e+02    3.971789e+01    3.971789e+01    -1.611209e-02  
  4   2  23   2.597616e+02    2.597616e+02    7.042814e+01    7.042814e+01    -3.874813e-02  
  4   2  24   1.830460e+02    1.830460e+02    3.768505e+01    3.768505e+01    -6.641210e-03  
  4   2  25   4.999999e+02    4.999999e+02    2.270531e+03    2.270531e+03    1.472703e-02  
  4   2  26   2.969281e+02    2.969281e+02    7.298485e+01    7.298485e+01    -2.239118e-02  
  4   2  27   2.913711e+02    2.913711e+02    6.882755e+01    6.882755e+01    -2.814355e-02  
  4   2  28   3.896455e+02    3.896455e+02    1.052455e+02    1.052455e+02    5.436990e-03  
  4   2  29   3.372297e+02    3.372297e+02    7.907093e+01    7.907093e+01    -2.988986e-02  
  4   2  30   2.393770e+02    2.393770e+02    4.974419e+01    4.974419e+01    1.005210e-01  
  4   2  31   4.809016e+02    4.809016e+02    2.344820e+02    2.344820e+02    -5.964580e-02  
  4   2  32   2.654427e+02    2.654427e+02    4.403227e+03    4.403227e+03    0.000000e+00  
  4   2  33   1.341139e+02    1.341139e+02    1.776216e+01    1.776216e+01    2.942848e-03  
  4   2  34   2.912064e+02    2.912064e+02    5.546103e+01    5.546103e+01    -6.065060e-02  
  4   2  35   3.571491e+02    3.571491e+02    7.400455e+01    7.400455e+01    -4.215264e-02  
  4   2  36   2.760218e+02    2.760218e+02    4.889084e+01    4.889084e+01    9.518941e-03  
  4   2  37   3.596147e+02    3.596147e+02    7.165583e+01    7.165583e+01    1.646448e-02  
  4   2  38   4.910703e+02    4.910703e+02    3.599225e+02    3.599225e+02    -1.256509e-02  
  4   2  39   4.609486e+02    4.609486e+02    9.708874e+01    9.708874e+01    -1.270020e-02  
  4   2  40   3.005651e+02    3.005651e+02    5.386937e+01    5.386937e+01    -2.005809e-02  
  4   2  41   2.176085e+02    2.176085e+02    3.114842e+01    3.114842e+01    6.106887e-02  
  4   2  42   3.684881e+02    3.684881e+02    6.522548e+01    6.522548e+01    -4.158590e-03  
  4   2  43   3.584779e+02    3.584779e+02    6.200182e+01    6.200182e+01    -2.232747e-02  
  4   2  44   1.452116e+02    1.452116e+02    1.565817e+01    1.565817e+01    1.482568e-01  
  4   2  45   2.815141e+02    2.815141e+02    4.167498e+01    4.167498e+01    6.504400e-03  
  4   2  46   5.000000e+02    5.000000e+02    4.070036e+01    4.070036e+01    -2.334743e-03  
  4   2  47   2.546616e+02    2.546616e+02    3.451265e+01    3.451265e+01    6.242259e-03  
  4   2  48   3.984749e+02    3.984749e+02    6.642969e+01    6.642969e+01    1.251848e-02  
  4   2  49   2.422701e+02    2.422701e+02    3.112231e+01    3.112231e+01    -1.064671e-02  
  4   2  50   3.060914e+02    3.060914e+02    4.193960e+01    4.193960e+01    1.645463e-02  
  4   2  51   3.129284e+02    3.129284e+02    4.801180e+01    4.801180e+01    -2.200168e-03  
  4   2  52   5.000000e+02    5.000000e+02    1.980317e+01    1.980317e+01    -6.925889e-03  
  4   2  53   3.358612e+02    3.358612e+02    4.949177e+01    4.949177e+01    5.966566e-03  
  4   2  54   3.868833e+02    3.868833e+02    6.013939e+01    6.013939e+01    1.302419e-02  
  4   2  55   2.833512e+02    2.833512e+02    3.537282e+01    3.537282e+01    -1.624421e-02  
  4   2  56   5.000000e+02    5.000000e+02    7.560399e+00    7.560399e+00    -1.875895e-02  
  4   2  57   4.019986e+02    4.019986e+02    6.062059e+01    6.062059e+01    -2.403908e-02  
  4   2  58   4.905521e+02    4.905521e+02    1.774566e+02    1.774566e+02    2.347941e-03  
  4   2  59   5.000000e+02    5.000000e+02    6.498432e+01    6.498432e+01    1.191606e-02  
  4   2  60   5.000000e+02    5.000000e+02    4.794895e+01    4.794895e+01    -1.252254e-02  
  4   2  61   5.000000e+02    5.000000e+02    1.253630e+01    1.253630e+01    -1.411984e-03  
  4   2  62   5.000000e+02    5.000000e+02    4.400100e+02    4.400100e+02    3.066670e-03  
  4   3   1   1.858220e+02    1.858220e+02    1.775068e+01    1.775068e+01    -3.049318e-02  
  4   3   2   2.048361e+02    2.048361e+02    1.936983e+01    1.936983e+01    -1.170846e-01  
  4   3   3   2.477184e+02    2.477184e+02    2.535371e+01    2.535371e+01    2.739308e-02  
  4   3   4   1.840080e+02    1.840080e+02    1.573542e+01    1.573542e+01    4.697170e-02  
  4   3   5   2.379380e+02    2.379380e+02    2.310317e+01    2.310317e+01    8.659282e-03  
  5   1   1   1.584602e+02    1.584602e+02    1.500610e+02    1.500610e+02    -2.154299e-03  
  5   1   2   1.379612e+02    1.379612e+02    8.803458e+01    8.803458e+01    -2.090422e-02  
  5   1   3   1.726283e+02    1.726283e+02    8.645056e+01    8.645056e+01    -6.016347e-03  
  5   1   4   3.007850e+02    3.007850e+02    1.658915e+02    1.658915e+02    2.376901e-02  
  5   1   5   1.329222e+02    1.329222e+02    3.905789e+01    3.905789e+01    2.990794e-02  
  5   1   6   3.966249e+02    3.966249e+02    1.882141e+02    1.882141e+02    -2.351932e-02  
  5   1   7   1.271911e+02    1.271911e+02    2.913927e+01    2.913927e+01    3.508571e-02  
  5   1   8   1.729246e+02    1.729246e+02    4.180751e+01    4.180751e+01    2.571365e-02  
  5   1   9   1.340710e+02    1.340710e+02    2.497149e+01    2.497149e+01    6.718929e-02  
  5   1  10   2.035033e+02    2.035033e+02    4.308229e+01    4.308229e+01    -2.457475e-02  
  5   1  11   2.054747e+02    2.054747e+02    3.972674e+01    3.972674e+01    4.389427e-02  
  5   1  12   2.017185e+02    2.017185e+02    3.682882e+01    3.682882e+01    1.696102e-03  
  5   1  13   2.444629e+02    2.444629e+02    4.477659e+01    4.477659e+01    -3.251348e-02  
  5   1  14   1.518114e+02    1.518114e+02    2.010074e+01    2.010074e+01    -2.539283e-02  
  5   1  15   1.146021e+02    1.146021e+02    1.246936e+01    1.246936e+01    5.056092e-02  
  5   1  16   3.303579e+02    3.303579e+02    5.748216e+01    5.748216e+01    -1.124710e-02  
  5   1  17   1.972103e+02    1.972103e+02    2.544105e+01    2.544105e+01    -2.095060e-02  
  5   1  18   1.803067e+02    1.803067e+02    2.105166e+01    2.105166e+01    9.028590e-02  
  5   1  19   3.230944e+02    3.230944e+02    4.866437e+01    4.866437e+01    -1.783932e-02  
  5   1  20   1.278759e+02    1.278759e+02    1.127722e+01    1.127722e+01    -1.921023e-02  
  5   1  21   3.316631e+02    3.316631e+02    4.518753e+01    4.518753e+01    1.245599e-02  
  5   1  22   2.751280e+02    2.751280e+02    3.379966e+01    3.379966e+01    4.715710e-02  
  5   1  23   3.698177e+02    3.698177e+02    5.199606e+01    5.199606e+01    5.157519e-03  
  5   2   1   1.469371e+02    1.469371e+02    2.714022e+02    2.714022e+02    -1.966199e-02  
  5   2   2   9.794875e+01    9.794875e+01    8.853852e+01    8.853852e+01    9.712458e-02  
  5   2   3   1.795254e+02    1.795254e+02    1.965696e+02    1.965696e+02    1.761539e-02  
  5   2   4   5.000000e+02    5.000000e+02    5.941211e+02    5.941211e+02    2.410270e-02  
  5   2   5   1.761582e+02    1.761582e+02    1.343293e+02    1.343293e+02    -1.065364e-02  
  5   2   6   1.802398e+02    1.802398e+02    1.265097e+02    1.265097e+02    -8.490899e-03  
  5   2   7   1.727623e+02    1.727623e+02    9.864276e+01    9.864276e+01    4.920587e-02  
  5   2   8   2.362837e+02    2.362837e+02    1.444630e+02    1.444630e+02    -3.621056e-02  
  5   2   9   1.969751e+02    1.969751e+02    1.020196e+02    1.020196e+02    -7.101402e-03  
  5   2  10   2.217750e+02    2.217750e+02    1.081914e+02    1.081914e+02    -2.810943e-02  
  5   2  11   2.517124e+02    2.517124e+02    1.269783e+02    1.269783e+02    -2.186922e-02  
  5   2  12   1.212072e+02    1.212072e+02    3.877349e+01    3.877349e+01    6.703467e-02  
  5   2  13   2.063479e+02    2.063479e+02    7.752482e+01    7.752482e+01    7.213699e-03  
  5   2  14   1.857789e+02    1.857789e+02    6.395739e+01    6.395739e+01    3.056650e-02  
  5   2  15   2.130676e+02    2.130676e+02    7.583314e+01    7.583314e+01    1.263882e-02  
  5   2  16   2.275834e+02    2.275834e+02    7.627160e+01    7.627160e+01    6.547956e-02  
  5   2  17   2.416102e+02    2.416102e+02    8.238949e+01    8.238949e+01    -1.300402e-02  
  5   2  18   2.899809e+02    2.899809e+02    9.642597e+01    9.642597e+01    -1.069497e-02  
  5   2  19   2.908056e+02    2.908056e+02    9.813493e+01    9.813493e+01    4.147324e-03  
  5   2  20   2.552674e+02    2.552674e+02    7.539909e+01    7.539909e+01    1.537650e-02  
  5   2  21   4.141500e+02    4.141500e+02    1.477779e+02    1.477779e+02    -3.445340e-02  
  5   2  22   2.119456e+02    2.119456e+02    5.116661e+01    5.116661e+01    -1.518548e-02  
  5   2  23   2.352145e+02    2.352145e+02    6.120288e+01    6.120288e+01    3.454635e-02  
  5   2  24   3.324576e+02    3.324576e+02    9.447100e+01    9.447100e+01    4.954827e-02  
  5   2  25   3.152037e+02    3.152037e+02    8.470987e+01    8.470987e+01    1.058265e-02  
  5   2  26   3.944304e+02    3.944304e+02    1.220431e+02    1.220431e+02    3.067919e-02  
  5   2  27   2.734126e+02    2.734126e+02    6.503622e+01    6.503622e+01    -6.420563e-02  
  5   2  28   2.543210e+02    2.543210e+02    5.598374e+01    5.598374e+01    1.529091e-02  
  5   2  29   2.935109e+02    2.935109e+02    6.533813e+01    6.533813e+01    3.552685e-02  
  5   2  30   3.395412e+02    3.395412e+02    8.061436e+01    8.061436e+01    -2.919533e-02  
  5   2  31   2.786238e+02    2.786238e+02    5.848586e+01    5.848586e+01    -3.948651e-02  
  5   2  32   4.379771e+02    4.379771e+02    1.078676e+02    1.078676e+02    5.945876e-02  
  5   2  33   2.406040e+02    2.406040e+02    4.265626e+01    4.265626e+01    1.629681e-02  
  5   2  34   2.721257e+02    2.721257e+02    5.118463e+01    5.118463e+01    -1.764817e-02  
  5   2  35   3.758858e+02    3.758858e+02    7.906204e+01    7.906204e+01    -1.249203e-02  
  5   2  36   2.665583e+02    2.665583e+02    4.760339e+01    4.760339e+01    -1.411591e-02  
  5   2  37   3.013113e+02    3.013113e+02    5.600819e+01    5.600819e+01    -3.910974e-02  
  5   2  38   3.725243e+02    3.725243e+02    7.362645e+01    7.362645e+01    -1.898493e-02  
  5   2  39   3.828436e+02    3.828436e+02    7.485658e+01    7.485658e+01    3.186487e-03  
  5   2  40   2.699930e+02    2.699930e+02    4.407553e+01    4.407553e+01    -4.397815e-02  
  5   2  41   2.732149e+02    2.732149e+02    4.297747e+01    4.297747e+01    -2.954401e-02  
  5   2  42   3.044514e+02    3.044514e+02    4.978323e+01    4.978323e+01    -8.591217e-03  
  5   2  43   2.899693e+02    2.899693e+02    4.789307e+01    4.789307e+01    2.506055e-02  
  5   2  44   3.763317e+02    3.763317e+02    6.578452e+01    6.578452e+01    5.156546e-02  
  5   2  45   2.877418e+02    2.877418e+02    4.322031e+01    4.322031e+01    -1.669662e-02  
  5   2  46   4.077080e+02    4.077080e+02    7.138540e+01    7.138540e+01    2.387570e-02  
  5   2  47   2.907915e+02    2.907915e+02    4.411582e+01    4.411582e+01    -6.848429e-02  
  5   2  48   2.909264e+02    2.909264e+02    4.159376e+01    4.159376e+01    1.950551e-02  
  5   2  49   3.347483e+02    3.347483e+02    7.219699e+03    7.219699e+03    0.000000e+00  
  5   2  50   4.301716e+02    4.301716e+02    7.529185e+01    7.529185e+01    -1.017948e-02  
  5   2  51   3.561668e+02    3.561668e+02    5.469589e+01    5.469589e+01    2.050156e-02  
  5   2  52   2.760418e+02    2.760418e+02    3.529510e+01    3.529510e+01    2.847868e-03  
  5   2  53   4.467837e+02    4.467837e+02    7.559167e+01    7.559167e+01    -3.815990e-05  
  5   2  54   3.158322e+02    3.158322e+02    4.444041e+01    4.444041e+01    3.810444e-03  
  5   2  55   3.353549e+02    3.353549e+02    4.641343e+01    4.641343e+01    -1.853453e-02  
  5   2  56   5.000000e+02    5.000000e+02    1.291238e+01    1.291238e+01    -2.751297e-02  
  5   2  57   3.957538e+02    3.957538e+02    5.654082e+01    5.654082e+01    -1.754176e-02  
  5   2  58   5.000000e+02    5.000000e+02    6.467344e+01    6.467344e+01    1.143380e-02  
  5   2  59   5.000000e+02    5.000000e+02    4.344138e+01    4.344138e+01    1.385308e-02  
  5   2  60   3.276122e+02    3.276122e+02    4.391238e+01    4.391238e+01    -5.327709e-03  
  5   2  61   4.813503e+02    4.813503e+02    9.111348e+01    9.111348e+01    2.787915e-02  
  5   2  62   5.000000e+02    5.000000e+02    1.022831e+01    1.022831e+01    1.253852e-02  
  5   3   1   2.959643e+02    2.959643e+02    3.565660e+01    3.565660e+01    -4.477145e-02  
  5   3   2   2.917798e+02    2.917798e+02    3.303087e+01    3.303087e+01    -3.649572e-02  
  5   3   3   1.841076e+02    1.841076e+02    1.639575e+01    1.639575e+01    -2.580196e-02  
  5   3   4   2.843909e+02    2.843909e+02    3.143377e+01    3.143377e+01    -1.635675e-03  
  5   3   5   2.339277e+02    2.339277e+02    2.311608e+01    2.311608e+01    -2.879468e-03  
  6   1   1   1.269349e+02    1.269349e+02    1.070745e+02    1.070745e+02    3.726448e-02  
  6   1   2   2.992543e+02    2.992543e+02    2.794927e+02    2.794927e+02    4.649742e-03  
  6   1   3   2.156293e+02    2.156293e+02    1.204847e+02    1.204847e+02    -2.639026e-02  
  6   1   4   1.857464e+02    1.857464e+02    7.963964e+01    7.963964e+01    5.998298e-02  
  6   1   5   2.111732e+02    2.111732e+02    7.805577e+01    7.805577e+01    -3.206192e-02  
  6   1   6   3.500690e+02    3.500690e+02    1.515752e+02    1.515752e+02    6.994292e-02  
  6   1   7   1.777848e+02    1.777848e+02    4.897656e+01    4.897656e+01    2.125260e-03  
  6   1   8   1.802085e+02    1.802085e+02    4.449996e+01    4.449996e+01    -1.352193e-02  
  6   1   9   2.661225e+02    2.661225e+02    6.978294e+01    6.978294e+01    8.683562e-03  
  6   1  10   1.722440e+02    1.722440e+02    3.386139e+01    3.386139e+01    1.045734e-01  
  6   1  11   1.300016e+02    1.300016e+02    1.998435e+01    1.998435e+01    9.108465e-03  
  6   1  12   5.723743e+01    5.723743e+01    5.388810e+00    5.388810e+00    8.088355e-03  
  6   1  13   1.331821e+02    1.331821e+02    1.804157e+01    1.804157e+01    1.494303e-02  
  6   1  14   2.504075e+02    2.504075e+02    4.304936e+01    4.304936e+01    -5.165545e-03  
  6   1  15   1.840974e+02    1.840974e+02    2.541934e+01    2.541934e+01    2.731801e-02  
  6   1  16   1.759007e+02    1.759007e+02    2.223131e+01    2.223131e+01    4.258093e-02  
  6   1  17   2.513648e+02    2.513648e+02    3.630656e+01    3.630656e+01    2.673341e-02  
  6   1  18   1.719990e+02    1.719990e+02    1.943242e+01    1.943242e+01    -1.468354e-02  
  6   1  19   2.685267e+02    2.685267e+02    3.594569e+01    3.594569e+01    3.822093e-02  
  6   1  20   3.965169e+02    3.965169e+02    6.399688e+01    6.399688e+01    1.319392e-04  
  6   1  21   2.245058e+02    2.245058e+02    2.608292e+01    2.608292e+01    -3.423444e-02  
  6   1  22   2.067944e+02    2.067944e+02    2.197130e+01    2.197130e+01    -1.579032e-02  
  6   1  23   2.526025e+02    2.526025e+02    2.794332e+01    2.794332e+01    4.779622e-02  
  6   2   1   4.999735e+02    4.999735e+02    5.558991e+03    5.558991e+03    1.142211e-03  
  6   2   2   2.228707e+02    2.228707e+02    3.105530e+02    3.105530e+02    2.727839e-02  
  6   2   3   1.249048e+02    1.249048e+02    1.125575e+02    1.125575e+02    4.087852e-02  
  6   2   4   1.686628e+02    1.686628e+02    1.413402e+02    1.413402e+02    -1.185090e-02  
  6   2   5   4.277864e+02    4.277864e+02    1.243435e+03    1.243435e+03    -3.225365e-02  
  6   2   6   2.454654e+02    2.454654e+02    1.985460e+02    1.985460e+02    7.482899e-03  
  6   2   7   2.976949e+02    2.976949e+02    2.213457e+02    2.213457e+02    2.119403e-02  
  6   2   8   2.142646e+02    2.142646e+02    1.240050e+02    1.240050e+02    5.401483e-02  
  6   2   9   3.262330e+02    3.262330e+02    2.111596e+02    2.111596e+02    -5.065279e-02  
  6   2  10   2.731319e+02    2.731319e+02    1.479945e+02    1.479945e+02    -1.769033e-02  
  6   2  11   2.948086e+02    2.948086e+02    1.573290e+02    1.573290e+02    -2.429171e-02  
  6   2  12   2.290173e+02    2.290173e+02    1.014386e+02    1.014386e+02    -1.065028e-02  
  6   2  13   2.818504e+02    2.818504e+02    1.268921e+02    1.268921e+02    -1.375963e-02  
  6   2  14   2.850345e+02    2.850345e+02    1.208606e+02    1.208606e+02    5.305360e-02  
  6   2  15   1.642982e+02    1.642982e+02    5.042821e+01    5.042821e+01    -8.627823e-02  
  6   2  16   1.917310e+02    1.917310e+02    5.857521e+01    5.857521e+01    9.685303e-03  
  6   2  17   2.679160e+02    2.679160e+02    9.519130e+01    9.519130e+01    2.205265e-02  
  6   2  18   2.726409e+02    2.726409e+02    8.987730e+01    8.987730e+01    -4.503658e-02  
  6   2  19   3.587500e+02    3.587500e+02    1.276311e+02    1.276311e+02    -5.409749e-02  
  6   2  20   1.917390e+02    1.917390e+02    4.828875e+01    4.828875e+01    -1.823884e-02  
  6   2  21   3.059920e+02    3.059920e+02    9.058553e+01    9.058553e+01    -3.874304e-02  
  6   2  22   2.845884e+02    2.845884e+02    8.027258e+01    8.027258e+01    -3.299245e-02  
  6   2  23   3.718016e+02    3.718016e+02    1.222402e+02    1.222402e+02    -5.852652e-02  
  6   2  24   3.450664e+02    3.450664e+02    9.877933e+01    9.877933e+01    3.470770e-02  
  6   2  25   2.485736e+02    2.485736e+02    5.793981e+01    5.793981e+01    3.000155e-02  
  6   2  26   2.417196e+02    2.417196e+02    5.546756e+01    5.546756e+01    3.089798e-02  
  6   2  27   4.208727e+02    4.208727e+02    1.194557e+02    1.194557e+02    1.236706e-03  
  6   2  28   2.855500e+02    2.855500e+02    6.754222e+01    6.754222e+01    4.219104e-02  
  6   2  29   3.361688e+02    3.361688e+02    8.169378e+01    8.169378e+01    4.458689e-03  
  6   2  30   2.319247e+02    2.319247e+02    4.476988e+01    4.476988e+01    1.586734e-02  
  6   2  31   3.139227e+02    3.139227e+02    7.025532e+01    7.025532e+01    6.248830e-02  
  6   2  32   3.216274e+02    3.216274e+02    6.728352e+01    6.728352e+01    7.021728e-03  
  6   2  33   2.480929e+02    2.480929e+02    4.606913e+01    4.606913e+01    1.472954e-02  
  6   2  34   2.974895e+02    2.974895e+02    5.800742e+01    5.800742e+01    4.976485e-02  
  6   2  35   2.546306e+02    2.546306e+02    4.404310e+01    4.404310e+01    -3.286079e-02  
  6   2  36   2.290877e+02    2.290877e+02    3.656176e+01    3.656176e+01    -3.922652e-02  
  6   2  37   1.624263e+02    1.624263e+02    2.245816e+01    2.245816e+01    -8.173739e-03  
  6   2  38   3.345214e+02    3.345214e+02    6.394747e+01    6.394747e+01    -4.971384e-02  
  6   2  39   2.187133e+02    2.187133e+02    3.227668e+01    3.227668e+01    6.383227e-02  
  6   2  40   2.524783e+02    2.524783e+02    3.883174e+01    3.883174e+01    3.360188e-02  
  6   2  41   2.785280e+02    2.785280e+02    4.447962e+01    4.447962e+01    -4.784367e-02  
  6   2  42   2.922343e+02    2.922343e+02    4.685149e+01    4.685149e+01    -8.779454e-03  
  6   2  43   3.555165e+02    3.555165e+02    6.201981e+01    6.201981e+01    4.224003e-03  
  6   2  44   3.541369e+02    3.541369e+02    6.103112e+01    6.103112e+01    2.626964e-02  
  6   2  45   4.090526e+02    4.090526e+02    7.338755e+01    7.338755e+01    -7.581583e-03  
  6   2  46   5.000000e+02    5.000000e+02    8.343019e+01    8.343019e+01    5.255080e-03  
  6   2  47   3.221404e+02    3.221404e+02    4.904519e+01    4.904519e+01    -9.601030e-03  
  6   2  48   3.632769e+02    3.632769e+02    5.870998e+01    5.870998e+01    -2.122629e-02  
  6   2  49   3.355671e+02    3.355671e+02    5.072521e+01    5.072521e+01    1.200490e-02  
  6   2  50   4.017577e+02    4.017577e+02    6.590411e+01    6.590411e+01    3.826352e-03  
  6   2  51   2.920284e+02    2.920284e+02    3.993203e+01    3.993203e+01    3.924186e-03  
  6   2  52   3.048205e+02    3.048205e+02    4.310595e+01    4.310595e+01    2.128960e-02  
  6   2  53   5.000000e+02    5.000000e+02    1.759605e+02    1.759605e+02    3.012175e-02  
  6   2  54   3.511974e+02    3.511974e+02    4.996976e+01    4.996976e+01    -3.069920e-03  
  6   2  55   4.127212e+02    4.127212e+02    6.424255e+01    6.424255e+01    8.053226e-03  
  6   2  56   3.475196e+02    3.475196e+02    4.751562e+01    4.751562e+01    3.494113e-03  
  6   2  57   4.714301e+02    4.714301e+02    7.512109e+01    7.512109e+01    4.415761e-03  
  6   2  58   4.987151e+02    4.987151e+02    1.360969e+03    1.360969e+03    -4.081589e-03  
  6   2  59   4.999999e+02    4.999999e+02    6.689388e+01    6.689388e+01    1.179710e-02  
  6   2  60   2.231220e+02    2.231220e+02    2.647393e+01    2.647393e+01    -7.551936e-02  
  6   2  61   4.999998e+02    4.999998e+02    5.035000e+01    5.035000e+01    5.013201e-03  
  6   2  62   4.460774e+02    4.460774e+02    6.759229e+01    6.759229e+01    1.502669e-02  
  6   3   1   2.588857e+02    2.588857e+02    2.895212e+01    2.895212e+01    1.110142e-01  
  6   3   2   3.261083e+02    3.261083e+02    3.844265e+01    3.844265e+01    1.717290e-02  
  6   3   3   3.023464e+02    3.023464e+02    3.370188e+01    3.370188e+01    -5.837227e-02  
  6   3   4   3.879652e+02    3.879652e+02    5.360723e+01    5.360723e+01    1.163951e-02  
  6   3   5   2.215336e+02    2.215336e+02    2.127298e+01    2.127298e+01    3.335846e-02  
