  1   1   1   -2.842171e-14  
  1   1   2   -2.842171e-14  
  1   1   3   -2.842171e-14  
  1   1   4   4.800000e+00  
  1   1   5   -2.842171e-14  
  1   1   6   -2.842171e-14  
  1   1   7   -5.684342e-14  
  1   1   8   -2.842171e-14  
  1   1   9   -2.842171e-14  
  1   1  10   4.800000e+00  
  1   1  11   4.800000e+00  
  1   1  12   -2.842171e-14  
  1   1  13   -9.600000e+00  
  1   1  14   4.800000e+00  
  1   1  15   4.800000e+00  
  1   1  16   9.600000e+00  
  1   1  17   -4.800000e+00  
  1   1  18   4.800000e+00  
  1   1  19   9.600000e+00  
  1   1  20   2.400000e+01  
  1   1  21   2.400000e+01  
  1   1  22   -9.600000e+00  
  1   1  23   -6.240000e+01  
  1   2   1   -5.684342e-14  
  1   2   2   -5.684342e-14  
  1   2   3   -5.684342e-14  
  1   2   4   -2.842171e-14  
  1   2   5   -2.842171e-14  
  1   2   6   -2.842171e-14  
  1   2   7   -2.842171e-14  
  1   2   8   -2.842171e-14  
  1   2   9   -2.842171e-14  
  1   2  10   -5.684342e-14  
  1   2  11   -2.842171e-14  
  1   2  12   -2.842171e-14  
  1   2  13   -2.842171e-14  
  1   2  14   -4.800000e+00  
  1   2  15   -2.842171e-14  
  1   2  16   -2.842171e-14  
  1   2  17   -5.684342e-14  
  1   2  18   -5.684342e-14  
  1   2  19   -2.842171e-14  
  1   2  20   4.800000e+00  
  1   2  21   -2.842171e-14  
  1   2  22   -2.842171e-14  
  1   2  23   4.800000e+00  
  1   2  24   -2.842171e-14  
  1   2  25   -2.842171e-14  
  1   2  26   4.800000e+00  
  1   2  27   -2.842171e-14  
  1   2  28   -2.842171e-14  
  1   2  29   -1.440000e+01  
  1   2  30   -2.842171e-14  
  1   2  31   -2.842171e-14  
  1   2  32   -4.800000e+00  
  1   2  33   4.800000e+00  
  1   2  34   -2.842171e-14  
  1   2  35   4.800000e+00  
  1   2  36   9.600000e+00  
  1   2  37   -4.800000e+00  
  1   2  38   4.800000e+00  
  1   2  39   -2.842171e-14  
  1   2  40   -2.842171e-14  
  1   2  41   4.800000e+00  
  1   2  42   -2.842171e-14  
  1   2  43   -1.920000e+01  
  1   2  44   9.600000e+00  
  1   2  45   -4.800000e+00  
  1   2  46   4.800000e+00  
  1   2  47   -4.800000e+00  
  1   2  48   4.800000e+00  
  1   2  49   -4.800000e+00  
  1   2  50   -4.800000e+00  
  1   2  51   1.440000e+01  
  1   2  52   -2.880000e+01  
  1   2  53   9.600000e+00  
  1   2  54   -7.200000e+01  
  1   2  55   8.160000e+01  
  1   2  56   -2.880000e+01  
  1   2  57   4.800000e+00  
  1   2  58   -1.248000e+02  
  1   2  59   -9.600000e+00  
  1   2  60   -3.360000e+01  
  1   2  61   -3.360000e+01  
  1   2  62   -5.684342e-14  
  1   3   1   4.800000e+00  
  1   3   2   -2.400000e+01  
  1   3   3   1.920000e+01  
  1   3   4   4.800000e+00  
  1   3   5   -2.400000e+01  
  2   1   1   -2.842171e-14  
  2   1   2   -2.842171e-14  
  2   1   3   -2.842171e-14  
  2   1   4   -5.684342e-14  
  2   1   5   -2.842171e-14  
  2   1   6   -2.842171e-14  
  2   1   7   -5.684342e-14  
  2   1   8   -2.842171e-14  
  2   1   9   -2.842171e-14  
  2   1  10   4.800000e+00  
  2   1  11   -2.842171e-14  
  2   1  12   -2.842171e-14  
  2   1  13   -4.800000e+00  
  2   1  14   -4.800000e+00  
  2   1  15   4.320000e+01  
  2   1  16   9.600000e+00  
  2   1  17   -2.842171e-14  
  2   1  18   -3.360000e+01  
  2   1  19   9.600000e+00  
  2   1  20   -4.800000e+00  
  2   1  21   -6.240000e+01  
  2   1  22   1.920000e+01  
  2   1  23   2.880000e+01  
  2   2   1   -5.684342e-14  
  2   2   2   -5.684342e-14  
  2   2   3   4.800000e+00  
  2   2   4   -2.842171e-14  
  2   2   5   -2.842171e-14  
  2   2   6   -2.842171e-14  
  2   2   7   -2.842171e-14  
  2   2   8   -2.842171e-14  
  2   2   9   -2.842171e-14  
  2   2  10   -5.684342e-14  
  2   2  11   -2.842171e-14  
  2   2  12   -2.842171e-14  
  2   2  13   -2.842171e-14  
  2   2  14   -2.842171e-14  
  2   2  15   -2.842171e-14  
  2   2  16   -2.842171e-14  
  2   2  17   -4.800000e+00  
  2   2  18   -5.684342e-14  
  2   2  19   -2.842171e-14  
  2   2  20   -2.842171e-14  
  2   2  21   -2.842171e-14  
  2   2  22   -2.842171e-14  
  2   2  23   4.800000e+00  
  2   2  24   -2.842171e-14  
  2   2  25   -5.684342e-14  
  2   2  26   -5.684342e-14  
  2   2  27   -2.842171e-14  
  2   2  28   -2.842171e-14  
  2   2  29   4.800000e+00  
  2   2  30   -1.440000e+01  
  2   2  31   -2.842171e-14  
  2   2  32   4.800000e+00  
  2   2  33   4.800000e+00  
  2   2  34   -2.842171e-14  
  2   2  35   4.800000e+00  
  2   2  36   -2.842171e-14  
  2   2  37   -2.842171e-14  
  2   2  38   -2.842171e-14  
  2   2  39   -2.842171e-14  
  2   2  40   -2.880000e+01  
  2   2  41   -5.684342e-14  
  2   2  42   4.800000e+00  
  2   2  43   4.800000e+00  
  2   2  44   -2.842171e-14  
  2   2  45   -2.842171e-14  
  2   2  46   -4.800000e+00  
  2   2  47   1.392000e+02  
  2   2  48   1.440000e+01  
  2   2  49   4.800000e+00  
  2   2  50   -4.800000e+01  
  2   2  51   -2.842171e-14  
  2   2  52   -2.842171e-14  
  2   2  53   4.800000e+00  
  2   2  54   8.640000e+01  
  2   2  55   -9.600000e+00  
  2   2  56   -9.600000e+00  
  2   2  57   -4.800000e+00  
  2   2  58   1.440000e+01  
  2   2  59   3.840000e+01  
  2   2  60   4.800000e+00  
  2   2  61   8.640000e+01  
  2   2  62   -1.440000e+01  
  2   3   1   -4.800000e+00  
  2   3   2   2.400000e+01  
  2   3   3   -2.880000e+01  
  2   3   4   -4.800000e+00  
  2   3   5   -9.600000e+00  
  3   1   1   -2.842171e-14  
  3   1   2   -2.842171e-14  
  3   1   3   -2.842171e-14  
  3   1   4   -2.842171e-14  
  3   1   5   -2.842171e-14  
  3   1   6   -2.842171e-14  
  3   1   7   -5.684342e-14  
  3   1   8   4.800000e+00  
  3   1   9   -2.842171e-14  
  3   1  10   -4.800000e+00  
  3   1  11   -2.842171e-14  
  3   1  12   4.800000e+00  
  3   1  13   4.800000e+00  
  3   1  14   -9.600000e+00  
  3   1  15   -2.842171e-14  
  3   1  16   -5.684342e-14  
  3   1  17   -2.842171e-14  
  3   1  18   -4.800000e+00  
  3   1  19   -1.440000e+01  
  3   1  20   -2.842171e-14  
  3   1  21   4.800000e+00  
  3   1  22   1.440000e+01  
  3   1  23   1.920000e+01  
  3   2   1   -5.684342e-14  
  3   2   2   -5.684342e-14  
  3   2   3   -4.800000e+00  
  3   2   4   -2.842171e-14  
  3   2   5   -2.842171e-14  
  3   2   6   -2.842171e-14  
  3   2   7   -2.842171e-14  
  3   2   8   -2.842171e-14  
  3   2   9   -2.842171e-14  
  3   2  10   -5.684342e-14  
  3   2  11   -2.842171e-14  
  3   2  12   -2.842171e-14  
  3   2  13   -2.842171e-14  
  3   2  14   4.800000e+00  
  3   2  15   -2.842171e-14  
  3   2  16   -2.842171e-14  
  3   2  17   -5.684342e-14  
  3   2  18   -5.684342e-14  
  3   2  19   -2.842171e-14  
  3   2  20   -2.842171e-14  
  3   2  21   -2.842171e-14  
  3   2  22   4.800000e+00  
  3   2  23   -4.800000e+00  
  3   2  24   -2.842171e-14  
  3   2  25   -5.684342e-14  
  3   2  26   -5.684342e-14  
  3   2  27   4.800000e+00  
  3   2  28   -2.842171e-14  
  3   2  29   -2.842171e-14  
  3   2  30   4.800000e+00  
  3   2  31   -2.842171e-14  
  3   2  32   -9.600000e+00  
  3   2  33   -5.684342e-14  
  3   2  34   -2.842171e-14  
  3   2  35   -5.684342e-14  
  3   2  36   -2.842171e-14  
  3   2  37   4.800000e+00  
  3   2  38   -4.800000e+00  
  3   2  39   -2.842171e-14  
  3   2  40   -1.920000e+01  
  3   2  41   -9.600000e+00  
  3   2  42   -2.842171e-14  
  3   2  43   -9.600000e+00  
  3   2  44   2.880000e+01  
  3   2  45   -4.800000e+00  
  3   2  46   4.800000e+00  
  3   2  47   -1.440000e+01  
  3   2  48   -2.842171e-14  
  3   2  49   -5.684342e-14  
  3   2  50   4.800000e+00  
  3   2  51   -2.842171e-14  
  3   2  52   9.600000e+00  
  3   2  53   -1.920000e+01  
  3   2  54   -5.760000e+01  
  3   2  55   -1.440000e+01  
  3   2  56   -2.842171e-14  
  3   2  57   9.600000e+00  
  3   2  58   -1.200000e+02  
  3   2  59   9.600000e+00  
  3   2  60   9.600000e+00  
  3   2  61   3.840000e+01  
  3   2  62   4.320000e+01  
  3   3   1   -3.840000e+01  
  3   3   2   -4.800000e+00  
  3   3   3   9.600000e+00  
  3   3   4   -4.800000e+00  
  3   3   5   -4.320000e+01  
  4   1   1   -2.842171e-14  
  4   1   2   -2.842171e-14  
  4   1   3   -2.842171e-14  
  4   1   4   -4.800000e+00  
  4   1   5   -2.842171e-14  
  4   1   6   -2.842171e-14  
  4   1   7   -5.684342e-14  
  4   1   8   -4.800000e+00  
  4   1   9   -2.842171e-14  
  4   1  10   -5.684342e-14  
  4   1  11   -2.842171e-14  
  4   1  12   -2.842171e-14  
  4   1  13   -4.800000e+00  
  4   1  14   -2.842171e-14  
  4   1  15   -2.842171e-14  
  4   1  16   4.800000e+00  
  4   1  17   -2.842171e-14  
  4   1  18   -1.440000e+01  
  4   1  19   -5.760000e+01  
  4   1  20   3.840000e+01  
  4   1  21   7.680000e+01  
  4   1  22   7.680000e+01  
  4   1  23   1.920000e+01  
  4   2   1   -5.684342e-14  
  4   2   2   -5.684342e-14  
  4   2   3   -5.684342e-14  
  4   2   4   -2.842171e-14  
  4   2   5   -2.842171e-14  
  4   2   6   -2.842171e-14  
  4   2   7   -2.842171e-14  
  4   2   8   -2.842171e-14  
  4   2   9   -2.842171e-14  
  4   2  10   -5.684342e-14  
  4   2  11   -2.842171e-14  
  4   2  12   -2.842171e-14  
  4   2  13   -2.842171e-14  
  4   2  14   4.800000e+00  
  4   2  15   -2.842171e-14  
  4   2  16   -2.842171e-14  
  4   2  17   4.800000e+00  
  4   2  18   -5.684342e-14  
  4   2  19   -2.842171e-14  
  4   2  20   -2.842171e-14  
  4   2  21   -2.842171e-14  
  4   2  22   -2.842171e-14  
  4   2  23   -4.800000e+00  
  4   2  24   -2.842171e-14  
  4   2  25   4.800000e+00  
  4   2  26   -4.800000e+00  
  4   2  27   -2.842171e-14  
  4   2  28   -4.800000e+00  
  4   2  29   -2.842171e-14  
  4   2  30   -2.842171e-14  
  4   2  31   4.800000e+00  
  4   2  32   -2.842171e-14  
  4   2  33   -5.684342e-14  
  4   2  34   9.600000e+00  
  4   2  35   -4.800000e+00  
  4   2  36   -2.842171e-14  
  4   2  37   -2.842171e-14  
  4   2  38   -2.842171e-14  
  4   2  39   -1.920000e+01  
  4   2  40   -5.684342e-14  
  4   2  41   -2.842171e-14  
  4   2  42   -6.720000e+01  
  4   2  43   -9.600000e+00  
  4   2  44   -3.360000e+01  
  4   2  45   -2.842171e-14  
  4   2  46   -1.920000e+01  
  4   2  47   3.840000e+01  
  4   2  48   3.360000e+01  
  4   2  49   -9.600000e+00  
  4   2  50   2.880000e+01  
  4   2  51   2.400000e+01  
  4   2  52   -2.842171e-14  
  4   2  53   -2.880000e+01  
  4   2  54   2.400000e+01  
  4   2  55   -4.800000e+00  
  4   2  56   -1.440000e+01  
  4   2  57   -3.360000e+01  
  4   2  58   2.880000e+01  
  4   2  59   1.920000e+01  
  4   2  60   -1.632000e+02  
  4   2  61   4.800000e+01  
  4   2  62   -4.800000e+00  
  4   3   1   2.880000e+01  
  4   3   2   1.920000e+01  
  4   3   3   -1.920000e+01  
  4   3   4   9.600000e+00  
  4   3   5   -4.800000e+00  
  5   1   1   -2.842171e-14  
  5   1   2   -2.842171e-14  
  5   1   3   -2.842171e-14  
  5   1   4   -4.800000e+00  
  5   1   5   -2.842171e-14  
  5   1   6   -2.842171e-14  
  5   1   7   -5.684342e-14  
  5   1   8   -4.800000e+00  
  5   1   9   -2.842171e-14  
  5   1  10   -4.800000e+00  
  5   1  11   -4.800000e+00  
  5   1  12   4.800000e+00  
  5   1  13   -2.842171e-14  
  5   1  14   -2.842171e-14  
  5   1  15   9.600000e+00  
  5   1  16   4.800000e+00  
  5   1  17   4.800000e+00  
  5   1  18   -1.440000e+01  
  5   1  19   1.440000e+01  
  5   1  20   9.600000e+00  
  5   1  21   1.008000e+02  
  5   1  22   2.400000e+01  
  5   1  23   -1.440000e+01  
  5   2   1   -5.684342e-14  
  5   2   2   -5.684342e-14  
  5   2   3   4.800000e+00  
  5   2   4   -2.842171e-14  
  5   2   5   -2.842171e-14  
  5   2   6   -2.842171e-14  
  5   2   7   -2.842171e-14  
  5   2   8   -2.842171e-14  
  5   2   9   -2.842171e-14  
  5   2  10   -5.684342e-14  
  5   2  11   -2.842171e-14  
  5   2  12   -2.842171e-14  
  5   2  13   -2.842171e-14  
  5   2  14   -4.800000e+00  
  5   2  15   -2.842171e-14  
  5   2  16   -2.842171e-14  
  5   2  17   4.800000e+00  
  5   2  18   -5.684342e-14  
  5   2  19   -2.842171e-14  
  5   2  20   -2.842171e-14  
  5   2  21   -2.842171e-14  
  5   2  22   -2.842171e-14  
  5   2  23   -2.842171e-14  
  5   2  24   -2.842171e-14  
  5   2  25   -5.684342e-14  
  5   2  26   -4.800000e+00  
  5   2  27   -2.842171e-14  
  5   2  28   -4.800000e+00  
  5   2  29   4.800000e+00  
  5   2  30   -2.842171e-14  
  5   2  31   -1.440000e+01  
  5   2  32   -2.842171e-14  
  5   2  33   -5.684342e-14  
  5   2  34   -5.684342e-14  
  5   2  35   -2.842171e-14  
  5   2  36   -2.842171e-14  
  5   2  37   1.920000e+01  
  5   2  38   -2.842171e-14  
  5   2  39   -2.842171e-14  
  5   2  40   -2.842171e-14  
  5   2  41   -4.800000e+00  
  5   2  42   4.800000e+00  
  5   2  43   4.800000e+00  
  5   2  44   -2.842171e-14  
  5   2  45   -2.842171e-14  
  5   2  46   -9.600000e+00  
  5   2  47   -5.684342e-14  
  5   2  48   -5.684342e-14  
  5   2  49   -2.842171e-14  
  5   2  50   -4.800000e+00  
  5   2  51   -2.842171e-14  
  5   2  52   4.800000e+00  
  5   2  53   1.344000e+02  
  5   2  54   4.800000e+00  
  5   2  55   -2.880000e+01  
  5   2  56   -9.600000e+00  
  5   2  57   1.536000e+02  
  5   2  58   6.720000e+01  
  5   2  59   -8.160000e+01  
  5   2  60   1.968000e+02  
  5   2  61   4.800000e+01  
  5   2  62   -1.440000e+01  
  5   3   1   -5.684342e-14  
  5   3   2   1.440000e+01  
  5   3   3   2.400000e+01  
  5   3   4   -3.840000e+01  
  5   3   5   3.840000e+01  
  6   1   1   -2.842171e-14  
  6   1   2   -2.842171e-14  
  6   1   3   -2.842171e-14  
  6   1   4   -2.842171e-14  
  6   1   5   -2.842171e-14  
  6   1   6   -2.842171e-14  
  6   1   7   -5.684342e-14  
  6   1   8   4.800000e+00  
  6   1   9   -2.842171e-14  
  6   1  10   -5.684342e-14  
  6   1  11   -2.842171e-14  
  6   1  12   4.800000e+00  
  6   1  13   -5.684342e-14  
  6   1  14   -4.800000e+00  
  6   1  15   9.600000e+00  
  6   1  16   -2.842171e-14  
  6   1  17   -6.240000e+01  
  6   1  18   1.440000e+01  
  6   1  19   -1.440000e+01  
  6   1  20   2.880000e+01  
  6   1  21   4.800000e+01  
  6   1  22   -4.800000e+00  
  6   1  23   -2.842171e-14  
  6   2   1   -5.684342e-14  
  6   2   2   -5.684342e-14  
  6   2   3   4.800000e+00  
  6   2   4   -2.842171e-14  
  6   2   5   -2.842171e-14  
  6   2   6   -2.842171e-14  
  6   2   7   -2.842171e-14  
  6   2   8   -2.842171e-14  
  6   2   9   -2.842171e-14  
  6   2  10   -5.684342e-14  
  6   2  11   -2.842171e-14  
  6   2  12   -2.842171e-14  
  6   2  13   -2.842171e-14  
  6   2  14   -4.800000e+00  
  6   2  15   -2.842171e-14  
  6   2  16   -2.842171e-14  
  6   2  17   -5.684342e-14  
  6   2  18   -5.684342e-14  
  6   2  19   -2.842171e-14  
  6   2  20   -4.800000e+00  
  6   2  21   -2.842171e-14  
  6   2  22   -2.842171e-14  
  6   2  23   4.800000e+00  
  6   2  24   -2.842171e-14  
  6   2  25   -5.684342e-14  
  6   2  26   -4.800000e+00  
  6   2  27   -2.842171e-14  
  6   2  28   -2.842171e-14  
  6   2  29   -2.842171e-14  
  6   2  30   -2.842171e-14  
  6   2  31   -2.842171e-14  
  6   2  32   -2.842171e-14  
  6   2  33   -5.684342e-14  
  6   2  34   -4.800000e+00  
  6   2  35   -9.600000e+00  
  6   2  36   2.400000e+01  
  6   2  37   1.440000e+01  
  6   2  38   -2.842171e-14  
  6   2  39   -4.800000e+00  
  6   2  40   -1.920000e+01  
  6   2  41   -5.684342e-14  
  6   2  42   4.800000e+00  
  6   2  43   -2.842171e-14  
  6   2  44   1.440000e+01  
  6   2  45   -4.800000e+00  
  6   2  46   9.600000e+00  
  6   2  47   1.440000e+01  
  6   2  48   4.800000e+00  
  6   2  49   -6.720000e+01  
  6   2  50   -5.684342e-14  
  6   2  51   5.280000e+01  
  6   2  52   -4.800000e+00  
  6   2  53   3.840000e+01  
  6   2  54   -1.008000e+02  
  6   2  55   -1.440000e+01  
  6   2  56   -9.600000e+00  
  6   2  57   9.600000e+00  
  6   2  58   4.800000e+00  
  6   2  59   -8.640000e+01  
  6   2  60   9.600000e+00  
  6   2  61   1.632000e+02  
  6   2  62   3.840000e+01  
  6   3   1   4.800000e+00  
  6   3   2   9.600000e+00  
  6   3   3   1.440000e+01  
  6   3   4   -1.440000e+01  
  6   3   5   -1.920000e+01  
