  1   1   1   3.143442e+01    4.500195e-01    0.000000e+00    5.872117e+01    5.499982e-01    0.000000e+00  
  1   1   2   5.619945e+01    5.500000e-01    0.000000e+00    4.876093e+01    5.499994e-01    0.000000e+00  
  1   1   3   5.126975e+01    5.500000e-01    0.000000e+00    3.967732e+01    5.011714e-01    0.000000e+00  
  1   1   4   4.899171e+01    5.499990e-01    0.000000e+00    5.090611e+01    5.500000e-01    0.000000e+00  
  1   1   5   5.079639e+01    5.499999e-01    0.000000e+00    4.457868e+01    5.499974e-01    0.000000e+00  
  1   1   6   4.981959e+01    5.499993e-01    0.000000e+00    4.853482e+01    5.499999e-01    0.000000e+00  
  1   1   7   1.596508e+01    5.500000e-01    0.000000e+00    5.183865e+01    5.499992e-01    0.000000e+00  
  1   1   8   4.563636e+01    5.499992e-01    0.000000e+00    4.900128e+01    5.499997e-01    0.000000e+00  
  1   1   9   4.333470e+01    5.500000e-01    0.000000e+00    4.587816e+01    5.500000e-01    0.000000e+00  
  1   1  10   -1.049122e+00    5.498779e-01    0.000000e+00    -7.641019e-01    5.498847e-01    0.000000e+00  
  1   1  11   1.025721e+01    5.500000e-01    0.000000e+00    1.296504e+02    5.499994e-01    0.000000e+00  
  1   1  12   -3.731796e-01    5.498172e-01    0.000000e+00    5.041453e+01    5.499997e-01    0.000000e+00  
  1   1  13   5.883222e+01    5.499999e-01    0.000000e+00    3.841144e+01    5.499987e-01    0.000000e+00  
  1   1  14   1.104987e+01    5.500000e-01    0.000000e+00    4.198547e+01    4.916926e-01    0.000000e+00  
  1   1  15   2.100615e+01    5.500000e-01    0.000000e+00    4.226169e+01    5.499997e-01    0.000000e+00  
  1   1  16   7.381176e+01    5.499998e-01    0.000000e+00    3.900761e+01    4.500001e-01    0.000000e+00  
  1   1  17   6.574060e+01    5.499999e-01    0.000000e+00    4.282893e+01    5.499999e-01    0.000000e+00  
  1   1  18   4.375353e+01    5.500000e-01    0.000000e+00    7.018287e+01    5.499977e-01    0.000000e+00  
  1   1  19   5.156106e+01    5.499995e-01    0.000000e+00    9.418957e+01    5.407868e-01    0.000000e+00  
  1   1  20   4.708407e+01    5.500000e-01    0.000000e+00    7.953336e+01    5.499885e-01    0.000000e+00  
  1   1  21   7.943943e+01    5.499978e-01    0.000000e+00    7.973112e+01    5.499999e-01    0.000000e+00  
  1   1  22   5.531288e+01    5.499999e-01    0.000000e+00    5.909865e+01    5.179772e-01    0.000000e+00  
  1   1  23   8.385463e+01    5.340945e-01    0.000000e+00    1.183342e+02    5.500000e-01    0.000000e+00  
  1   2   1   3.821897e+01    5.055337e-01    0.000000e+00    3.758510e+01    5.072639e-01    0.000000e+00  
  1   2   2   5.693116e+01    5.499997e-01    0.000000e+00    3.853142e+01    5.045221e-01    0.000000e+00  
  1   2   3   5.045222e+00    5.480337e-01    0.000000e+00    3.678867e-01    5.484348e-01    0.000000e+00  
  1   2   4   4.001870e+01    4.999563e-01    0.000000e+00    3.940573e+01    5.019119e-01    0.000000e+00  
  1   2   5   4.000000e+01    5.000000e-01    0.000000e+00    4.000000e+01    5.000000e-01    0.000000e+00  
  1   2   6   5.283342e+01    5.499990e-01    0.000000e+00    4.131082e+01    4.952948e-01    0.000000e+00  
  1   2   7   3.892545e+01    5.034414e-01    0.000000e+00    3.857019e+01    5.044981e-01    0.000000e+00  
  1   2   8   2.720593e+01    5.499982e-01    0.000000e+00    4.095236e+01    5.500000e-01    0.000000e+00  
  1   2   9   5.653834e+01    5.499975e-01    0.000000e+00    4.414982e+01    4.816024e-01    0.000000e+00  
  1   2  10   2.977842e+01    5.234053e-01    0.000000e+00    4.444791e+01    5.499991e-01    0.000000e+00  
  1   2  11   7.211359e+01    5.499964e-01    0.000000e+00    4.847739e+01    5.499991e-01    0.000000e+00  
  1   2  12   4.098876e+01    5.499940e-01    0.000000e+00    5.481104e+01    5.500000e-01    0.000000e+00  
  1   2  13   5.134803e+01    5.499928e-01    0.000000e+00    3.941756e+01    5.018919e-01    0.000000e+00  
  1   2  14   3.267444e+01    5.499958e-01    0.000000e+00    5.619865e+01    5.499805e-01    0.000000e+00  
  1   2  15   4.344453e+01    5.499935e-01    0.000000e+00    5.455865e+01    5.499975e-01    0.000000e+00  
  1   2  16   5.816015e+01    5.499945e-01    0.000000e+00    5.298449e+01    5.499998e-01    0.000000e+00  
  1   2  17   9.495729e+01    4.500000e-01    0.000000e+00    -3.657718e+00    5.490361e-01    0.000000e+00  
  1   2  18   4.454055e+01    5.499996e-01    0.000000e+00    6.148595e+01    5.499965e-01    0.000000e+00  
  1   2  19   5.707430e+01    5.499985e-01    0.000000e+00    6.656439e+01    5.499896e-01    0.000000e+00  
  1   2  20   8.478381e+01    5.499985e-01    0.000000e+00    -2.754530e-01    5.484083e-01    0.000000e+00  
  1   2  21   2.319332e+01    5.500000e-01    0.000000e+00    1.056885e+02    4.500000e-01    0.000000e+00  
  1   2  22   7.749421e+01    5.499970e-01    0.000000e+00    1.015364e+02    5.499994e-01    0.000000e+00  
  1   2  23   1.859571e+01    5.500000e-01    0.000000e+00    4.670283e+01    5.500000e-01    0.000000e+00  
  1   2  24   7.067334e+01    5.499999e-01    0.000000e+00    6.175307e+01    5.499999e-01    0.000000e+00  
  1   2  25   4.630183e+01    5.499955e-01    0.000000e+00    5.054171e+01    5.500000e-01    0.000000e+00  
  1   2  26   4.911065e+01    5.499997e-01    0.000000e+00    1.157526e+02    5.499989e-01    0.000000e+00  
  1   2  27   5.524535e+01    5.499994e-01    0.000000e+00    3.008563e+01    5.499996e-01    0.000000e+00  
  1   2  28   1.461499e+01    5.499999e-01    0.000000e+00    3.859322e+01    5.044130e-01    0.000000e+00  
  1   2  29   3.356668e+00    5.477525e-01    0.000000e+00    -9.987534e-01    5.486772e-01    0.000000e+00  
  1   2  30   4.002494e+01    5.500000e-01    0.000000e+00    6.320180e+01    5.500000e-01    0.000000e+00  
  1   2  31   2.755952e+01    5.499912e-01    0.000000e+00    5.848132e+01    5.499997e-01    0.000000e+00  
  1   2  32   8.573441e+01    5.499993e-01    0.000000e+00    6.210644e+01    5.499929e-01    0.000000e+00  
  1   2  33   7.383687e+01    5.500000e-01    0.000000e+00    1.158866e+01    5.499977e-01    0.000000e+00  
  1   2  34   1.207193e+02    5.499998e-01    0.000000e+00    7.120912e+01    5.500000e-01    0.000000e+00  
  1   2  35   7.750435e+01    5.500000e-01    0.000000e+00    7.122151e+01    5.499999e-01    0.000000e+00  
  1   2  36   4.369337e+01    4.844559e-01    0.000000e+00    7.316920e+01    5.499995e-01    0.000000e+00  
  1   2  37   6.028517e+01    5.499868e-01    0.000000e+00    1.041412e+01    5.499999e-01    0.000000e+00  
  1   2  38   6.924916e+01    5.498676e-01    0.000000e+00    6.412672e+01    5.499922e-01    0.000000e+00  
  1   2  39   1.945807e+01    5.500000e-01    0.000000e+00    5.986304e+01    5.500000e-01    0.000000e+00  
  1   2  40   7.910430e+01    5.500000e-01    0.000000e+00    3.053163e+01    5.499999e-01    0.000000e+00  
  1   2  41   8.893283e+01    5.499989e-01    0.000000e+00    1.846661e+02    5.499881e-01    0.000000e+00  
  1   2  42   3.626574e+01    5.500000e-01    0.000000e+00    1.161281e+02    4.806059e-01    0.000000e+00  
  1   2  43   9.806727e+01    5.499993e-01    0.000000e+00    8.044049e+01    5.499906e-01    0.000000e+00  
  1   2  44   1.226221e+02    5.499959e-01    0.000000e+00    8.795091e+01    5.500000e-01    0.000000e+00  
  1   2  45   8.294953e+01    5.499950e-01    0.000000e+00    8.109078e+01    5.494258e-01    0.000000e+00  
  1   2  46   8.863019e+01    5.498441e-01    0.000000e+00    7.473567e+01    5.499999e-01    0.000000e+00  
  1   2  47   7.885497e+01    5.499994e-01    0.000000e+00    8.954514e+01    5.500000e-01    0.000000e+00  
  1   2  48   3.141305e+01    5.499999e-01    0.000000e+00    1.192395e+02    5.500000e-01    0.000000e+00  
  1   2  49   1.636622e+02    5.499086e-01    0.000000e+00    1.477821e+02    5.499993e-01    0.000000e+00  
  1   2  50   8.103342e+01    5.173780e-01    0.000000e+00    4.972231e+01    4.500036e-01    0.000000e+00  
  1   2  51   3.389176e+01    5.500000e-01    0.000000e+00    8.492964e+00    5.442574e-01    0.000000e+00  
  1   2  52   1.408870e+02    4.500000e-01    0.000000e+00    1.913740e+00    5.481115e-01    0.000000e+00  
  1   2  53   6.257321e+01    5.499935e-01    0.000000e+00    6.933265e+01    5.499983e-01    0.000000e+00  
  1   2  54   9.345146e+01    4.500026e-01    0.000000e+00    -1.137441e+00    5.486473e-01    0.000000e+00  
  1   2  55   3.699776e+01    4.500049e-01    0.000000e+00    7.840872e+01    5.499989e-01    0.000000e+00  
  1   2  56   1.171418e+02    5.499994e-01    0.000000e+00    9.184996e+01    5.499999e-01    0.000000e+00  
  1   2  57   4.703818e+01    4.539573e-01    0.000000e+00    9.065548e+01    5.499904e-01    0.000000e+00  
  1   2  58   1.193657e+02    4.500000e-01    0.000000e+00    8.200596e+01    5.499984e-01    0.000000e+00  
  1   2  59   5.878771e+01    5.499957e-01    0.000000e+00    1.058878e+02    5.499993e-01    0.000000e+00  
  1   2  60   8.218659e+01    5.499994e-01    0.000000e+00    1.570122e+01    5.500000e-01    0.000000e+00  
  1   2  61   6.180283e+01    5.499997e-01    0.000000e+00    6.009287e+01    5.500000e-01    0.000000e+00  
  1   2  62   7.539807e+01    5.499948e-01    0.000000e+00    7.433273e+01    5.499998e-01    0.000000e+00  
  1   3   1   4.566759e+01    4.636532e-01    0.000000e+00    6.584906e+01    5.499999e-01    0.000000e+00  
  1   3   2   6.165076e+01    5.499999e-01    0.000000e+00    3.835551e+01    4.500000e-01    0.000000e+00  
  1   3   3   2.199211e+00    5.494513e-01    0.000000e+00    7.031189e+01    5.499999e-01    0.000000e+00  
  1   3   4   8.629608e+01    5.499979e-01    0.000000e+00    8.755157e+01    5.500000e-01    0.000000e+00  
  1   3   5   7.443060e+01    5.500000e-01    0.000000e+00    7.580668e+01    5.499779e-01    0.000000e+00  
  2   1   1   5.614149e+01    5.499999e-01    0.000000e+00    4.415531e+01    5.499999e-01    0.000000e+00  
  2   1   2   5.613313e+01    5.499984e-01    0.000000e+00    3.397506e+01    4.500008e-01    0.000000e+00  
  2   1   3   5.819833e+01    5.499962e-01    0.000000e+00    5.631513e+01    5.499988e-01    0.000000e+00  
  2   1   4   3.398188e+01    5.500000e-01    0.000000e+00    4.740802e+01    5.499999e-01    0.000000e+00  
  2   1   5   5.730107e+01    5.499960e-01    0.000000e+00    6.518347e+01    5.499999e-01    0.000000e+00  
  2   1   6   4.125985e+01    5.499987e-01    0.000000e+00    7.621403e+00    5.468755e-01    0.000000e+00  
  2   1   7   5.819994e+01    5.499992e-01    0.000000e+00    4.208424e+01    4.914198e-01    0.000000e+00  
  2   1   8   4.035092e+01    5.499993e-01    0.000000e+00    2.422086e+01    5.499999e-01    0.000000e+00  
  2   1   9   6.058138e+01    5.499999e-01    0.000000e+00    5.438298e+01    5.499935e-01    0.000000e+00  
  2   1  10   2.212162e+00    5.493108e-01    0.000000e+00    9.857136e+00    5.500000e-01    0.000000e+00  
  2   1  11   3.249426e+01    5.499992e-01    0.000000e+00    3.650965e+00    5.492590e-01    0.000000e+00  
  2   1  12   -3.070579e-01    5.498103e-01    0.000000e+00    -3.546893e+00    5.499770e-01    0.000000e+00  
  2   1  13   4.000000e+01    5.000000e-01    0.000000e+00    4.000000e+01    5.000000e-01    0.000000e+00  
  2   1  14   4.574120e+01    5.499999e-01    0.000000e+00    8.774894e+01    5.499996e-01    0.000000e+00  
  2   1  15   5.900218e+01    5.499985e-01    0.000000e+00    3.107010e+01    5.499998e-01    0.000000e+00  
  2   1  16   4.601760e+01    5.499996e-01    0.000000e+00    6.472450e+01    5.499859e-01    0.000000e+00  
  2   1  17   2.503253e+02    4.500000e-01    0.000000e+00    1.936406e+01    5.409380e-01    0.000000e+00  
  2   1  18   6.737049e+01    5.499750e-01    0.000000e+00    6.654648e+01    5.499988e-01    0.000000e+00  
  2   1  19   7.444728e+01    5.462176e-01    0.000000e+00    7.955588e+01    5.499996e-01    0.000000e+00  
  2   1  20   1.041891e+01    5.500000e-01    0.000000e+00    9.377930e+01    5.500000e-01    0.000000e+00  
  2   1  21   8.042000e+01    5.499997e-01    0.000000e+00    8.078819e+01    5.500000e-01    0.000000e+00  
  2   1  22   1.170164e+02    5.499996e-01    0.000000e+00    8.372174e+01    5.282909e-01    0.000000e+00  
  2   1  23   7.161455e+01    5.499985e-01    0.000000e+00    6.357053e+01    5.114153e-01    0.000000e+00  
  2   2   1   3.217031e+01    4.500001e-01    0.000000e+00    1.161436e-01    5.484997e-01    0.000000e+00  
  2   2   2   3.795948e+01    5.062683e-01    0.000000e+00    5.528557e+01    5.499946e-01    0.000000e+00  
  2   2   3   3.680163e+01    5.092928e-01    0.000000e+00    5.136795e+01    5.499950e-01    0.000000e+00  
  2   2   4   4.004243e+01    4.998797e-01    0.000000e+00    5.801584e+01    5.498788e-01    0.000000e+00  
  2   2   5   4.953949e+01    5.499999e-01    0.000000e+00    2.488590e+01    4.500002e-01    0.000000e+00  
  2   2   6   3.275773e+01    5.183560e-01    0.000000e+00    3.916768e+01    5.026341e-01    0.000000e+00  
  2   2   7   4.127166e+01    5.499996e-01    0.000000e+00    6.633793e+00    5.448058e-01    0.000000e+00  
  2   2   8   5.757296e+01    5.499934e-01    0.000000e+00    3.981647e+01    5.500000e-01    0.000000e+00  
  2   2   9   3.882845e+01    5.037943e-01    0.000000e+00    3.850922e+01    5.047397e-01    0.000000e+00  
  2   2  10   2.788230e+01    4.500911e-01    0.000000e+00    5.148285e+01    5.499987e-01    0.000000e+00  
  2   2  11   4.518893e+01    4.729572e-01    0.000000e+00    5.320906e+01    5.499947e-01    0.000000e+00  
  2   2  12   6.001222e+01    5.499997e-01    0.000000e+00    4.892849e+01    5.500000e-01    0.000000e+00  
  2   2  13   5.689081e+01    5.499979e-01    0.000000e+00    6.306426e+01    5.499999e-01    0.000000e+00  
  2   2  14   5.359630e+01    5.499999e-01    0.000000e+00    3.317839e+01    5.499984e-01    0.000000e+00  
  2   2  15   7.179800e+01    5.500000e-01    0.000000e+00    4.148796e+01    4.947711e-01    0.000000e+00  
  2   2  16   4.419181e+01    4.813920e-01    0.000000e+00    5.589446e+01    5.499938e-01    0.000000e+00  
  2   2  17   6.542215e+00    4.500000e-01    0.000000e+00    -1.338037e+00    5.487765e-01    0.000000e+00  
  2   2  18   3.574472e+01    5.499999e-01    0.000000e+00    4.994345e+00    5.474501e-01    0.000000e+00  
  2   2  19   5.033957e+01    5.499997e-01    0.000000e+00    3.767599e+01    5.070451e-01    0.000000e+00  
  2   2  20   5.239776e+01    5.499828e-01    0.000000e+00    7.222138e+01    5.499974e-01    0.000000e+00  
  2   2  21   4.590083e+01    5.499994e-01    0.000000e+00    1.721486e+01    4.500012e-01    0.000000e+00  
  2   2  22   2.045240e+00    5.476594e-01    0.000000e+00    3.252965e+00    5.476600e-01    0.000000e+00  
  2   2  23   5.956768e+01    4.511568e-01    0.000000e+00    4.997696e+01    5.500000e-01    0.000000e+00  
  2   2  24   5.451274e+01    5.499993e-01    0.000000e+00    8.153327e+01    5.500000e-01    0.000000e+00  
  2   2  25   1.310743e+01    5.499987e-01    0.000000e+00    4.049036e+01    5.500000e-01    0.000000e+00  
  2   2  26   5.551054e+01    5.499981e-01    0.000000e+00    5.816495e+01    5.500000e-01    0.000000e+00  
  2   2  27   5.286033e+00    5.470448e-01    0.000000e+00    5.528405e+01    5.499987e-01    0.000000e+00  
  2   2  28   8.541763e+00    5.439779e-01    0.000000e+00    4.798000e+01    5.499959e-01    0.000000e+00  
  2   2  29   4.798978e+01    5.499999e-01    0.000000e+00    8.780974e+01    5.499981e-01    0.000000e+00  
  2   2  30   8.328818e+01    5.499991e-01    0.000000e+00    5.643896e+01    5.499994e-01    0.000000e+00  
  2   2  31   1.661782e+02    5.499995e-01    0.000000e+00    7.201265e+01    5.499993e-01    0.000000e+00  
  2   2  32   7.327461e+01    5.499993e-01    0.000000e+00    2.912219e+01    5.499990e-01    0.000000e+00  
  2   2  33   5.785534e+01    5.499999e-01    0.000000e+00    8.850706e+01    5.499985e-01    0.000000e+00  
  2   2  34   6.808652e+01    5.499992e-01    0.000000e+00    1.366269e+02    5.499973e-01    0.000000e+00  
  2   2  35   4.108656e+01    4.962258e-01    0.000000e+00    1.371083e+02    5.499991e-01    0.000000e+00  
  2   2  36   2.386816e+01    5.499931e-01    0.000000e+00    3.666696e+01    5.097082e-01    0.000000e+00  
  2   2  37   5.969622e+01    5.500000e-01    0.000000e+00    7.933136e+01    5.499994e-01    0.000000e+00  
  2   2  38   6.987440e+01    5.499988e-01    0.000000e+00    8.296283e+01    5.499997e-01    0.000000e+00  
  2   2  39   7.143398e+01    5.500000e-01    0.000000e+00    3.326352e+01    4.500096e-01    0.000000e+00  
  2   2  40   8.224255e+01    5.499974e-01    0.000000e+00    1.948155e+01    5.499981e-01    0.000000e+00  
  2   2  41   8.214668e+01    5.499999e-01    0.000000e+00    5.310956e+01    5.499713e-01    0.000000e+00  
  2   2  42   8.273247e+01    5.499999e-01    0.000000e+00    4.573467e+01    4.653800e-01    0.000000e+00  
  2   2  43   7.668134e+01    5.499978e-01    0.000000e+00    4.342916e+01    4.859085e-01    0.000000e+00  
  2   2  44   5.304487e+01    5.499978e-01    0.000000e+00    8.609447e+01    5.500000e-01    0.000000e+00  
  2   2  45   9.146100e+01    5.333701e-01    0.000000e+00    1.036989e+02    5.500000e-01    0.000000e+00  
  2   2  46   5.913744e+01    5.499988e-01    0.000000e+00    1.082134e+02    5.499996e-01    0.000000e+00  
  2   2  47   4.899646e+01    5.499482e-01    0.000000e+00    1.878496e+02    5.499998e-01    0.000000e+00  
  2   2  48   1.191635e+02    5.499981e-01    0.000000e+00    1.185948e+02    5.499983e-01    0.000000e+00  
  2   2  49   1.056569e+02    5.499988e-01    0.000000e+00    1.081465e+02    5.499998e-01    0.000000e+00  
  2   2  50   7.040813e+01    5.499983e-01    0.000000e+00    6.996740e+01    5.499951e-01    0.000000e+00  
  2   2  51   8.314570e+01    5.500000e-01    0.000000e+00    1.014831e+02    5.499999e-01    0.000000e+00  
  2   2  52   5.903278e+01    5.499992e-01    0.000000e+00    1.063792e+02    5.499963e-01    0.000000e+00  
  2   2  53   4.289039e+01    4.885118e-01    0.000000e+00    2.846111e+01    5.499981e-01    0.000000e+00  
  2   2  54   7.344977e-01    5.481890e-01    0.000000e+00    9.103368e+01    5.499968e-01    0.000000e+00  
  2   2  55   4.573047e+01    4.654029e-01    0.000000e+00    5.838318e+01    5.499999e-01    0.000000e+00  
  2   2  56   8.413535e+01    5.499958e-01    0.000000e+00    1.514743e+02    5.499088e-01    0.000000e+00  
  2   2  57   6.945752e+01    4.500000e-01    0.000000e+00    7.288596e+00    5.442265e-01    0.000000e+00  
  2   2  58   8.175167e+01    5.499978e-01    0.000000e+00    4.312269e+01    5.499976e-01    0.000000e+00  
  2   2  59   6.056389e+01    4.509897e-01    0.000000e+00    1.401595e+02    5.498617e-01    0.000000e+00  
  2   2  60   2.182764e+00    5.481407e-01    0.000000e+00    4.531732e+01    5.499996e-01    0.000000e+00  
  2   2  61   5.255837e+01    5.499998e-01    0.000000e+00    1.037101e+02    5.499993e-01    0.000000e+00  
  2   2  62   6.458739e+01    5.499634e-01    0.000000e+00    4.834256e+01    4.523231e-01    0.000000e+00  
  2   3   1   8.448108e+01    5.499973e-01    0.000000e+00    1.868821e+02    5.500000e-01    0.000000e+00  
  2   3   2   6.697698e+01    5.500000e-01    0.000000e+00    7.813458e+01    5.483297e-01    0.000000e+00  
  2   3   3   1.579841e+02    5.499995e-01    0.000000e+00    4.439981e+01    4.776778e-01    0.000000e+00  
  2   3   4   1.594926e+00    5.495597e-01    0.000000e+00    4.891112e+01    5.500000e-01    0.000000e+00  
  2   3   5   3.838949e+01    4.500676e-01    0.000000e+00    5.541244e+01    5.500000e-01    0.000000e+00  
  3   1   1   3.359109e+01    5.184956e-01    0.000000e+00    5.704692e+01    5.499995e-01    0.000000e+00  
  3   1   2   6.073482e+01    5.416328e-01    0.000000e+00    5.751032e+01    5.499993e-01    0.000000e+00  
  3   1   3   5.016705e+01    5.500000e-01    0.000000e+00    5.536365e+01    5.499958e-01    0.000000e+00  
  3   1   4   3.868608e+01    5.046037e-01    0.000000e+00    4.940208e+01    5.499971e-01    0.000000e+00  
  3   1   5   7.270577e+01    5.499993e-01    0.000000e+00    6.111389e+01    5.500000e-01    0.000000e+00  
  3   1   6   4.329065e+01    5.499989e-01    0.000000e+00    4.764778e+01    5.499950e-01    0.000000e+00  
  3   1   7   5.680680e+01    5.499985e-01    0.000000e+00    3.617712e+01    5.500000e-01    0.000000e+00  
  3   1   8   4.434812e+01    5.499997e-01    0.000000e+00    2.951834e+01    4.503518e-01    0.000000e+00  
  3   1   9   5.039034e+00    5.491094e-01    0.000000e+00    4.564599e+01    5.499968e-01    0.000000e+00  
  3   1  10   1.902638e+01    5.500000e-01    0.000000e+00    5.410814e+01    5.499966e-01    0.000000e+00  
  3   1  11   5.230737e+01    5.499970e-01    0.000000e+00    5.796896e+01    5.499972e-01    0.000000e+00  
  3   1  12   3.818532e+00    5.491293e-01    0.000000e+00    3.474085e+01    4.500000e-01    0.000000e+00  
  3   1  13   6.617180e+01    5.499627e-01    0.000000e+00    4.984410e+01    5.500000e-01    0.000000e+00  
  3   1  14   3.196558e+01    5.499999e-01    0.000000e+00    4.593418e+00    5.490999e-01    0.000000e+00  
  3   1  15   3.023387e+01    4.500001e-01    0.000000e+00    8.600679e+00    5.499990e-01    0.000000e+00  
  3   1  16   4.139468e+01    4.944679e-01    0.000000e+00    6.994124e+01    5.500000e-01    0.000000e+00  
  3   1  17   4.207770e+01    4.914213e-01    0.000000e+00    4.193459e+01    4.919801e-01    0.000000e+00  
  3   1  18   3.572061e+00    5.491878e-01    0.000000e+00    8.196634e+01    5.500000e-01    0.000000e+00  
  3   1  19   8.032395e+01    5.499999e-01    0.000000e+00    8.590887e+01    5.499999e-01    0.000000e+00  
  3   1  20   7.721316e+01    5.499996e-01    0.000000e+00    7.440084e+01    5.500000e-01    0.000000e+00  
  3   1  21   4.304309e+01    4.570969e-01    0.000000e+00    7.669612e+01    5.499819e-01    0.000000e+00  
  3   1  22   6.227467e+01    5.499972e-01    0.000000e+00    4.044193e+01    5.500000e-01    0.000000e+00  
  3   1  23   6.939188e+01    4.844731e-01    0.000000e+00    5.722863e+01    5.499900e-01    0.000000e+00  
  3   2   1   2.684296e+01    4.500172e-01    0.000000e+00    5.473952e+01    5.499962e-01    0.000000e+00  
  3   2   2   5.240353e+01    5.499770e-01    0.000000e+00    3.705533e+01    5.086276e-01    0.000000e+00  
  3   2   3   5.173400e+01    4.500000e-01    0.000000e+00    -7.544926e-01    5.486265e-01    0.000000e+00  
  3   2   4   3.857287e+01    5.044656e-01    0.000000e+00    3.822630e+01    5.054797e-01    0.000000e+00  
  3   2   5   3.823490e+01    5.055027e-01    0.000000e+00    5.361608e+01    5.499990e-01    0.000000e+00  
  3   2   6   5.011354e+01    5.500000e-01    0.000000e+00    4.009683e+01    4.996538e-01    0.000000e+00  
  3   2   7   3.708156e+01    5.086581e-01    0.000000e+00    5.179824e+01    5.499902e-01    0.000000e+00  
  3   2   8   4.907527e+01    5.499998e-01    0.000000e+00    3.110449e+01    5.499993e-01    0.000000e+00  
  3   2   9   4.018427e+01    4.994335e-01    0.000000e+00    7.028272e+01    5.500000e-01    0.000000e+00  
  3   2  10   3.868212e+01    5.042247e-01    0.000000e+00    5.880345e+01    5.499795e-01    0.000000e+00  
  3   2  11   4.779660e+01    5.499998e-01    0.000000e+00    4.520903e+01    5.500000e-01    0.000000e+00  
  3   2  12   5.848440e+01    5.499992e-01    0.000000e+00    7.665737e+01    5.499949e-01    0.000000e+00  
  3   2  13   1.738190e+01    5.499996e-01    0.000000e+00    1.907066e+01    5.500000e-01    0.000000e+00  
  3   2  14   3.390341e+01    5.159298e-01    0.000000e+00    8.405975e+01    5.499990e-01    0.000000e+00  
  3   2  15   4.690991e+01    5.499998e-01    0.000000e+00    5.174205e+00    5.469652e-01    0.000000e+00  
  3   2  16   5.771721e+01    5.499995e-01    0.000000e+00    7.556419e+01    5.499999e-01    0.000000e+00  
  3   2  17   2.064306e+01    5.500000e-01    0.000000e+00    3.354320e+00    5.473467e-01    0.000000e+00  
  3   2  18   2.828324e+01    5.499990e-01    0.000000e+00    2.466190e+01    5.499988e-01    0.000000e+00  
  3   2  19   3.362773e+01    5.499999e-01    0.000000e+00    7.002951e+00    5.445584e-01    0.000000e+00  
  3   2  20   7.215639e+01    5.499997e-01    0.000000e+00    4.051342e+01    5.499915e-01    0.000000e+00  
  3   2  21   5.191052e+01    5.500000e-01    0.000000e+00    6.421088e+01    5.499992e-01    0.000000e+00  
  3   2  22   4.677171e+01    5.499993e-01    0.000000e+00    4.836955e+01    5.499999e-01    0.000000e+00  
  3   2  23   4.825673e+01    5.499985e-01    0.000000e+00    5.620166e+01    5.499997e-01    0.000000e+00  
  3   2  24   4.929876e+01    5.499990e-01    0.000000e+00    2.620681e+01    5.499998e-01    0.000000e+00  
  3   2  25   -1.201659e+00    5.487037e-01    0.000000e+00    3.896747e+00    5.477550e-01    0.000000e+00  
  3   2  26   5.226819e+01    5.499999e-01    0.000000e+00    9.474483e+01    5.499981e-01    0.000000e+00  
  3   2  27   7.176305e+01    5.499997e-01    0.000000e+00    4.965394e+01    5.499995e-01    0.000000e+00  
  3   2  28   6.509187e-01    5.482881e-01    0.000000e+00    3.865522e+00    5.477644e-01    0.000000e+00  
  3   2  29   5.276578e+01    5.499999e-01    0.000000e+00    8.592097e+01    5.499970e-01    0.000000e+00  
  3   2  30   1.135983e+02    5.499987e-01    0.000000e+00    6.287200e+00    5.445472e-01    0.000000e+00  
  3   2  31   6.010032e+01    5.499983e-01    0.000000e+00    1.926408e+00    5.476303e-01    0.000000e+00  
  3   2  32   5.660676e+01    5.500000e-01    0.000000e+00    1.104364e+02    5.499996e-01    0.000000e+00  
  3   2  33   9.094165e+01    4.500027e-01    0.000000e+00    7.338115e+01    5.499995e-01    0.000000e+00  
  3   2  34   5.911840e+01    5.500000e-01    0.000000e+00    5.896512e+01    5.499996e-01    0.000000e+00  
  3   2  35   7.558554e+01    5.499970e-01    0.000000e+00    4.146266e+01    4.948242e-01    0.000000e+00  
  3   2  36   1.910735e+01    5.499997e-01    0.000000e+00    5.724096e+01    5.499989e-01    0.000000e+00  
  3   2  37   6.790879e+01    5.499995e-01    0.000000e+00    5.581708e+01    5.499999e-01    0.000000e+00  
  3   2  38   9.837313e+01    5.499998e-01    0.000000e+00    7.168966e+01    5.499980e-01    0.000000e+00  
  3   2  39   3.796241e+01    5.062142e-01    0.000000e+00    5.398175e+01    5.499992e-01    0.000000e+00  
  3   2  40   9.549259e+00    5.499977e-01    0.000000e+00    6.601260e+01    5.499999e-01    0.000000e+00  
  3   2  41   1.531831e+02    5.499996e-01    0.000000e+00    8.442813e+01    5.499999e-01    0.000000e+00  
  3   2  42   3.943242e+01    5.499998e-01    0.000000e+00    9.526448e+01    5.500000e-01    0.000000e+00  
  3   2  43   7.994228e+01    5.499993e-01    0.000000e+00    1.076072e+02    5.499936e-01    0.000000e+00  
  3   2  44   1.145885e+02    5.499998e-01    0.000000e+00    7.601424e+01    5.499995e-01    0.000000e+00  
  3   2  45   8.033237e+01    5.500000e-01    0.000000e+00    6.454722e+01    5.499962e-01    0.000000e+00  
  3   2  46   7.594988e+01    5.500000e-01    0.000000e+00    7.614408e+01    5.500000e-01    0.000000e+00  
  3   2  47   8.768256e+01    5.499959e-01    0.000000e+00    7.399412e+01    5.499997e-01    0.000000e+00  
  3   2  48   5.989326e+01    5.500000e-01    0.000000e+00    9.548644e+01    5.499979e-01    0.000000e+00  
  3   2  49   1.240662e+02    4.500000e-01    0.000000e+00    5.876188e+01    5.500000e-01    0.000000e+00  
  3   2  50   5.892323e+01    5.499999e-01    0.000000e+00    4.573537e+01    4.656335e-01    0.000000e+00  
  3   2  51   4.773580e+01    5.500000e-01    0.000000e+00    6.693024e+01    5.500000e-01    0.000000e+00  
  3   2  52   1.423944e+00    5.478321e-01    0.000000e+00    7.073821e+01    5.499981e-01    0.000000e+00  
  3   2  53   9.330565e+01    5.499969e-01    0.000000e+00    8.723461e+01    5.490078e-01    0.000000e+00  
  3   2  54   4.141618e+01    5.500000e-01    0.000000e+00    8.354845e+01    5.500000e-01    0.000000e+00  
  3   2  55   6.252134e+01    5.499998e-01    0.000000e+00    6.776087e+01    5.500000e-01    0.000000e+00  
  3   2  56   1.535789e+01    5.500000e-01    0.000000e+00    5.419162e+00    5.450852e-01    0.000000e+00  
  3   2  57   1.052340e+02    5.499994e-01    0.000000e+00    1.198905e+02    5.499997e-01    0.000000e+00  
  3   2  58   9.250964e+01    4.896366e-01    0.000000e+00    4.897146e+01    5.500000e-01    0.000000e+00  
  3   2  59   1.024702e+01    5.434175e-01    0.000000e+00    9.419723e+01    5.499998e-01    0.000000e+00  
  3   2  60   8.210317e+01    5.499954e-01    0.000000e+00    8.479769e+01    5.499976e-01    0.000000e+00  
  3   2  61   7.919218e+01    5.499999e-01    0.000000e+00    2.737819e+01    4.500209e-01    0.000000e+00  
  3   2  62   1.045017e+02    5.499998e-01    0.000000e+00    6.382825e+01    5.499968e-01    0.000000e+00  
  3   3   1   5.494604e+01    5.500000e-01    0.000000e+00    4.192904e+01    4.502291e-01    0.000000e+00  
  3   3   2   1.592309e+02    4.500000e-01    0.000000e+00    2.775321e+01    4.500009e-01    0.000000e+00  
  3   3   3   4.000000e+01    5.000000e-01    0.000000e+00    4.000000e+01    5.000000e-01    0.000000e+00  
  3   3   4   1.105275e+02    5.500000e-01    0.000000e+00    4.459225e+01    4.500022e-01    0.000000e+00  
  3   3   5   5.656171e+01    5.499999e-01    0.000000e+00    9.015077e+01    5.499984e-01    0.000000e+00  
  4   1   1   5.499664e+01    5.499995e-01    0.000000e+00    5.727029e+01    5.499990e-01    0.000000e+00  
  4   1   2   5.627518e+01    5.499740e-01    0.000000e+00    2.980039e+01    4.500049e-01    0.000000e+00  
  4   1   3   5.985451e+01    5.499998e-01    0.000000e+00    4.364815e+01    4.503399e-01    0.000000e+00  
  4   1   4   5.406266e+01    5.499999e-01    0.000000e+00    4.670416e+01    5.500000e-01    0.000000e+00  
  4   1   5   3.907518e+01    5.499999e-01    0.000000e+00    5.603888e+01    5.499985e-01    0.000000e+00  
  4   1   6   1.646419e+01    5.500000e-01    0.000000e+00    4.574315e+01    5.499871e-01    0.000000e+00  
  4   1   7   2.674323e+00    5.492852e-01    0.000000e+00    1.121550e+02    5.499986e-01    0.000000e+00  
  4   1   8   3.861581e+01    5.048935e-01    0.000000e+00    5.088740e+01    5.499964e-01    0.000000e+00  
  4   1   9   -3.573741e-01    5.498433e-01    0.000000e+00    -1.710293e+00    5.498947e-01    0.000000e+00  
  4   1  10   6.279015e+01    5.500000e-01    0.000000e+00    2.821358e+01    5.500000e-01    0.000000e+00  
  4   1  11   5.439722e+01    5.500000e-01    0.000000e+00    5.759368e+00    5.470741e-01    0.000000e+00  
  4   1  12   5.706982e+01    5.499999e-01    0.000000e+00    5.454826e+01    5.500000e-01    0.000000e+00  
  4   1  13   5.612939e+01    5.500000e-01    0.000000e+00    3.752340e+00    5.494547e-01    0.000000e+00  
  4   1  14   5.389149e+01    5.499893e-01    0.000000e+00    6.185169e+01    5.499996e-01    0.000000e+00  
  4   1  15   6.340234e+01    5.499944e-01    0.000000e+00    4.425408e+01    5.499999e-01    0.000000e+00  
  4   1  16   6.050229e+01    5.499995e-01    0.000000e+00    6.008957e+01    5.499951e-01    0.000000e+00  
  4   1  17   6.726793e+01    5.499997e-01    0.000000e+00    1.562098e+02    5.500000e-01    0.000000e+00  
  4   1  18   7.330792e+01    5.499971e-01    0.000000e+00    3.172532e+01    5.499996e-01    0.000000e+00  
  4   1  19   1.245257e+02    4.500000e-01    0.000000e+00    6.869725e+01    5.500000e-01    0.000000e+00  
  4   1  20   1.214619e+02    5.500000e-01    0.000000e+00    4.070019e+01    4.973652e-01    0.000000e+00  
  4   1  21   7.987378e+01    5.499999e-01    0.000000e+00    7.640078e+01    5.499996e-01    0.000000e+00  
  4   1  22   8.607627e+01    5.500000e-01    0.000000e+00    7.333473e+01    5.499994e-01    0.000000e+00  
  4   1  23   8.127907e+01    5.499989e-01    0.000000e+00    7.736422e+01    5.499999e-01    0.000000e+00  
  4   2   1   4.134102e+01    4.951842e-01    0.000000e+00    3.953355e+01    5.015444e-01    0.000000e+00  
  4   2   2   5.674149e+01    5.493156e-01    0.000000e+00    4.145369e+01    4.947658e-01    0.000000e+00  
  4   2   3   4.006457e+01    4.998161e-01    0.000000e+00    3.989645e+01    5.003476e-01    0.000000e+00  
  4   2   4   5.376450e+01    5.499999e-01    0.000000e+00    2.661036e+01    4.500035e-01    0.000000e+00  
  4   2   5   4.103108e+01    4.962934e-01    0.000000e+00    5.738078e+01    5.499999e-01    0.000000e+00  
  4   2   6   5.013848e+01    5.499995e-01    0.000000e+00    5.413221e+01    5.500000e-01    0.000000e+00  
  4   2   7   5.646441e+01    5.499944e-01    0.000000e+00    3.902507e+01    5.031458e-01    0.000000e+00  
  4   2   8   1.605596e+00    5.489698e-01    0.000000e+00    2.003609e+01    5.500000e-01    0.000000e+00  
  4   2   9   4.180438e+01    4.935098e-01    0.000000e+00    3.981967e+01    5.006248e-01    0.000000e+00  
  4   2  10   4.217628e+01    5.499979e-01    0.000000e+00    3.850759e+01    5.499925e-01    0.000000e+00  
  4   2  11   4.774340e+01    5.499998e-01    0.000000e+00    4.904244e+01    5.500000e-01    0.000000e+00  
  4   2  12   8.056798e+01    5.499985e-01    0.000000e+00    5.984175e+01    5.499978e-01    0.000000e+00  
  4   2  13   4.436882e+01    4.802840e-01    0.000000e+00    5.886933e+01    5.499932e-01    0.000000e+00  
  4   2  14   3.835662e+01    5.050919e-01    0.000000e+00    3.604756e+01    5.111648e-01    0.000000e+00  
  4   2  15   2.464105e+01    5.500000e-01    0.000000e+00    5.101971e+01    5.499936e-01    0.000000e+00  
  4   2  16   3.312840e+01    5.499989e-01    0.000000e+00    8.311420e+01    5.499946e-01    0.000000e+00  
  4   2  17   5.357728e+01    5.499927e-01    0.000000e+00    2.397356e+01    5.330185e-01    0.000000e+00  
  4   2  18   5.392952e+01    5.500000e-01    0.000000e+00    8.833478e+01    5.499998e-01    0.000000e+00  
  4   2  19   4.355822e+01    5.499962e-01    0.000000e+00    4.607083e+01    5.499970e-01    0.000000e+00  
  4   2  20   6.330167e+01    5.499999e-01    0.000000e+00    6.999978e+01    5.499938e-01    0.000000e+00  
  4   2  21   5.787915e+01    5.499704e-01    0.000000e+00    4.028219e+01    5.499991e-01    0.000000e+00  
  4   2  22   4.312619e-01    5.483140e-01    0.000000e+00    -3.839486e-01    5.485746e-01    0.000000e+00  
  4   2  23   6.580379e+01    5.499997e-01    0.000000e+00    9.206552e+01    5.499995e-01    0.000000e+00  
  4   2  24   3.774232e+01    5.499982e-01    0.000000e+00    2.356468e+01    5.500000e-01    0.000000e+00  
  4   2  25   3.089216e+01    5.500000e-01    0.000000e+00    5.563691e+01    5.499997e-01    0.000000e+00  
  4   2  26   5.397485e+01    5.499990e-01    0.000000e+00    1.074457e+02    5.499996e-01    0.000000e+00  
  4   2  27   4.738965e+01    5.499991e-01    0.000000e+00    4.786839e+01    5.499997e-01    0.000000e+00  
  4   2  28   1.393518e+01    5.499995e-01    0.000000e+00    1.229148e+01    5.423802e-01    0.000000e+00  
  4   2  29   2.935350e+01    4.500000e-01    0.000000e+00    9.969490e-01    5.482529e-01    0.000000e+00  
  4   2  30   6.788906e+01    5.500000e-01    0.000000e+00    3.974537e+01    5.008574e-01    0.000000e+00  
  4   2  31   -1.041052e+00    5.486314e-01    0.000000e+00    4.443600e+02    4.500000e-01    0.000000e+00  
  4   2  32   4.000000e+01    5.000000e-01    0.000000e+00    4.000000e+01    5.000000e-01    0.000000e+00  
  4   2  33   1.553430e+02    5.500000e-01    0.000000e+00    5.422829e+01    5.499989e-01    0.000000e+00  
  4   2  34   7.878301e+01    5.500000e-01    0.000000e+00    1.286037e+02    5.499991e-01    0.000000e+00  
  4   2  35   5.818026e+01    5.499995e-01    0.000000e+00    1.355834e+02    5.499998e-01    0.000000e+00  
  4   2  36   5.842850e+01    5.499967e-01    0.000000e+00    5.818068e+01    5.499057e-01    0.000000e+00  
  4   2  37   8.132790e+01    4.501332e-01    0.000000e+00    -3.544381e+00    5.490512e-01    0.000000e+00  
  4   2  38   7.164455e+01    5.499969e-01    0.000000e+00    2.570797e+01    5.499997e-01    0.000000e+00  
  4   2  39   8.644420e+01    5.499989e-01    0.000000e+00    9.210733e+01    5.499997e-01    0.000000e+00  
  4   2  40   7.056100e+01    5.499993e-01    0.000000e+00    1.538745e+02    5.499766e-01    0.000000e+00  
  4   2  41   6.827404e+01    5.500000e-01    0.000000e+00    6.520847e+01    5.499949e-01    0.000000e+00  
  4   2  42   6.020387e+01    5.499999e-01    0.000000e+00    1.016398e+02    5.499996e-01    0.000000e+00  
  4   2  43   7.975096e+01    5.499998e-01    0.000000e+00    1.169017e+02    5.498916e-01    0.000000e+00  
  4   2  44   9.781043e+01    5.499999e-01    0.000000e+00    4.218888e+01    4.916104e-01    0.000000e+00  
  4   2  45   1.492013e+02    5.499997e-01    0.000000e+00    6.864549e+01    5.499996e-01    0.000000e+00  
  4   2  46   1.295731e+02    5.499995e-01    0.000000e+00    1.431866e+02    5.500000e-01    0.000000e+00  
  4   2  47   8.086313e+01    5.500000e-01    0.000000e+00    7.644734e+01    5.499973e-01    0.000000e+00  
  4   2  48   5.533065e+01    5.500000e-01    0.000000e+00    5.875459e+01    5.499987e-01    0.000000e+00  
  4   2  49   1.241967e+02    5.499997e-01    0.000000e+00    1.285149e+02    5.500000e-01    0.000000e+00  
  4   2  50   6.799018e+01    4.990406e-01    0.000000e+00    1.042478e+02    5.499931e-01    0.000000e+00  
  4   2  51   7.510906e+01    4.507523e-01    0.000000e+00    6.979486e+01    5.499999e-01    0.000000e+00  
  4   2  52   6.948293e+01    5.499998e-01    0.000000e+00    9.912047e+01    4.995306e-01    0.000000e+00  
  4   2  53   4.825785e+00    5.471502e-01    0.000000e+00    6.782005e+01    5.499992e-01    0.000000e+00  
  4   2  54   6.351580e+01    5.499998e-01    0.000000e+00    9.316498e+01    5.499744e-01    0.000000e+00  
  4   2  55   9.846412e+01    5.499984e-01    0.000000e+00    1.766028e+01    5.499998e-01    0.000000e+00  
  4   2  56   2.104532e+01    5.499995e-01    0.000000e+00    8.150980e+01    4.500009e-01    0.000000e+00  
  4   2  57   7.466153e+01    5.499999e-01    0.000000e+00    5.821005e+01    5.500000e-01    0.000000e+00  
  4   2  58   5.628194e+01    5.499646e-01    0.000000e+00    3.683303e+01    5.500000e-01    0.000000e+00  
  4   2  59   6.747055e+01    5.499996e-01    0.000000e+00    5.527189e+01    5.499921e-01    0.000000e+00  
  4   2  60   4.729780e+01    4.500025e-01    0.000000e+00    1.016013e+02    5.499997e-01    0.000000e+00  
  4   2  61   1.196948e+02    5.499950e-01    0.000000e+00    1.482896e+02    5.499979e-01    0.000000e+00  
  4   2  62   8.031242e+01    5.500000e-01    0.000000e+00    4.075565e+01    4.975409e-01    0.000000e+00  
  4   3   1   9.097228e+01    5.499881e-01    0.000000e+00    8.925691e+01    5.476653e-01    0.000000e+00  
  4   3   2   3.591284e+01    4.500076e-01    0.000000e+00    1.324792e+02    5.500000e-01    0.000000e+00  
  4   3   3   4.199707e+01    5.500000e-01    0.000000e+00    7.208790e+01    5.498946e-01    0.000000e+00  
  4   3   4   8.834623e+01    5.499601e-01    0.000000e+00    6.908021e+01    5.061005e-01    0.000000e+00  
  4   3   5   6.819660e+01    5.499990e-01    0.000000e+00    6.225027e+01    5.500000e-01    0.000000e+00  
  5   1   1   3.325820e+01    5.193105e-01    0.000000e+00    5.455084e+01    5.499988e-01    0.000000e+00  
  5   1   2   5.548810e+01    5.499923e-01    0.000000e+00    5.447550e+01    5.499800e-01    0.000000e+00  
  5   1   3   5.400677e+01    5.499815e-01    0.000000e+00    5.404585e+01    5.499921e-01    0.000000e+00  
  5   1   4   2.451722e+01    5.355672e-01    0.000000e+00    4.834062e+01    5.499994e-01    0.000000e+00  
  5   1   5   3.648082e+01    5.113943e-01    0.000000e+00    3.648527e+01    5.113631e-01    0.000000e+00  
  5   1   6   4.147365e+01    5.499960e-01    0.000000e+00    7.165964e+01    5.499993e-01    0.000000e+00  
  5   1   7   3.210019e+01    5.499999e-01    0.000000e+00    2.646714e+01    5.500000e-01    0.000000e+00  
  5   1   8   9.658086e+00    5.500000e-01    0.000000e+00    4.351146e+01    5.499993e-01    0.000000e+00  
  5   1   9   8.504712e+01    5.499998e-01    0.000000e+00    5.341555e+01    5.499987e-01    0.000000e+00  
  5   1  10   3.098766e+01    5.500000e-01    0.000000e+00    3.249579e+00    5.491869e-01    0.000000e+00  
  5   1  11   4.496293e+01    5.500000e-01    0.000000e+00    2.695697e+01    5.500000e-01    0.000000e+00  
  5   1  12   4.665523e+01    5.499993e-01    0.000000e+00    1.730161e+01    5.500000e-01    0.000000e+00  
  5   1  13   5.582449e+01    5.499999e-01    0.000000e+00    5.259132e+01    5.500000e-01    0.000000e+00  
  5   1  14   2.946147e+01    4.500108e-01    0.000000e+00    3.909951e+01    5.499992e-01    0.000000e+00  
  5   1  15   1.684174e+01    5.500000e-01    0.000000e+00    5.133586e+01    5.499963e-01    0.000000e+00  
  5   1  16   6.564852e+01    5.499905e-01    0.000000e+00    3.369360e+01    4.501299e-01    0.000000e+00  
  5   1  17   6.376285e+01    5.499998e-01    0.000000e+00    4.016051e+01    5.500000e-01    0.000000e+00  
  5   1  18   1.074939e+02    5.499992e-01    0.000000e+00    4.112691e+01    4.955517e-01    0.000000e+00  
  5   1  19   7.297417e+01    5.500000e-01    0.000000e+00    7.072792e+01    5.499946e-01    0.000000e+00  
  5   1  20   7.216028e+01    5.499999e-01    0.000000e+00    6.713826e+01    5.499373e-01    0.000000e+00  
  5   1  21   5.897602e+01    5.500000e-01    0.000000e+00    6.678799e+01    5.500000e-01    0.000000e+00  
  5   1  22   7.852515e+01    5.499999e-01    0.000000e+00    6.710087e+01    5.499988e-01    0.000000e+00  
  5   1  23   7.573113e+01    5.499944e-01    0.000000e+00    1.133709e+02    5.500000e-01    0.000000e+00  
  5   2   1   3.472812e+01    5.141093e-01    0.000000e+00    5.817257e+01    5.499697e-01    0.000000e+00  
  5   2   2   4.320212e+01    5.499334e-01    0.000000e+00    5.927201e+01    5.499907e-01    0.000000e+00  
  5   2   3   2.971180e+01    4.500029e-01    0.000000e+00    5.819220e+01    5.499968e-01    0.000000e+00  
  5   2   4   2.571386e+01    4.500002e-01    0.000000e+00    5.395455e+01    5.500000e-01    0.000000e+00  
  5   2   5   3.983051e+01    5.005518e-01    0.000000e+00    6.506476e+01    5.499926e-01    0.000000e+00  
  5   2   6   4.107964e+01    4.961005e-01    0.000000e+00    5.989149e+01    5.499992e-01    0.000000e+00  
  5   2   7   4.052036e+01    4.982557e-01    0.000000e+00    5.650285e+01    5.499998e-01    0.000000e+00  
  5   2   8   3.803794e+01    5.060687e-01    0.000000e+00    4.280434e+01    5.499990e-01    0.000000e+00  
  5   2   9   3.971555e+01    5.009539e-01    0.000000e+00    5.687341e+01    5.499990e-01    0.000000e+00  
  5   2  10   5.813371e+01    5.499838e-01    0.000000e+00    5.679381e+01    5.499992e-01    0.000000e+00  
  5   2  11   4.434596e+01    5.499998e-01    0.000000e+00    5.229758e+01    5.499997e-01    0.000000e+00  
  5   2  12   3.472501e+01    5.500000e-01    0.000000e+00    3.606237e+01    5.111994e-01    0.000000e+00  
  5   2  13   3.275231e+00    5.480094e-01    0.000000e+00    -4.457887e-01    5.482273e-01    0.000000e+00  
  5   2  14   4.763702e+01    5.499959e-01    0.000000e+00    4.879937e+01    5.500000e-01    0.000000e+00  
  5   2  15   7.059713e+01    5.499923e-01    0.000000e+00    5.501084e+01    5.500000e-01    0.000000e+00  
  5   2  16   6.251561e+01    5.499990e-01    0.000000e+00    4.287983e+01    4.886315e-01    0.000000e+00  
  5   2  17   2.814749e+01    5.499990e-01    0.000000e+00    2.914633e+01    5.499984e-01    0.000000e+00  
  5   2  18   4.409421e+01    5.499995e-01    0.000000e+00    2.176507e+01    5.354507e-01    0.000000e+00  
  5   2  19   3.902535e+01    5.499998e-01    0.000000e+00    4.643513e+01    5.499989e-01    0.000000e+00  
  5   2  20   4.719616e+01    5.499977e-01    0.000000e+00    6.199246e+00    5.445937e-01    0.000000e+00  
  5   2  21   -8.836978e+00    5.495461e-01    0.000000e+00    4.232010e+01    5.499999e-01    0.000000e+00  
  5   2  22   3.154837e+01    5.499997e-01    0.000000e+00    1.001057e+02    5.499982e-01    0.000000e+00  
  5   2  23   1.165056e+02    5.499999e-01    0.000000e+00    6.035741e+01    5.499995e-01    0.000000e+00  
  5   2  24   1.018616e+02    5.499990e-01    0.000000e+00    6.643436e+01    5.499999e-01    0.000000e+00  
  5   2  25   5.790102e+01    5.499994e-01    0.000000e+00    3.377640e+01    5.499979e-01    0.000000e+00  
  5   2  26   3.576127e+01    5.499978e-01    0.000000e+00    3.431895e-01    5.484652e-01    0.000000e+00  
  5   2  27   5.278007e+01    5.500000e-01    0.000000e+00    7.973296e+01    5.499998e-01    0.000000e+00  
  5   2  28   2.134896e+01    5.499993e-01    0.000000e+00    4.893475e+01    5.499997e-01    0.000000e+00  
  5   2  29   7.275101e+01    5.500000e-01    0.000000e+00    4.553367e+01    5.499998e-01    0.000000e+00  
  5   2  30   4.656561e+01    5.499960e-01    0.000000e+00    9.402025e+01    5.500000e-01    0.000000e+00  
  5   2  31   7.418565e+01    5.499915e-01    0.000000e+00    1.051585e+02    5.499985e-01    0.000000e+00  
  5   2  32   1.453825e+02    5.499998e-01    0.000000e+00    5.409243e+01    5.499999e-01    0.000000e+00  
  5   2  33   1.271995e+01    5.499999e-01    0.000000e+00    5.963940e+01    5.499998e-01    0.000000e+00  
  5   2  34   7.017759e+01    5.499999e-01    0.000000e+00    7.478722e+01    5.499999e-01    0.000000e+00  
  5   2  35   2.060555e+00    5.478964e-01    0.000000e+00    2.545416e+01    5.500000e-01    0.000000e+00  
  5   2  36   5.853651e+01    5.499994e-01    0.000000e+00    6.564469e+01    5.499902e-01    0.000000e+00  
  5   2  37   4.267185e+01    4.896571e-01    0.000000e+00    1.363328e+02    5.499958e-01    0.000000e+00  
  5   2  38   6.861418e+01    5.499988e-01    0.000000e+00    6.824803e+01    5.499995e-01    0.000000e+00  
  5   2  39   7.272225e+01    5.499998e-01    0.000000e+00    3.747582e+01    5.499995e-01    0.000000e+00  
  5   2  40   7.404921e+01    5.500000e-01    0.000000e+00    8.169974e+01    5.500000e-01    0.000000e+00  
  5   2  41   6.410199e+01    5.500000e-01    0.000000e+00    1.007663e+02    5.499975e-01    0.000000e+00  
  5   2  42   6.673945e+01    5.500000e-01    0.000000e+00    6.104352e+01    5.499993e-01    0.000000e+00  
  5   2  43   6.904153e+01    5.499992e-01    0.000000e+00    7.024981e+01    5.499870e-01    0.000000e+00  
  5   2  44   1.446560e+02    5.499967e-01    0.000000e+00    4.935676e+01    5.499995e-01    0.000000e+00  
  5   2  45   7.710783e+01    4.500081e-01    0.000000e+00    4.026333e+01    5.499951e-01    0.000000e+00  
  5   2  46   9.229852e+01    4.895711e-01    0.000000e+00    5.568870e+01    5.499992e-01    0.000000e+00  
  5   2  47   1.020298e+02    5.499895e-01    0.000000e+00    7.470510e+01    5.500000e-01    0.000000e+00  
  5   2  48   6.433012e+01    5.033376e-01    0.000000e+00    9.445626e+01    5.499996e-01    0.000000e+00  
  5   2  49   4.000000e+01    5.000000e-01    0.000000e+00    4.000000e+01    5.000000e-01    0.000000e+00  
  5   2  50   1.259095e+02    5.500000e-01    0.000000e+00    8.578906e+01    5.500000e-01    0.000000e+00  
  5   2  51   7.279552e+00    5.445592e-01    0.000000e+00    1.452720e+00    5.486326e-01    0.000000e+00  
  5   2  52   9.463860e+01    5.499997e-01    0.000000e+00    9.239202e+01    5.500000e-01    0.000000e+00  
  5   2  53   7.692999e+01    5.499992e-01    0.000000e+00    7.974004e+01    5.500000e-01    0.000000e+00  
  5   2  54   7.138028e+01    5.499943e-01    0.000000e+00    1.138937e+02    5.499983e-01    0.000000e+00  
  5   2  55   9.763154e+01    5.499988e-01    0.000000e+00    7.978300e+01    5.499986e-01    0.000000e+00  
  5   2  56   1.447646e+00    5.482469e-01    0.000000e+00    8.090955e+01    5.499888e-01    0.000000e+00  
  5   2  57   7.195649e+01    5.500000e-01    0.000000e+00    9.476246e+00    5.500000e-01    0.000000e+00  
  5   2  58   9.265740e+01    5.499988e-01    0.000000e+00    7.160626e+01    5.499660e-01    0.000000e+00  
  5   2  59   5.879992e+01    4.906119e-01    0.000000e+00    2.518573e+01    4.500041e-01    0.000000e+00  
  5   2  60   8.383634e+01    5.499989e-01    0.000000e+00    1.148736e+02    5.499979e-01    0.000000e+00  
  5   2  61   2.320893e+01    5.500000e-01    0.000000e+00    1.088773e+02    5.499965e-01    0.000000e+00  
  5   2  62   5.315257e+01    5.500000e-01    0.000000e+00    1.380350e+01    5.499990e-01    0.000000e+00  
  5   3   1   4.566081e+01    4.640581e-01    0.000000e+00    8.248232e+01    5.499981e-01    0.000000e+00  
  5   3   2   7.400517e+01    5.499988e-01    0.000000e+00    4.273224e+01    5.500000e-01    0.000000e+00  
  5   3   3   4.497045e+01    4.714066e-01    0.000000e+00    1.365775e+01    5.499999e-01    0.000000e+00  
  5   3   4   4.241610e+01    4.500147e-01    0.000000e+00    5.955488e+01    5.499982e-01    0.000000e+00  
  5   3   5   4.490174e+01    4.688089e-01    0.000000e+00    5.883976e+01    5.499999e-01    0.000000e+00  
  6   1   1   3.478813e+01    5.156580e-01    0.000000e+00    5.584129e+01    5.499986e-01    0.000000e+00  
  6   1   2   5.712434e+01    5.499997e-01    0.000000e+00    5.492001e+01    5.499884e-01    0.000000e+00  
  6   1   3   5.918173e+01    5.499981e-01    0.000000e+00    3.533612e+01    5.143924e-01    0.000000e+00  
  6   1   4   5.474432e+01    5.408716e-01    0.000000e+00    5.276260e+01    5.499939e-01    0.000000e+00  
  6   1   5   5.551064e+01    5.500000e-01    0.000000e+00    3.829767e+01    5.500000e-01    0.000000e+00  
  6   1   6   4.466506e+01    4.757595e-01    0.000000e+00    4.513861e+01    5.499996e-01    0.000000e+00  
  6   1   7   5.363856e+01    5.500000e-01    0.000000e+00    2.312868e+01    5.500000e-01    0.000000e+00  
  6   1   8   5.202073e+01    5.500000e-01    0.000000e+00    1.756831e+01    5.499996e-01    0.000000e+00  
  6   1   9   -2.252459e+00    5.499590e-01    0.000000e+00    1.977711e+00    5.495040e-01    0.000000e+00  
  6   1  10   8.099178e+01    5.499988e-01    0.000000e+00    2.765784e+01    4.500176e-01    0.000000e+00  
  6   1  11   4.303077e-01    5.497971e-01    0.000000e+00    -1.241611e+00    5.499154e-01    0.000000e+00  
  6   1  12   1.119308e+00    5.495427e-01    0.000000e+00    3.673459e+01    5.499999e-01    0.000000e+00  
  6   1  13   9.468234e-01    5.497255e-01    0.000000e+00    -1.637560e+00    5.499406e-01    0.000000e+00  
  6   1  14   4.855274e+00    5.491692e-01    0.000000e+00    -6.550874e+00    5.499777e-01    0.000000e+00  
  6   1  15   5.247460e+01    5.500000e-01    0.000000e+00    4.466858e+01    5.500000e-01    0.000000e+00  
  6   1  16   8.652707e+01    5.500000e-01    0.000000e+00    5.924606e+01    5.500000e-01    0.000000e+00  
  6   1  17   7.495518e+01    5.500000e-01    0.000000e+00    6.398524e+01    5.498767e-01    0.000000e+00  
  6   1  18   5.545001e+01    5.499992e-01    0.000000e+00    4.238724e+01    4.897394e-01    0.000000e+00  
  6   1  19   6.970543e+01    5.347289e-01    0.000000e+00    7.811203e+01    5.499999e-01    0.000000e+00  
  6   1  20   9.084456e+01    5.499916e-01    0.000000e+00    9.067241e+01    5.499990e-01    0.000000e+00  
  6   1  21   5.501547e+01    5.500000e-01    0.000000e+00    3.279789e+01    4.500185e-01    0.000000e+00  
  6   1  22   8.297078e+01    5.500000e-01    0.000000e+00    8.100406e+01    5.499997e-01    0.000000e+00  
  6   1  23   6.723294e+01    5.499996e-01    0.000000e+00    7.223493e+01    5.397073e-01    0.000000e+00  
  6   2   1   4.334833e+01    4.860647e-01    0.000000e+00    5.696051e+01    5.500000e-01    0.000000e+00  
  6   2   2   2.878756e+01    4.512156e-01    0.000000e+00    5.467960e+01    5.408935e-01    0.000000e+00  
  6   2   3   3.824011e+01    5.054887e-01    0.000000e+00    3.963818e+01    5.011687e-01    0.000000e+00  
  6   2   4   3.702518e+01    5.087612e-01    0.000000e+00    3.780363e+01    5.066737e-01    0.000000e+00  
  6   2   5   5.722506e+01    5.499999e-01    0.000000e+00    4.028441e+01    4.989995e-01    0.000000e+00  
  6   2   6   4.026699e+01    4.991193e-01    0.000000e+00    5.722512e+01    5.499884e-01    0.000000e+00  
  6   2   7   5.054676e+01    5.499956e-01    0.000000e+00    5.141390e+01    5.499999e-01    0.000000e+00  
  6   2   8   3.771772e+01    5.068411e-01    0.000000e+00    5.453374e+01    5.499975e-01    0.000000e+00  
  6   2   9   5.124525e+01    5.499913e-01    0.000000e+00    2.783709e+01    5.499997e-01    0.000000e+00  
  6   2  10   4.280440e+01    5.499999e-01    0.000000e+00    4.211896e+01    5.499988e-01    0.000000e+00  
  6   2  11   5.687736e+01    5.499957e-01    0.000000e+00    4.146106e+01    4.948999e-01    0.000000e+00  
  6   2  12   3.961145e+01    5.012596e-01    0.000000e+00    5.543983e+01    5.499888e-01    0.000000e+00  
  6   2  13   3.996130e+01    5.499989e-01    0.000000e+00    9.344275e+00    5.440202e-01    0.000000e+00  
  6   2  14   3.895313e+01    5.499986e-01    0.000000e+00    5.158523e+01    5.500000e-01    0.000000e+00  
  6   2  15   5.051118e+01    5.499969e-01    0.000000e+00    3.611985e+01    5.499968e-01    0.000000e+00  
  6   2  16   3.958359e+01    5.500000e-01    0.000000e+00    5.158350e+01    5.499900e-01    0.000000e+00  
  6   2  17   2.621787e+01    5.499998e-01    0.000000e+00    -1.367483e-01    5.489751e-01    0.000000e+00  
  6   2  18   -1.098056e+00    5.486531e-01    0.000000e+00    2.244049e+01    5.500000e-01    0.000000e+00  
  6   2  19   4.489076e+01    5.499996e-01    0.000000e+00    5.091443e+01    5.499999e-01    0.000000e+00  
  6   2  20   5.160945e+01    5.500000e-01    0.000000e+00    3.714845e+01    5.499992e-01    0.000000e+00  
  6   2  21   3.594198e+01    5.500000e-01    0.000000e+00    9.013489e+01    5.499982e-01    0.000000e+00  
  6   2  22   5.826748e+01    5.499913e-01    0.000000e+00    2.318580e+01    5.499996e-01    0.000000e+00  
  6   2  23   5.791242e+00    5.448791e-01    0.000000e+00    4.414841e+01    4.500001e-01    0.000000e+00  
  6   2  24   8.003457e+01    5.499999e-01    0.000000e+00    2.718773e+01    5.499980e-01    0.000000e+00  
  6   2  25   8.223964e+01    5.499998e-01    0.000000e+00    5.841478e+01    5.500000e-01    0.000000e+00  
  6   2  26   4.973352e+01    5.499995e-01    0.000000e+00    4.150206e+00    5.475255e-01    0.000000e+00  
  6   2  27   4.076106e-01    5.481751e-01    0.000000e+00    -1.694675e+00    5.488077e-01    0.000000e+00  
  6   2  28   1.137556e+02    5.499959e-01    0.000000e+00    6.269306e+01    5.499967e-01    0.000000e+00  
  6   2  29   7.907778e+00    5.441656e-01    0.000000e+00    4.641817e+01    5.500000e-01    0.000000e+00  
  6   2  30   2.924402e+00    5.476388e-01    0.000000e+00    2.540387e+01    5.499998e-01    0.000000e+00  
  6   2  31   6.952133e+01    5.500000e-01    0.000000e+00    5.211249e+01    5.500000e-01    0.000000e+00  
  6   2  32   3.572795e+01    5.499999e-01    0.000000e+00    5.930198e+01    5.499995e-01    0.000000e+00  
  6   2  33   4.256401e+01    5.500000e-01    0.000000e+00    6.003353e+01    5.499992e-01    0.000000e+00  
  6   2  34   1.221377e+02    5.500000e-01    0.000000e+00    7.566243e+01    5.499999e-01    0.000000e+00  
  6   2  35   6.722920e+01    5.499999e-01    0.000000e+00    5.096571e+01    5.500000e-01    0.000000e+00  
  6   2  36   4.125007e+01    4.956752e-01    0.000000e+00    1.422628e+02    5.499395e-01    0.000000e+00  
  6   2  37   6.729401e+01    5.499998e-01    0.000000e+00    3.172717e+01    5.499999e-01    0.000000e+00  
  6   2  38   3.398049e+01    5.159061e-01    0.000000e+00    1.214119e+02    5.500000e-01    0.000000e+00  
  6   2  39   6.282701e+01    5.499995e-01    0.000000e+00    8.118383e+01    5.499798e-01    0.000000e+00  
  6   2  40   7.879198e+01    5.499967e-01    0.000000e+00    4.255181e+01    4.900947e-01    0.000000e+00  
  6   2  41   6.323873e+01    5.499904e-01    0.000000e+00    1.446496e+02    5.499993e-01    0.000000e+00  
  6   2  42   7.207684e+01    5.499990e-01    0.000000e+00    4.664406e+01    5.499998e-01    0.000000e+00  
  6   2  43   8.403069e+01    5.499989e-01    0.000000e+00    5.658729e+01    5.500000e-01    0.000000e+00  
  6   2  44   7.250766e+01    5.500000e-01    0.000000e+00    7.788629e+01    5.499996e-01    0.000000e+00  
  6   2  45   3.011877e+01    5.500000e-01    0.000000e+00    6.965886e+01    5.499999e-01    0.000000e+00  
  6   2  46   1.081018e+02    4.500000e-01    0.000000e+00    3.971835e+00    5.476186e-01    0.000000e+00  
  6   2  47   9.549995e+01    4.500000e-01    0.000000e+00    9.942694e-01    5.482759e-01    0.000000e+00  
  6   2  48   8.314065e+01    5.500000e-01    0.000000e+00    8.394242e+01    5.499996e-01    0.000000e+00  
  6   2  49   1.197343e+02    4.500000e-01    0.000000e+00    -1.108783e+00    5.485099e-01    0.000000e+00  
  6   2  50   1.623281e+00    5.478047e-01    0.000000e+00    4.502188e+01    5.499971e-01    0.000000e+00  
  6   2  51   6.741309e+01    5.499995e-01    0.000000e+00    9.201080e+01    5.499970e-01    0.000000e+00  
  6   2  52   3.720215e+01    5.499999e-01    0.000000e+00    7.648957e+01    5.500000e-01    0.000000e+00  
  6   2  53   1.300873e+02    5.499995e-01    0.000000e+00    7.349994e+01    5.499998e-01    0.000000e+00  
  6   2  54   8.115578e+01    4.500028e-01    0.000000e+00    6.514878e+01    5.499999e-01    0.000000e+00  
  6   2  55   2.769549e+01    5.499999e-01    0.000000e+00    1.048140e+02    5.499990e-01    0.000000e+00  
  6   2  56   3.261954e+01    5.500000e-01    0.000000e+00    7.652767e+01    5.500000e-01    0.000000e+00  
  6   2  57   1.737007e+01    5.499994e-01    0.000000e+00    3.389739e+01    5.500000e-01    0.000000e+00  
  6   2  58   8.421499e+01    5.497842e-01    0.000000e+00    8.502668e+01    5.499986e-01    0.000000e+00  
  6   2  59   8.035784e+01    5.499999e-01    0.000000e+00    9.159088e+01    5.499994e-01    0.000000e+00  
  6   2  60   7.005704e+01    5.500000e-01    0.000000e+00    1.328046e+02    5.500000e-01    0.000000e+00  
  6   2  61   1.262045e+02    5.499983e-01    0.000000e+00    1.009878e+02    5.499992e-01    0.000000e+00  
  6   2  62   3.543892e+01    4.500290e-01    0.000000e+00    6.287331e+01    5.499983e-01    0.000000e+00  
  6   3   1   1.980539e+02    4.500000e-01    0.000000e+00    2.813445e+01    4.500000e-01    0.000000e+00  
  6   3   2   7.210983e+01    5.499996e-01    0.000000e+00    4.449737e+01    4.769483e-01    0.000000e+00  
  6   3   3   6.673049e+01    5.499752e-01    0.000000e+00    8.397929e+01    5.499997e-01    0.000000e+00  
  6   3   4   9.273023e+01    5.499984e-01    0.000000e+00    9.559334e+01    5.496765e-01    0.000000e+00  
  6   3   5   8.074479e+01    5.499752e-01    0.000000e+00    7.912134e+01    5.499966e-01    0.000000e+00  
