  1   1   1   8.474495e+02    8.474495e+02    5.846489e+00    5.846489e+00    1.978778e-03    9.060230e-04  
  1   1   2   8.550209e+02    8.550209e+02    1.557071e+00    1.557071e+00    2.765339e-03    1.277496e-03  
  1   1   3   8.431263e+02    8.431263e+02    1.735004e+00    1.735004e+00    7.134142e-03    1.247753e-03  
  1   1   4   9.341353e+02    9.341353e+02    1.647678e+01    1.647678e+01    -3.341641e-03    1.980640e-03  
  1   1   5   8.275692e+02    8.275692e+02    2.177056e+00    2.177056e+00    2.042080e-02    1.942107e-03  
  1   1   6   8.120723e+02    8.120723e+02    1.924152e+00    1.924152e+00    -1.420890e-02    2.543709e-03  
  1   1   7   8.091574e+02    8.091574e+02    6.649880e+00    6.649880e+00    -1.711297e-02    3.926710e-03  
  1   1   8   7.851364e+02    7.851364e+02    1.936082e+00    1.936082e+00    -1.569545e-02    3.043975e-03  
  1   1   9   7.712607e+02    7.712607e+02    1.605423e+00    1.605423e+00    -7.356775e-03    3.018081e-03  
  1   1  10   7.662436e+02    7.662436e+02    3.290445e+00    3.290445e+00    2.751833e-02    4.133687e-03  
  1   1  11   7.686656e+02    7.686656e+02    1.270497e+00    1.270497e+00    -8.333745e-03    2.519506e-03  
  1   1  12   7.616553e+02    7.616553e+02    2.315277e+00    2.315277e+00    -3.466055e-02    4.907917e-03  
  1   1  13   7.954072e+02    7.954072e+02    3.510594e+01    3.510594e+01    4.925216e-03    4.225738e-03  
  1   1  14   7.776214e+02    7.776214e+02    2.590568e+00    2.590568e+00    -4.476209e-02    5.954643e-03  
  1   1  15   7.897937e+02    7.897937e+02    2.496875e+00    2.496875e+00    6.164368e-02    5.470594e-03  
  1   1  16   8.026275e+02    8.026275e+02    3.115501e+00    3.115501e+00    5.316514e-02    6.355256e-03  
  1   1  17   8.002442e+02    8.002442e+02    5.114102e+00    5.114102e+00    -8.070796e-03    4.284600e-03  
  1   1  18   8.330999e+02    8.330999e+02    3.232370e+00    3.232370e+00    6.055642e-02    5.623478e-03  
  1   1  19   8.322807e+02    8.322807e+02    3.211831e+00    3.211831e+00    -7.537451e-02    4.141440e-03  
  1   1  20   8.550341e+02    8.550341e+02    3.601796e+00    3.601796e+00    8.067653e-02    5.253738e-03  
  1   1  21   8.257332e+02    8.257332e+02    8.460170e+00    8.460170e+00    -2.911191e-04    4.182660e-03  
  1   1  22   8.615853e+02    8.615853e+02    9.887957e+00    9.887957e+00    -3.830734e-02    8.249329e-03  
  1   1  23   8.817145e+02    8.817145e+02    7.201053e+00    7.201053e+00    -1.161122e-01    4.944189e-03  
  1   2   1   2.097400e+03    2.097400e+03    7.619979e+00    7.619979e+00    2.263136e-03    9.511237e-04  
  1   2   2   2.076177e+03    2.076177e+03    6.203522e+00    6.203522e+00    -1.329876e-03    9.278264e-04  
  1   2   3   2.072419e+03    2.072419e+03    6.725628e+00    6.725628e+00    2.938925e-04    1.116567e-03  
  1   2   4   2.056796e+03    2.056796e+03    5.899590e+00    5.899590e+00    -7.869608e-04    1.299274e-03  
  1   2   5   8.268380e+02    8.268380e+02    4.111927e+02    4.111927e+02    -7.817109e-04    1.252942e-03  
  1   2   6   2.031473e+03    2.031473e+03    3.336691e+01    3.336691e+01    -6.253924e-04    1.979040e-03  
  1   2   7   1.951374e+03    1.951374e+03    2.184558e+01    2.184558e+01    4.313043e-03    1.479391e-03  
  1   2   8   1.976550e+03    1.976550e+03    2.467127e+01    2.467127e+01    -9.500000e-03    2.176631e-03  
  1   2   9   1.954480e+03    1.954480e+03    4.622800e+01    4.622800e+01    3.275703e-03    2.578332e-03  
  1   2  10   1.965069e+03    1.965069e+03    3.233067e+01    3.233067e+01    1.174076e-02    1.924281e-03  
  1   2  11   2.001938e+03    2.001938e+03    9.222436e+00    9.222436e+00    7.132668e-05    2.421436e-03  
  1   2  12   2.014293e+03    2.014293e+03    7.342601e+00    7.342601e+00    -9.721494e-03    1.781641e-03  
  1   2  13   2.036538e+03    2.036538e+03    3.514677e+01    3.514677e+01    2.067268e-03    2.409511e-03  
  1   2  14   1.985230e+03    1.985230e+03    9.381726e+00    9.381726e+00    -5.764956e-03    2.920215e-03  
  1   2  15   2.030669e+03    2.030669e+03    2.743524e+01    2.743524e+01    -9.873348e-03    3.367818e-03  
  1   2  16   1.917972e+03    1.917972e+03    2.865516e+01    2.865516e+01    5.738489e-05    3.550163e-03  
  1   2  17   1.970361e+03    1.970361e+03    6.357831e+00    6.357831e+00    7.671840e-03    2.980770e-03  
  1   2  18   1.941815e+03    1.941815e+03    6.013188e+00    6.013188e+00    -3.369105e-03    3.745135e-03  
  1   2  19   1.960501e+03    1.960501e+03    7.661588e+00    7.661588e+00    1.467109e-02    3.278335e-03  
  1   2  20   1.939560e+03    1.939560e+03    6.801330e+00    6.801330e+00    3.046680e-02    3.165798e-03  
  1   2  21   1.860675e+03    1.860675e+03    2.085775e+01    2.085775e+01    2.883403e-03    3.768340e-03  
  1   2  22   1.884579e+03    1.884579e+03    1.709829e+01    1.709829e+01    -7.967316e-03    5.090804e-03  
  1   2  23   1.897745e+03    1.897745e+03    1.072852e+01    1.072852e+01    1.411678e-02    2.792501e-03  
  1   2  24   1.892674e+03    1.892674e+03    5.206277e+00    5.206277e+00    5.381917e-03    3.600264e-03  
  1   2  25   1.901353e+03    1.901353e+03    5.238904e+00    5.238904e+00    -2.423381e-02    3.517679e-03  
  1   2  26   1.915588e+03    1.915588e+03    5.477816e+00    5.477816e+00    6.819078e-04    4.565577e-03  
  1   2  27   1.890618e+03    1.890618e+03    1.078529e+01    1.078529e+01    -3.593983e-03    5.009966e-03  
  1   2  28   1.875774e+03    1.875774e+03    1.142000e+01    1.142000e+01    -3.000346e-03    6.478072e-03  
  1   2  29   1.913379e+03    1.913379e+03    4.372012e+00    4.372012e+00    1.109096e-02    2.645368e-03  
  1   2  30   1.915080e+03    1.915080e+03    4.062532e+00    4.062532e+00    7.408010e-03    2.880843e-03  
  1   2  31   1.937121e+03    1.937121e+03    1.149257e+01    1.149257e+01    1.480997e-02    3.187779e-03  
  1   2  32   1.924156e+03    1.924156e+03    3.839339e+00    3.839339e+00    -2.630764e-04    3.066322e-03  
  1   2  33   1.940491e+03    1.940491e+03    4.092111e+00    4.092111e+00    -5.522354e-03    4.084724e-03  
  1   2  34   1.944380e+03    1.944380e+03    5.654862e+00    5.654862e+00    3.437461e-02    3.946311e-03  
  1   2  35   1.948442e+03    1.948442e+03    4.183136e+00    4.183136e+00    1.166604e-03    3.979975e-03  
  1   2  36   1.951436e+03    1.951436e+03    4.502536e+00    4.502536e+00    -7.617938e-03    6.693076e-03  
  1   2  37   1.964897e+03    1.964897e+03    5.416263e+00    5.416263e+00    -4.144264e-02    4.564433e-03  
  1   2  38   1.970908e+03    1.970908e+03    5.929578e+00    5.929578e+00    -6.879533e-02    4.812618e-03  
  1   2  39   1.978880e+03    1.978880e+03    5.198055e+00    5.198055e+00    -1.508355e-02    3.469330e-03  
  1   2  40   1.985686e+03    1.985686e+03    5.729028e+00    5.729028e+00    -2.455621e-02    2.596740e-03  
  1   2  41   2.000570e+03    2.000570e+03    6.042920e+00    6.042920e+00    -1.129954e-02    3.847136e-03  
  1   2  42   2.010646e+03    2.010646e+03    5.799442e+00    5.799442e+00    -1.766903e-02    6.416656e-03  
  1   2  43   2.017584e+03    2.017584e+03    6.541395e+00    6.541395e+00    -3.272416e-03    3.687952e-03  
  1   2  44   2.047286e+03    2.047286e+03    1.074166e+01    1.074166e+01    -3.969236e-02    3.043632e-03  
  1   2  45   2.044341e+03    2.044341e+03    7.739810e+00    7.739810e+00    -1.196529e-02    4.460123e-03  
  1   2  46   1.962500e+03    1.962500e+03    5.939415e+00    5.939415e+00    -2.859619e-03    3.436177e-03  
  1   2  47   2.076233e+03    2.076233e+03    1.334382e+01    1.334382e+01    5.698563e-02    4.759266e-03  
  1   2  48   2.028823e+03    2.028823e+03    1.717165e+01    1.717165e+01    1.269393e-02    5.338314e-03  
  1   2  49   2.055201e+03    2.055201e+03    1.184869e+01    1.184869e+01    -8.312521e-02    4.262621e-03  
  1   2  50   2.118017e+03    2.118017e+03    1.401307e+01    1.401307e+01    -3.864710e-02    4.420981e-03  
  1   2  51   2.098421e+03    2.098421e+03    1.121668e+01    1.121668e+01    -2.058142e-03    3.907472e-03  
  1   2  52   2.096895e+03    2.096895e+03    1.121937e+01    1.121937e+01    -3.866435e-03    3.348829e-03  
  1   2  53   2.123791e+03    2.123791e+03    1.231327e+01    1.231327e+01    -1.737549e-03    3.839269e-03  
  1   2  54   2.126636e+03    2.126636e+03    1.228325e+01    1.228325e+01    -5.128285e-03    4.021032e-03  
  1   2  55   2.110193e+03    2.110193e+03    1.482759e+01    1.482759e+01    2.935473e-02    3.328718e-03  
  1   2  56   2.068510e+03    2.068510e+03    1.493152e+01    1.493152e+01    4.623994e-02    4.193968e-03  
  1   2  57   2.077892e+03    2.077892e+03    1.239213e+01    1.239213e+01    3.925647e-02    4.904922e-03  
  1   2  58   2.045203e+03    2.045203e+03    1.093142e+01    1.093142e+01    -5.993139e-03    3.624529e-03  
  1   2  59   2.071497e+03    2.071497e+03    1.086488e+01    1.086488e+01    1.818088e-02    3.402022e-03  
  1   2  60   2.088250e+03    2.088250e+03    1.090576e+01    1.090576e+01    -2.350649e-02    3.671069e-03  
  1   2  61   2.085913e+03    2.085913e+03    1.107567e+01    1.107567e+01    9.834303e-02    5.328567e-03  
  1   2  62   2.062132e+03    2.062132e+03    1.279718e+01    1.279718e+01    -7.312336e-04    4.073657e-03  
  1   3   1   7.776740e+02    7.776740e+02    1.460204e+00    1.460204e+00    -1.391615e-03    5.188082e-03  
  1   3   2   7.710786e+02    7.710786e+02    1.220920e+00    1.220920e+00    1.437066e-02    5.071056e-03  
  1   3   3   7.708530e+02    7.708530e+02    1.033414e+00    1.033414e+00    -4.841379e-03    6.931500e-03  
  1   3   4   7.840807e+02    7.840807e+02    1.342641e+00    1.342641e+00    2.107408e-02    5.230688e-03  
  1   3   5   7.989001e+02    7.989001e+02    1.630130e+00    1.630130e+00    1.446555e-02    6.739987e-03  
  2   1   1   8.376270e+02    8.376270e+02    7.927334e+00    7.927334e+00    -6.961480e-04    1.623288e-03  
  2   1   2   8.710643e+02    8.710643e+02    3.225628e+00    3.225628e+00    -1.143511e-05    1.072232e-03  
  2   1   3   8.473442e+02    8.473442e+02    1.833038e+00    1.833038e+00    7.164246e-03    1.495917e-03  
  2   1   4   8.356351e+02    8.356351e+02    4.393494e-01    4.393494e-01    1.213787e-04    2.172641e-03  
  2   1   5   8.683066e+02    8.683066e+02    1.126198e+01    1.126198e+01    2.250542e-03    2.807493e-03  
  2   1   6   8.095004e+02    8.095004e+02    2.041923e+00    2.041923e+00    3.769100e-03    2.357951e-03  
  2   1   7   8.044356e+02    8.044356e+02    2.172262e+00    2.172262e+00    -4.745979e-04    3.135992e-03  
  2   1   8   7.647717e+02    7.647717e+02    5.608952e+00    5.608952e+00    -4.657210e-03    2.697323e-03  
  2   1   9   7.663044e+02    7.663044e+02    6.676617e+00    6.676617e+00    1.017295e-03    3.769357e-03  
  2   1  10   7.770068e+02    7.770068e+02    1.739160e+00    1.739160e+00    -3.288410e-03    3.361789e-03  
  2   1  11   7.676095e+02    7.676095e+02    1.274611e+00    1.274611e+00    -1.770519e-03    2.657050e-03  
  2   1  12   7.685915e+02    7.685915e+02    3.354013e+00    3.354013e+00    7.365344e-03    3.542900e-03  
  2   1  13   7.752994e+02    7.752994e+02    1.182935e+00    1.182935e+00    -2.159577e-02    4.830512e-03  
  2   1  14   7.817637e+02    7.817637e+02    1.237689e+00    1.237689e+00    -9.624094e-03    3.391959e-03  
  2   1  15   7.925061e+02    7.925061e+02    1.515996e+00    1.515996e+00    -6.746258e-02    4.096466e-03  
  2   1  16   8.024054e+02    8.024054e+02    1.652446e+00    1.652446e+00    -1.242159e-02    4.738926e-03  
  2   1  17   8.131264e+02    8.131264e+02    1.674004e+00    1.674004e+00    -3.509445e-02    2.907043e-03  
  2   1  18   8.015039e+02    8.015039e+02    5.453170e+00    5.453170e+00    5.036978e-03    5.280825e-03  
  2   1  19   8.432478e+02    8.432478e+02    2.242804e+00    2.242804e+00    -1.571535e-02    4.341137e-03  
  2   1  20   8.469516e+02    8.469516e+02    3.522939e+00    3.522939e+00    9.443656e-02    5.472876e-03  
  2   1  21   8.757057e+02    8.757057e+02    4.072126e+00    4.072126e+00    5.002924e-02    4.429960e-03  
  2   1  22   8.809028e+02    8.809028e+02    3.839561e+00    3.839561e+00    -1.889143e-02    7.655067e-03  
  2   1  23   8.667677e+02    8.667677e+02    4.375428e+00    4.375428e+00    -1.820263e-01    9.326848e-03  
  2   2   1   2.057656e+03    2.057656e+03    1.067387e+01    1.067387e+01    2.191279e-03    7.481074e-04  
  2   2   2   2.079511e+03    2.079511e+03    6.071938e+00    6.071938e+00    4.021379e-03    1.474905e-03  
  2   2   3   2.065610e+03    2.065610e+03    5.452573e+00    5.452573e+00    1.798049e-03    1.386471e-03  
  2   2   4   2.079745e+03    2.079745e+03    5.229713e+00    5.229713e+00    8.300908e-04    1.511520e-03  
  2   2   5   2.047744e+03    2.047744e+03    5.691869e+00    5.691869e+00    1.921132e-03    1.353341e-03  
  2   2   6   2.034176e+03    2.034176e+03    7.024635e+00    7.024635e+00    1.066407e-02    1.843358e-03  
  2   2   7   2.028130e+03    2.028130e+03    7.091286e+00    7.091286e+00    -1.519752e-02    1.478536e-03  
  2   2   8   2.031302e+03    2.031302e+03    6.097600e+01    6.097600e+01    -1.219058e-03    4.009507e-03  
  2   2   9   2.098338e+03    2.098338e+03    2.632336e+02    2.632336e+02    4.562168e-03    2.475573e-03  
  2   2  10   2.014067e+03    2.014067e+03    6.169186e+00    6.169186e+00    3.355514e-03    2.373392e-03  
  2   2  11   1.965628e+03    1.965628e+03    5.006111e+01    5.006111e+01    3.926941e-03    2.873559e-03  
  2   2  12   1.962500e+03    1.962500e+03    1.074865e+01    1.074865e+01    -5.320374e-03    1.968295e-03  
  2   2  13   1.987757e+03    1.987757e+03    5.999817e+00    5.999817e+00    1.302194e-02    3.614702e-03  
  2   2  14   1.990349e+03    1.990349e+03    6.523885e+00    6.523885e+00    1.246938e-04    2.199094e-03  
  2   2  15   1.962036e+03    1.962036e+03    3.832820e+01    3.832820e+01    5.729224e-03    3.501665e-03  
  2   2  16   2.002895e+03    2.002895e+03    9.443769e+01    9.443769e+01    -6.157291e-04    2.740236e-03  
  2   2  17   1.958315e+03    1.958315e+03    6.129380e+00    6.129380e+00    -2.206278e-03    2.599302e-03  
  2   2  18   1.926305e+03    1.926305e+03    8.132459e+01    8.132459e+01    -4.779100e-03    3.558389e-03  
  2   2  19   1.871128e+03    1.871128e+03    9.291697e+00    9.291697e+00    9.767686e-03    4.349112e-03  
  2   2  20   1.934101e+03    1.934101e+03    5.620635e+00    5.620635e+00    -6.728130e-03    4.353082e-03  
  2   2  21   1.917314e+03    1.917314e+03    5.215356e+00    5.215356e+00    1.742119e-03    2.406558e-03  
  2   2  22   1.914767e+03    1.914767e+03    5.157211e+00    5.157211e+00    -4.422874e-03    3.982632e-03  
  2   2  23   1.919583e+03    1.919583e+03    1.749232e+00    1.749232e+00    -2.535155e-04    3.390502e-03  
  2   2  24   1.909746e+03    1.909746e+03    4.861271e+00    4.861271e+00    6.661748e-03    4.831807e-03  
  2   2  25   1.943481e+03    1.943481e+03    7.348572e+00    7.348572e+00    2.823187e-03    5.027880e-03  
  2   2  26   1.888464e+03    1.888464e+03    1.301898e+01    1.301898e+01    -1.597981e-03    3.736121e-03  
  2   2  27   1.912973e+03    1.912973e+03    1.196723e+01    1.196723e+01    -1.295947e-03    4.282753e-03  
  2   2  28   1.903416e+03    1.903416e+03    9.155173e+00    9.155173e+00    -8.309357e-04    3.259718e-03  
  2   2  29   1.891815e+03    1.891815e+03    7.177827e+00    7.177827e+00    -5.597646e-03    3.643094e-03  
  2   2  30   1.918875e+03    1.918875e+03    4.003481e+00    4.003481e+00    -1.166176e-03    3.645823e-03  
  2   2  31   1.906044e+03    1.906044e+03    5.686591e+00    5.686591e+00    -3.094397e-02    7.354040e-03  
  2   2  32   1.909693e+03    1.909693e+03    2.361666e+01    2.361666e+01    -5.866081e-03    4.300121e-03  
  2   2  33   1.944886e+03    1.944886e+03    6.457158e+00    6.457158e+00    3.665432e-03    2.651951e-03  
  2   2  34   1.949465e+03    1.949465e+03    1.439794e+01    1.439794e+01    -6.697409e-03    4.450932e-03  
  2   2  35   1.907313e+03    1.907313e+03    1.423402e+01    1.423402e+01    -1.523717e-02    4.346884e-03  
  2   2  36   1.920145e+03    1.920145e+03    1.433001e+01    1.433001e+01    2.433952e-03    3.531072e-03  
  2   2  37   1.957733e+03    1.957733e+03    6.928142e+00    6.928142e+00    4.913750e-02    4.083975e-03  
  2   2  38   1.971639e+03    1.971639e+03    5.554585e+00    5.554585e+00    2.617663e-02    4.150930e-03  
  2   2  39   1.987580e+03    1.987580e+03    1.598276e+01    1.598276e+01    -3.152232e-03    4.658123e-03  
  2   2  40   1.965872e+03    1.965872e+03    8.360356e+00    8.360356e+00    8.912801e-03    3.466280e-03  
  2   2  41   1.960373e+03    1.960373e+03    1.171403e+01    1.171403e+01    -2.470018e-02    4.938443e-03  
  2   2  42   2.013501e+03    2.013501e+03    1.159023e+01    1.159023e+01    4.258925e-02    4.317147e-03  
  2   2  43   2.033731e+03    2.033731e+03    8.768810e+00    8.768810e+00    6.603625e-03    3.523341e-03  
  2   2  44   2.021556e+03    2.021556e+03    5.917274e+00    5.917274e+00    -2.043538e-02    3.858752e-03  
  2   2  45   2.034779e+03    2.034779e+03    7.295999e+00    7.295999e+00    -8.060425e-03    4.255972e-03  
  2   2  46   1.979042e+03    1.979042e+03    1.581556e+01    1.581556e+01    -8.714391e-03    5.294783e-03  
  2   2  47   1.967735e+03    1.967735e+03    2.172475e+01    2.172475e+01    -1.380893e-02    4.070168e-03  
  2   2  48   1.937500e+03    1.937500e+03    1.273244e+01    1.273244e+01    2.745332e-04    4.333402e-03  
  2   2  49   2.080257e+03    2.080257e+03    1.360144e+01    1.360144e+01    -3.060767e-02    3.926641e-03  
  2   2  50   2.135218e+03    2.135218e+03    3.479072e+01    3.479072e+01    -6.259655e-02    4.488714e-03  
  2   2  51   2.076222e+03    2.076222e+03    1.606621e+01    1.606621e+01    -5.871289e-02    3.529898e-03  
  2   2  52   1.975257e+03    1.975257e+03    2.623768e+01    2.623768e+01    -6.050247e-03    4.241539e-03  
  2   2  53   2.051586e+03    2.051586e+03    1.309017e+01    1.309017e+01    -5.996729e-03    3.329548e-03  
  2   2  54   2.020913e+03    2.020913e+03    2.685441e+01    2.685441e+01    -1.013311e-02    9.472630e-03  
  2   2  55   2.020365e+03    2.020365e+03    1.959073e+01    1.959073e+01    2.160393e-02    6.011067e-03  
  2   2  56   2.050022e+03    2.050022e+03    2.154366e+01    2.154366e+01    4.939697e-02    5.593907e-03  
  2   2  57   2.065502e+03    2.065502e+03    1.304906e+01    1.304906e+01    2.538560e-02    3.015424e-03  
  2   2  58   2.072839e+03    2.072839e+03    1.165749e+01    1.165749e+01    1.637524e-03    3.573104e-03  
  2   2  59   2.070058e+03    2.070058e+03    9.953767e+00    9.953767e+00    -9.771707e-03    5.147439e-03  
  2   2  60   2.054714e+03    2.054714e+03    1.148267e+01    1.148267e+01    -7.893555e-03    6.010012e-03  
  2   2  61   2.098082e+03    2.098082e+03    1.080372e+01    1.080372e+01    -1.734224e-02    7.799366e-03  
  2   2  62   2.055276e+03    2.055276e+03    1.034268e+01    1.034268e+01    1.066045e-02    3.194137e-03  
  2   3   1   7.797864e+02    7.797864e+02    1.542353e+00    1.542353e+00    2.898911e-03    4.040581e-03  
  2   3   2   7.726932e+02    7.726932e+02    1.443179e+00    1.443179e+00    -4.679844e-03    4.628939e-03  
  2   3   3   7.559755e+02    7.559755e+02    9.947585e-01    9.947585e-01    -5.813393e-03    8.105293e-03  
  2   3   4   7.852050e+02    7.852050e+02    1.348162e+00    1.348162e+00    5.231632e-02    6.226760e-03  
  2   3   5   8.009441e+02    8.009441e+02    1.613958e+00    1.613958e+00    9.573733e-03    9.605422e-03  
  3   1   1   8.374663e+02    8.374663e+02    1.867574e+00    1.867574e+00    2.813147e-03    1.183351e-03  
  3   1   2   8.579101e+02    8.579101e+02    2.469523e+00    2.469523e+00    8.043694e-03    1.486904e-03  
  3   1   3   8.433018e+02    8.433018e+02    1.831384e+00    1.831384e+00    -1.609646e-02    2.597576e-03  
  3   1   4   8.297893e+02    8.297893e+02    8.978485e+00    8.978485e+00    9.640069e-03    1.752103e-03  
  3   1   5   8.335607e+02    8.335607e+02    2.142109e+00    2.142109e+00    1.337197e-02    2.564752e-03  
  3   1   6   8.079551e+02    8.079551e+02    9.083975e+00    9.083975e+00    -4.084724e-03    5.894919e-03  
  3   1   7   8.012728e+02    8.012728e+02    2.624935e+00    2.624935e+00    2.677521e-03    3.345520e-03  
  3   1   8   7.868495e+02    7.868495e+02    2.578932e+00    2.578932e+00    -3.383714e-02    3.126341e-03  
  3   1   9   7.753274e+02    7.753274e+02    1.641432e+00    1.641432e+00    1.475778e-02    3.432653e-03  
  3   1  10   7.632819e+02    7.632819e+02    2.204575e+00    2.204575e+00    2.079385e-02    4.342182e-03  
  3   1  11   7.711100e+02    7.711100e+02    2.361633e+00    2.361633e+00    2.825380e-02    4.162644e-03  
  3   1  12   7.692641e+02    7.692641e+02    1.303348e+00    1.303348e+00    2.080728e-02    4.226015e-03  
  3   1  13   7.742867e+02    7.742867e+02    1.296001e+00    1.296001e+00    -5.466554e-02    5.374769e-03  
  3   1  14   7.793433e+02    7.793433e+02    1.482689e+00    1.482689e+00    5.271411e-02    3.255966e-03  
  3   1  15   7.873900e+02    7.873900e+02    2.588082e+00    2.588082e+00    -1.408350e-02    5.505468e-03  
  3   1  16   7.999170e+02    7.999170e+02    1.588842e+00    1.588842e+00    3.709277e-02    4.462905e-03  
  3   1  17   8.123016e+02    8.123016e+02    2.222234e+00    2.222234e+00    7.912913e-02    5.168297e-03  
  3   1  18   8.236144e+02    8.236144e+02    3.316355e+00    3.316355e+00    8.063028e-02    3.455091e-03  
  3   1  19   8.335809e+02    8.335809e+02    3.586543e+00    3.586543e+00    -1.669298e-01    4.692452e-03  
  3   1  20   8.476810e+02    8.476810e+02    5.098697e+00    5.098697e+00    -1.422096e-02    5.498480e-03  
  3   1  21   8.554707e+02    8.554707e+02    4.504638e+00    4.504638e+00    -8.246520e-03    6.411052e-03  
  3   1  22   8.502314e+02    8.502314e+02    6.023626e+00    6.023626e+00    7.503144e-02    9.123430e-03  
  3   1  23   8.750213e+02    8.750213e+02    3.779373e+00    3.779373e+00    8.868552e-03    8.066754e-03  
  3   2   1   2.068462e+03    2.068462e+03    8.529897e+00    8.529897e+00    4.087276e-03    8.584734e-04  
  3   2   2   2.095537e+03    2.095537e+03    7.203775e+00    7.203775e+00    3.517540e-03    9.804575e-04  
  3   2   3   2.081568e+03    2.081568e+03    6.784985e+00    6.784985e+00    6.171418e-03    9.474082e-04  
  3   2   4   2.065383e+03    2.065383e+03    7.962725e+00    7.962725e+00    -2.651802e-03    1.461007e-03  
  3   2   5   2.046947e+03    2.046947e+03    6.298356e+00    6.298356e+00    -7.554160e-04    2.603060e-03  
  3   2   6   2.012601e+03    2.012601e+03    8.936064e+01    8.936064e+01    -2.456332e-04    1.759566e-03  
  3   2   7   2.043165e+03    2.043165e+03    9.407003e+00    9.407003e+00    -8.423371e-03    1.477963e-03  
  3   2   8   2.001453e+03    2.001453e+03    1.327850e+01    1.327850e+01    2.638430e-02    2.253094e-03  
  3   2   9   1.991558e+03    1.991558e+03    2.303713e+01    2.303713e+01    1.739618e-03    3.110040e-03  
  3   2  10   2.035275e+03    2.035275e+03    7.474053e+00    7.474053e+00    -1.139501e-02    2.346167e-03  
  3   2  11   2.004307e+03    2.004307e+03    6.775925e+00    6.775925e+00    8.393177e-03    2.040646e-03  
  3   2  12   2.019737e+03    2.019737e+03    6.314529e+00    6.314529e+00    -1.066553e-04    3.235257e-03  
  3   2  13   1.995253e+03    1.995253e+03    1.642101e+01    1.642101e+01    -2.262434e-02    3.419284e-03  
  3   2  14   1.913885e+03    1.913885e+03    5.996724e+01    5.996724e+01    1.317578e-03    3.203881e-03  
  3   2  15   1.961983e+03    1.961983e+03    6.970011e+00    6.970011e+00    -4.428475e-03    2.761859e-03  
  3   2  16   1.973980e+03    1.973980e+03    6.828769e+00    6.828769e+00    -1.134646e-02    3.929997e-03  
  3   2  17   1.972081e+03    1.972081e+03    7.538046e+00    7.538046e+00    2.139514e-03    2.940652e-03  
  3   2  18   1.934881e+03    1.934881e+03    2.638428e+01    2.638428e+01    -3.276518e-03    3.445009e-03  
  3   2  19   1.941052e+03    1.941052e+03    6.226324e+00    6.226324e+00    9.293461e-03    3.430960e-03  
  3   2  20   1.953593e+03    1.953593e+03    1.114867e+01    1.114867e+01    1.702128e-02    3.087441e-03  
  3   2  21   1.937023e+03    1.937023e+03    6.040250e+00    6.040250e+00    1.385583e-02    2.598438e-03  
  3   2  22   1.917580e+03    1.917580e+03    6.476632e+00    6.476632e+00    -2.161277e-02    3.009388e-03  
  3   2  23   1.903589e+03    1.903589e+03    2.278952e+01    2.278952e+01    -7.275153e-03    4.941440e-03  
  3   2  24   1.837500e+03    1.837500e+03    4.609992e+01    4.609992e+01    4.480211e-03    4.167006e-03  
  3   2  25   1.902908e+03    1.902908e+03    4.384919e+00    4.384919e+00    7.310030e-03    3.273478e-03  
  3   2  26   1.907931e+03    1.907931e+03    5.575095e+00    5.575095e+00    -6.587674e-02    5.221146e-03  
  3   2  27   1.907981e+03    1.907981e+03    6.455601e+00    6.455601e+00    -3.610212e-02    3.856901e-03  
  3   2  28   1.904091e+03    1.904091e+03    3.820875e+00    3.820875e+00    1.896980e-03    3.202365e-03  
  3   2  29   1.894231e+03    1.894231e+03    1.007724e+01    1.007724e+01    -1.137423e-02    3.990479e-03  
  3   2  30   1.929020e+03    1.929020e+03    5.224321e+00    5.224321e+00    -1.614293e-02    2.708725e-03  
  3   2  31   1.885889e+03    1.885889e+03    1.012845e+01    1.012845e+01    1.869004e-03    4.085900e-03  
  3   2  32   1.903037e+03    1.903037e+03    1.471173e+01    1.471173e+01    -7.076496e-03    3.918753e-03  
  3   2  33   1.924855e+03    1.924855e+03    5.454593e+00    5.454593e+00    2.738181e-02    2.955111e-03  
  3   2  34   1.944282e+03    1.944282e+03    7.728538e+00    7.728538e+00    -3.467712e-02    3.548047e-03  
  3   2  35   1.940072e+03    1.940072e+03    5.804826e+00    5.804826e+00    -7.142061e-02    4.389684e-03  
  3   2  36   1.964991e+03    1.964991e+03    5.958280e+00    5.958280e+00    1.025675e-02    3.912693e-03  
  3   2  37   1.963206e+03    1.963206e+03    4.587085e+00    4.587085e+00    -8.576582e-03    3.244926e-03  
  3   2  38   1.956535e+03    1.956535e+03    6.123436e+00    6.123436e+00    -4.448747e-02    5.022763e-03  
  3   2  39   1.969081e+03    1.969081e+03    6.640433e+00    6.640433e+00    -4.902573e-02    3.295825e-03  
  3   2  40   2.013624e+03    2.013624e+03    1.606799e+01    1.606799e+01    -8.983864e-03    4.610146e-03  
  3   2  41   2.008200e+03    2.008200e+03    1.121672e+01    1.121672e+01    -3.020216e-02    3.872047e-03  
  3   2  42   2.010680e+03    2.010680e+03    7.918498e+00    7.918498e+00    -7.467801e-02    4.954306e-03  
  3   2  43   2.017570e+03    2.017570e+03    6.468382e+00    6.468382e+00    2.424062e-03    2.547261e-03  
  3   2  44   2.030910e+03    2.030910e+03    7.093908e+00    7.093908e+00    -4.836096e-02    3.080039e-03  
  3   2  45   2.062193e+03    2.062193e+03    9.610676e+00    9.610676e+00    -3.003220e-02    3.885598e-03  
  3   2  46   2.077424e+03    2.077424e+03    9.486069e+00    9.486069e+00    3.121092e-02    3.452714e-03  
  3   2  47   1.937500e+03    1.937500e+03    9.471102e+00    9.471102e+00    2.214140e-02    3.085593e-03  
  3   2  48   2.067888e+03    2.067888e+03    1.310447e+01    1.310447e+01    3.103139e-02    3.934248e-03  
  3   2  49   2.069373e+03    2.069373e+03    8.592847e+00    8.592847e+00    -2.352485e-03    4.834066e-03  
  3   2  50   2.085206e+03    2.085206e+03    9.301144e+00    9.301144e+00    -9.139529e-03    3.038550e-03  
  3   2  51   2.096087e+03    2.096087e+03    1.358228e+01    1.358228e+01    2.398116e-02    2.962769e-03  
  3   2  52   2.088345e+03    2.088345e+03    2.426513e+01    2.426513e+01    -5.169616e-02    4.577818e-03  
  3   2  53   2.094256e+03    2.094256e+03    1.245873e+01    1.245873e+01    -3.345371e-03    3.433620e-03  
  3   2  54   2.105852e+03    2.105852e+03    1.303962e+01    1.303962e+01    -7.846520e-03    4.903057e-03  
  3   2  55   2.074858e+03    2.074858e+03    2.347232e+01    2.347232e+01    -3.313740e-02    5.369203e-03  
  3   2  56   1.970611e+03    1.970611e+03    2.873885e+01    2.873885e+01    -3.184547e-04    5.227361e-03  
  3   2  57   2.086498e+03    2.086498e+03    3.515917e+01    3.515917e+01    6.169437e-03    6.874071e-03  
  3   2  58   2.100374e+03    2.100374e+03    1.530457e+01    1.530457e+01    -6.925168e-03    3.631860e-03  
  3   2  59   2.094700e+03    2.094700e+03    1.017211e+01    1.017211e+01    -6.328852e-03    5.964525e-03  
  3   2  60   2.053253e+03    2.053253e+03    1.088015e+01    1.088015e+01    8.136444e-03    4.134137e-03  
  3   2  61   2.055561e+03    2.055561e+03    1.075618e+01    1.075618e+01    -1.541347e-02    4.575359e-03  
  3   2  62   2.085048e+03    2.085048e+03    1.002645e+01    1.002645e+01    -4.218430e-03    3.793890e-03  
  3   3   1   7.785298e+02    7.785298e+02    1.428003e+00    1.428003e+00    -8.524590e-04    3.752379e-03  
  3   3   2   7.671483e+02    7.671483e+02    1.030635e+00    1.030635e+00    1.026608e-01    7.675262e-03  
  3   3   3   7.747460e+02    7.747460e+02    1.180188e+00    1.180188e+00    1.031597e-02    5.992761e-03  
  3   3   4   7.856819e+02    7.856819e+02    1.287223e+00    1.287223e+00    4.485411e-03    8.155786e-03  
  3   3   5   8.044180e+02    8.044180e+02    1.700807e+00    1.700807e+00    -1.116932e-01    6.216364e-03  
  4   1   1   8.530149e+02    8.530149e+02    3.684544e+00    3.684544e+00    -2.842527e-03    1.244698e-03  
  4   1   2   8.390681e+02    8.390681e+02    3.335002e+00    3.335002e+00    -2.022957e-03    1.776801e-03  
  4   1   3   8.506005e+02    8.506005e+02    9.989541e-01    9.989541e-01    -2.847282e-03    1.721519e-03  
  4   1   4   8.348385e+02    8.348385e+02    1.914826e+00    1.914826e+00    -3.217322e-02    2.037786e-03  
  4   1   5   8.305843e+02    8.305843e+02    3.428806e+00    3.428806e+00    -7.525759e-03    2.473805e-03  
  4   1   6   8.123711e+02    8.123711e+02    2.113172e+00    2.113172e+00    -2.790118e-03    2.546938e-03  
  4   1   7   8.034697e+02    8.034697e+02    3.601369e+00    3.601369e+00    4.705369e-03    2.709236e-03  
  4   1   8   7.855639e+02    7.855639e+02    1.747457e+00    1.747457e+00    1.860560e-02    2.499786e-03  
  4   1   9   7.558247e+02    7.558247e+02    4.486215e+00    4.486215e+00    3.736214e-04    3.726968e-03  
  4   1  10   7.606871e+02    7.606871e+02    2.278473e+00    2.278473e+00    2.764205e-02    4.054109e-03  
  4   1  11   7.685204e+02    7.685204e+02    2.151079e+00    2.151079e+00    -1.610300e-02    3.305163e-03  
  4   1  12   7.728385e+02    7.728385e+02    1.421533e+00    1.421533e+00    -1.994962e-03    3.654751e-03  
  4   1  13   7.750876e+02    7.750876e+02    1.456339e+00    1.456339e+00    1.218880e-02    3.990028e-03  
  4   1  14   7.794239e+02    7.794239e+02    1.850294e+00    1.850294e+00    3.091994e-03    4.802123e-03  
  4   1  15   7.875429e+02    7.875429e+02    2.587590e+00    2.587590e+00    -4.200414e-02    4.921373e-03  
  4   1  16   9.397102e+02    9.397102e+02    7.409939e+01    7.409939e+01    -5.738687e-02    3.456627e-03  
  4   1  17   8.873716e+02    8.873716e+02    1.184117e+00    1.184117e+00    1.770071e-02    4.815586e-03  
  4   1  18   8.243105e+02    8.243105e+02    2.144683e+00    2.144683e+00    4.360070e-02    3.801652e-03  
  4   1  19   8.554596e+02    8.554596e+02    3.188495e+00    3.188495e+00    -1.351810e-01    5.881779e-03  
  4   1  20   9.367136e+02    9.367136e+02    2.328179e+02    2.328179e+02    1.074566e-01    7.236848e-03  
  4   1  21   8.710705e+02    8.710705e+02    5.041057e+00    5.041057e+00    -9.068117e-02    6.077607e-03  
  4   1  22   8.794025e+02    8.794025e+02    6.557064e+00    6.557064e+00    9.493242e-02    6.464723e-03  
  4   1  23   8.853414e+02    8.853414e+02    4.798588e+00    4.798588e+00    2.302851e-02    5.545138e-03  
  4   2   1   2.079086e+03    2.079086e+03    8.309157e+00    8.309157e+00    4.415440e-03    9.910234e-04  
  4   2   2   2.107192e+03    2.107192e+03    7.097101e+00    7.097101e+00    3.978818e-04    1.160379e-03  
  4   2   3   2.063629e+03    2.063629e+03    8.632285e+00    8.632285e+00    1.102123e-03    1.150043e-03  
  4   2   4   2.063537e+03    2.063537e+03    6.228794e+00    6.228794e+00    -2.052335e-05    1.041590e-03  
  4   2   5   2.030151e+03    2.030151e+03    4.395635e+01    4.395635e+01    -4.360020e-03    2.009135e-03  
  4   2   6   2.040220e+03    2.040220e+03    5.880433e+00    5.880433e+00    -4.857674e-03    2.510184e-03  
  4   2   7   2.026436e+03    2.026436e+03    5.798051e+00    5.798051e+00    -1.063830e-04    1.659509e-03  
  4   2   8   2.036639e+03    2.036639e+03    6.248909e+00    6.248909e+00    4.287812e-04    1.768465e-03  
  4   2   9   2.163758e+03    2.163758e+03    3.713743e+01    3.713743e+01    -1.371890e-03    2.399691e-03  
  4   2  10   2.002070e+03    2.002070e+03    1.883596e+01    1.883596e+01    2.382831e-02    2.494947e-03  
  4   2  11   2.153375e+03    2.153375e+03    8.610902e+01    8.610902e+01    -1.447999e-02    4.337489e-03  
  4   2  12   1.993950e+03    1.993950e+03    7.977485e+00    7.977485e+00    2.537931e-02    3.123351e-03  
  4   2  13   2.000481e+03    2.000481e+03    6.661314e+00    6.661314e+00    -2.064420e-03    2.561878e-03  
  4   2  14   2.015857e+03    2.015857e+03    1.710319e+01    1.710319e+01    4.351424e-03    3.696969e-03  
  4   2  15   1.975999e+03    1.975999e+03    2.908095e+01    2.908095e+01    1.301412e-03    6.625411e-03  
  4   2  16   2.027131e+03    2.027131e+03    2.588294e+01    2.588294e+01    -4.813008e-04    2.534033e-03  
  4   2  17   1.961334e+03    1.961334e+03    5.884331e+00    5.884331e+00    -1.633593e-03    2.659396e-03  
  4   2  18   1.953346e+03    1.953346e+03    8.133944e+00    8.133944e+00    -4.180636e-02    4.746873e-03  
  4   2  19   1.940584e+03    1.940584e+03    6.691958e+00    6.691958e+00    -1.078438e-02    2.802325e-03  
  4   2  20   1.942491e+03    1.942491e+03    9.552242e+00    9.552242e+00    -3.397153e-02    4.029985e-03  
  4   2  21   1.918477e+03    1.918477e+03    1.499877e+01    1.499877e+01    -1.678512e-03    3.043298e-03  
  4   2  22   1.903091e+03    1.903091e+03    5.316879e+00    5.316879e+00    -1.244678e-02    5.022319e-03  
  4   2  23   1.914108e+03    1.914108e+03    4.891707e+00    4.891707e+00    -2.032985e-03    3.193730e-03  
  4   2  24   1.912694e+03    1.912694e+03    5.188993e+00    5.188993e+00    1.391314e-02    4.403795e-03  
  4   2  25   1.899552e+03    1.899552e+03    5.558222e+00    5.558222e+00    -3.337758e-02    2.551714e-03  
  4   2  26   1.907661e+03    1.907661e+03    4.729716e+00    4.729716e+00    6.121417e-03    3.014498e-03  
  4   2  27   1.908556e+03    1.908556e+03    4.445689e+00    4.445689e+00    5.997648e-04    2.695344e-03  
  4   2  28   1.916038e+03    1.916038e+03    8.142926e+00    8.142926e+00    2.079022e-02    3.707231e-03  
  4   2  29   1.909281e+03    1.909281e+03    3.845510e+00    3.845510e+00    -9.458110e-04    2.729077e-03  
  4   2  30   1.900285e+03    1.900285e+03    1.252693e+01    1.252693e+01    -1.463283e-02    6.517110e-03  
  4   2  31   1.928922e+03    1.928922e+03    7.835773e+00    7.835773e+00    5.598080e-03    3.320405e-03  
  4   2  32   1.927723e+03    1.927723e+03    9.337019e+00    9.337019e+00    -2.733748e-02    5.184931e-03  
  4   2  33   1.939282e+03    1.939282e+03    4.234573e+00    4.234573e+00    -1.820937e-02    6.598237e-03  
  4   2  34   1.942691e+03    1.942691e+03    9.669562e+00    9.669562e+00    -1.498339e-02    4.215332e-03  
  4   2  35   1.940137e+03    1.940137e+03    4.032138e+00    4.032138e+00    -2.022885e-03    3.297424e-03  
  4   2  36   1.964074e+03    1.964074e+03    4.455813e+00    4.455813e+00    8.311424e-05    3.852905e-03  
  4   2  37   1.962031e+03    1.962031e+03    4.586050e+00    4.586050e+00    -3.717827e-04    3.066644e-03  
  4   2  38   1.980933e+03    1.980933e+03    7.117309e+00    7.117309e+00    3.196523e-02    3.063802e-03  
  4   2  39   1.960718e+03    1.960718e+03    1.163883e+01    1.163883e+01    1.509042e-02    4.120171e-03  
  4   2  40   1.980801e+03    1.980801e+03    1.013510e+01    1.013510e+01    3.183647e-02    3.745892e-03  
  4   2  41   1.960060e+03    1.960060e+03    1.090192e+01    1.090192e+01    1.744565e-02    6.379901e-03  
  4   2  42   1.996783e+03    1.996783e+03    6.689212e+00    6.689212e+00    -1.979309e-02    3.680305e-03  
  4   2  43   2.022207e+03    2.022207e+03    1.567031e+01    1.567031e+01    -1.705153e-02    6.014220e-03  
  4   2  44   2.026929e+03    2.026929e+03    8.595781e+00    8.595781e+00    -1.261441e-01    6.932046e-03  
  4   2  45   1.924632e+03    1.924632e+03    2.087975e+01    2.087975e+01    -1.000633e-02    5.383104e-03  
  4   2  46   2.045255e+03    2.045255e+03    1.205084e+01    1.205084e+01    7.740951e-02    3.877328e-03  
  4   2  47   2.065680e+03    2.065680e+03    1.183088e+01    1.183088e+01    8.531819e-02    6.745304e-03  
  4   2  48   2.053663e+03    2.053663e+03    9.009344e+00    9.009344e+00    -3.542446e-02    3.334094e-03  
  4   2  49   1.941383e+03    1.941383e+03    2.104288e+01    2.104288e+01    -2.317276e-02    7.379471e-03  
  4   2  50   2.093934e+03    2.093934e+03    1.299798e+01    1.299798e+01    -6.097890e-02    4.165121e-03  
  4   2  51   2.108059e+03    2.108059e+03    1.340001e+01    1.340001e+01    3.146531e-02    3.228250e-03  
  4   2  52   2.074124e+03    2.074124e+03    1.644617e+01    1.644617e+01    4.379800e-02    3.421097e-03  
  4   2  53   2.096539e+03    2.096539e+03    1.396587e+01    1.396587e+01    -2.196910e-02    3.704945e-03  
  4   2  54   2.067127e+03    2.067127e+03    1.330760e+01    1.330760e+01    -6.059151e-02    5.031170e-03  
  4   2  55   2.055181e+03    2.055181e+03    1.603123e+01    1.603123e+01    -4.735564e-02    6.806986e-03  
  4   2  56   2.020136e+03    2.020136e+03    1.545257e+01    1.545257e+01    -9.391026e-02    3.426069e-03  
  4   2  57   2.023411e+03    2.023411e+03    2.372211e+01    2.372211e+01    -1.469246e-02    6.334886e-03  
  4   2  58   2.102610e+03    2.102610e+03    1.210137e+01    1.210137e+01    3.708982e-03    4.091656e-03  
  4   2  59   2.081342e+03    2.081342e+03    1.061373e+01    1.061373e+01    9.422151e-03    3.676949e-03  
  4   2  60   2.089060e+03    2.089060e+03    1.150365e+01    1.150365e+01    -1.776538e-02    3.873809e-03  
  4   2  61   2.056728e+03    2.056728e+03    1.065866e+01    1.065866e+01    -6.924074e-02    3.940616e-03  
  4   2  62   2.071727e+03    2.071727e+03    1.043832e+01    1.043832e+01    -4.647509e-02    5.040594e-03  
  4   3   1   7.767248e+02    7.767248e+02    1.410992e+00    1.410992e+00    -1.918996e-03    5.614050e-03  
  4   3   2   7.682350e+02    7.682350e+02    1.005368e+00    1.005368e+00    4.541880e-03    5.064068e-03  
  4   3   3   7.708052e+02    7.708052e+02    9.941867e-01    9.941867e-01    -4.105590e-03    6.025458e-03  
  4   3   4   7.842610e+02    7.842610e+02    1.286551e+00    1.286551e+00    1.912032e-02    8.625637e-03  
  4   3   5   8.281351e+02    8.281351e+02    5.532178e+01    5.532178e+01    4.002691e-02    6.856337e-03  
  5   1   1   8.530147e+02    8.530147e+02    1.575759e+00    1.575759e+00    1.838570e-04    9.730645e-04  
  5   1   2   9.373775e+02    9.373775e+02    4.808837e-02    4.808837e-02    3.673148e-03    1.408059e-03  
  5   1   3   8.383493e+02    8.383493e+02    6.860944e+00    6.860944e+00    3.625959e-03    1.758807e-03  
  5   1   4   8.329399e+02    8.329399e+02    1.895324e+00    1.895324e+00    -1.653016e-02    1.841924e-03  
  5   1   5   8.340526e+02    8.340526e+02    3.451912e+00    3.451912e+00    -2.517668e-02    2.727203e-03  
  5   1   6   8.152160e+02    8.152160e+02    2.031272e+00    2.031272e+00    1.661092e-02    1.877638e-03  
  5   1   7   8.062376e+02    8.062376e+02    2.189047e+00    2.189047e+00    -1.835337e-03    4.702842e-03  
  5   1   8   7.808341e+02    7.808341e+02    1.824360e+00    1.824360e+00    -2.241073e-02    3.591158e-03  
  5   1   9   7.722462e+02    7.722462e+02    2.427374e+00    2.427374e+00    -1.982904e-02    5.623450e-03  
  5   1  10   7.679773e+02    7.679773e+02    2.171889e+00    2.171889e+00    5.652895e-02    3.511974e-03  
  5   1  11   7.674876e+02    7.674876e+02    1.610263e+00    1.610263e+00    -5.582175e-04    4.118192e-03  
  5   1  12   7.695868e+02    7.695868e+02    2.131104e+00    2.131104e+00    3.189196e-02    4.587487e-03  
  5   1  13   7.775908e+02    7.775908e+02    4.265088e+00    4.265088e+00    1.494984e-03    4.606433e-03  
  5   1  14   7.802821e+02    7.802821e+02    1.152896e+00    1.152896e+00    -9.000474e-03    4.978811e-03  
  5   1  15   6.209067e+02    6.209067e+02    4.300387e+01    4.300387e+01    -9.565374e-02    6.925630e-03  
  5   1  16   7.895013e+02    7.895013e+02    4.515248e+00    4.515248e+00    1.002236e-02    3.965794e-03  
  5   1  17   7.955682e+02    7.955682e+02    4.655332e+00    4.655332e+00    6.186947e-03    7.507682e-03  
  5   1  18   8.276134e+02    8.276134e+02    2.301402e+00    2.301402e+00    -9.608447e-02    4.786892e-03  
  5   1  19   8.425525e+02    8.425525e+02    4.128481e+00    4.128481e+00    -5.734731e-02    4.933711e-03  
  5   1  20   8.621277e+02    8.621277e+02    2.948585e+00    2.948585e+00    -1.098421e-01    1.092205e-02  
  5   1  21   8.597162e+02    8.597162e+02    3.342678e+00    3.342678e+00    -6.745111e-02    4.465651e-03  
  5   1  22   8.720624e+02    8.720624e+02    7.285854e+00    7.285854e+00    9.530691e-02    6.554106e-03  
  5   1  23   1.022785e+03    1.022785e+03    4.425594e+02    4.425594e+02    -6.963852e-02    6.330286e-03  
  5   2   1   2.087846e+03    2.087846e+03    9.528167e+00    9.528167e+00    3.244120e-06    8.780503e-04  
  5   2   2   2.079069e+03    2.079069e+03    7.090181e+00    7.090181e+00    7.698222e-03    2.987199e-03  
  5   2   3   2.112247e+03    2.112247e+03    2.079265e+02    2.079265e+02    2.735484e-04    1.970257e-03  
  5   2   4   2.001041e+03    2.001041e+03    1.711345e+01    1.711345e+01    -5.344935e-04    2.682093e-03  
  5   2   5   2.048064e+03    2.048064e+03    6.163933e+00    6.163933e+00    -1.255319e-02    1.601163e-03  
  5   2   6   2.027763e+03    2.027763e+03    5.865496e+01    5.865496e+01    -3.648706e-04    2.236826e-03  
  5   2   7   2.060867e+03    2.060867e+03    1.476680e+01    1.476680e+01    -8.477237e-03    3.019008e-03  
  5   2   8   2.005567e+03    2.005567e+03    2.007603e+01    2.007603e+01    4.552210e-03    2.806205e-03  
  5   2   9   2.040769e+03    2.040769e+03    7.098124e+00    7.098124e+00    -3.177156e-03    2.011303e-03  
  5   2  10   2.046301e+03    2.046301e+03    2.361602e+01    2.361602e+01    -2.926116e-03    2.501659e-03  
  5   2  11   1.969301e+03    1.969301e+03    5.946571e+01    5.946571e+01    1.749107e-03    3.570373e-03  
  5   2  12   1.980140e+03    1.980140e+03    7.837670e+00    7.837670e+00    5.298214e-02    4.419960e-03  
  5   2  13   2.001972e+03    2.001972e+03    6.352648e+00    6.352648e+00    -2.657244e-03    2.698681e-03  
  5   2  14   1.982039e+03    1.982039e+03    1.039954e+01    1.039954e+01    2.627255e-02    3.524696e-03  
  5   2  15   1.888922e+03    1.888922e+03    4.379875e+01    4.379875e+01    -1.843555e-03    3.948420e-03  
  5   2  16   1.968365e+03    1.968365e+03    1.095621e+01    1.095621e+01    -3.945996e-02    4.328012e-03  
  5   2  17   1.937610e+03    1.937610e+03    7.729624e+00    7.729624e+00    -1.435333e-02    3.520734e-03  
  5   2  18   2.030205e+03    2.030205e+03    4.570348e+02    4.570348e+02    -4.925189e-03    3.506513e-03  
  5   2  19   1.869358e+03    1.869358e+03    2.280891e+01    2.280891e+01    8.478976e-04    4.161730e-03  
  5   2  20   1.877066e+03    1.877066e+03    2.899091e+01    2.899091e+01    -4.343199e-03    3.928385e-03  
  5   2  21   1.907337e+03    1.907337e+03    7.716410e+00    7.716410e+00    3.082547e-02    3.414036e-03  
  5   2  22   1.908547e+03    1.908547e+03    5.134547e+00    5.134547e+00    2.204848e-03    3.449909e-03  
  5   2  23   1.913048e+03    1.913048e+03    1.003512e+01    1.003512e+01    4.224888e-02    6.635189e-03  
  5   2  24   1.907842e+03    1.907842e+03    4.430282e+00    4.430282e+00    -4.726013e-03    3.400544e-03  
  5   2  25   1.910143e+03    1.910143e+03    6.516432e+00    6.516432e+00    -3.989015e-02    4.014456e-03  
  5   2  26   1.905179e+03    1.905179e+03    5.361693e+00    5.361693e+00    -3.617721e-02    3.498677e-03  
  5   2  27   1.901523e+03    1.901523e+03    4.237346e+00    4.237346e+00    8.523241e-03    4.134381e-03  
  5   2  28   1.877275e+03    1.877275e+03    1.168755e+01    1.168755e+01    -9.646991e-03    5.323987e-03  
  5   2  29   1.885188e+03    1.885188e+03    5.753498e+00    5.753498e+00    -2.427214e-02    4.230198e-03  
  5   2  30   1.914752e+03    1.914752e+03    3.866654e+00    3.866654e+00    -8.725528e-03    3.589571e-03  
  5   2  31   1.918314e+03    1.918314e+03    4.366154e+00    4.366154e+00    -2.464134e-02    4.478893e-03  
  5   2  32   1.931875e+03    1.931875e+03    3.865235e+00    3.865235e+00    -4.576303e-03    3.336255e-03  
  5   2  33   1.925400e+03    1.925400e+03    4.087493e+00    4.087493e+00    4.649156e-03    5.531079e-03  
  5   2  34   1.917111e+03    1.917111e+03    8.719322e+00    8.719322e+00    6.259278e-03    5.438702e-03  
  5   2  35   1.990217e+03    1.990217e+03    4.555581e+01    4.555581e+01    2.665585e-03    3.770025e-03  
  5   2  36   1.973445e+03    1.973445e+03    7.407678e+00    7.407678e+00    3.334122e-02    4.193227e-03  
  5   2  37   1.955940e+03    1.955940e+03    5.328748e+00    5.328748e+00    3.048504e-02    3.835910e-03  
  5   2  38   1.973241e+03    1.973241e+03    4.799317e+00    4.799317e+00    -4.979151e-03    2.767131e-03  
  5   2  39   1.975946e+03    1.975946e+03    4.786406e+00    4.786406e+00    2.025579e-03    3.645933e-03  
  5   2  40   1.998731e+03    1.998731e+03    5.672150e+00    5.672150e+00    -9.759619e-03    4.450675e-03  
  5   2  41   2.004866e+03    2.004866e+03    5.552969e+00    5.552969e+00    1.194030e-04    4.100698e-03  
  5   2  42   2.002712e+03    2.002712e+03    5.469380e+00    5.469380e+00    -1.438169e-03    4.156674e-03  
  5   2  43   2.003472e+03    2.003472e+03    6.685654e+00    6.685654e+00    3.362272e-02    3.488757e-03  
  5   2  44   2.023692e+03    2.023692e+03    1.348302e+01    1.348302e+01    2.474949e-02    4.443920e-03  
  5   2  45   2.033442e+03    2.033442e+03    8.216045e+00    8.216045e+00    6.237862e-02    5.363871e-03  
  5   2  46   2.052506e+03    2.052506e+03    9.445791e+00    9.445791e+00    3.852758e-02    3.813137e-03  
  5   2  47   2.058039e+03    2.058039e+03    7.150469e+00    7.150469e+00    -7.149840e-03    4.699900e-03  
  5   2  48   2.051957e+03    2.051957e+03    1.089885e+01    1.089885e+01    4.755537e-02    4.392778e-03  
  5   2  49   2.091093e+03    2.091093e+03    4.168437e+01    4.168437e+01    7.199781e-03    5.616694e-03  
  5   2  50   2.089102e+03    2.089102e+03    1.815735e+01    1.815735e+01    4.931470e-02    5.090591e-03  
  5   2  51   2.119536e+03    2.119536e+03    1.542271e+01    1.542271e+01    5.796042e-02    5.072494e-03  
  5   2  52   1.960146e+03    1.960146e+03    2.955088e+01    2.955088e+01    9.988249e-03    6.703752e-03  
  5   2  53   2.128471e+03    2.128471e+03    2.053043e+01    2.053043e+01    -4.724204e-02    4.765294e-03  
  5   2  54   2.087971e+03    2.087971e+03    1.168506e+01    1.168506e+01    5.919414e-03    5.485022e-03  
  5   2  55   2.076934e+03    2.076934e+03    1.499120e+01    1.499120e+01    -7.870471e-03    6.866468e-03  
  5   2  56   2.051743e+03    2.051743e+03    1.582817e+01    1.582817e+01    -6.210206e-02    3.686638e-03  
  5   2  57   2.088595e+03    2.088595e+03    1.316619e+01    1.316619e+01    1.097468e-02    3.595224e-03  
  5   2  58   2.116622e+03    2.116622e+03    1.428857e+01    1.428857e+01    -5.725545e-03    4.174020e-03  
  5   2  59   2.049337e+03    2.049337e+03    1.012794e+01    1.012794e+01    4.209158e-02    5.007802e-03  
  5   2  60   2.080261e+03    2.080261e+03    1.016038e+01    1.016038e+01    -1.714159e-02    5.151681e-03  
  5   2  61   2.066908e+03    2.066908e+03    1.356172e+01    1.356172e+01    1.174997e-02    6.251614e-03  
  5   2  62   2.093861e+03    2.093861e+03    1.143769e+01    1.143769e+01    2.036526e-03    3.784476e-03  
  5   3   1   7.774025e+02    7.774025e+02    1.429896e+00    1.429896e+00    -2.279774e-03    5.329487e-03  
  5   3   2   7.697069e+02    7.697069e+02    1.014461e+00    1.014461e+00    -1.137311e-02    4.012395e-03  
  5   3   3   7.713339e+02    7.713339e+02    9.803100e-01    9.803100e-01    5.035836e-03    6.322380e-03  
  5   3   4   7.854923e+02    7.854923e+02    1.360950e+00    1.360950e+00    4.411136e-02    7.214202e-03  
  5   3   5   8.045803e+02    8.045803e+02    1.632590e+00    1.632590e+00    1.181335e-02    8.105954e-03  
  6   1   1   8.529846e+02    8.529846e+02    7.440555e+00    7.440555e+00    -2.411554e-04    1.719615e-03  
  6   1   2   8.377971e+02    8.377971e+02    2.247875e+00    2.247875e+00    1.997933e-02    1.219832e-03  
  6   1   3   8.730463e+02    8.730463e+02    1.123716e+01    1.123716e+01    2.103259e-03    1.689718e-03  
  6   1   4   8.408144e+02    8.408144e+02    1.773156e+00    1.773156e+00    3.807487e-03    1.931774e-03  
  6   1   5   8.244466e+02    8.244466e+02    1.709380e+00    1.709380e+00    -1.788599e-03    1.926985e-03  
  6   1   6   8.173562e+02    8.173562e+02    5.833995e+00    5.833995e+00    5.978241e-03    2.530953e-03  
  6   1   7   8.019311e+02    8.019311e+02    2.581732e+00    2.581732e+00    1.329392e-02    4.203400e-03  
  6   1   8   7.939518e+02    7.939518e+02    1.887540e+00    1.887540e+00    -1.650737e-02    2.909568e-03  
  6   1   9   7.776909e+02    7.776909e+02    1.516493e+00    1.516493e+00    -1.114686e-03    2.976646e-03  
  6   1  10   7.666741e+02    7.666741e+02    3.496167e+00    3.496167e+00    -1.845318e-02    4.674024e-03  
  6   1  11   7.626985e+02    7.626985e+02    1.793963e+00    1.793963e+00    6.457308e-03    5.738343e-03  
  6   1  12   7.695917e+02    7.695917e+02    3.156073e+00    3.156073e+00    -1.066545e-01    1.884336e-02  
  6   1  13   7.763346e+02    7.763346e+02    1.167373e+00    1.167373e+00    -1.638494e-03    4.754039e-03  
  6   1  14   8.574555e+02    8.574555e+02    6.184370e+01    6.184370e+01    -4.369904e-02    5.429721e-03  
  6   1  15   8.795033e+02    8.795033e+02    3.823335e+01    3.823335e+01    9.627306e-03    5.660104e-03  
  6   1  16   8.003047e+02    8.003047e+02    1.840570e+00    1.840570e+00    2.992154e-02    5.537253e-03  
  6   1  17   8.028589e+02    8.028589e+02    3.471600e+00    3.471600e+00    -4.884829e-02    5.230818e-03  
  6   1  18   8.105885e+02    8.105885e+02    4.305114e+00    4.305114e+00    -4.889052e-02    6.616806e-03  
  6   1  19   8.123466e+02    8.123466e+02    4.462325e+00    4.462325e+00    -6.111254e-02    6.502059e-03  
  6   1  20   8.514311e+02    8.514311e+02    3.840767e+00    3.840767e+00    -4.020083e-02    4.604505e-03  
  6   1  21   8.638889e+02    8.638889e+02    3.171024e+00    3.171024e+00    -2.511898e-02    5.639744e-03  
  6   1  22   9.732398e+02    9.732398e+02    1.414214e+00    1.414214e+00    -4.284791e-02    7.045574e-03  
  6   1  23   8.467368e+02    8.467368e+02    9.104712e+00    9.104712e+00    5.900511e-02    9.565308e-03  
  6   2   1   2.075986e+03    2.075986e+03    7.002900e+00    7.002900e+00    3.468789e-03    1.654080e-03  
  6   2   2   2.072133e+03    2.072133e+03    5.926302e+00    5.926302e+00    -1.159910e-03    1.096430e-03  
  6   2   3   2.062650e+03    2.062650e+03    6.492688e+00    6.492688e+00    -1.573922e-03    1.636657e-03  
  6   2   4   2.059881e+03    2.059881e+03    5.596413e+00    5.596413e+00    1.530612e-04    1.600111e-03  
  6   2   5   2.069991e+03    2.069991e+03    4.505325e+01    4.505325e+01    -5.692455e-03    2.610877e-03  
  6   2   6   2.039596e+03    2.039596e+03    6.650897e+00    6.650897e+00    -2.303516e-02    1.937153e-03  
  6   2   7   2.074334e+03    2.074334e+03    7.966883e+00    7.966883e+00    -1.649976e-02    1.746951e-03  
  6   2   8   2.028662e+03    2.028662e+03    6.603102e+00    6.603102e+00    1.403002e-03    2.247846e-03  
  6   2   9   2.040263e+03    2.040263e+03    5.954883e+00    5.954883e+00    3.217975e-03    2.011231e-03  
  6   2  10   2.133198e+03    2.133198e+03    7.257529e+01    7.257529e+01    8.814456e-05    2.825257e-03  
  6   2  11   1.966597e+03    1.966597e+03    7.137679e+01    7.137679e+01    5.762712e-03    2.574569e-03  
  6   2  12   2.007602e+03    2.007602e+03    5.940650e+01    5.940650e+01    6.139037e-03    2.971500e-03  
  6   2  13   1.802928e+03    1.802928e+03    1.158011e+02    1.158011e+02    2.809514e-03    3.101947e-03  
  6   2  14   1.962500e+03    1.962500e+03    8.594704e+01    8.594704e+01    -5.629720e-03    4.146306e-03  
  6   2  15   1.975064e+03    1.975064e+03    6.343114e+00    6.343114e+00    1.030842e-02    4.203120e-03  
  6   2  16   1.975830e+03    1.975830e+03    6.288156e+00    6.288156e+00    -1.646969e-02    3.525308e-03  
  6   2  17   1.956969e+03    1.956969e+03    6.585056e+00    6.585056e+00    3.076165e-03    3.412933e-03  
  6   2  18   1.964997e+03    1.964997e+03    4.287963e+01    4.287963e+01    2.669789e-03    4.543162e-03  
  6   2  19   1.930314e+03    1.930314e+03    6.255503e+00    6.255503e+00    -5.689786e-03    2.950261e-03  
  6   2  20   1.884150e+03    1.884150e+03    1.800619e+01    1.800619e+01    -1.934905e-02    6.431449e-03  
  6   2  21   1.884393e+03    1.884393e+03    1.452737e+01    1.452737e+01    3.663501e-03    3.832679e-03  
  6   2  22   1.897368e+03    1.897368e+03    2.483891e+01    2.483891e+01    7.224518e-03    4.317553e-03  
  6   2  23   1.912906e+03    1.912906e+03    2.326419e+01    2.326419e+01    -4.879986e-03    5.073659e-03  
  6   2  24   1.895010e+03    1.895010e+03    6.558604e+00    6.558604e+00    1.239324e-02    3.951310e-03  
  6   2  25   1.909596e+03    1.909596e+03    4.547039e+00    4.547039e+00    -7.741182e-03    4.130464e-03  
  6   2  26   1.905660e+03    1.905660e+03    4.365053e+00    4.365053e+00    -2.014742e-03    5.439859e-03  
  6   2  27   1.920044e+03    1.920044e+03    1.399822e+01    1.399822e+01    -7.198748e-04    3.367898e-03  
  6   2  28   1.909571e+03    1.909571e+03    4.294964e+00    4.294964e+00    -1.553796e-02    4.255091e-03  
  6   2  29   1.914408e+03    1.914408e+03    3.778903e+00    3.778903e+00    5.226904e-04    3.828189e-03  
  6   2  30   1.916305e+03    1.916305e+03    3.904051e+00    3.904051e+00    -1.384615e-02    4.155316e-03  
  6   2  31   1.910091e+03    1.910091e+03    7.087344e+00    7.087344e+00    1.710889e-02    4.761104e-03  
  6   2  32   1.934787e+03    1.934787e+03    1.138910e+01    1.138910e+01    9.515686e-03    4.313295e-03  
  6   2  33   1.934856e+03    1.934856e+03    1.174309e+01    1.174309e+01    -2.887448e-04    5.198155e-03  
  6   2  34   1.939026e+03    1.939026e+03    4.210739e+00    4.210739e+00    -4.422554e-03    3.407328e-03  
  6   2  35   1.948170e+03    1.948170e+03    4.551087e+00    4.551087e+00    1.965857e-02    4.187706e-03  
  6   2  36   1.967416e+03    1.967416e+03    5.074427e+00    5.074427e+00    1.050339e-02    5.761495e-03  
  6   2  37   1.974684e+03    1.974684e+03    4.485266e+00    4.485266e+00    -9.601348e-03    8.163952e-03  
  6   2  38   1.972968e+03    1.972968e+03    4.794084e+00    4.794084e+00    -3.133987e-03    4.356906e-03  
  6   2  39   1.974077e+03    1.974077e+03    5.237652e+00    5.237652e+00    -4.679597e-02    4.581978e-03  
  6   2  40   1.998534e+03    1.998534e+03    1.617066e+01    1.617066e+01    -4.133333e-03    5.758651e-03  
  6   2  41   2.011275e+03    2.011275e+03    6.577310e+00    6.577310e+00    3.946600e-02    4.466392e-03  
  6   2  42   2.005986e+03    2.005986e+03    5.731053e+00    5.731053e+00    1.522843e-04    4.464737e-03  
  6   2  43   2.004173e+03    2.004173e+03    6.048535e+00    6.048535e+00    2.176465e-03    2.978929e-03  
  6   2  44   2.032384e+03    2.032384e+03    5.895894e+00    5.895894e+00    -8.653812e-03    3.588725e-03  
  6   2  45   2.038667e+03    2.038667e+03    7.427269e+00    7.427269e+00    4.414866e-02    4.381892e-03  
  6   2  46   2.029577e+03    2.029577e+03    7.708377e+00    7.708377e+00    3.294265e-02    3.738627e-03  
  6   2  47   2.063444e+03    2.063444e+03    7.954430e+00    7.954430e+00    -8.907109e-03    4.188789e-03  
  6   2  48   2.094582e+03    2.094582e+03    1.227178e+01    1.227178e+01    7.025923e-02    4.751197e-03  
  6   2  49   2.078624e+03    2.078624e+03    8.932351e+00    8.932351e+00    -4.756325e-03    4.720549e-03  
  6   2  50   1.970736e+03    1.970736e+03    3.417050e+01    3.417050e+01    -9.889754e-03    7.185256e-03  
  6   2  51   2.008713e+03    2.008713e+03    2.040807e+01    2.040807e+01    -1.961183e-02    5.595119e-03  
  6   2  52   2.039068e+03    2.039068e+03    1.961962e+01    1.961962e+01    1.224754e-01    1.029926e-02  
  6   2  53   2.028872e+03    2.028872e+03    2.448527e+01    2.448527e+01    1.175694e-02    5.049717e-03  
  6   2  54   2.102414e+03    2.102414e+03    1.281259e+01    1.281259e+01    -1.064516e-02    5.237644e-03  
  6   2  55   2.083368e+03    2.083368e+03    1.255568e+01    1.255568e+01    2.168541e-02    3.822791e-03  
  6   2  56   2.106684e+03    2.106684e+03    1.216647e+01    1.216647e+01    -2.225722e-02    5.689363e-03  
  6   2  57   2.120576e+03    2.120576e+03    1.384394e+01    1.384394e+01    1.104558e-02    3.843934e-03  
  6   2  58   2.081963e+03    2.081963e+03    1.076610e+01    1.076610e+01    -3.046113e-02    4.737906e-03  
  6   2  59   2.083186e+03    2.083186e+03    1.063336e+01    1.063336e+01    3.593927e-03    3.571543e-03  
  6   2  60   2.054252e+03    2.054252e+03    9.576459e+00    9.576459e+00    4.065147e-03    5.822074e-03  
  6   2  61   2.070093e+03    2.070093e+03    9.397547e+00    9.397547e+00    1.796691e-02    4.632094e-03  
  6   2  62   2.074020e+03    2.074020e+03    1.128310e+01    1.128310e+01    -1.114159e-02    4.426145e-03  
  6   3   1   7.813183e+02    7.813183e+02    1.520101e+00    1.520101e+00    -6.206789e-03    5.418736e-03  
  6   3   2   7.832566e+02    7.832566e+02    1.496666e+00    1.496666e+00    -3.125629e-03    3.479898e-03  
  6   3   3   7.725962e+02    7.725962e+02    9.714922e-01    9.714922e-01    2.766169e-04    4.685346e-03  
  6   3   4   7.832630e+02    7.832630e+02    1.279991e+00    1.279991e+00    1.176426e-01    6.654507e-03  
  6   3   5   8.023696e+02    8.023696e+02    1.576887e+00    1.576887e+00    1.903451e-02    8.373494e-03  
