1 1 1 16.000 16.000 362.039 362.039
1 1 2 16.000 16.000 362.039 362.039
1 1 3 16.000 16.000 362.039 362.039
1 1 4 16.000 16.000 362.039 362.039
1 1 5 16.000 16.000 362.039 362.039
1 1 6 16.000 16.000 362.039 362.039
1 1 7 16.000 16.000 362.039 362.039
1 1 8 16.000 16.000 362.039 362.039
1 1 9 16.000 16.000 362.039 362.039
1 1 10 16.000 16.000 362.039 362.039
1 1 11 16.000 16.000 362.039 362.039
1 1 12 16.000 16.000 362.039 362.039
1 1 13 16.000 16.000 362.039 362.039
1 1 14 16.000 16.000 362.039 362.039
1 1 15 16.000 16.000 362.039 362.039
1 1 16 16.000 16.000 362.039 362.039
1 1 17 16.000 16.000 362.039 362.039
1 1 18 16.000 16.000 362.039 362.039
1 1 19 16.000 16.000 362.039 362.039
1 1 20 16.000 16.000 362.039 362.039
1 1 21 16.000 16.000 362.039 362.039
1 1 22 16.000 16.000 362.039 362.039
1 1 23 16.000 16.000 362.039 362.039
1 2 1 16.000 16.000 362.039 362.039
1 2 2 16.000 16.000 362.039 362.039
1 2 3 16.000 16.000 362.039 362.039
1 2 4 16.000 16.000 362.039 362.039
1 2 5 16.000 16.000 362.039 362.039
1 2 6 16.000 16.000 362.039 362.039
1 2 7 16.000 16.000 362.039 362.039
1 2 8 16.000 16.000 362.039 362.039
1 2 9 16.000 16.000 362.039 362.039
1 2 10 16.000 16.000 362.039 362.039
1 2 11 16.000 16.000 362.039 362.039
1 2 12 16.000 16.000 362.039 362.039
1 2 13 16.000 16.000 362.039 362.039
1 2 14 16.000 16.000 362.039 362.039
1 2 15 16.000 16.000 362.039 362.039
1 2 16 16.000 16.000 362.039 362.039
1 2 17 16.000 16.000 362.039 362.039
1 2 18 16.000 16.000 362.039 362.039
1 2 19 16.000 16.000 362.039 362.039
1 2 20 16.000 16.000 362.039 362.039
1 2 21 16.000 16.000 362.039 362.039
1 2 22 16.000 16.000 362.039 362.039
1 2 23 16.000 16.000 362.039 362.039
1 2 24 16.000 16.000 362.039 362.039
1 2 25 16.000 16.000 362.039 362.039
1 2 26 16.000 16.000 362.039 362.039
1 2 27 16.000 16.000 362.039 362.039
1 2 28 16.000 16.000 362.039 362.039
1 2 29 16.000 16.000 362.039 362.039
1 2 30 16.000 16.000 362.039 362.039
1 2 31 16.000 16.000 362.039 362.039
1 2 32 16.000 16.000 362.039 362.039
1 2 33 16.000 16.000 362.039 362.039
1 2 34 16.000 16.000 362.039 362.039
1 2 35 16.000 16.000 362.039 362.039
1 2 36 16.000 16.000 362.039 362.039
1 2 37 16.000 16.000 362.039 362.039
1 2 38 16.000 16.000 362.039 362.039
1 2 39 16.000 16.000 362.039 362.039
1 2 40 16.000 16.000 362.039 362.039
1 2 41 16.000 16.000 362.039 362.039
1 2 42 16.000 16.000 362.039 362.039
1 2 43 16.000 16.000 362.039 362.039
1 2 44 16.000 16.000 362.039 362.039
1 2 45 16.000 16.000 362.039 362.039
1 2 46 16.000 16.000 362.039 362.039
1 2 47 16.000 16.000 362.039 362.039
1 2 48 16.000 16.000 362.039 362.039
1 2 49 16.000 16.000 362.039 362.039
1 2 50 16.000 16.000 362.039 362.039
1 2 51 16.000 16.000 362.039 362.039
1 2 52 16.000 16.000 362.039 362.039
1 2 53 16.000 16.000 362.039 362.039
1 2 54 16.000 16.000 362.039 362.039
1 2 55 16.000 16.000 362.039 362.039
1 2 56 16.000 16.000 362.039 362.039
1 2 57 16.000 16.000 362.039 362.039
1 2 58 16.000 16.000 362.039 362.039
1 2 59 16.000 16.000 362.039 362.039
1 2 60 16.000 16.000 362.039 362.039
1 2 61 16.000 16.000 362.039 362.039
1 2 62 16.000 16.000 362.039 362.039
1 3 1 16.000 16.000 362.039 362.039
1 3 2 16.000 16.000 362.039 362.039
1 3 3 16.000 16.000 362.039 362.039
1 3 4 16.000 16.000 362.039 362.039
1 3 5 16.000 16.000 362.039 362.039
2 1 1 13.579 13.579 33.445 33.445
2 1 2 13.915 13.915 19.701 19.701
2 1 3 13.386 13.386 11.523 11.523
2 1 4 14.096 14.096 9.313 9.313
2 1 5 16.000 16.000 362.039 362.039
2 1 6 55.728 55.728 91.876 91.876
2 1 7 14.529 14.529 4.971 4.971
2 1 8 14.553 14.553 4.201 4.201
2 1 9 14.658 14.658 3.582 3.582
2 1 10 16.000 16.000 362.039 362.039
2 1 11 14.603 14.603 2.669 2.669
2 1 12 15.048 15.048 2.530 2.530
2 1 13 14.880 14.880 2.189 2.189
2 1 14 14.939 14.939 1.970 1.970
2 1 15 15.087 15.087 1.827 1.827
2 1 16 15.480 15.480 1.728 1.728
2 1 17 15.267 15.267 1.533 1.533
2 1 18 15.535 15.535 1.453 1.453
2 1 19 14.490 14.490 1.305 1.305
2 1 20 15.796 15.796 1.292 1.292
2 1 21 16.000 16.000 362.039 362.039
2 1 22 15.560 15.560 1.116 1.116
2 1 23 15.555 15.555 1.033 1.033
2 2 1 12.703 12.703 72.198 72.198
2 2 2 12.114 12.114 43.395 43.395
2 2 3 11.959 11.959 30.391 30.391
2 2 4 12.531 12.531 21.630 21.630
2 2 5 12.818 12.818 18.474 18.474
2 2 6 13.644 13.644 17.537 17.537
2 2 7 14.068 14.068 15.855 15.855
2 2 8 13.385 13.385 12.425 12.425
2 2 9 13.790 13.790 11.527 11.527
2 2 10 14.226 14.226 10.015 10.015
2 2 11 14.457 14.457 9.300 9.300
2 2 12 14.682 14.682 8.691 8.691
2 2 13 14.090 14.090 7.299 7.299
2 2 14 14.386 14.386 6.957 6.957
2 2 15 14.320 14.320 5.842 5.842
2 2 16 14.763 14.763 5.900 5.900
2 2 17 14.684 14.684 5.429 5.429
2 2 18 14.412 14.412 4.885 4.885
2 2 19 14.681 14.681 4.443 4.443
2 2 20 14.978 14.978 4.350 4.350
2 2 21 14.803 14.803 4.006 4.006
2 2 22 14.964 14.964 3.941 3.941
2 2 23 14.935 14.935 3.714 3.714
2 2 24 14.957 14.957 3.349 3.349
2 2 25 15.039 15.039 3.216 3.216
2 2 26 15.203 15.203 3.131 3.131
2 2 27 15.175 15.175 2.972 2.972
2 2 28 15.281 15.281 2.878 2.878
2 2 29 15.180 15.180 2.630 2.630
2 2 30 15.134 15.134 2.503 2.503
2 2 31 15.173 15.173 2.421 2.421
2 2 32 15.435 15.435 2.406 2.406
2 2 33 15.439 15.439 2.321 2.321
2 2 34 15.531 15.531 2.258 2.258
2 2 35 15.588 15.588 2.135 2.135
2 2 36 15.538 15.538 2.050 2.050
2 2 37 15.507 15.507 1.971 1.971
2 2 38 15.638 15.638 1.934 1.934
2 2 39 15.646 15.646 1.796 1.796
2 2 40 15.658 15.658 1.747 1.747
2 2 41 15.741 15.741 1.729 1.729
2 2 42 15.705 15.705 1.665 1.665
2 2 43 15.763 15.763 1.594 1.594
2 2 44 15.881 15.881 1.542 1.542
2 2 45 15.836 15.836 1.492 1.492
2 2 46 15.972 15.972 1.474 1.474
2 2 47 15.919 15.919 1.435 1.435
2 2 48 15.852 15.852 1.383 1.383
2 2 49 16.046 16.046 1.338 1.338
2 2 50 15.936 15.936 1.285 1.285
2 2 51 16.006 16.006 1.266 1.266
2 2 52 16.071 16.071 1.258 1.258
2 2 53 16.090 16.090 1.238 1.238
2 2 54 16.127 16.127 1.197 1.197
2 2 55 16.101 16.101 1.170 1.170
2 2 56 16.170 16.170 1.159 1.159
2 2 57 16.157 16.157 1.123 1.123
2 2 58 16.101 16.101 1.072 1.072
2 2 59 15.876 15.876 1.009 1.009
2 2 60 16.647 16.647 1.070 1.070
2 2 61 15.967 15.967 0.967 0.967
2 2 62 15.264 15.264 0.865 0.865
2 3 1 16.116 16.116 1.120 1.120
2 3 2 15.902 15.902 1.015 1.015
2 3 3 19.196 19.196 1.568 1.568
2 3 4 16.000 16.000 362.039 362.039
2 3 5 17.240 17.240 2.065 2.065
3 1 1 16.000 16.000 362.039 362.039
3 1 2 16.000 16.000 362.039 362.039
3 1 3 16.000 16.000 362.039 362.039
3 1 4 16.000 16.000 362.039 362.039
3 1 5 16.000 16.000 362.039 362.039
3 1 6 16.000 16.000 362.039 362.039
3 1 7 16.000 16.000 362.039 362.039
3 1 8 16.000 16.000 362.039 362.039
3 1 9 16.000 16.000 362.039 362.039
3 1 10 16.000 16.000 362.039 362.039
3 1 11 16.000 16.000 362.039 362.039
3 1 12 16.000 16.000 362.039 362.039
3 1 13 16.000 16.000 362.039 362.039
3 1 14 16.000 16.000 362.039 362.039
3 1 15 16.000 16.000 362.039 362.039
3 1 16 16.000 16.000 362.039 362.039
3 1 17 16.000 16.000 362.039 362.039
3 1 18 16.000 16.000 362.039 362.039
3 1 19 16.000 16.000 362.039 362.039
3 1 20 16.000 16.000 362.039 362.039
3 1 21 16.000 16.000 362.039 362.039
3 1 22 16.000 16.000 362.039 362.039
3 1 23 16.000 16.000 362.039 362.039
3 2 1 16.000 16.000 362.039 362.039
3 2 2 16.000 16.000 362.039 362.039
3 2 3 16.000 16.000 362.039 362.039
3 2 4 16.000 16.000 362.039 362.039
3 2 5 16.000 16.000 362.039 362.039
3 2 6 16.000 16.000 362.039 362.039
3 2 7 16.000 16.000 362.039 362.039
3 2 8 16.000 16.000 362.039 362.039
3 2 9 16.000 16.000 362.039 362.039
3 2 10 16.000 16.000 362.039 362.039
3 2 11 16.000 16.000 362.039 362.039
3 2 12 16.000 16.000 362.039 362.039
3 2 13 16.000 16.000 362.039 362.039
3 2 14 16.000 16.000 362.039 362.039
3 2 15 16.000 16.000 362.039 362.039
3 2 16 16.000 16.000 362.039 362.039
3 2 17 16.000 16.000 362.039 362.039
3 2 18 16.000 16.000 362.039 362.039
3 2 19 16.000 16.000 362.039 362.039
3 2 20 16.000 16.000 362.039 362.039
3 2 21 16.000 16.000 362.039 362.039
3 2 22 16.000 16.000 362.039 362.039
3 2 23 16.000 16.000 362.039 362.039
3 2 24 16.000 16.000 362.039 362.039
3 2 25 16.000 16.000 362.039 362.039
3 2 26 16.000 16.000 362.039 362.039
3 2 27 16.000 16.000 362.039 362.039
3 2 28 16.000 16.000 362.039 362.039
3 2 29 16.000 16.000 362.039 362.039
3 2 30 16.000 16.000 362.039 362.039
3 2 31 16.000 16.000 362.039 362.039
3 2 32 16.000 16.000 362.039 362.039
3 2 33 16.000 16.000 362.039 362.039
3 2 34 16.000 16.000 362.039 362.039
3 2 35 16.000 16.000 362.039 362.039
3 2 36 16.000 16.000 362.039 362.039
3 2 37 16.000 16.000 362.039 362.039
3 2 38 16.000 16.000 362.039 362.039
3 2 39 16.000 16.000 362.039 362.039
3 2 40 16.000 16.000 362.039 362.039
3 2 41 16.000 16.000 362.039 362.039
3 2 42 16.000 16.000 362.039 362.039
3 2 43 16.000 16.000 362.039 362.039
3 2 44 16.000 16.000 362.039 362.039
3 2 45 16.000 16.000 362.039 362.039
3 2 46 16.000 16.000 362.039 362.039
3 2 47 16.000 16.000 362.039 362.039
3 2 48 16.000 16.000 362.039 362.039
3 2 49 16.000 16.000 362.039 362.039
3 2 50 16.000 16.000 362.039 362.039
3 2 51 16.000 16.000 362.039 362.039
3 2 52 16.000 16.000 362.039 362.039
3 2 53 16.000 16.000 362.039 362.039
3 2 54 16.000 16.000 362.039 362.039
3 2 55 16.000 16.000 362.039 362.039
3 2 56 16.000 16.000 362.039 362.039
3 2 57 16.000 16.000 362.039 362.039
3 2 58 16.000 16.000 362.039 362.039
3 2 59 16.000 16.000 362.039 362.039
3 2 60 16.000 16.000 362.039 362.039
3 2 61 16.000 16.000 362.039 362.039
3 2 62 16.000 16.000 362.039 362.039
3 3 1 16.000 16.000 362.039 362.039
3 3 2 16.000 16.000 362.039 362.039
3 3 3 16.000 16.000 362.039 362.039
3 3 4 16.000 16.000 362.039 362.039
3 3 5 16.000 16.000 362.039 362.039
4 1 1 16.000 16.000 362.039 362.039
4 1 2 16.000 16.000 362.039 362.039
4 1 3 16.000 16.000 362.039 362.039
4 1 4 16.000 16.000 362.039 362.039
4 1 5 16.000 16.000 362.039 362.039
4 1 6 16.000 16.000 362.039 362.039
4 1 7 16.000 16.000 362.039 362.039
4 1 8 16.000 16.000 362.039 362.039
4 1 9 16.000 16.000 362.039 362.039
4 1 10 16.000 16.000 362.039 362.039
4 1 11 16.000 16.000 362.039 362.039
4 1 12 16.000 16.000 362.039 362.039
4 1 13 16.000 16.000 362.039 362.039
4 1 14 16.000 16.000 362.039 362.039
4 1 15 16.000 16.000 362.039 362.039
4 1 16 16.000 16.000 362.039 362.039
4 1 17 16.000 16.000 362.039 362.039
4 1 18 16.000 16.000 362.039 362.039
4 1 19 16.000 16.000 362.039 362.039
4 1 20 16.000 16.000 362.039 362.039
4 1 21 16.000 16.000 362.039 362.039
4 1 22 16.000 16.000 362.039 362.039
4 1 23 16.000 16.000 362.039 362.039
4 2 1 16.000 16.000 362.039 362.039
4 2 2 16.000 16.000 362.039 362.039
4 2 3 16.000 16.000 362.039 362.039
4 2 4 16.000 16.000 362.039 362.039
4 2 5 16.000 16.000 362.039 362.039
4 2 6 16.000 16.000 362.039 362.039
4 2 7 16.000 16.000 362.039 362.039
4 2 8 16.000 16.000 362.039 362.039
4 2 9 16.000 16.000 362.039 362.039
4 2 10 16.000 16.000 362.039 362.039
4 2 11 16.000 16.000 362.039 362.039
4 2 12 16.000 16.000 362.039 362.039
4 2 13 16.000 16.000 362.039 362.039
4 2 14 16.000 16.000 362.039 362.039
4 2 15 16.000 16.000 362.039 362.039
4 2 16 16.000 16.000 362.039 362.039
4 2 17 16.000 16.000 362.039 362.039
4 2 18 16.000 16.000 362.039 362.039
4 2 19 16.000 16.000 362.039 362.039
4 2 20 16.000 16.000 362.039 362.039
4 2 21 16.000 16.000 362.039 362.039
4 2 22 16.000 16.000 362.039 362.039
4 2 23 16.000 16.000 362.039 362.039
4 2 24 16.000 16.000 362.039 362.039
4 2 25 16.000 16.000 362.039 362.039
4 2 26 16.000 16.000 362.039 362.039
4 2 27 16.000 16.000 362.039 362.039
4 2 28 16.000 16.000 362.039 362.039
4 2 29 16.000 16.000 362.039 362.039
4 2 30 16.000 16.000 362.039 362.039
4 2 31 16.000 16.000 362.039 362.039
4 2 32 16.000 16.000 362.039 362.039
4 2 33 16.000 16.000 362.039 362.039
4 2 34 16.000 16.000 362.039 362.039
4 2 35 16.000 16.000 362.039 362.039
4 2 36 16.000 16.000 362.039 362.039
4 2 37 16.000 16.000 362.039 362.039
4 2 38 16.000 16.000 362.039 362.039
4 2 39 16.000 16.000 362.039 362.039
4 2 40 16.000 16.000 362.039 362.039
4 2 41 16.000 16.000 362.039 362.039
4 2 42 16.000 16.000 362.039 362.039
4 2 43 16.000 16.000 362.039 362.039
4 2 44 16.000 16.000 362.039 362.039
4 2 45 16.000 16.000 362.039 362.039
4 2 46 16.000 16.000 362.039 362.039
4 2 47 16.000 16.000 362.039 362.039
4 2 48 16.000 16.000 362.039 362.039
4 2 49 16.000 16.000 362.039 362.039
4 2 50 16.000 16.000 362.039 362.039
4 2 51 16.000 16.000 362.039 362.039
4 2 52 16.000 16.000 362.039 362.039
4 2 53 16.000 16.000 362.039 362.039
4 2 54 16.000 16.000 362.039 362.039
4 2 55 16.000 16.000 362.039 362.039
4 2 56 16.000 16.000 362.039 362.039
4 2 57 16.000 16.000 362.039 362.039
4 2 58 16.000 16.000 362.039 362.039
4 2 59 16.000 16.000 362.039 362.039
4 2 60 16.000 16.000 362.039 362.039
4 2 61 16.000 16.000 362.039 362.039
4 2 62 16.000 16.000 362.039 362.039
4 3 1 16.000 16.000 362.039 362.039
4 3 2 16.000 16.000 362.039 362.039
4 3 3 16.000 16.000 362.039 362.039
4 3 4 16.000 16.000 362.039 362.039
4 3 5 16.000 16.000 362.039 362.039
5 1 1 16.000 16.000 362.039 362.039
5 1 2 16.000 16.000 362.039 362.039
5 1 3 16.000 16.000 362.039 362.039
5 1 4 16.000 16.000 362.039 362.039
5 1 5 16.000 16.000 362.039 362.039
5 1 6 16.000 16.000 362.039 362.039
5 1 7 16.000 16.000 362.039 362.039
5 1 8 16.000 16.000 362.039 362.039
5 1 9 16.000 16.000 362.039 362.039
5 1 10 16.000 16.000 362.039 362.039
5 1 11 16.000 16.000 362.039 362.039
5 1 12 16.000 16.000 362.039 362.039
5 1 13 16.000 16.000 362.039 362.039
5 1 14 16.000 16.000 362.039 362.039
5 1 15 16.000 16.000 362.039 362.039
5 1 16 16.000 16.000 362.039 362.039
5 1 17 16.000 16.000 362.039 362.039
5 1 18 16.000 16.000 362.039 362.039
5 1 19 16.000 16.000 362.039 362.039
5 1 20 16.000 16.000 362.039 362.039
5 1 21 16.000 16.000 362.039 362.039
5 1 22 16.000 16.000 362.039 362.039
5 1 23 16.000 16.000 362.039 362.039
5 2 1 16.000 16.000 362.039 362.039
5 2 2 16.000 16.000 362.039 362.039
5 2 3 16.000 16.000 362.039 362.039
5 2 4 16.000 16.000 362.039 362.039
5 2 5 16.000 16.000 362.039 362.039
5 2 6 16.000 16.000 362.039 362.039
5 2 7 16.000 16.000 362.039 362.039
5 2 8 16.000 16.000 362.039 362.039
5 2 9 16.000 16.000 362.039 362.039
5 2 10 16.000 16.000 362.039 362.039
5 2 11 16.000 16.000 362.039 362.039
5 2 12 16.000 16.000 362.039 362.039
5 2 13 16.000 16.000 362.039 362.039
5 2 14 16.000 16.000 362.039 362.039
5 2 15 16.000 16.000 362.039 362.039
5 2 16 16.000 16.000 362.039 362.039
5 2 17 16.000 16.000 362.039 362.039
5 2 18 16.000 16.000 362.039 362.039
5 2 19 16.000 16.000 362.039 362.039
5 2 20 16.000 16.000 362.039 362.039
5 2 21 16.000 16.000 362.039 362.039
5 2 22 16.000 16.000 362.039 362.039
5 2 23 16.000 16.000 362.039 362.039
5 2 24 16.000 16.000 362.039 362.039
5 2 25 16.000 16.000 362.039 362.039
5 2 26 16.000 16.000 362.039 362.039
5 2 27 16.000 16.000 362.039 362.039
5 2 28 16.000 16.000 362.039 362.039
5 2 29 16.000 16.000 362.039 362.039
5 2 30 16.000 16.000 362.039 362.039
5 2 31 16.000 16.000 362.039 362.039
5 2 32 16.000 16.000 362.039 362.039
5 2 33 16.000 16.000 362.039 362.039
5 2 34 16.000 16.000 362.039 362.039
5 2 35 16.000 16.000 362.039 362.039
5 2 36 16.000 16.000 362.039 362.039
5 2 37 16.000 16.000 362.039 362.039
5 2 38 16.000 16.000 362.039 362.039
5 2 39 16.000 16.000 362.039 362.039
5 2 40 16.000 16.000 362.039 362.039
5 2 41 16.000 16.000 362.039 362.039
5 2 42 16.000 16.000 362.039 362.039
5 2 43 16.000 16.000 362.039 362.039
5 2 44 16.000 16.000 362.039 362.039
5 2 45 16.000 16.000 362.039 362.039
5 2 46 16.000 16.000 362.039 362.039
5 2 47 16.000 16.000 362.039 362.039
5 2 48 16.000 16.000 362.039 362.039
5 2 49 16.000 16.000 362.039 362.039
5 2 50 16.000 16.000 362.039 362.039
5 2 51 16.000 16.000 362.039 362.039
5 2 52 16.000 16.000 362.039 362.039
5 2 53 16.000 16.000 362.039 362.039
5 2 54 16.000 16.000 362.039 362.039
5 2 55 16.000 16.000 362.039 362.039
5 2 56 16.000 16.000 362.039 362.039
5 2 57 16.000 16.000 362.039 362.039
5 2 58 16.000 16.000 362.039 362.039
5 2 59 16.000 16.000 362.039 362.039
5 2 60 16.000 16.000 362.039 362.039
5 2 61 16.000 16.000 362.039 362.039
5 2 62 16.000 16.000 362.039 362.039
5 3 1 16.000 16.000 362.039 362.039
5 3 2 16.000 16.000 362.039 362.039
5 3 3 16.000 16.000 362.039 362.039
5 3 4 16.000 16.000 362.039 362.039
5 3 5 16.000 16.000 362.039 362.039
6 1 1 16.000 16.000 362.039 362.039
6 1 2 16.000 16.000 362.039 362.039
6 1 3 16.000 16.000 362.039 362.039
6 1 4 16.000 16.000 362.039 362.039
6 1 5 16.000 16.000 362.039 362.039
6 1 6 16.000 16.000 362.039 362.039
6 1 7 16.000 16.000 362.039 362.039
6 1 8 16.000 16.000 362.039 362.039
6 1 9 16.000 16.000 362.039 362.039
6 1 10 16.000 16.000 362.039 362.039
6 1 11 16.000 16.000 362.039 362.039
6 1 12 16.000 16.000 362.039 362.039
6 1 13 16.000 16.000 362.039 362.039
6 1 14 16.000 16.000 362.039 362.039
6 1 15 16.000 16.000 362.039 362.039
6 1 16 16.000 16.000 362.039 362.039
6 1 17 16.000 16.000 362.039 362.039
6 1 18 16.000 16.000 362.039 362.039
6 1 19 16.000 16.000 362.039 362.039
6 1 20 16.000 16.000 362.039 362.039
6 1 21 16.000 16.000 362.039 362.039
6 1 22 16.000 16.000 362.039 362.039
6 1 23 16.000 16.000 362.039 362.039
6 2 1 16.000 16.000 362.039 362.039
6 2 2 16.000 16.000 362.039 362.039
6 2 3 16.000 16.000 362.039 362.039
6 2 4 16.000 16.000 362.039 362.039
6 2 5 16.000 16.000 362.039 362.039
6 2 6 16.000 16.000 362.039 362.039
6 2 7 16.000 16.000 362.039 362.039
6 2 8 16.000 16.000 362.039 362.039
6 2 9 16.000 16.000 362.039 362.039
6 2 10 16.000 16.000 362.039 362.039
6 2 11 16.000 16.000 362.039 362.039
6 2 12 16.000 16.000 362.039 362.039
6 2 13 16.000 16.000 362.039 362.039
6 2 14 16.000 16.000 362.039 362.039
6 2 15 16.000 16.000 362.039 362.039
6 2 16 16.000 16.000 362.039 362.039
6 2 17 16.000 16.000 362.039 362.039
6 2 18 16.000 16.000 362.039 362.039
6 2 19 16.000 16.000 362.039 362.039
6 2 20 16.000 16.000 362.039 362.039
6 2 21 16.000 16.000 362.039 362.039
6 2 22 16.000 16.000 362.039 362.039
6 2 23 16.000 16.000 362.039 362.039
6 2 24 16.000 16.000 362.039 362.039
6 2 25 16.000 16.000 362.039 362.039
6 2 26 16.000 16.000 362.039 362.039
6 2 27 16.000 16.000 362.039 362.039
6 2 28 16.000 16.000 362.039 362.039
6 2 29 16.000 16.000 362.039 362.039
6 2 30 16.000 16.000 362.039 362.039
6 2 31 16.000 16.000 362.039 362.039
6 2 32 16.000 16.000 362.039 362.039
6 2 33 16.000 16.000 362.039 362.039
6 2 34 16.000 16.000 362.039 362.039
6 2 35 16.000 16.000 362.039 362.039
6 2 36 16.000 16.000 362.039 362.039
6 2 37 16.000 16.000 362.039 362.039
6 2 38 16.000 16.000 362.039 362.039
6 2 39 16.000 16.000 362.039 362.039
6 2 40 16.000 16.000 362.039 362.039
6 2 41 16.000 16.000 362.039 362.039
6 2 42 16.000 16.000 362.039 362.039
6 2 43 16.000 16.000 362.039 362.039
6 2 44 16.000 16.000 362.039 362.039
6 2 45 16.000 16.000 362.039 362.039
6 2 46 16.000 16.000 362.039 362.039
6 2 47 16.000 16.000 362.039 362.039
6 2 48 16.000 16.000 362.039 362.039
6 2 49 16.000 16.000 362.039 362.039
6 2 50 16.000 16.000 362.039 362.039
6 2 51 16.000 16.000 362.039 362.039
6 2 52 16.000 16.000 362.039 362.039
6 2 53 16.000 16.000 362.039 362.039
6 2 54 16.000 16.000 362.039 362.039
6 2 55 16.000 16.000 362.039 362.039
6 2 56 16.000 16.000 362.039 362.039
6 2 57 16.000 16.000 362.039 362.039
6 2 58 16.000 16.000 362.039 362.039
6 2 59 16.000 16.000 362.039 362.039
6 2 60 16.000 16.000 362.039 362.039
6 2 61 16.000 16.000 362.039 362.039
6 2 62 16.000 16.000 362.039 362.039
6 3 1 16.000 16.000 362.039 362.039
6 3 2 16.000 16.000 362.039 362.039
6 3 3 16.000 16.000 362.039 362.039
6 3 4 16.000 16.000 362.039 362.039
6 3 5 16.000 16.000 362.039 362.039
