1 1 1 71.408 71.408 40.831 40.831 -0.306
1 1 2 108.964 108.964 61.192 61.192 -0.073
1 1 3 83.100 83.100 25.198 25.198 -0.522
1 1 4 115.449 115.449 35.143 35.143 -0.466
1 1 5 126.134 126.134 35.723 35.723 -0.121
1 1 6 93.270 93.270 20.065 20.065 -0.771
1 1 7 119.052 119.052 26.379 26.379 0.051
1 1 8 122.425 122.425 25.054 25.054 0.005
1 1 9 156.440 156.440 31.320 31.320 0.101
1 1 10 127.224 127.224 20.898 20.898 -0.308
1 1 11 130.188 130.188 19.773 19.773 -0.503
1 1 12 136.628 136.628 19.495 19.495 -0.294
1 1 13 123.148 123.148 15.758 15.758 0.191
1 1 14 161.666 161.666 21.843 21.843 -0.138
1 1 15 164.267 164.267 21.194 21.194 -0.101
1 1 16 151.231 151.231 17.375 17.375 -0.010
1 1 17 152.912 152.912 16.600 16.600 0.451
1 1 18 192.558 192.558 22.271 22.271 -0.278
1 1 19 150.210 150.210 14.737 14.737 -0.019
1 1 20 188.173 188.173 19.677 19.677 -0.157
1 1 21 219.029 219.029 23.550 23.550 -0.076
1 1 22 177.125 177.125 16.475 16.475 0.122
1 1 23 189.032 189.032 17.677 17.677 -0.143
1 2 1 112.860 112.860 186.209 186.209 -0.067
1 2 2 137.196 137.196 227.945 227.945 -0.208
1 2 3 90.700 90.700 69.151 69.151 -0.240
1 2 4 114.612 114.612 76.778 76.778 -0.091
1 2 5 134.494 134.494 104.479 104.479 -0.112
1 2 6 133.642 133.642 79.878 79.878 0.021
1 2 7 199.499 199.499 120.445 120.445 0.049
1 2 8 152.130 152.130 75.015 75.015 0.041
1 2 9 178.890 178.890 84.851 84.851 0.133
1 2 10 138.713 138.713 53.766 53.766 -0.053
1 2 11 173.220 173.220 68.633 68.633 -0.126
1 2 12 195.907 195.907 77.553 77.553 -0.168
1 2 13 133.914 133.914 39.943 39.943 -0.146
1 2 14 158.571 158.571 49.730 49.730 -0.009
1 2 15 180.027 180.027 58.035 58.035 -0.047
1 2 16 172.317 172.317 49.694 49.694 0.051
1 2 17 187.683 187.683 54.410 54.410 -0.040
1 2 18 130.407 130.407 28.563 28.563 -0.236
1 2 19 155.221 155.221 36.402 36.402 0.007
1 2 20 160.541 160.541 36.846 36.846 -0.040
1 2 21 128.380 128.380 24.609 24.609 -0.059
1 2 22 171.046 171.046 37.084 37.084 -0.000
1 2 23 139.455 139.455 26.423 26.423 0.073
1 2 24 172.200 172.200 33.936 33.936 -0.117
1 2 25 184.498 184.498 36.531 36.531 -0.118
1 2 26 183.619 183.619 35.242 35.242 -0.112
1 2 27 213.882 213.882 42.049 42.049 -0.127
1 2 28 165.496 165.496 26.911 26.911 -0.356
1 2 29 155.503 155.503 24.410 24.410 -0.081
1 2 30 190.216 190.216 32.797 32.797 -0.070
1 2 31 136.957 136.957 19.262 19.262 -0.135
1 2 32 403.951 403.951 92.088 92.088 -0.132
1 2 33 281.846 281.846 51.812 51.812 -0.233
1 2 34 330.945 330.945 65.902 65.902 -0.091
1 2 35 252.845 252.845 42.706 42.706 0.018
1 2 36 260.994 260.994 43.816 43.816 -0.044
1 2 37 262.357 262.357 43.282 43.282 -0.009
1 2 38 335.990 335.990 60.045 60.045 -0.138
1 2 39 249.962 249.962 38.042 38.042 0.008
1 2 40 253.466 253.466 38.267 38.267 0.024
1 2 41 302.503 302.503 47.963 47.963 -0.111
1 2 42 218.185 218.185 28.960 28.960 -0.067
1 2 43 221.812 221.812 28.667 28.667 -0.118
1 2 44 226.023 226.023 29.013 29.013 -0.074
1 2 45 312.905 312.905 46.225 46.225 -0.167
1 2 46 260.958 260.958 34.787 34.787 -0.093
1 2 47 277.406 277.406 37.851 37.851 -0.064
1 2 48 317.925 317.925 44.986 44.986 -0.124
1 2 49 236.063 236.063 27.390 27.390 -0.271
1 2 50 398.055 398.055 61.418 61.418 -0.089
1 2 51 478.536 478.536 78.917 78.917 -0.065
1 2 52 370.408 370.408 52.371 52.371 -0.052
1 2 53 325.579 325.579 42.558 42.558 -0.032
1 2 54 235.549 235.549 26.048 26.048 -0.076
1 2 55 248.383 248.383 27.031 27.031 -0.058
1 2 56 430.459 430.459 62.055 62.055 -0.106
1 2 57 280.401 280.401 31.730 31.730 -0.088
1 2 58 293.884 293.884 33.284 33.284 -0.064
1 2 59 321.390 321.390 36.784 36.784 -0.234
1 2 60 323.059 323.059 37.134 37.134 -0.127
1 2 61 314.649 314.649 35.648 35.648 -0.284
1 2 62 287.445 287.445 30.037 30.037 -0.176
1 3 1 178.011 178.011 16.678 16.678 -1.232
1 3 2 275.913 275.913 30.011 30.011 0.511
1 3 3 244.494 244.494 22.591 22.591 0.960
1 3 4 252.728 252.728 25.391 25.391 0.419
1 3 5 411.136 411.136 51.548 51.548 -0.239
2 1 1 96.343 96.343 132.802 132.802 0.547
2 1 2 95.715 95.715 47.014 47.014 -0.226
2 1 3 65.336 65.336 19.628 19.628 -0.247
2 1 4 96.689 96.689 28.337 28.337 0.323
2 1 5 148.976 148.976 1272.485 1272.485 0.000
2 1 6 500.000 500.000 266.075 266.075 0.770
2 1 7 111.191 111.191 23.837 23.837 0.006
2 1 8 115.214 115.214 22.592 22.592 0.162
2 1 9 119.117 119.117 20.859 20.859 -0.095
2 1 10 167.617 167.617 1642.694 1642.694 0.000
2 1 11 130.635 130.635 19.993 19.993 -0.147
2 1 12 85.521 85.521 9.778 9.778 -0.301
2 1 13 124.820 124.820 16.152 16.152 -0.095
2 1 14 124.702 124.702 14.532 14.532 -0.393
2 1 15 119.669 119.669 13.157 13.157 -0.170
2 1 16 130.135 130.135 13.822 13.822 -0.176
2 1 17 129.932 129.932 12.659 12.659 -0.642
2 1 18 176.590 176.590 19.897 19.897 0.032
2 1 19 500.000 500.000 14.710 14.710 1.286
2 1 20 156.864 156.864 14.903 14.903 -0.242
2 1 21 211.379 211.379 2705.928 2705.928 0.000
2 1 22 165.553 165.553 14.764 14.764 -0.122
2 1 23 165.513 165.513 14.072 14.072 0.149
2 2 1 52.193 52.193 82.740 82.740 0.291
2 2 2 154.924 154.924 191.480 191.480 -0.053
2 2 3 155.734 155.734 159.498 159.498 -0.018
2 2 4 90.667 90.667 51.664 51.664 -0.237
2 2 5 132.169 132.169 85.457 85.457 0.086
2 2 6 142.728 142.728 85.190 85.190 0.122
2 2 7 149.395 149.395 74.579 74.579 -0.141
2 2 8 117.117 117.117 50.124 50.124 0.055
2 2 9 129.390 129.390 49.052 49.052 -0.380
2 2 10 178.839 178.839 75.471 75.471 -0.172
2 2 11 169.082 169.082 66.756 66.756 -0.101
2 2 12 191.085 191.085 76.172 76.172 -0.082
2 2 13 160.981 160.981 53.287 53.287 0.052
2 2 14 129.163 129.163 36.557 36.557 0.048
2 2 15 144.944 144.944 41.447 41.447 -0.023
2 2 16 161.966 161.966 45.047 45.047 -0.095
2 2 17 171.866 171.866 47.349 47.349 -0.082
2 2 18 122.129 122.129 26.331 26.331 0.012
2 2 19 126.985 126.985 26.896 26.896 -0.014
2 2 20 161.789 161.789 37.274 37.274 -0.054
2 2 21 129.468 129.468 24.928 24.928 0.017
2 2 22 173.930 173.930 37.995 37.995 0.016
2 2 23 159.033 159.033 32.194 32.194 -0.015
2 2 24 132.903 132.903 23.121 23.121 0.031
2 2 25 160.129 160.129 29.693 29.693 -0.033
2 2 26 166.484 166.484 30.566 30.566 -0.070
2 2 27 200.671 200.671 37.788 37.788 -0.166
2 2 28 175.536 175.536 30.552 30.552 -0.060
2 2 29 152.441 152.441 23.513 23.513 -0.180
2 2 30 152.228 152.228 22.886 22.886 -0.198
2 2 31 127.133 127.133 17.226 17.226 -0.058
2 2 32 234.632 234.632 40.640 40.640 -0.167
2 2 33 222.502 222.502 37.241 37.241 -0.015
2 2 34 273.939 273.939 49.789 49.789 -0.016
2 2 35 256.775 256.775 43.501 43.501 -0.074
2 2 36 221.137 221.137 34.100 34.100 -0.070
2 2 37 238.461 238.461 37.486 37.486 -0.014
2 2 38 296.786 296.786 49.797 49.797 -0.086
2 2 39 193.608 193.608 24.902 24.902 -0.401
2 2 40 209.030 209.030 28.191 28.191 -0.201
2 2 41 241.349 241.349 33.991 33.991 -0.157
2 2 42 219.780 219.780 29.232 29.232 -0.070
2 2 43 199.328 199.328 23.152 23.152 -0.517
2 2 44 263.373 263.373 36.338 36.338 -0.117
2 2 45 216.166 216.166 26.527 26.527 -0.156
2 2 46 234.074 234.074 29.032 29.032 -0.110
2 2 47 249.689 249.689 31.656 31.656 -0.092
2 2 48 259.353 259.353 32.288 32.288 -0.282
2 2 49 251.273 251.273 30.480 30.480 -0.102
2 2 50 275.710 275.710 34.413 34.413 -0.143
2 2 51 324.670 324.670 43.591 43.591 -0.051
2 2 52 301.165 301.165 37.468 37.468 -0.173
2 2 53 297.090 297.090 36.410 36.410 -0.110
2 2 54 287.798 287.798 34.333 34.333 -0.014
2 2 55 233.221 233.221 24.526 24.526 0.003
2 2 56 327.304 327.304 40.239 40.239 -0.026
2 2 57 278.568 278.568 30.688 30.688 -0.092
2 2 58 210.554 210.554 19.891 19.891 -0.139
2 2 59 226.114 226.114 21.759 21.759 -0.210
2 2 60 257.425 257.425 26.015 26.015 -0.119
2 2 61 295.270 295.270 30.542 30.542 -0.377
2 2 62 300.013 300.013 32.057 32.057 0.022
2 3 1 198.611 198.611 18.364 18.364 -0.820
2 3 2 233.211 233.211 22.992 22.992 0.022
2 3 3 205.601 205.601 18.387 18.387 -0.263
2 3 4 228.490 228.490 3196.735 3196.735 0.000
2 3 5 208.121 208.121 16.777 16.777 -0.740
3 1 1 133.062 133.062 995.008 995.008 0.000
3 1 2 137.041 137.041 1061.068 1061.068 0.000
3 1 3 141.019 141.019 1129.331 1129.331 0.000
3 1 4 144.997 144.997 1199.802 1199.802 0.000
3 1 5 148.976 148.976 1272.485 1272.485 0.000
3 1 6 151.704 151.704 1323.614 1323.614 0.000
3 1 7 155.682 155.682 1400.040 1400.040 0.000
3 1 8 159.661 159.661 1478.692 1478.692 0.000
3 1 9 163.639 163.639 1559.575 1559.575 0.000
3 1 10 167.617 167.617 1642.694 1642.694 0.000
3 1 11 171.596 171.596 1728.054 1728.054 0.000
3 1 12 175.574 175.574 1815.659 1815.659 0.000
3 1 13 179.553 179.553 1905.514 1905.514 0.000
3 1 14 183.531 183.531 1997.625 1997.625 0.000
3 1 15 187.509 187.509 2091.994 2091.994 0.000
3 1 16 191.488 191.488 2188.629 2188.629 0.000
3 1 17 173.120 173.120 23.326 23.326 0.626
3 1 18 222.035 222.035 28.199 28.199 0.055
3 1 19 184.933 184.933 20.159 20.159 -0.164
3 1 20 192.685 192.685 20.131 20.131 -0.336
3 1 21 240.825 240.825 27.504 27.504 0.180
3 1 22 261.187 261.187 29.521 29.521 0.358
3 1 23 225.136 225.136 21.900 21.900 0.540
3 2 1 139.062 139.062 1095.474 1095.474 0.000
3 2 2 143.139 143.139 1166.603 1166.603 0.000
3 2 3 147.215 147.215 1240.054 1240.054 0.000
3 2 4 151.292 151.292 1315.831 1315.831 0.000
3 2 5 155.369 155.369 1393.940 1393.940 0.000
3 2 6 159.446 159.446 1474.387 1474.387 0.000
3 2 7 163.523 163.523 1557.176 1557.176 0.000
3 2 8 167.599 167.599 1642.313 1642.313 0.000
3 2 9 171.676 171.676 1729.803 1729.803 0.000
3 2 10 175.753 175.753 1819.652 1819.652 0.000
3 2 11 179.830 179.830 1911.863 1911.863 0.000
3 2 12 183.907 183.907 2006.443 2006.443 0.000
3 2 13 187.983 187.983 2103.396 2103.396 0.000
3 2 14 192.060 192.060 2202.727 2202.727 0.000
3 2 15 196.137 196.137 2304.442 2304.442 0.000
3 2 16 200.214 200.214 2408.545 2408.545 0.000
3 2 17 185.242 185.242 52.938 52.938 -0.078
3 2 18 154.196 154.196 36.826 36.826 0.154
3 2 19 208.366 208.366 56.484 56.484 -0.018
3 2 20 208.511 208.511 54.385 54.385 -0.110
3 2 21 129.802 129.802 24.656 24.656 -0.240
3 2 22 180.057 180.057 40.063 40.063 -0.041
3 2 23 163.755 163.755 33.465 33.465 -0.099
3 2 24 175.348 175.348 34.087 34.087 -0.233
3 2 25 167.101 167.101 31.049 31.049 -0.205
3 2 26 190.919 190.919 37.499 37.499 -0.135
3 2 27 170.552 170.552 30.060 30.060 -0.068
3 2 28 158.553 158.553 26.000 26.000 -0.172
3 2 29 134.045 134.045 19.064 19.064 -0.364
3 2 30 257.289 257.289 4119.646 4119.646 0.000
3 2 31 182.658 182.658 29.656 29.656 -0.077
3 2 32 265.443 265.443 4403.227 4403.227 0.000
3 2 33 269.519 269.519 4548.735 4548.735 0.000
3 2 34 273.596 273.596 4696.729 4696.729 0.000
3 2 35 277.673 277.673 4847.216 4847.216 0.000
3 2 36 281.750 281.750 5000.202 5000.202 0.000
3 2 37 285.827 285.827 5155.694 5155.694 0.000
3 2 38 289.903 289.903 5313.698 5313.698 0.000
3 2 39 293.980 293.980 5474.222 5474.222 0.000
3 2 40 298.057 298.057 5637.272 5637.272 0.000
3 2 41 302.134 302.134 5802.856 5802.856 0.000
3 2 42 306.211 306.211 5970.981 5970.981 0.000
3 2 43 310.287 310.287 6141.655 6141.655 0.000
3 2 44 314.364 314.364 6314.886 6314.886 0.000
3 2 45 318.441 318.441 6490.682 6490.682 0.000
3 2 46 322.518 322.518 6669.053 6669.053 0.000
3 2 47 326.595 326.595 6850.006 6850.006 0.000
3 2 48 330.671 330.671 7033.551 7033.551 0.000
3 2 49 220.973 220.973 25.185 25.185 -0.137
3 2 50 195.905 195.905 20.753 20.753 0.109
3 2 51 233.877 233.877 26.567 26.567 -0.172
3 2 52 364.240 364.240 50.312 50.312 -0.101
3 2 53 213.658 213.658 22.311 22.311 -0.188
3 2 54 284.023 284.023 33.652 33.652 0.044
3 2 55 306.845 306.845 36.971 36.971 -0.126
3 2 56 428.463 428.463 61.115 61.115 -0.039
3 2 57 256.997 256.997 27.583 27.583 -0.082
3 2 58 241.313 241.313 24.774 24.774 0.169
3 2 59 303.605 303.605 34.407 34.407 -0.116
3 2 60 424.621 424.621 57.559 57.559 -0.019
3 2 61 265.268 265.268 26.268 26.268 0.401
3 2 62 339.766 339.766 36.789 36.789 0.452
3 3 1 197.625 197.625 16.749 16.749 -1.015
3 3 2 259.251 259.251 26.966 26.966 -0.045
3 3 3 218.275 218.275 20.495 20.495 0.268
3 3 4 290.852 290.852 30.650 30.650 -0.025
3 3 5 253.748 253.748 22.410 22.410 1.087
4 1 1 129.912 129.912 131.217 131.217 -0.087
4 1 2 88.600 88.600 74.992 74.992 -0.665
4 1 3 101.685 101.685 39.499 39.499 0.026
4 1 4 102.868 102.868 32.837 32.837 0.142
4 1 5 77.856 77.856 17.084 17.084 0.270
4 1 6 84.247 84.247 17.756 17.756 -0.314
4 1 7 125.880 125.880 28.667 28.667 -0.055
4 1 8 114.841 114.841 22.688 22.688 0.067
4 1 9 134.212 134.212 24.882 24.882 0.136
4 1 10 137.464 137.464 23.795 23.795 -0.162
4 1 11 89.753 89.753 11.037 11.037 -0.546
4 1 12 166.058 166.058 26.214 26.214 0.288
4 1 13 154.419 154.419 22.266 22.266 -0.061
4 1 14 126.425 126.425 15.096 15.096 0.111
4 1 15 129.678 129.678 14.510 14.510 -0.469
4 1 16 152.367 152.367 16.996 16.996 -0.458
4 1 17 163.082 163.082 18.456 18.456 0.208
4 1 18 199.444 199.444 2388.709 2388.709 0.000
4 1 19 182.033 182.033 19.633 19.633 -0.015
4 1 20 133.593 133.593 11.788 11.788 -0.105
4 1 21 158.628 158.628 14.451 14.451 0.091
4 1 22 199.098 199.098 19.563 19.563 -0.109
4 1 23 197.580 197.580 18.364 18.364 -0.155
4 2 1 145.526 145.526 305.673 305.673 0.047
4 2 2 247.593 247.593 416.069 416.069 0.075
4 2 3 120.524 120.524 122.618 122.618 0.190
4 2 4 112.798 112.798 77.369 77.369 -0.046
4 2 5 150.329 150.329 106.076 106.076 -0.008
4 2 6 146.051 146.051 87.558 87.558 0.136
4 2 7 174.469 174.469 99.612 99.612 0.019
4 2 8 117.478 117.478 49.437 49.437 -0.143
4 2 9 119.504 119.504 46.309 46.309 -0.194
4 2 10 178.780 178.780 78.375 78.375 -0.111
4 2 11 177.522 177.522 73.482 73.482 -0.076
4 2 12 220.933 220.933 93.660 93.660 -0.097
4 2 13 178.755 178.755 62.916 62.916 -0.036
4 2 14 155.877 155.877 48.443 48.443 -0.050
4 2 15 181.724 181.724 57.908 57.908 -0.077
4 2 16 151.111 151.111 40.726 40.726 0.078
4 2 17 173.507 173.507 48.206 48.206 -0.046
4 2 18 156.909 156.909 37.702 37.702 0.181
4 2 19 209.001 209.001 56.897 56.897 0.032
4 2 20 163.981 163.981 37.783 37.783 -0.138
4 2 21 137.876 137.876 27.194 27.194 0.136
4 2 22 187.634 187.634 42.614 42.614 -0.003
4 2 23 209.500 209.500 48.658 48.658 -0.033
4 2 24 191.423 191.423 40.119 40.119 0.024
4 2 25 172.444 172.444 33.171 33.171 -0.041
4 2 26 186.755 186.755 36.520 36.520 -0.043
4 2 27 197.273 197.273 37.173 37.173 -0.114
4 2 28 214.504 214.504 41.423 41.423 -0.010
4 2 29 151.038 151.038 23.350 23.350 -0.084
4 2 30 160.854 160.854 25.176 25.176 0.018
4 2 31 261.366 261.366 4260.199 4260.199 0.000
4 2 32 343.500 343.500 70.293 70.293 0.224
4 2 33 191.408 191.408 29.736 29.736 0.046
4 2 34 276.663 276.663 50.727 50.727 -0.051
4 2 35 334.116 334.116 61.137 61.137 -0.289
4 2 36 253.035 253.035 41.702 41.702 -0.075
4 2 37 352.130 352.130 67.925 67.925 -0.043
4 2 38 339.884 339.884 61.746 61.746 -0.019
4 2 39 279.825 279.825 45.107 45.107 -0.025
4 2 40 296.446 296.446 48.306 48.306 0.119
4 2 41 307.147 307.147 49.379 49.379 0.024
4 2 42 313.355 313.355 49.816 49.816 -0.075
4 2 43 258.024 258.024 36.048 36.048 -0.055
4 2 44 305.272 305.272 45.341 45.341 -0.082
4 2 45 290.765 290.765 41.431 41.431 -0.128
4 2 46 250.423 250.423 32.201 32.201 0.075
4 2 47 259.978 259.978 33.732 33.732 -0.001
4 2 48 427.100 427.100 69.884 69.884 -0.030
4 2 49 192.478 192.478 20.489 20.489 0.213
4 2 50 278.734 278.734 35.205 35.205 0.040
4 2 51 350.577 350.577 49.170 49.170 -0.104
4 2 52 294.193 294.193 36.729 36.729 -0.010
4 2 53 285.258 285.258 34.461 34.461 -0.033
4 2 54 280.172 280.172 32.829 32.829 -0.160
4 2 55 239.538 239.538 25.843 25.843 -0.046
4 2 56 366.469 366.469 47.740 47.740 -0.022
4 2 57 214.786 214.786 20.838 20.838 -0.027
4 2 58 244.908 244.908 25.168 25.168 0.053
4 2 59 232.291 232.291 23.220 23.220 0.022
4 2 60 241.124 241.124 23.917 23.917 -0.099
4 2 61 271.476 271.476 28.409 28.409 -0.072
4 2 62 344.423 344.423 39.979 39.979 0.058
4 3 1 218.151 218.151 2895.085 2895.085 0.000
4 3 2 218.280 218.280 20.837 20.837 -0.015
4 3 3 230.902 230.902 22.433 22.433 -0.171
4 3 4 221.162 221.162 19.525 19.525 -1.020
4 3 5 231.936 231.936 3300.752 3300.752 0.000
5 1 1 123.267 123.267 103.982 103.982 0.157
5 1 2 91.109 91.109 46.216 46.216 -0.383
5 1 3 161.679 161.679 70.918 70.918 0.234
5 1 4 144.997 144.997 1199.802 1199.802 0.000
5 1 5 90.767 90.767 22.007 22.007 -0.075
5 1 6 160.043 160.043 45.887 45.887 -0.418
5 1 7 99.277 99.277 19.853 19.853 0.286
5 1 8 106.218 106.218 20.067 20.067 -0.169
5 1 9 137.819 137.819 26.004 26.004 -0.109
5 1 10 140.676 140.676 24.122 24.122 -0.276
5 1 11 143.889 143.889 23.197 23.197 -0.107
5 1 12 156.088 156.088 24.296 24.296 0.082
5 1 13 170.044 170.044 25.341 25.341 -0.244
5 1 14 128.839 128.839 15.392 15.392 -0.278
5 1 15 199.022 199.022 28.215 28.215 0.317
5 1 16 156.695 156.695 18.199 18.199 -0.963
5 1 17 158.610 158.610 17.439 17.439 -0.358
5 1 18 196.538 196.538 23.240 23.240 -0.146
5 1 19 196.009 196.009 21.889 21.889 0.119
5 1 20 178.949 178.949 18.299 18.299 -0.001
5 1 21 183.895 183.895 18.066 18.066 -0.126
5 1 22 180.220 180.220 16.805 16.805 -0.051
5 1 23 169.713 169.713 14.721 14.721 -0.073
5 2 1 28.442 28.442 53.007 53.007 -0.440
5 2 2 336.380 336.380 910.050 910.050 0.047
5 2 3 150.769 150.769 149.663 149.663 -0.034
5 2 4 130.979 130.979 96.406 96.406 -0.028
5 2 5 109.151 109.151 65.504 65.504 0.026
5 2 6 107.677 107.677 55.328 55.328 -0.186
5 2 7 129.568 129.568 63.211 63.211 -0.047
5 2 8 150.437 150.437 73.642 73.642 -0.020
5 2 9 133.576 133.576 56.465 56.465 -0.076
5 2 10 158.169 158.169 63.504 63.504 -0.151
5 2 11 211.766 211.766 96.004 96.004 -0.065
5 2 12 229.556 229.556 101.292 101.292 -0.022
5 2 13 189.030 189.030 68.035 68.035 0.014
5 2 14 165.802 165.802 53.112 53.112 -0.042
5 2 15 168.780 168.780 52.184 52.184 -0.022
5 2 16 152.570 152.570 40.408 40.408 -0.210
5 2 17 168.178 168.178 46.115 46.115 0.003
5 2 18 139.630 139.630 32.179 32.179 -0.026
5 2 19 167.616 167.616 40.245 40.245 -0.138
5 2 20 184.877 184.877 45.600 45.600 -0.007
5 2 21 125.399 125.399 23.767 23.767 -0.016
5 2 22 152.411 152.411 31.062 31.062 0.098
5 2 23 192.602 192.602 42.859 42.859 0.039
5 2 24 155.557 155.557 28.759 28.759 -0.217
5 2 25 172.162 172.162 32.734 32.734 -0.151
5 2 26 169.819 169.819 31.582 31.582 -0.010
5 2 27 203.972 203.972 39.150 39.150 -0.096
5 2 28 150.960 150.960 23.929 23.929 -0.262
5 2 29 141.683 141.683 21.183 21.183 -0.125
5 2 30 211.074 211.074 37.751 37.751 -0.116
5 2 31 136.869 136.869 19.109 19.109 -0.178
5 2 32 287.964 287.964 56.063 56.063 -0.057
5 2 33 219.757 219.757 36.473 36.473 -0.097
5 2 34 280.001 280.001 51.440 51.440 -0.051
5 2 35 267.638 267.638 46.429 46.429 -0.034
5 2 36 265.764 265.764 44.699 44.699 0.114
5 2 37 274.046 274.046 46.182 46.182 -0.014
5 2 38 357.180 357.180 65.656 65.656 0.091
5 2 39 194.367 194.367 25.933 25.933 0.130
5 2 40 267.416 267.416 41.279 41.279 0.023
5 2 41 259.212 259.212 38.208 38.208 -0.060
5 2 42 238.332 238.332 32.998 32.998 -0.099
5 2 43 233.883 233.883 31.047 31.047 -0.084
5 2 44 300.543 300.543 44.374 44.374 -0.067
5 2 45 251.697 251.697 33.316 33.316 -0.155
5 2 46 233.625 233.625 29.008 29.008 -0.035
5 2 47 235.863 235.863 29.095 29.095 -0.063
5 2 48 292.492 292.492 39.645 39.645 -0.004
5 2 49 226.526 226.526 26.155 26.155 0.065
5 2 50 314.274 314.274 42.257 42.257 -0.017
5 2 51 322.631 322.631 43.247 43.247 -0.057
5 2 52 347.332 347.332 47.073 47.073 0.013
5 2 53 291.442 291.442 35.618 35.618 -0.004
5 2 54 284.799 284.799 33.963 33.963 -0.057
5 2 55 265.418 265.418 29.763 29.763 0.041
5 2 56 206.106 206.106 20.082 20.082 -0.103
5 2 57 207.122 207.122 19.728 19.728 -0.018
5 2 58 235.128 235.128 23.557 23.557 -0.070
5 2 59 203.186 203.186 18.917 18.917 -0.049
5 2 60 293.749 293.749 31.855 31.855 -0.033
5 2 61 229.002 229.002 21.547 21.547 -0.163
5 2 62 299.917 299.917 32.182 32.182 -0.045
5 3 1 199.344 199.344 18.951 18.951 -0.135
5 3 2 218.429 218.429 20.470 20.470 -0.329
5 3 3 237.744 237.744 22.481 22.481 -0.447
5 3 4 449.815 449.815 60.095 60.095 -0.078
5 3 5 256.531 256.531 23.440 23.440 0.798
6 1 1 108.018 108.018 578.616 578.616 -0.781
6 1 2 129.266 129.266 78.697 78.697 -0.148
6 1 3 499.991 499.991 4074.125 4074.125 0.156
6 1 4 117.921 117.921 38.995 38.995 -0.225
6 1 5 115.982 115.982 30.171 30.171 -0.296
6 1 6 99.280 99.280 22.390 22.390 0.403
6 1 7 112.418 112.418 24.161 24.161 -0.088
6 1 8 154.129 154.129 33.119 33.119 -0.391
6 1 9 122.956 122.956 20.893 20.893 -0.414
6 1 10 124.680 124.680 20.712 20.712 -0.098
6 1 11 128.816 128.816 19.694 19.694 -0.033
6 1 12 139.522 139.522 20.455 20.455 -0.117
6 1 13 136.946 136.946 18.255 18.255 -0.382
6 1 14 144.736 144.736 17.948 17.948 0.675
6 1 15 179.753 179.753 24.084 24.084 0.329
6 1 16 164.337 164.337 19.764 19.764 0.050
6 1 17 170.166 170.166 19.112 19.112 -0.478
6 1 18 199.055 199.055 23.733 23.733 -0.131
6 1 19 217.169 217.169 25.514 25.514 -0.270
6 1 20 192.958 192.958 19.986 19.986 -0.360
6 1 21 211.379 211.379 2705.928 2705.928 0.000
6 1 22 174.572 174.572 15.987 15.987 0.222
6 1 23 232.279 232.279 24.162 24.162 -0.081
6 2 1 86.380 86.380 160.921 160.921 0.143
6 2 2 112.939 112.939 116.491 116.491 -0.026
6 2 3 137.422 137.422 133.958 133.958 -0.008
6 2 4 130.314 130.314 127.224 127.224 -0.212
6 2 5 139.447 139.447 91.284 91.284 -0.123
6 2 6 134.003 134.003 74.461 74.461 -0.194
6 2 7 180.659 180.659 103.657 103.657 0.043
6 2 8 122.632 122.632 51.596 51.596 0.205
6 2 9 154.215 154.215 70.536 70.536 0.021
6 2 10 183.867 183.867 82.174 82.174 -0.051
6 2 11 163.183 163.183 64.162 64.162 -0.088
6 2 12 219.882 219.882 90.907 90.907 -0.140
6 2 13 183.250 183.250 64.889 64.889 -0.027
6 2 14 141.998 141.998 41.563 41.563 -0.143
6 2 15 165.655 165.655 50.534 50.534 -0.042
6 2 16 161.583 161.583 45.184 45.184 0.054
6 2 17 153.704 153.704 40.404 40.404 0.003
6 2 18 136.325 136.325 31.004 31.004 -0.052
6 2 19 157.124 157.124 36.192 36.192 -0.200
6 2 20 160.710 160.710 37.014 37.014 0.021
6 2 21 135.372 135.372 26.251 26.251 -0.193
6 2 22 172.122 172.122 37.489 37.489 -0.069
6 2 23 169.084 169.084 35.326 35.326 -0.011
6 2 24 145.194 145.194 26.249 26.249 -0.145
6 2 25 162.737 162.737 30.078 30.078 -0.200
6 2 26 166.353 166.353 30.452 30.452 -0.103
6 2 27 191.110 191.110 35.450 35.450 -0.118
6 2 28 143.821 143.821 22.593 22.593 -0.117
6 2 29 131.451 131.451 18.899 18.899 -0.196
6 2 30 186.806 186.806 31.414 31.414 -0.019
6 2 31 118.737 118.737 15.524 15.524 -0.097
6 2 32 313.786 313.786 63.938 63.938 -0.028
6 2 33 213.205 213.205 34.975 34.975 0.040
6 2 34 312.738 312.738 60.698 60.698 -0.050
6 2 35 247.480 247.480 41.666 41.666 -0.053
6 2 36 255.619 255.619 42.370 42.370 -0.139
6 2 37 231.386 231.386 35.788 35.788 -0.054
6 2 38 316.224 316.224 55.050 55.050 0.045
6 2 39 369.823 369.823 68.998 68.998 0.026
6 2 40 296.829 296.829 48.253 48.253 -0.030
6 2 41 216.391 216.391 28.590 28.590 -0.285
6 2 42 226.981 226.981 30.441 30.441 -0.201
6 2 43 199.346 199.346 24.399 24.399 -0.065
6 2 44 226.326 226.326 29.037 29.037 -0.072
6 2 45 201.191 201.191 24.230 24.230 -0.133
6 2 46 218.990 218.990 26.187 26.187 -0.159
6 2 47 211.337 211.337 25.038 25.038 -0.111
6 2 48 372.925 372.925 57.084 57.084 -0.086
6 2 49 287.883 287.883 37.836 37.836 -0.146
6 2 50 300.970 300.970 38.722 38.722 -0.255
6 2 51 341.580 341.580 47.190 47.190 -0.134
6 2 52 351.364 351.364 47.762 47.762 -0.020
6 2 53 347.412 347.412 45.755 45.755 -0.147
6 2 54 255.383 255.383 28.702 28.702 -0.109
6 2 55 302.288 302.288 35.572 35.572 -0.273
6 2 56 311.033 311.033 37.394 37.394 -0.177
6 2 57 222.195 222.195 21.947 21.947 -0.009
6 2 58 235.573 235.573 23.604 23.604 0.083
6 2 59 276.939 276.939 30.359 30.359 -0.016
6 2 60 305.316 305.316 34.466 34.466 0.089
6 2 61 282.164 282.164 30.443 30.443 -0.002
6 2 62 365.530 365.530 43.938 43.938 0.017
6 3 1 218.151 218.151 2895.085 2895.085 0.000
6 3 2 247.918 247.918 25.004 25.004 -0.180
6 3 3 290.561 290.561 31.389 31.389 -0.121
6 3 4 244.897 244.897 23.330 23.330 0.710
6 3 5 261.135 261.135 24.661 24.661 -0.257
