1 1 1 40.000 0.500 0.000 40.000 0.500 0.000
1 1 2 40.000 0.500 0.000 40.000 0.500 0.000
1 1 3 40.000 0.500 0.000 40.000 0.500 0.000
1 1 4 40.000 0.500 0.000 40.000 0.500 0.000
1 1 5 40.000 0.500 0.000 40.000 0.500 0.000
1 1 6 40.000 0.500 0.000 40.000 0.500 0.000
1 1 7 40.000 0.500 0.000 40.000 0.500 0.000
1 1 8 40.000 0.500 0.000 40.000 0.500 0.000
1 1 9 40.000 0.500 0.000 40.000 0.500 0.000
1 1 10 40.000 0.500 0.000 40.000 0.500 0.000
1 1 11 40.000 0.500 0.000 40.000 0.500 0.000
1 1 12 40.000 0.500 0.000 40.000 0.500 0.000
1 1 13 40.000 0.500 0.000 40.000 0.500 0.000
1 1 14 40.000 0.500 0.000 40.000 0.500 0.000
1 1 15 40.000 0.500 0.000 40.000 0.500 0.000
1 1 16 40.000 0.500 0.000 40.000 0.500 0.000
1 1 17 40.000 0.500 0.000 40.000 0.500 0.000
1 1 18 40.000 0.500 0.000 40.000 0.500 0.000
1 1 19 40.000 0.500 0.000 40.000 0.500 0.000
1 1 20 40.000 0.500 0.000 40.000 0.500 0.000
1 1 21 40.000 0.500 0.000 40.000 0.500 0.000
1 1 22 40.000 0.500 0.000 40.000 0.500 0.000
1 1 23 40.000 0.500 0.000 40.000 0.500 0.000
1 2 1 40.000 0.500 0.000 40.000 0.500 0.000
1 2 2 40.000 0.500 0.000 40.000 0.500 0.000
1 2 3 40.000 0.500 0.000 40.000 0.500 0.000
1 2 4 40.000 0.500 0.000 40.000 0.500 0.000
1 2 5 40.000 0.500 0.000 40.000 0.500 0.000
1 2 6 40.000 0.500 0.000 40.000 0.500 0.000
1 2 7 40.000 0.500 0.000 40.000 0.500 0.000
1 2 8 40.000 0.500 0.000 40.000 0.500 0.000
1 2 9 40.000 0.500 0.000 40.000 0.500 0.000
1 2 10 40.000 0.500 0.000 40.000 0.500 0.000
1 2 11 40.000 0.500 0.000 40.000 0.500 0.000
1 2 12 40.000 0.500 0.000 40.000 0.500 0.000
1 2 13 40.000 0.500 0.000 40.000 0.500 0.000
1 2 14 40.000 0.500 0.000 40.000 0.500 0.000
1 2 15 40.000 0.500 0.000 40.000 0.500 0.000
1 2 16 40.000 0.500 0.000 40.000 0.500 0.000
1 2 17 40.000 0.500 0.000 40.000 0.500 0.000
1 2 18 40.000 0.500 0.000 40.000 0.500 0.000
1 2 19 40.000 0.500 0.000 40.000 0.500 0.000
1 2 20 40.000 0.500 0.000 40.000 0.500 0.000
1 2 21 40.000 0.500 0.000 40.000 0.500 0.000
1 2 22 40.000 0.500 0.000 40.000 0.500 0.000
1 2 23 40.000 0.500 0.000 40.000 0.500 0.000
1 2 24 40.000 0.500 0.000 40.000 0.500 0.000
1 2 25 40.000 0.500 0.000 40.000 0.500 0.000
1 2 26 40.000 0.500 0.000 40.000 0.500 0.000
1 2 27 40.000 0.500 0.000 40.000 0.500 0.000
1 2 28 40.000 0.500 0.000 40.000 0.500 0.000
1 2 29 40.000 0.500 0.000 40.000 0.500 0.000
1 2 30 40.000 0.500 0.000 40.000 0.500 0.000
1 2 31 40.000 0.500 0.000 40.000 0.500 0.000
1 2 32 40.000 0.500 0.000 40.000 0.500 0.000
1 2 33 40.000 0.500 0.000 40.000 0.500 0.000
1 2 34 40.000 0.500 0.000 40.000 0.500 0.000
1 2 35 40.000 0.500 0.000 40.000 0.500 0.000
1 2 36 40.000 0.500 0.000 40.000 0.500 0.000
1 2 37 40.000 0.500 0.000 40.000 0.500 0.000
1 2 38 40.000 0.500 0.000 40.000 0.500 0.000
1 2 39 40.000 0.500 0.000 40.000 0.500 0.000
1 2 40 40.000 0.500 0.000 40.000 0.500 0.000
1 2 41 40.000 0.500 0.000 40.000 0.500 0.000
1 2 42 40.000 0.500 0.000 40.000 0.500 0.000
1 2 43 40.000 0.500 0.000 40.000 0.500 0.000
1 2 44 40.000 0.500 0.000 40.000 0.500 0.000
1 2 45 40.000 0.500 0.000 40.000 0.500 0.000
1 2 46 40.000 0.500 0.000 40.000 0.500 0.000
1 2 47 40.000 0.500 0.000 40.000 0.500 0.000
1 2 48 40.000 0.500 0.000 40.000 0.500 0.000
1 2 49 40.000 0.500 0.000 40.000 0.500 0.000
1 2 50 40.000 0.500 0.000 40.000 0.500 0.000
1 2 51 40.000 0.500 0.000 40.000 0.500 0.000
1 2 52 40.000 0.500 0.000 40.000 0.500 0.000
1 2 53 40.000 0.500 0.000 40.000 0.500 0.000
1 2 54 40.000 0.500 0.000 40.000 0.500 0.000
1 2 55 40.000 0.500 0.000 40.000 0.500 0.000
1 2 56 40.000 0.500 0.000 40.000 0.500 0.000
1 2 57 40.000 0.500 0.000 40.000 0.500 0.000
1 2 58 40.000 0.500 0.000 40.000 0.500 0.000
1 2 59 40.000 0.500 0.000 40.000 0.500 0.000
1 2 60 40.000 0.500 0.000 40.000 0.500 0.000
1 2 61 40.000 0.500 0.000 40.000 0.500 0.000
1 2 62 40.000 0.500 0.000 40.000 0.500 0.000
1 3 1 40.000 0.500 0.000 40.000 0.500 0.000
1 3 2 40.000 0.500 0.000 40.000 0.500 0.000
1 3 3 40.000 0.500 0.000 40.000 0.500 0.000
1 3 4 40.000 0.500 0.000 40.000 0.500 0.000
1 3 5 40.000 0.500 0.000 40.000 0.500 0.000
2 1 1 23.850 0.533 0.000 19.582 0.537 0.000
2 1 2 22.832 0.533 0.000 24.755 0.532 0.000
2 1 3 24.211 0.533 0.000 22.183 0.535 0.000
2 1 4 23.502 0.533 0.000 20.752 0.536 0.000
2 1 5 40.000 0.500 0.000 40.000 0.500 0.000
2 1 6 31.516 0.525 0.000 32.495 0.523 0.000
2 1 7 18.775 0.537 0.000 20.323 0.535 0.000
2 1 8 20.195 0.535 0.000 18.039 0.537 0.000
2 1 9 20.371 0.536 0.000 17.583 0.538 0.000
2 1 10 40.000 0.500 0.000 40.000 0.500 0.000
2 1 11 18.251 0.537 0.000 17.076 0.538 0.000
2 1 12 16.809 0.539 0.000 19.217 0.537 0.000
2 1 13 18.664 0.537 0.000 14.220 0.541 0.000
2 1 14 14.312 0.541 0.000 12.751 0.542 0.000
2 1 15 13.538 0.542 0.000 14.710 0.540 0.000
2 1 16 13.045 0.542 0.000 14.278 0.541 0.000
2 1 17 10.049 0.544 0.000 14.673 0.541 0.000
2 1 18 13.850 0.541 0.000 17.007 0.539 0.000
2 1 19 14.175 0.541 0.000 10.752 0.544 0.000
2 1 20 12.844 0.542 0.000 13.051 0.542 0.000
2 1 21 40.000 0.500 0.000 40.000 0.500 0.000
2 1 22 19.299 0.537 0.000 7.506 0.547 0.000
2 1 23 22.759 0.534 0.000 24.723 0.536 0.000
2 2 1 58.166 0.481 0.000 56.545 0.485 0.000
2 2 2 39.370 0.502 0.000 51.443 0.492 0.000
2 2 3 47.461 0.490 0.000 39.508 0.502 0.000
2 2 4 47.950 0.492 0.000 48.218 0.492 0.000
2 2 5 45.407 0.493 0.000 46.743 0.492 0.000
2 2 6 40.485 0.498 0.000 45.333 0.494 0.000
2 2 7 47.079 0.492 0.000 50.284 0.488 0.000
2 2 8 51.031 0.486 0.000 53.101 0.489 0.000
2 2 9 43.821 0.495 0.000 55.199 0.484 0.000
2 2 10 43.820 0.495 0.000 46.942 0.495 0.000
2 2 11 51.660 0.486 0.000 43.103 0.498 0.000
2 2 12 51.437 0.485 0.000 52.932 0.485 0.000
2 2 13 48.470 0.491 0.000 58.369 0.482 0.000
2 2 14 64.809 0.479 0.000 53.934 0.485 0.000
2 2 15 57.270 0.482 0.000 62.060 0.480 0.000
2 2 16 54.205 0.484 0.000 49.643 0.489 0.000
2 2 17 54.305 0.485 0.000 50.209 0.488 0.000
2 2 18 57.972 0.485 0.000 58.165 0.483 0.000
2 2 19 53.555 0.485 0.000 58.400 0.483 0.000
2 2 20 47.112 0.492 0.000 55.921 0.484 0.000
2 2 21 54.322 0.485 0.000 58.337 0.483 0.000
2 2 22 52.964 0.485 0.000 55.282 0.484 0.000
2 2 23 45.961 0.492 0.000 60.422 0.481 0.000
2 2 24 51.908 0.488 0.000 56.404 0.483 0.000
2 2 25 47.328 0.494 0.000 53.547 0.485 0.000
2 2 26 44.585 0.496 0.000 50.682 0.488 0.000
2 2 27 49.297 0.489 0.000 57.960 0.482 0.000
2 2 28 46.456 0.493 0.000 51.978 0.486 0.000
2 2 29 45.729 0.492 0.000 53.120 0.486 0.000
2 2 30 48.969 0.489 0.000 48.465 0.490 0.000
2 2 31 45.009 0.492 0.000 51.729 0.487 0.000
2 2 32 49.848 0.488 0.000 48.798 0.489 0.000
2 2 33 44.342 0.494 0.000 59.017 0.482 0.000
2 2 34 44.106 0.497 0.000 57.530 0.483 0.000
2 2 35 40.709 0.498 0.000 56.301 0.485 0.000
2 2 36 40.720 0.497 0.000 54.015 0.485 0.000
2 2 37 42.389 0.497 0.000 54.337 0.484 0.000
2 2 38 40.427 0.499 0.000 54.056 0.484 0.000
2 2 39 28.065 0.517 0.000 44.185 0.494 0.000
2 2 40 40.962 0.497 0.000 51.439 0.486 0.000
2 2 41 28.454 0.513 0.000 40.535 0.498 0.000
2 2 42 34.191 0.505 0.000 34.680 0.505 0.000
2 2 43 40.155 0.499 0.000 48.202 0.490 0.000
2 2 44 27.161 0.519 0.000 36.525 0.502 0.000
2 2 45 30.383 0.510 0.000 28.111 0.511 0.000
2 2 46 23.138 0.520 0.000 34.354 0.505 0.000
2 2 47 24.067 0.519 0.000 38.748 0.504 0.000
2 2 48 28.810 0.512 0.000 26.376 0.516 0.000
2 2 49 31.834 0.509 0.000 34.084 0.510 0.000
2 2 50 18.241 0.532 0.000 31.584 0.508 0.000
2 2 51 16.496 0.530 0.000 35.785 0.502 0.000
2 2 52 24.167 0.520 0.000 32.968 0.507 0.000
2 2 53 27.300 0.513 0.000 27.381 0.520 0.000
2 2 54 35.196 0.503 0.000 18.070 0.531 0.000
2 2 55 36.221 0.507 0.000 25.476 0.514 0.000
2 2 56 35.599 0.502 0.000 0.001 0.550 0.000
2 2 57 1.189 0.543 0.000 41.575 0.494 0.000
2 2 58 117.987 0.474 0.000 199.116 0.450 0.000
2 2 59 40.470 0.498 0.000 39.773 0.501 0.000
2 2 60 92.222 0.471 0.000 40.000 0.500 0.000
2 2 61 0.003 0.546 0.000 40.000 0.500 0.000
2 2 62 39.188 0.503 0.000 40.000 0.500 0.000
2 3 1 11.884 0.542 0.000 0.000 0.549 0.000
2 3 2 75.038 0.484 0.000 45.894 0.499 0.000
2 3 3 39.253 0.503 0.000 33.409 0.513 0.000
2 3 4 40.000 0.500 0.000 40.000 0.500 0.000
2 3 5 40.000 0.500 0.000 40.000 0.500 0.000
3 1 1 40.000 0.500 0.000 40.000 0.500 0.000
3 1 2 40.000 0.500 0.000 40.000 0.500 0.000
3 1 3 40.000 0.500 0.000 40.000 0.500 0.000
3 1 4 40.000 0.500 0.000 40.000 0.500 0.000
3 1 5 40.000 0.500 0.000 40.000 0.500 0.000
3 1 6 40.000 0.500 0.000 40.000 0.500 0.000
3 1 7 40.000 0.500 0.000 40.000 0.500 0.000
3 1 8 40.000 0.500 0.000 40.000 0.500 0.000
3 1 9 40.000 0.500 0.000 40.000 0.500 0.000
3 1 10 40.000 0.500 0.000 40.000 0.500 0.000
3 1 11 40.000 0.500 0.000 40.000 0.500 0.000
3 1 12 40.000 0.500 0.000 40.000 0.500 0.000
3 1 13 40.000 0.500 0.000 40.000 0.500 0.000
3 1 14 40.000 0.500 0.000 40.000 0.500 0.000
3 1 15 40.000 0.500 0.000 40.000 0.500 0.000
3 1 16 40.000 0.500 0.000 40.000 0.500 0.000
3 1 17 40.000 0.500 0.000 40.000 0.500 0.000
3 1 18 40.000 0.500 0.000 40.000 0.500 0.000
3 1 19 40.000 0.500 0.000 40.000 0.500 0.000
3 1 20 40.000 0.500 0.000 40.000 0.500 0.000
3 1 21 40.000 0.500 0.000 40.000 0.500 0.000
3 1 22 40.000 0.500 0.000 40.000 0.500 0.000
3 1 23 40.000 0.500 0.000 40.000 0.500 0.000
3 2 1 40.000 0.500 0.000 40.000 0.500 0.000
3 2 2 40.000 0.500 0.000 40.000 0.500 0.000
3 2 3 40.000 0.500 0.000 40.000 0.500 0.000
3 2 4 40.000 0.500 0.000 40.000 0.500 0.000
3 2 5 40.000 0.500 0.000 40.000 0.500 0.000
3 2 6 40.000 0.500 0.000 40.000 0.500 0.000
3 2 7 40.000 0.500 0.000 40.000 0.500 0.000
3 2 8 40.000 0.500 0.000 40.000 0.500 0.000
3 2 9 40.000 0.500 0.000 40.000 0.500 0.000
3 2 10 40.000 0.500 0.000 40.000 0.500 0.000
3 2 11 40.000 0.500 0.000 40.000 0.500 0.000
3 2 12 40.000 0.500 0.000 40.000 0.500 0.000
3 2 13 40.000 0.500 0.000 40.000 0.500 0.000
3 2 14 40.000 0.500 0.000 40.000 0.500 0.000
3 2 15 40.000 0.500 0.000 40.000 0.500 0.000
3 2 16 40.000 0.500 0.000 40.000 0.500 0.000
3 2 17 40.000 0.500 0.000 40.000 0.500 0.000
3 2 18 40.000 0.500 0.000 40.000 0.500 0.000
3 2 19 40.000 0.500 0.000 40.000 0.500 0.000
3 2 20 40.000 0.500 0.000 40.000 0.500 0.000
3 2 21 40.000 0.500 0.000 40.000 0.500 0.000
3 2 22 40.000 0.500 0.000 40.000 0.500 0.000
3 2 23 40.000 0.500 0.000 40.000 0.500 0.000
3 2 24 40.000 0.500 0.000 40.000 0.500 0.000
3 2 25 40.000 0.500 0.000 40.000 0.500 0.000
3 2 26 40.000 0.500 0.000 40.000 0.500 0.000
3 2 27 40.000 0.500 0.000 40.000 0.500 0.000
3 2 28 40.000 0.500 0.000 40.000 0.500 0.000
3 2 29 40.000 0.500 0.000 40.000 0.500 0.000
3 2 30 40.000 0.500 0.000 40.000 0.500 0.000
3 2 31 40.000 0.500 0.000 40.000 0.500 0.000
3 2 32 40.000 0.500 0.000 40.000 0.500 0.000
3 2 33 40.000 0.500 0.000 40.000 0.500 0.000
3 2 34 40.000 0.500 0.000 40.000 0.500 0.000
3 2 35 40.000 0.500 0.000 40.000 0.500 0.000
3 2 36 40.000 0.500 0.000 40.000 0.500 0.000
3 2 37 40.000 0.500 0.000 40.000 0.500 0.000
3 2 38 40.000 0.500 0.000 40.000 0.500 0.000
3 2 39 40.000 0.500 0.000 40.000 0.500 0.000
3 2 40 40.000 0.500 0.000 40.000 0.500 0.000
3 2 41 40.000 0.500 0.000 40.000 0.500 0.000
3 2 42 40.000 0.500 0.000 40.000 0.500 0.000
3 2 43 40.000 0.500 0.000 40.000 0.500 0.000
3 2 44 40.000 0.500 0.000 40.000 0.500 0.000
3 2 45 40.000 0.500 0.000 40.000 0.500 0.000
3 2 46 40.000 0.500 0.000 40.000 0.500 0.000
3 2 47 40.000 0.500 0.000 40.000 0.500 0.000
3 2 48 40.000 0.500 0.000 40.000 0.500 0.000
3 2 49 40.000 0.500 0.000 40.000 0.500 0.000
3 2 50 40.000 0.500 0.000 40.000 0.500 0.000
3 2 51 40.000 0.500 0.000 40.000 0.500 0.000
3 2 52 40.000 0.500 0.000 40.000 0.500 0.000
3 2 53 40.000 0.500 0.000 40.000 0.500 0.000
3 2 54 40.000 0.500 0.000 40.000 0.500 0.000
3 2 55 40.000 0.500 0.000 40.000 0.500 0.000
3 2 56 40.000 0.500 0.000 40.000 0.500 0.000
3 2 57 40.000 0.500 0.000 40.000 0.500 0.000
3 2 58 40.000 0.500 0.000 40.000 0.500 0.000
3 2 59 40.000 0.500 0.000 40.000 0.500 0.000
3 2 60 40.000 0.500 0.000 40.000 0.500 0.000
3 2 61 40.000 0.500 0.000 40.000 0.500 0.000
3 2 62 40.000 0.500 0.000 40.000 0.500 0.000
3 3 1 40.000 0.500 0.000 40.000 0.500 0.000
3 3 2 40.000 0.500 0.000 40.000 0.500 0.000
3 3 3 40.000 0.500 0.000 40.000 0.500 0.000
3 3 4 40.000 0.500 0.000 40.000 0.500 0.000
3 3 5 40.000 0.500 0.000 40.000 0.500 0.000
4 1 1 40.000 0.500 0.000 40.000 0.500 0.000
4 1 2 40.000 0.500 0.000 40.000 0.500 0.000
4 1 3 40.000 0.500 0.000 40.000 0.500 0.000
4 1 4 40.000 0.500 0.000 40.000 0.500 0.000
4 1 5 40.000 0.500 0.000 40.000 0.500 0.000
4 1 6 40.000 0.500 0.000 40.000 0.500 0.000
4 1 7 40.000 0.500 0.000 40.000 0.500 0.000
4 1 8 40.000 0.500 0.000 40.000 0.500 0.000
4 1 9 40.000 0.500 0.000 40.000 0.500 0.000
4 1 10 40.000 0.500 0.000 40.000 0.500 0.000
4 1 11 40.000 0.500 0.000 40.000 0.500 0.000
4 1 12 40.000 0.500 0.000 40.000 0.500 0.000
4 1 13 40.000 0.500 0.000 40.000 0.500 0.000
4 1 14 40.000 0.500 0.000 40.000 0.500 0.000
4 1 15 40.000 0.500 0.000 40.000 0.500 0.000
4 1 16 40.000 0.500 0.000 40.000 0.500 0.000
4 1 17 40.000 0.500 0.000 40.000 0.500 0.000
4 1 18 40.000 0.500 0.000 40.000 0.500 0.000
4 1 19 40.000 0.500 0.000 40.000 0.500 0.000
4 1 20 40.000 0.500 0.000 40.000 0.500 0.000
4 1 21 40.000 0.500 0.000 40.000 0.500 0.000
4 1 22 40.000 0.500 0.000 40.000 0.500 0.000
4 1 23 40.000 0.500 0.000 40.000 0.500 0.000
4 2 1 40.000 0.500 0.000 40.000 0.500 0.000
4 2 2 40.000 0.500 0.000 40.000 0.500 0.000
4 2 3 40.000 0.500 0.000 40.000 0.500 0.000
4 2 4 40.000 0.500 0.000 40.000 0.500 0.000
4 2 5 40.000 0.500 0.000 40.000 0.500 0.000
4 2 6 40.000 0.500 0.000 40.000 0.500 0.000
4 2 7 40.000 0.500 0.000 40.000 0.500 0.000
4 2 8 40.000 0.500 0.000 40.000 0.500 0.000
4 2 9 40.000 0.500 0.000 40.000 0.500 0.000
4 2 10 40.000 0.500 0.000 40.000 0.500 0.000
4 2 11 40.000 0.500 0.000 40.000 0.500 0.000
4 2 12 40.000 0.500 0.000 40.000 0.500 0.000
4 2 13 40.000 0.500 0.000 40.000 0.500 0.000
4 2 14 40.000 0.500 0.000 40.000 0.500 0.000
4 2 15 40.000 0.500 0.000 40.000 0.500 0.000
4 2 16 40.000 0.500 0.000 40.000 0.500 0.000
4 2 17 40.000 0.500 0.000 40.000 0.500 0.000
4 2 18 40.000 0.500 0.000 40.000 0.500 0.000
4 2 19 40.000 0.500 0.000 40.000 0.500 0.000
4 2 20 40.000 0.500 0.000 40.000 0.500 0.000
4 2 21 40.000 0.500 0.000 40.000 0.500 0.000
4 2 22 40.000 0.500 0.000 40.000 0.500 0.000
4 2 23 40.000 0.500 0.000 40.000 0.500 0.000
4 2 24 40.000 0.500 0.000 40.000 0.500 0.000
4 2 25 40.000 0.500 0.000 40.000 0.500 0.000
4 2 26 40.000 0.500 0.000 40.000 0.500 0.000
4 2 27 40.000 0.500 0.000 40.000 0.500 0.000
4 2 28 40.000 0.500 0.000 40.000 0.500 0.000
4 2 29 40.000 0.500 0.000 40.000 0.500 0.000
4 2 30 40.000 0.500 0.000 40.000 0.500 0.000
4 2 31 40.000 0.500 0.000 40.000 0.500 0.000
4 2 32 40.000 0.500 0.000 40.000 0.500 0.000
4 2 33 40.000 0.500 0.000 40.000 0.500 0.000
4 2 34 40.000 0.500 0.000 40.000 0.500 0.000
4 2 35 40.000 0.500 0.000 40.000 0.500 0.000
4 2 36 40.000 0.500 0.000 40.000 0.500 0.000
4 2 37 40.000 0.500 0.000 40.000 0.500 0.000
4 2 38 40.000 0.500 0.000 40.000 0.500 0.000
4 2 39 40.000 0.500 0.000 40.000 0.500 0.000
4 2 40 40.000 0.500 0.000 40.000 0.500 0.000
4 2 41 40.000 0.500 0.000 40.000 0.500 0.000
4 2 42 40.000 0.500 0.000 40.000 0.500 0.000
4 2 43 40.000 0.500 0.000 40.000 0.500 0.000
4 2 44 40.000 0.500 0.000 40.000 0.500 0.000
4 2 45 40.000 0.500 0.000 40.000 0.500 0.000
4 2 46 40.000 0.500 0.000 40.000 0.500 0.000
4 2 47 40.000 0.500 0.000 40.000 0.500 0.000
4 2 48 40.000 0.500 0.000 40.000 0.500 0.000
4 2 49 40.000 0.500 0.000 40.000 0.500 0.000
4 2 50 40.000 0.500 0.000 40.000 0.500 0.000
4 2 51 40.000 0.500 0.000 40.000 0.500 0.000
4 2 52 40.000 0.500 0.000 40.000 0.500 0.000
4 2 53 40.000 0.500 0.000 40.000 0.500 0.000
4 2 54 40.000 0.500 0.000 40.000 0.500 0.000
4 2 55 40.000 0.500 0.000 40.000 0.500 0.000
4 2 56 40.000 0.500 0.000 40.000 0.500 0.000
4 2 57 40.000 0.500 0.000 40.000 0.500 0.000
4 2 58 40.000 0.500 0.000 40.000 0.500 0.000
4 2 59 40.000 0.500 0.000 40.000 0.500 0.000
4 2 60 40.000 0.500 0.000 40.000 0.500 0.000
4 2 61 40.000 0.500 0.000 40.000 0.500 0.000
4 2 62 40.000 0.500 0.000 40.000 0.500 0.000
4 3 1 40.000 0.500 0.000 40.000 0.500 0.000
4 3 2 40.000 0.500 0.000 40.000 0.500 0.000
4 3 3 40.000 0.500 0.000 40.000 0.500 0.000
4 3 4 40.000 0.500 0.000 40.000 0.500 0.000
4 3 5 40.000 0.500 0.000 40.000 0.500 0.000
5 1 1 40.000 0.500 0.000 40.000 0.500 0.000
5 1 2 40.000 0.500 0.000 40.000 0.500 0.000
5 1 3 40.000 0.500 0.000 40.000 0.500 0.000
5 1 4 40.000 0.500 0.000 40.000 0.500 0.000
5 1 5 40.000 0.500 0.000 40.000 0.500 0.000
5 1 6 40.000 0.500 0.000 40.000 0.500 0.000
5 1 7 40.000 0.500 0.000 40.000 0.500 0.000
5 1 8 40.000 0.500 0.000 40.000 0.500 0.000
5 1 9 40.000 0.500 0.000 40.000 0.500 0.000
5 1 10 40.000 0.500 0.000 40.000 0.500 0.000
5 1 11 40.000 0.500 0.000 40.000 0.500 0.000
5 1 12 40.000 0.500 0.000 40.000 0.500 0.000
5 1 13 40.000 0.500 0.000 40.000 0.500 0.000
5 1 14 40.000 0.500 0.000 40.000 0.500 0.000
5 1 15 40.000 0.500 0.000 40.000 0.500 0.000
5 1 16 40.000 0.500 0.000 40.000 0.500 0.000
5 1 17 40.000 0.500 0.000 40.000 0.500 0.000
5 1 18 40.000 0.500 0.000 40.000 0.500 0.000
5 1 19 40.000 0.500 0.000 40.000 0.500 0.000
5 1 20 40.000 0.500 0.000 40.000 0.500 0.000
5 1 21 40.000 0.500 0.000 40.000 0.500 0.000
5 1 22 40.000 0.500 0.000 40.000 0.500 0.000
5 1 23 40.000 0.500 0.000 40.000 0.500 0.000
5 2 1 40.000 0.500 0.000 40.000 0.500 0.000
5 2 2 40.000 0.500 0.000 40.000 0.500 0.000
5 2 3 40.000 0.500 0.000 40.000 0.500 0.000
5 2 4 40.000 0.500 0.000 40.000 0.500 0.000
5 2 5 40.000 0.500 0.000 40.000 0.500 0.000
5 2 6 40.000 0.500 0.000 40.000 0.500 0.000
5 2 7 40.000 0.500 0.000 40.000 0.500 0.000
5 2 8 40.000 0.500 0.000 40.000 0.500 0.000
5 2 9 40.000 0.500 0.000 40.000 0.500 0.000
5 2 10 40.000 0.500 0.000 40.000 0.500 0.000
5 2 11 40.000 0.500 0.000 40.000 0.500 0.000
5 2 12 40.000 0.500 0.000 40.000 0.500 0.000
5 2 13 40.000 0.500 0.000 40.000 0.500 0.000
5 2 14 40.000 0.500 0.000 40.000 0.500 0.000
5 2 15 40.000 0.500 0.000 40.000 0.500 0.000
5 2 16 40.000 0.500 0.000 40.000 0.500 0.000
5 2 17 40.000 0.500 0.000 40.000 0.500 0.000
5 2 18 40.000 0.500 0.000 40.000 0.500 0.000
5 2 19 40.000 0.500 0.000 40.000 0.500 0.000
5 2 20 40.000 0.500 0.000 40.000 0.500 0.000
5 2 21 40.000 0.500 0.000 40.000 0.500 0.000
5 2 22 40.000 0.500 0.000 40.000 0.500 0.000
5 2 23 40.000 0.500 0.000 40.000 0.500 0.000
5 2 24 40.000 0.500 0.000 40.000 0.500 0.000
5 2 25 40.000 0.500 0.000 40.000 0.500 0.000
5 2 26 40.000 0.500 0.000 40.000 0.500 0.000
5 2 27 40.000 0.500 0.000 40.000 0.500 0.000
5 2 28 40.000 0.500 0.000 40.000 0.500 0.000
5 2 29 40.000 0.500 0.000 40.000 0.500 0.000
5 2 30 40.000 0.500 0.000 40.000 0.500 0.000
5 2 31 40.000 0.500 0.000 40.000 0.500 0.000
5 2 32 40.000 0.500 0.000 40.000 0.500 0.000
5 2 33 40.000 0.500 0.000 40.000 0.500 0.000
5 2 34 40.000 0.500 0.000 40.000 0.500 0.000
5 2 35 40.000 0.500 0.000 40.000 0.500 0.000
5 2 36 40.000 0.500 0.000 40.000 0.500 0.000
5 2 37 40.000 0.500 0.000 40.000 0.500 0.000
5 2 38 40.000 0.500 0.000 40.000 0.500 0.000
5 2 39 40.000 0.500 0.000 40.000 0.500 0.000
5 2 40 40.000 0.500 0.000 40.000 0.500 0.000
5 2 41 40.000 0.500 0.000 40.000 0.500 0.000
5 2 42 40.000 0.500 0.000 40.000 0.500 0.000
5 2 43 40.000 0.500 0.000 40.000 0.500 0.000
5 2 44 40.000 0.500 0.000 40.000 0.500 0.000
5 2 45 40.000 0.500 0.000 40.000 0.500 0.000
5 2 46 40.000 0.500 0.000 40.000 0.500 0.000
5 2 47 40.000 0.500 0.000 40.000 0.500 0.000
5 2 48 40.000 0.500 0.000 40.000 0.500 0.000
5 2 49 40.000 0.500 0.000 40.000 0.500 0.000
5 2 50 40.000 0.500 0.000 40.000 0.500 0.000
5 2 51 40.000 0.500 0.000 40.000 0.500 0.000
5 2 52 40.000 0.500 0.000 40.000 0.500 0.000
5 2 53 40.000 0.500 0.000 40.000 0.500 0.000
5 2 54 40.000 0.500 0.000 40.000 0.500 0.000
5 2 55 40.000 0.500 0.000 40.000 0.500 0.000
5 2 56 40.000 0.500 0.000 40.000 0.500 0.000
5 2 57 40.000 0.500 0.000 40.000 0.500 0.000
5 2 58 40.000 0.500 0.000 40.000 0.500 0.000
5 2 59 40.000 0.500 0.000 40.000 0.500 0.000
5 2 60 40.000 0.500 0.000 40.000 0.500 0.000
5 2 61 40.000 0.500 0.000 40.000 0.500 0.000
5 2 62 40.000 0.500 0.000 40.000 0.500 0.000
5 3 1 40.000 0.500 0.000 40.000 0.500 0.000
5 3 2 40.000 0.500 0.000 40.000 0.500 0.000
5 3 3 40.000 0.500 0.000 40.000 0.500 0.000
5 3 4 40.000 0.500 0.000 40.000 0.500 0.000
5 3 5 40.000 0.500 0.000 40.000 0.500 0.000
6 1 1 40.000 0.500 0.000 40.000 0.500 0.000
6 1 2 40.000 0.500 0.000 40.000 0.500 0.000
6 1 3 40.000 0.500 0.000 40.000 0.500 0.000
6 1 4 40.000 0.500 0.000 40.000 0.500 0.000
6 1 5 40.000 0.500 0.000 40.000 0.500 0.000
6 1 6 40.000 0.500 0.000 40.000 0.500 0.000
6 1 7 40.000 0.500 0.000 40.000 0.500 0.000
6 1 8 40.000 0.500 0.000 40.000 0.500 0.000
6 1 9 40.000 0.500 0.000 40.000 0.500 0.000
6 1 10 40.000 0.500 0.000 40.000 0.500 0.000
6 1 11 40.000 0.500 0.000 40.000 0.500 0.000
6 1 12 40.000 0.500 0.000 40.000 0.500 0.000
6 1 13 40.000 0.500 0.000 40.000 0.500 0.000
6 1 14 40.000 0.500 0.000 40.000 0.500 0.000
6 1 15 40.000 0.500 0.000 40.000 0.500 0.000
6 1 16 40.000 0.500 0.000 40.000 0.500 0.000
6 1 17 40.000 0.500 0.000 40.000 0.500 0.000
6 1 18 40.000 0.500 0.000 40.000 0.500 0.000
6 1 19 40.000 0.500 0.000 40.000 0.500 0.000
6 1 20 40.000 0.500 0.000 40.000 0.500 0.000
6 1 21 40.000 0.500 0.000 40.000 0.500 0.000
6 1 22 40.000 0.500 0.000 40.000 0.500 0.000
6 1 23 40.000 0.500 0.000 40.000 0.500 0.000
6 2 1 40.000 0.500 0.000 40.000 0.500 0.000
6 2 2 40.000 0.500 0.000 40.000 0.500 0.000
6 2 3 40.000 0.500 0.000 40.000 0.500 0.000
6 2 4 40.000 0.500 0.000 40.000 0.500 0.000
6 2 5 40.000 0.500 0.000 40.000 0.500 0.000
6 2 6 40.000 0.500 0.000 40.000 0.500 0.000
6 2 7 40.000 0.500 0.000 40.000 0.500 0.000
6 2 8 40.000 0.500 0.000 40.000 0.500 0.000
6 2 9 40.000 0.500 0.000 40.000 0.500 0.000
6 2 10 40.000 0.500 0.000 40.000 0.500 0.000
6 2 11 40.000 0.500 0.000 40.000 0.500 0.000
6 2 12 40.000 0.500 0.000 40.000 0.500 0.000
6 2 13 40.000 0.500 0.000 40.000 0.500 0.000
6 2 14 40.000 0.500 0.000 40.000 0.500 0.000
6 2 15 40.000 0.500 0.000 40.000 0.500 0.000
6 2 16 40.000 0.500 0.000 40.000 0.500 0.000
6 2 17 40.000 0.500 0.000 40.000 0.500 0.000
6 2 18 40.000 0.500 0.000 40.000 0.500 0.000
6 2 19 40.000 0.500 0.000 40.000 0.500 0.000
6 2 20 40.000 0.500 0.000 40.000 0.500 0.000
6 2 21 40.000 0.500 0.000 40.000 0.500 0.000
6 2 22 40.000 0.500 0.000 40.000 0.500 0.000
6 2 23 40.000 0.500 0.000 40.000 0.500 0.000
6 2 24 40.000 0.500 0.000 40.000 0.500 0.000
6 2 25 40.000 0.500 0.000 40.000 0.500 0.000
6 2 26 40.000 0.500 0.000 40.000 0.500 0.000
6 2 27 40.000 0.500 0.000 40.000 0.500 0.000
6 2 28 40.000 0.500 0.000 40.000 0.500 0.000
6 2 29 40.000 0.500 0.000 40.000 0.500 0.000
6 2 30 40.000 0.500 0.000 40.000 0.500 0.000
6 2 31 40.000 0.500 0.000 40.000 0.500 0.000
6 2 32 40.000 0.500 0.000 40.000 0.500 0.000
6 2 33 40.000 0.500 0.000 40.000 0.500 0.000
6 2 34 40.000 0.500 0.000 40.000 0.500 0.000
6 2 35 40.000 0.500 0.000 40.000 0.500 0.000
6 2 36 40.000 0.500 0.000 40.000 0.500 0.000
6 2 37 40.000 0.500 0.000 40.000 0.500 0.000
6 2 38 40.000 0.500 0.000 40.000 0.500 0.000
6 2 39 40.000 0.500 0.000 40.000 0.500 0.000
6 2 40 40.000 0.500 0.000 40.000 0.500 0.000
6 2 41 40.000 0.500 0.000 40.000 0.500 0.000
6 2 42 40.000 0.500 0.000 40.000 0.500 0.000
6 2 43 40.000 0.500 0.000 40.000 0.500 0.000
6 2 44 40.000 0.500 0.000 40.000 0.500 0.000
6 2 45 40.000 0.500 0.000 40.000 0.500 0.000
6 2 46 40.000 0.500 0.000 40.000 0.500 0.000
6 2 47 40.000 0.500 0.000 40.000 0.500 0.000
6 2 48 40.000 0.500 0.000 40.000 0.500 0.000
6 2 49 40.000 0.500 0.000 40.000 0.500 0.000
6 2 50 40.000 0.500 0.000 40.000 0.500 0.000
6 2 51 40.000 0.500 0.000 40.000 0.500 0.000
6 2 52 40.000 0.500 0.000 40.000 0.500 0.000
6 2 53 40.000 0.500 0.000 40.000 0.500 0.000
6 2 54 40.000 0.500 0.000 40.000 0.500 0.000
6 2 55 40.000 0.500 0.000 40.000 0.500 0.000
6 2 56 40.000 0.500 0.000 40.000 0.500 0.000
6 2 57 40.000 0.500 0.000 40.000 0.500 0.000
6 2 58 40.000 0.500 0.000 40.000 0.500 0.000
6 2 59 40.000 0.500 0.000 40.000 0.500 0.000
6 2 60 40.000 0.500 0.000 40.000 0.500 0.000
6 2 61 40.000 0.500 0.000 40.000 0.500 0.000
6 2 62 40.000 0.500 0.000 40.000 0.500 0.000
6 3 1 40.000 0.500 0.000 40.000 0.500 0.000
6 3 2 40.000 0.500 0.000 40.000 0.500 0.000
6 3 3 40.000 0.500 0.000 40.000 0.500 0.000
6 3 4 40.000 0.500 0.000 40.000 0.500 0.000
6 3 5 40.000 0.500 0.000 40.000 0.500 0.000
