1 1 1 133.062 133.062 995.008 995.008 0.000
1 1 2 137.041 137.041 1061.068 1061.068 0.000
1 1 3 141.019 141.019 1129.331 1129.331 0.000
1 1 4 144.997 144.997 1199.802 1199.802 0.000
1 1 5 148.976 148.976 1272.485 1272.485 0.000
1 1 6 151.704 151.704 1323.614 1323.614 0.000
1 1 7 155.682 155.682 1400.040 1400.040 0.000
1 1 8 159.661 159.661 1478.692 1478.692 0.000
1 1 9 163.639 163.639 1559.575 1559.575 0.000
1 1 10 167.617 167.617 1642.694 1642.694 0.000
1 1 11 171.596 171.596 1728.054 1728.054 0.000
1 1 12 175.574 175.574 1815.659 1815.659 0.000
1 1 13 179.553 179.553 1905.514 1905.514 0.000
1 1 14 183.531 183.531 1997.625 1997.625 0.000
1 1 15 187.509 187.509 2091.994 2091.994 0.000
1 1 16 191.488 191.488 2188.629 2188.629 0.000
1 1 17 195.466 195.466 2287.532 2287.532 0.000
1 1 18 199.444 199.444 2388.709 2388.709 0.000
1 1 19 203.423 203.423 2492.164 2492.164 0.000
1 1 20 207.401 207.401 2597.902 2597.902 0.000
1 1 21 211.379 211.379 2705.928 2705.928 0.000
1 1 22 215.358 215.358 2816.246 2816.246 0.000
1 1 23 219.336 219.336 2928.862 2928.862 0.000
1 2 1 139.062 139.062 1095.474 1095.474 0.000
1 2 2 143.139 143.139 1166.603 1166.603 0.000
1 2 3 147.215 147.215 1240.054 1240.054 0.000
1 2 4 151.292 151.292 1315.831 1315.831 0.000
1 2 5 155.369 155.369 1393.940 1393.940 0.000
1 2 6 159.446 159.446 1474.387 1474.387 0.000
1 2 7 163.523 163.523 1557.176 1557.176 0.000
1 2 8 167.599 167.599 1642.313 1642.313 0.000
1 2 9 171.676 171.676 1729.803 1729.803 0.000
1 2 10 175.753 175.753 1819.652 1819.652 0.000
1 2 11 179.830 179.830 1911.863 1911.863 0.000
1 2 12 183.907 183.907 2006.443 2006.443 0.000
1 2 13 187.983 187.983 2103.396 2103.396 0.000
1 2 14 192.060 192.060 2202.727 2202.727 0.000
1 2 15 196.137 196.137 2304.442 2304.442 0.000
1 2 16 200.214 200.214 2408.545 2408.545 0.000
1 2 17 204.291 204.291 2515.041 2515.041 0.000
1 2 18 208.367 208.367 2623.936 2623.936 0.000
1 2 19 212.444 212.444 2735.234 2735.234 0.000
1 2 20 216.521 216.521 2848.942 2848.942 0.000
1 2 21 220.598 220.598 2965.063 2965.063 0.000
1 2 22 224.675 224.675 3083.602 3083.602 0.000
1 2 23 228.751 228.751 3204.567 3204.567 0.000
1 2 24 232.828 232.828 3327.960 3327.960 0.000
1 2 25 236.905 236.905 3453.789 3453.789 0.000
1 2 26 240.982 240.982 3582.058 3582.058 0.000
1 2 27 245.059 245.059 3712.772 3712.772 0.000
1 2 28 249.135 249.135 3845.938 3845.938 0.000
1 2 29 253.212 253.212 3981.561 3981.561 0.000
1 2 30 257.289 257.289 4119.646 4119.646 0.000
1 2 31 261.366 261.366 4260.199 4260.199 0.000
1 2 32 265.443 265.443 4403.227 4403.227 0.000
1 2 33 269.519 269.519 4548.735 4548.735 0.000
1 2 34 273.596 273.596 4696.729 4696.729 0.000
1 2 35 277.673 277.673 4847.216 4847.216 0.000
1 2 36 281.750 281.750 5000.202 5000.202 0.000
1 2 37 285.827 285.827 5155.694 5155.694 0.000
1 2 38 289.903 289.903 5313.698 5313.698 0.000
1 2 39 293.980 293.980 5474.222 5474.222 0.000
1 2 40 298.057 298.057 5637.272 5637.272 0.000
1 2 41 302.134 302.134 5802.856 5802.856 0.000
1 2 42 306.211 306.211 5970.981 5970.981 0.000
1 2 43 310.287 310.287 6141.655 6141.655 0.000
1 2 44 314.364 314.364 6314.886 6314.886 0.000
1 2 45 318.441 318.441 6490.682 6490.682 0.000
1 2 46 322.518 322.518 6669.053 6669.053 0.000
1 2 47 326.595 326.595 6850.006 6850.006 0.000
1 2 48 330.671 330.671 7033.551 7033.551 0.000
1 2 49 334.748 334.748 7219.699 7219.699 0.000
1 2 50 338.825 338.825 7408.458 7408.458 0.000
1 2 51 342.902 342.902 7599.839 7599.839 0.000
1 2 52 346.979 346.979 7793.853 7793.853 0.000
1 2 53 351.055 351.055 7990.513 7990.513 0.000
1 2 54 355.132 355.132 8189.829 8189.829 0.000
1 2 55 359.209 359.209 8391.815 8391.815 0.000
1 2 56 363.286 363.286 8596.484 8596.484 0.000
1 2 57 367.363 367.363 8803.850 8803.850 0.000
1 2 58 371.439 371.439 9013.929 9013.929 0.000
1 2 59 375.516 375.516 9226.735 9226.735 0.000
1 2 60 379.593 379.593 9442.287 9442.287 0.000
1 2 61 383.670 383.670 9660.601 9660.601 0.000
1 2 62 387.747 387.747 9881.699 9881.699 0.000
1 3 1 218.151 218.151 2895.085 2895.085 0.000
1 3 2 221.598 221.598 2993.904 2993.904 0.000
1 3 3 225.044 225.044 3094.453 3094.453 0.000
1 3 4 228.490 228.490 3196.735 3196.735 0.000
1 3 5 231.936 231.936 3300.752 3300.752 0.000
2 1 1 74.734 74.734 120.411 120.411 0.565
2 1 2 112.001 112.001 60.113 60.113 -0.185
2 1 3 77.227 77.227 25.208 25.208 -0.211
2 1 4 112.867 112.867 35.559 35.559 0.280
2 1 5 148.976 148.976 1272.485 1272.485 0.000
2 1 6 362.567 362.567 11510.697 11510.697 2.623
2 1 7 126.818 126.818 29.036 29.036 0.001
2 1 8 131.961 131.961 27.654 27.654 0.128
2 1 9 135.419 135.419 25.302 25.302 -0.072
2 1 10 167.617 167.617 1642.694 1642.694 0.000
2 1 11 145.633 145.633 23.516 23.516 -0.142
2 1 12 99.949 99.949 12.304 12.304 -0.275
2 1 13 140.898 140.898 19.385 19.385 -0.094
2 1 14 140.433 140.433 17.353 17.353 -0.340
2 1 15 136.401 136.401 16.002 16.002 -0.155
2 1 16 148.271 148.271 16.835 16.835 -0.141
2 1 17 147.136 147.136 15.063 15.063 -0.582
2 1 18 196.288 196.288 23.319 23.319 0.034
2 1 19 383.406 383.406 74.901 74.901 0.894
2 1 20 176.599 176.599 17.818 17.818 -0.217
2 1 21 211.379 211.379 2705.928 2705.928 0.000
2 1 22 213.516 213.516 23.326 23.326 -0.116
2 1 23 209.043 209.043 23.597 23.597 0.140
2 2 1 46.313 46.313 64.298 64.298 0.309
2 2 2 190.130 190.130 261.958 261.958 -0.040
2 2 3 183.379 183.379 203.582 203.582 -0.010
2 2 4 107.955 107.955 62.976 62.976 -0.218
2 2 5 145.557 145.557 97.990 97.990 0.080
2 2 6 169.819 169.819 103.775 103.775 0.117
2 2 7 160.567 160.567 82.363 82.363 -0.125
2 2 8 134.231 134.231 61.693 61.693 0.033
2 2 9 147.428 147.428 58.417 58.417 -0.344
2 2 10 201.249 201.249 86.237 86.237 -0.152
2 2 11 189.091 189.091 78.795 78.795 -0.081
2 2 12 206.774 206.774 85.461 85.461 -0.075
2 2 13 171.313 171.313 58.220 58.220 0.063
2 2 14 144.949 144.949 43.404 43.404 0.048
2 2 15 159.448 159.448 47.834 47.834 -0.012
2 2 16 177.811 177.811 51.775 51.775 -0.085
2 2 17 187.643 187.643 53.852 53.852 -0.083
2 2 18 137.906 137.906 31.598 31.598 0.006
2 2 19 138.307 138.307 30.576 30.576 -0.007
2 2 20 176.250 176.250 42.344 42.344 -0.050
2 2 21 142.728 142.728 28.861 28.861 0.012
2 2 22 189.483 189.483 43.190 43.190 0.019
2 2 23 171.894 171.894 36.156 36.156 -0.019
2 2 24 147.700 147.700 27.082 27.082 0.027
2 2 25 174.275 174.275 33.695 33.695 -0.047
2 2 26 179.713 179.713 34.268 34.268 -0.066
2 2 27 215.015 215.015 41.835 41.835 -0.164
2 2 28 189.485 189.485 34.262 34.262 -0.058
2 2 29 166.825 166.825 26.891 26.891 -0.164
2 2 30 168.099 168.099 26.513 26.513 -0.181
2 2 31 139.478 139.478 19.782 19.782 -0.050
2 2 32 250.835 250.835 44.709 44.709 -0.154
2 2 33 236.800 236.800 40.886 40.886 -0.016
2 2 34 289.842 289.842 54.172 54.172 -0.013
2 2 35 279.308 279.308 49.159 49.159 -0.093
2 2 36 238.006 238.006 38.056 38.056 -0.058
2 2 37 255.233 255.233 41.537 41.537 -0.025
2 2 38 321.449 321.449 56.203 56.203 -0.079
2 2 39 211.111 211.111 28.714 28.714 -0.264
2 2 40 228.477 228.477 32.040 32.040 -0.187
2 2 41 275.450 275.450 41.081 41.081 -0.174
2 2 42 237.745 237.745 32.894 32.894 -0.062
2 2 43 208.359 208.359 24.215 24.215 -0.562
2 2 44 282.613 282.613 40.337 40.337 -0.106
2 2 45 242.081 242.081 31.362 31.362 -0.141
2 2 46 256.696 256.696 33.325 33.325 -0.100
2 2 47 272.105 272.105 35.980 35.980 -0.092
2 2 48 286.031 286.031 37.333 37.333 -0.256
2 2 49 285.778 285.778 37.199 37.199 -0.110
2 2 50 313.390 313.390 42.011 42.011 -0.120
2 2 51 350.453 350.453 49.075 49.075 -0.054
2 2 52 325.265 325.265 42.685 42.685 -0.147
2 2 53 328.860 328.860 42.457 42.457 -0.091
2 2 54 354.912 354.912 47.341 47.341 0.009
2 2 55 282.572 282.572 33.912 33.912 0.040
2 2 56 384.303 384.303 53.137 53.137 -0.036
2 2 57 322.586 322.586 41.212 41.212 -0.061
2 2 58 238.166 238.166 28.071 28.071 -0.123
2 2 59 277.344 277.344 34.555 34.555 -0.166
2 2 60 290.370 290.370 35.954 35.954 -0.094
2 2 61 397.025 397.025 57.625 57.625 -0.263
2 2 62 343.386 343.386 47.825 47.825 0.054
2 3 1 217.799 217.799 24.475 24.475 -0.703
2 3 2 275.106 275.106 32.104 32.104 0.028
2 3 3 269.343 269.343 29.528 29.528 -0.183
2 3 4 228.490 228.490 3196.735 3196.735 0.000
2 3 5 270.267 270.267 28.595 28.595 -0.489
3 1 1 133.062 133.062 995.008 995.008 0.000
3 1 2 137.041 137.041 1061.068 1061.068 0.000
3 1 3 141.019 141.019 1129.331 1129.331 0.000
3 1 4 144.997 144.997 1199.802 1199.802 0.000
3 1 5 148.976 148.976 1272.485 1272.485 0.000
3 1 6 151.704 151.704 1323.614 1323.614 0.000
3 1 7 155.682 155.682 1400.040 1400.040 0.000
3 1 8 159.661 159.661 1478.692 1478.692 0.000
3 1 9 163.639 163.639 1559.575 1559.575 0.000
3 1 10 167.617 167.617 1642.694 1642.694 0.000
3 1 11 171.596 171.596 1728.054 1728.054 0.000
3 1 12 175.574 175.574 1815.659 1815.659 0.000
3 1 13 179.553 179.553 1905.514 1905.514 0.000
3 1 14 183.531 183.531 1997.625 1997.625 0.000
3 1 15 187.509 187.509 2091.994 2091.994 0.000
3 1 16 191.488 191.488 2188.629 2188.629 0.000
3 1 17 195.466 195.466 2287.532 2287.532 0.000
3 1 18 199.444 199.444 2388.709 2388.709 0.000
3 1 19 203.423 203.423 2492.164 2492.164 0.000
3 1 20 207.401 207.401 2597.902 2597.902 0.000
3 1 21 211.379 211.379 2705.928 2705.928 0.000
3 1 22 215.358 215.358 2816.246 2816.246 0.000
3 1 23 219.336 219.336 2928.862 2928.862 0.000
3 2 1 139.062 139.062 1095.474 1095.474 0.000
3 2 2 143.139 143.139 1166.603 1166.603 0.000
3 2 3 147.215 147.215 1240.054 1240.054 0.000
3 2 4 151.292 151.292 1315.831 1315.831 0.000
3 2 5 155.369 155.369 1393.940 1393.940 0.000
3 2 6 159.446 159.446 1474.387 1474.387 0.000
3 2 7 163.523 163.523 1557.176 1557.176 0.000
3 2 8 167.599 167.599 1642.313 1642.313 0.000
3 2 9 171.676 171.676 1729.803 1729.803 0.000
3 2 10 175.753 175.753 1819.652 1819.652 0.000
3 2 11 179.830 179.830 1911.863 1911.863 0.000
3 2 12 183.907 183.907 2006.443 2006.443 0.000
3 2 13 187.983 187.983 2103.396 2103.396 0.000
3 2 14 192.060 192.060 2202.727 2202.727 0.000
3 2 15 196.137 196.137 2304.442 2304.442 0.000
3 2 16 200.214 200.214 2408.545 2408.545 0.000
3 2 17 204.291 204.291 2515.041 2515.041 0.000
3 2 18 208.367 208.367 2623.936 2623.936 0.000
3 2 19 212.444 212.444 2735.234 2735.234 0.000
3 2 20 216.521 216.521 2848.942 2848.942 0.000
3 2 21 220.598 220.598 2965.063 2965.063 0.000
3 2 22 224.675 224.675 3083.602 3083.602 0.000
3 2 23 228.751 228.751 3204.567 3204.567 0.000
3 2 24 232.828 232.828 3327.960 3327.960 0.000
3 2 25 236.905 236.905 3453.789 3453.789 0.000
3 2 26 240.982 240.982 3582.058 3582.058 0.000
3 2 27 245.059 245.059 3712.772 3712.772 0.000
3 2 28 249.135 249.135 3845.938 3845.938 0.000
3 2 29 253.212 253.212 3981.561 3981.561 0.000
3 2 30 257.289 257.289 4119.646 4119.646 0.000
3 2 31 261.366 261.366 4260.199 4260.199 0.000
3 2 32 265.443 265.443 4403.227 4403.227 0.000
3 2 33 269.519 269.519 4548.735 4548.735 0.000
3 2 34 273.596 273.596 4696.729 4696.729 0.000
3 2 35 277.673 277.673 4847.216 4847.216 0.000
3 2 36 281.750 281.750 5000.202 5000.202 0.000
3 2 37 285.827 285.827 5155.694 5155.694 0.000
3 2 38 289.903 289.903 5313.698 5313.698 0.000
3 2 39 293.980 293.980 5474.222 5474.222 0.000
3 2 40 298.057 298.057 5637.272 5637.272 0.000
3 2 41 302.134 302.134 5802.856 5802.856 0.000
3 2 42 306.211 306.211 5970.981 5970.981 0.000
3 2 43 310.287 310.287 6141.655 6141.655 0.000
3 2 44 314.364 314.364 6314.886 6314.886 0.000
3 2 45 318.441 318.441 6490.682 6490.682 0.000
3 2 46 322.518 322.518 6669.053 6669.053 0.000
3 2 47 326.595 326.595 6850.006 6850.006 0.000
3 2 48 330.671 330.671 7033.551 7033.551 0.000
3 2 49 334.748 334.748 7219.699 7219.699 0.000
3 2 50 338.825 338.825 7408.458 7408.458 0.000
3 2 51 342.902 342.902 7599.839 7599.839 0.000
3 2 52 346.979 346.979 7793.853 7793.853 0.000
3 2 53 351.055 351.055 7990.513 7990.513 0.000
3 2 54 355.132 355.132 8189.829 8189.829 0.000
3 2 55 359.209 359.209 8391.815 8391.815 0.000
3 2 56 363.286 363.286 8596.484 8596.484 0.000
3 2 57 367.363 367.363 8803.850 8803.850 0.000
3 2 58 371.439 371.439 9013.929 9013.929 0.000
3 2 59 375.516 375.516 9226.735 9226.735 0.000
3 2 60 379.593 379.593 9442.287 9442.287 0.000
3 2 61 383.670 383.670 9660.601 9660.601 0.000
3 2 62 387.747 387.747 9881.699 9881.699 0.000
3 3 1 218.151 218.151 2895.085 2895.085 0.000
3 3 2 221.598 221.598 2993.904 2993.904 0.000
3 3 3 225.044 225.044 3094.453 3094.453 0.000
3 3 4 228.490 228.490 3196.735 3196.735 0.000
3 3 5 231.936 231.936 3300.752 3300.752 0.000
4 1 1 133.062 133.062 995.008 995.008 0.000
4 1 2 137.041 137.041 1061.068 1061.068 0.000
4 1 3 141.019 141.019 1129.331 1129.331 0.000
4 1 4 144.997 144.997 1199.802 1199.802 0.000
4 1 5 148.976 148.976 1272.485 1272.485 0.000
4 1 6 151.704 151.704 1323.614 1323.614 0.000
4 1 7 155.682 155.682 1400.040 1400.040 0.000
4 1 8 159.661 159.661 1478.692 1478.692 0.000
4 1 9 163.639 163.639 1559.575 1559.575 0.000
4 1 10 167.617 167.617 1642.694 1642.694 0.000
4 1 11 171.596 171.596 1728.054 1728.054 0.000
4 1 12 175.574 175.574 1815.659 1815.659 0.000
4 1 13 179.553 179.553 1905.514 1905.514 0.000
4 1 14 183.531 183.531 1997.625 1997.625 0.000
4 1 15 187.509 187.509 2091.994 2091.994 0.000
4 1 16 191.488 191.488 2188.629 2188.629 0.000
4 1 17 195.466 195.466 2287.532 2287.532 0.000
4 1 18 199.444 199.444 2388.709 2388.709 0.000
4 1 19 203.423 203.423 2492.164 2492.164 0.000
4 1 20 207.401 207.401 2597.902 2597.902 0.000
4 1 21 211.379 211.379 2705.928 2705.928 0.000
4 1 22 215.358 215.358 2816.246 2816.246 0.000
4 1 23 219.336 219.336 2928.862 2928.862 0.000
4 2 1 139.062 139.062 1095.474 1095.474 0.000
4 2 2 143.139 143.139 1166.603 1166.603 0.000
4 2 3 147.215 147.215 1240.054 1240.054 0.000
4 2 4 151.292 151.292 1315.831 1315.831 0.000
4 2 5 155.369 155.369 1393.940 1393.940 0.000
4 2 6 159.446 159.446 1474.387 1474.387 0.000
4 2 7 163.523 163.523 1557.176 1557.176 0.000
4 2 8 167.599 167.599 1642.313 1642.313 0.000
4 2 9 171.676 171.676 1729.803 1729.803 0.000
4 2 10 175.753 175.753 1819.652 1819.652 0.000
4 2 11 179.830 179.830 1911.863 1911.863 0.000
4 2 12 183.907 183.907 2006.443 2006.443 0.000
4 2 13 187.983 187.983 2103.396 2103.396 0.000
4 2 14 192.060 192.060 2202.727 2202.727 0.000
4 2 15 196.137 196.137 2304.442 2304.442 0.000
4 2 16 200.214 200.214 2408.545 2408.545 0.000
4 2 17 204.291 204.291 2515.041 2515.041 0.000
4 2 18 208.367 208.367 2623.936 2623.936 0.000
4 2 19 212.444 212.444 2735.234 2735.234 0.000
4 2 20 216.521 216.521 2848.942 2848.942 0.000
4 2 21 220.598 220.598 2965.063 2965.063 0.000
4 2 22 224.675 224.675 3083.602 3083.602 0.000
4 2 23 228.751 228.751 3204.567 3204.567 0.000
4 2 24 232.828 232.828 3327.960 3327.960 0.000
4 2 25 236.905 236.905 3453.789 3453.789 0.000
4 2 26 240.982 240.982 3582.058 3582.058 0.000
4 2 27 245.059 245.059 3712.772 3712.772 0.000
4 2 28 249.135 249.135 3845.938 3845.938 0.000
4 2 29 253.212 253.212 3981.561 3981.561 0.000
4 2 30 257.289 257.289 4119.646 4119.646 0.000
4 2 31 261.366 261.366 4260.199 4260.199 0.000
4 2 32 265.443 265.443 4403.227 4403.227 0.000
4 2 33 269.519 269.519 4548.735 4548.735 0.000
4 2 34 273.596 273.596 4696.729 4696.729 0.000
4 2 35 277.673 277.673 4847.216 4847.216 0.000
4 2 36 281.750 281.750 5000.202 5000.202 0.000
4 2 37 285.827 285.827 5155.694 5155.694 0.000
4 2 38 289.903 289.903 5313.698 5313.698 0.000
4 2 39 293.980 293.980 5474.222 5474.222 0.000
4 2 40 298.057 298.057 5637.272 5637.272 0.000
4 2 41 302.134 302.134 5802.856 5802.856 0.000
4 2 42 306.211 306.211 5970.981 5970.981 0.000
4 2 43 310.287 310.287 6141.655 6141.655 0.000
4 2 44 314.364 314.364 6314.886 6314.886 0.000
4 2 45 318.441 318.441 6490.682 6490.682 0.000
4 2 46 322.518 322.518 6669.053 6669.053 0.000
4 2 47 326.595 326.595 6850.006 6850.006 0.000
4 2 48 330.671 330.671 7033.551 7033.551 0.000
4 2 49 334.748 334.748 7219.699 7219.699 0.000
4 2 50 338.825 338.825 7408.458 7408.458 0.000
4 2 51 342.902 342.902 7599.839 7599.839 0.000
4 2 52 346.979 346.979 7793.853 7793.853 0.000
4 2 53 351.055 351.055 7990.513 7990.513 0.000
4 2 54 355.132 355.132 8189.829 8189.829 0.000
4 2 55 359.209 359.209 8391.815 8391.815 0.000
4 2 56 363.286 363.286 8596.484 8596.484 0.000
4 2 57 367.363 367.363 8803.850 8803.850 0.000
4 2 58 371.439 371.439 9013.929 9013.929 0.000
4 2 59 375.516 375.516 9226.735 9226.735 0.000
4 2 60 379.593 379.593 9442.287 9442.287 0.000
4 2 61 383.670 383.670 9660.601 9660.601 0.000
4 2 62 387.747 387.747 9881.699 9881.699 0.000
4 3 1 218.151 218.151 2895.085 2895.085 0.000
4 3 2 221.598 221.598 2993.904 2993.904 0.000
4 3 3 225.044 225.044 3094.453 3094.453 0.000
4 3 4 228.490 228.490 3196.735 3196.735 0.000
4 3 5 231.936 231.936 3300.752 3300.752 0.000
5 1 1 133.062 133.062 995.008 995.008 0.000
5 1 2 137.041 137.041 1061.068 1061.068 0.000
5 1 3 141.019 141.019 1129.331 1129.331 0.000
5 1 4 144.997 144.997 1199.802 1199.802 0.000
5 1 5 148.976 148.976 1272.485 1272.485 0.000
5 1 6 151.704 151.704 1323.614 1323.614 0.000
5 1 7 155.682 155.682 1400.040 1400.040 0.000
5 1 8 159.661 159.661 1478.692 1478.692 0.000
5 1 9 163.639 163.639 1559.575 1559.575 0.000
5 1 10 167.617 167.617 1642.694 1642.694 0.000
5 1 11 171.596 171.596 1728.054 1728.054 0.000
5 1 12 175.574 175.574 1815.659 1815.659 0.000
5 1 13 179.553 179.553 1905.514 1905.514 0.000
5 1 14 183.531 183.531 1997.625 1997.625 0.000
5 1 15 187.509 187.509 2091.994 2091.994 0.000
5 1 16 191.488 191.488 2188.629 2188.629 0.000
5 1 17 195.466 195.466 2287.532 2287.532 0.000
5 1 18 199.444 199.444 2388.709 2388.709 0.000
5 1 19 203.423 203.423 2492.164 2492.164 0.000
5 1 20 207.401 207.401 2597.902 2597.902 0.000
5 1 21 211.379 211.379 2705.928 2705.928 0.000
5 1 22 215.358 215.358 2816.246 2816.246 0.000
5 1 23 219.336 219.336 2928.862 2928.862 0.000
5 2 1 139.062 139.062 1095.474 1095.474 0.000
5 2 2 143.139 143.139 1166.603 1166.603 0.000
5 2 3 147.215 147.215 1240.054 1240.054 0.000
5 2 4 151.292 151.292 1315.831 1315.831 0.000
5 2 5 155.369 155.369 1393.940 1393.940 0.000
5 2 6 159.446 159.446 1474.387 1474.387 0.000
5 2 7 163.523 163.523 1557.176 1557.176 0.000
5 2 8 167.599 167.599 1642.313 1642.313 0.000
5 2 9 171.676 171.676 1729.803 1729.803 0.000
5 2 10 175.753 175.753 1819.652 1819.652 0.000
5 2 11 179.830 179.830 1911.863 1911.863 0.000
5 2 12 183.907 183.907 2006.443 2006.443 0.000
5 2 13 187.983 187.983 2103.396 2103.396 0.000
5 2 14 192.060 192.060 2202.727 2202.727 0.000
5 2 15 196.137 196.137 2304.442 2304.442 0.000
5 2 16 200.214 200.214 2408.545 2408.545 0.000
5 2 17 204.291 204.291 2515.041 2515.041 0.000
5 2 18 208.367 208.367 2623.936 2623.936 0.000
5 2 19 212.444 212.444 2735.234 2735.234 0.000
5 2 20 216.521 216.521 2848.942 2848.942 0.000
5 2 21 220.598 220.598 2965.063 2965.063 0.000
5 2 22 224.675 224.675 3083.602 3083.602 0.000
5 2 23 228.751 228.751 3204.567 3204.567 0.000
5 2 24 232.828 232.828 3327.960 3327.960 0.000
5 2 25 236.905 236.905 3453.789 3453.789 0.000
5 2 26 240.982 240.982 3582.058 3582.058 0.000
5 2 27 245.059 245.059 3712.772 3712.772 0.000
5 2 28 249.135 249.135 3845.938 3845.938 0.000
5 2 29 253.212 253.212 3981.561 3981.561 0.000
5 2 30 257.289 257.289 4119.646 4119.646 0.000
5 2 31 261.366 261.366 4260.199 4260.199 0.000
5 2 32 265.443 265.443 4403.227 4403.227 0.000
5 2 33 269.519 269.519 4548.735 4548.735 0.000
5 2 34 273.596 273.596 4696.729 4696.729 0.000
5 2 35 277.673 277.673 4847.216 4847.216 0.000
5 2 36 281.750 281.750 5000.202 5000.202 0.000
5 2 37 285.827 285.827 5155.694 5155.694 0.000
5 2 38 289.903 289.903 5313.698 5313.698 0.000
5 2 39 293.980 293.980 5474.222 5474.222 0.000
5 2 40 298.057 298.057 5637.272 5637.272 0.000
5 2 41 302.134 302.134 5802.856 5802.856 0.000
5 2 42 306.211 306.211 5970.981 5970.981 0.000
5 2 43 310.287 310.287 6141.655 6141.655 0.000
5 2 44 314.364 314.364 6314.886 6314.886 0.000
5 2 45 318.441 318.441 6490.682 6490.682 0.000
5 2 46 322.518 322.518 6669.053 6669.053 0.000
5 2 47 326.595 326.595 6850.006 6850.006 0.000
5 2 48 330.671 330.671 7033.551 7033.551 0.000
5 2 49 334.748 334.748 7219.699 7219.699 0.000
5 2 50 338.825 338.825 7408.458 7408.458 0.000
5 2 51 342.902 342.902 7599.839 7599.839 0.000
5 2 52 346.979 346.979 7793.853 7793.853 0.000
5 2 53 351.055 351.055 7990.513 7990.513 0.000
5 2 54 355.132 355.132 8189.829 8189.829 0.000
5 2 55 359.209 359.209 8391.815 8391.815 0.000
5 2 56 363.286 363.286 8596.484 8596.484 0.000
5 2 57 367.363 367.363 8803.850 8803.850 0.000
5 2 58 371.439 371.439 9013.929 9013.929 0.000
5 2 59 375.516 375.516 9226.735 9226.735 0.000
5 2 60 379.593 379.593 9442.287 9442.287 0.000
5 2 61 383.670 383.670 9660.601 9660.601 0.000
5 2 62 387.747 387.747 9881.699 9881.699 0.000
5 3 1 218.151 218.151 2895.085 2895.085 0.000
5 3 2 221.598 221.598 2993.904 2993.904 0.000
5 3 3 225.044 225.044 3094.453 3094.453 0.000
5 3 4 228.490 228.490 3196.735 3196.735 0.000
5 3 5 231.936 231.936 3300.752 3300.752 0.000
6 1 1 133.062 133.062 995.008 995.008 0.000
6 1 2 137.041 137.041 1061.068 1061.068 0.000
6 1 3 141.019 141.019 1129.331 1129.331 0.000
6 1 4 144.997 144.997 1199.802 1199.802 0.000
6 1 5 148.976 148.976 1272.485 1272.485 0.000
6 1 6 151.704 151.704 1323.614 1323.614 0.000
6 1 7 155.682 155.682 1400.040 1400.040 0.000
6 1 8 159.661 159.661 1478.692 1478.692 0.000
6 1 9 163.639 163.639 1559.575 1559.575 0.000
6 1 10 167.617 167.617 1642.694 1642.694 0.000
6 1 11 171.596 171.596 1728.054 1728.054 0.000
6 1 12 175.574 175.574 1815.659 1815.659 0.000
6 1 13 179.553 179.553 1905.514 1905.514 0.000
6 1 14 183.531 183.531 1997.625 1997.625 0.000
6 1 15 187.509 187.509 2091.994 2091.994 0.000
6 1 16 191.488 191.488 2188.629 2188.629 0.000
6 1 17 195.466 195.466 2287.532 2287.532 0.000
6 1 18 199.444 199.444 2388.709 2388.709 0.000
6 1 19 203.423 203.423 2492.164 2492.164 0.000
6 1 20 207.401 207.401 2597.902 2597.902 0.000
6 1 21 211.379 211.379 2705.928 2705.928 0.000
6 1 22 215.358 215.358 2816.246 2816.246 0.000
6 1 23 219.336 219.336 2928.862 2928.862 0.000
6 2 1 139.062 139.062 1095.474 1095.474 0.000
6 2 2 143.139 143.139 1166.603 1166.603 0.000
6 2 3 147.215 147.215 1240.054 1240.054 0.000
6 2 4 151.292 151.292 1315.831 1315.831 0.000
6 2 5 155.369 155.369 1393.940 1393.940 0.000
6 2 6 159.446 159.446 1474.387 1474.387 0.000
6 2 7 163.523 163.523 1557.176 1557.176 0.000
6 2 8 167.599 167.599 1642.313 1642.313 0.000
6 2 9 171.676 171.676 1729.803 1729.803 0.000
6 2 10 175.753 175.753 1819.652 1819.652 0.000
6 2 11 179.830 179.830 1911.863 1911.863 0.000
6 2 12 183.907 183.907 2006.443 2006.443 0.000
6 2 13 187.983 187.983 2103.396 2103.396 0.000
6 2 14 192.060 192.060 2202.727 2202.727 0.000
6 2 15 196.137 196.137 2304.442 2304.442 0.000
6 2 16 200.214 200.214 2408.545 2408.545 0.000
6 2 17 204.291 204.291 2515.041 2515.041 0.000
6 2 18 208.367 208.367 2623.936 2623.936 0.000
6 2 19 212.444 212.444 2735.234 2735.234 0.000
6 2 20 216.521 216.521 2848.942 2848.942 0.000
6 2 21 220.598 220.598 2965.063 2965.063 0.000
6 2 22 224.675 224.675 3083.602 3083.602 0.000
6 2 23 228.751 228.751 3204.567 3204.567 0.000
6 2 24 232.828 232.828 3327.960 3327.960 0.000
6 2 25 236.905 236.905 3453.789 3453.789 0.000
6 2 26 240.982 240.982 3582.058 3582.058 0.000
6 2 27 245.059 245.059 3712.772 3712.772 0.000
6 2 28 249.135 249.135 3845.938 3845.938 0.000
6 2 29 253.212 253.212 3981.561 3981.561 0.000
6 2 30 257.289 257.289 4119.646 4119.646 0.000
6 2 31 261.366 261.366 4260.199 4260.199 0.000
6 2 32 265.443 265.443 4403.227 4403.227 0.000
6 2 33 269.519 269.519 4548.735 4548.735 0.000
6 2 34 273.596 273.596 4696.729 4696.729 0.000
6 2 35 277.673 277.673 4847.216 4847.216 0.000
6 2 36 281.750 281.750 5000.202 5000.202 0.000
6 2 37 285.827 285.827 5155.694 5155.694 0.000
6 2 38 289.903 289.903 5313.698 5313.698 0.000
6 2 39 293.980 293.980 5474.222 5474.222 0.000
6 2 40 298.057 298.057 5637.272 5637.272 0.000
6 2 41 302.134 302.134 5802.856 5802.856 0.000
6 2 42 306.211 306.211 5970.981 5970.981 0.000
6 2 43 310.287 310.287 6141.655 6141.655 0.000
6 2 44 314.364 314.364 6314.886 6314.886 0.000
6 2 45 318.441 318.441 6490.682 6490.682 0.000
6 2 46 322.518 322.518 6669.053 6669.053 0.000
6 2 47 326.595 326.595 6850.006 6850.006 0.000
6 2 48 330.671 330.671 7033.551 7033.551 0.000
6 2 49 334.748 334.748 7219.699 7219.699 0.000
6 2 50 338.825 338.825 7408.458 7408.458 0.000
6 2 51 342.902 342.902 7599.839 7599.839 0.000
6 2 52 346.979 346.979 7793.853 7793.853 0.000
6 2 53 351.055 351.055 7990.513 7990.513 0.000
6 2 54 355.132 355.132 8189.829 8189.829 0.000
6 2 55 359.209 359.209 8391.815 8391.815 0.000
6 2 56 363.286 363.286 8596.484 8596.484 0.000
6 2 57 367.363 367.363 8803.850 8803.850 0.000
6 2 58 371.439 371.439 9013.929 9013.929 0.000
6 2 59 375.516 375.516 9226.735 9226.735 0.000
6 2 60 379.593 379.593 9442.287 9442.287 0.000
6 2 61 383.670 383.670 9660.601 9660.601 0.000
6 2 62 387.747 387.747 9881.699 9881.699 0.000
6 3 1 218.151 218.151 2895.085 2895.085 0.000
6 3 2 221.598 221.598 2993.904 2993.904 0.000
6 3 3 225.044 225.044 3094.453 3094.453 0.000
6 3 4 228.490 228.490 3196.735 3196.735 0.000
6 3 5 231.936 231.936 3300.752 3300.752 0.000
