  1   1   1   8.444572e+02    8.444572e+02    1.162379e+01    1.162379e+01    -5.945946e-03    7.264013e-03  
  1   1   2   8.324710e+02    8.324710e+02    1.272621e+01    1.272621e+01    2.140468e-03    1.295322e-02  
  1   1   3   8.589780e+02    8.589780e+02    1.779598e+01    1.779598e+01    -5.222552e-03    1.134153e-02  
  1   1   4   8.328470e+02    8.328470e+02    1.933322e+01    1.933322e+01    4.025157e-03    1.605180e-02  
  1   1   5   8.210285e+02    8.210285e+02    1.358850e+01    1.358850e+01    -9.085174e-03    1.679307e-02  
  1   1   6   8.252819e+02    8.252819e+02    1.745299e+01    1.745299e+01    -3.522936e-02    2.080602e-02  
  1   1   7   7.764523e+02    7.764523e+02    2.774338e+01    2.774338e+01    -1.842105e-02    2.845500e-02  
  1   1   8   7.914225e+02    7.914225e+02    1.596698e+01    1.596698e+01    2.896552e-02    2.449153e-02  
  1   1   9   7.687499e+02    7.687499e+02    2.411801e+01    2.411801e+01    9.008043e-03    2.431766e-02  
  1   1  10   7.881886e+02    7.881886e+02    8.066362e+00    8.066362e+00    4.418605e-02    3.037450e-02  
  1   1  11   1.075052e+02    1.075052e+02    1.414214e+00    1.414214e+00    -3.272727e-02    2.137382e-02  
  1   1  12   8.008541e+02    8.008541e+02    9.580929e+00    9.580929e+00    2.332481e-02    3.644727e-02  
  1   1  13   7.604583e+02    7.604583e+02    1.661756e+01    1.661756e+01    1.793407e-02    2.785642e-02  
  1   1  14   7.928671e+02    7.928671e+02    9.492406e+00    9.492406e+00    7.352298e-03    4.239366e-02  
  1   1  15   7.937059e+02    7.937059e+02    1.927012e+01    1.927012e+01    -1.614035e-02    4.015875e-02  
  1   1  16   7.751996e+02    7.751996e+02    2.332275e+01    2.332275e+01    2.376238e-02    4.401162e-02  
  1   1  17   8.117705e+02    8.117705e+02    2.095281e+01    2.095281e+01    -5.322176e-02    2.924249e-02  
  1   1  18   7.701947e+02    7.701947e+02    1.710590e+01    1.710590e+01    2.831858e-02    4.170963e-02  
  1   1  19   7.893391e+02    7.893391e+02    1.365691e+03    1.365691e+03    3.363265e-02    3.087977e-02  
  1   1  20   8.415194e+02    8.415194e+02    2.110963e+01    2.110963e+01    -4.611973e-03    3.995647e-02  
  1   1  21   8.465711e+02    8.465711e+02    4.766737e+01    4.766737e+01    3.002375e-02    2.854093e-02  
  1   1  22   9.500000e+02    9.500000e+02    2.946104e+01    2.946104e+01    4.378517e-02    5.269500e-02  
  1   1  23   8.259724e+02    8.259724e+02    3.138414e+01    3.138414e+01    8.443272e-03    3.506994e-02  
  1   2   1   1.601783e+03    1.601783e+03    6.702922e+01    6.702922e+01    1.585586e-02    9.766753e-03  
  1   2   2   2.023655e+03    2.023655e+03    2.425741e+01    2.425741e+01    2.480620e-03    9.279061e-03  
  1   2   3   2.048671e+03    2.048671e+03    2.832104e+01    2.832104e+01    3.018868e-03    1.078859e-02  
  1   2   4   2.002972e+03    2.002972e+03    4.738097e+01    4.738097e+01    -1.060773e-02    1.101269e-02  
  1   2   5   1.333333e+01    1.333333e+01    1.414214e+00    1.414214e+00    0.000000e+00    0.000000e+00  
  1   2   6   7.728432e+02    7.728432e+02    2.641550e+03    2.641550e+03    -1.217391e-02    1.388407e-02  
  1   2   7   -7.299716e+02    -7.299716e+02    3.336955e+02    3.336955e+02    -3.497268e-03    1.126182e-02  
  1   2   8   2.033420e+03    2.033420e+03    3.737843e+01    3.737843e+01    1.512438e-02    1.537790e-02  
  1   2   9   1.910330e+03    1.910330e+03    1.334357e+02    1.334357e+02    -1.237113e-02    1.673719e-02  
  1   2  10   2.092614e+03    2.092614e+03    6.730797e+01    6.730797e+01    9.320388e-03    1.307305e-02  
  1   2  11   2.145855e+03    2.145855e+03    1.893632e+02    1.893632e+02    1.133845e-16    1.914421e-02  
  1   2  12   2.012932e+03    2.012932e+03    3.467395e+01    3.467395e+01    -1.717073e-02    1.520728e-02  
  1   2  13   1.920875e+03    1.920875e+03    5.284649e+01    5.284649e+01    2.264151e-03    1.503683e-02  
  1   2  14   1.566628e+03    1.566628e+03    4.997926e+02    4.997926e+02    -1.632653e-03    2.128687e-02  
  1   2  15   1.989260e+03    1.989260e+03    1.948712e+01    1.948712e+01    -1.126761e-02    2.108570e-02  
  1   2  16   1.978325e+03    1.978325e+03    3.368026e+01    3.368026e+01    -1.407407e-02    2.250839e-02  
  1   2  17   1.984198e+03    1.984198e+03    5.471483e+01    5.471483e+01    -4.968037e-02    2.121096e-02  
  1   2  18   1.718780e+03    1.718780e+03    1.096180e+02    1.096180e+02    1.125628e-02    3.062689e-02  
  1   2  19   1.836619e+03    1.836619e+03    2.185349e+02    2.185349e+02    -2.099548e-02    2.371739e-02  
  1   2  20   1.906978e+03    1.906978e+03    1.211388e+02    1.211388e+02    2.640777e-02    2.419500e-02  
  1   2  21   1.862931e+03    1.862931e+03    3.438587e+01    3.438587e+01    1.614870e-16    2.239244e-02  
  1   2  22   -9.929719e+02    -9.929719e+02    3.770715e+02    3.770715e+02    2.810811e-02    3.329502e-02  
  1   2  23   1.960830e+03    1.960830e+03    7.640081e+01    7.640081e+01    3.855422e-03    1.794435e-02  
  1   2  24   2.023971e+03    2.023971e+03    4.263968e+01    4.263968e+01    6.033898e-02    2.521666e-02  
  1   2  25   1.954219e+03    1.954219e+03    4.240881e+01    4.240881e+01    -1.391304e-02    2.703449e-02  
  1   2  26   1.897672e+03    1.897672e+03    3.418729e+01    3.418729e+01    3.371648e-02    3.249279e-02  
  1   2  27   1.897008e+03    1.897008e+03    3.881923e+01    3.881923e+01    8.590604e-03    2.881947e-02  
  1   2  28   1.806754e+03    1.806754e+03    3.718937e+01    3.718937e+01    -6.365591e-02    3.951814e-02  
  1   2  29   1.928723e+03    1.928723e+03    4.925079e+01    4.925079e+01    -2.176471e-02    1.876800e-02  
  1   2  30   1.876077e+03    1.876077e+03    3.310321e+01    3.310321e+01    -1.023569e-02    2.158774e-02  
  1   2  31   1.918663e+03    1.918663e+03    3.061895e+01    3.061895e+01    -7.542088e-03    2.402001e-02  
  1   2  32   1.862825e+03    1.862825e+03    3.965462e+01    3.965462e+01    1.282051e-02    2.283633e-02  
  1   2  33   1.946466e+03    1.946466e+03    3.393170e+01    3.393170e+01    -1.684211e-02    3.088659e-02  
  1   2  34   2.020605e+03    2.020605e+03    4.162927e+01    4.162927e+01    -2.362416e-02    2.814257e-02  
  1   2  35   1.901708e+03    1.901708e+03    2.136906e+01    2.136906e+01    5.864952e-02    2.952809e-02  
  1   2  36   1.986248e+03    1.986248e+03    8.491023e+01    8.491023e+01    6.708075e-02    5.118147e-02  
  1   2  37   1.923295e+03    1.923295e+03    4.690562e+01    4.690562e+01    8.284790e-03    3.463081e-02  
  1   2  38   1.992883e+03    1.992883e+03    8.243240e+01    8.243240e+01    5.981308e-02    3.373663e-02  
  1   2  39   1.965359e+03    1.965359e+03    6.878569e+01    6.878569e+01    -6.031949e-02    2.619868e-02  
  1   2  40   1.993538e+03    1.993538e+03    9.121157e+01    9.121157e+01    6.913580e-03    1.890394e-02  
  1   2  41   2.084499e+03    2.084499e+03    1.206083e+02    1.206083e+02    -2.657807e-02    3.082916e-02  
  1   2  42   1.959274e+03    1.959274e+03    2.596774e+02    2.596774e+02    -1.528662e-03    4.643649e-02  
  1   2  43   1.878722e+03    1.878722e+03    3.091610e+01    3.091610e+01    -6.037736e-03    2.849810e-02  
  1   2  44   2.114778e+03    2.114778e+03    1.483038e+02    1.483038e+02    -1.329073e-02    2.034377e-02  
  1   2  45   1.736537e+03    1.736537e+03    7.846258e+01    7.846258e+01    -1.860465e-03    3.165128e-02  
  1   2  46   1.964581e+03    1.964581e+03    5.936938e+01    5.936938e+01    1.976471e-02    2.514374e-02  
  1   2  47   2.030320e+03    2.030320e+03    7.150711e+01    7.150711e+01    4.110092e-02    2.944908e-02  
  1   2  48   1.915820e+03    1.915820e+03    1.782838e+02    1.782838e+02    -3.851003e-02    3.031473e-02  
  1   2  49   1.960442e+03    1.960442e+03    3.196572e+02    3.196572e+02    -2.210210e-02    2.945328e-02  
  1   2  50   1.916343e+03    1.916343e+03    3.301090e+01    3.301090e+01    -7.314286e-03    2.877404e-02  
  1   2  51   1.877097e+03    1.877097e+03    4.210127e+01    4.210127e+01    -3.976331e-02    2.876738e-02  
  1   2  52   2.600078e+03    2.600078e+03    1.398565e+03    1.398565e+03    3.227666e-03    2.312317e-02  
  1   2  53   1.957511e+03    1.957511e+03    4.997989e+01    4.997989e+01    -2.554622e-02    2.458009e-02  
  1   2  54   2.048109e+03    2.048109e+03    3.565921e+01    3.565921e+01    -2.803625e-02    2.747149e-02  
  1   2  55   2.021330e+03    2.021330e+03    8.487591e+01    8.487591e+01    -1.870769e-02    2.280626e-02  
  1   2  56   2.358481e+03    2.358481e+03    8.694034e+00    8.694034e+00    1.024390e-02    2.905473e-02  
  1   2  57   1.899708e+03    1.899708e+03    4.545568e+01    4.545568e+01    6.688103e-03    3.450574e-02  
  1   2  58   1.834042e+03    1.834042e+03    5.497077e+01    5.497077e+01    -3.355623e-02    2.359805e-02  
  1   2  59   1.891762e+03    1.891762e+03    1.724859e+02    1.724859e+02    -5.962733e-03    2.336753e-02  
  1   2  60   2.064322e+03    2.064322e+03    6.906380e+01    6.906380e+01    -3.522013e-02    2.431945e-02  
  1   2  61   1.823597e+03    1.823597e+03    1.400125e+02    1.400125e+02    -7.099678e-02    3.630844e-02  
  1   2  62   1.988347e+03    1.988347e+03    7.631569e+01    7.631569e+01    -3.189369e-02    2.937588e-02  
  1   3   1   7.410598e+02    7.410598e+02    1.347325e+01    1.347325e+01    9.563813e-03    4.166989e-02  
  1   3   2   7.675671e+02    7.675671e+02    1.379951e+01    1.379951e+01    8.072860e-02    4.240399e-02  
  1   3   3   7.625169e+02    7.625169e+02    1.479693e+01    1.479693e+01    -7.546559e-02    5.134295e-02  
  1   3   4   7.766362e+02    7.766362e+02    2.320788e+01    2.320788e+01    -6.153846e-03    3.787323e-02  
  1   3   5   -2.804399e+02    -2.804399e+02    1.198490e+04    1.198490e+04    -1.024000e-01    4.483707e-02  
  2   1   1   8.309900e+02    8.309900e+02    1.065169e+01    1.065169e+01    6.353791e-03    1.212395e-02  
  2   1   2   8.521561e+02    8.521561e+02    1.299456e+01    1.299456e+01    6.421405e-03    9.136540e-03  
  2   1   3   8.487800e+02    8.487800e+02    1.445710e+01    1.445710e+01    5.144695e-04    1.362127e-02  
  2   1   4   8.307919e+02    8.307919e+02    1.765839e+01    1.765839e+01    -3.561462e-02    1.793251e-02  
  2   1   5   8.410513e+02    8.410513e+02    2.382258e+01    2.382258e+01    -1.739130e-02    2.293147e-02  
  2   1   6   -1.555255e+02    -1.555255e+02    1.414214e+00    1.414214e+00    -8.448845e-03    2.068967e-02  
  2   1   7   7.944404e+02    7.944404e+02    1.301460e+01    1.301460e+01    -2.105263e-02    2.493613e-02  
  2   1   8   7.794482e+02    7.794482e+02    1.045149e+01    1.045149e+01    9.756098e-03    1.887232e-02  
  2   1   9   7.386266e+02    7.386266e+02    1.573333e+01    1.573333e+01    5.925926e-03    2.533269e-02  
  2   1  10   7.522653e+02    7.522653e+02    1.706227e+01    1.706227e+01    2.912821e-02    2.374041e-02  
  2   1  11   7.924438e+02    7.924438e+02    8.621717e+00    8.621717e+00    4.645161e-02    2.335029e-02  
  2   1  12   7.748125e+02    7.748125e+02    1.726368e+01    1.726368e+01    -4.415190e-02    2.519681e-02  
  2   1  13   1.000000e+01    1.000000e+01    1.414214e+00    1.414214e+00    0.000000e+00    0.000000e+00  
  2   1  14   7.922104e+02    7.922104e+02    6.655769e+00    6.655769e+00    -4.848485e-03    2.859519e-02  
  2   1  15   8.054840e+02    8.054840e+02    1.408020e+01    1.408020e+01    -7.966805e-03    3.218817e-02  
  2   1  16   7.892161e+02    7.892161e+02    1.623577e+01    1.623577e+01    2.008368e-03    3.514060e-02  
  2   1  17   7.819585e+02    7.819585e+02    1.665863e+01    1.665863e+01    -3.669725e-03    2.438579e-02  
  2   1  18   8.160452e+02    8.160452e+02    1.968949e+01    1.968949e+01    -6.475375e-02    3.179278e-02  
  2   1  19   8.430046e+02    8.430046e+02    3.301799e+01    3.301799e+01    -3.686461e-02    3.760782e-02  
  2   1  20   8.634684e+02    8.634684e+02    4.901314e+01    4.901314e+01    -5.065502e-02    3.968192e-02  
  2   1  21   8.268511e+02    8.268511e+02    2.704080e+01    2.704080e+01    4.202410e-02    3.451059e-02  
  2   1  22   7.957302e+02    7.957302e+02    1.614346e+01    1.614346e+01    1.649880e-02    6.099460e-02  
  2   1  23   7.500000e+02    7.500000e+02    5.162957e+03    5.162957e+03    -8.563969e-02    6.642953e-02  
  2   2   1   9.997942e+02    9.997942e+02    6.671356e+00    6.671356e+00    1.702128e-02    1.062108e-02  
  2   2   2   2.069504e+03    2.069504e+03    4.057828e+01    4.057828e+01    2.909091e-02    1.280704e-02  
  2   2   3   1.933333e+03    1.933333e+03    2.851971e+01    2.851971e+01    -1.324841e-02    1.214081e-02  
  2   2   4   1.962876e+03    1.962876e+03    5.673280e+01    5.673280e+01    1.142857e-02    1.302859e-02  
  2   2   5   1.951678e+03    1.951678e+03    5.450723e+01    5.450723e+01    3.298969e-03    1.211887e-02  
  2   2   6   1.925013e+03    1.925013e+03    3.617571e+01    3.617571e+01    2.075676e-02    1.490196e-02  
  2   2   7   1.933333e+03    1.933333e+03    2.376784e+03    2.376784e+03    2.040816e-02    1.199226e-02  
  2   2   8   1.964128e+03    1.964128e+03    9.636029e+01    9.636029e+01    -4.448780e-02    2.711733e-02  
  2   2   9   5.618258e+02    5.618258e+02    8.739334e+02    8.739334e+02    1.037838e-02    1.578755e-02  
  2   2  10   1.029306e+03    1.029306e+03    4.202536e+01    4.202536e+01    -1.009009e-02    1.858729e-02  
  2   2  11   2.210366e+03    2.210366e+03    3.897554e+02    3.897554e+02    1.706667e-02    1.764129e-02  
  2   2  12   1.835130e+03    1.835130e+03    2.219977e+01    2.219977e+01    -1.882353e-02    1.657801e-02  
  2   2  13   1.966593e+03    1.966593e+03    2.890731e+01    2.890731e+01    -2.432749e-02    3.094866e-02  
  2   2  14   1.915340e+03    1.915340e+03    3.420161e+01    3.420161e+01    -8.290155e-03    1.741884e-02  
  2   2  15   1.887339e+03    1.887339e+03    3.278707e+01    3.278707e+01    3.106796e-03    2.200637e-02  
  2   2  16   1.916511e+03    1.916511e+03    4.435709e+01    4.435709e+01    -4.059701e-02    1.767031e-02  
  2   2  17   1.872277e+03    1.872277e+03    3.425008e+01    3.425008e+01    -4.304569e-02    2.071848e-02  
  2   2  18   1.914539e+03    1.914539e+03    6.289246e+01    6.289246e+01    -2.875576e-02    2.282133e-02  
  2   2  19   1.740496e+03    1.740496e+03    1.361167e+02    1.361167e+02    1.960784e-02    2.793603e-02  
  2   2  20   8.172870e+02    8.172870e+02    1.007449e+03    1.007449e+03    7.843137e-04    3.308089e-02  
  2   2  21   2.038235e+03    2.038235e+03    7.908432e+01    7.908432e+01    2.242991e-02    1.794072e-02  
  2   2  22   1.800317e+03    1.800317e+03    7.269130e+01    7.269130e+01    -1.052632e-02    2.965702e-02  
  2   2  23   1.845953e+03    1.845953e+03    4.247381e+01    4.247381e+01    -3.508772e-02    2.440083e-02  
  2   2  24   1.993410e+03    1.993410e+03    4.976962e+01    4.976962e+01    -2.285714e-02    3.473614e-02  
  2   2  25   1.929165e+03    1.929165e+03    2.303848e+01    2.303848e+01    1.839080e-03    3.080377e-02  
  2   2  26   1.857929e+03    1.857929e+03    4.823340e+01    4.823340e+01    1.105691e-02    2.384275e-02  
  2   2  27   1.892024e+03    1.892024e+03    4.503808e+01    4.503808e+01    7.375000e-02    2.732622e-02  
  2   2  28   1.797176e+03    1.797176e+03    6.714378e+01    6.714378e+01    1.449057e-02    1.908672e-02  
  2   2  29   1.954214e+03    1.954214e+03    7.100700e+01    7.100700e+01    -1.369863e-02    2.564746e-02  
  2   2  30   1.977294e+03    1.977294e+03    3.789355e+01    3.789355e+01    -4.078431e-02    2.618999e-02  
  2   2  31   1.876839e+03    1.876839e+03    4.182708e+01    4.182708e+01    9.963370e-03    4.963924e-02  
  2   2  32   1.869811e+03    1.869811e+03    3.213984e+01    3.213984e+01    7.084871e-03    2.683243e-02  
  2   2  33   1.856344e+03    1.856344e+03    3.457889e+01    3.457889e+01    -1.020134e-02    1.826915e-02  
  2   2  34   1.952208e+03    1.952208e+03    4.929501e+01    4.929501e+01    4.705882e-03    2.615809e-02  
  2   2  35   1.979639e+03    1.979639e+03    3.562717e+01    3.562717e+01    -3.611285e-02    2.560328e-02  
  2   2  36   1.903838e+03    1.903838e+03    3.657877e+01    3.657877e+01    -1.437126e-02    2.032011e-02  
  2   2  37   1.925049e+03    1.925049e+03    4.239303e+01    4.239303e+01    -4.223602e-02    2.706393e-02  
  2   2  38   1.907681e+03    1.907681e+03    2.756571e+01    2.756571e+01    4.480000e-02    3.108231e-02  
  2   2  39   1.875727e+03    1.875727e+03    3.635320e+01    3.635320e+01    -1.321937e-02    2.622808e-02  
  2   2  40   1.885917e+03    1.885917e+03    4.511507e+01    4.511507e+01    -2.133333e-02    2.197788e-02  
  2   2  41   1.964571e+03    1.964571e+03    4.610125e+01    4.610125e+01    3.987539e-03    2.927275e-02  
  2   2  42   1.998322e+03    1.998322e+03    1.252882e+02    1.252882e+02    2.523810e-02    2.417178e-02  
  2   2  43   1.902726e+03    1.902726e+03    5.670262e+01    5.670262e+01    5.177994e-04    2.428140e-02  
  2   2  44   2.060882e+03    2.060882e+03    9.969110e+01    9.969110e+01    -1.931889e-02    2.978854e-02  
  2   2  45   2.012991e+03    2.012991e+03    1.246991e+02    1.246991e+02    -2.057878e-02    2.977198e-02  
  2   2  46   2.159786e+03    2.159786e+03    9.791312e+01    9.791312e+01    -4.819277e-03    3.109407e-02  
  2   2  47   1.973357e+03    1.973357e+03    2.937090e+01    2.937090e+01    1.946588e-02    2.268031e-02  
  2   2  48   2.746991e+03    2.746991e+03    3.423989e+02    3.423989e+02    -4.747774e-03    2.904964e-02  
  2   2  49   1.784643e+03    1.784643e+03    8.124670e+01    8.124670e+01    -5.606469e-03    2.325062e-02  
  2   2  50   1.880544e+03    1.880544e+03    1.477604e+02    1.477604e+02    -3.130435e-02    2.547809e-02  
  2   2  51   1.951848e+03    1.951848e+03    1.587224e+02    1.587224e+02    -2.831858e-02    2.371831e-02  
  2   2  52   1.229598e+03    1.229598e+03    2.252904e+02    2.252904e+02    1.382716e-02    2.352598e-02  
  2   2  53   2.015917e+03    2.015917e+03    3.121009e+01    3.121009e+01    -1.571429e-02    2.327865e-02  
  2   2  54   1.934626e+03    1.934626e+03    8.409235e+01    8.409235e+01    -8.954128e-02    4.955600e-02  
  2   2  55   1.999014e+03    1.999014e+03    6.521682e+01    6.521682e+01    -3.522013e-03    3.431301e-02  
  2   2  56   1.907533e+03    1.907533e+03    1.012038e+02    1.012038e+02    -1.454545e-02    3.173280e-02  
  2   2  57   2.022070e+03    2.022070e+03    2.853907e+01    2.853907e+01    -9.000000e-03    2.194873e-02  
  2   2  58   1.266666e+03    1.266666e+03    2.984214e+02    2.984214e+02    -2.006780e-02    2.385429e-02  
  2   2  59   1.979323e+03    1.979323e+03    7.881109e+01    7.881109e+01    7.339450e-03    3.437744e-02  
  2   2  60   1.902272e+03    1.902272e+03    4.184012e+01    4.184012e+01    -3.106796e-03    4.316684e-02  
  2   2  61   1.991899e+03    1.991899e+03    2.039129e+02    2.039129e+02    1.897436e-02    5.156489e-02  
  2   2  62   2.184106e+03    2.184106e+03    1.505394e+02    1.505394e+02    4.368098e-02    2.224245e-02  
  2   3   1   7.436241e+02    7.436241e+02    1.231492e+01    1.231492e+01    3.253333e-02    3.290518e-02  
  2   3   2   7.688430e+02    7.688430e+02    1.339471e+01    1.339471e+01    -1.277778e-02    3.834334e-02  
  2   3   3   1.870401e+02    1.870401e+02    1.731515e+01    1.731515e+01    -7.521649e-02    6.390349e-02  
  2   3   4   5.701100e+02    5.701100e+02    7.849135e+01    7.849135e+01    -6.301969e-03    4.475830e-02  
  2   3   5   7.915876e+02    7.915876e+02    1.287658e+01    1.287658e+01    5.333333e-03    5.934252e-02  
  3   1   1   8.272379e+02    8.272379e+02    1.229015e+01    1.229015e+01    -2.162162e-03    9.995557e-03  
  3   1   2   8.089419e+02    8.089419e+02    1.071459e+01    1.071459e+01    -5.161290e-03    1.255454e-02  
  3   1   3   8.478867e+02    8.478867e+02    1.280355e+01    1.280355e+01    -3.726708e-02    2.460270e-02  
  3   1   4   8.279099e+02    8.279099e+02    2.387489e+01    2.387489e+01    8.311688e-03    1.282148e-02  
  3   1   5   8.698612e+02    8.698612e+02    3.278418e+00    3.278418e+00    3.731629e-02    2.167541e-02  
  3   1   6   7.815371e+02    7.815371e+02    1.907667e+01    1.907667e+01    1.318239e-01    3.570675e-02  
  3   1   7   1.426140e+03    1.426140e+03    5.235703e+02    5.235703e+02    -3.480363e-02    2.546996e-02  
  3   1   8   7.920806e+02    7.920806e+02    1.128196e+01    1.128196e+01    1.874659e-02    2.169029e-02  
  3   1   9   7.615716e+02    7.615716e+02    1.890461e+01    1.890461e+01    2.315245e-02    2.539153e-02  
  3   1  10   7.707367e+02    7.707367e+02    1.693264e+01    1.693264e+01    4.412256e-02    3.150095e-02  
  3   1  11   7.774162e+02    7.774162e+02    2.435113e+01    2.435113e+01    1.832061e-02    3.086061e-02  
  3   1  12   7.516474e+02    7.516474e+02    1.449488e+01    1.449488e+01    2.725061e-03    3.340711e-02  
  3   1  13   7.452340e+02    7.452340e+02    1.435165e+01    1.435165e+01    4.102564e-02    4.486450e-02  
  3   1  14   7.728746e+02    7.728746e+02    1.049369e+01    1.049369e+01    3.006263e-03    2.275230e-02  
  3   1  15   7.862568e+02    7.862568e+02    1.424616e+01    1.424616e+01    9.290323e-03    3.761323e-02  
  3   1  16   8.020591e+02    8.020591e+02    1.549960e+01    1.549960e+01    -4.861167e-02    3.488505e-02  
  3   1  17   8.176738e+02    8.176738e+02    1.858438e+01    1.858438e+01    6.367010e-02    3.734808e-02  
  3   1  18   8.106588e+02    8.106588e+02    1.682758e+01    1.682758e+01    -2.810811e-02    2.407762e-02  
  3   1  19   8.107809e+02    8.107809e+02    2.316537e+01    2.316537e+01    3.812918e-02    3.082001e-02  
  3   1  20   8.224553e+02    8.224553e+02    2.067815e+01    2.067815e+01    4.532688e-02    3.799348e-02  
  3   1  21   8.603969e+02    8.603969e+02    3.525732e+01    3.525732e+01    -8.135593e-03    4.590420e-02  
  3   1  22   8.387147e+02    8.387147e+02    1.983342e+01    1.983342e+01    -4.245700e-02    5.807404e-02  
  3   1  23   8.337004e+02    8.337004e+02    2.809512e+01    2.809512e+01    6.887701e-02    7.091696e-02  
  3   2   1   2.093164e+03    2.093164e+03    7.994489e+01    7.994489e+01    1.309091e-02    9.456071e-03  
  3   2   2   1.937775e+03    1.937775e+03    5.771079e+01    5.771079e+01    -1.280000e-03    9.996464e-03  
  3   2   3   1.722285e+03    1.722285e+03    1.861433e+02    1.861433e+02    1.028571e-02    1.024891e-02  
  3   2   4   2.065740e+03    2.065740e+03    4.301086e+01    4.301086e+01    9.195402e-04    1.159475e-02  
  3   2   5   1.972387e+03    1.972387e+03    3.148117e+01    3.148117e+01    -1.445783e-02    2.332539e-02  
  3   2   6   2.091495e+03    2.091495e+03    9.348482e+00    9.348482e+00    1.514793e-02    1.313506e-02  
  3   2   7   1.977197e+03    1.977197e+03    1.332329e+02    1.332329e+02    1.818182e-03    1.298369e-02  
  3   2   8   2.041423e+03    2.041423e+03    5.986500e+01    5.986500e+01    -2.166667e-02    1.616923e-02  
  3   2   9   1.954493e+03    1.954493e+03    5.288999e+01    5.288999e+01    -3.216080e-03    1.932861e-02  
  3   2  10   1.940638e+03    1.940638e+03    4.361346e+01    4.361346e+01    -7.960199e-04    1.561894e-02  
  3   2  11   -6.692194e+02    -6.692194e+02    8.129879e+02    8.129879e+02    8.791209e-04    1.760426e-02  
  3   2  12   1.975030e+03    1.975030e+03    5.546964e+01    5.546964e+01    -8.465608e-03    2.481840e-02  
  3   2  13   9.990817e+02    9.990817e+02    1.424899e+02    1.424899e+02    4.869565e-02    2.257680e-02  
  3   2  14   2.319418e+03    2.319418e+03    9.462477e+02    9.462477e+02    2.111675e-02    1.970390e-02  
  3   2  15   1.810175e+03    1.810175e+03    9.187586e+01    9.187586e+01    3.802691e-02    1.893414e-02  
  3   2  16   1.133088e+03    1.133088e+03    1.931029e+02    1.931029e+02    2.028169e-02    2.701697e-02  
  3   2  17   1.900996e+03    1.900996e+03    8.180075e+01    8.180075e+01    -8.627451e-03    2.176957e-02  
  3   2  18   1.918320e+03    1.918320e+03    4.505430e+01    4.505430e+01    1.745455e-02    2.103997e-02  
  3   2  19   1.353861e+03    1.353861e+03    8.138337e+02    8.138337e+02    -5.572139e-03    2.619324e-02  
  3   2  20   1.889442e+03    1.889442e+03    5.903416e+01    5.903416e+01    1.976096e-02    1.819997e-02  
  3   2  21   1.901708e+03    1.901708e+03    9.215663e+01    9.215663e+01    -1.098712e-02    1.789517e-02  
  3   2  22   1.797620e+03    1.797620e+03    5.653124e+01    5.653124e+01    -3.438017e-02    2.157251e-02  
  3   2  23   1.884362e+03    1.884362e+03    2.141754e+01    2.141754e+01    -1.138340e-02    2.770162e-02  
  3   2  24   1.928648e+03    1.928648e+03    3.318689e+01    3.318689e+01    -4.088106e-02    2.610006e-02  
  3   2  25   2.034175e+03    2.034175e+03    2.694559e+01    2.694559e+01    1.530435e-02    2.504247e-02  
  3   2  26   1.793310e+03    1.793310e+03    4.020175e+01    4.020175e+01    1.992674e-02    3.564296e-02  
  3   2  27   1.933333e+03    1.933333e+03    2.547342e+01    2.547342e+01    1.443609e-02    2.587050e-02  
  3   2  28   1.934438e+03    1.934438e+03    3.231189e+01    3.231189e+01    -5.095541e-04    2.191081e-02  
  3   2  29   1.858874e+03    1.858874e+03    5.522661e+01    5.522661e+01    -2.628571e-02    2.336886e-02  
  3   2  30   1.832596e+03    1.832596e+03    3.011350e+01    3.011350e+01    -8.235294e-03    1.894519e-02  
  3   2  31   1.837600e+03    1.837600e+03    5.502467e+01    5.502467e+01    -1.605351e-03    2.501333e-02  
  3   2  32   1.918188e+03    1.918188e+03    3.639433e+01    3.639433e+01    -4.885496e-02    2.523529e-02  
  3   2  33   1.918233e+03    1.918233e+03    4.180677e+01    4.180677e+01    -2.126582e-02    1.897497e-02  
  3   2  34   1.970895e+03    1.970895e+03    5.090553e+01    5.090553e+01    2.357367e-02    2.141597e-02  
  3   2  35   1.874358e+03    1.874358e+03    5.115052e+01    5.115052e+01    -1.230769e-02    2.926262e-02  
  3   2  36   1.847780e+03    1.847780e+03    5.379375e+01    5.379375e+01    3.378299e-02    2.438437e-02  
  3   2  37   1.955282e+03    1.955282e+03    3.365607e+01    3.365607e+01    -2.018927e-02    2.361451e-02  
  3   2  38   1.911392e+03    1.911392e+03    6.878269e+01    6.878269e+01    3.435583e-03    3.287166e-02  
  3   2  39   1.935497e+03    1.935497e+03    6.559887e+01    6.559887e+01    -2.292398e-02    2.169335e-02  
  3   2  40   1.901550e+03    1.901550e+03    6.063202e+01    6.063202e+01    -4.350000e-02    2.735574e-02  
  3   2  41   1.865000e+03    1.865000e+03    6.907775e+01    6.907775e+01    1.915679e-16    2.058554e-02  
  3   2  42   2.655347e+03    2.655347e+03    1.956603e+01    1.956603e+01    -1.358491e-02    3.543049e-02  
  3   2  43   1.970218e+03    1.970218e+03    6.618309e+01    6.618309e+01    9.785933e-04    1.848798e-02  
  3   2  44   1.933333e+03    1.933333e+03    1.486981e+01    1.486981e+01    3.545190e-02    2.033701e-02  
  3   2  45   2.231447e+03    2.231447e+03    6.844912e+01    6.844912e+01    -9.382716e-03    2.527645e-02  
  3   2  46   2.016773e+03    2.016773e+03    7.581254e+01    7.581254e+01    1.100287e-02    2.259176e-02  
  3   2  47   1.979260e+03    1.979260e+03    6.759096e+01    6.759096e+01    8.913649e-04    2.089480e-02  
  3   2  48   1.876896e+03    1.876896e+03    5.055530e+01    5.055530e+01    1.408805e-02    2.300724e-02  
  3   2  49   2.011298e+03    2.011298e+03    4.646922e+01    4.646922e+01    -4.528302e-03    3.441578e-02  
  3   2  50   1.933793e+03    1.933793e+03    4.257630e+02    4.257630e+02    3.739645e-02    2.037448e-02  
  3   2  51   1.917230e+03    1.917230e+03    5.217178e+01    5.217178e+01    -4.761905e-04    1.997340e-02  
  3   2  52   1.953392e+03    1.953392e+03    1.749996e+02    1.749996e+02    2.098361e-03    2.697407e-02  
  3   2  53   1.806440e+03    1.806440e+03    2.922880e+02    2.922880e+02    -8.859935e-03    2.284888e-02  
  3   2  54   1.881761e+03    1.881761e+03    6.234355e+01    6.234355e+01    -9.894737e-02    3.637195e-02  
  3   2  55   8.244871e+02    8.244871e+02    3.172672e+03    3.172672e+03    2.523490e-02    3.175324e-02  
  3   2  56   1.293711e+03    1.293711e+03    6.378962e+01    6.378962e+01    2.909091e-02    2.849115e-02  
  3   2  57   1.128477e+03    1.128477e+03    1.084118e+02    1.084118e+02    6.296774e-02    3.765262e-02  
  3   2  58   2.217677e+03    2.217677e+03    1.135294e+02    1.135294e+02    1.676190e-02    2.546552e-02  
  3   2  59   2.109842e+03    2.109842e+03    1.214206e+02    1.214206e+02    2.285714e-02    3.948896e-02  
  3   2  60   1.290175e+03    1.290175e+03    1.121562e+01    1.121562e+01    1.049180e-02    2.885097e-02  
  3   2  61   1.624123e+03    1.624123e+03    1.029158e+02    1.029158e+02    3.942029e-02    2.960155e-02  
  3   2  62   1.892588e+03    1.892588e+03    5.387178e+01    5.387178e+01    3.210031e-02    2.508419e-02  
  3   3   1   7.600825e+02    7.600825e+02    1.504744e+01    1.504744e+01    -5.099187e-02    3.004347e-02  
  3   3   2   7.606172e+02    7.606172e+02    1.136877e+01    1.136877e+01    1.344561e-01    6.779819e-02  
  3   3   3   1.000000e+01    1.000000e+01    1.414214e+00    1.414214e+00    0.000000e+00    0.000000e+00  
  3   3   4   2.941718e+02    2.941718e+02    1.799212e+03    1.799212e+03    6.213592e-02    5.992952e-02  
  3   3   5   3.371238e+02    3.371238e+02    7.347858e+02    7.347858e+02    -7.852243e-02    4.356550e-02  
  4   1   1   8.247872e+02    8.247872e+02    1.023702e+01    1.023702e+01    -5.574913e-03    9.322807e-03  
  4   1   2   8.253314e+02    8.253314e+02    1.572732e+01    1.572732e+01    -2.191781e-03    1.296612e-02  
  4   1   3   8.070586e+02    8.070586e+02    1.940631e+01    1.940631e+01    4.953560e-03    1.171902e-02  
  4   1   4   8.267962e+02    8.267962e+02    1.448372e+01    1.448372e+01    5.465839e-03    1.792930e-02  
  4   1   5   8.133783e+02    8.133783e+02    1.199737e+01    1.199737e+01    5.587302e-03    1.778950e-02  
  4   1   6   8.144060e+02    8.144060e+02    2.088809e+01    2.088809e+01    -1.894081e-02    2.097905e-02  
  4   1   7   7.496470e+02    7.496470e+02    2.040596e+01    2.040596e+01    -2.025316e-02    1.796532e-02  
  4   1   8   7.650697e+02    7.650697e+02    1.533766e+01    1.533766e+01    3.431635e-03    1.870668e-02  
  4   1   9   7.743931e+02    7.743931e+02    5.760332e+00    5.760332e+00    2.324022e-02    2.274701e-02  
  4   1  10   7.602914e+02    7.602914e+02    1.657589e+01    1.657589e+01    6.170799e-03    2.642960e-02  
  4   1  11   7.404781e+02    7.404781e+02    1.661753e+01    1.661753e+01    1.033592e-02    2.169414e-02  
  4   1  12   7.553045e+02    7.553045e+02    1.608094e+01    1.608094e+01    -4.020725e-02    2.737203e-02  
  4   1  13   7.615281e+02    7.615281e+02    1.291822e+01    1.291822e+01    1.398458e-02    3.025591e-02  
  4   1  14   7.870088e+02    7.870088e+02    1.898312e+01    1.898312e+01    4.067146e-02    3.442221e-02  
  4   1  15   7.805588e+02    7.805588e+02    1.574520e+01    1.574520e+01    1.044289e-02    3.374039e-02  
  4   1  16   8.057633e+02    8.057633e+02    1.588441e+01    1.588441e+01    -8.715953e-03    2.594786e-02  
  4   1  17   8.143189e+02    8.143189e+02    1.901072e+01    1.901072e+01    2.666667e-02    3.730756e-02  
  4   1  18   8.359978e+02    8.359978e+02    1.932670e+01    1.932670e+01    3.531532e-02    2.726921e-02  
  4   1  19   8.106019e+02    8.106019e+02    2.550847e+01    2.550847e+01    5.359413e-02    4.257736e-02  
  4   1  20   8.243512e+02    8.243512e+02    2.480830e+01    2.480830e+01    5.900217e-03    5.043094e-02  
  4   1  21   8.635666e+02    8.635666e+02    2.667792e+01    2.667792e+01    -2.096070e-02    3.753490e-02  
  4   1  22   9.190462e+02    9.190462e+02    3.259132e+01    3.259132e+01    -1.469388e-02    4.050225e-02  
  4   1  23   8.343394e+02    8.343394e+02    2.033167e+01    2.033167e+01    2.588859e-02    3.848501e-02  
  4   2   1   2.087370e+03    2.087370e+03    5.929518e+01    5.929518e+01    -5.245902e-03    9.802685e-03  
  4   2   2   2.082779e+03    2.082779e+03    3.313871e+01    3.313871e+01    9.481481e-03    1.002347e-02  
  4   2   3   1.897035e+03    1.897035e+03    8.761329e+01    8.761329e+01    -3.404255e-03    1.045797e-02  
  4   2   4   2.089684e+03    2.089684e+03    1.524499e+02    1.524499e+02    -5.818182e-03    1.052386e-02  
  4   2   5   2.050854e+03    2.050854e+03    4.848073e+01    4.848073e+01    -1.109827e-02    1.298649e-02  
  4   2   6   2.049289e+03    2.049289e+03    3.874144e+01    3.874144e+01    -3.093923e-02    2.035515e-02  
  4   2   7   2.042752e+03    2.042752e+03    7.654358e+01    7.654358e+01    1.297297e-02    1.224325e-02  
  4   2   8   1.829180e+03    1.829180e+03    1.280106e+02    1.280106e+02    -2.390805e-02    1.488732e-02  
  4   2   9   1.873289e+03    1.873289e+03    2.421637e+01    2.421637e+01    9.462366e-03    1.435166e-02  
  4   2  10   1.762461e+03    1.762461e+03    7.551563e+01    7.551563e+01    5.000000e-03    1.768739e-02  
  4   2  11   1.897502e+03    1.897502e+03    3.963225e+01    3.963225e+01    -3.316062e-02    2.621197e-02  
  4   2  12   2.076657e+03    2.076657e+03    1.330500e+02    1.330500e+02    -2.475138e-02    2.094988e-02  
  4   2  13   2.027483e+03    2.027483e+03    1.976105e+02    1.976105e+02    1.684211e-02    1.934818e-02  
  4   2  14   1.888734e+03    1.888734e+03    4.622775e+01    4.622775e+01    3.715640e-02    1.994455e-02  
  4   2  15   7.548929e+02    7.548929e+02    1.656819e+03    1.656819e+03    -4.837209e-02    3.983550e-02  
  4   2  16   2.046899e+03    2.046899e+03    5.754078e+01    5.754078e+01    -1.200000e-02    1.575563e-02  
  4   2  17   1.090906e+03    1.090906e+03    9.125131e+01    9.125131e+01    1.441441e-03    1.800334e-02  
  4   2  18   1.934871e+03    1.934871e+03    4.899161e+01    4.899161e+01    -2.875576e-02    3.045430e-02  
  4   2  19   1.938236e+03    1.938236e+03    7.037107e+01    7.037107e+01    -2.285714e-02    2.044101e-02  
  4   2  20   1.853823e+03    1.853823e+03    1.918711e+01    1.918711e+01    -7.843137e-03    2.411698e-02  
  4   2  21   1.982514e+03    1.982514e+03    3.380622e+02    3.380622e+02    -2.410959e-02    1.819204e-02  
  4   2  22   1.775846e+03    1.775846e+03    7.832288e+01    7.832288e+01    1.400000e-02    3.339436e-02  
  4   2  23   2.066667e+03    2.066667e+03    1.058307e+02    1.058307e+02    4.168582e-02    2.072763e-02  
  4   2  24   1.742441e+03    1.742441e+03    1.019983e+02    1.019983e+02    1.542169e-02    2.982029e-02  
  4   2  25   1.888694e+03    1.888694e+03    2.463453e+01    2.463453e+01    7.868852e-03    1.650337e-02  
  4   2  26   2.097582e+03    2.097582e+03    4.104796e+01    4.104796e+01    1.415385e-02    2.062778e-02  
  4   2  27   1.819788e+03    1.819788e+03    4.937955e+01    4.937955e+01    2.560000e-03    1.982901e-02  
  4   2  28   1.944791e+03    1.944791e+03    2.649256e+01    2.649256e+01    1.292308e-02    2.245356e-02  
  4   2  29   1.858855e+03    1.858855e+03    3.733311e+01    3.733311e+01    -4.325926e-02    1.912214e-02  
  4   2  30   1.887417e+03    1.887417e+03    2.723657e+01    2.723657e+01    9.696970e-03    3.392715e-02  
  4   2  31   1.881884e+03    1.881884e+03    3.738717e+01    3.738717e+01    -2.707692e-02    2.065488e-02  
  4   2  32   1.333333e+01    1.333333e+01    1.414214e+00    1.414214e+00    0.000000e+00    0.000000e+00  
  4   2  33   1.905671e+03    1.905671e+03    5.118955e+01    5.118955e+01    1.630189e-02    4.924457e-02  
  4   2  34   2.061719e+03    2.061719e+03    8.607710e+01    8.607710e+01    3.292419e-02    2.602017e-02  
  4   2  35   1.921450e+03    1.921450e+03    9.241299e+01    9.241299e+01    5.673759e-04    2.541816e-02  
  4   2  36   1.990585e+03    1.990585e+03    6.371261e+01    6.371261e+01    2.302158e-03    2.821803e-02  
  4   2  37   1.981314e+03    1.981314e+03    1.142742e+01    1.142742e+01    2.588997e-03    2.283711e-02  
  4   2  38   1.800000e+03    1.800000e+03    1.074586e+02    1.074586e+02    -1.861635e-02    1.880371e-02  
  4   2  39   1.939280e+03    1.939280e+03    5.974347e+01    5.974347e+01    2.439024e-03    2.257079e-02  
  4   2  40   2.069364e+03    2.069364e+03    6.810817e+01    6.810817e+01    3.720930e-03    2.098604e-02  
  4   2  41   1.992769e+03    1.992769e+03    4.013273e+01    4.013273e+01    5.805310e-02    3.409909e-02  
  4   2  42   2.063953e+03    2.063953e+03    7.659645e+01    7.659645e+01    7.079646e-03    2.439865e-02  
  4   2  43   2.055581e+03    2.055581e+03    9.650758e+01    9.650758e+01    2.510769e-02    3.227414e-02  
  4   2  44   1.936561e+03    1.936561e+03    6.885215e+01    6.885215e+01    4.185430e-02    4.486993e-02  
  4   2  45   1.891153e+03    1.891153e+03    2.471530e+01    2.471530e+01    1.207547e-02    2.833821e-02  
  4   2  46   1.889638e+03    1.889638e+03    5.603974e+01    5.603974e+01    3.786667e-02    2.639971e-02  
  4   2  47   2.060257e+03    2.060257e+03    1.267290e+02    1.267290e+02    7.407407e-03    3.996128e-02  
  4   2  48   2.000931e+03    2.000931e+03    4.664033e+01    4.664033e+01    -5.401274e-02    2.369408e-02  
  4   2  49   1.941288e+03    1.941288e+03    1.452153e+02    1.452153e+02    8.587571e-03    3.673995e-02  
  4   2  50   1.920892e+03    1.920892e+03    8.591871e+01    8.591871e+01    4.157100e-02    2.589446e-02  
  4   2  51   1.878888e+03    1.878888e+03    7.855962e+01    7.855962e+01    1.081690e-02    2.111977e-02  
  4   2  52   2.022454e+03    2.022454e+03    8.139705e+01    8.139705e+01    -1.215805e-02    1.837178e-02  
  4   2  53   1.905529e+03    1.905529e+03    4.452133e+01    4.452133e+01    -1.530864e-02    2.667597e-02  
  4   2  54   1.100444e+03    1.100444e+03    4.250695e+01    4.250695e+01    1.809524e-02    2.912195e-02  
  4   2  55   2.039714e+03    2.039714e+03    6.455577e+01    6.455577e+01    -4.200000e-02    4.019935e-02  
  4   2  56   2.060788e+03    2.060788e+03    6.657828e+01    6.657828e+01    3.075075e-02    2.133517e-02  
  4   2  57   8.742075e+02    8.742075e+02    8.900043e+02    8.900043e+02    1.019108e-02    3.109206e-02  
  4   2  58   2.368411e+03    2.368411e+03    4.562403e+01    4.562403e+01    2.883392e-02    2.704455e-02  
  4   2  59   1.921556e+03    1.921556e+03    1.249760e+02    1.249760e+02    3.577640e-02    2.318184e-02  
  4   2  60   1.027853e+03    1.027853e+03    3.382226e+01    3.382226e+01    -1.585139e-02    2.414996e-02  
  4   2  61   2.159364e+03    2.159364e+03    1.843177e+02    1.843177e+02    1.079755e-02    2.780062e-02  
  4   2  62   1.866697e+03    1.866697e+03    1.041341e+02    1.041341e+02    -3.159236e-02    3.145959e-02  
  4   3   1   7.810852e+02    7.810852e+02    8.313750e+00    8.313750e+00    8.108108e-03    4.418938e-02  
  4   3   2   7.516688e+02    7.516688e+02    2.241733e+01    2.241733e+01    1.560976e-02    4.207226e-02  
  4   3   3   7.562639e+02    7.562639e+02    1.217374e+01    1.217374e+01    2.792608e-02    4.629316e-02  
  4   3   4   4.551758e+02    4.551758e+02    2.260821e+02    2.260821e+02    -1.518764e-02    5.543521e-02  
  4   3   5   8.239833e+02    8.239833e+02    1.828032e+03    1.828032e+03    -3.872340e-02    4.198047e-02  
  5   1   1   8.332692e+02    8.332692e+02    1.344960e+01    1.344960e+01    -7.675277e-03    8.357453e-03  
  5   1   2   8.303014e+02    8.303014e+02    1.046404e+01    1.046404e+01    2.560000e-02    1.071468e-02  
  5   1   3   8.376613e+02    8.376613e+02    1.549741e+01    1.549741e+01    1.600000e-02    1.383586e-02  
  5   1   4   8.126594e+02    8.126594e+02    1.177925e+01    1.177925e+01    1.084746e-02    1.513448e-02  
  5   1   5   8.003425e+02    8.003425e+02    1.770746e+01    1.770746e+01    2.410959e-02    1.969076e-02  
  5   1   6   7.884223e+02    7.884223e+02    2.879008e+01    2.879008e+01    1.083871e-02    1.473978e-02  
  5   1   7   8.059710e+02    8.059710e+02    9.425694e+00    9.425694e+00    6.409938e-02    3.320400e-02  
  5   1   8   7.761709e+02    7.761709e+02    1.393380e+01    1.393380e+01    3.080745e-02    2.756784e-02  
  5   1   9   7.902959e+02    7.902959e+02    1.544534e+01    1.544534e+01    7.157895e-02    3.810656e-02  
  5   1  10   7.671751e+02    7.671751e+02    2.177099e+01    2.177099e+01    4.222874e-03    2.470711e-02  
  5   1  11   7.658228e+02    7.658228e+02    2.403068e+01    2.403068e+01    3.937824e-02    2.794661e-02  
  5   1  12   7.560816e+02    7.560816e+02    1.523394e+01    1.523394e+01    2.560000e-02    2.666031e-02  
  5   1  13   5.997932e+02    5.997932e+02    1.414214e+00    1.414214e+00    4.027211e-02    2.546686e-02  
  5   1  14   7.886863e+02    7.886863e+02    8.233868e+00    8.233868e+00    -1.720824e-02    3.770371e-02  
  5   1  15   8.125432e+02    8.125432e+02    1.408461e+01    1.408461e+01    -3.866962e-02    4.313871e-02  
  5   1  16   7.909187e+02    7.909187e+02    1.467565e+01    1.467565e+01    -1.856540e-02    2.191915e-02  
  5   1  17   7.807246e+02    7.807246e+02    1.425129e+01    1.425129e+01    7.032558e-02    4.304469e-02  
  5   1  18   8.173112e+02    8.173112e+02    2.248681e+01    2.248681e+01    -1.625282e-02    3.368375e-02  
  5   1  19   8.213992e+02    8.213992e+02    1.774545e+01    1.774545e+01    -1.828571e-02    2.865892e-02  
  5   1  20   8.665481e+02    8.665481e+02    2.614599e+01    2.614599e+01    -4.190476e-03    7.514662e-02  
  5   1  21   8.456247e+02    8.456247e+02    3.184568e+01    3.184568e+01    8.909513e-03    3.178009e-02  
  5   1  22   8.559709e+02    8.559709e+02    4.854513e+01    4.854513e+01    3.168704e-02    3.873249e-02  
  5   1  23   8.491905e+02    8.491905e+02    3.658898e+01    3.658898e+01    1.603730e-02    3.514682e-02  
  5   2   1   2.014273e+03    2.014273e+03    1.641798e+02    1.641798e+02    -1.300813e-03    9.469335e-03  
  5   2   2   2.047519e+03    2.047519e+03    3.039546e+01    3.039546e+01    -1.006993e-02    2.027719e-02  
  5   2   3   1.751487e+03    1.751487e+03    1.759920e+02    1.759920e+02    2.944785e-03    9.974820e-03  
  5   2   4   1.844613e+03    1.844613e+03    2.529157e+02    2.529157e+02    2.651934e-03    1.438877e-02  
  5   2   5   1.856118e+03    1.856118e+03    5.674733e+01    5.674733e+01    4.800000e-03    1.060777e-02  
  5   2   6   2.022271e+03    2.022271e+03    5.036918e+01    5.036918e+01    1.680000e-02    1.081614e-02  
  5   2   7   2.067589e+03    2.067589e+03    3.586762e+01    3.586762e+01    1.178947e-02    1.635004e-02  
  5   2   8   1.963194e+03    1.963194e+03    7.066972e+01    7.066972e+01    4.278075e-02    1.578263e-02  
  5   2   9   1.895362e+03    1.895362e+03    5.070921e+01    5.070921e+01    -2.962963e-03    1.507409e-02  
  5   2  10   1.871155e+03    1.871155e+03    8.355870e+01    8.355870e+01    -1.032258e-02    1.527277e-02  
  5   2  11   -6.292051e+04    -6.292051e+04    1.414214e+00    1.414214e+00    -7.441860e-03    2.032995e-02  
  5   2  12   1.861585e+03    1.861585e+03    1.870517e+01    1.870517e+01    2.770950e-02    2.920637e-02  
  5   2  13   1.862355e+03    1.862355e+03    5.736478e+01    5.736478e+01    1.624365e-03    2.044991e-02  
  5   2  14   1.208305e+03    1.208305e+03    5.511184e+01    5.511184e+01    2.133333e-02    2.123682e-02  
  5   2  15   1.830617e+03    1.830617e+03    8.287720e+01    8.287720e+01    3.497674e-02    2.203502e-02  
  5   2  16   1.954501e+03    1.954501e+03    4.450015e+01    4.450015e+01    -3.216080e-03    2.592787e-02  
  5   2  17   2.053768e+03    2.053768e+03    1.158220e+02    1.158220e+02    -6.009390e-03    2.382180e-02  
  5   2  18   1.951467e+03    1.951467e+03    4.428445e+01    4.428445e+01    -4.118812e-02    1.970055e-02  
  5   2  19   1.892136e+03    1.892136e+03    3.889524e+01    3.889524e+01    7.547170e-04    2.171323e-02  
  5   2  20   1.934991e+03    1.934991e+03    3.762837e+01    3.762837e+01    1.761468e-02    2.249464e-02  
  5   2  21   1.948412e+03    1.948412e+03    1.619816e+02    1.619816e+02    1.008403e-02    2.032493e-02  
  5   2  22   1.897614e+03    1.897614e+03    3.391596e+01    3.391596e+01    4.751092e-02    2.470052e-02  
  5   2  23   1.953859e+03    1.953859e+03    3.145060e+01    3.145060e+01    -1.297297e-02    3.391105e-02  
  5   2  24   1.825638e+03    1.825638e+03    4.460087e+01    4.460087e+01    1.357143e-02    2.359726e-02  
  5   2  25   2.003818e+03    2.003818e+03    2.731632e+01    2.731632e+01    1.257642e-02    2.510024e-02  
  5   2  26   1.944038e+03    1.944038e+03    5.970338e+01    5.970338e+01    -3.305785e-03    2.137181e-02  
  5   2  27   1.870209e+03    1.870209e+03    3.596658e+01    3.596658e+01    1.632653e-02    2.981601e-02  
  5   2  28   1.880661e+03    1.880661e+03    4.332248e+01    4.332248e+01    5.925926e-04    2.768743e-02  
  5   2  29   1.926661e+03    1.926661e+03    5.295723e+01    5.295723e+01    -1.706667e-02    2.424718e-02  
  5   2  30   1.979138e+03    1.979138e+03    6.343579e+02    6.343579e+02    3.598616e-02    2.360829e-02  
  5   2  31   1.981912e+03    1.981912e+03    3.300287e+01    3.300287e+01    1.059603e-03    2.741683e-02  
  5   2  32   1.870824e+03    1.870824e+03    3.519349e+01    3.519349e+01    -3.142857e-02    2.266789e-02  
  5   2  33   1.854012e+03    1.854012e+03    2.857783e+01    2.857783e+01    2.826855e-03    3.644656e-02  
  5   2  34   1.900498e+03    1.900498e+03    4.768882e+01    4.768882e+01    1.716088e-02    2.858028e-02  
  5   2  35   2.066667e+03    2.066667e+03    6.981431e+01    6.981431e+01    -7.804878e-03    1.862124e-02  
  5   2  36   2.077955e+03    2.077955e+03    1.126377e+02    1.126377e+02    3.862069e-02    2.378304e-02  
  5   2  37   1.819968e+03    1.819968e+03    3.509207e+01    3.509207e+01    -2.909091e-02    2.545888e-02  
  5   2  38   2.017610e+03    2.017610e+03    4.730968e+01    4.730968e+01    2.071197e-03    1.927502e-02  
  5   2  39   2.200000e+03    2.200000e+03    7.897459e+01    7.897459e+01    3.912226e-02    2.459690e-02  
  5   2  40   1.933333e+03    1.933333e+03    4.657719e+01    4.657719e+01    -1.930159e-02    2.952396e-02  
  5   2  41   2.023308e+03    2.023308e+03    5.479795e+01    5.479795e+01    1.865031e-02    2.731533e-02  
  5   2  42   1.967415e+03    1.967415e+03    9.578097e+01    9.578097e+01    1.910448e-02    2.913520e-02  
  5   2  43   1.997269e+03    1.997269e+03    6.647765e+01    6.647765e+01    1.847887e-02    2.163505e-02  
  5   2  44   1.926977e+03    1.926977e+03    3.663632e+01    3.663632e+01    -1.216374e-02    2.333571e-02  
  5   2  45   1.887725e+03    1.887725e+03    7.440040e+01    7.440040e+01    -7.698925e-02    3.415733e-02  
  5   2  46   1.026546e+03    1.026546e+03    1.589150e+02    1.589150e+02    -1.899110e-02    2.265665e-02  
  5   2  47   1.964037e+03    1.964037e+03    1.060774e+02    1.060774e+02    -1.904762e-02    3.169963e-02  
  5   2  48   1.078178e+02    1.078178e+02    6.138685e+02    6.138685e+02    2.818428e-02    2.464628e-02  
  5   2  49   1.333333e+01    1.333333e+01    1.414214e+00    1.414214e+00    0.000000e+00    0.000000e+00  
  5   2  50   1.071447e+03    1.071447e+03    3.358300e+01    3.358300e+01    1.623881e-02    3.003375e-02  
  5   2  51   1.872536e+03    1.872536e+03    1.433914e+02    1.433914e+02    4.436578e-02    2.892540e-02  
  5   2  52   1.951113e+03    1.951113e+03    5.221836e+01    5.221836e+01    4.367688e-02    3.139215e-02  
  5   2  53   1.913392e+03    1.913392e+03    6.025635e+01    6.025635e+01    -2.266289e-03    2.574779e-02  
  5   2  54   2.106135e+03    2.106135e+03    1.956992e+01    1.956992e+01    -1.030675e-02    3.823073e-02  
  5   2  55   2.368178e+03    2.368178e+03    1.303205e+02    1.303205e+02    -1.804154e-02    3.660299e-02  
  5   2  56   1.893329e+03    1.893329e+03    1.423359e+02    1.423359e+02    -3.099476e-02    2.224105e-02  
  5   2  57   1.862666e+03    1.862666e+03    1.136106e+02    1.136106e+02    3.325301e-02    2.386715e-02  
  5   2  58   1.994003e+03    1.994003e+03    1.007060e+02    1.007060e+02    9.473684e-03    2.355482e-02  
  5   2  59   1.992550e+03    1.992550e+03    7.366432e+01    7.366432e+01    3.096774e-03    3.260156e-02  
  5   2  60   2.118237e+03    2.118237e+03    6.725936e+01    6.725936e+01    1.203762e-02    2.939321e-02  
  5   2  61   2.053146e+03    2.053146e+03    7.283636e+01    7.283636e+01    -7.674419e-02    3.683937e-02  
  5   2  62   2.062745e+03    2.062745e+03    1.617582e+02    1.617582e+02    2.539683e-02    2.593699e-02  
  5   3   1   7.558274e+02    7.558274e+02    1.404857e+01    1.404857e+01    2.147860e-02    4.335432e-02  
  5   3   2   7.597610e+02    7.597610e+02    1.779067e+01    1.779067e+01    1.271157e-02    2.981940e-02  
  5   3   3   7.110903e+02    7.110903e+02    1.414214e+00    1.414214e+00    -3.336032e-02    4.625519e-02  
  5   3   4   7.924259e+02    7.924259e+02    6.750203e+00    6.750203e+00    4.848485e-02    4.583426e-02  
  5   3   5   7.939588e+02    7.939588e+02    1.180504e+01    1.180504e+01    8.605042e-02    5.047342e-02  
  6   1   1   8.428845e+02    8.428845e+02    1.562704e+01    1.562704e+01    8.677966e-03    7.918128e-03  
  6   1   2   8.645975e+02    8.645975e+02    1.460255e+01    1.460255e+01    1.514196e-02    8.523259e-03  
  6   1   3   8.785687e+02    8.785687e+02    2.904992e+01    2.904992e+01    -4.485981e-03    9.649047e-03  
  6   1   4   8.285593e+02    8.285593e+02    1.196220e+01    1.196220e+01    -6.645367e-03    1.549194e-02  
  6   1   5   8.037475e+02    8.037475e+02    1.591961e+01    1.591961e+01    2.430380e-02    1.564474e-02  
  6   1   6   8.024389e+02    8.024389e+02    1.776005e+01    1.776005e+01    1.111111e-03    1.581125e-02  
  6   1   7   7.850993e+02    7.850993e+02    8.773751e+00    8.773751e+00    1.053292e-02    2.589573e-02  
  6   1   8   7.818101e+02    7.818101e+02    1.322923e+01    1.322923e+01    4.407713e-04    2.051835e-02  
  6   1   9   7.810866e+02    7.810866e+02    5.154352e+00    5.154352e+00    1.507599e-02    2.308919e-02  
  6   1  10   7.643257e+02    7.643257e+02    1.774716e+01    1.774716e+01    2.198830e-02    2.777443e-02  
  6   1  11   5.595760e+02    5.595760e+02    2.863775e+01    2.863775e+01    8.839779e-04    3.851139e-02  
  6   1  12   7.823431e+02    7.823431e+02    1.525327e+01    1.525327e+01    -1.555890e-01    8.677569e-02  
  6   1  13   7.739395e+02    7.739395e+02    1.377318e+01    1.377318e+01    -3.508772e-04    3.582557e-02  
  6   1  14   8.009300e+02    8.009300e+02    1.129094e+01    1.129094e+01    -2.420804e-02    3.276252e-02  
  6   1  15   7.848217e+02    7.848217e+02    1.621912e+01    1.621912e+01    3.433476e-04    2.941439e-02  
  6   1  16   7.876038e+02    7.876038e+02    1.473774e+01    1.473774e+01    8.091954e-03    3.456261e-02  
  6   1  17   8.378550e+02    8.378550e+02    2.520834e+01    2.520834e+01    -3.963636e-02    2.880312e-02  
  6   1  18   7.896359e+02    7.896359e+02    1.611083e+01    1.611083e+01    4.828829e-02    3.410227e-02  
  6   1  19   8.436344e+02    8.436344e+02    1.853475e+01    1.853475e+01    1.809955e-03    3.279355e-02  
  6   1  20   7.749092e+02    7.749092e+02    2.584513e+01    2.584513e+01    4.738041e-02    2.662039e-02  
  6   1  21   7.893391e+02    7.893391e+02    1.433766e+03    1.433766e+03    1.269841e-02    4.092358e-02  
  6   1  22   8.346951e+02    8.346951e+02    4.656032e+01    4.656032e+01    -3.674074e-02    3.971474e-02  
  6   1  23   8.264027e+02    8.264027e+02    4.013371e+01    4.013371e+01    -3.324675e-02    4.612400e-02  
  6   2   1   1.267536e+03    1.267536e+03    8.696167e+01    8.696167e+01    6.153846e-03    1.170102e-02  
  6   2   2   1.985351e+03    1.985351e+03    7.949448e+01    7.949448e+01    -8.888889e-03    8.970816e-03  
  6   2   3   2.129542e+03    2.129542e+03    8.992204e+02    8.992204e+02    2.742857e-03    1.276562e-02  
  6   2   4   2.051428e+03    2.051428e+03    5.714040e+01    5.714040e+01    -1.573770e-02    1.120455e-02  
  6   2   5   2.008778e+03    2.008778e+03    2.158602e+01    2.158602e+01    6.256983e-03    1.351839e-02  
  6   2   6   2.071495e+03    2.071495e+03    5.006457e+01    5.006457e+01    6.913580e-03    1.460585e-02  
  6   2   7   1.133327e+03    1.133327e+03    2.271586e+00    2.271586e+00    3.575419e-03    1.116104e-02  
  6   2   8   1.980655e+03    1.980655e+03    4.807688e+01    4.807688e+01    -4.000000e-03    1.794471e-02  
  6   2   9   1.858912e+03    1.858912e+03    6.578149e+01    6.578149e+01    1.826484e-02    1.339491e-02  
  6   2  10   1.936322e+03    1.936322e+03    9.357367e+01    9.357367e+01    8.791209e-04    1.504798e-02  
  6   2  11   1.789361e+03    1.789361e+03    1.097983e+02    1.097983e+02    -9.411765e-03    1.342942e-02  
  6   2  12   1.924786e+03    1.924786e+03    3.853383e+01    3.853383e+01    -3.232323e-03    1.549998e-02  
  6   2  13   1.900075e+03    1.900075e+03    1.573874e+02    1.573874e+02    -1.178947e-02    1.626307e-02  
  6   2  14   1.884778e+03    1.884778e+03    9.861103e+01    9.861103e+01    1.758242e-03    2.315909e-02  
  6   2  15   1.983610e+03    1.983610e+03    2.670218e+01    2.670218e+01    2.049261e-02    2.537898e-02  
  6   2  16   7.931942e+02    7.931942e+02    4.693905e+02    4.693905e+02    2.539683e-03    2.225268e-02  
  6   2  17   2.031446e+03    2.031446e+03    5.065459e+01    5.065459e+01    1.920000e-02    2.440441e-02  
  6   2  18   2.003593e+03    2.003593e+03    1.135442e+02    1.135442e+02    2.916256e-02    2.335794e-02  
  6   2  19   1.879005e+03    1.879005e+03    5.693801e+01    5.693801e+01    -7.407407e-03    1.885024e-02  
  6   2  20   1.952253e+03    1.952253e+03    3.678606e+01    3.678606e+01    3.769231e-02    3.317032e-02  
  6   2  21   1.955106e+03    1.955106e+03    9.498682e+00    9.498682e+00    2.711864e-02    2.117188e-02  
  6   2  22   2.647698e+02    2.647698e+02    1.414214e+00    1.414214e+00    2.352941e-02    2.142595e-02  
  6   2  23   1.860804e+03    1.860804e+03    1.586730e+01    1.586730e+01    4.645161e-02    2.638673e-02  
  6   2  24   1.913147e+03    1.913147e+03    4.619102e+01    4.619102e+01    3.414226e-02    2.194057e-02  
  6   2  25   1.894929e+03    1.894929e+03    3.077174e+01    3.077174e+01    -1.635556e-02    2.719211e-02  
  6   2  26   1.886402e+03    1.886402e+03    2.701006e+01    2.701006e+01    -5.023256e-02    3.768977e-02  
  6   2  27   1.847649e+03    1.847649e+03    7.163817e+01    7.163817e+01    -6.400000e-04    1.804523e-02  
  6   2  28   1.832431e+03    1.832431e+03    3.168240e+01    3.168240e+01    5.818182e-03    2.657092e-02  
  6   2  29   1.844828e+03    1.844828e+03    6.131874e+01    6.131874e+01    -1.351351e-02    2.608571e-02  
  6   2  30   1.921188e+03    1.921188e+03    2.894116e+01    2.894116e+01    -3.130435e-02    2.777432e-02  
  6   2  31   1.904389e+03    1.904389e+03    2.885490e+01    2.885490e+01    1.726619e-03    2.468736e-02  
  6   2  32   1.926237e+03    1.926237e+03    4.880780e+01    4.880780e+01    1.356890e-02    2.313165e-02  
  6   2  33   1.978387e+03    1.978387e+03    3.550661e+01    3.550661e+01    -2.807018e-03    2.509778e-02  
  6   2  34   1.913110e+03    1.913110e+03    7.022811e+01    7.022811e+01    1.130742e-02    2.208993e-02  
  6   2  35   1.935331e+03    1.935331e+03    5.014681e+01    5.014681e+01    -2.126582e-02    2.722611e-02  
  6   2  36   2.040380e+03    2.040380e+03    5.447945e+01    5.447945e+01    -1.616162e-03    3.748260e-02  
  6   2  37   1.906245e+03    1.906245e+03    3.825776e+01    3.825776e+01    2.666667e-03    5.664389e-02  
  6   2  38   2.051409e+03    2.051409e+03    6.049877e+01    6.049877e+01    1.135484e-02    2.753653e-02  
  6   2  39   2.000887e+03    2.000887e+03    6.498298e+01    6.498298e+01    -9.609610e-04    2.790921e-02  
  6   2  40   2.029717e+03    2.029717e+03    7.256242e+01    7.256242e+01    3.116883e-03    2.867864e-02  
  6   2  41   9.943312e+02    9.943312e+02    4.689725e+01    4.689725e+01    -9.195402e-03    2.564327e-02  
  6   2  42   2.032126e+03    2.032126e+03    6.303298e+01    6.303298e+01    4.037383e-02    2.974227e-02  
  6   2  43   2.020656e+03    2.020656e+03    3.915810e+01    3.915810e+01    7.121662e-03    1.990859e-02  
  6   2  44   1.973474e+03    1.973474e+03    7.367227e+01    7.367227e+01    -6.464646e-03    2.301124e-02  
  6   2  45   1.910174e+03    1.910174e+03    6.142784e+01    6.142784e+01    -9.000000e-03    2.789708e-02  
  6   2  46   2.011221e+03    2.011221e+03    1.050879e+02    1.050879e+02    -5.485714e-02    2.453651e-02  
  6   2  47   2.016217e+03    2.016217e+03    5.418508e+01    5.418508e+01    -2.205405e-02    2.525459e-02  
  6   2  48   1.924343e+03    1.924343e+03    9.692944e+01    9.692944e+01    1.533546e-02    2.513189e-02  
  6   2  49   1.968967e+03    1.968967e+03    6.348424e+01    6.348424e+01    -3.590909e-02    3.106003e-02  
  6   2  50   1.899578e+03    1.899578e+03    5.339803e+01    5.339803e+01    5.886792e-02    3.413217e-02  
  6   2  51   1.965032e+03    1.965032e+03    1.406977e+02    1.406977e+02    2.574132e-02    2.538151e-02  
  6   2  52   1.820395e+03    1.820395e+03    8.617058e+01    8.617058e+01    -4.202985e-02    4.581139e-02  
  6   2  53   2.004990e+03    2.004990e+03    2.443654e+01    2.443654e+01    1.490683e-02    2.344250e-02  
  6   2  54   1.833985e+03    1.833985e+03    1.276079e+02    1.276079e+02    2.611276e-02    3.440752e-02  
  6   2  55   1.963023e+03    1.963023e+03    4.714732e+01    4.714732e+01    -6.190476e-03    2.257011e-02  
  6   2  56   2.039456e+03    2.039456e+03    7.536178e+01    7.536178e+01    -1.063584e-02    3.151695e-02  
  6   2  57   2.359130e+03    2.359130e+03    1.761096e+02    1.761096e+02    2.156740e-02    2.225930e-02  
  6   2  58   1.941852e+03    1.941852e+03    1.494669e+02    1.494669e+02    -4.441640e-02    2.802772e-02  
  6   2  59   1.158363e+03    1.158363e+03    8.885035e+00    8.885035e+00    -9.750693e-03    1.876557e-02  
  6   2  60   1.984312e+03    1.984312e+03    8.903390e+01    8.903390e+01    -1.188571e-02    3.053842e-02  
  6   2  61   2.333289e+03    2.333289e+03    3.643831e+03    3.643831e+03    2.597403e-03    2.661505e-02  
  6   2  62   2.086922e+03    2.086922e+03    6.311492e+01    6.311492e+01    -3.584416e-02    2.805380e-02  
  6   3   1   7.440507e+02    7.440507e+02    1.165434e+01    1.165434e+01    1.966330e-02    3.808808e-02  
  6   3   2   7.522212e+02    7.522212e+02    1.101167e+01    1.101167e+01    6.552901e-03    2.431570e-02  
  6   3   3   7.842505e+02    7.842505e+02    1.295331e+01    1.295331e+01    2.739300e-02    3.288570e-02  
  6   3   4   7.991938e+02    7.991938e+02    1.460955e+01    1.460955e+01    -5.615385e-02    4.714130e-02  
  6   3   5   7.742986e+02    7.742986e+02    2.347890e+01    2.347890e+01    -1.382716e-02    5.028932e-02  
