1 1 1 133.062 133.062 995.008 995.008 0.000
1 1 2 137.041 137.041 1061.068 1061.068 0.000
1 1 3 141.019 141.019 1129.331 1129.331 0.000
1 1 4 144.997 144.997 1199.802 1199.802 0.000
1 1 5 148.976 148.976 1272.485 1272.485 0.000
1 1 6 151.704 151.704 1323.614 1323.614 0.000
1 1 7 155.682 155.682 1400.040 1400.040 0.000
1 1 8 159.661 159.661 1478.692 1478.692 0.000
1 1 9 163.639 163.639 1559.575 1559.575 0.000
1 1 10 167.617 167.617 1642.694 1642.694 0.000
1 1 11 171.596 171.596 1728.054 1728.054 0.000
1 1 12 175.574 175.574 1815.659 1815.659 0.000
1 1 13 179.553 179.553 1905.514 1905.514 0.000
1 1 14 183.531 183.531 1997.625 1997.625 0.000
1 1 15 187.509 187.509 2091.994 2091.994 0.000
1 1 16 191.488 191.488 2188.629 2188.629 0.000
1 1 17 195.466 195.466 2287.532 2287.532 0.000
1 1 18 199.444 199.444 2388.709 2388.709 0.000
1 1 19 203.423 203.423 2492.164 2492.164 0.000
1 1 20 207.401 207.401 2597.902 2597.902 0.000
1 1 21 211.379 211.379 2705.928 2705.928 0.000
1 1 22 215.358 215.358 2816.246 2816.246 0.000
1 1 23 219.336 219.336 2928.862 2928.862 0.000
1 2 1 139.062 139.062 1095.474 1095.474 0.000
1 2 2 143.139 143.139 1166.603 1166.603 0.000
1 2 3 147.215 147.215 1240.054 1240.054 0.000
1 2 4 151.292 151.292 1315.831 1315.831 0.000
1 2 5 155.369 155.369 1393.940 1393.940 0.000
1 2 6 159.446 159.446 1474.387 1474.387 0.000
1 2 7 163.523 163.523 1557.176 1557.176 0.000
1 2 8 167.599 167.599 1642.313 1642.313 0.000
1 2 9 171.676 171.676 1729.803 1729.803 0.000
1 2 10 175.753 175.753 1819.652 1819.652 0.000
1 2 11 179.830 179.830 1911.863 1911.863 0.000
1 2 12 183.907 183.907 2006.443 2006.443 0.000
1 2 13 187.983 187.983 2103.396 2103.396 0.000
1 2 14 192.060 192.060 2202.727 2202.727 0.000
1 2 15 196.137 196.137 2304.442 2304.442 0.000
1 2 16 200.214 200.214 2408.545 2408.545 0.000
1 2 17 204.291 204.291 2515.041 2515.041 0.000
1 2 18 208.367 208.367 2623.936 2623.936 0.000
1 2 19 212.444 212.444 2735.234 2735.234 0.000
1 2 20 216.521 216.521 2848.942 2848.942 0.000
1 2 21 220.598 220.598 2965.063 2965.063 0.000
1 2 22 224.675 224.675 3083.602 3083.602 0.000
1 2 23 228.751 228.751 3204.567 3204.567 0.000
1 2 24 232.828 232.828 3327.960 3327.960 0.000
1 2 25 236.905 236.905 3453.789 3453.789 0.000
1 2 26 240.982 240.982 3582.058 3582.058 0.000
1 2 27 245.059 245.059 3712.772 3712.772 0.000
1 2 28 249.135 249.135 3845.938 3845.938 0.000
1 2 29 253.212 253.212 3981.561 3981.561 0.000
1 2 30 257.289 257.289 4119.646 4119.646 0.000
1 2 31 261.366 261.366 4260.199 4260.199 0.000
1 2 32 265.443 265.443 4403.227 4403.227 0.000
1 2 33 269.519 269.519 4548.735 4548.735 0.000
1 2 34 273.596 273.596 4696.729 4696.729 0.000
1 2 35 277.673 277.673 4847.216 4847.216 0.000
1 2 36 281.750 281.750 5000.202 5000.202 0.000
1 2 37 285.827 285.827 5155.694 5155.694 0.000
1 2 38 289.903 289.903 5313.698 5313.698 0.000
1 2 39 293.980 293.980 5474.222 5474.222 0.000
1 2 40 298.057 298.057 5637.272 5637.272 0.000
1 2 41 302.134 302.134 5802.856 5802.856 0.000
1 2 42 306.211 306.211 5970.981 5970.981 0.000
1 2 43 310.287 310.287 6141.655 6141.655 0.000
1 2 44 314.364 314.364 6314.886 6314.886 0.000
1 2 45 318.441 318.441 6490.682 6490.682 0.000
1 2 46 322.518 322.518 6669.053 6669.053 0.000
1 2 47 326.595 326.595 6850.006 6850.006 0.000
1 2 48 330.671 330.671 7033.551 7033.551 0.000
1 2 49 334.748 334.748 7219.699 7219.699 0.000
1 2 50 338.825 338.825 7408.458 7408.458 0.000
1 2 51 342.902 342.902 7599.839 7599.839 0.000
1 2 52 346.979 346.979 7793.853 7793.853 0.000
1 2 53 351.055 351.055 7990.513 7990.513 0.000
1 2 54 355.132 355.132 8189.829 8189.829 0.000
1 2 55 359.209 359.209 8391.815 8391.815 0.000
1 2 56 363.286 363.286 8596.484 8596.484 0.000
1 2 57 367.363 367.363 8803.850 8803.850 0.000
1 2 58 371.439 371.439 9013.929 9013.929 0.000
1 2 59 375.516 375.516 9226.735 9226.735 0.000
1 2 60 379.593 379.593 9442.287 9442.287 0.000
1 2 61 383.670 383.670 9660.601 9660.601 0.000
1 2 62 387.747 387.747 9881.699 9881.699 0.000
1 3 1 218.151 218.151 2895.085 2895.085 0.000
1 3 2 221.598 221.598 2993.904 2993.904 0.000
1 3 3 225.044 225.044 3094.453 3094.453 0.000
1 3 4 228.490 228.490 3196.735 3196.735 0.000
1 3 5 231.936 231.936 3300.752 3300.752 0.000
2 1 1 75.738 75.738 96.967 96.967 0.570
2 1 2 114.149 114.149 60.601 60.601 -0.190
2 1 3 77.412 77.412 25.320 25.320 -0.209
2 1 4 112.705 112.705 35.468 35.468 0.281
2 1 5 148.976 148.976 1272.485 1272.485 0.000
2 1 6 499.986 499.986 20564.194 20564.194 2.634
2 1 7 127.088 127.088 29.131 29.131 -0.000
2 1 8 131.957 131.957 27.599 27.599 0.133
2 1 9 135.069 135.069 25.190 25.190 -0.075
2 1 10 167.617 167.617 1642.694 1642.694 0.000
2 1 11 145.468 145.468 23.473 23.473 -0.143
2 1 12 98.890 98.890 12.139 12.139 -0.259
2 1 13 140.064 140.064 19.201 19.201 -0.092
2 1 14 140.294 140.294 17.357 17.357 -0.342
2 1 15 135.887 135.887 15.908 15.908 -0.150
2 1 16 147.979 147.979 16.774 16.774 -0.145
2 1 17 146.544 146.544 15.119 15.119 -0.570
2 1 18 195.808 195.808 23.207 23.207 0.033
2 1 19 500.000 500.000 93.562 93.562 1.214
2 1 20 176.684 176.684 17.762 17.762 -0.210
2 1 21 211.379 211.379 2705.928 2705.928 0.000
2 1 22 204.521 204.521 20.790 20.790 -0.111
2 1 23 190.260 190.260 19.039 19.039 0.143
2 2 1 52.657 52.657 73.548 73.548 0.292
2 2 2 177.990 177.990 230.522 230.522 -0.033
2 2 3 177.082 177.082 193.730 193.730 -0.010
2 2 4 111.376 111.376 62.186 62.186 -0.219
2 2 5 146.275 146.275 98.491 98.491 0.079
2 2 6 167.531 167.531 102.833 102.833 0.117
2 2 7 159.770 159.770 81.510 81.510 -0.123
2 2 8 133.094 133.094 60.896 60.896 0.034
2 2 9 147.752 147.752 57.113 57.113 -0.343
2 2 10 200.418 200.418 86.138 86.138 -0.149
2 2 11 191.065 191.065 80.263 80.263 -0.085
2 2 12 204.392 204.392 83.996 83.996 -0.072
2 2 13 173.051 173.051 59.095 59.095 0.067
2 2 14 144.614 144.614 43.257 43.257 0.048
2 2 15 157.817 157.817 47.115 47.115 -0.012
2 2 16 177.234 177.234 51.494 51.494 -0.086
2 2 17 188.198 188.198 54.012 54.012 -0.080
2 2 18 137.406 137.406 31.429 31.429 0.001
2 2 19 138.629 138.629 30.683 30.683 -0.007
2 2 20 176.482 176.482 42.410 42.410 -0.046
2 2 21 141.789 141.789 28.575 28.575 0.010
2 2 22 188.363 188.363 42.809 42.809 0.020
2 2 23 171.963 171.963 36.181 36.181 -0.018
2 2 24 147.646 147.646 27.065 27.065 0.029
2 2 25 175.219 175.219 33.963 33.963 -0.048
2 2 26 180.345 180.345 34.442 34.442 -0.066
2 2 27 215.227 215.227 41.782 41.782 -0.165
2 2 28 190.353 190.353 34.487 34.487 -0.060
2 2 29 166.310 166.310 26.763 26.763 -0.165
2 2 30 167.663 167.663 26.414 26.414 -0.180
2 2 31 139.455 139.455 19.775 19.775 -0.053
2 2 32 251.261 251.261 44.840 44.840 -0.156
2 2 33 239.018 239.018 41.459 41.459 -0.018
2 2 34 289.984 289.984 54.221 54.221 -0.012
2 2 35 274.886 274.886 48.093 48.093 -0.077
2 2 36 239.096 239.096 38.352 38.352 -0.059
2 2 37 255.216 255.216 41.535 41.535 -0.024
2 2 38 318.816 318.816 55.465 55.465 -0.081
2 2 39 213.756 213.756 29.196 29.196 -0.302
2 2 40 230.863 230.863 32.561 32.561 -0.193
2 2 41 262.932 262.932 38.522 38.522 -0.146
2 2 42 239.153 239.153 33.188 33.188 -0.061
2 2 43 209.709 209.709 24.015 24.015 -0.555
2 2 44 283.978 283.978 40.623 40.623 -0.104
2 2 45 241.068 241.068 31.172 31.172 -0.138
2 2 46 256.833 256.833 33.337 33.337 -0.101
2 2 47 270.162 270.162 35.587 35.587 -0.083
2 2 48 289.260 289.260 37.855 37.855 -0.267
2 2 49 284.921 284.921 36.703 36.703 -0.117
2 2 50 307.458 307.458 40.422 40.422 -0.130
2 2 51 346.697 346.697 48.057 48.057 -0.050
2 2 52 326.024 326.024 42.164 42.164 -0.142
2 2 53 324.974 324.974 41.767 41.767 -0.093
2 2 54 325.832 325.832 41.319 41.319 -0.020
2 2 55 276.996 276.996 32.361 32.361 0.015
2 2 56 381.237 381.237 51.747 51.747 -0.027
2 2 57 316.123 316.123 38.155 38.155 -0.074
2 2 58 243.271 243.271 26.427 26.427 -0.128
2 2 59 260.189 260.189 29.484 29.484 -0.190
2 2 60 294.600 294.600 33.617 33.617 -0.084
2 2 61 324.211 324.211 37.056 37.056 -0.322
2 2 62 339.523 339.523 41.669 41.669 0.051
2 3 1 218.813 218.813 22.682 22.682 -0.730
2 3 2 277.644 277.644 31.042 31.042 0.027
2 3 3 250.898 250.898 25.306 25.306 -0.219
2 3 4 228.490 228.490 3196.735 3196.735 0.000
2 3 5 242.722 242.722 22.431 22.431 -0.552
3 1 1 133.062 133.062 995.008 995.008 0.000
3 1 2 137.041 137.041 1061.068 1061.068 0.000
3 1 3 141.019 141.019 1129.331 1129.331 0.000
3 1 4 144.997 144.997 1199.802 1199.802 0.000
3 1 5 148.976 148.976 1272.485 1272.485 0.000
3 1 6 151.704 151.704 1323.614 1323.614 0.000
3 1 7 155.682 155.682 1400.040 1400.040 0.000
3 1 8 159.661 159.661 1478.692 1478.692 0.000
3 1 9 163.639 163.639 1559.575 1559.575 0.000
3 1 10 167.617 167.617 1642.694 1642.694 0.000
3 1 11 171.596 171.596 1728.054 1728.054 0.000
3 1 12 175.574 175.574 1815.659 1815.659 0.000
3 1 13 179.553 179.553 1905.514 1905.514 0.000
3 1 14 183.531 183.531 1997.625 1997.625 0.000
3 1 15 187.509 187.509 2091.994 2091.994 0.000
3 1 16 191.488 191.488 2188.629 2188.629 0.000
3 1 17 195.466 195.466 2287.532 2287.532 0.000
3 1 18 199.444 199.444 2388.709 2388.709 0.000
3 1 19 203.423 203.423 2492.164 2492.164 0.000
3 1 20 207.401 207.401 2597.902 2597.902 0.000
3 1 21 211.379 211.379 2705.928 2705.928 0.000
3 1 22 215.358 215.358 2816.246 2816.246 0.000
3 1 23 219.336 219.336 2928.862 2928.862 0.000
3 2 1 139.062 139.062 1095.474 1095.474 0.000
3 2 2 143.139 143.139 1166.603 1166.603 0.000
3 2 3 147.215 147.215 1240.054 1240.054 0.000
3 2 4 151.292 151.292 1315.831 1315.831 0.000
3 2 5 155.369 155.369 1393.940 1393.940 0.000
3 2 6 159.446 159.446 1474.387 1474.387 0.000
3 2 7 163.523 163.523 1557.176 1557.176 0.000
3 2 8 167.599 167.599 1642.313 1642.313 0.000
3 2 9 171.676 171.676 1729.803 1729.803 0.000
3 2 10 175.753 175.753 1819.652 1819.652 0.000
3 2 11 179.830 179.830 1911.863 1911.863 0.000
3 2 12 183.907 183.907 2006.443 2006.443 0.000
3 2 13 187.983 187.983 2103.396 2103.396 0.000
3 2 14 192.060 192.060 2202.727 2202.727 0.000
3 2 15 196.137 196.137 2304.442 2304.442 0.000
3 2 16 200.214 200.214 2408.545 2408.545 0.000
3 2 17 204.291 204.291 2515.041 2515.041 0.000
3 2 18 208.367 208.367 2623.936 2623.936 0.000
3 2 19 212.444 212.444 2735.234 2735.234 0.000
3 2 20 216.521 216.521 2848.942 2848.942 0.000
3 2 21 220.598 220.598 2965.063 2965.063 0.000
3 2 22 224.675 224.675 3083.602 3083.602 0.000
3 2 23 228.751 228.751 3204.567 3204.567 0.000
3 2 24 232.828 232.828 3327.960 3327.960 0.000
3 2 25 236.905 236.905 3453.789 3453.789 0.000
3 2 26 240.982 240.982 3582.058 3582.058 0.000
3 2 27 245.059 245.059 3712.772 3712.772 0.000
3 2 28 249.135 249.135 3845.938 3845.938 0.000
3 2 29 253.212 253.212 3981.561 3981.561 0.000
3 2 30 257.289 257.289 4119.646 4119.646 0.000
3 2 31 261.366 261.366 4260.199 4260.199 0.000
3 2 32 265.443 265.443 4403.227 4403.227 0.000
3 2 33 269.519 269.519 4548.735 4548.735 0.000
3 2 34 273.596 273.596 4696.729 4696.729 0.000
3 2 35 277.673 277.673 4847.216 4847.216 0.000
3 2 36 281.750 281.750 5000.202 5000.202 0.000
3 2 37 285.827 285.827 5155.694 5155.694 0.000
3 2 38 289.903 289.903 5313.698 5313.698 0.000
3 2 39 293.980 293.980 5474.222 5474.222 0.000
3 2 40 298.057 298.057 5637.272 5637.272 0.000
3 2 41 302.134 302.134 5802.856 5802.856 0.000
3 2 42 306.211 306.211 5970.981 5970.981 0.000
3 2 43 310.287 310.287 6141.655 6141.655 0.000
3 2 44 314.364 314.364 6314.886 6314.886 0.000
3 2 45 318.441 318.441 6490.682 6490.682 0.000
3 2 46 322.518 322.518 6669.053 6669.053 0.000
3 2 47 326.595 326.595 6850.006 6850.006 0.000
3 2 48 330.671 330.671 7033.551 7033.551 0.000
3 2 49 334.748 334.748 7219.699 7219.699 0.000
3 2 50 338.825 338.825 7408.458 7408.458 0.000
3 2 51 342.902 342.902 7599.839 7599.839 0.000
3 2 52 346.979 346.979 7793.853 7793.853 0.000
3 2 53 351.055 351.055 7990.513 7990.513 0.000
3 2 54 355.132 355.132 8189.829 8189.829 0.000
3 2 55 359.209 359.209 8391.815 8391.815 0.000
3 2 56 363.286 363.286 8596.484 8596.484 0.000
3 2 57 367.363 367.363 8803.850 8803.850 0.000
3 2 58 371.439 371.439 9013.929 9013.929 0.000
3 2 59 375.516 375.516 9226.735 9226.735 0.000
3 2 60 379.593 379.593 9442.287 9442.287 0.000
3 2 61 383.670 383.670 9660.601 9660.601 0.000
3 2 62 387.747 387.747 9881.699 9881.699 0.000
3 3 1 218.151 218.151 2895.085 2895.085 0.000
3 3 2 221.598 221.598 2993.904 2993.904 0.000
3 3 3 225.044 225.044 3094.453 3094.453 0.000
3 3 4 228.490 228.490 3196.735 3196.735 0.000
3 3 5 231.936 231.936 3300.752 3300.752 0.000
4 1 1 133.062 133.062 995.008 995.008 0.000
4 1 2 137.041 137.041 1061.068 1061.068 0.000
4 1 3 141.019 141.019 1129.331 1129.331 0.000
4 1 4 144.997 144.997 1199.802 1199.802 0.000
4 1 5 148.976 148.976 1272.485 1272.485 0.000
4 1 6 151.704 151.704 1323.614 1323.614 0.000
4 1 7 155.682 155.682 1400.040 1400.040 0.000
4 1 8 159.661 159.661 1478.692 1478.692 0.000
4 1 9 163.639 163.639 1559.575 1559.575 0.000
4 1 10 167.617 167.617 1642.694 1642.694 0.000
4 1 11 171.596 171.596 1728.054 1728.054 0.000
4 1 12 175.574 175.574 1815.659 1815.659 0.000
4 1 13 179.553 179.553 1905.514 1905.514 0.000
4 1 14 183.531 183.531 1997.625 1997.625 0.000
4 1 15 187.509 187.509 2091.994 2091.994 0.000
4 1 16 191.488 191.488 2188.629 2188.629 0.000
4 1 17 195.466 195.466 2287.532 2287.532 0.000
4 1 18 199.444 199.444 2388.709 2388.709 0.000
4 1 19 203.423 203.423 2492.164 2492.164 0.000
4 1 20 207.401 207.401 2597.902 2597.902 0.000
4 1 21 211.379 211.379 2705.928 2705.928 0.000
4 1 22 215.358 215.358 2816.246 2816.246 0.000
4 1 23 219.336 219.336 2928.862 2928.862 0.000
4 2 1 139.062 139.062 1095.474 1095.474 0.000
4 2 2 143.139 143.139 1166.603 1166.603 0.000
4 2 3 147.215 147.215 1240.054 1240.054 0.000
4 2 4 151.292 151.292 1315.831 1315.831 0.000
4 2 5 155.369 155.369 1393.940 1393.940 0.000
4 2 6 159.446 159.446 1474.387 1474.387 0.000
4 2 7 163.523 163.523 1557.176 1557.176 0.000
4 2 8 167.599 167.599 1642.313 1642.313 0.000
4 2 9 171.676 171.676 1729.803 1729.803 0.000
4 2 10 175.753 175.753 1819.652 1819.652 0.000
4 2 11 179.830 179.830 1911.863 1911.863 0.000
4 2 12 183.907 183.907 2006.443 2006.443 0.000
4 2 13 187.983 187.983 2103.396 2103.396 0.000
4 2 14 192.060 192.060 2202.727 2202.727 0.000
4 2 15 196.137 196.137 2304.442 2304.442 0.000
4 2 16 200.214 200.214 2408.545 2408.545 0.000
4 2 17 204.291 204.291 2515.041 2515.041 0.000
4 2 18 208.367 208.367 2623.936 2623.936 0.000
4 2 19 212.444 212.444 2735.234 2735.234 0.000
4 2 20 216.521 216.521 2848.942 2848.942 0.000
4 2 21 220.598 220.598 2965.063 2965.063 0.000
4 2 22 224.675 224.675 3083.602 3083.602 0.000
4 2 23 228.751 228.751 3204.567 3204.567 0.000
4 2 24 232.828 232.828 3327.960 3327.960 0.000
4 2 25 236.905 236.905 3453.789 3453.789 0.000
4 2 26 240.982 240.982 3582.058 3582.058 0.000
4 2 27 245.059 245.059 3712.772 3712.772 0.000
4 2 28 249.135 249.135 3845.938 3845.938 0.000
4 2 29 253.212 253.212 3981.561 3981.561 0.000
4 2 30 257.289 257.289 4119.646 4119.646 0.000
4 2 31 261.366 261.366 4260.199 4260.199 0.000
4 2 32 265.443 265.443 4403.227 4403.227 0.000
4 2 33 269.519 269.519 4548.735 4548.735 0.000
4 2 34 273.596 273.596 4696.729 4696.729 0.000
4 2 35 277.673 277.673 4847.216 4847.216 0.000
4 2 36 281.750 281.750 5000.202 5000.202 0.000
4 2 37 285.827 285.827 5155.694 5155.694 0.000
4 2 38 289.903 289.903 5313.698 5313.698 0.000
4 2 39 293.980 293.980 5474.222 5474.222 0.000
4 2 40 298.057 298.057 5637.272 5637.272 0.000
4 2 41 302.134 302.134 5802.856 5802.856 0.000
4 2 42 306.211 306.211 5970.981 5970.981 0.000
4 2 43 310.287 310.287 6141.655 6141.655 0.000
4 2 44 314.364 314.364 6314.886 6314.886 0.000
4 2 45 318.441 318.441 6490.682 6490.682 0.000
4 2 46 322.518 322.518 6669.053 6669.053 0.000
4 2 47 326.595 326.595 6850.006 6850.006 0.000
4 2 48 330.671 330.671 7033.551 7033.551 0.000
4 2 49 334.748 334.748 7219.699 7219.699 0.000
4 2 50 338.825 338.825 7408.458 7408.458 0.000
4 2 51 342.902 342.902 7599.839 7599.839 0.000
4 2 52 346.979 346.979 7793.853 7793.853 0.000
4 2 53 351.055 351.055 7990.513 7990.513 0.000
4 2 54 355.132 355.132 8189.829 8189.829 0.000
4 2 55 359.209 359.209 8391.815 8391.815 0.000
4 2 56 363.286 363.286 8596.484 8596.484 0.000
4 2 57 367.363 367.363 8803.850 8803.850 0.000
4 2 58 371.439 371.439 9013.929 9013.929 0.000
4 2 59 375.516 375.516 9226.735 9226.735 0.000
4 2 60 379.593 379.593 9442.287 9442.287 0.000
4 2 61 383.670 383.670 9660.601 9660.601 0.000
4 2 62 387.747 387.747 9881.699 9881.699 0.000
4 3 1 218.151 218.151 2895.085 2895.085 0.000
4 3 2 221.598 221.598 2993.904 2993.904 0.000
4 3 3 225.044 225.044 3094.453 3094.453 0.000
4 3 4 228.490 228.490 3196.735 3196.735 0.000
4 3 5 231.936 231.936 3300.752 3300.752 0.000
5 1 1 133.062 133.062 995.008 995.008 0.000
5 1 2 137.041 137.041 1061.068 1061.068 0.000
5 1 3 141.019 141.019 1129.331 1129.331 0.000
5 1 4 144.997 144.997 1199.802 1199.802 0.000
5 1 5 148.976 148.976 1272.485 1272.485 0.000
5 1 6 151.704 151.704 1323.614 1323.614 0.000
5 1 7 155.682 155.682 1400.040 1400.040 0.000
5 1 8 159.661 159.661 1478.692 1478.692 0.000
5 1 9 163.639 163.639 1559.575 1559.575 0.000
5 1 10 167.617 167.617 1642.694 1642.694 0.000
5 1 11 171.596 171.596 1728.054 1728.054 0.000
5 1 12 175.574 175.574 1815.659 1815.659 0.000
5 1 13 179.553 179.553 1905.514 1905.514 0.000
5 1 14 183.531 183.531 1997.625 1997.625 0.000
5 1 15 187.509 187.509 2091.994 2091.994 0.000
5 1 16 191.488 191.488 2188.629 2188.629 0.000
5 1 17 195.466 195.466 2287.532 2287.532 0.000
5 1 18 199.444 199.444 2388.709 2388.709 0.000
5 1 19 203.423 203.423 2492.164 2492.164 0.000
5 1 20 207.401 207.401 2597.902 2597.902 0.000
5 1 21 211.379 211.379 2705.928 2705.928 0.000
5 1 22 215.358 215.358 2816.246 2816.246 0.000
5 1 23 219.336 219.336 2928.862 2928.862 0.000
5 2 1 139.062 139.062 1095.474 1095.474 0.000
5 2 2 143.139 143.139 1166.603 1166.603 0.000
5 2 3 147.215 147.215 1240.054 1240.054 0.000
5 2 4 151.292 151.292 1315.831 1315.831 0.000
5 2 5 155.369 155.369 1393.940 1393.940 0.000
5 2 6 159.446 159.446 1474.387 1474.387 0.000
5 2 7 163.523 163.523 1557.176 1557.176 0.000
5 2 8 167.599 167.599 1642.313 1642.313 0.000
5 2 9 171.676 171.676 1729.803 1729.803 0.000
5 2 10 175.753 175.753 1819.652 1819.652 0.000
5 2 11 179.830 179.830 1911.863 1911.863 0.000
5 2 12 183.907 183.907 2006.443 2006.443 0.000
5 2 13 187.983 187.983 2103.396 2103.396 0.000
5 2 14 192.060 192.060 2202.727 2202.727 0.000
5 2 15 196.137 196.137 2304.442 2304.442 0.000
5 2 16 200.214 200.214 2408.545 2408.545 0.000
5 2 17 204.291 204.291 2515.041 2515.041 0.000
5 2 18 208.367 208.367 2623.936 2623.936 0.000
5 2 19 212.444 212.444 2735.234 2735.234 0.000
5 2 20 216.521 216.521 2848.942 2848.942 0.000
5 2 21 220.598 220.598 2965.063 2965.063 0.000
5 2 22 224.675 224.675 3083.602 3083.602 0.000
5 2 23 228.751 228.751 3204.567 3204.567 0.000
5 2 24 232.828 232.828 3327.960 3327.960 0.000
5 2 25 236.905 236.905 3453.789 3453.789 0.000
5 2 26 240.982 240.982 3582.058 3582.058 0.000
5 2 27 245.059 245.059 3712.772 3712.772 0.000
5 2 28 249.135 249.135 3845.938 3845.938 0.000
5 2 29 253.212 253.212 3981.561 3981.561 0.000
5 2 30 257.289 257.289 4119.646 4119.646 0.000
5 2 31 261.366 261.366 4260.199 4260.199 0.000
5 2 32 265.443 265.443 4403.227 4403.227 0.000
5 2 33 269.519 269.519 4548.735 4548.735 0.000
5 2 34 273.596 273.596 4696.729 4696.729 0.000
5 2 35 277.673 277.673 4847.216 4847.216 0.000
5 2 36 281.750 281.750 5000.202 5000.202 0.000
5 2 37 285.827 285.827 5155.694 5155.694 0.000
5 2 38 289.903 289.903 5313.698 5313.698 0.000
5 2 39 293.980 293.980 5474.222 5474.222 0.000
5 2 40 298.057 298.057 5637.272 5637.272 0.000
5 2 41 302.134 302.134 5802.856 5802.856 0.000
5 2 42 306.211 306.211 5970.981 5970.981 0.000
5 2 43 310.287 310.287 6141.655 6141.655 0.000
5 2 44 314.364 314.364 6314.886 6314.886 0.000
5 2 45 318.441 318.441 6490.682 6490.682 0.000
5 2 46 322.518 322.518 6669.053 6669.053 0.000
5 2 47 326.595 326.595 6850.006 6850.006 0.000
5 2 48 330.671 330.671 7033.551 7033.551 0.000
5 2 49 334.748 334.748 7219.699 7219.699 0.000
5 2 50 338.825 338.825 7408.458 7408.458 0.000
5 2 51 342.902 342.902 7599.839 7599.839 0.000
5 2 52 346.979 346.979 7793.853 7793.853 0.000
5 2 53 351.055 351.055 7990.513 7990.513 0.000
5 2 54 355.132 355.132 8189.829 8189.829 0.000
5 2 55 359.209 359.209 8391.815 8391.815 0.000
5 2 56 363.286 363.286 8596.484 8596.484 0.000
5 2 57 367.363 367.363 8803.850 8803.850 0.000
5 2 58 371.439 371.439 9013.929 9013.929 0.000
5 2 59 375.516 375.516 9226.735 9226.735 0.000
5 2 60 379.593 379.593 9442.287 9442.287 0.000
5 2 61 383.670 383.670 9660.601 9660.601 0.000
5 2 62 387.747 387.747 9881.699 9881.699 0.000
5 3 1 218.151 218.151 2895.085 2895.085 0.000
5 3 2 221.598 221.598 2993.904 2993.904 0.000
5 3 3 225.044 225.044 3094.453 3094.453 0.000
5 3 4 228.490 228.490 3196.735 3196.735 0.000
5 3 5 231.936 231.936 3300.752 3300.752 0.000
6 1 1 133.062 133.062 995.008 995.008 0.000
6 1 2 137.041 137.041 1061.068 1061.068 0.000
6 1 3 141.019 141.019 1129.331 1129.331 0.000
6 1 4 144.997 144.997 1199.802 1199.802 0.000
6 1 5 148.976 148.976 1272.485 1272.485 0.000
6 1 6 151.704 151.704 1323.614 1323.614 0.000
6 1 7 155.682 155.682 1400.040 1400.040 0.000
6 1 8 159.661 159.661 1478.692 1478.692 0.000
6 1 9 163.639 163.639 1559.575 1559.575 0.000
6 1 10 167.617 167.617 1642.694 1642.694 0.000
6 1 11 171.596 171.596 1728.054 1728.054 0.000
6 1 12 175.574 175.574 1815.659 1815.659 0.000
6 1 13 179.553 179.553 1905.514 1905.514 0.000
6 1 14 183.531 183.531 1997.625 1997.625 0.000
6 1 15 187.509 187.509 2091.994 2091.994 0.000
6 1 16 191.488 191.488 2188.629 2188.629 0.000
6 1 17 195.466 195.466 2287.532 2287.532 0.000
6 1 18 199.444 199.444 2388.709 2388.709 0.000
6 1 19 203.423 203.423 2492.164 2492.164 0.000
6 1 20 207.401 207.401 2597.902 2597.902 0.000
6 1 21 211.379 211.379 2705.928 2705.928 0.000
6 1 22 215.358 215.358 2816.246 2816.246 0.000
6 1 23 219.336 219.336 2928.862 2928.862 0.000
6 2 1 139.062 139.062 1095.474 1095.474 0.000
6 2 2 143.139 143.139 1166.603 1166.603 0.000
6 2 3 147.215 147.215 1240.054 1240.054 0.000
6 2 4 151.292 151.292 1315.831 1315.831 0.000
6 2 5 155.369 155.369 1393.940 1393.940 0.000
6 2 6 159.446 159.446 1474.387 1474.387 0.000
6 2 7 163.523 163.523 1557.176 1557.176 0.000
6 2 8 167.599 167.599 1642.313 1642.313 0.000
6 2 9 171.676 171.676 1729.803 1729.803 0.000
6 2 10 175.753 175.753 1819.652 1819.652 0.000
6 2 11 179.830 179.830 1911.863 1911.863 0.000
6 2 12 183.907 183.907 2006.443 2006.443 0.000
6 2 13 187.983 187.983 2103.396 2103.396 0.000
6 2 14 192.060 192.060 2202.727 2202.727 0.000
6 2 15 196.137 196.137 2304.442 2304.442 0.000
6 2 16 200.214 200.214 2408.545 2408.545 0.000
6 2 17 204.291 204.291 2515.041 2515.041 0.000
6 2 18 208.367 208.367 2623.936 2623.936 0.000
6 2 19 212.444 212.444 2735.234 2735.234 0.000
6 2 20 216.521 216.521 2848.942 2848.942 0.000
6 2 21 220.598 220.598 2965.063 2965.063 0.000
6 2 22 224.675 224.675 3083.602 3083.602 0.000
6 2 23 228.751 228.751 3204.567 3204.567 0.000
6 2 24 232.828 232.828 3327.960 3327.960 0.000
6 2 25 236.905 236.905 3453.789 3453.789 0.000
6 2 26 240.982 240.982 3582.058 3582.058 0.000
6 2 27 245.059 245.059 3712.772 3712.772 0.000
6 2 28 249.135 249.135 3845.938 3845.938 0.000
6 2 29 253.212 253.212 3981.561 3981.561 0.000
6 2 30 257.289 257.289 4119.646 4119.646 0.000
6 2 31 261.366 261.366 4260.199 4260.199 0.000
6 2 32 265.443 265.443 4403.227 4403.227 0.000
6 2 33 269.519 269.519 4548.735 4548.735 0.000
6 2 34 273.596 273.596 4696.729 4696.729 0.000
6 2 35 277.673 277.673 4847.216 4847.216 0.000
6 2 36 281.750 281.750 5000.202 5000.202 0.000
6 2 37 285.827 285.827 5155.694 5155.694 0.000
6 2 38 289.903 289.903 5313.698 5313.698 0.000
6 2 39 293.980 293.980 5474.222 5474.222 0.000
6 2 40 298.057 298.057 5637.272 5637.272 0.000
6 2 41 302.134 302.134 5802.856 5802.856 0.000
6 2 42 306.211 306.211 5970.981 5970.981 0.000
6 2 43 310.287 310.287 6141.655 6141.655 0.000
6 2 44 314.364 314.364 6314.886 6314.886 0.000
6 2 45 318.441 318.441 6490.682 6490.682 0.000
6 2 46 322.518 322.518 6669.053 6669.053 0.000
6 2 47 326.595 326.595 6850.006 6850.006 0.000
6 2 48 330.671 330.671 7033.551 7033.551 0.000
6 2 49 334.748 334.748 7219.699 7219.699 0.000
6 2 50 338.825 338.825 7408.458 7408.458 0.000
6 2 51 342.902 342.902 7599.839 7599.839 0.000
6 2 52 346.979 346.979 7793.853 7793.853 0.000
6 2 53 351.055 351.055 7990.513 7990.513 0.000
6 2 54 355.132 355.132 8189.829 8189.829 0.000
6 2 55 359.209 359.209 8391.815 8391.815 0.000
6 2 56 363.286 363.286 8596.484 8596.484 0.000
6 2 57 367.363 367.363 8803.850 8803.850 0.000
6 2 58 371.439 371.439 9013.929 9013.929 0.000
6 2 59 375.516 375.516 9226.735 9226.735 0.000
6 2 60 379.593 379.593 9442.287 9442.287 0.000
6 2 61 383.670 383.670 9660.601 9660.601 0.000
6 2 62 387.747 387.747 9881.699 9881.699 0.000
6 3 1 218.151 218.151 2895.085 2895.085 0.000
6 3 2 221.598 221.598 2993.904 2993.904 0.000
6 3 3 225.044 225.044 3094.453 3094.453 0.000
6 3 4 228.490 228.490 3196.735 3196.735 0.000
6 3 5 231.936 231.936 3300.752 3300.752 0.000
