1 1 1 43.881 0.500 0.000 42.329 0.500 0.000
1 1 2 41.516 0.500 0.000 40.541 0.500 0.000
1 1 3 42.509 0.500 0.000 40.718 0.500 0.000
1 1 4 40.587 0.500 0.000 39.268 0.500 0.000
1 1 5 41.363 0.500 0.000 44.905 0.500 0.000
1 1 6 39.872 0.500 0.000 41.480 0.500 0.000
1 1 7 36.872 0.500 0.000 42.474 0.500 0.000
1 1 8 36.303 0.500 0.000 39.101 0.500 0.000
1 1 9 40.375 0.500 0.000 41.251 0.500 0.000
1 1 10 38.395 0.500 0.000 31.531 0.500 0.000
1 1 11 39.308 0.500 0.000 43.616 0.500 0.000
1 1 12 42.466 0.500 0.000 40.339 0.500 0.000
1 1 13 38.145 0.500 0.000 36.044 0.500 0.000
1 1 14 33.533 0.500 0.000 42.687 0.500 0.000
1 1 15 36.262 0.500 0.000 39.317 0.500 0.000
1 1 16 39.193 0.500 0.000 39.565 0.500 0.000
1 1 17 44.642 0.500 0.000 25.862 0.500 0.000
1 1 18 40.000 0.500 0.000 40.000 0.500 0.000
1 1 19 36.414 0.500 0.000 45.574 0.500 0.000
1 1 20 0.001 0.500 0.000 33.377 0.500 0.000
1 1 21 40.053 0.500 0.000 81.783 0.500 0.000
1 1 22 44.042 0.500 0.000 113.727 0.500 0.000
1 1 23 40.000 0.500 0.000 0.001 0.500 0.000
1 2 1 43.305 0.500 0.000 41.296 0.500 0.000
1 2 2 39.906 0.500 0.000 39.290 0.500 0.000
1 2 3 40.750 0.500 0.000 44.923 0.500 0.000
1 2 4 48.236 0.500 0.000 41.952 0.500 0.000
1 2 5 45.398 0.500 0.000 46.685 0.500 0.000
1 2 6 42.140 0.500 0.000 53.297 0.500 0.000
1 2 7 43.222 0.500 0.000 41.139 0.500 0.000
1 2 8 45.891 0.500 0.000 48.851 0.500 0.000
1 2 9 40.515 0.500 0.000 40.119 0.500 0.000
1 2 10 42.055 0.500 0.000 39.384 0.500 0.000
1 2 11 41.832 0.500 0.000 42.055 0.500 0.000
1 2 12 32.623 0.500 0.000 34.693 0.500 0.000
1 2 13 43.754 0.500 0.000 33.793 0.500 0.000
1 2 14 36.669 0.500 0.000 51.775 0.500 0.000
1 2 15 42.764 0.500 0.000 48.761 0.500 0.000
1 2 16 36.680 0.500 0.000 42.396 0.500 0.000
1 2 17 40.074 0.500 0.000 39.386 0.500 0.000
1 2 18 40.283 0.500 0.000 40.945 0.500 0.000
1 2 19 40.736 0.500 0.000 51.730 0.500 0.000
1 2 20 37.535 0.500 0.000 42.392 0.500 0.000
1 2 21 27.444 0.500 0.000 32.488 0.500 0.000
1 2 22 50.098 0.500 0.000 50.177 0.500 0.000
1 2 23 31.063 0.500 0.000 18.360 0.500 0.000
1 2 24 53.858 0.500 0.000 51.030 0.500 0.000
1 2 25 37.760 0.500 0.000 40.207 0.500 0.000
1 2 26 39.336 0.500 0.000 18.159 0.500 0.000
1 2 27 20.919 0.500 0.000 24.251 0.500 0.000
1 2 28 44.211 0.500 0.000 28.626 0.500 0.000
1 2 29 0.000 0.500 0.000 39.794 0.500 0.000
1 2 30 84.605 0.500 0.000 81.135 0.500 0.000
1 2 31 32.748 0.500 0.000 24.994 0.500 0.000
1 2 32 52.683 0.500 0.000 44.988 0.500 0.000
1 2 33 41.485 0.500 0.000 47.000 0.500 0.000
1 2 34 53.004 0.500 0.000 82.442 0.500 0.000
1 2 35 0.000 0.500 0.000 17.067 0.500 0.000
1 2 36 34.825 0.500 0.000 40.874 0.500 0.000
1 2 37 31.066 0.500 0.000 0.004 0.500 0.000
1 2 38 54.646 0.500 0.000 47.666 0.500 0.000
1 2 39 31.630 0.500 0.000 33.431 0.500 0.000
1 2 40 37.354 0.500 0.000 41.474 0.500 0.000
1 2 41 48.310 0.500 0.000 43.532 0.500 0.000
1 2 42 30.481 0.500 0.000 32.569 0.500 0.000
1 2 43 33.053 0.500 0.000 1.733 0.500 0.000
1 2 44 58.689 0.500 0.000 51.327 0.500 0.000
1 2 45 42.840 0.500 0.000 51.002 0.500 0.000
1 2 46 40.180 0.500 0.000 39.374 0.500 0.000
1 2 47 26.805 0.500 0.000 19.166 0.500 0.000
1 2 48 49.395 0.500 0.000 75.134 0.500 0.000
1 2 49 29.178 0.500 0.000 34.628 0.500 0.000
1 2 50 42.412 0.500 0.000 0.000 0.500 0.000
1 2 51 84.886 0.500 0.000 95.994 0.500 0.000
1 2 52 0.001 0.500 0.000 39.654 0.500 0.000
1 2 53 0.661 0.500 0.000 39.999 0.500 0.000
1 2 54 199.996 0.500 0.000 0.020 0.500 0.000
1 2 55 46.549 0.500 0.000 40.000 0.500 0.000
1 2 56 40.000 0.500 0.000 35.054 0.500 0.000
1 2 57 200.000 0.500 0.000 40.000 0.500 0.000
1 2 58 40.000 0.500 0.000 40.000 0.500 0.000
1 2 59 40.000 0.500 0.000 40.000 0.500 0.000
1 2 60 40.000 0.500 0.000 40.000 0.500 0.000
1 2 61 40.000 0.500 0.000 40.000 0.500 0.000
1 2 62 40.000 0.500 0.000 40.000 0.500 0.000
1 3 1 40.000 0.500 0.000 119.414 0.500 0.000
1 3 2 40.000 0.500 0.000 40.000 0.500 0.000
1 3 3 40.000 0.500 0.000 40.000 0.500 0.000
1 3 4 40.000 0.500 0.000 40.000 0.500 0.000
1 3 5 40.000 0.500 0.000 40.000 0.500 0.000
2 1 1 41.705 0.500 0.000 40.874 0.500 0.000
2 1 2 41.639 0.500 0.000 40.553 0.500 0.000
2 1 3 40.618 0.500 0.000 43.145 0.500 0.000
2 1 4 41.644 0.500 0.000 42.695 0.500 0.000
2 1 5 38.604 0.500 0.000 42.101 0.500 0.000
2 1 6 43.052 0.500 0.000 43.316 0.500 0.000
2 1 7 38.577 0.500 0.000 43.971 0.500 0.000
2 1 8 40.485 0.500 0.000 39.003 0.500 0.000
2 1 9 41.965 0.500 0.000 37.979 0.500 0.000
2 1 10 40.219 0.500 0.000 36.882 0.500 0.000
2 1 11 42.824 0.500 0.000 46.777 0.500 0.000
2 1 12 36.608 0.500 0.000 37.723 0.500 0.000
2 1 13 34.486 0.500 0.000 35.200 0.500 0.000
2 1 14 36.344 0.500 0.000 29.376 0.500 0.000
2 1 15 41.453 0.500 0.000 38.671 0.500 0.000
2 1 16 38.760 0.500 0.000 46.473 0.500 0.000
2 1 17 38.638 0.500 0.000 41.400 0.500 0.000
2 1 18 32.161 0.500 0.000 29.412 0.500 0.000
2 1 19 29.003 0.500 0.000 57.671 0.500 0.000
2 1 20 59.581 0.500 0.000 43.206 0.500 0.000
2 1 21 37.459 0.500 0.000 43.675 0.500 0.000
2 1 22 59.872 0.500 0.000 39.666 0.500 0.000
2 1 23 108.332 0.500 0.000 40.000 0.500 0.000
2 2 1 47.081 0.500 0.000 44.447 0.500 0.000
2 2 2 37.614 0.500 0.000 46.060 0.500 0.000
2 2 3 44.079 0.500 0.000 46.878 0.500 0.000
2 2 4 41.386 0.500 0.000 38.573 0.500 0.000
2 2 5 47.486 0.500 0.000 37.296 0.500 0.000
2 2 6 39.994 0.500 0.000 40.086 0.500 0.000
2 2 7 40.353 0.500 0.000 44.742 0.500 0.000
2 2 8 43.785 0.500 0.000 41.246 0.500 0.000
2 2 9 41.826 0.500 0.000 43.620 0.500 0.000
2 2 10 44.440 0.500 0.000 49.875 0.500 0.000
2 2 11 43.204 0.500 0.000 49.023 0.500 0.000
2 2 12 38.179 0.500 0.000 39.463 0.500 0.000
2 2 13 42.632 0.500 0.000 50.063 0.500 0.000
2 2 14 42.371 0.500 0.000 41.183 0.500 0.000
2 2 15 38.760 0.500 0.000 41.389 0.500 0.000
2 2 16 38.999 0.500 0.000 38.416 0.500 0.000
2 2 17 33.840 0.500 0.000 30.850 0.500 0.000
2 2 18 34.457 0.500 0.000 42.179 0.500 0.000
2 2 19 42.547 0.500 0.000 44.370 0.500 0.000
2 2 20 31.197 0.500 0.000 39.805 0.500 0.000
2 2 21 44.345 0.500 0.000 45.420 0.500 0.000
2 2 22 30.181 0.500 0.000 35.889 0.500 0.000
2 2 23 35.585 0.500 0.000 38.455 0.500 0.000
2 2 24 5.227 0.500 0.000 33.950 0.500 0.000
2 2 25 33.923 0.500 0.000 34.549 0.500 0.000
2 2 26 60.326 0.500 0.000 47.064 0.500 0.000
2 2 27 46.461 0.500 0.000 40.519 0.500 0.000
2 2 28 41.951 0.500 0.000 48.858 0.500 0.000
2 2 29 33.291 0.500 0.000 30.620 0.500 0.000
2 2 30 43.513 0.500 0.000 39.870 0.500 0.000
2 2 31 51.273 0.500 0.000 54.246 0.500 0.000
2 2 32 51.836 0.500 0.000 41.451 0.500 0.000
2 2 33 50.965 0.500 0.000 41.023 0.500 0.000
2 2 34 63.826 0.500 0.000 91.642 0.500 0.000
2 2 35 76.814 0.500 0.000 76.603 0.500 0.000
2 2 36 45.129 0.500 0.000 36.061 0.500 0.000
2 2 37 45.681 0.500 0.000 67.782 0.500 0.000
2 2 38 11.954 0.500 0.000 17.406 0.500 0.000
2 2 39 46.090 0.500 0.000 46.359 0.500 0.000
2 2 40 35.781 0.500 0.000 34.215 0.500 0.000
2 2 41 38.047 0.500 0.000 22.178 0.500 0.000
2 2 42 23.324 0.500 0.000 36.666 0.500 0.000
2 2 43 74.643 0.500 0.000 79.438 0.500 0.000
2 2 44 49.468 0.500 0.000 21.017 0.500 0.000
2 2 45 58.469 0.500 0.000 39.890 0.500 0.000
2 2 46 51.616 0.500 0.000 33.362 0.500 0.000
2 2 47 0.000 0.500 0.000 59.474 0.500 0.000
2 2 48 0.000 0.500 0.000 56.708 0.500 0.000
2 2 49 45.920 0.500 0.000 33.000 0.500 0.000
2 2 50 33.554 0.500 0.000 43.537 0.500 0.000
2 2 51 20.194 0.500 0.000 23.877 0.500 0.000
2 2 52 13.835 0.500 0.000 79.148 0.500 0.000
2 2 53 0.022 0.500 0.000 13.863 0.500 0.000
2 2 54 38.564 0.500 0.000 51.412 0.500 0.000
2 2 55 40.000 0.500 0.000 37.579 0.500 0.000
2 2 56 40.000 0.500 0.000 40.000 0.500 0.000
2 2 57 40.000 0.500 0.000 40.000 0.500 0.000
2 2 58 40.000 0.500 0.000 40.000 0.500 0.000
2 2 59 40.000 0.500 0.000 40.000 0.500 0.000
2 2 60 40.000 0.500 0.000 40.000 0.500 0.000
2 2 61 40.000 0.500 0.000 40.000 0.500 0.000
2 2 62 40.000 0.500 0.000 40.000 0.500 0.000
2 3 1 30.823 0.500 0.000 34.124 0.500 0.000
2 3 2 40.000 0.500 0.000 40.000 0.500 0.000
2 3 3 40.000 0.500 0.000 40.000 0.500 0.000
2 3 4 40.000 0.500 0.000 40.000 0.500 0.000
2 3 5 40.000 0.500 0.000 40.000 0.500 0.000
3 1 1 42.392 0.500 0.000 42.316 0.500 0.000
3 1 2 41.149 0.500 0.000 41.260 0.500 0.000
3 1 3 39.402 0.500 0.000 46.616 0.500 0.000
3 1 4 38.442 0.500 0.000 40.979 0.500 0.000
3 1 5 41.228 0.500 0.000 44.232 0.500 0.000
3 1 6 41.528 0.500 0.000 36.848 0.500 0.000
3 1 7 43.697 0.500 0.000 40.367 0.500 0.000
3 1 8 37.960 0.500 0.000 42.649 0.500 0.000
3 1 9 40.172 0.500 0.000 39.445 0.500 0.000
3 1 10 42.433 0.500 0.000 32.281 0.500 0.000
3 1 11 39.829 0.500 0.000 41.218 0.500 0.000
3 1 12 34.463 0.500 0.000 39.723 0.500 0.000
3 1 13 42.707 0.500 0.000 42.878 0.500 0.000
3 1 14 44.248 0.500 0.000 38.954 0.500 0.000
3 1 15 34.891 0.500 0.000 33.291 0.500 0.000
3 1 16 35.984 0.500 0.000 42.510 0.500 0.000
3 1 17 30.926 0.500 0.000 36.599 0.500 0.000
3 1 18 44.653 0.500 0.000 39.162 0.500 0.000
3 1 19 43.847 0.500 0.000 40.839 0.500 0.000
3 1 20 36.491 0.500 0.000 39.801 0.500 0.000
3 1 21 3.890 0.500 0.000 36.976 0.500 0.000
3 1 22 127.063 0.500 0.000 55.668 0.500 0.000
3 1 23 40.000 0.500 0.000 22.719 0.500 0.000
3 2 1 43.139 0.500 0.000 40.452 0.500 0.000
3 2 2 45.156 0.500 0.000 38.502 0.500 0.000
3 2 3 42.280 0.500 0.000 36.888 0.500 0.000
3 2 4 41.960 0.500 0.000 40.068 0.500 0.000
3 2 5 45.583 0.500 0.000 42.248 0.500 0.000
3 2 6 47.295 0.500 0.000 41.004 0.500 0.000
3 2 7 47.254 0.500 0.000 36.373 0.500 0.000
3 2 8 48.312 0.500 0.000 40.604 0.500 0.000
3 2 9 38.601 0.500 0.000 44.758 0.500 0.000
3 2 10 46.673 0.500 0.000 43.460 0.500 0.000
3 2 11 48.837 0.500 0.000 42.597 0.500 0.000
3 2 12 43.404 0.500 0.000 44.336 0.500 0.000
3 2 13 45.059 0.500 0.000 42.768 0.500 0.000
3 2 14 46.784 0.500 0.000 48.004 0.500 0.000
3 2 15 42.353 0.500 0.000 34.725 0.500 0.000
3 2 16 43.617 0.500 0.000 39.920 0.500 0.000
3 2 17 42.561 0.500 0.000 37.751 0.500 0.000
3 2 18 45.542 0.500 0.000 36.441 0.500 0.000
3 2 19 43.656 0.500 0.000 21.664 0.500 0.000
3 2 20 39.138 0.500 0.000 50.101 0.500 0.000
3 2 21 38.519 0.500 0.000 38.251 0.500 0.000
3 2 22 33.393 0.500 0.000 34.367 0.500 0.000
3 2 23 36.772 0.500 0.000 52.367 0.500 0.000
3 2 24 25.502 0.500 0.000 18.341 0.500 0.000
3 2 25 44.966 0.500 0.000 46.253 0.500 0.000
3 2 26 43.381 0.500 0.000 35.852 0.500 0.000
3 2 27 39.234 0.500 0.000 46.370 0.500 0.000
3 2 28 52.803 0.500 0.000 47.396 0.500 0.000
3 2 29 57.363 0.500 0.000 53.844 0.500 0.000
3 2 30 53.030 0.500 0.000 73.490 0.500 0.000
3 2 31 38.615 0.500 0.000 43.290 0.500 0.000
3 2 32 28.440 0.500 0.000 37.118 0.500 0.000
3 2 33 28.689 0.500 0.000 0.509 0.500 0.000
3 2 34 47.807 0.500 0.000 45.794 0.500 0.000
3 2 35 48.781 0.500 0.000 43.079 0.500 0.000
3 2 36 7.382 0.500 0.000 45.219 0.500 0.000
3 2 37 34.317 0.500 0.000 39.486 0.500 0.000
3 2 38 48.154 0.500 0.000 49.262 0.500 0.000
3 2 39 57.480 0.500 0.000 39.157 0.500 0.000
3 2 40 25.249 0.500 0.000 13.346 0.500 0.000
3 2 41 48.373 0.500 0.000 42.884 0.500 0.000
3 2 42 35.808 0.500 0.000 0.001 0.500 0.000
3 2 43 30.376 0.500 0.000 34.327 0.500 0.000
3 2 44 41.464 0.500 0.000 35.876 0.500 0.000
3 2 45 27.618 0.500 0.000 55.087 0.500 0.000
3 2 46 99.686 0.500 0.000 87.998 0.500 0.000
3 2 47 45.143 0.500 0.000 42.054 0.500 0.000
3 2 48 62.529 0.500 0.000 36.469 0.500 0.000
3 2 49 39.173 0.500 0.000 14.566 0.500 0.000
3 2 50 110.613 0.500 0.000 123.698 0.500 0.000
3 2 51 111.702 0.500 0.000 147.804 0.500 0.000
3 2 52 0.002 0.500 0.000 98.161 0.500 0.000
3 2 53 95.669 0.500 0.000 149.636 0.500 0.000
3 2 54 40.534 0.500 0.000 11.637 0.500 0.000
3 2 55 34.033 0.500 0.000 199.999 0.500 0.000
3 2 56 40.000 0.500 0.000 40.000 0.500 0.000
3 2 57 37.225 0.500 0.000 40.000 0.500 0.000
3 2 58 40.000 0.500 0.000 40.000 0.500 0.000
3 2 59 40.000 0.500 0.000 40.000 0.500 0.000
3 2 60 40.000 0.500 0.000 40.000 0.500 0.000
3 2 61 40.000 0.500 0.000 40.000 0.500 0.000
3 2 62 40.000 0.500 0.000 40.000 0.500 0.000
3 3 1 38.672 0.500 0.000 0.001 0.500 0.000
3 3 2 40.000 0.500 0.000 40.000 0.500 0.000
3 3 3 40.000 0.500 0.000 40.000 0.500 0.000
3 3 4 40.000 0.500 0.000 40.000 0.500 0.000
3 3 5 40.000 0.500 0.000 40.000 0.500 0.000
4 1 1 41.748 0.500 0.000 41.227 0.500 0.000
4 1 2 40.862 0.500 0.000 40.624 0.500 0.000
4 1 3 40.543 0.500 0.000 44.350 0.500 0.000
4 1 4 41.638 0.500 0.000 39.738 0.500 0.000
4 1 5 40.855 0.500 0.000 40.103 0.500 0.000
4 1 6 38.677 0.500 0.000 41.248 0.500 0.000
4 1 7 43.115 0.500 0.000 39.477 0.500 0.000
4 1 8 39.190 0.500 0.000 40.536 0.500 0.000
4 1 9 38.031 0.500 0.000 37.172 0.500 0.000
4 1 10 36.219 0.500 0.000 37.887 0.500 0.000
4 1 11 39.268 0.500 0.000 28.723 0.500 0.000
4 1 12 39.852 0.500 0.000 40.773 0.500 0.000
4 1 13 29.893 0.500 0.000 38.985 0.500 0.000
4 1 14 37.237 0.500 0.000 32.925 0.500 0.000
4 1 15 33.452 0.500 0.000 33.355 0.500 0.000
4 1 16 41.986 0.500 0.000 37.474 0.500 0.000
4 1 17 37.693 0.500 0.000 31.964 0.500 0.000
4 1 18 38.996 0.500 0.000 36.234 0.500 0.000
4 1 19 39.124 0.500 0.000 39.986 0.500 0.000
4 1 20 33.413 0.500 0.000 32.839 0.500 0.000
4 1 21 46.335 0.500 0.000 40.272 0.500 0.000
4 1 22 115.308 0.500 0.000 46.749 0.500 0.000
4 1 23 40.000 0.500 0.000 40.000 0.500 0.000
4 2 1 42.396 0.500 0.000 38.625 0.500 0.000
4 2 2 40.532 0.500 0.000 44.117 0.500 0.000
4 2 3 34.121 0.500 0.000 40.731 0.500 0.000
4 2 4 46.889 0.500 0.000 47.285 0.500 0.000
4 2 5 46.537 0.500 0.000 42.351 0.500 0.000
4 2 6 48.770 0.500 0.000 40.192 0.500 0.000
4 2 7 43.529 0.500 0.000 42.215 0.500 0.000
4 2 8 40.162 0.500 0.000 40.292 0.500 0.000
4 2 9 41.469 0.500 0.000 42.556 0.500 0.000
4 2 10 47.969 0.500 0.000 40.283 0.500 0.000
4 2 11 40.250 0.500 0.000 36.352 0.500 0.000
4 2 12 40.396 0.500 0.000 44.458 0.500 0.000
4 2 13 45.085 0.500 0.000 43.504 0.500 0.000
4 2 14 50.463 0.500 0.000 39.766 0.500 0.000
4 2 15 43.631 0.500 0.000 47.458 0.500 0.000
4 2 16 48.744 0.500 0.000 44.088 0.500 0.000
4 2 17 51.858 0.500 0.000 47.253 0.500 0.000
4 2 18 40.691 0.500 0.000 46.100 0.500 0.000
4 2 19 38.744 0.500 0.000 40.564 0.500 0.000
4 2 20 45.427 0.500 0.000 43.622 0.500 0.000
4 2 21 42.173 0.500 0.000 54.776 0.500 0.000
4 2 22 31.901 0.500 0.000 21.344 0.500 0.000
4 2 23 51.635 0.500 0.000 49.374 0.500 0.000
4 2 24 50.685 0.500 0.000 45.029 0.500 0.000
4 2 25 49.107 0.500 0.000 45.992 0.500 0.000
4 2 26 29.058 0.500 0.000 27.985 0.500 0.000
4 2 27 70.822 0.500 0.000 57.094 0.500 0.000
4 2 28 33.329 0.500 0.000 31.549 0.500 0.000
4 2 29 38.547 0.500 0.000 43.405 0.500 0.000
4 2 30 67.147 0.500 0.000 57.240 0.500 0.000
4 2 31 35.034 0.500 0.000 32.614 0.500 0.000
4 2 32 76.569 0.500 0.000 74.616 0.500 0.000
4 2 33 0.008 0.500 0.000 24.150 0.500 0.000
4 2 34 34.913 0.500 0.000 25.711 0.500 0.000
4 2 35 44.708 0.500 0.000 62.130 0.500 0.000
4 2 36 59.078 0.500 0.000 67.423 0.500 0.000
4 2 37 41.557 0.500 0.000 42.117 0.500 0.000
4 2 38 41.910 0.500 0.000 45.925 0.500 0.000
4 2 39 12.305 0.500 0.000 19.296 0.500 0.000
4 2 40 99.450 0.500 0.000 79.857 0.500 0.000
4 2 41 43.583 0.500 0.000 55.870 0.500 0.000
4 2 42 84.441 0.500 0.000 42.186 0.500 0.000
4 2 43 0.035 0.500 0.000 6.947 0.500 0.000
4 2 44 19.461 0.500 0.000 31.233 0.500 0.000
4 2 45 48.142 0.500 0.000 43.531 0.500 0.000
4 2 46 43.262 0.500 0.000 62.213 0.500 0.000
4 2 47 0.000 0.500 0.000 9.886 0.500 0.000
4 2 48 102.997 0.500 0.000 80.174 0.500 0.000
4 2 49 135.979 0.500 0.000 96.978 0.500 0.000
4 2 50 87.221 0.500 0.000 94.691 0.500 0.000
4 2 51 65.589 0.500 0.000 76.925 0.500 0.000
4 2 52 49.146 0.500 0.000 40.294 0.500 0.000
4 2 53 41.346 0.500 0.000 93.550 0.500 0.000
4 2 54 199.362 0.500 0.000 0.003 0.500 0.000
4 2 55 35.216 0.500 0.000 0.100 0.500 0.000
4 2 56 140.892 0.500 0.000 189.586 0.500 0.000
4 2 57 40.000 0.500 0.000 40.000 0.500 0.000
4 2 58 40.000 0.500 0.000 40.000 0.500 0.000
4 2 59 40.000 0.500 0.000 40.000 0.500 0.000
4 2 60 40.000 0.500 0.000 40.000 0.500 0.000
4 2 61 40.000 0.500 0.000 40.000 0.500 0.000
4 2 62 40.000 0.500 0.000 40.000 0.500 0.000
4 3 1 29.885 0.500 0.000 39.732 0.500 0.000
4 3 2 40.000 0.500 0.000 40.000 0.500 0.000
4 3 3 40.000 0.500 0.000 40.000 0.500 0.000
4 3 4 40.000 0.500 0.000 40.000 0.500 0.000
4 3 5 40.000 0.500 0.000 40.000 0.500 0.000
5 1 1 40.343 0.500 0.000 40.835 0.500 0.000
5 1 2 39.436 0.500 0.000 44.207 0.500 0.000
5 1 3 41.866 0.500 0.000 39.519 0.500 0.000
5 1 4 40.166 0.500 0.000 40.188 0.500 0.000
5 1 5 42.230 0.500 0.000 39.100 0.500 0.000
5 1 6 38.421 0.500 0.000 40.094 0.500 0.000
5 1 7 39.630 0.500 0.000 39.069 0.500 0.000
5 1 8 39.434 0.500 0.000 38.567 0.500 0.000
5 1 9 36.470 0.500 0.000 38.100 0.500 0.000
5 1 10 37.891 0.500 0.000 36.454 0.500 0.000
5 1 11 41.019 0.500 0.000 36.330 0.500 0.000
5 1 12 38.184 0.500 0.000 40.493 0.500 0.000
5 1 13 44.787 0.500 0.000 38.091 0.500 0.000
5 1 14 39.973 0.500 0.000 27.576 0.500 0.000
5 1 15 44.857 0.500 0.000 40.307 0.500 0.000
5 1 16 33.202 0.500 0.000 34.002 0.500 0.000
5 1 17 38.743 0.500 0.000 40.865 0.500 0.000
5 1 18 40.000 0.500 0.000 40.000 0.500 0.000
5 1 19 42.400 0.500 0.000 21.915 0.500 0.000
5 1 20 45.606 0.500 0.000 53.447 0.500 0.000
5 1 21 30.743 0.500 0.000 44.708 0.500 0.000
5 1 22 199.989 0.500 0.000 0.000 0.500 0.000
5 1 23 41.183 0.500 0.000 39.700 0.500 0.000
5 2 1 37.783 0.500 0.000 40.907 0.500 0.000
5 2 2 42.807 0.500 0.000 45.436 0.500 0.000
5 2 3 46.943 0.500 0.000 41.547 0.500 0.000
5 2 4 35.533 0.500 0.000 38.069 0.500 0.000
5 2 5 45.992 0.500 0.000 41.809 0.500 0.000
5 2 6 44.371 0.500 0.000 40.521 0.500 0.000
5 2 7 41.007 0.500 0.000 43.763 0.500 0.000
5 2 8 47.744 0.500 0.000 43.451 0.500 0.000
5 2 9 39.757 0.500 0.000 38.567 0.500 0.000
5 2 10 44.673 0.500 0.000 42.633 0.500 0.000
5 2 11 43.048 0.500 0.000 43.281 0.500 0.000
5 2 12 45.297 0.500 0.000 47.227 0.500 0.000
5 2 13 45.057 0.500 0.000 44.642 0.500 0.000
5 2 14 42.345 0.500 0.000 47.302 0.500 0.000
5 2 15 35.441 0.500 0.000 51.421 0.500 0.000
5 2 16 41.967 0.500 0.000 42.957 0.500 0.000
5 2 17 48.176 0.500 0.000 49.683 0.500 0.000
5 2 18 37.888 0.500 0.000 42.110 0.500 0.000
5 2 19 37.361 0.500 0.000 33.849 0.500 0.000
5 2 20 40.332 0.500 0.000 43.733 0.500 0.000
5 2 21 39.404 0.500 0.000 41.185 0.500 0.000
5 2 22 31.783 0.500 0.000 32.567 0.500 0.000
5 2 23 45.103 0.500 0.000 28.388 0.500 0.000
5 2 24 55.451 0.500 0.000 61.953 0.500 0.000
5 2 25 28.184 0.500 0.000 29.614 0.500 0.000
5 2 26 38.853 0.500 0.000 44.047 0.500 0.000
5 2 27 53.503 0.500 0.000 39.224 0.500 0.000
5 2 28 47.782 0.500 0.000 53.765 0.500 0.000
5 2 29 30.427 0.500 0.000 25.849 0.500 0.000
5 2 30 37.095 0.500 0.000 45.030 0.500 0.000
5 2 31 17.844 0.500 0.000 23.352 0.500 0.000
5 2 32 59.936 0.500 0.000 44.218 0.500 0.000
5 2 33 37.996 0.500 0.000 40.136 0.500 0.000
5 2 34 0.003 0.500 0.000 10.937 0.500 0.000
5 2 35 39.133 0.500 0.000 41.448 0.500 0.000
5 2 36 44.894 0.500 0.000 39.316 0.500 0.000
5 2 37 31.142 0.500 0.000 0.005 0.500 0.000
5 2 38 74.374 0.500 0.000 53.052 0.500 0.000
5 2 39 44.039 0.500 0.000 38.105 0.500 0.000
5 2 40 40.679 0.500 0.000 39.659 0.500 0.000
5 2 41 35.307 0.500 0.000 42.442 0.500 0.000
5 2 42 87.794 0.500 0.000 73.028 0.500 0.000
5 2 43 50.670 0.500 0.000 62.873 0.500 0.000
5 2 44 93.528 0.500 0.000 67.990 0.500 0.000
5 2 45 47.368 0.500 0.000 88.979 0.500 0.000
5 2 46 43.164 0.500 0.000 32.973 0.500 0.000
5 2 47 49.397 0.500 0.000 70.344 0.500 0.000
5 2 48 12.440 0.500 0.000 22.168 0.500 0.000
5 2 49 22.243 0.500 0.000 87.748 0.500 0.000
5 2 50 61.487 0.500 0.000 67.911 0.500 0.000
5 2 51 99.477 0.500 0.000 126.097 0.500 0.000
5 2 52 39.769 0.500 0.000 41.151 0.500 0.000
5 2 53 109.830 0.500 0.000 113.408 0.500 0.000
5 2 54 43.718 0.500 0.000 44.291 0.500 0.000
5 2 55 40.577 0.500 0.000 42.968 0.500 0.000
5 2 56 57.861 0.500 0.000 57.988 0.500 0.000
5 2 57 40.000 0.500 0.000 40.000 0.500 0.000
5 2 58 40.000 0.500 0.000 40.000 0.500 0.000
5 2 59 40.000 0.500 0.000 40.000 0.500 0.000
5 2 60 40.000 0.500 0.000 41.748 0.500 0.000
5 2 61 40.000 0.500 0.000 40.000 0.500 0.000
5 2 62 40.000 0.500 0.000 40.000 0.500 0.000
5 3 1 40.000 0.500 0.000 40.000 0.500 0.000
5 3 2 40.000 0.500 0.000 40.000 0.500 0.000
5 3 3 40.000 0.500 0.000 40.000 0.500 0.000
5 3 4 40.000 0.500 0.000 40.000 0.500 0.000
5 3 5 40.000 0.500 0.000 40.000 0.500 0.000
6 1 1 39.906 0.500 0.000 46.331 0.500 0.000
6 1 2 40.605 0.500 0.000 41.866 0.500 0.000
6 1 3 44.151 0.500 0.000 40.147 0.500 0.000
6 1 4 40.616 0.500 0.000 44.704 0.500 0.000
6 1 5 44.499 0.500 0.000 39.108 0.500 0.000
6 1 6 41.893 0.500 0.000 36.793 0.500 0.000
6 1 7 39.353 0.500 0.000 41.366 0.500 0.000
6 1 8 43.601 0.500 0.000 43.910 0.500 0.000
6 1 9 40.069 0.500 0.000 37.647 0.500 0.000
6 1 10 49.989 0.500 0.000 43.471 0.500 0.000
6 1 11 36.513 0.500 0.000 36.673 0.500 0.000
6 1 12 32.778 0.500 0.000 37.589 0.500 0.000
6 1 13 39.803 0.500 0.000 32.490 0.500 0.000
6 1 14 40.459 0.500 0.000 42.542 0.500 0.000
6 1 15 43.043 0.500 0.000 40.922 0.500 0.000
6 1 16 46.665 0.500 0.000 41.682 0.500 0.000
6 1 17 40.000 0.500 0.000 40.000 0.500 0.000
6 1 18 39.338 0.500 0.000 34.742 0.500 0.000
6 1 19 42.322 0.500 0.000 42.262 0.500 0.000
6 1 20 43.123 0.500 0.000 0.001 0.500 0.000
6 1 21 49.231 0.500 0.000 31.867 0.500 0.000
6 1 22 174.741 0.500 0.000 23.456 0.500 0.000
6 1 23 40.000 0.500 0.000 0.001 0.500 0.000
6 2 1 38.500 0.500 0.000 41.837 0.500 0.000
6 2 2 43.927 0.500 0.000 40.583 0.500 0.000
6 2 3 45.724 0.500 0.000 45.071 0.500 0.000
6 2 4 40.329 0.500 0.000 43.598 0.500 0.000
6 2 5 37.596 0.500 0.000 37.717 0.500 0.000
6 2 6 42.425 0.500 0.000 44.913 0.500 0.000
6 2 7 46.514 0.500 0.000 43.613 0.500 0.000
6 2 8 38.317 0.500 0.000 44.192 0.500 0.000
6 2 9 47.228 0.500 0.000 45.954 0.500 0.000
6 2 10 39.170 0.500 0.000 46.052 0.500 0.000
6 2 11 41.036 0.500 0.000 42.608 0.500 0.000
6 2 12 42.155 0.500 0.000 44.944 0.500 0.000
6 2 13 45.514 0.500 0.000 37.573 0.500 0.000
6 2 14 39.318 0.500 0.000 40.430 0.500 0.000
6 2 15 47.353 0.500 0.000 44.827 0.500 0.000
6 2 16 34.946 0.500 0.000 44.793 0.500 0.000
6 2 17 45.570 0.500 0.000 43.131 0.500 0.000
6 2 18 37.832 0.500 0.000 38.157 0.500 0.000
6 2 19 48.016 0.500 0.000 39.055 0.500 0.000
6 2 20 38.497 0.500 0.000 35.178 0.500 0.000
6 2 21 45.830 0.500 0.000 45.679 0.500 0.000
6 2 22 40.533 0.500 0.000 50.265 0.500 0.000
6 2 23 43.453 0.500 0.000 61.163 0.500 0.000
6 2 24 29.783 0.500 0.000 40.236 0.500 0.000
6 2 25 51.340 0.500 0.000 50.292 0.500 0.000
6 2 26 37.192 0.500 0.000 36.854 0.500 0.000
6 2 27 35.043 0.500 0.000 45.171 0.500 0.000
6 2 28 49.417 0.500 0.000 51.325 0.500 0.000
6 2 29 23.003 0.500 0.000 17.363 0.500 0.000
6 2 30 50.054 0.500 0.000 49.823 0.500 0.000
6 2 31 49.830 0.500 0.000 41.422 0.500 0.000
6 2 32 2.872 0.500 0.000 29.247 0.500 0.000
6 2 33 46.651 0.500 0.000 61.957 0.500 0.000
6 2 34 43.917 0.500 0.000 63.869 0.500 0.000
6 2 35 83.504 0.500 0.000 55.596 0.500 0.000
6 2 36 50.314 0.500 0.000 47.804 0.500 0.000
6 2 37 12.614 0.500 0.000 28.620 0.500 0.000
6 2 38 2.113 0.500 0.000 5.578 0.500 0.000
6 2 39 44.469 0.500 0.000 53.650 0.500 0.000
6 2 40 43.141 0.500 0.000 17.694 0.500 0.000
6 2 41 35.352 0.500 0.000 37.092 0.500 0.000
6 2 42 62.584 0.500 0.000 99.770 0.500 0.000
6 2 43 17.681 0.500 0.000 33.015 0.500 0.000
6 2 44 46.370 0.500 0.000 38.553 0.500 0.000
6 2 45 89.080 0.500 0.000 47.270 0.500 0.000
6 2 46 7.908 0.500 0.000 34.185 0.500 0.000
6 2 47 56.892 0.500 0.000 51.102 0.500 0.000
6 2 48 0.000 0.500 0.000 0.000 0.500 0.000
6 2 49 36.642 0.500 0.000 61.832 0.500 0.000
6 2 50 25.073 0.500 0.000 0.004 0.500 0.000
6 2 51 0.000 0.500 0.000 0.000 0.500 0.000
6 2 52 121.798 0.500 0.000 0.017 0.500 0.000
6 2 53 40.000 0.500 0.000 40.000 0.500 0.000
6 2 54 83.454 0.500 0.000 0.000 0.500 0.000
6 2 55 40.000 0.500 0.000 35.134 0.500 0.000
6 2 56 39.471 0.500 0.000 200.000 0.500 0.000
6 2 57 40.000 0.500 0.000 40.000 0.500 0.000
6 2 58 40.000 0.500 0.000 40.000 0.500 0.000
6 2 59 40.000 0.500 0.000 40.000 0.500 0.000
6 2 60 40.000 0.500 0.000 40.000 0.500 0.000
6 2 61 40.000 0.500 0.000 40.000 0.500 0.000
6 2 62 40.000 0.500 0.000 40.000 0.500 0.000
6 3 1 40.000 0.500 0.000 40.000 0.500 0.000
6 3 2 40.000 0.500 0.000 40.000 0.500 0.000
6 3 3 40.000 0.500 0.000 40.000 0.500 0.000
6 3 4 40.000 0.500 0.000 40.000 0.500 0.000
6 3 5 40.000 0.500 0.000 40.000 0.500 0.000
