1 1 1 12.500 12.500 1.414 1.414 0.000 0.000
1 1 2 12.500 12.500 1.414 1.414 0.000 0.000
1 1 3 12.500 12.500 1.414 1.414 0.000 0.000
1 1 4 12.500 12.500 1.414 1.414 0.000 0.000
1 1 5 12.500 12.500 1.414 1.414 0.000 0.000
1 1 6 12.500 12.500 1.414 1.414 0.000 0.000
1 1 7 12.500 12.500 1.414 1.414 0.000 0.000
1 1 8 12.500 12.500 1.414 1.414 0.000 0.000
1 1 9 12.500 12.500 1.414 1.414 0.000 0.000
1 1 10 12.500 12.500 1.414 1.414 0.000 0.000
1 1 11 12.500 12.500 1.414 1.414 0.000 0.000
1 1 12 12.500 12.500 1.414 1.414 0.000 0.000
1 1 13 12.500 12.500 1.414 1.414 0.000 0.000
1 1 14 12.500 12.500 1.414 1.414 0.000 0.000
1 1 15 12.500 12.500 1.414 1.414 0.000 0.000
1 1 16 12.500 12.500 1.414 1.414 0.000 0.000
1 1 17 12.500 12.500 1.414 1.414 0.000 0.000
1 1 18 12.500 12.500 1.414 1.414 0.000 0.000
1 1 19 12.500 12.500 1.414 1.414 0.000 0.000
1 1 20 12.500 12.500 1.414 1.414 0.000 0.000
1 1 21 12.500 12.500 1.414 1.414 0.000 0.000
1 1 22 12.500 12.500 1.414 1.414 0.000 0.000
1 1 23 12.500 12.500 1.414 1.414 0.000 0.000
1 2 1 12.500 12.500 1.414 1.414 0.000 0.000
1 2 2 12.500 12.500 1.414 1.414 0.000 0.000
1 2 3 12.500 12.500 1.414 1.414 0.000 0.000
1 2 4 12.500 12.500 1.414 1.414 0.000 0.000
1 2 5 12.500 12.500 1.414 1.414 0.000 0.000
1 2 6 12.500 12.500 1.414 1.414 0.000 0.000
1 2 7 12.500 12.500 1.414 1.414 0.000 0.000
1 2 8 12.500 12.500 1.414 1.414 0.000 0.000
1 2 9 12.500 12.500 1.414 1.414 0.000 0.000
1 2 10 12.500 12.500 1.414 1.414 0.000 0.000
1 2 11 12.500 12.500 1.414 1.414 0.000 0.000
1 2 12 12.500 12.500 1.414 1.414 0.000 0.000
1 2 13 12.500 12.500 1.414 1.414 0.000 0.000
1 2 14 12.500 12.500 1.414 1.414 0.000 0.000
1 2 15 12.500 12.500 1.414 1.414 0.000 0.000
1 2 16 12.500 12.500 1.414 1.414 0.000 0.000
1 2 17 12.500 12.500 1.414 1.414 0.000 0.000
1 2 18 12.500 12.500 1.414 1.414 0.000 0.000
1 2 19 12.500 12.500 1.414 1.414 0.000 0.000
1 2 20 12.500 12.500 1.414 1.414 0.000 0.000
1 2 21 12.500 12.500 1.414 1.414 0.000 0.000
1 2 22 12.500 12.500 1.414 1.414 0.000 0.000
1 2 23 12.500 12.500 1.414 1.414 0.000 0.000
1 2 24 12.500 12.500 1.414 1.414 0.000 0.000
1 2 25 12.500 12.500 1.414 1.414 0.000 0.000
1 2 26 12.500 12.500 1.414 1.414 0.000 0.000
1 2 27 12.500 12.500 1.414 1.414 0.000 0.000
1 2 28 12.500 12.500 1.414 1.414 0.000 0.000
1 2 29 12.500 12.500 1.414 1.414 0.000 0.000
1 2 30 12.500 12.500 1.414 1.414 0.000 0.000
1 2 31 12.500 12.500 1.414 1.414 0.000 0.000
1 2 32 12.500 12.500 1.414 1.414 0.000 0.000
1 2 33 12.500 12.500 1.414 1.414 0.000 0.000
1 2 34 12.500 12.500 1.414 1.414 0.000 0.000
1 2 35 12.500 12.500 1.414 1.414 0.000 0.000
1 2 36 12.500 12.500 1.414 1.414 0.000 0.000
1 2 37 12.500 12.500 1.414 1.414 0.000 0.000
1 2 38 12.500 12.500 1.414 1.414 0.000 0.000
1 2 39 12.500 12.500 1.414 1.414 0.000 0.000
1 2 40 12.500 12.500 1.414 1.414 0.000 0.000
1 2 41 12.500 12.500 1.414 1.414 0.000 0.000
1 2 42 12.500 12.500 1.414 1.414 0.000 0.000
1 2 43 12.500 12.500 1.414 1.414 0.000 0.000
1 2 44 12.500 12.500 1.414 1.414 0.000 0.000
1 2 45 12.500 12.500 1.414 1.414 0.000 0.000
1 2 46 12.500 12.500 1.414 1.414 0.000 0.000
1 2 47 12.500 12.500 1.414 1.414 0.000 0.000
1 2 48 12.500 12.500 1.414 1.414 0.000 0.000
1 2 49 12.500 12.500 1.414 1.414 0.000 0.000
1 2 50 12.500 12.500 1.414 1.414 0.000 0.000
1 2 51 12.500 12.500 1.414 1.414 0.000 0.000
1 2 52 12.500 12.500 1.414 1.414 0.000 0.000
1 2 53 12.500 12.500 1.414 1.414 0.000 0.000
1 2 54 12.500 12.500 1.414 1.414 0.000 0.000
1 2 55 12.500 12.500 1.414 1.414 0.000 0.000
1 2 56 12.500 12.500 1.414 1.414 0.000 0.000
1 2 57 12.500 12.500 1.414 1.414 0.000 0.000
1 2 58 12.500 12.500 1.414 1.414 0.000 0.000
1 2 59 12.500 12.500 1.414 1.414 0.000 0.000
1 2 60 12.500 12.500 1.414 1.414 0.000 0.000
1 2 61 12.500 12.500 1.414 1.414 0.000 0.000
1 2 62 12.500 12.500 1.414 1.414 0.000 0.000
1 3 1 12.500 12.500 1.414 1.414 0.000 0.000
1 3 2 12.500 12.500 1.414 1.414 0.000 0.000
1 3 3 12.500 12.500 1.414 1.414 0.000 0.000
1 3 4 12.500 12.500 1.414 1.414 0.000 0.000
1 3 5 12.500 12.500 1.414 1.414 0.000 0.000
2 1 1 587.836 587.836 3.725 3.725 -0.144 0.004
2 1 2 624.566 624.566 3.105 3.105 -0.056 0.004
2 1 3 622.881 622.881 2.526 2.526 -0.117 0.007
2 1 4 652.596 652.596 1.981 1.981 -0.090 0.005
2 1 5 12.500 12.500 1.414 1.414 0.000 0.000
2 1 6 402.676 402.676 191.165 191.165 3.413 0.018
2 1 7 630.153 630.153 1.230 1.230 -0.048 0.006
2 1 8 -363.070 -363.070 NaN NaN -0.055 0.006
2 1 9 212.148 212.148 406.877 406.877 -0.126 0.007
2 1 10 12.500 12.500 1.414 1.414 0.000 0.000
2 1 11 663.483 663.483 0.708 0.708 -0.127 0.008
2 1 12 602.358 602.358 1.552 1.552 0.099 0.014
2 1 13 400.214 400.214 1.907 1.907 -0.041 0.011
2 1 14 397.117 397.117 2.425 2.425 -0.141 0.013
2 1 15 614.417 614.417 0.007 0.007 -0.119 0.016
2 1 16 597.842 597.842 2.236 2.236 -0.153 0.018
2 1 17 578.227 578.227 2.413 2.413 -0.031 0.019
2 1 18 603.820 603.820 2.515 2.515 -0.047 0.016
2 1 19 481.842 481.842 8.272 8.272 0.794 0.022
2 1 20 650.052 650.052 3.612 3.612 -0.068 0.022
2 1 21 12.500 12.500 1.414 1.414 0.000 0.000
2 1 22 -623.851 -623.851 NaN NaN -0.099 0.022
2 1 23 502.233 502.233 13.938 13.938 0.066 0.028
2 2 1 2499.615 2499.615 571.996 571.996 0.006 0.007
2 2 2 1960.192 1960.192 819.109 819.109 -0.101 0.007
2 2 3 2008.641 2008.641 38.576 38.576 0.036 0.004
2 2 4 1838.544 1838.544 30.508 30.508 0.003 0.005
2 2 5 1773.592 1773.592 18.698 18.698 0.033 0.004
2 2 6 1767.455 1767.455 10.580 10.580 -0.092 0.003
2 2 7 1759.976 1759.976 12.046 12.046 -0.115 0.004
2 2 8 1786.066 1786.066 10.198 10.198 -0.159 0.005
2 2 9 1910.885 1910.885 11.018 11.018 -0.188 0.004
2 2 10 1702.055 1702.055 10.543 10.543 -0.067 0.004
2 2 11 1689.951 1689.951 8.601 8.601 0.016 0.004
2 2 12 1687.500 1687.500 6.066 6.066 -0.041 0.004
2 2 13 1689.930 1689.930 6.351 6.351 -0.042 0.004
2 2 14 1737.500 1737.500 5.188 5.188 0.072 0.006
2 2 15 1691.797 1691.797 5.874 5.874 -0.120 0.005
2 2 16 1610.742 1610.742 5.527 5.527 -0.060 0.005
2 2 17 1600.049 1600.049 5.298 5.298 -0.026 0.005
2 2 18 1625.345 1625.345 4.980 4.980 0.044 0.007
2 2 19 1649.994 1649.994 4.456 4.456 -0.035 0.007
2 2 20 1685.007 1685.007 4.718 4.718 -0.086 0.006
2 2 21 1643.183 1643.183 4.123 4.123 -0.047 0.008
2 2 22 1647.945 1647.945 4.116 4.116 -0.023 0.006
2 2 23 1630.467 1630.467 4.164 4.164 -0.076 0.007
2 2 24 1657.590 1657.590 4.149 4.149 -0.063 0.009
2 2 25 1622.423 1622.423 4.122 4.122 -0.072 0.007
2 2 26 1636.183 1636.183 4.269 4.269 -0.047 0.007
2 2 27 1683.077 1683.077 4.303 4.303 -0.023 0.007
2 2 28 1671.684 1671.684 4.620 4.620 -0.002 0.008
2 2 29 1675.790 1675.790 4.732 4.732 0.010 0.010
2 2 30 1623.443 1623.443 4.775 4.775 0.018 0.010
2 2 31 1626.816 1626.816 4.690 4.690 0.008 0.013
2 2 32 1673.070 1673.070 4.468 4.468 -0.007 0.007
2 2 33 1634.137 1634.137 4.624 4.624 -0.009 0.008
2 2 34 1657.747 1657.747 4.989 4.989 -0.010 0.007
2 2 35 1645.757 1645.757 5.056 5.056 -0.039 0.008
2 2 36 1634.270 1634.270 5.521 5.521 -0.046 0.010
2 2 37 1657.288 1657.288 5.541 5.541 -0.049 0.010
2 2 38 1647.990 1647.990 6.565 6.565 -0.075 0.009
2 2 39 1608.178 1608.178 6.903 6.903 -0.336 0.014
2 2 40 1608.809 1608.809 7.701 7.701 -0.153 0.014
2 2 41 1647.860 1647.860 7.688 7.688 -0.010 0.012
2 2 42 1675.389 1675.389 7.916 7.916 -0.009 0.015
2 2 43 1318.549 1318.549 5.909 5.909 -0.488 0.017
2 2 44 1620.649 1620.649 8.087 8.087 0.005 0.014
2 2 45 1642.766 1642.766 9.014 9.014 -0.053 0.017
2 2 46 1629.267 1629.267 9.093 9.093 -0.075 0.016
2 2 47 1660.443 1660.443 9.465 9.465 -0.102 0.017
2 2 48 1676.799 1676.799 9.895 9.895 -0.189 0.017
2 2 49 1635.328 1635.328 11.210 11.210 0.011 0.018
2 2 50 1691.013 1691.013 12.807 12.807 -0.063 0.017
2 2 51 1677.572 1677.572 12.763 12.763 -0.074 0.015
2 2 52 1651.543 1651.543 11.265 11.265 -0.161 0.017
2 2 53 1645.592 1645.592 14.004 14.004 -0.072 0.018
2 2 54 1690.077 1690.077 23.172 23.172 -0.115 0.025
2 2 55 1662.500 1662.500 31.681 31.681 -0.042 0.009
2 2 56 1662.760 1662.760 35.324 35.324 -0.029 0.019
2 2 57 1710.672 1710.672 55.877 55.877 -0.032 0.018
2 2 58 1679.245 1679.245 135.254 135.254 -0.044 0.005
2 2 59 1727.399 1727.399 25.245 25.245 -0.133 0.023
2 2 60 1610.857 1610.857 116.692 116.692 -0.118 0.028
2 2 61 1654.890 1654.890 64.085 64.085 -0.323 0.033
2 2 62 1856.608 1856.608 140.332 140.332 0.085 0.029
2 3 1 558.693 558.693 16.053 16.053 -0.098 0.032
2 3 2 603.118 603.118 11.665 11.665 -0.142 0.026
2 3 3 661.265 661.265 8.914 8.914 -0.164 0.031
2 3 4 12.500 12.500 1.414 1.414 0.000 0.000
2 3 5 665.580 665.580 19.980 19.980 -0.153 0.034
3 1 1 12.500 12.500 1.414 1.414 0.000 0.000
3 1 2 12.500 12.500 1.414 1.414 0.000 0.000
3 1 3 12.500 12.500 1.414 1.414 0.000 0.000
3 1 4 12.500 12.500 1.414 1.414 0.000 0.000
3 1 5 12.500 12.500 1.414 1.414 0.000 0.000
3 1 6 12.500 12.500 1.414 1.414 0.000 0.000
3 1 7 12.500 12.500 1.414 1.414 0.000 0.000
3 1 8 12.500 12.500 1.414 1.414 0.000 0.000
3 1 9 12.500 12.500 1.414 1.414 0.000 0.000
3 1 10 12.500 12.500 1.414 1.414 0.000 0.000
3 1 11 12.500 12.500 1.414 1.414 0.000 0.000
3 1 12 12.500 12.500 1.414 1.414 0.000 0.000
3 1 13 12.500 12.500 1.414 1.414 0.000 0.000
3 1 14 12.500 12.500 1.414 1.414 0.000 0.000
3 1 15 12.500 12.500 1.414 1.414 0.000 0.000
3 1 16 12.500 12.500 1.414 1.414 0.000 0.000
3 1 17 12.500 12.500 1.414 1.414 0.000 0.000
3 1 18 12.500 12.500 1.414 1.414 0.000 0.000
3 1 19 12.500 12.500 1.414 1.414 0.000 0.000
3 1 20 12.500 12.500 1.414 1.414 0.000 0.000
3 1 21 12.500 12.500 1.414 1.414 0.000 0.000
3 1 22 12.500 12.500 1.414 1.414 0.000 0.000
3 1 23 12.500 12.500 1.414 1.414 0.000 0.000
3 2 1 12.500 12.500 1.414 1.414 0.000 0.000
3 2 2 12.500 12.500 1.414 1.414 0.000 0.000
3 2 3 12.500 12.500 1.414 1.414 0.000 0.000
3 2 4 12.500 12.500 1.414 1.414 0.000 0.000
3 2 5 12.500 12.500 1.414 1.414 0.000 0.000
3 2 6 12.500 12.500 1.414 1.414 0.000 0.000
3 2 7 12.500 12.500 1.414 1.414 0.000 0.000
3 2 8 12.500 12.500 1.414 1.414 0.000 0.000
3 2 9 12.500 12.500 1.414 1.414 0.000 0.000
3 2 10 12.500 12.500 1.414 1.414 0.000 0.000
3 2 11 12.500 12.500 1.414 1.414 0.000 0.000
3 2 12 12.500 12.500 1.414 1.414 0.000 0.000
3 2 13 12.500 12.500 1.414 1.414 0.000 0.000
3 2 14 12.500 12.500 1.414 1.414 0.000 0.000
3 2 15 12.500 12.500 1.414 1.414 0.000 0.000
3 2 16 12.500 12.500 1.414 1.414 0.000 0.000
3 2 17 12.500 12.500 1.414 1.414 0.000 0.000
3 2 18 12.500 12.500 1.414 1.414 0.000 0.000
3 2 19 12.500 12.500 1.414 1.414 0.000 0.000
3 2 20 12.500 12.500 1.414 1.414 0.000 0.000
3 2 21 12.500 12.500 1.414 1.414 0.000 0.000
3 2 22 12.500 12.500 1.414 1.414 0.000 0.000
3 2 23 12.500 12.500 1.414 1.414 0.000 0.000
3 2 24 12.500 12.500 1.414 1.414 0.000 0.000
3 2 25 12.500 12.500 1.414 1.414 0.000 0.000
3 2 26 12.500 12.500 1.414 1.414 0.000 0.000
3 2 27 12.500 12.500 1.414 1.414 0.000 0.000
3 2 28 12.500 12.500 1.414 1.414 0.000 0.000
3 2 29 12.500 12.500 1.414 1.414 0.000 0.000
3 2 30 12.500 12.500 1.414 1.414 0.000 0.000
3 2 31 12.500 12.500 1.414 1.414 0.000 0.000
3 2 32 12.500 12.500 1.414 1.414 0.000 0.000
3 2 33 12.500 12.500 1.414 1.414 0.000 0.000
3 2 34 12.500 12.500 1.414 1.414 0.000 0.000
3 2 35 12.500 12.500 1.414 1.414 0.000 0.000
3 2 36 12.500 12.500 1.414 1.414 0.000 0.000
3 2 37 12.500 12.500 1.414 1.414 0.000 0.000
3 2 38 12.500 12.500 1.414 1.414 0.000 0.000
3 2 39 12.500 12.500 1.414 1.414 0.000 0.000
3 2 40 12.500 12.500 1.414 1.414 0.000 0.000
3 2 41 12.500 12.500 1.414 1.414 0.000 0.000
3 2 42 12.500 12.500 1.414 1.414 0.000 0.000
3 2 43 12.500 12.500 1.414 1.414 0.000 0.000
3 2 44 12.500 12.500 1.414 1.414 0.000 0.000
3 2 45 12.500 12.500 1.414 1.414 0.000 0.000
3 2 46 12.500 12.500 1.414 1.414 0.000 0.000
3 2 47 12.500 12.500 1.414 1.414 0.000 0.000
3 2 48 12.500 12.500 1.414 1.414 0.000 0.000
3 2 49 12.500 12.500 1.414 1.414 0.000 0.000
3 2 50 12.500 12.500 1.414 1.414 0.000 0.000
3 2 51 12.500 12.500 1.414 1.414 0.000 0.000
3 2 52 12.500 12.500 1.414 1.414 0.000 0.000
3 2 53 12.500 12.500 1.414 1.414 0.000 0.000
3 2 54 12.500 12.500 1.414 1.414 0.000 0.000
3 2 55 12.500 12.500 1.414 1.414 0.000 0.000
3 2 56 12.500 12.500 1.414 1.414 0.000 0.000
3 2 57 12.500 12.500 1.414 1.414 0.000 0.000
3 2 58 12.500 12.500 1.414 1.414 0.000 0.000
3 2 59 12.500 12.500 1.414 1.414 0.000 0.000
3 2 60 12.500 12.500 1.414 1.414 0.000 0.000
3 2 61 12.500 12.500 1.414 1.414 0.000 0.000
3 2 62 12.500 12.500 1.414 1.414 0.000 0.000
3 3 1 12.500 12.500 1.414 1.414 0.000 0.000
3 3 2 12.500 12.500 1.414 1.414 0.000 0.000
3 3 3 12.500 12.500 1.414 1.414 0.000 0.000
3 3 4 12.500 12.500 1.414 1.414 0.000 0.000
3 3 5 12.500 12.500 1.414 1.414 0.000 0.000
4 1 1 12.500 12.500 1.414 1.414 0.000 0.000
4 1 2 12.500 12.500 1.414 1.414 0.000 0.000
4 1 3 12.500 12.500 1.414 1.414 0.000 0.000
4 1 4 12.500 12.500 1.414 1.414 0.000 0.000
4 1 5 12.500 12.500 1.414 1.414 0.000 0.000
4 1 6 12.500 12.500 1.414 1.414 0.000 0.000
4 1 7 12.500 12.500 1.414 1.414 0.000 0.000
4 1 8 12.500 12.500 1.414 1.414 0.000 0.000
4 1 9 12.500 12.500 1.414 1.414 0.000 0.000
4 1 10 12.500 12.500 1.414 1.414 0.000 0.000
4 1 11 12.500 12.500 1.414 1.414 0.000 0.000
4 1 12 12.500 12.500 1.414 1.414 0.000 0.000
4 1 13 12.500 12.500 1.414 1.414 0.000 0.000
4 1 14 12.500 12.500 1.414 1.414 0.000 0.000
4 1 15 12.500 12.500 1.414 1.414 0.000 0.000
4 1 16 12.500 12.500 1.414 1.414 0.000 0.000
4 1 17 12.500 12.500 1.414 1.414 0.000 0.000
4 1 18 12.500 12.500 1.414 1.414 0.000 0.000
4 1 19 12.500 12.500 1.414 1.414 0.000 0.000
4 1 20 12.500 12.500 1.414 1.414 0.000 0.000
4 1 21 12.500 12.500 1.414 1.414 0.000 0.000
4 1 22 12.500 12.500 1.414 1.414 0.000 0.000
4 1 23 12.500 12.500 1.414 1.414 0.000 0.000
4 2 1 12.500 12.500 1.414 1.414 0.000 0.000
4 2 2 12.500 12.500 1.414 1.414 0.000 0.000
4 2 3 12.500 12.500 1.414 1.414 0.000 0.000
4 2 4 12.500 12.500 1.414 1.414 0.000 0.000
4 2 5 12.500 12.500 1.414 1.414 0.000 0.000
4 2 6 12.500 12.500 1.414 1.414 0.000 0.000
4 2 7 12.500 12.500 1.414 1.414 0.000 0.000
4 2 8 12.500 12.500 1.414 1.414 0.000 0.000
4 2 9 12.500 12.500 1.414 1.414 0.000 0.000
4 2 10 12.500 12.500 1.414 1.414 0.000 0.000
4 2 11 12.500 12.500 1.414 1.414 0.000 0.000
4 2 12 12.500 12.500 1.414 1.414 0.000 0.000
4 2 13 12.500 12.500 1.414 1.414 0.000 0.000
4 2 14 12.500 12.500 1.414 1.414 0.000 0.000
4 2 15 12.500 12.500 1.414 1.414 0.000 0.000
4 2 16 12.500 12.500 1.414 1.414 0.000 0.000
4 2 17 12.500 12.500 1.414 1.414 0.000 0.000
4 2 18 12.500 12.500 1.414 1.414 0.000 0.000
4 2 19 12.500 12.500 1.414 1.414 0.000 0.000
4 2 20 12.500 12.500 1.414 1.414 0.000 0.000
4 2 21 12.500 12.500 1.414 1.414 0.000 0.000
4 2 22 12.500 12.500 1.414 1.414 0.000 0.000
4 2 23 12.500 12.500 1.414 1.414 0.000 0.000
4 2 24 12.500 12.500 1.414 1.414 0.000 0.000
4 2 25 12.500 12.500 1.414 1.414 0.000 0.000
4 2 26 12.500 12.500 1.414 1.414 0.000 0.000
4 2 27 12.500 12.500 1.414 1.414 0.000 0.000
4 2 28 12.500 12.500 1.414 1.414 0.000 0.000
4 2 29 12.500 12.500 1.414 1.414 0.000 0.000
4 2 30 12.500 12.500 1.414 1.414 0.000 0.000
4 2 31 12.500 12.500 1.414 1.414 0.000 0.000
4 2 32 12.500 12.500 1.414 1.414 0.000 0.000
4 2 33 12.500 12.500 1.414 1.414 0.000 0.000
4 2 34 12.500 12.500 1.414 1.414 0.000 0.000
4 2 35 12.500 12.500 1.414 1.414 0.000 0.000
4 2 36 12.500 12.500 1.414 1.414 0.000 0.000
4 2 37 12.500 12.500 1.414 1.414 0.000 0.000
4 2 38 12.500 12.500 1.414 1.414 0.000 0.000
4 2 39 12.500 12.500 1.414 1.414 0.000 0.000
4 2 40 12.500 12.500 1.414 1.414 0.000 0.000
4 2 41 12.500 12.500 1.414 1.414 0.000 0.000
4 2 42 12.500 12.500 1.414 1.414 0.000 0.000
4 2 43 12.500 12.500 1.414 1.414 0.000 0.000
4 2 44 12.500 12.500 1.414 1.414 0.000 0.000
4 2 45 12.500 12.500 1.414 1.414 0.000 0.000
4 2 46 12.500 12.500 1.414 1.414 0.000 0.000
4 2 47 12.500 12.500 1.414 1.414 0.000 0.000
4 2 48 12.500 12.500 1.414 1.414 0.000 0.000
4 2 49 12.500 12.500 1.414 1.414 0.000 0.000
4 2 50 12.500 12.500 1.414 1.414 0.000 0.000
4 2 51 12.500 12.500 1.414 1.414 0.000 0.000
4 2 52 12.500 12.500 1.414 1.414 0.000 0.000
4 2 53 12.500 12.500 1.414 1.414 0.000 0.000
4 2 54 12.500 12.500 1.414 1.414 0.000 0.000
4 2 55 12.500 12.500 1.414 1.414 0.000 0.000
4 2 56 12.500 12.500 1.414 1.414 0.000 0.000
4 2 57 12.500 12.500 1.414 1.414 0.000 0.000
4 2 58 12.500 12.500 1.414 1.414 0.000 0.000
4 2 59 12.500 12.500 1.414 1.414 0.000 0.000
4 2 60 12.500 12.500 1.414 1.414 0.000 0.000
4 2 61 12.500 12.500 1.414 1.414 0.000 0.000
4 2 62 12.500 12.500 1.414 1.414 0.000 0.000
4 3 1 12.500 12.500 1.414 1.414 0.000 0.000
4 3 2 12.500 12.500 1.414 1.414 0.000 0.000
4 3 3 12.500 12.500 1.414 1.414 0.000 0.000
4 3 4 12.500 12.500 1.414 1.414 0.000 0.000
4 3 5 12.500 12.500 1.414 1.414 0.000 0.000
5 1 1 12.500 12.500 1.414 1.414 0.000 0.000
5 1 2 12.500 12.500 1.414 1.414 0.000 0.000
5 1 3 12.500 12.500 1.414 1.414 0.000 0.000
5 1 4 12.500 12.500 1.414 1.414 0.000 0.000
5 1 5 12.500 12.500 1.414 1.414 0.000 0.000
5 1 6 12.500 12.500 1.414 1.414 0.000 0.000
5 1 7 12.500 12.500 1.414 1.414 0.000 0.000
5 1 8 12.500 12.500 1.414 1.414 0.000 0.000
5 1 9 12.500 12.500 1.414 1.414 0.000 0.000
5 1 10 12.500 12.500 1.414 1.414 0.000 0.000
5 1 11 12.500 12.500 1.414 1.414 0.000 0.000
5 1 12 12.500 12.500 1.414 1.414 0.000 0.000
5 1 13 12.500 12.500 1.414 1.414 0.000 0.000
5 1 14 12.500 12.500 1.414 1.414 0.000 0.000
5 1 15 12.500 12.500 1.414 1.414 0.000 0.000
5 1 16 12.500 12.500 1.414 1.414 0.000 0.000
5 1 17 12.500 12.500 1.414 1.414 0.000 0.000
5 1 18 12.500 12.500 1.414 1.414 0.000 0.000
5 1 19 12.500 12.500 1.414 1.414 0.000 0.000
5 1 20 12.500 12.500 1.414 1.414 0.000 0.000
5 1 21 12.500 12.500 1.414 1.414 0.000 0.000
5 1 22 12.500 12.500 1.414 1.414 0.000 0.000
5 1 23 12.500 12.500 1.414 1.414 0.000 0.000
5 2 1 12.500 12.500 1.414 1.414 0.000 0.000
5 2 2 12.500 12.500 1.414 1.414 0.000 0.000
5 2 3 12.500 12.500 1.414 1.414 0.000 0.000
5 2 4 12.500 12.500 1.414 1.414 0.000 0.000
5 2 5 12.500 12.500 1.414 1.414 0.000 0.000
5 2 6 12.500 12.500 1.414 1.414 0.000 0.000
5 2 7 12.500 12.500 1.414 1.414 0.000 0.000
5 2 8 12.500 12.500 1.414 1.414 0.000 0.000
5 2 9 12.500 12.500 1.414 1.414 0.000 0.000
5 2 10 12.500 12.500 1.414 1.414 0.000 0.000
5 2 11 12.500 12.500 1.414 1.414 0.000 0.000
5 2 12 12.500 12.500 1.414 1.414 0.000 0.000
5 2 13 12.500 12.500 1.414 1.414 0.000 0.000
5 2 14 12.500 12.500 1.414 1.414 0.000 0.000
5 2 15 12.500 12.500 1.414 1.414 0.000 0.000
5 2 16 12.500 12.500 1.414 1.414 0.000 0.000
5 2 17 12.500 12.500 1.414 1.414 0.000 0.000
5 2 18 12.500 12.500 1.414 1.414 0.000 0.000
5 2 19 12.500 12.500 1.414 1.414 0.000 0.000
5 2 20 12.500 12.500 1.414 1.414 0.000 0.000
5 2 21 12.500 12.500 1.414 1.414 0.000 0.000
5 2 22 12.500 12.500 1.414 1.414 0.000 0.000
5 2 23 12.500 12.500 1.414 1.414 0.000 0.000
5 2 24 12.500 12.500 1.414 1.414 0.000 0.000
5 2 25 12.500 12.500 1.414 1.414 0.000 0.000
5 2 26 12.500 12.500 1.414 1.414 0.000 0.000
5 2 27 12.500 12.500 1.414 1.414 0.000 0.000
5 2 28 12.500 12.500 1.414 1.414 0.000 0.000
5 2 29 12.500 12.500 1.414 1.414 0.000 0.000
5 2 30 12.500 12.500 1.414 1.414 0.000 0.000
5 2 31 12.500 12.500 1.414 1.414 0.000 0.000
5 2 32 12.500 12.500 1.414 1.414 0.000 0.000
5 2 33 12.500 12.500 1.414 1.414 0.000 0.000
5 2 34 12.500 12.500 1.414 1.414 0.000 0.000
5 2 35 12.500 12.500 1.414 1.414 0.000 0.000
5 2 36 12.500 12.500 1.414 1.414 0.000 0.000
5 2 37 12.500 12.500 1.414 1.414 0.000 0.000
5 2 38 12.500 12.500 1.414 1.414 0.000 0.000
5 2 39 12.500 12.500 1.414 1.414 0.000 0.000
5 2 40 12.500 12.500 1.414 1.414 0.000 0.000
5 2 41 12.500 12.500 1.414 1.414 0.000 0.000
5 2 42 12.500 12.500 1.414 1.414 0.000 0.000
5 2 43 12.500 12.500 1.414 1.414 0.000 0.000
5 2 44 12.500 12.500 1.414 1.414 0.000 0.000
5 2 45 12.500 12.500 1.414 1.414 0.000 0.000
5 2 46 12.500 12.500 1.414 1.414 0.000 0.000
5 2 47 12.500 12.500 1.414 1.414 0.000 0.000
5 2 48 12.500 12.500 1.414 1.414 0.000 0.000
5 2 49 12.500 12.500 1.414 1.414 0.000 0.000
5 2 50 12.500 12.500 1.414 1.414 0.000 0.000
5 2 51 12.500 12.500 1.414 1.414 0.000 0.000
5 2 52 12.500 12.500 1.414 1.414 0.000 0.000
5 2 53 12.500 12.500 1.414 1.414 0.000 0.000
5 2 54 12.500 12.500 1.414 1.414 0.000 0.000
5 2 55 12.500 12.500 1.414 1.414 0.000 0.000
5 2 56 12.500 12.500 1.414 1.414 0.000 0.000
5 2 57 12.500 12.500 1.414 1.414 0.000 0.000
5 2 58 12.500 12.500 1.414 1.414 0.000 0.000
5 2 59 12.500 12.500 1.414 1.414 0.000 0.000
5 2 60 12.500 12.500 1.414 1.414 0.000 0.000
5 2 61 12.500 12.500 1.414 1.414 0.000 0.000
5 2 62 12.500 12.500 1.414 1.414 0.000 0.000
5 3 1 12.500 12.500 1.414 1.414 0.000 0.000
5 3 2 12.500 12.500 1.414 1.414 0.000 0.000
5 3 3 12.500 12.500 1.414 1.414 0.000 0.000
5 3 4 12.500 12.500 1.414 1.414 0.000 0.000
5 3 5 12.500 12.500 1.414 1.414 0.000 0.000
6 1 1 12.500 12.500 1.414 1.414 0.000 0.000
6 1 2 12.500 12.500 1.414 1.414 0.000 0.000
6 1 3 12.500 12.500 1.414 1.414 0.000 0.000
6 1 4 12.500 12.500 1.414 1.414 0.000 0.000
6 1 5 12.500 12.500 1.414 1.414 0.000 0.000
6 1 6 12.500 12.500 1.414 1.414 0.000 0.000
6 1 7 12.500 12.500 1.414 1.414 0.000 0.000
6 1 8 12.500 12.500 1.414 1.414 0.000 0.000
6 1 9 12.500 12.500 1.414 1.414 0.000 0.000
6 1 10 12.500 12.500 1.414 1.414 0.000 0.000
6 1 11 12.500 12.500 1.414 1.414 0.000 0.000
6 1 12 12.500 12.500 1.414 1.414 0.000 0.000
6 1 13 12.500 12.500 1.414 1.414 0.000 0.000
6 1 14 12.500 12.500 1.414 1.414 0.000 0.000
6 1 15 12.500 12.500 1.414 1.414 0.000 0.000
6 1 16 12.500 12.500 1.414 1.414 0.000 0.000
6 1 17 12.500 12.500 1.414 1.414 0.000 0.000
6 1 18 12.500 12.500 1.414 1.414 0.000 0.000
6 1 19 12.500 12.500 1.414 1.414 0.000 0.000
6 1 20 12.500 12.500 1.414 1.414 0.000 0.000
6 1 21 12.500 12.500 1.414 1.414 0.000 0.000
6 1 22 12.500 12.500 1.414 1.414 0.000 0.000
6 1 23 12.500 12.500 1.414 1.414 0.000 0.000
6 2 1 12.500 12.500 1.414 1.414 0.000 0.000
6 2 2 12.500 12.500 1.414 1.414 0.000 0.000
6 2 3 12.500 12.500 1.414 1.414 0.000 0.000
6 2 4 12.500 12.500 1.414 1.414 0.000 0.000
6 2 5 12.500 12.500 1.414 1.414 0.000 0.000
6 2 6 12.500 12.500 1.414 1.414 0.000 0.000
6 2 7 12.500 12.500 1.414 1.414 0.000 0.000
6 2 8 12.500 12.500 1.414 1.414 0.000 0.000
6 2 9 12.500 12.500 1.414 1.414 0.000 0.000
6 2 10 12.500 12.500 1.414 1.414 0.000 0.000
6 2 11 12.500 12.500 1.414 1.414 0.000 0.000
6 2 12 12.500 12.500 1.414 1.414 0.000 0.000
6 2 13 12.500 12.500 1.414 1.414 0.000 0.000
6 2 14 12.500 12.500 1.414 1.414 0.000 0.000
6 2 15 12.500 12.500 1.414 1.414 0.000 0.000
6 2 16 12.500 12.500 1.414 1.414 0.000 0.000
6 2 17 12.500 12.500 1.414 1.414 0.000 0.000
6 2 18 12.500 12.500 1.414 1.414 0.000 0.000
6 2 19 12.500 12.500 1.414 1.414 0.000 0.000
6 2 20 12.500 12.500 1.414 1.414 0.000 0.000
6 2 21 12.500 12.500 1.414 1.414 0.000 0.000
6 2 22 12.500 12.500 1.414 1.414 0.000 0.000
6 2 23 12.500 12.500 1.414 1.414 0.000 0.000
6 2 24 12.500 12.500 1.414 1.414 0.000 0.000
6 2 25 12.500 12.500 1.414 1.414 0.000 0.000
6 2 26 12.500 12.500 1.414 1.414 0.000 0.000
6 2 27 12.500 12.500 1.414 1.414 0.000 0.000
6 2 28 12.500 12.500 1.414 1.414 0.000 0.000
6 2 29 12.500 12.500 1.414 1.414 0.000 0.000
6 2 30 12.500 12.500 1.414 1.414 0.000 0.000
6 2 31 12.500 12.500 1.414 1.414 0.000 0.000
6 2 32 12.500 12.500 1.414 1.414 0.000 0.000
6 2 33 12.500 12.500 1.414 1.414 0.000 0.000
6 2 34 12.500 12.500 1.414 1.414 0.000 0.000
6 2 35 12.500 12.500 1.414 1.414 0.000 0.000
6 2 36 12.500 12.500 1.414 1.414 0.000 0.000
6 2 37 12.500 12.500 1.414 1.414 0.000 0.000
6 2 38 12.500 12.500 1.414 1.414 0.000 0.000
6 2 39 12.500 12.500 1.414 1.414 0.000 0.000
6 2 40 12.500 12.500 1.414 1.414 0.000 0.000
6 2 41 12.500 12.500 1.414 1.414 0.000 0.000
6 2 42 12.500 12.500 1.414 1.414 0.000 0.000
6 2 43 12.500 12.500 1.414 1.414 0.000 0.000
6 2 44 12.500 12.500 1.414 1.414 0.000 0.000
6 2 45 12.500 12.500 1.414 1.414 0.000 0.000
6 2 46 12.500 12.500 1.414 1.414 0.000 0.000
6 2 47 12.500 12.500 1.414 1.414 0.000 0.000
6 2 48 12.500 12.500 1.414 1.414 0.000 0.000
6 2 49 12.500 12.500 1.414 1.414 0.000 0.000
6 2 50 12.500 12.500 1.414 1.414 0.000 0.000
6 2 51 12.500 12.500 1.414 1.414 0.000 0.000
6 2 52 12.500 12.500 1.414 1.414 0.000 0.000
6 2 53 12.500 12.500 1.414 1.414 0.000 0.000
6 2 54 12.500 12.500 1.414 1.414 0.000 0.000
6 2 55 12.500 12.500 1.414 1.414 0.000 0.000
6 2 56 12.500 12.500 1.414 1.414 0.000 0.000
6 2 57 12.500 12.500 1.414 1.414 0.000 0.000
6 2 58 12.500 12.500 1.414 1.414 0.000 0.000
6 2 59 12.500 12.500 1.414 1.414 0.000 0.000
6 2 60 12.500 12.500 1.414 1.414 0.000 0.000
6 2 61 12.500 12.500 1.414 1.414 0.000 0.000
6 2 62 12.500 12.500 1.414 1.414 0.000 0.000
6 3 1 12.500 12.500 1.414 1.414 0.000 0.000
6 3 2 12.500 12.500 1.414 1.414 0.000 0.000
6 3 3 12.500 12.500 1.414 1.414 0.000 0.000
6 3 4 12.500 12.500 1.414 1.414 0.000 0.000
6 3 5 12.500 12.500 1.414 1.414 0.000 0.000
