  1   1   1   1.763232e+02    1.763232e+02    1.760799e+02    1.760799e+02    4.784602e-04  
  1   1   2   1.355682e+02    1.355682e+02    8.570729e+01    8.570729e+01    -4.984091e-03  
  1   1   3   1.749941e+02    1.749941e+02    8.820414e+01    8.820414e+01    -5.787788e-04  
  1   1   4   1.542687e+02    1.542687e+02    6.109811e+01    6.109811e+01    -9.337374e-04  
  1   1   5   1.854655e+02    1.854655e+02    6.442450e+01    6.442450e+01    9.458228e-04  
  1   1   6   1.578130e+02    1.578130e+02    4.678554e+01    4.678554e+01    -3.710421e-03  
  1   1   7   1.352404e+02    1.352404e+02    3.197093e+01    3.197093e+01    -6.903766e-03  
  1   1   8   1.661014e+02    1.661014e+02    3.937769e+01    3.937769e+01    1.882255e-03  
  1   1   9   1.740730e+02    1.740730e+02    3.692396e+01    3.692396e+01    5.519239e-03  
  1   1  10   1.629802e+02    1.629802e+02    3.089346e+01    3.089346e+01    7.023106e-05  
  1   1  11   2.307840e+02    2.307840e+02    4.724755e+01    4.724755e+01    2.029859e-03  
  1   1  12   1.483444e+02    1.483444e+02    2.248340e+01    2.248340e+01    -5.516516e-03  
  1   1  13   1.867656e+02    1.867656e+02    2.961136e+01    2.961136e+01    1.113880e-02  
  1   1  14   1.362703e+02    1.362703e+02    1.691750e+01    1.691750e+01    -5.870012e-03  
  1   1  15   1.553342e+02    1.553342e+02    1.951648e+01    1.951648e+01    -6.573669e-03  
  1   1  16   1.442632e+02    1.442632e+02    1.618765e+01    1.618765e+01    1.925055e-02  
  1   1  17   2.329749e+02    2.329749e+02    3.169100e+01    3.169100e+01    -5.433006e-03  
  1   1  18   1.769612e+02    1.769612e+02    1.994290e+01    1.994290e+01    1.315579e-02  
  1   1  19   2.370239e+02    2.370239e+02    2.914000e+01    2.914000e+01    -2.035883e-02  
  1   1  20   2.002367e+02    2.002367e+02    2.162360e+01    2.162360e+01    2.816498e-03  
  1   1  21   3.115869e+02    3.115869e+02    3.978721e+01    3.978721e+01    6.728745e-03  
  1   1  22   1.712706e+02    1.712706e+02    1.555974e+01    1.555974e+01    -1.860282e-02  
  1   1  23   2.819890e+02    2.819890e+02    3.128965e+01    3.128965e+01    4.462695e-02  
  1   2   1   1.400890e+02    1.400890e+02    2.538832e+02    2.538832e+02    3.717164e-03  
  1   2   2   1.510338e+02    1.510338e+02    1.797590e+02    1.797590e+02    3.957662e-03  
  1   2   3   1.375603e+02    1.375603e+02    1.320624e+02    1.320624e+02    1.440000e-03  
  1   2   4   1.523238e+02    1.523238e+02    1.217688e+02    1.217688e+02    1.305280e-03  
  1   2   5   1.553691e+02    1.553691e+02    1.393940e+03    1.393940e+03    0.000000e+00  
  1   2   6   1.597868e+02    1.597868e+02    1.047857e+02    1.047857e+02    4.268312e-03  
  1   2   7   2.392344e+02    2.392344e+02    1.590711e+02    1.590711e+02    -1.480963e-03  
  1   2   8   1.761001e+02    1.761001e+02    9.286481e+01    9.286481e+01    -2.013718e-03  
  1   2   9   1.660326e+02    1.660326e+02    7.894283e+01    7.894283e+01    3.513103e-04  
  1   2  10   2.413596e+02    2.413596e+02    1.232712e+02    1.232712e+02    -8.911615e-04  
  1   2  11   1.916383e+02    1.916383e+02    8.204156e+01    8.204156e+01    -2.039429e-03  
  1   2  12   2.516008e+02    2.516008e+02    1.163491e+02    1.163491e+02    3.214161e-05  
  1   2  13   2.436677e+02    2.436677e+02    9.948389e+01    9.948389e+01    4.231771e-03  
  1   2  14   1.968929e+02    1.968929e+02    6.875534e+01    6.875534e+01    -1.526290e-03  
  1   2  15   1.963728e+02    1.963728e+02    6.536183e+01    6.536183e+01    -4.345020e-03  
  1   2  16   1.958364e+02    1.958364e+02    6.040970e+01    6.040970e+01    4.667234e-04  
  1   2  17   2.103986e+02    2.103986e+02    6.449223e+01    6.449223e+01    -5.586715e-03  
  1   2  18   1.676196e+02    1.676196e+02    4.234079e+01    4.234079e+01    -2.032963e-03  
  1   2  19   2.253476e+02    2.253476e+02    6.357480e+01    6.357480e+01    -3.183402e-03  
  1   2  20   2.247530e+02    2.247530e+02    6.109224e+01    6.109224e+01    -7.672253e-04  
  1   2  21   2.263440e+02    2.263440e+02    5.761602e+01    5.761602e+01    6.142851e-03  
  1   2  22   1.702450e+02    1.702450e+02    3.679418e+01    3.679418e+01    1.793048e-03  
  1   2  23   3.274385e+02    3.274385e+02    9.502706e+01    9.502706e+01    -1.951223e-04  
  1   2  24   2.286812e+02    2.286812e+02    5.217152e+01    5.217152e+01    7.247434e-03  
  1   2  25   2.344220e+02    2.344220e+02    5.262195e+01    5.262195e+01    2.821641e-03  
  1   2  26   1.901937e+02    1.901937e+02    3.739273e+01    3.739273e+01    -2.553585e-03  
  1   2  27   1.981421e+02    1.981421e+02    3.763921e+01    3.763921e+01    1.537910e-03  
  1   2  28   1.537675e+02    1.537675e+02    2.507525e+01    2.507525e+01    1.947485e-03  
  1   2  29   3.348119e+02    3.348119e+02    7.720353e+01    7.720353e+01    2.108625e-03  
  1   2  30   2.977215e+02    2.977215e+02    6.319846e+01    6.319846e+01    -2.948295e-03  
  1   2  31   2.902146e+02    2.902146e+02    5.938906e+01    5.938906e+01    1.396133e-03  
  1   2  32   2.879554e+02    2.879554e+02    5.605526e+01    5.605526e+01    3.191012e-05  
  1   2  33   2.176769e+02    2.176769e+02    3.604473e+01    3.604473e+01    -3.403198e-03  
  1   2  34   2.543137e+02    2.543137e+02    4.454047e+01    4.454047e+01    1.960423e-04  
  1   2  35   2.468098e+02    2.468098e+02    4.110440e+01    4.110440e+01    1.617417e-03  
  1   2  36   1.424241e+02    1.424241e+02    1.765363e+01    1.765363e+01    4.420099e-03  
  1   2  37   2.232034e+02    2.232034e+02    3.394913e+01    3.394913e+01    1.043047e-03  
  1   2  38   2.242157e+02    2.242157e+02    3.285989e+01    3.285989e+01    -1.806674e-03  
  1   2  39   2.914667e+02    2.914667e+02    4.779374e+01    4.779374e+01    3.443295e-03  
  1   2  40   4.208281e+02    4.208281e+02    8.128055e+01    8.128055e+01    1.416796e-03  
  1   2  41   2.830999e+02    2.830999e+02    4.355104e+01    4.355104e+01    -1.996953e-02  
  1   2  42   1.753008e+02    1.753008e+02    2.085741e+01    2.085741e+01    2.183682e-03  
  1   2  43   3.030553e+02    3.030553e+02    4.577530e+01    4.577530e+01    6.976251e-03  
  1   2  44   4.520735e+02    4.520735e+02    8.194313e+01    8.194313e+01    -3.102038e-04  
  1   2  45   2.742183e+02    2.742183e+02    3.811860e+01    3.811860e+01    -1.150102e-03  
  1   2  46   3.563190e+02    3.563190e+02    5.463308e+01    5.463308e+01    -1.084491e-03  
  1   2  47   3.159564e+02    3.159564e+02    4.516009e+01    4.516009e+01    7.159657e-03  
  1   2  48   3.002309e+02    3.002309e+02    4.118643e+01    4.118643e+01    1.876397e-04  
  1   2  49   3.261443e+02    3.261443e+02    4.522257e+01    4.522257e+01    1.284615e-03  
  1   2  50   3.359409e+02    3.359409e+02    4.657454e+01    4.657454e+01    -8.290858e-04  
  1   2  51   3.454234e+02    3.454234e+02    4.785995e+01    4.785995e+01    3.453157e-03  
  1   2  52   4.238395e+02    4.238395e+02    6.315685e+01    6.315685e+01    2.600733e-03  
  1   2  53   3.998687e+02    3.998687e+02    5.708612e+01    5.708612e+01    9.489790e-04  
  1   2  54   3.702465e+02    3.702465e+02    5.005362e+01    5.005362e+01    -8.705276e-04  
  1   2  55   4.669778e+02    4.669778e+02    6.934238e+01    6.934238e+01    5.417957e-03  
  1   2  56   4.058884e+02    4.058884e+02    5.553470e+01    5.553470e+01    4.055019e-03  
  1   2  57   3.395216e+02    3.395216e+02    4.138619e+01    4.138619e+01    -3.078326e-03  
  1   2  58   4.660121e+02    4.660121e+02    6.563966e+01    6.563966e+01    4.128498e-04  
  1   2  59   5.000000e+02    5.000000e+02    2.663743e+02    2.663743e+02    3.887093e-03  
  1   2  60   4.794017e+02    4.794017e+02    6.620367e+01    6.620367e+01    7.982076e-04  
  1   2  61   3.270660e+02    3.270660e+02    3.690949e+01    3.690949e+01    -1.025316e-02  
  1   2  62   4.359108e+02    4.359108e+02    5.608640e+01    5.608640e+01    2.893007e-03  
  1   3   1   1.941594e+02    1.941594e+02    1.824612e+01    1.824612e+01    -9.480824e-04  
  1   3   2   2.036184e+02    2.036184e+02    1.874443e+01    1.874443e+01    2.589646e-03  
  1   3   3   1.767032e+02    1.767032e+02    1.476378e+01    1.476378e+01    1.040374e-02  
  1   3   4   2.912914e+02    2.912914e+02    3.009551e+01    3.009551e+01    8.431930e-03  
  1   3   5   2.605615e+02    2.605615e+02    2.469963e+01    2.469963e+01    1.610730e-03  
  2   1   1   1.035699e+02    1.035699e+02    7.950519e+01    7.950519e+01    -2.032222e-03  
  2   1   2   1.864813e+02    1.864813e+02    1.381386e+02    1.381386e+02    -1.779233e-03  
  2   1   3   1.583511e+02    1.583511e+02    7.595197e+01    7.595197e+01    4.058682e-03  
  2   1   4   1.488819e+02    1.488819e+02    5.790915e+01    5.790915e+01    -4.066886e-03  
  2   1   5   1.514628e+02    1.514628e+02    4.755307e+01    4.755307e+01    2.445389e-03  
  2   1   6   1.725134e+02    1.725134e+02    5.347317e+01    5.347317e+01    -2.886380e-04  
  2   1   7   1.518761e+02    1.518761e+02    3.805073e+01    3.805073e+01    1.315185e-03  
  2   1   8   2.226800e+02    2.226800e+02    6.111529e+01    6.111529e+01    -4.103612e-03  
  2   1   9   1.695835e+02    1.695835e+02    3.550427e+01    3.550427e+01    -6.626605e-03  
  2   1  10   1.828547e+02    1.828547e+02    3.670361e+01    3.670361e+01    -9.132401e-03  
  2   1  11   2.240141e+02    2.240141e+02    4.518280e+01    4.518280e+01    -6.359471e-04  
  2   1  12   2.183883e+02    2.183883e+02    4.016087e+01    4.016087e+01    -8.052438e-03  
  2   1  13   1.795525e+02    1.795525e+02    1.905514e+03    1.905514e+03    0.000000e+00  
  2   1  14   2.035655e+02    2.035655e+02    3.088587e+01    3.088587e+01    7.324352e-04  
  2   1  15   1.838631e+02    1.838631e+02    2.513333e+01    2.513333e+01    -1.141846e-03  
  2   1  16   1.758458e+02    1.758458e+02    2.178665e+01    2.178665e+01    1.516008e-03  
  2   1  17   2.773676e+02    2.773676e+02    4.116563e+01    4.116563e+01    -6.296234e-03  
  2   1  18   2.094357e+02    2.094357e+02    2.567625e+01    2.567625e+01    8.803141e-03  
  2   1  19   2.099088e+02    2.099088e+02    2.428766e+01    2.428766e+01    5.825127e-03  
  2   1  20   2.004060e+02    2.004060e+02    2.165115e+01    2.165115e+01    -3.893788e-03  
  2   1  21   2.579968e+02    2.579968e+02    2.997986e+01    2.997986e+01    -3.330165e-04  
  2   1  22   1.501873e+02    1.501873e+02    1.277756e+01    1.277756e+01    5.612070e-03  
  2   1  23   1.374527e+02    1.374527e+02    1.065668e+01    1.065668e+01    1.367690e-02  
  2   2   1   1.762098e+02    1.762098e+02    3.549198e+02    3.549198e+02    3.501406e-03  
  2   2   2   9.629863e+01    9.629863e+01    9.176598e+01    9.176598e+01    -3.126013e-03  
  2   2   3   1.235905e+02    1.235905e+02    1.125780e+02    1.125780e+02    2.373382e-03  
  2   2   4   1.388511e+02    1.388511e+02    1.059954e+02    1.059954e+02    1.122631e-03  
  2   2   5   1.603836e+02    1.603836e+02    1.169001e+02    1.169001e+02    -1.790709e-03  
  2   2   6   1.453121e+02    1.453121e+02    9.084267e+01    9.084267e+01    1.911002e-03  
  2   2   7   1.969761e+02    1.969761e+02    1.189050e+02    1.189050e+02    1.836344e-03  
  2   2   8   9.713176e+01    9.713176e+01    3.804894e+01    3.804894e+01    -8.626908e-03  
  2   2   9   1.745184e+02    1.745184e+02    8.503842e+01    8.503842e+01    4.846266e-03  
  2   2  10   1.560542e+02    1.560542e+02    6.415098e+01    6.415098e+01    7.771730e-03  
  2   2  11   1.752066e+02    1.752066e+02    7.172876e+01    7.172876e+01    -3.193888e-03  
  2   2  12   2.212989e+02    2.212989e+02    9.595950e+01    9.595950e+01    1.792160e-03  
  2   2  13   1.350624e+02    1.350624e+02    4.107659e+01    4.107659e+01    1.202141e-02  
  2   2  14   2.510467e+02    2.510467e+02    9.900672e+01    9.900672e+01    5.276455e-04  
  2   2  15   1.891983e+02    1.891983e+02    6.181657e+01    6.181657e+01    -2.518950e-04  
  2   2  16   2.537603e+02    2.537603e+02    8.904727e+01    8.904727e+01    6.212283e-03  
  2   2  17   2.277562e+02    2.277562e+02    7.262126e+01    7.262126e+01    3.847911e-03  
  2   2  18   2.229911e+02    2.229911e+02    6.495770e+01    6.495770e+01    -8.379528e-04  
  2   2  19   1.803957e+02    1.803957e+02    4.554126e+01    4.554126e+01    4.937609e-03  
  2   2  20   1.600763e+02    1.600763e+02    3.673121e+01    3.673121e+01    -1.983762e-03  
  2   2  21   2.968152e+02    2.968152e+02    8.651109e+01    8.651109e+01    1.779499e-03  
  2   2  22   1.920970e+02    1.920970e+02    4.409894e+01    4.409894e+01    -3.374861e-03  
  2   2  23   2.284769e+02    2.284769e+02    5.541431e+01    5.541431e+01    -5.912084e-04  
  2   2  24   1.580641e+02    1.580641e+02    2.998952e+01    2.998952e+01    -5.123399e-04  
  2   2  25   1.877286e+02    1.877286e+02    3.770968e+01    3.770968e+01    1.489740e-03  
  2   2  26   2.578634e+02    2.578634e+02    5.901327e+01    5.901327e+01    -2.716155e-03  
  2   2  27   2.358315e+02    2.358315e+02    4.887064e+01    4.887064e+01    2.217290e-03  
  2   2  28   3.191659e+02    3.191659e+02    7.495419e+01    7.495419e+01    1.847529e-03  
  2   2  29   2.514224e+02    2.514224e+02    5.025773e+01    5.025773e+01    3.019434e-03  
  2   2  30   2.424591e+02    2.424591e+02    4.645451e+01    4.645451e+01    1.035977e-03  
  2   2  31   1.366850e+02    1.366850e+02    1.920583e+01    1.920583e+01    -2.912323e-03  
  2   2  32   2.617538e+02    2.617538e+02    4.856976e+01    4.856976e+01    5.999686e-06  
  2   2  33   4.068638e+02    4.068638e+02    9.200312e+01    9.200312e+01    7.503796e-04  
  2   2  34   2.686517e+02    2.686517e+02    4.835874e+01    4.835874e+01    -1.256821e-03  
  2   2  35   2.824621e+02    2.824621e+02    5.032305e+01    5.032305e+01    6.208301e-03  
  2   2  36   3.429869e+02    3.429869e+02    6.596347e+01    6.596347e+01    -4.772782e-03  
  2   2  37   2.837095e+02    2.837095e+02    4.864563e+01    4.864563e+01    3.422752e-03  
  2   2  38   2.509220e+02    2.509220e+02    3.890261e+01    3.890261e+01    -8.789720e-04  
  2   2  39   2.823450e+02    2.823450e+02    4.556265e+01    4.556265e+01    1.524827e-03  
  2   2  40   3.603175e+02    3.603175e+02    6.447242e+01    6.447242e+01    -4.326949e-03  
  2   2  41   2.715841e+02    2.715841e+02    4.093004e+01    4.093004e+01    3.474323e-03  
  2   2  42   3.180366e+02    3.180366e+02    5.095976e+01    5.095976e+01    2.265106e-04  
  2   2  43   3.600238e+02    3.600238e+02    5.926572e+01    5.926572e+01    -3.778236e-03  
  2   2  44   3.020735e+02    3.020735e+02    4.479820e+01    4.479820e+01    6.494567e-03  
  2   2  45   3.120922e+02    3.120922e+02    4.628442e+01    4.628442e+01    -8.706138e-03  
  2   2  46   2.943024e+02    2.943024e+02    4.102002e+01    4.102002e+01    -3.265535e-03  
  2   2  47   3.896181e+02    3.896181e+02    6.182926e+01    6.182926e+01    2.917936e-03  
  2   2  48   3.260932e+02    3.260932e+02    4.662026e+01    4.662026e+01    -1.464138e-03  
  2   2  49   4.091324e+02    4.091324e+02    6.352202e+01    6.352202e+01    -4.710523e-04  
  2   2  50   3.691429e+02    3.691429e+02    5.364653e+01    5.364653e+01    2.594820e-03  
  2   2  51   4.228887e+02    4.228887e+02    6.480253e+01    6.480253e+01    2.601762e-04  
  2   2  52   4.361709e+02    4.361709e+02    6.591090e+01    6.591090e+01    2.404929e-03  
  2   2  53   4.641629e+02    4.641629e+02    7.133832e+01    7.133832e+01    -1.111698e-03  
  2   2  54   2.054563e+02    2.054563e+02    2.069681e+01    2.069681e+01    2.415172e-03  
  2   2  55   3.232539e+02    3.232539e+02    4.000975e+01    4.000975e+01    -7.178270e-04  
  2   2  56   3.608557e+02    3.608557e+02    4.656885e+01    4.656885e+01    -2.801395e-03  
  2   2  57   4.999999e+02    4.999999e+02    1.026220e+02    1.026220e+02    2.475609e-04  
  2   2  58   4.932254e+02    4.932254e+02    1.894665e+02    1.894665e+02    1.602807e-03  
  2   2  59   3.632131e+02    3.632131e+02    4.464275e+01    4.464275e+01    -6.459389e-03  
  2   2  60   2.828802e+02    2.828802e+02    3.002402e+01    3.002402e+01    5.648866e-02  
  2   2  61   2.456322e+02    2.456322e+02    2.401972e+01    2.401972e+01    1.160315e-02  
  2   2  62   5.000000e+02    5.000000e+02    3.706699e+01    3.706699e+01    2.520621e-03  
  2   3   1   2.586773e+02    2.586773e+02    2.805786e+01    2.805786e+01    -2.740093e-03  
  2   3   2   2.288432e+02    2.288432e+02    2.233113e+01    2.233113e+01    2.082250e-02  
  2   3   3   1.500245e+02    1.500245e+02    1.155011e+01    1.155011e+01    8.549365e-04  
  2   3   4   2.477569e+02    2.477569e+02    2.361180e+01    2.361180e+01    -1.238089e-03  
  2   3   5   1.798183e+02    1.798183e+02    1.416278e+01    1.416278e+01    -3.204384e-03  
  3   1   1   1.244513e+02    1.244513e+02    1.045229e+02    1.045229e+02    -5.400401e-03  
  3   1   2   1.372262e+02    1.372262e+02    8.730785e+01    8.730785e+01    1.577613e-03  
  3   1   3   8.503564e+01    8.503564e+01    2.990955e+01    2.990955e+01    -6.732694e-03  
  3   1   4   1.973352e+02    1.973352e+02    8.836325e+01    8.836325e+01    -7.034343e-04  
  3   1   5   1.400596e+02    1.400596e+02    4.229436e+01    4.229436e+01    1.764146e-03  
  3   1   6   8.220069e+01    8.220069e+01    1.758821e+01    1.758821e+01    -1.427030e-02  
  3   1   7   1.502481e+02    1.502481e+02    3.743893e+01    3.743893e+01    4.896792e-03  
  3   1   8   1.798655e+02    1.798655e+02    4.437318e+01    4.437318e+01    -9.536933e-03  
  3   1   9   1.651001e+02    1.651001e+02    3.410610e+01    3.410610e+01    1.522896e-03  
  3   1  10   1.526458e+02    1.526458e+02    2.799787e+01    2.799787e+01    -1.059900e-02  
  3   1  11   1.701700e+02    1.701700e+02    2.992564e+01    2.992564e+01    1.751595e-03  
  3   1  12   1.537276e+02    1.537276e+02    2.372005e+01    2.372005e+01    1.470078e-02  
  3   1  13   1.273076e+02    1.273076e+02    1.666496e+01    1.666496e+01    -3.644593e-05  
  3   1  14   2.280535e+02    2.280535e+02    3.662272e+01    3.662272e+01    9.158029e-04  
  3   1  15   1.661384e+02    1.661384e+02    2.158719e+01    2.158719e+01    -7.888055e-03  
  3   1  16   1.810322e+02    1.810322e+02    2.275725e+01    2.275725e+01    1.372876e-03  
  3   1  17   1.753418e+02    1.753418e+02    2.069464e+01    2.069464e+01    -4.284672e-03  
  3   1  18   3.003756e+02    3.003756e+02    4.409703e+01    4.409703e+01    5.629617e-03  
  3   1  19   2.339160e+02    2.339160e+02    2.857101e+01    2.857101e+01    1.006862e-02  
  3   1  20   2.190963e+02    2.190963e+02    2.474686e+01    2.474686e+01    6.504507e-03  
  3   1  21   1.919387e+02    1.919387e+02    1.923947e+01    1.923947e+01    -1.422392e-03  
  3   1  22   1.561905e+02    1.561905e+02    1.355122e+01    1.355122e+01    -1.410451e-02  
  3   1  23   1.474072e+02    1.474072e+02    1.183552e+01    1.183552e+01    -1.439314e-02  
  3   2   1   1.566653e+02    1.566653e+02    2.994305e+02    2.994305e+02    -3.682164e-03  
  3   2   2   1.714503e+02    1.714503e+02    2.171237e+02    2.171237e+02    -1.764296e-04  
  3   2   3   1.852810e+02    1.852810e+02    2.057285e+02    2.057285e+02    1.339807e-03  
  3   2   4   1.571608e+02    1.571608e+02    1.274373e+02    1.274373e+02    -2.029813e-03  
  3   2   5   8.455027e+01    8.455027e+01    4.482353e+01    4.482353e+01    5.295088e-03  
  3   2   6   1.853484e+02    1.853484e+02    1.307098e+02    1.307098e+02    2.503080e-03  
  3   2   7   2.063942e+02    2.063942e+02    1.275058e+02    1.275058e+02    1.248501e-03  
  3   2   8   1.701400e+02    1.701400e+02    8.819744e+01    8.819744e+01    2.394023e-03  
  3   2   9   1.408172e+02    1.408172e+02    6.167882e+01    6.167882e+01    8.486959e-04  
  3   2  10   1.851390e+02    1.851390e+02    8.286697e+01    8.286697e+01    1.835927e-03  
  3   2  11   1.990515e+02    1.990515e+02    8.683554e+01    8.683554e+01    -2.865943e-03  
  3   2  12   1.456228e+02    1.456228e+02    5.128638e+01    5.128638e+01    6.274993e-03  
  3   2  13   1.678437e+02    1.678437e+02    5.691454e+01    5.691454e+01    2.815068e-03  
  3   2  14   2.063136e+02    2.063136e+02    7.378639e+01    7.378639e+01    7.592606e-03  
  3   2  15   2.150447e+02    2.150447e+02    7.488574e+01    7.488574e+01    1.465397e-03  
  3   2  16   1.539275e+02    1.539275e+02    4.209987e+01    4.209987e+01    -2.341762e-03  
  3   2  17   2.225253e+02    2.225253e+02    7.015872e+01    7.015872e+01    4.851257e-04  
  3   2  18   2.354774e+02    2.354774e+02    7.048060e+01    7.048060e+01    1.615162e-03  
  3   2  19   2.009507e+02    2.009507e+02    5.354757e+01    5.354757e+01    1.044919e-04  
  3   2  20   2.742897e+02    2.742897e+02    8.234895e+01    8.234895e+01    -2.063956e-03  
  3   2  21   2.835652e+02    2.835652e+02    8.077432e+01    8.077432e+01    2.043008e-04  
  3   2  22   2.538757e+02    2.538757e+02    6.696700e+01    6.696700e+01    -1.875177e-03  
  3   2  23   1.908725e+02    1.908725e+02    4.231979e+01    4.231979e+01    1.062987e-03  
  3   2  24   2.343147e+02    2.343147e+02    5.413071e+01    5.413071e+01    -2.304163e-03  
  3   2  25   2.499616e+02    2.499616e+02    5.792956e+01    5.792956e+01    -2.073875e-03  
  3   2  26   1.722151e+02    1.722151e+02    3.221887e+01    3.221887e+01    -7.695026e-03  
  3   2  27   2.465465e+02    2.465465e+02    5.223615e+01    5.223615e+01    -1.011506e-03  
  3   2  28   2.698400e+02    2.698400e+02    5.828314e+01    5.828314e+01    7.105855e-03  
  3   2  29   2.763248e+02    2.763248e+02    5.789689e+01    5.789689e+01    7.544726e-04  
  3   2  30   3.707513e+02    3.707513e+02    8.778735e+01    8.778735e+01    9.679442e-04  
  3   2  31   2.759160e+02    2.759160e+02    5.507307e+01    5.507307e+01    4.283178e-04  
  3   2  32   3.001124e+02    3.001124e+02    5.963444e+01    5.963444e+01    8.653923e-04  
  3   2  33   3.550812e+02    3.550812e+02    7.505947e+01    7.505947e+01    3.473976e-03  
  3   2  34   3.293054e+02    3.293054e+02    6.561806e+01    6.561806e+01    -8.924788e-05  
  3   2  35   2.388996e+02    2.388996e+02    3.914131e+01    3.914131e+01    2.897545e-04  
  3   2  36   2.843134e+02    2.843134e+02    4.977973e+01    4.977973e+01    -7.541748e-05  
  3   2  37   3.118367e+02    3.118367e+02    5.604467e+01    5.604467e+01    2.021698e-03  
  3   2  38   2.312856e+02    2.312856e+02    3.442585e+01    3.442585e+01    4.019315e-03  
  3   2  39   3.505949e+02    3.505949e+02    6.303362e+01    6.303362e+01    2.175089e-03  
  3   2  40   3.047152e+02    3.047152e+02    5.015037e+01    5.015037e+01    -2.863033e-03  
  3   2  41   3.685524e+02    3.685524e+02    6.469204e+01    6.469204e+01    -6.862323e-04  
  3   2  42   2.398240e+02    2.398240e+02    3.337335e+01    3.337335e+01    -3.424006e-03  
  3   2  43   4.632722e+02    4.632722e+02    8.639949e+01    8.639949e+01    -9.631749e-04  
  3   2  44   3.991892e+02    3.991892e+02    6.803366e+01    6.803366e+01    2.798543e-03  
  3   2  45   3.443132e+02    3.443132e+02    5.360836e+01    5.360836e+01    -2.281464e-03  
  3   2  46   3.947312e+02    3.947312e+02    6.370123e+01    6.370123e+01    1.757764e-03  
  3   2  47   4.069845e+02    4.069845e+02    6.599660e+01    6.599660e+01    -2.354120e-03  
  3   2  48   4.016527e+02    4.016527e+02    6.371231e+01    6.371231e+01    1.855105e-03  
  3   2  49   2.793005e+02    2.793005e+02    3.583630e+01    3.583630e+01    -5.203375e-03  
  3   2  50   4.778581e+02    4.778581e+02    7.877678e+01    7.877678e+01    -3.643764e-03  
  3   2  51   5.000000e+02    5.000000e+02    2.072675e+02    2.072675e+02    -3.071240e-03  
  3   2  52   3.989988e+02    3.989988e+02    5.770309e+01    5.770309e+01    4.411350e-03  
  3   2  53   4.589335e+02    4.589335e+02    7.014025e+01    7.014025e+01    6.387479e-03  
  3   2  54   3.069183e+02    3.069183e+02    3.778083e+01    3.778083e+01    1.322928e-02  
  3   2  55   3.784690e+02    3.784690e+02    5.067835e+01    5.067835e+01    5.612228e-04  
  3   2  56   3.982764e+02    3.982764e+02    5.398321e+01    5.398321e+01    2.860969e-03  
  3   2  57   3.192002e+02    3.192002e+02    3.772809e+01    3.772809e+01    1.818857e-03  
  3   2  58   4.709372e+02    4.709372e+02    6.661509e+01    6.661509e+01    7.088992e-03  
  3   2  59   3.183465e+02    3.183465e+02    3.663443e+01    3.663443e+01    4.393035e-03  
  3   2  60   4.557419e+02    4.557419e+02    6.136229e+01    6.136229e+01    2.679214e-03  
  3   2  61   3.963682e+02    3.963682e+02    4.921364e+01    4.921364e+01    2.333678e-02  
  3   2  62   4.999990e+02    4.999990e+02    1.327931e+02    1.327931e+02    -6.229581e-04  
  3   3   1   2.793692e+02    2.793692e+02    3.149085e+01    3.149085e+01    7.251431e-03  
  3   3   2   1.353496e+02    1.353496e+02    1.015768e+01    1.015768e+01    1.639553e-02  
  3   3   3   2.250437e+02    2.250437e+02    3.094453e+03    3.094453e+03    0.000000e+00  
  3   3   4   1.862149e+02    1.862149e+02    1.538438e+01    1.538438e+01    -9.266520e-04  
  3   3   5   2.710202e+02    2.710202e+02    2.616441e+01    2.616441e+01    -7.894684e-02  
  4   1   1   1.365908e+02    1.365908e+02    1.202871e+02    1.202871e+02    4.374424e-03  
  4   1   2   1.269558e+02    1.269558e+02    7.769482e+01    7.769482e+01    5.179946e-03  
  4   1   3   1.672697e+02    1.672697e+02    8.239930e+01    8.239930e+01    3.504414e-03  
  4   1   4   1.428410e+02    1.428410e+02    5.443016e+01    5.443016e+01    1.145741e-03  
  4   1   5   1.708347e+02    1.708347e+02    5.694906e+01    5.694906e+01    4.108539e-03  
  4   1   6   1.687746e+02    1.687746e+02    5.173891e+01    5.173891e+01    2.768554e-03  
  4   1   7   2.073337e+02    2.073337e+02    6.067325e+01    6.067325e+01    -5.012138e-04  
  4   1   8   2.139265e+02    2.139265e+02    5.755025e+01    5.755025e+01    3.214951e-03  
  4   1   9   1.954401e+02    1.954401e+02    4.390781e+01    4.390781e+01    2.460667e-03  
  4   1  10   1.793067e+02    1.793067e+02    3.564307e+01    3.564307e+01    6.837701e-03  
  4   1  11   2.306748e+02    2.306748e+02    4.721401e+01    4.721401e+01    2.172632e-03  
  4   1  12   2.007374e+02    2.007374e+02    3.539176e+01    3.539176e+01    9.265283e-03  
  4   1  13   1.906750e+02    1.906750e+02    3.054496e+01    3.054496e+01    4.167513e-04  
  4   1  14   1.806264e+02    1.806264e+02    2.581597e+01    2.581597e+01    4.495888e-03  
  4   1  15   1.922684e+02    1.922684e+02    2.687624e+01    2.687624e+01    -1.356053e-03  
  4   1  16   2.278913e+02    2.278913e+02    3.214184e+01    3.214184e+01    8.649024e-04  
  4   1  17   1.890346e+02    1.890346e+02    2.316432e+01    2.316432e+01    -4.718118e-03  
  4   1  18   2.584804e+02    2.584804e+02    3.520336e+01    3.520336e+01    1.775195e-03  
  4   1  19   1.800210e+02    1.800210e+02    1.929137e+01    1.929137e+01    2.973863e-05  
  4   1  20   1.546300e+02    1.546300e+02    1.467312e+01    1.467312e+01    -1.064003e-02  
  4   1  21   2.239521e+02    2.239521e+02    2.424645e+01    2.424645e+01    8.360672e-03  
  4   1  22   2.354459e+02    2.354459e+02    2.507913e+01    2.507913e+01    9.361203e-03  
  4   1  23   2.440870e+02    2.440870e+02    2.521725e+01    2.521725e+01    -4.505099e-03  
  4   2   1   1.410327e+02    1.410327e+02    2.564218e+02    2.564218e+02    -2.705244e-03  
  4   2   2   1.585273e+02    1.585273e+02    1.932245e+02    1.932245e+02    -1.698625e-03  
  4   2   3   1.833805e+02    1.833805e+02    2.025211e+02    2.025211e+02    -2.254001e-03  
  4   2   4   1.911350e+02    1.911350e+02    1.706108e+02    1.706108e+02    -2.077626e-03  
  4   2   5   1.615345e+02    1.615345e+02    1.182664e+02    1.182664e+02    1.297738e-03  
  4   2   6   1.051626e+02    1.051626e+02    5.595488e+01    5.595488e+01    1.254170e-03  
  4   2   7   1.712202e+02    1.712202e+02    9.640828e+01    9.640828e+01    -4.988843e-03  
  4   2   8   1.842957e+02    1.842957e+02    9.942126e+01    9.942126e+01    5.640412e-04  
  4   2   9   2.013721e+02    2.013721e+02    1.053418e+02    1.053418e+02    -2.307900e-03  
  4   2  10   1.920865e+02    1.920865e+02    8.756540e+01    8.756540e+01    -2.292907e-03  
  4   2  11   1.303048e+02    1.303048e+02    4.601560e+01    4.601560e+01    3.783615e-04  
  4   2  12   1.778709e+02    1.778709e+02    6.922337e+01    6.922337e+01    -2.692309e-03  
  4   2  13   1.971190e+02    1.971190e+02    7.241075e+01    7.241075e+01    -1.363335e-03  
  4   2  14   1.832534e+02    1.832534e+02    6.177482e+01    6.177482e+01    2.632346e-04  
  4   2  15   1.059857e+02    1.059857e+02    2.592387e+01    2.592387e+01    1.536402e-03  
  4   2  16   3.063916e+02    3.063916e+02    1.180949e+02    1.180949e+02    -2.985905e-03  
  4   2  17   2.376700e+02    2.376700e+02    7.737758e+01    7.737758e+01    1.709037e-03  
  4   2  18   1.641760e+02    1.641760e+02    4.104195e+01    4.104195e+01    -2.366629e-03  
  4   2  19   2.614479e+02    2.614479e+02    7.943588e+01    7.943588e+01    3.113053e-03  
  4   2  20   2.135881e+02    2.135881e+02    5.659450e+01    5.659450e+01    2.770984e-03  
  4   2  21   3.123385e+02    3.123385e+02    9.336456e+01    9.336456e+01    -1.921439e-03  
  4   2  22   1.630501e+02    1.630501e+02    3.448711e+01    3.448711e+01    1.619988e-03  
  4   2  23   2.633862e+02    2.633862e+02    6.855763e+01    6.855763e+01    1.056470e-03  
  4   2  24   1.888916e+02    1.888916e+02    3.917893e+01    3.917893e+01    -6.082795e-04  
  4   2  25   3.695267e+02    3.695267e+02    1.040355e+02    1.040355e+02    7.345116e-04  
  4   2  26   3.069174e+02    3.069174e+02    7.661766e+01    7.661766e+01    -1.650245e-03  
  4   2  27   3.341437e+02    3.341437e+02    8.239192e+01    8.239192e+01    2.708953e-03  
  4   2  28   2.930652e+02    2.930652e+02    6.596654e+01    6.596654e+01    6.041307e-03  
  4   2  29   3.426832e+02    3.426832e+02    7.994137e+01    7.994137e+01    -5.010067e-04  
  4   2  30   1.870973e+02    1.870973e+02    3.149212e+01    3.149212e+01    -3.211306e-03  
  4   2  31   3.547430e+02    3.547430e+02    8.026255e+01    8.026255e+01    2.630431e-05  
  4   2  32   2.654427e+02    2.654427e+02    4.403227e+03    4.403227e+03    0.000000e+00  
  4   2  33   1.475132e+02    1.475132e+02    2.010893e+01    2.010893e+01    -7.499309e-04  
  4   2  34   3.105301e+02    3.105301e+02    6.008852e+01    6.008852e+01    -2.320030e-03  
  4   2  35   3.066691e+02    3.066691e+02    5.691284e+01    5.691284e+01    6.835912e-04  
  4   2  36   2.712293e+02    2.712293e+02    4.639134e+01    4.639134e+01    -1.923009e-03  
  4   2  37   3.455598e+02    3.455598e+02    6.538035e+01    6.538035e+01    -1.774486e-03  
  4   2  38   4.093818e+02    4.093818e+02    8.099080e+01    8.099080e+01    1.113816e-03  
  4   2  39   3.521954e+02    3.521954e+02    6.346524e+01    6.346524e+01    1.773436e-03  
  4   2  40   3.683056e+02    3.683056e+02    6.662608e+01    6.662608e+01    2.155929e-03  
  4   2  41   2.238012e+02    2.238012e+02    3.062140e+01    3.062140e+01    -7.406768e-03  
  4   2  42   3.383452e+02    3.383452e+02    5.589131e+01    5.589131e+01    2.877813e-03  
  4   2  43   2.598758e+02    2.598758e+02    3.635581e+01    3.635581e+01    1.644448e-03  
  4   2  44   1.850205e+02    1.850205e+02    2.147692e+01    2.147692e+01    8.106672e-03  
  4   2  45   3.113194e+02    3.113194e+02    4.611031e+01    4.611031e+01    3.959591e-03  
  4   2  46   3.652281e+02    3.652281e+02    5.670154e+01    5.670154e+01    2.164248e-03  
  4   2  47   2.260022e+02    2.260022e+02    2.732222e+01    2.732222e+01    -1.991278e-03  
  4   2  48   4.139364e+02    4.139364e+02    6.665278e+01    6.665278e+01    2.989047e-03  
  4   2  49   2.528247e+02    2.528247e+02    3.086319e+01    3.086319e+01    8.312129e-03  
  4   2  50   3.631335e+02    3.631335e+02    5.233030e+01    5.233030e+01    7.792384e-03  
  4   2  51   4.468836e+02    4.468836e+02    7.037534e+01    7.037534e+01    5.918839e-03  
  4   2  52   5.000000e+02    5.000000e+02    5.601546e+01    5.601546e+01    -1.960924e-03  
  4   2  53   4.226216e+02    4.226216e+02    6.201767e+01    6.201767e+01    1.547161e-03  
  4   2  54   3.465185e+02    3.465185e+02    4.532237e+01    4.532237e+01    3.722817e-06  
  4   2  55   2.808602e+02    2.808602e+02    3.239784e+01    3.239784e+01    5.698499e-03  
  4   2  56   5.000000e+02    5.000000e+02    1.008858e+02    1.008858e+02    4.857652e-02  
  4   2  57   3.591882e+02    3.591882e+02    4.503672e+01    4.503672e+01    -1.873843e-04  
  4   2  58   4.189829e+02    4.189829e+02    5.600071e+01    5.600071e+01    8.444425e-04  
  4   2  59   4.984535e+02    4.984535e+02    8.229459e+02    8.229459e+02    -1.666913e-03  
  4   2  60   4.815967e+02    4.815967e+02    6.662807e+01    6.662807e+01    -1.021222e-02  
  4   2  61   4.459072e+02    4.459072e+02    5.867357e+01    5.867357e+01    3.678385e-02  
  4   2  62   3.787330e+02    3.787330e+02    4.541022e+01    4.541022e+01    3.533968e-02  
  4   3   1   1.915630e+02    1.915630e+02    1.788157e+01    1.788157e+01    1.010095e-02  
  4   3   2   2.210429e+02    2.210429e+02    2.119959e+01    2.119959e+01    4.860197e-04  
  4   3   3   2.160211e+02    2.160211e+02    1.995635e+01    1.995635e+01    -1.108556e-03  
  4   3   4   1.846427e+02    1.846427e+02    1.518990e+01    1.518990e+01    6.913997e-04  
  4   3   5   2.682674e+02    2.682674e+02    2.580682e+01    2.580682e+01    1.853478e-03  
  5   1   1   1.416935e+02    1.416935e+02    1.269540e+02    1.269540e+02    3.023759e-03  
  5   1   2   1.487184e+02    1.487184e+02    9.845611e+01    9.845611e+01    2.346105e-03  
  5   1   3   1.600202e+02    1.600202e+02    7.716328e+01    7.716328e+01    -2.617240e-04  
  5   1   4   1.714991e+02    1.714991e+02    7.158724e+01    7.158724e+01    -9.464345e-04  
  5   1   5   1.614823e+02    1.614823e+02    5.235415e+01    5.235415e+01    -1.874384e-03  
  5   1   6   2.398639e+02    2.398639e+02    8.763891e+01    8.763891e+01    1.728809e-03  
  5   1   7   1.124755e+02    1.124755e+02    2.424772e+01    2.424772e+01    1.125163e-02  
  5   1   8   1.581822e+02    1.581822e+02    3.659766e+01    3.659766e+01    4.750787e-03  
  5   1   9   1.221992e+02    1.221992e+02    2.171994e+01    2.171994e+01    9.242492e-03  
  5   1  10   2.118500e+02    2.118500e+02    4.577556e+01    4.577556e+01    3.086964e-03  
  5   1  11   1.814667e+02    1.814667e+02    3.294627e+01    3.294627e+01    -2.297369e-04  
  5   1  12   1.831460e+02    1.831460e+02    3.084102e+01    3.084102e+01    5.815329e-03  
  5   1  13   2.090031e+02    2.090031e+02    3.505241e+01    3.505241e+01    -4.676469e-03  
  5   1  14   1.489512e+02    1.489512e+02    1.933336e+01    1.933336e+01    -1.122777e-03  
  5   1  15   1.381893e+02    1.381893e+02    1.637625e+01    1.637625e+01    -8.496145e-03  
  5   1  16   2.823956e+02    2.823956e+02    4.433235e+01    4.433235e+01    -1.858991e-03  
  5   1  17   1.612399e+02    1.612399e+02    1.824748e+01    1.824748e+01    2.562882e-03  
  5   1  18   2.107577e+02    2.107577e+02    2.591693e+01    2.591693e+01    -9.353183e-03  
  5   1  19   2.627884e+02    2.627884e+02    3.402235e+01    3.402235e+01    1.080493e-04  
  5   1  20   1.030415e+02    1.030415e+02    7.982250e+00    7.982250e+00    5.855273e-04  
  5   1  21   2.780801e+02    2.780801e+02    3.354250e+01    3.354250e+01    -3.174005e-05  
  5   1  22   2.382867e+02    2.382867e+02    2.553122e+01    2.553122e+01    -2.139130e-02  
  5   1  23   2.626056e+02    2.626056e+02    2.813413e+01    2.813413e+01    2.961034e-02  
  5   2   1   1.638258e+02    1.638258e+02    3.193151e+02    3.193151e+02    -6.799606e-05  
  5   2   2   6.257377e+01    6.257377e+01    4.807344e+01    4.807344e+01    1.140204e-03  
  5   2   3   1.555762e+02    1.555762e+02    1.587171e+02    1.587171e+02    9.656641e-04  
  5   2   4   1.253674e+02    1.253674e+02    9.099866e+01    9.099866e+01    -2.718870e-03  
  5   2   5   1.736076e+02    1.736076e+02    1.317319e+02    1.317319e+02    -1.447996e-03  
  5   2   6   1.851679e+02    1.851679e+02    1.304876e+02    1.304876e+02    -3.152400e-03  
  5   2   7   1.506734e+02    1.506734e+02    7.961815e+01    7.961815e+01    4.055388e-03  
  5   2   8   1.689806e+02    1.689806e+02    8.729486e+01    8.729486e+01    -1.305003e-03  
  5   2   9   2.144448e+02    2.144448e+02    1.157974e+02    1.157974e+02    2.465243e-03  
  5   2  10   2.164183e+02    2.164183e+02    1.046871e+02    1.046871e+02    -2.350825e-04  
  5   2  11   1.727178e+02    1.727178e+02    7.021150e+01    7.021150e+01    4.679141e-03  
  5   2  12   1.286421e+02    1.286421e+02    4.258783e+01    4.258783e+01    -2.739065e-03  
  5   2  13   1.954550e+02    1.954550e+02    7.149247e+01    7.149247e+01    4.212868e-03  
  5   2  14   1.997325e+02    1.997325e+02    7.028121e+01    7.028121e+01    8.778568e-04  
  5   2  15   2.015039e+02    2.015039e+02    6.794034e+01    6.794034e+01    -5.441230e-03  
  5   2  16   1.743133e+02    1.743133e+02    5.073604e+01    5.073604e+01    4.193085e-04  
  5   2  17   2.079292e+02    2.079292e+02    6.335290e+01    6.335290e+01    -2.368533e-03  
  5   2  18   2.573114e+02    2.573114e+02    8.050295e+01    8.050295e+01    -1.581485e-03  
  5   2  19   2.211535e+02    2.211535e+02    6.181546e+01    6.181546e+01    3.835640e-04  
  5   2  20   2.451479e+02    2.451479e+02    6.957223e+01    6.957223e+01    1.321292e-03  
  5   2  21   2.722363e+02    2.722363e+02    7.599683e+01    7.599683e+01    1.207079e-03  
  5   2  22   2.390123e+02    2.390123e+02    6.119421e+01    6.119421e+01    -2.261345e-03  
  5   2  23   1.558492e+02    1.558492e+02    3.122338e+01    3.122338e+01    2.677506e-03  
  5   2  24   2.525736e+02    2.525736e+02    6.056463e+01    6.056463e+01    3.396963e-04  
  5   2  25   2.526976e+02    2.526976e+02    5.888225e+01    5.888225e+01    -1.709246e-03  
  5   2  26   2.746961e+02    2.746961e+02    6.484637e+01    6.484637e+01    -2.577306e-03  
  5   2  27   2.221137e+02    2.221137e+02    4.467042e+01    4.467042e+01    5.571719e-03  
  5   2  28   2.216513e+02    2.216513e+02    4.339941e+01    4.339941e+01    -2.288965e-03  
  5   2  29   2.649603e+02    2.649603e+02    5.436529e+01    5.436529e+01    1.539212e-03  
  5   2  30   2.635228e+02    2.635228e+02    5.263614e+01    5.263614e+01    2.205781e-03  
  5   2  31   2.234661e+02    2.234661e+02    4.014779e+01    4.014779e+01    1.716345e-03  
  5   2  32   3.047604e+02    3.047604e+02    6.101394e+01    6.101394e+01    3.069914e-04  
  5   2  33   1.852760e+02    1.852760e+02    2.829829e+01    2.829829e+01    5.134933e-03  
  5   2  34   2.339031e+02    2.339031e+02    3.928892e+01    3.928892e+01    -3.514371e-05  
  5   2  35   3.734114e+02    3.734114e+02    7.645525e+01    7.645525e+01    1.444888e-03  
  5   2  36   3.189475e+02    3.189475e+02    5.915143e+01    5.915143e+01    -2.961059e-03  
  5   2  37   2.913676e+02    2.913676e+02    5.062729e+01    5.062729e+01    3.212385e-04  
  5   2  38   3.996990e+02    3.996990e+02    7.816019e+01    7.816019e+01    8.077885e-04  
  5   2  39   3.194643e+02    3.194643e+02    5.482461e+01    5.482461e+01    1.989420e-03  
  5   2  40   2.645681e+02    2.645681e+02    4.057120e+01    4.057120e+01    -4.858531e-03  
  5   2  41   3.048595e+02    3.048595e+02    4.866948e+01    4.866948e+01    -1.663545e-03  
  5   2  42   2.876971e+02    2.876971e+02    4.384819e+01    4.384819e+01    4.140950e-04  
  5   2  43   3.932984e+02    3.932984e+02    6.766268e+01    6.766268e+01    -1.512515e-03  
  5   2  44   3.845239e+02    3.845239e+02    6.432768e+01    6.432768e+01    1.373969e-03  
  5   2  45   2.407470e+02    2.407470e+02    3.135614e+01    3.135614e+01    -1.559258e-03  
  5   2  46   3.999041e+02    3.999041e+02    6.495664e+01    6.495664e+01    7.847541e-04  
  5   2  47   2.888029e+02    2.888029e+02    3.946577e+01    3.946577e+01    2.325593e-03  
  5   2  48   3.712504e+02    3.712504e+02    5.662496e+01    5.662496e+01    -1.649225e-03  
  5   2  49   3.347483e+02    3.347483e+02    7.219699e+03    7.219699e+03    0.000000e+00  
  5   2  50   3.167492e+02    3.167492e+02    4.259745e+01    4.259745e+01    4.123244e-02  
  5   2  51   3.452571e+02    3.452571e+02    4.781629e+01    4.781629e+01    1.720011e-03  
  5   2  52   3.185823e+02    3.185823e+02    4.118026e+01    4.118026e+01    1.948733e-03  
  5   2  53   3.948977e+02    3.948977e+02    5.602867e+01    5.602867e+01    3.983361e-03  
  5   2  54   2.931003e+02    2.931003e+02    3.525941e+01    3.525941e+01    -4.036136e-03  
  5   2  55   2.803804e+02    2.803804e+02    3.232010e+01    3.232010e+01    -3.558869e-03  
  5   2  56   4.618814e+02    4.618814e+02    6.729708e+01    6.729708e+01    1.622042e-02  
  5   2  57   4.800612e+02    4.800612e+02    6.943639e+01    6.943639e+01    2.852201e-03  
  5   2  58   4.876525e+02    4.876525e+02    1.024321e+02    1.024321e+02    2.340448e-04  
  5   2  59   3.521618e+02    3.521618e+02    4.261165e+01    4.261165e+01    2.062514e-02  
  5   2  60   4.063887e+02    4.063887e+02    5.172243e+01    5.172243e+01    8.277750e-04  
  5   2  61   3.042559e+02    3.042559e+02    3.310598e+01    3.310598e+01    -2.630360e-02  
  5   2  62   4.757247e+02    4.757247e+02    6.387393e+01    6.387393e+01    1.631054e-02  
  5   3   1   2.136686e+02    2.136686e+02    2.106477e+01    2.106477e+01    -9.043915e-03  
  5   3   2   2.919262e+02    2.919262e+02    3.217729e+01    3.217729e+01    5.904397e-03  
  5   3   3   2.160743e+02    2.160743e+02    1.996332e+01    1.996332e+01    6.519872e-03  
  5   3   4   2.268603e+02    2.268603e+02    2.068519e+01    2.068519e+01    1.010680e-03  
  5   3   5   2.396102e+02    2.396102e+02    2.178406e+01    2.178406e+01    9.746564e-03  
  6   1   1   1.485061e+02    1.485061e+02    1.359021e+02    1.359021e+02    7.488415e-03  
  6   1   2   2.006981e+02    2.006981e+02    1.541733e+02    1.541733e+02    -1.106832e-03  
  6   1   3   2.236962e+02    2.236962e+02    1.273938e+02    1.273938e+02    5.123457e-03  
  6   1   4   1.692426e+02    1.692426e+02    7.014777e+01    7.014777e+01    5.456407e-03  
  6   1   5   2.015305e+02    2.015305e+02    7.297773e+01    7.297773e+01    -9.309121e-04  
  6   1   6   2.280887e+02    2.280887e+02    8.127848e+01    8.127848e+01    -1.551429e-03  
  6   1   7   1.406452e+02    1.406452e+02    3.391146e+01    3.391146e+01    2.193251e-03  
  6   1   8   2.017447e+02    2.017447e+02    5.270125e+01    5.270125e+01    -3.647198e-04  
  6   1   9   2.030335e+02    2.030335e+02    4.650943e+01    4.650943e+01    8.200523e-03  
  6   1  10   1.797772e+02    1.797772e+02    3.577872e+01    3.577872e+01    1.137216e-02  
  6   1  11   1.377623e+02    1.377623e+02    2.178856e+01    2.178856e+01    -1.463950e-02  
  6   1  12   4.594520e+01    4.594520e+01    4.077897e+00    4.077897e+00    -3.676246e-02  
  6   1  13   1.518111e+02    1.518111e+02    2.170058e+01    2.170058e+01    -2.336998e-04  
  6   1  14   1.805724e+02    1.805724e+02    2.580150e+01    2.580150e+01    -3.396346e-03  
  6   1  15   2.003986e+02    2.003986e+02    2.859673e+01    2.859673e+01    5.671662e-03  
  6   1  16   1.869638e+02    1.869638e+02    2.388532e+01    2.388532e+01    1.222981e-03  
  6   1  17   2.412949e+02    2.412949e+02    3.340204e+01    3.340204e+01    1.165039e-02  
  6   1  18   2.161403e+02    2.161403e+02    2.692023e+01    2.692023e+01    6.426745e-03  
  6   1  19   2.279700e+02    2.279700e+02    2.748881e+01    2.748881e+01    2.046699e-03  
  6   1  20   3.047718e+02    3.047718e+02    4.059751e+01    4.059751e+01    2.880278e-03  
  6   1  21   2.042257e+02    2.042257e+02    2.111456e+01    2.111456e+01    -1.846656e-02  
  6   1  22   2.333412e+02    2.333412e+02    2.474232e+01    2.474232e+01    -1.040745e-02  
  6   1  23   2.113805e+02    2.113805e+02    2.031992e+01    2.031992e+01    2.209243e-02  
  6   2   1   1.011264e+02    1.011264e+02    1.565595e+02    1.565595e+02    -1.554610e-03  
  6   2   2   1.647742e+02    1.647742e+02    2.046369e+02    2.046369e+02    -2.327008e-03  
  6   2   3   1.137704e+02    1.137704e+02    9.940912e+01    9.940912e+01    -5.349596e-03  
  6   2   4   1.497628e+02    1.497628e+02    1.186948e+02    1.186948e+02    -6.441503e-04  
  6   2   5   1.518416e+02    1.518416e+02    1.076991e+02    1.076991e+02    5.582491e-03  
  6   2   6   1.557098e+02    1.557098e+02    1.006977e+02    1.006977e+02    -5.931192e-04  
  6   2   7   2.275761e+02    2.275761e+02    1.476538e+02    1.476538e+02    1.062842e-03  
  6   2   8   1.566274e+02    1.566274e+02    7.791213e+01    7.791213e+01    1.941057e-03  
  6   2   9   2.114993e+02    2.114993e+02    1.133315e+02    1.133315e+02    1.794049e-03  
  6   2  10   2.164777e+02    2.164777e+02    1.046981e+02    1.046981e+02    -5.685028e-04  
  6   2  11   2.546108e+02    2.546108e+02    1.255516e+02    1.255516e+02    2.013993e-03  
  6   2  12   2.415716e+02    2.415716e+02    1.094656e+02    1.094656e+02    -2.371466e-04  
  6   2  13   2.411179e+02    2.411179e+02    9.793065e+01    9.793065e+01    5.444295e-04  
  6   2  14   1.897790e+02    1.897790e+02    6.509413e+01    6.509413e+01    -7.008660e-03  
  6   2  15   1.605750e+02    1.605750e+02    4.833618e+01    4.833618e+01    5.616173e-03  
  6   2  16   2.064028e+02    2.064028e+02    6.535746e+01    6.535746e+01    9.531432e-04  
  6   2  17   2.024148e+02    2.024148e+02    6.087387e+01    6.087387e+01    -5.649573e-04  
  6   2  18   2.088269e+02    2.088269e+02    5.887985e+01    5.887985e+01    3.177366e-03  
  6   2  19   2.587245e+02    2.587245e+02    7.820304e+01    7.820304e+01    4.549264e-04  
  6   2  20   1.580988e+02    1.580988e+02    3.605122e+01    3.605122e+01    4.245035e-03  
  6   2  21   2.624573e+02    2.624573e+02    7.192943e+01    7.192943e+01    8.579822e-04  
  6   2  22   2.522500e+02    2.522500e+02    6.633080e+01    6.633080e+01    1.653657e-03  
  6   2  23   2.182803e+02    2.182803e+02    5.174715e+01    5.174715e+01    6.332487e-04  
  6   2  24   2.689378e+02    2.689378e+02    6.654133e+01    6.654133e+01    2.684549e-03  
  6   2  25   2.238004e+02    2.238004e+02    4.908149e+01    4.908149e+01    3.785207e-04  
  6   2  26   1.729614e+02    1.729614e+02    3.242890e+01    3.242890e+01    1.142022e-02  
  6   2  27   3.636044e+02    3.636044e+02    9.350361e+01    9.350361e+01    -3.576876e-04  
  6   2  28   2.340946e+02    2.340946e+02    4.709572e+01    4.709572e+01    -8.534184e-05  
  6   2  29   2.547599e+02    2.547599e+02    5.126263e+01    5.126263e+01    3.424463e-03  
  6   2  30   2.434386e+02    2.434386e+02    4.673616e+01    4.673616e+01    1.400026e-03  
  6   2  31   2.710549e+02    2.710549e+02    5.362192e+01    5.362192e+01    3.031308e-03  
  6   2  32   3.146745e+02    3.146745e+02    6.403380e+01    6.403380e+01    1.179413e-03  
  6   2  33   2.720120e+02    2.720120e+02    5.034065e+01    5.034065e+01    6.880743e-03  
  6   2  34   3.214382e+02    3.214382e+02    6.327711e+01    6.327711e+01    4.473595e-03  
  6   2  35   2.665524e+02    2.665524e+02    4.612865e+01    4.612865e+01    -5.641354e-03  
  6   2  36   2.030537e+02    2.030537e+02    3.005285e+01    3.005285e+01    1.631310e-04  
  6   2  37   1.428855e+02    1.428855e+02    1.739160e+01    1.739160e+01    -6.265971e-03  
  6   2  38   2.679901e+02    2.679901e+02    4.294069e+01    4.294069e+01    2.598583e-03  
  6   2  39   2.614975e+02    2.614975e+02    4.061212e+01    4.061212e+01    3.624392e-03  
  6   2  40   2.760078e+02    2.760078e+02    4.323346e+01    4.323346e+01    -1.771279e-03  
  6   2  41   3.079139e+02    3.079139e+02    4.940826e+01    4.940826e+01    -2.626207e-03  
  6   2  42   2.879787e+02    2.879787e+02    4.391237e+01    4.391237e+01    1.973124e-03  
  6   2  43   4.384526e+02    4.384526e+02    7.956788e+01    7.956788e+01    1.221569e-03  
  6   2  44   3.714829e+02    3.714829e+02    6.108853e+01    6.108853e+01    -2.144442e-03  
  6   2  45   3.291808e+02    3.291808e+02    5.012999e+01    5.012999e+01    -5.280192e-05  
  6   2  46   3.722397e+02    3.722397e+02    5.833974e+01    5.833974e+01    3.143319e-03  
  6   2  47   3.469957e+02    3.469957e+02    5.196857e+01    5.196857e+01    9.279118e-04  
  6   2  48   3.558005e+02    3.558005e+02    5.312657e+01    5.312657e+01    4.560935e-04  
  6   2  49   3.082860e+02    3.082860e+02    4.155688e+01    4.155688e+01    -8.908872e-04  
  6   2  50   2.926395e+02    2.926395e+02    3.786784e+01    3.786784e+01    -3.768089e-03  
  6   2  51   3.865474e+02    3.865474e+02    5.664812e+01    5.664812e+01    2.113013e-03  
  6   2  52   2.053837e+02    2.053837e+02    2.131294e+01    2.131294e+01    -1.959181e-04  
  6   2  53   4.425197e+02    4.425197e+02    6.642819e+01    6.642819e+01    1.263869e-04  
  6   2  54   3.142067e+02    3.142067e+02    3.913492e+01    3.913492e+01    8.953604e-04  
  6   2  55   4.826647e+02    4.826647e+02    7.914543e+01    7.914543e+01    -3.165954e-03  
  6   2  56   3.446056e+02    3.446056e+02    4.345605e+01    4.345605e+01    7.487138e-04  
  6   2  57   4.919232e+02    4.919232e+02    1.626228e+02    1.626228e+02    -2.641649e-03  
  6   2  58   4.035988e+02    4.035988e+02    5.295502e+01    5.295502e+01    8.588732e-03  
  6   2  59   5.000000e+02    5.000000e+02    3.879166e+01    3.879166e+01    8.962651e-03  
  6   2  60   3.418146e+02    3.418146e+02    3.991780e+01    3.991780e+01    8.446046e-03  
  6   2  61   4.770233e+02    4.770233e+02    6.492095e+01    6.492095e+01    -7.446123e-04  
  6   2  62   4.504043e+02    4.504043e+02    5.889586e+01    5.889586e+01    1.550061e-03  
  6   3   1   2.196095e+02    2.196095e+02    2.194748e+01    2.194748e+01    1.183746e-03  
  6   3   2   3.527962e+02    3.527962e+02    4.274027e+01    4.274027e+01    3.548020e-03  
  6   3   3   3.006920e+02    3.006920e+02    3.276816e+01    3.276816e+01    -8.518405e-03  
  6   3   4   2.425867e+02    2.425867e+02    2.287384e+01    2.287384e+01    -3.057440e-03  
  6   3   5   2.350419e+02    2.350419e+02    2.116475e+01    2.116475e+01    1.020574e-04  
