1 1 1 40.000 0.500 0.000 40.000 0.500 0.000
1 1 2 40.000 0.500 0.000 40.000 0.500 0.000
1 1 3 40.000 0.500 0.000 40.000 0.500 0.000
1 1 4 40.000 0.500 0.000 40.000 0.500 0.000
1 1 5 40.000 0.500 0.000 40.000 0.500 0.000
1 1 6 40.000 0.500 0.000 40.000 0.500 0.000
1 1 7 40.000 0.500 0.000 40.000 0.500 0.000
1 1 8 40.000 0.500 0.000 40.000 0.500 0.000
1 1 9 40.000 0.500 0.000 40.000 0.500 0.000
1 1 10 40.000 0.500 0.000 40.000 0.500 0.000
1 1 11 40.000 0.500 0.000 40.000 0.500 0.000
1 1 12 40.000 0.500 0.000 40.000 0.500 0.000
1 1 13 40.000 0.500 0.000 40.000 0.500 0.000
1 1 14 40.000 0.500 0.000 40.000 0.500 0.000
1 1 15 40.000 0.500 0.000 40.000 0.500 0.000
1 1 16 40.000 0.500 0.000 40.000 0.500 0.000
1 1 17 40.000 0.500 0.000 40.000 0.500 0.000
1 1 18 40.000 0.500 0.000 40.000 0.500 0.000
1 1 19 40.000 0.500 0.000 40.000 0.500 0.000
1 1 20 40.000 0.500 0.000 40.000 0.500 0.000
1 1 21 40.000 0.500 0.000 40.000 0.500 0.000
1 1 22 40.000 0.500 0.000 40.000 0.500 0.000
1 1 23 40.000 0.500 0.000 40.000 0.500 0.000
1 2 1 40.000 0.500 0.000 40.000 0.500 0.000
1 2 2 40.000 0.500 0.000 40.000 0.500 0.000
1 2 3 40.000 0.500 0.000 40.000 0.500 0.000
1 2 4 40.000 0.500 0.000 40.000 0.500 0.000
1 2 5 40.000 0.500 0.000 40.000 0.500 0.000
1 2 6 40.000 0.500 0.000 40.000 0.500 0.000
1 2 7 40.000 0.500 0.000 40.000 0.500 0.000
1 2 8 40.000 0.500 0.000 40.000 0.500 0.000
1 2 9 40.000 0.500 0.000 40.000 0.500 0.000
1 2 10 40.000 0.500 0.000 40.000 0.500 0.000
1 2 11 40.000 0.500 0.000 40.000 0.500 0.000
1 2 12 40.000 0.500 0.000 40.000 0.500 0.000
1 2 13 40.000 0.500 0.000 40.000 0.500 0.000
1 2 14 40.000 0.500 0.000 40.000 0.500 0.000
1 2 15 40.000 0.500 0.000 40.000 0.500 0.000
1 2 16 40.000 0.500 0.000 40.000 0.500 0.000
1 2 17 40.000 0.500 0.000 40.000 0.500 0.000
1 2 18 40.000 0.500 0.000 40.000 0.500 0.000
1 2 19 40.000 0.500 0.000 40.000 0.500 0.000
1 2 20 40.000 0.500 0.000 40.000 0.500 0.000
1 2 21 40.000 0.500 0.000 40.000 0.500 0.000
1 2 22 40.000 0.500 0.000 40.000 0.500 0.000
1 2 23 40.000 0.500 0.000 40.000 0.500 0.000
1 2 24 40.000 0.500 0.000 40.000 0.500 0.000
1 2 25 40.000 0.500 0.000 40.000 0.500 0.000
1 2 26 40.000 0.500 0.000 40.000 0.500 0.000
1 2 27 40.000 0.500 0.000 40.000 0.500 0.000
1 2 28 40.000 0.500 0.000 40.000 0.500 0.000
1 2 29 40.000 0.500 0.000 40.000 0.500 0.000
1 2 30 40.000 0.500 0.000 40.000 0.500 0.000
1 2 31 40.000 0.500 0.000 40.000 0.500 0.000
1 2 32 40.000 0.500 0.000 40.000 0.500 0.000
1 2 33 40.000 0.500 0.000 40.000 0.500 0.000
1 2 34 40.000 0.500 0.000 40.000 0.500 0.000
1 2 35 40.000 0.500 0.000 40.000 0.500 0.000
1 2 36 40.000 0.500 0.000 40.000 0.500 0.000
1 2 37 40.000 0.500 0.000 40.000 0.500 0.000
1 2 38 40.000 0.500 0.000 40.000 0.500 0.000
1 2 39 40.000 0.500 0.000 40.000 0.500 0.000
1 2 40 40.000 0.500 0.000 40.000 0.500 0.000
1 2 41 40.000 0.500 0.000 40.000 0.500 0.000
1 2 42 40.000 0.500 0.000 40.000 0.500 0.000
1 2 43 40.000 0.500 0.000 40.000 0.500 0.000
1 2 44 40.000 0.500 0.000 40.000 0.500 0.000
1 2 45 40.000 0.500 0.000 40.000 0.500 0.000
1 2 46 40.000 0.500 0.000 40.000 0.500 0.000
1 2 47 40.000 0.500 0.000 40.000 0.500 0.000
1 2 48 40.000 0.500 0.000 40.000 0.500 0.000
1 2 49 40.000 0.500 0.000 40.000 0.500 0.000
1 2 50 40.000 0.500 0.000 40.000 0.500 0.000
1 2 51 40.000 0.500 0.000 40.000 0.500 0.000
1 2 52 40.000 0.500 0.000 40.000 0.500 0.000
1 2 53 40.000 0.500 0.000 40.000 0.500 0.000
1 2 54 40.000 0.500 0.000 40.000 0.500 0.000
1 2 55 40.000 0.500 0.000 40.000 0.500 0.000
1 2 56 40.000 0.500 0.000 40.000 0.500 0.000
1 2 57 40.000 0.500 0.000 40.000 0.500 0.000
1 2 58 40.000 0.500 0.000 40.000 0.500 0.000
1 2 59 40.000 0.500 0.000 40.000 0.500 0.000
1 2 60 40.000 0.500 0.000 40.000 0.500 0.000
1 2 61 40.000 0.500 0.000 40.000 0.500 0.000
1 2 62 40.000 0.500 0.000 40.000 0.500 0.000
1 3 1 40.000 0.500 0.000 40.000 0.500 0.000
1 3 2 40.000 0.500 0.000 40.000 0.500 0.000
1 3 3 40.000 0.500 0.000 40.000 0.500 0.000
1 3 4 40.000 0.500 0.000 40.000 0.500 0.000
1 3 5 40.000 0.500 0.000 40.000 0.500 0.000
2 1 1 40.000 0.500 0.000 40.000 0.500 0.000
2 1 2 67.239 0.500 0.000 86.985 0.500 0.000
2 1 3 49.881 0.500 0.000 53.981 0.500 0.000
2 1 4 49.182 0.500 0.000 51.501 0.500 0.000
2 1 5 40.000 0.500 0.000 40.000 0.500 0.000
2 1 6 40.000 0.500 0.000 40.000 0.500 0.000
2 1 7 50.694 0.500 0.000 52.838 0.500 0.000
2 1 8 52.150 0.500 0.000 68.265 0.500 0.000
2 1 9 47.298 0.500 0.000 50.043 0.500 0.000
2 1 10 40.000 0.500 0.000 40.000 0.500 0.000
2 1 11 55.792 0.500 0.000 64.914 0.500 0.000
2 1 12 42.241 0.500 0.000 45.852 0.500 0.000
2 1 13 44.290 0.500 0.000 60.018 0.500 0.000
2 1 14 44.259 0.500 0.000 52.633 0.500 0.000
2 1 15 40.000 0.500 0.000 47.894 0.500 0.000
2 1 16 40.000 0.500 0.000 91.809 0.500 0.000
2 1 17 40.000 0.500 0.000 40.000 0.500 0.000
2 1 18 40.000 0.500 0.000 40.000 0.500 0.000
2 1 19 40.000 0.500 0.000 40.000 0.500 0.000
2 1 20 40.000 0.500 0.000 40.000 0.500 0.000
2 1 21 40.000 0.500 0.000 40.000 0.500 0.000
2 1 22 40.000 0.500 0.000 40.000 0.500 0.000
2 1 23 40.000 0.500 0.000 40.000 0.500 0.000
2 2 1 40.000 0.500 0.000 40.000 0.500 0.000
2 2 2 40.000 0.500 0.000 40.000 0.500 0.000
2 2 3 40.000 0.500 0.000 40.000 0.500 0.000
2 2 4 40.000 0.500 0.000 40.000 0.500 0.000
2 2 5 40.000 0.500 0.000 40.000 0.500 0.000
2 2 6 38.398 0.500 0.000 39.488 0.500 0.000
2 2 7 40.000 0.500 0.000 90.599 0.500 0.000
2 2 8 40.000 0.500 0.000 131.171 0.500 0.000
2 2 9 40.000 0.500 0.000 39.461 0.500 0.000
2 2 10 111.377 0.500 0.000 71.010 0.500 0.000
2 2 11 103.004 0.500 0.000 116.284 0.500 0.000
2 2 12 60.278 0.500 0.000 67.709 0.500 0.000
2 2 13 97.800 0.500 0.000 93.078 0.500 0.000
2 2 14 73.851 0.500 0.000 71.789 0.500 0.000
2 2 15 89.643 0.500 0.000 67.548 0.500 0.000
2 2 16 68.832 0.500 0.000 69.551 0.500 0.000
2 2 17 75.686 0.500 0.000 94.659 0.500 0.000
2 2 18 88.391 0.500 0.000 75.744 0.500 0.000
2 2 19 68.266 0.500 0.000 91.589 0.500 0.000
2 2 20 64.309 0.500 0.000 83.663 0.500 0.000
2 2 21 71.209 0.500 0.000 73.175 0.500 0.000
2 2 22 68.563 0.500 0.000 73.340 0.500 0.000
2 2 23 62.941 0.500 0.000 96.997 0.500 0.000
2 2 24 67.431 0.500 0.000 87.883 0.500 0.000
2 2 25 67.508 0.500 0.000 86.096 0.500 0.000
2 2 26 57.530 0.500 0.000 79.334 0.500 0.000
2 2 27 69.694 0.500 0.000 84.025 0.500 0.000
2 2 28 61.245 0.500 0.000 63.169 0.500 0.000
2 2 29 61.117 0.500 0.000 61.152 0.500 0.000
2 2 30 71.348 0.500 0.000 71.342 0.500 0.000
2 2 31 64.684 0.500 0.000 64.155 0.500 0.000
2 2 32 64.528 0.500 0.000 58.512 0.500 0.000
2 2 33 58.919 0.500 0.000 74.222 0.500 0.000
2 2 34 58.913 0.500 0.000 72.793 0.500 0.000
2 2 35 73.041 0.500 0.000 73.042 0.500 0.000
2 2 36 35.701 0.500 0.000 59.192 0.500 0.000
2 2 37 67.274 0.500 0.000 76.783 0.500 0.000
2 2 38 43.629 0.500 0.000 73.944 0.500 0.000
2 2 39 40.000 0.500 0.000 40.000 0.500 0.000
2 2 40 40.000 0.500 0.000 40.000 0.500 0.000
2 2 41 40.000 0.500 0.000 40.000 0.500 0.000
2 2 42 40.000 0.500 0.000 40.000 0.500 0.000
2 2 43 40.000 0.500 0.000 40.000 0.500 0.000
2 2 44 40.000 0.500 0.000 40.000 0.500 0.000
2 2 45 40.000 0.500 0.000 40.000 0.500 0.000
2 2 46 40.000 0.500 0.000 40.000 0.500 0.000
2 2 47 40.000 0.500 0.000 40.000 0.500 0.000
2 2 48 40.000 0.500 0.000 40.000 0.500 0.000
2 2 49 40.000 0.500 0.000 40.000 0.500 0.000
2 2 50 40.000 0.500 0.000 40.000 0.500 0.000
2 2 51 40.000 0.500 0.000 40.000 0.500 0.000
2 2 52 40.000 0.500 0.000 40.000 0.500 0.000
2 2 53 40.000 0.500 0.000 40.000 0.500 0.000
2 2 54 40.000 0.500 0.000 40.000 0.500 0.000
2 2 55 40.000 0.500 0.000 40.000 0.500 0.000
2 2 56 40.000 0.500 0.000 40.000 0.500 0.000
2 2 57 40.000 0.500 0.000 40.000 0.500 0.000
2 2 58 40.000 0.500 0.000 40.000 0.500 0.000
2 2 59 40.000 0.500 0.000 40.000 0.500 0.000
2 2 60 40.000 0.500 0.000 40.000 0.500 0.000
2 2 61 40.000 0.500 0.000 40.000 0.500 0.000
2 2 62 40.000 0.500 0.000 40.000 0.500 0.000
2 3 1 40.000 0.500 0.000 40.000 0.500 0.000
2 3 2 40.000 0.500 0.000 40.000 0.500 0.000
2 3 3 40.000 0.500 0.000 40.000 0.500 0.000
2 3 4 40.000 0.500 0.000 40.000 0.500 0.000
2 3 5 40.000 0.500 0.000 40.000 0.500 0.000
3 1 1 40.000 0.500 0.000 40.000 0.500 0.000
3 1 2 40.000 0.500 0.000 40.000 0.500 0.000
3 1 3 40.000 0.500 0.000 40.000 0.500 0.000
3 1 4 40.000 0.500 0.000 40.000 0.500 0.000
3 1 5 40.000 0.500 0.000 40.000 0.500 0.000
3 1 6 40.000 0.500 0.000 40.000 0.500 0.000
3 1 7 40.000 0.500 0.000 40.000 0.500 0.000
3 1 8 40.000 0.500 0.000 40.000 0.500 0.000
3 1 9 40.000 0.500 0.000 40.000 0.500 0.000
3 1 10 40.000 0.500 0.000 40.000 0.500 0.000
3 1 11 40.000 0.500 0.000 40.000 0.500 0.000
3 1 12 40.000 0.500 0.000 40.000 0.500 0.000
3 1 13 40.000 0.500 0.000 40.000 0.500 0.000
3 1 14 40.000 0.500 0.000 40.000 0.500 0.000
3 1 15 40.000 0.500 0.000 40.000 0.500 0.000
3 1 16 40.000 0.500 0.000 40.000 0.500 0.000
3 1 17 40.000 0.500 0.000 40.000 0.500 0.000
3 1 18 40.000 0.500 0.000 40.000 0.500 0.000
3 1 19 40.000 0.500 0.000 40.000 0.500 0.000
3 1 20 40.000 0.500 0.000 40.000 0.500 0.000
3 1 21 40.000 0.500 0.000 40.000 0.500 0.000
3 1 22 40.000 0.500 0.000 40.000 0.500 0.000
3 1 23 40.000 0.500 0.000 40.000 0.500 0.000
3 2 1 40.000 0.500 0.000 40.000 0.500 0.000
3 2 2 40.000 0.500 0.000 40.000 0.500 0.000
3 2 3 40.000 0.500 0.000 40.000 0.500 0.000
3 2 4 40.000 0.500 0.000 40.000 0.500 0.000
3 2 5 40.000 0.500 0.000 40.000 0.500 0.000
3 2 6 40.000 0.500 0.000 40.000 0.500 0.000
3 2 7 40.000 0.500 0.000 40.000 0.500 0.000
3 2 8 40.000 0.500 0.000 40.000 0.500 0.000
3 2 9 40.000 0.500 0.000 40.000 0.500 0.000
3 2 10 40.000 0.500 0.000 40.000 0.500 0.000
3 2 11 40.000 0.500 0.000 40.000 0.500 0.000
3 2 12 40.000 0.500 0.000 40.000 0.500 0.000
3 2 13 40.000 0.500 0.000 40.000 0.500 0.000
3 2 14 40.000 0.500 0.000 40.000 0.500 0.000
3 2 15 40.000 0.500 0.000 40.000 0.500 0.000
3 2 16 40.000 0.500 0.000 40.000 0.500 0.000
3 2 17 40.000 0.500 0.000 40.000 0.500 0.000
3 2 18 40.000 0.500 0.000 40.000 0.500 0.000
3 2 19 40.000 0.500 0.000 40.000 0.500 0.000
3 2 20 40.000 0.500 0.000 40.000 0.500 0.000
3 2 21 40.000 0.500 0.000 40.000 0.500 0.000
3 2 22 40.000 0.500 0.000 40.000 0.500 0.000
3 2 23 40.000 0.500 0.000 40.000 0.500 0.000
3 2 24 40.000 0.500 0.000 40.000 0.500 0.000
3 2 25 40.000 0.500 0.000 40.000 0.500 0.000
3 2 26 40.000 0.500 0.000 40.000 0.500 0.000
3 2 27 40.000 0.500 0.000 40.000 0.500 0.000
3 2 28 40.000 0.500 0.000 40.000 0.500 0.000
3 2 29 40.000 0.500 0.000 40.000 0.500 0.000
3 2 30 40.000 0.500 0.000 40.000 0.500 0.000
3 2 31 40.000 0.500 0.000 40.000 0.500 0.000
3 2 32 40.000 0.500 0.000 40.000 0.500 0.000
3 2 33 40.000 0.500 0.000 40.000 0.500 0.000
3 2 34 40.000 0.500 0.000 40.000 0.500 0.000
3 2 35 40.000 0.500 0.000 40.000 0.500 0.000
3 2 36 40.000 0.500 0.000 40.000 0.500 0.000
3 2 37 40.000 0.500 0.000 40.000 0.500 0.000
3 2 38 40.000 0.500 0.000 40.000 0.500 0.000
3 2 39 40.000 0.500 0.000 40.000 0.500 0.000
3 2 40 40.000 0.500 0.000 40.000 0.500 0.000
3 2 41 40.000 0.500 0.000 40.000 0.500 0.000
3 2 42 40.000 0.500 0.000 40.000 0.500 0.000
3 2 43 40.000 0.500 0.000 40.000 0.500 0.000
3 2 44 40.000 0.500 0.000 40.000 0.500 0.000
3 2 45 40.000 0.500 0.000 40.000 0.500 0.000
3 2 46 40.000 0.500 0.000 40.000 0.500 0.000
3 2 47 40.000 0.500 0.000 40.000 0.500 0.000
3 2 48 40.000 0.500 0.000 40.000 0.500 0.000
3 2 49 40.000 0.500 0.000 40.000 0.500 0.000
3 2 50 40.000 0.500 0.000 40.000 0.500 0.000
3 2 51 40.000 0.500 0.000 40.000 0.500 0.000
3 2 52 40.000 0.500 0.000 40.000 0.500 0.000
3 2 53 40.000 0.500 0.000 40.000 0.500 0.000
3 2 54 40.000 0.500 0.000 40.000 0.500 0.000
3 2 55 40.000 0.500 0.000 40.000 0.500 0.000
3 2 56 40.000 0.500 0.000 40.000 0.500 0.000
3 2 57 40.000 0.500 0.000 40.000 0.500 0.000
3 2 58 40.000 0.500 0.000 40.000 0.500 0.000
3 2 59 40.000 0.500 0.000 40.000 0.500 0.000
3 2 60 40.000 0.500 0.000 40.000 0.500 0.000
3 2 61 40.000 0.500 0.000 40.000 0.500 0.000
3 2 62 40.000 0.500 0.000 40.000 0.500 0.000
3 3 1 40.000 0.500 0.000 40.000 0.500 0.000
3 3 2 40.000 0.500 0.000 40.000 0.500 0.000
3 3 3 40.000 0.500 0.000 40.000 0.500 0.000
3 3 4 40.000 0.500 0.000 40.000 0.500 0.000
3 3 5 40.000 0.500 0.000 40.000 0.500 0.000
4 1 1 40.000 0.500 0.000 40.000 0.500 0.000
4 1 2 40.000 0.500 0.000 40.000 0.500 0.000
4 1 3 40.000 0.500 0.000 40.000 0.500 0.000
4 1 4 40.000 0.500 0.000 40.000 0.500 0.000
4 1 5 40.000 0.500 0.000 40.000 0.500 0.000
4 1 6 40.000 0.500 0.000 40.000 0.500 0.000
4 1 7 40.000 0.500 0.000 40.000 0.500 0.000
4 1 8 40.000 0.500 0.000 40.000 0.500 0.000
4 1 9 40.000 0.500 0.000 40.000 0.500 0.000
4 1 10 40.000 0.500 0.000 40.000 0.500 0.000
4 1 11 40.000 0.500 0.000 40.000 0.500 0.000
4 1 12 40.000 0.500 0.000 40.000 0.500 0.000
4 1 13 40.000 0.500 0.000 40.000 0.500 0.000
4 1 14 40.000 0.500 0.000 40.000 0.500 0.000
4 1 15 40.000 0.500 0.000 40.000 0.500 0.000
4 1 16 40.000 0.500 0.000 40.000 0.500 0.000
4 1 17 40.000 0.500 0.000 40.000 0.500 0.000
4 1 18 40.000 0.500 0.000 40.000 0.500 0.000
4 1 19 40.000 0.500 0.000 40.000 0.500 0.000
4 1 20 40.000 0.500 0.000 40.000 0.500 0.000
4 1 21 40.000 0.500 0.000 40.000 0.500 0.000
4 1 22 40.000 0.500 0.000 40.000 0.500 0.000
4 1 23 40.000 0.500 0.000 40.000 0.500 0.000
4 2 1 40.000 0.500 0.000 40.000 0.500 0.000
4 2 2 40.000 0.500 0.000 40.000 0.500 0.000
4 2 3 40.000 0.500 0.000 40.000 0.500 0.000
4 2 4 40.000 0.500 0.000 40.000 0.500 0.000
4 2 5 40.000 0.500 0.000 40.000 0.500 0.000
4 2 6 40.000 0.500 0.000 40.000 0.500 0.000
4 2 7 40.000 0.500 0.000 40.000 0.500 0.000
4 2 8 40.000 0.500 0.000 40.000 0.500 0.000
4 2 9 40.000 0.500 0.000 40.000 0.500 0.000
4 2 10 40.000 0.500 0.000 40.000 0.500 0.000
4 2 11 40.000 0.500 0.000 40.000 0.500 0.000
4 2 12 40.000 0.500 0.000 40.000 0.500 0.000
4 2 13 40.000 0.500 0.000 40.000 0.500 0.000
4 2 14 40.000 0.500 0.000 40.000 0.500 0.000
4 2 15 40.000 0.500 0.000 40.000 0.500 0.000
4 2 16 40.000 0.500 0.000 40.000 0.500 0.000
4 2 17 40.000 0.500 0.000 40.000 0.500 0.000
4 2 18 40.000 0.500 0.000 40.000 0.500 0.000
4 2 19 40.000 0.500 0.000 40.000 0.500 0.000
4 2 20 40.000 0.500 0.000 40.000 0.500 0.000
4 2 21 40.000 0.500 0.000 40.000 0.500 0.000
4 2 22 40.000 0.500 0.000 40.000 0.500 0.000
4 2 23 40.000 0.500 0.000 40.000 0.500 0.000
4 2 24 40.000 0.500 0.000 40.000 0.500 0.000
4 2 25 40.000 0.500 0.000 40.000 0.500 0.000
4 2 26 40.000 0.500 0.000 40.000 0.500 0.000
4 2 27 40.000 0.500 0.000 40.000 0.500 0.000
4 2 28 40.000 0.500 0.000 40.000 0.500 0.000
4 2 29 40.000 0.500 0.000 40.000 0.500 0.000
4 2 30 40.000 0.500 0.000 40.000 0.500 0.000
4 2 31 40.000 0.500 0.000 40.000 0.500 0.000
4 2 32 40.000 0.500 0.000 40.000 0.500 0.000
4 2 33 40.000 0.500 0.000 40.000 0.500 0.000
4 2 34 40.000 0.500 0.000 40.000 0.500 0.000
4 2 35 40.000 0.500 0.000 40.000 0.500 0.000
4 2 36 40.000 0.500 0.000 40.000 0.500 0.000
4 2 37 40.000 0.500 0.000 40.000 0.500 0.000
4 2 38 40.000 0.500 0.000 40.000 0.500 0.000
4 2 39 40.000 0.500 0.000 40.000 0.500 0.000
4 2 40 40.000 0.500 0.000 40.000 0.500 0.000
4 2 41 40.000 0.500 0.000 40.000 0.500 0.000
4 2 42 40.000 0.500 0.000 40.000 0.500 0.000
4 2 43 40.000 0.500 0.000 40.000 0.500 0.000
4 2 44 40.000 0.500 0.000 40.000 0.500 0.000
4 2 45 40.000 0.500 0.000 40.000 0.500 0.000
4 2 46 40.000 0.500 0.000 40.000 0.500 0.000
4 2 47 40.000 0.500 0.000 40.000 0.500 0.000
4 2 48 40.000 0.500 0.000 40.000 0.500 0.000
4 2 49 40.000 0.500 0.000 40.000 0.500 0.000
4 2 50 40.000 0.500 0.000 40.000 0.500 0.000
4 2 51 40.000 0.500 0.000 40.000 0.500 0.000
4 2 52 40.000 0.500 0.000 40.000 0.500 0.000
4 2 53 40.000 0.500 0.000 40.000 0.500 0.000
4 2 54 40.000 0.500 0.000 40.000 0.500 0.000
4 2 55 40.000 0.500 0.000 40.000 0.500 0.000
4 2 56 40.000 0.500 0.000 40.000 0.500 0.000
4 2 57 40.000 0.500 0.000 40.000 0.500 0.000
4 2 58 40.000 0.500 0.000 40.000 0.500 0.000
4 2 59 40.000 0.500 0.000 40.000 0.500 0.000
4 2 60 40.000 0.500 0.000 40.000 0.500 0.000
4 2 61 40.000 0.500 0.000 40.000 0.500 0.000
4 2 62 40.000 0.500 0.000 40.000 0.500 0.000
4 3 1 40.000 0.500 0.000 40.000 0.500 0.000
4 3 2 40.000 0.500 0.000 40.000 0.500 0.000
4 3 3 40.000 0.500 0.000 40.000 0.500 0.000
4 3 4 40.000 0.500 0.000 40.000 0.500 0.000
4 3 5 40.000 0.500 0.000 40.000 0.500 0.000
5 1 1 40.000 0.500 0.000 40.000 0.500 0.000
5 1 2 40.000 0.500 0.000 40.000 0.500 0.000
5 1 3 40.000 0.500 0.000 40.000 0.500 0.000
5 1 4 40.000 0.500 0.000 40.000 0.500 0.000
5 1 5 40.000 0.500 0.000 40.000 0.500 0.000
5 1 6 40.000 0.500 0.000 40.000 0.500 0.000
5 1 7 40.000 0.500 0.000 40.000 0.500 0.000
5 1 8 40.000 0.500 0.000 40.000 0.500 0.000
5 1 9 40.000 0.500 0.000 40.000 0.500 0.000
5 1 10 40.000 0.500 0.000 40.000 0.500 0.000
5 1 11 40.000 0.500 0.000 40.000 0.500 0.000
5 1 12 40.000 0.500 0.000 40.000 0.500 0.000
5 1 13 40.000 0.500 0.000 40.000 0.500 0.000
5 1 14 40.000 0.500 0.000 40.000 0.500 0.000
5 1 15 40.000 0.500 0.000 40.000 0.500 0.000
5 1 16 40.000 0.500 0.000 40.000 0.500 0.000
5 1 17 40.000 0.500 0.000 40.000 0.500 0.000
5 1 18 40.000 0.500 0.000 40.000 0.500 0.000
5 1 19 40.000 0.500 0.000 40.000 0.500 0.000
5 1 20 40.000 0.500 0.000 40.000 0.500 0.000
5 1 21 40.000 0.500 0.000 40.000 0.500 0.000
5 1 22 40.000 0.500 0.000 40.000 0.500 0.000
5 1 23 40.000 0.500 0.000 40.000 0.500 0.000
5 2 1 40.000 0.500 0.000 40.000 0.500 0.000
5 2 2 40.000 0.500 0.000 40.000 0.500 0.000
5 2 3 40.000 0.500 0.000 40.000 0.500 0.000
5 2 4 40.000 0.500 0.000 40.000 0.500 0.000
5 2 5 40.000 0.500 0.000 40.000 0.500 0.000
5 2 6 40.000 0.500 0.000 40.000 0.500 0.000
5 2 7 40.000 0.500 0.000 40.000 0.500 0.000
5 2 8 40.000 0.500 0.000 40.000 0.500 0.000
5 2 9 40.000 0.500 0.000 40.000 0.500 0.000
5 2 10 40.000 0.500 0.000 40.000 0.500 0.000
5 2 11 40.000 0.500 0.000 40.000 0.500 0.000
5 2 12 40.000 0.500 0.000 40.000 0.500 0.000
5 2 13 40.000 0.500 0.000 40.000 0.500 0.000
5 2 14 40.000 0.500 0.000 40.000 0.500 0.000
5 2 15 40.000 0.500 0.000 40.000 0.500 0.000
5 2 16 40.000 0.500 0.000 40.000 0.500 0.000
5 2 17 40.000 0.500 0.000 40.000 0.500 0.000
5 2 18 40.000 0.500 0.000 40.000 0.500 0.000
5 2 19 40.000 0.500 0.000 40.000 0.500 0.000
5 2 20 40.000 0.500 0.000 40.000 0.500 0.000
5 2 21 40.000 0.500 0.000 40.000 0.500 0.000
5 2 22 40.000 0.500 0.000 40.000 0.500 0.000
5 2 23 40.000 0.500 0.000 40.000 0.500 0.000
5 2 24 40.000 0.500 0.000 40.000 0.500 0.000
5 2 25 40.000 0.500 0.000 40.000 0.500 0.000
5 2 26 40.000 0.500 0.000 40.000 0.500 0.000
5 2 27 40.000 0.500 0.000 40.000 0.500 0.000
5 2 28 40.000 0.500 0.000 40.000 0.500 0.000
5 2 29 40.000 0.500 0.000 40.000 0.500 0.000
5 2 30 40.000 0.500 0.000 40.000 0.500 0.000
5 2 31 40.000 0.500 0.000 40.000 0.500 0.000
5 2 32 40.000 0.500 0.000 40.000 0.500 0.000
5 2 33 40.000 0.500 0.000 40.000 0.500 0.000
5 2 34 40.000 0.500 0.000 40.000 0.500 0.000
5 2 35 40.000 0.500 0.000 40.000 0.500 0.000
5 2 36 40.000 0.500 0.000 40.000 0.500 0.000
5 2 37 40.000 0.500 0.000 40.000 0.500 0.000
5 2 38 40.000 0.500 0.000 40.000 0.500 0.000
5 2 39 40.000 0.500 0.000 40.000 0.500 0.000
5 2 40 40.000 0.500 0.000 40.000 0.500 0.000
5 2 41 40.000 0.500 0.000 40.000 0.500 0.000
5 2 42 40.000 0.500 0.000 40.000 0.500 0.000
5 2 43 40.000 0.500 0.000 40.000 0.500 0.000
5 2 44 40.000 0.500 0.000 40.000 0.500 0.000
5 2 45 40.000 0.500 0.000 40.000 0.500 0.000
5 2 46 40.000 0.500 0.000 40.000 0.500 0.000
5 2 47 40.000 0.500 0.000 40.000 0.500 0.000
5 2 48 40.000 0.500 0.000 40.000 0.500 0.000
5 2 49 40.000 0.500 0.000 40.000 0.500 0.000
5 2 50 40.000 0.500 0.000 40.000 0.500 0.000
5 2 51 40.000 0.500 0.000 40.000 0.500 0.000
5 2 52 40.000 0.500 0.000 40.000 0.500 0.000
5 2 53 40.000 0.500 0.000 40.000 0.500 0.000
5 2 54 40.000 0.500 0.000 40.000 0.500 0.000
5 2 55 40.000 0.500 0.000 40.000 0.500 0.000
5 2 56 40.000 0.500 0.000 40.000 0.500 0.000
5 2 57 40.000 0.500 0.000 40.000 0.500 0.000
5 2 58 40.000 0.500 0.000 40.000 0.500 0.000
5 2 59 40.000 0.500 0.000 40.000 0.500 0.000
5 2 60 40.000 0.500 0.000 40.000 0.500 0.000
5 2 61 40.000 0.500 0.000 40.000 0.500 0.000
5 2 62 40.000 0.500 0.000 40.000 0.500 0.000
5 3 1 40.000 0.500 0.000 40.000 0.500 0.000
5 3 2 40.000 0.500 0.000 40.000 0.500 0.000
5 3 3 40.000 0.500 0.000 40.000 0.500 0.000
5 3 4 40.000 0.500 0.000 40.000 0.500 0.000
5 3 5 40.000 0.500 0.000 40.000 0.500 0.000
6 1 1 40.000 0.500 0.000 40.000 0.500 0.000
6 1 2 40.000 0.500 0.000 40.000 0.500 0.000
6 1 3 40.000 0.500 0.000 40.000 0.500 0.000
6 1 4 40.000 0.500 0.000 40.000 0.500 0.000
6 1 5 40.000 0.500 0.000 40.000 0.500 0.000
6 1 6 40.000 0.500 0.000 40.000 0.500 0.000
6 1 7 40.000 0.500 0.000 40.000 0.500 0.000
6 1 8 40.000 0.500 0.000 40.000 0.500 0.000
6 1 9 40.000 0.500 0.000 40.000 0.500 0.000
6 1 10 40.000 0.500 0.000 40.000 0.500 0.000
6 1 11 40.000 0.500 0.000 40.000 0.500 0.000
6 1 12 40.000 0.500 0.000 40.000 0.500 0.000
6 1 13 40.000 0.500 0.000 40.000 0.500 0.000
6 1 14 40.000 0.500 0.000 40.000 0.500 0.000
6 1 15 40.000 0.500 0.000 40.000 0.500 0.000
6 1 16 40.000 0.500 0.000 40.000 0.500 0.000
6 1 17 40.000 0.500 0.000 40.000 0.500 0.000
6 1 18 40.000 0.500 0.000 40.000 0.500 0.000
6 1 19 40.000 0.500 0.000 40.000 0.500 0.000
6 1 20 40.000 0.500 0.000 40.000 0.500 0.000
6 1 21 40.000 0.500 0.000 40.000 0.500 0.000
6 1 22 40.000 0.500 0.000 40.000 0.500 0.000
6 1 23 40.000 0.500 0.000 40.000 0.500 0.000
6 2 1 40.000 0.500 0.000 40.000 0.500 0.000
6 2 2 40.000 0.500 0.000 40.000 0.500 0.000
6 2 3 40.000 0.500 0.000 40.000 0.500 0.000
6 2 4 40.000 0.500 0.000 40.000 0.500 0.000
6 2 5 40.000 0.500 0.000 40.000 0.500 0.000
6 2 6 40.000 0.500 0.000 40.000 0.500 0.000
6 2 7 40.000 0.500 0.000 40.000 0.500 0.000
6 2 8 40.000 0.500 0.000 40.000 0.500 0.000
6 2 9 40.000 0.500 0.000 40.000 0.500 0.000
6 2 10 40.000 0.500 0.000 40.000 0.500 0.000
6 2 11 40.000 0.500 0.000 40.000 0.500 0.000
6 2 12 40.000 0.500 0.000 40.000 0.500 0.000
6 2 13 40.000 0.500 0.000 40.000 0.500 0.000
6 2 14 40.000 0.500 0.000 40.000 0.500 0.000
6 2 15 40.000 0.500 0.000 40.000 0.500 0.000
6 2 16 40.000 0.500 0.000 40.000 0.500 0.000
6 2 17 40.000 0.500 0.000 40.000 0.500 0.000
6 2 18 40.000 0.500 0.000 40.000 0.500 0.000
6 2 19 40.000 0.500 0.000 40.000 0.500 0.000
6 2 20 40.000 0.500 0.000 40.000 0.500 0.000
6 2 21 40.000 0.500 0.000 40.000 0.500 0.000
6 2 22 40.000 0.500 0.000 40.000 0.500 0.000
6 2 23 40.000 0.500 0.000 40.000 0.500 0.000
6 2 24 40.000 0.500 0.000 40.000 0.500 0.000
6 2 25 40.000 0.500 0.000 40.000 0.500 0.000
6 2 26 40.000 0.500 0.000 40.000 0.500 0.000
6 2 27 40.000 0.500 0.000 40.000 0.500 0.000
6 2 28 40.000 0.500 0.000 40.000 0.500 0.000
6 2 29 40.000 0.500 0.000 40.000 0.500 0.000
6 2 30 40.000 0.500 0.000 40.000 0.500 0.000
6 2 31 40.000 0.500 0.000 40.000 0.500 0.000
6 2 32 40.000 0.500 0.000 40.000 0.500 0.000
6 2 33 40.000 0.500 0.000 40.000 0.500 0.000
6 2 34 40.000 0.500 0.000 40.000 0.500 0.000
6 2 35 40.000 0.500 0.000 40.000 0.500 0.000
6 2 36 40.000 0.500 0.000 40.000 0.500 0.000
6 2 37 40.000 0.500 0.000 40.000 0.500 0.000
6 2 38 40.000 0.500 0.000 40.000 0.500 0.000
6 2 39 40.000 0.500 0.000 40.000 0.500 0.000
6 2 40 40.000 0.500 0.000 40.000 0.500 0.000
6 2 41 40.000 0.500 0.000 40.000 0.500 0.000
6 2 42 40.000 0.500 0.000 40.000 0.500 0.000
6 2 43 40.000 0.500 0.000 40.000 0.500 0.000
6 2 44 40.000 0.500 0.000 40.000 0.500 0.000
6 2 45 40.000 0.500 0.000 40.000 0.500 0.000
6 2 46 40.000 0.500 0.000 40.000 0.500 0.000
6 2 47 40.000 0.500 0.000 40.000 0.500 0.000
6 2 48 40.000 0.500 0.000 40.000 0.500 0.000
6 2 49 40.000 0.500 0.000 40.000 0.500 0.000
6 2 50 40.000 0.500 0.000 40.000 0.500 0.000
6 2 51 40.000 0.500 0.000 40.000 0.500 0.000
6 2 52 40.000 0.500 0.000 40.000 0.500 0.000
6 2 53 40.000 0.500 0.000 40.000 0.500 0.000
6 2 54 40.000 0.500 0.000 40.000 0.500 0.000
6 2 55 40.000 0.500 0.000 40.000 0.500 0.000
6 2 56 40.000 0.500 0.000 40.000 0.500 0.000
6 2 57 40.000 0.500 0.000 40.000 0.500 0.000
6 2 58 40.000 0.500 0.000 40.000 0.500 0.000
6 2 59 40.000 0.500 0.000 40.000 0.500 0.000
6 2 60 40.000 0.500 0.000 40.000 0.500 0.000
6 2 61 40.000 0.500 0.000 40.000 0.500 0.000
6 2 62 40.000 0.500 0.000 40.000 0.500 0.000
6 3 1 40.000 0.500 0.000 40.000 0.500 0.000
6 3 2 40.000 0.500 0.000 40.000 0.500 0.000
6 3 3 40.000 0.500 0.000 40.000 0.500 0.000
6 3 4 40.000 0.500 0.000 40.000 0.500 0.000
6 3 5 40.000 0.500 0.000 40.000 0.500 0.000
