  1   1   1   7.093029e+02    7.093029e+02    8.010085e+00    8.010085e+00    -2.530291e-02    4.725338e-03  
  1   1   2   6.440405e+02    6.440405e+02    7.599761e+00    7.599761e+00    -6.598180e-02    5.028941e-03  
  1   1   3   6.649160e+02    6.649160e+02    8.123303e+00    8.123303e+00    3.975342e-02    7.608372e-03  
  1   1   4   6.012958e+02    6.012958e+02    4.020873e+00    4.020873e+00    -2.839762e-01    7.461075e-03  
  1   1   5   7.205375e+02    7.205375e+02    6.350536e+00    6.350536e+00    -1.208228e-01    7.462354e-03  
  1   1   6   6.840133e+02    6.840133e+02    5.152697e+00    5.152697e+00    -5.176471e-02    1.163689e-02  
  1   1   7   6.585253e+02    6.585253e+02    7.059098e+00    7.059098e+00    7.370046e-02    1.066122e-02  
  1   1   8   5.946803e+02    5.946803e+02    3.289717e+00    3.289717e+00    -3.878530e-03    1.211627e-02  
  1   1   9   6.435555e+02    6.435555e+02    5.397003e+00    5.397003e+00    3.661808e-02    1.071768e-02  
  1   1  10   6.420940e+02    6.420940e+02    4.448148e+00    4.448148e+00    -9.880096e-02    1.304018e-02  
  1   1  11   6.281138e+02    6.281138e+02    4.088521e+00    4.088521e+00    1.198447e-01    1.384548e-02  
  1   1  12   6.306878e+02    6.306878e+02    6.682483e+00    6.682483e+00    -3.258265e-03    1.401195e-02  
  1   1  13   6.207836e+02    6.207836e+02    6.415881e+00    6.415881e+00    -1.501389e-01    1.681684e-02  
  1   1  14   6.045902e+02    6.045902e+02    6.353159e+00    6.353159e+00    -8.076923e-02    1.501009e-02  
  1   1  15   6.802186e+02    6.802186e+02    6.303299e+00    6.303299e+00    8.404893e-03    1.421854e-02  
  1   1  16   6.328010e+02    6.328010e+02    5.698313e+00    5.698313e+00    9.009062e-02    1.590645e-02  
  1   1  17   6.571189e+02    6.571189e+02    6.121663e+00    6.121663e+00    1.307751e-01    1.776166e-02  
  1   1  18   6.538314e+02    6.538314e+02    5.700247e+00    5.700247e+00    -1.175346e-02    1.490640e-02  
  1   1  19   6.456299e+02    6.456299e+02    7.155150e+00    7.155150e+00    -5.725405e-02    2.031419e-02  
  1   1  20   6.754243e+02    6.754243e+02    7.901475e+00    7.901475e+00    -5.856448e-03    1.712598e-02  
  1   1  21   7.361255e+02    7.361255e+02    9.429094e+00    9.429094e+00    1.187371e-01    1.680050e-02  
  1   1  22   6.455995e+02    6.455995e+02    7.232579e+00    7.232579e+00    -1.351333e-02    2.178725e-02  
  1   1  23   6.555586e+02    6.555586e+02    1.198796e+01    1.198796e+01    -9.222178e-02    2.447377e-02  
  1   2   1   2.327064e+03    2.327064e+03    1.726594e+02    1.726594e+02    -3.169329e-02    8.414080e-03  
  1   2   2   2.328358e+03    2.328358e+03    3.170507e+01    3.170507e+01    -1.161341e-01    7.845948e-03  
  1   2   3   1.956284e+03    1.956284e+03    3.378297e+01    3.378297e+01    -2.283384e-03    6.444548e-03  
  1   2   4   2.434718e+03    2.434718e+03    3.870587e+01    3.870587e+01    7.189687e-02    4.779306e-03  
  1   2   5   1.948256e+03    1.948256e+03    3.294853e+01    3.294853e+01    1.084061e-01    4.335779e-03  
  1   2   6   1.829129e+03    1.829129e+03    2.849841e+01    2.849841e+01    -4.772168e-02    5.054650e-03  
  1   2   7   1.716106e+03    1.716106e+03    5.667020e+01    5.667020e+01    -1.535055e-02    3.896845e-03  
  1   2   8   1.734853e+03    1.734853e+03    2.047642e+01    2.047642e+01    -3.241830e-02    4.609806e-03  
  1   2   9   1.333328e+03    1.333328e+03    3.929329e+01    3.929329e+01    1.116539e-02    4.326677e-03  
  1   2  10   1.767759e+03    1.767759e+03    2.590697e+01    2.590697e+01    2.416177e-02    5.854165e-03  
  1   2  11   1.726670e+03    1.726670e+03    3.018679e+01    3.018679e+01    -7.182365e-02    4.729873e-03  
  1   2  12   1.669497e+03    1.669497e+03    3.999778e+01    3.999778e+01    -2.806549e-02    4.411478e-03  
  1   2  13   1.700565e+03    1.700565e+03    1.788082e+01    1.788082e+01    -7.906889e-02    7.307327e-03  
  1   2  14   1.182201e+03    1.182201e+03    5.993968e+01    5.993968e+01    -1.866209e-03    6.724857e-03  
  1   2  15   1.713825e+03    1.713825e+03    2.565217e+01    2.565217e+01    2.254857e-02    6.417927e-03  
  1   2  16   1.692487e+03    1.692487e+03    3.602906e+01    3.602906e+01    -2.254857e-02    7.003604e-03  
  1   2  17   1.341655e+03    1.341655e+03    9.827763e+01    9.827763e+01    2.069236e-02    6.867237e-03  
  1   2  18   1.652876e+03    1.652876e+03    1.702957e+01    1.702957e+01    -5.449132e-02    9.729380e-03  
  1   2  19   1.689599e+03    1.689599e+03    1.719603e+01    1.719603e+01    -4.193448e-03    8.492568e-03  
  1   2  20   1.653548e+03    1.653548e+03    2.105427e+01    2.105427e+01    -3.690660e-02    9.236075e-03  
  1   2  21   1.648053e+03    1.648053e+03    2.066019e+01    2.066019e+01    -1.842424e-02    1.150796e-02  
  1   2  22   1.657866e+03    1.657866e+03    2.861457e+01    2.861457e+01    -2.509804e-02    9.064848e-03  
  1   2  23   1.646743e+03    1.646743e+03    2.072383e+01    2.072383e+01    2.851485e-02    1.102748e-02  
  1   2  24   1.701849e+03    1.701849e+03    1.663670e+01    1.663670e+01    -8.877193e-02    9.239791e-03  
  1   2  25   1.630187e+03    1.630187e+03    1.751938e+01    1.751938e+01    -1.009709e-02    8.751550e-03  
  1   2  26   1.698575e+03    1.698575e+03    1.656379e+01    1.656379e+01    -4.753811e-02    9.837384e-03  
  1   2  27   1.668922e+03    1.668922e+03    1.669306e+01    1.669306e+01    -2.758448e-02    8.236285e-03  
  1   2  28   1.604565e+03    1.604565e+03    1.893947e+01    1.893947e+01    -1.001050e-01    1.235901e-02  
  1   2  29   1.640665e+03    1.640665e+03    1.736701e+01    1.736701e+01    -6.421946e-02    1.250733e-02  
  1   2  30   1.658886e+03    1.658886e+03    1.837680e+01    1.837680e+01    -2.179086e-02    1.117552e-02  
  1   2  31   1.680724e+03    1.680724e+03    2.358069e+01    2.358069e+01    -7.612077e-02    1.496247e-02  
  1   2  32   1.718735e+03    1.718735e+03    2.128255e+01    2.128255e+01    -8.494721e-02    6.272357e-03  
  1   2  33   1.753212e+03    1.753212e+03    1.912767e+01    1.912767e+01    -1.131956e-01    8.998493e-03  
  1   2  34   1.765253e+03    1.765253e+03    2.022258e+01    2.022258e+01    -7.094756e-02    7.607358e-03  
  1   2  35   1.764247e+03    1.764247e+03    1.996003e+01    1.996003e+01    -3.971292e-03    9.045668e-03  
  1   2  36   1.705462e+03    1.705462e+03    1.851110e+01    1.851110e+01    -5.810339e-02    9.241000e-03  
  1   2  37   1.793530e+03    1.793530e+03    2.164491e+01    2.164491e+01    -6.110032e-02    9.391948e-03  
  1   2  38   1.906051e+03    1.906051e+03    2.180911e+01    2.180911e+01    -1.348166e-01    7.384626e-03  
  1   2  39   1.755482e+03    1.755482e+03    2.699856e+01    2.699856e+01    -2.867209e-02    1.084455e-02  
  1   2  40   1.731394e+03    1.731394e+03    1.973891e+01    1.973891e+01    -5.788892e-02    1.038549e-02  
  1   2  41   1.776952e+03    1.776952e+03    2.635575e+01    2.635575e+01    -4.118327e-02    9.421197e-03  
  1   2  42   1.740817e+03    1.740817e+03    1.832134e+01    1.832134e+01    -2.754141e-03    1.292945e-02  
  1   2  43   1.734257e+03    1.734257e+03    2.289725e+01    2.289725e+01    -6.832685e-02    1.342598e-02  
  1   2  44   1.743905e+03    1.743905e+03    2.036407e+01    2.036407e+01    -2.200588e-02    1.284131e-02  
  1   2  45   1.791860e+03    1.791860e+03    1.961772e+01    1.961772e+01    -2.012097e-01    1.092024e-02  
  1   2  46   1.725984e+03    1.725984e+03    1.921154e+01    1.921154e+01    -2.795699e-02    1.339213e-02  
  1   2  47   1.798940e+03    1.798940e+03    2.495078e+01    2.495078e+01    -2.164928e-02    1.285997e-02  
  1   2  48   1.837760e+03    1.837760e+03    2.736232e+01    2.736232e+01    -3.378747e-02    1.048188e-02  
  1   2  49   1.700707e+03    1.700707e+03    1.959247e+01    1.959247e+01    -1.236570e-01    1.362847e-02  
  1   2  50   1.811838e+03    1.811838e+03    3.038397e+01    3.038397e+01    -4.604483e-02    1.048933e-02  
  1   2  51   1.844055e+03    1.844055e+03    2.960136e+01    2.960136e+01    -2.093294e-02    9.337972e-03  
  1   2  52   1.855225e+03    1.855225e+03    3.006415e+01    3.006415e+01    2.263330e-03    1.224989e-02  
  1   2  53   1.826058e+03    1.826058e+03    3.557967e+01    3.557967e+01    -6.162876e-03    1.154106e-02  
  1   2  54   1.775923e+03    1.775923e+03    2.342985e+01    2.342985e+01    -5.652336e-02    1.765609e-02  
  1   2  55   1.803318e+03    1.803318e+03    2.887612e+01    2.887612e+01    -6.005531e-03    1.550930e-02  
  1   2  56   1.826012e+03    1.826012e+03    3.193784e+01    3.193784e+01    -5.417219e-02    1.164364e-02  
  1   2  57   1.821998e+03    1.821998e+03    3.694301e+01    3.694301e+01    -2.488394e-02    1.716463e-02  
  1   2  58   1.756650e+03    1.756650e+03    4.255388e+01    4.255388e+01    -5.919630e-02    1.631213e-02  
  1   2  59   2.081547e+03    2.081547e+03    5.968950e+01    5.968950e+01    -1.121466e-01    1.625130e-02  
  1   2  60   1.751078e+03    1.751078e+03    3.884542e+01    3.884542e+01    -5.077159e-02    1.661656e-02  
  1   2  61   1.781623e+03    1.781623e+03    5.161481e+01    5.161481e+01    -9.805447e-02    1.750743e-02  
  1   2  62   1.766772e+03    1.766772e+03    3.780218e+01    3.780218e+01    -7.292412e-02    1.748956e-02  
  1   3   1   7.923504e+02    7.923504e+02    9.270632e+00    9.270632e+00    -1.319570e-01    1.784168e-02  
  1   3   2   6.233313e+02    6.233313e+02    4.646124e+00    4.646124e+00    1.641196e-01    1.755901e-02  
  1   3   3   6.073842e+02    6.073842e+02    4.972849e+00    4.972849e+00    5.213534e-01    1.843482e-02  
  1   3   4   7.138232e+02    7.138232e+02    4.495177e+00    4.495177e+00    -9.462932e-02    1.898013e-02  
  1   3   5   6.934251e+02    6.934251e+02    9.704103e+00    9.704103e+00    3.076880e-01    2.229737e-02  
  2   1   1   6.155471e+02    6.155471e+02    4.403672e+00    4.403672e+00    -5.563636e-02    2.618382e-03  
  2   1   2   6.359233e+02    6.359233e+02    4.891366e+00    4.891366e+00    2.038927e-02    3.363854e-03  
  2   1   3   6.331816e+02    6.331816e+02    4.563032e+00    4.563032e+00    -1.685238e-02    7.093119e-03  
  2   1   4   6.803449e+02    6.803449e+02    4.940166e+00    4.940166e+00    -2.089286e-02    5.802379e-03  
  2   1   5   1.000000e+01    1.000000e+01    1.414214e+00    1.414214e+00    0.000000e+00    0.000000e+00  
  2   1   6   4.266911e+02    4.266911e+02    5.888629e+01    5.888629e+01    3.268376e+00    4.240281e-02  
  2   1   7   6.740991e+02    6.740991e+02    3.701519e+00    3.701519e+00    -1.719272e-02    7.142251e-03  
  2   1   8   6.279358e+02    6.279358e+02    2.939867e+00    2.939867e+00    4.205760e-03    7.820722e-03  
  2   1   9   6.410324e+02    6.410324e+02    2.772000e+00    2.772000e+00    -1.201413e-01    8.288480e-03  
  2   1  10   1.000000e+01    1.000000e+01    1.414214e+00    1.414214e+00    0.000000e+00    0.000000e+00  
  2   1  11   7.178841e+02    7.178841e+02    3.191226e+00    3.191226e+00    -1.395194e-01    8.241042e-03  
  2   1  12   6.718651e+02    6.718651e+02    4.374577e+00    4.374577e+00    1.230321e-01    1.337299e-02  
  2   1  13   6.839182e+02    6.839182e+02    4.213201e+00    4.213201e+00    -1.165573e-02    9.614264e-03  
  2   1  14   6.747753e+02    6.747753e+02    3.616566e+00    3.616566e+00    -1.458611e-01    1.006628e-02  
  2   1  15   6.904789e+02    6.904789e+02    4.238662e+00    4.238662e+00    -9.295652e-02    1.115158e-02  
  2   1  16   6.710721e+02    6.710721e+02    4.567551e+00    4.567551e+00    -1.863865e-01    1.041346e-02  
  2   1  17   6.497641e+02    6.497641e+02    4.319722e+00    4.319722e+00    -2.237700e-02    1.137886e-02  
  2   1  18   6.809386e+02    6.809386e+02    4.151605e+00    4.151605e+00    -2.301184e-02    8.812616e-03  
  2   1  19   -2.576554e+01    -2.576554e+01    2.658378e+02    2.658378e+02    2.321372e+00    1.389285e-02  
  2   1  20   7.042278e+02    7.042278e+02    4.244995e+00    4.244995e+00    -2.274447e-02    1.061527e-02  
  2   1  21   1.000000e+01    1.000000e+01    1.414214e+00    1.414214e+00    0.000000e+00    0.000000e+00  
  2   1  22   6.799739e+02    6.799739e+02    3.973236e+00    3.973236e+00    -8.480691e-02    1.294767e-02  
  2   1  23   5.508000e+02    5.508000e+02    1.102854e+01    1.102854e+01    1.092636e-01    2.187565e-02  
  2   2   1   2.087258e+03    2.087258e+03    8.057736e+01    8.057736e+01    5.555556e-03    6.971370e-03  
  2   2   2   2.012335e+03    2.012335e+03    4.489222e+01    4.489222e+01    -7.479290e-02    5.800155e-03  
  2   2   3   1.986803e+03    1.986803e+03    2.318532e+01    2.318532e+01    3.632094e-02    3.790409e-03  
  2   2   4   1.843098e+03    1.843098e+03    1.817363e+01    1.817363e+01    -1.713912e-02    4.157412e-03  
  2   2   5   1.838319e+03    1.838319e+03    1.811805e+01    1.811805e+01    5.290236e-02    3.081718e-03  
  2   2   6   1.755199e+03    1.755199e+03    1.599251e+01    1.599251e+01    -5.094493e-02    2.755061e-03  
  2   2   7   1.704232e+03    1.704232e+03    2.047204e+01    2.047204e+01    -6.591195e-02    3.135806e-03  
  2   2   8   1.806796e+03    1.806796e+03    1.584088e+01    1.584088e+01    -1.033596e-01    4.464052e-03  
  2   2   9   1.908191e+03    1.908191e+03    1.678735e+01    1.678735e+01    -1.517924e-01    4.084114e-03  
  2   2  10   1.745642e+03    1.745642e+03    1.416440e+01    1.416440e+01    -2.751850e-02    3.346929e-03  
  2   2  11   1.731964e+03    1.731964e+03    1.269684e+01    1.269684e+01    7.267649e-02    3.416756e-03  
  2   2  12   1.742591e+03    1.742591e+03    6.090770e+01    6.090770e+01    -7.568862e-03    3.619611e-03  
  2   2  13   1.775398e+03    1.775398e+03    3.264421e+01    3.264421e+01    1.473056e-02    4.946260e-03  
  2   2  14   1.807948e+03    1.807948e+03    1.567217e+01    1.567217e+01    1.095784e-01    5.890402e-03  
  2   2  15   1.758840e+03    1.758840e+03    1.176129e+01    1.176129e+01    -8.203403e-02    5.770258e-03  
  2   2  16   1.704046e+03    1.704046e+03    1.517568e+01    1.517568e+01    -3.917798e-02    5.152351e-03  
  2   2  17   1.697011e+03    1.697011e+03    1.063896e+01    1.063896e+01    -6.702537e-03    5.173164e-03  
  2   2  18   1.719257e+03    1.719257e+03    1.224318e+01    1.224318e+01    7.232338e-02    7.711868e-03  
  2   2  19   1.742863e+03    1.742863e+03    1.196957e+01    1.196957e+01    -5.925926e-03    7.875373e-03  
  2   2  20   1.763698e+03    1.763698e+03    1.154838e+01    1.154838e+01    -6.069272e-02    6.113187e-03  
  2   2  21   1.734605e+03    1.734605e+03    1.148640e+01    1.148640e+01    -1.467082e-02    8.379924e-03  
  2   2  22   1.731272e+03    1.731272e+03    1.164299e+01    1.164299e+01    1.739899e-02    6.518303e-03  
  2   2  23   1.729708e+03    1.729708e+03    1.139326e+01    1.139326e+01    -6.329827e-02    7.041119e-03  
  2   2  24   1.746002e+03    1.746002e+03    1.003861e+01    1.003861e+01    -3.644929e-02    8.558238e-03  
  2   2  25   1.706492e+03    1.706492e+03    1.103076e+01    1.103076e+01    -4.281810e-02    7.583273e-03  
  2   2  26   1.710405e+03    1.710405e+03    1.027235e+01    1.027235e+01    -3.404489e-02    7.234934e-03  
  2   2  27   1.770348e+03    1.770348e+03    9.854929e+00    9.854929e+00    -2.320275e-02    6.426387e-03  
  2   2  28   1.764653e+03    1.764653e+03    1.085538e+01    1.085538e+01    -2.811143e-02    7.447256e-03  
  2   2  29   1.767526e+03    1.767526e+03    1.143079e+01    1.143079e+01    -1.003781e-02    8.583254e-03  
  2   2  30   1.711422e+03    1.711422e+03    1.134202e+01    1.134202e+01    1.879739e-02    8.794176e-03  
  2   2  31   1.732220e+03    1.732220e+03    1.148012e+01    1.148012e+01    5.171249e-03    1.115663e-02  
  2   2  32   1.794617e+03    1.794617e+03    1.122351e+01    1.122351e+01    4.896671e-03    5.758861e-03  
  2   2  33   1.745852e+03    1.745852e+03    1.117548e+01    1.117548e+01    -1.154843e-02    6.519084e-03  
  2   2  34   1.793300e+03    1.793300e+03    1.177498e+01    1.177498e+01    -1.270645e-02    5.355006e-03  
  2   2  35   1.777322e+03    1.777322e+03    1.191820e+01    1.191820e+01    -3.097639e-02    5.904287e-03  
  2   2  36   1.766941e+03    1.766941e+03    1.391911e+01    1.391911e+01    -4.025806e-02    6.930131e-03  
  2   2  37   1.805957e+03    1.805957e+03    1.313770e+01    1.313770e+01    -6.523656e-02    6.889618e-03  
  2   2  38   1.780116e+03    1.780116e+03    1.337505e+01    1.337505e+01    -4.939120e-02    5.557782e-03  
  2   2  39   1.665854e+03    1.665854e+03    1.345498e+01    1.345498e+01    -3.799179e-01    8.717675e-03  
  2   2  40   1.728584e+03    1.728584e+03    1.356933e+01    1.356933e+01    -1.407683e-01    8.318215e-03  
  2   2  41   1.757689e+03    1.757689e+03    1.353511e+01    1.353511e+01    -1.815620e-02    6.936735e-03  
  2   2  42   1.792764e+03    1.792764e+03    1.285416e+01    1.285416e+01    -6.224580e-03    7.890967e-03  
  2   2  43   1.503636e+03    1.503636e+03    1.120695e+01    1.120695e+01    -3.456755e-01    9.552815e-03  
  2   2  44   1.694980e+03    1.694980e+03    1.111511e+01    1.111511e+01    9.726776e-03    7.194207e-03  
  2   2  45   1.765153e+03    1.765153e+03    1.365376e+01    1.365376e+01    -1.137562e-02    8.576652e-03  
  2   2  46   1.718760e+03    1.718760e+03    1.056191e+01    1.056191e+01    -4.140560e-02    7.996217e-03  
  2   2  47   1.748176e+03    1.748176e+03    1.273547e+01    1.273547e+01    -7.438922e-02    8.110393e-03  
  2   2  48   1.745814e+03    1.745814e+03    1.139571e+01    1.139571e+01    -1.281937e-01    7.769515e-03  
  2   2  49   1.723801e+03    1.723801e+03    1.164951e+01    1.164951e+01    1.840598e-02    7.925863e-03  
  2   2  50   1.778581e+03    1.778581e+03    1.220036e+01    1.220036e+01    -3.118797e-02    7.750543e-03  
  2   2  51   1.764452e+03    1.764452e+03    1.210011e+01    1.210011e+01    -4.606560e-02    6.847620e-03  
  2   2  52   1.772123e+03    1.772123e+03    1.164703e+01    1.164703e+01    -1.016085e-01    7.495041e-03  
  2   2  53   1.719384e+03    1.719384e+03    9.926125e+00    9.926125e+00    -2.789606e-02    7.603920e-03  
  2   2  54   1.748408e+03    1.748408e+03    1.105534e+01    1.105534e+01    -4.475956e-02    8.474160e-03  
  2   2  55   1.720128e+03    1.720128e+03    1.158333e+01    1.158333e+01    1.518548e-02    1.079436e-02  
  2   2  56   1.731699e+03    1.731699e+03    1.005713e+01    1.005713e+01    -2.022340e-02    8.028889e-03  
  2   2  57   1.709758e+03    1.709758e+03    1.174804e+01    1.174804e+01    -3.941733e-02    1.100405e-02  
  2   2  58   1.741378e+03    1.741378e+03    1.407412e+01    1.407412e+01    -7.421338e-02    1.622034e-02  
  2   2  59   1.729184e+03    1.729184e+03    2.120216e+01    2.120216e+01    -8.084084e-02    1.757129e-02  
  2   2  60   1.773224e+03    1.773224e+03    2.338775e+01    2.338775e+01    -3.817629e-02    1.568029e-02  
  2   2  61   1.623200e+03    1.623200e+03    1.735172e+01    1.735172e+01    -2.583117e-01    1.474032e-02  
  2   2  62   1.446941e+03    1.446941e+03    1.610135e+01    1.610135e+01    5.567766e-02    1.504577e-02  
  2   3   1   5.909355e+02    5.909355e+02    1.013010e+01    1.013010e+01    -2.229416e-02    1.735474e-02  
  2   3   2   6.219325e+02    6.219325e+02    5.164541e+00    5.164541e+00    -3.713258e-02    1.406268e-02  
  2   3   3   7.008803e+02    7.008803e+02    1.025936e+01    1.025936e+01    -1.745931e-01    1.682612e-02  
  2   3   4   1.000000e+01    1.000000e+01    1.414214e+00    1.414214e+00    0.000000e+00    0.000000e+00  
  2   3   5   7.144994e+02    7.144994e+02    7.570637e+00    7.570637e+00    -1.036173e-01    1.962592e-02  
  3   1   1   1.000000e+01    1.000000e+01    1.414214e+00    1.414214e+00    0.000000e+00    0.000000e+00  
  3   1   2   1.000000e+01    1.000000e+01    1.414214e+00    1.414214e+00    0.000000e+00    0.000000e+00  
  3   1   3   1.000000e+01    1.000000e+01    1.414214e+00    1.414214e+00    0.000000e+00    0.000000e+00  
  3   1   4   1.000000e+01    1.000000e+01    1.414214e+00    1.414214e+00    0.000000e+00    0.000000e+00  
  3   1   5   1.000000e+01    1.000000e+01    1.414214e+00    1.414214e+00    0.000000e+00    0.000000e+00  
  3   1   6   1.000000e+01    1.000000e+01    1.414214e+00    1.414214e+00    0.000000e+00    0.000000e+00  
  3   1   7   1.000000e+01    1.000000e+01    1.414214e+00    1.414214e+00    0.000000e+00    0.000000e+00  
  3   1   8   1.000000e+01    1.000000e+01    1.414214e+00    1.414214e+00    0.000000e+00    0.000000e+00  
  3   1   9   1.000000e+01    1.000000e+01    1.414214e+00    1.414214e+00    0.000000e+00    0.000000e+00  
  3   1  10   1.000000e+01    1.000000e+01    1.414214e+00    1.414214e+00    0.000000e+00    0.000000e+00  
  3   1  11   1.000000e+01    1.000000e+01    1.414214e+00    1.414214e+00    0.000000e+00    0.000000e+00  
  3   1  12   1.000000e+01    1.000000e+01    1.414214e+00    1.414214e+00    0.000000e+00    0.000000e+00  
  3   1  13   1.000000e+01    1.000000e+01    1.414214e+00    1.414214e+00    0.000000e+00    0.000000e+00  
  3   1  14   1.000000e+01    1.000000e+01    1.414214e+00    1.414214e+00    0.000000e+00    0.000000e+00  
  3   1  15   1.000000e+01    1.000000e+01    1.414214e+00    1.414214e+00    0.000000e+00    0.000000e+00  
  3   1  16   1.000000e+01    1.000000e+01    1.414214e+00    1.414214e+00    0.000000e+00    0.000000e+00  
  3   1  17   6.307048e+02    6.307048e+02    5.372556e+00    5.372556e+00    -1.841030e-01    1.545060e-02  
  3   1  18   6.508308e+02    6.508308e+02    5.653427e+00    5.653427e+00    -3.368421e-02    1.242525e-02  
  3   1  19   5.931971e+02    5.931971e+02    5.414434e+00    5.414434e+00    -1.038666e-01    1.503484e-02  
  3   1  20   6.170872e+02    6.170872e+02    5.694051e+00    5.694051e+00    -1.033824e-01    1.707777e-02  
  3   1  21   6.950985e+02    6.950985e+02    7.889474e+00    7.889474e+00    1.273861e-01    1.727926e-02  
  3   1  22   7.055704e+02    7.055704e+02    8.923878e+00    8.923878e+00    2.261222e-01    1.842918e-02  
  3   1  23   1.923100e+02    1.923100e+02    1.720873e+02    1.720873e+02    5.381764e-01    2.281835e-02  
  3   2   1   1.333333e+01    1.333333e+01    1.414214e+00    1.414214e+00    0.000000e+00    0.000000e+00  
  3   2   2   1.333333e+01    1.333333e+01    1.414214e+00    1.414214e+00    0.000000e+00    0.000000e+00  
  3   2   3   1.333333e+01    1.333333e+01    1.414214e+00    1.414214e+00    0.000000e+00    0.000000e+00  
  3   2   4   1.333333e+01    1.333333e+01    1.414214e+00    1.414214e+00    0.000000e+00    0.000000e+00  
  3   2   5   1.333333e+01    1.333333e+01    1.414214e+00    1.414214e+00    0.000000e+00    0.000000e+00  
  3   2   6   1.333333e+01    1.333333e+01    1.414214e+00    1.414214e+00    0.000000e+00    0.000000e+00  
  3   2   7   1.333333e+01    1.333333e+01    1.414214e+00    1.414214e+00    0.000000e+00    0.000000e+00  
  3   2   8   1.333333e+01    1.333333e+01    1.414214e+00    1.414214e+00    0.000000e+00    0.000000e+00  
  3   2   9   1.333333e+01    1.333333e+01    1.414214e+00    1.414214e+00    0.000000e+00    0.000000e+00  
  3   2  10   1.333333e+01    1.333333e+01    1.414214e+00    1.414214e+00    0.000000e+00    0.000000e+00  
  3   2  11   1.333333e+01    1.333333e+01    1.414214e+00    1.414214e+00    0.000000e+00    0.000000e+00  
  3   2  12   1.333333e+01    1.333333e+01    1.414214e+00    1.414214e+00    0.000000e+00    0.000000e+00  
  3   2  13   1.333333e+01    1.333333e+01    1.414214e+00    1.414214e+00    0.000000e+00    0.000000e+00  
  3   2  14   1.333333e+01    1.333333e+01    1.414214e+00    1.414214e+00    0.000000e+00    0.000000e+00  
  3   2  15   1.333333e+01    1.333333e+01    1.414214e+00    1.414214e+00    0.000000e+00    0.000000e+00  
  3   2  16   1.333333e+01    1.333333e+01    1.414214e+00    1.414214e+00    0.000000e+00    0.000000e+00  
  3   2  17   1.772388e+03    1.772388e+03    4.331337e+01    4.331337e+01    -4.883175e-02    5.998938e-03  
  3   2  18   1.730130e+03    1.730130e+03    4.285424e+01    4.285424e+01    -2.007896e-02    7.981536e-03  
  3   2  19   1.743352e+03    1.743352e+03    4.929941e+01    4.929941e+01    -4.695015e-02    6.129631e-03  
  3   2  20   1.645747e+03    1.645747e+03    1.729341e+01    1.729341e+01    -7.694896e-02    6.825569e-03  
  3   2  21   1.740655e+03    1.740655e+03    1.346424e+01    1.346424e+01    -1.009959e-01    1.009832e-02  
  3   2  22   1.651435e+03    1.651435e+03    1.457041e+01    1.457041e+01    -7.808307e-02    7.483378e-03  
  3   2  23   1.763061e+03    1.763061e+03    1.675609e+01    1.675609e+01    -8.991391e-02    8.862004e-03  
  3   2  24   1.748521e+03    1.748521e+03    1.479377e+01    1.479377e+01    -1.637510e-01    8.599985e-03  
  3   2  25   1.799383e+03    1.799383e+03    1.652306e+01    1.652306e+01    -8.492179e-02    9.162962e-03  
  3   2  26   1.613860e+03    1.613860e+03    1.451015e+01    1.451015e+01    -2.030435e-02    8.854882e-03  
  3   2  27   1.844439e+03    1.844439e+03    1.802061e+01    1.802061e+01    -6.208000e-02    9.362873e-03  
  3   2  28   1.778382e+03    1.778382e+03    1.876754e+01    1.876754e+01    -9.250821e-02    1.047311e-02  
  3   2  29   1.825883e+03    1.825883e+03    1.625912e+01    1.625912e+01    -4.405295e-02    1.183622e-02  
  3   2  30   1.333333e+01    1.333333e+01    1.414214e+00    1.414214e+00    0.000000e+00    0.000000e+00  
  3   2  31   1.884399e+03    1.884399e+03    2.588602e+01    2.588602e+01    -8.381683e-02    1.035811e-02  
  3   2  32   1.333333e+01    1.333333e+01    1.414214e+00    1.414214e+00    0.000000e+00    0.000000e+00  
  3   2  33   1.333333e+01    1.333333e+01    1.414214e+00    1.414214e+00    0.000000e+00    0.000000e+00  
  3   2  34   1.333333e+01    1.333333e+01    1.414214e+00    1.414214e+00    0.000000e+00    0.000000e+00  
  3   2  35   1.333333e+01    1.333333e+01    1.414214e+00    1.414214e+00    0.000000e+00    0.000000e+00  
  3   2  36   1.333333e+01    1.333333e+01    1.414214e+00    1.414214e+00    0.000000e+00    0.000000e+00  
  3   2  37   1.333333e+01    1.333333e+01    1.414214e+00    1.414214e+00    0.000000e+00    0.000000e+00  
  3   2  38   1.333333e+01    1.333333e+01    1.414214e+00    1.414214e+00    0.000000e+00    0.000000e+00  
  3   2  39   1.333333e+01    1.333333e+01    1.414214e+00    1.414214e+00    0.000000e+00    0.000000e+00  
  3   2  40   1.333333e+01    1.333333e+01    1.414214e+00    1.414214e+00    0.000000e+00    0.000000e+00  
  3   2  41   1.333333e+01    1.333333e+01    1.414214e+00    1.414214e+00    0.000000e+00    0.000000e+00  
  3   2  42   1.333333e+01    1.333333e+01    1.414214e+00    1.414214e+00    0.000000e+00    0.000000e+00  
  3   2  43   1.333333e+01    1.333333e+01    1.414214e+00    1.414214e+00    0.000000e+00    0.000000e+00  
  3   2  44   1.333333e+01    1.333333e+01    1.414214e+00    1.414214e+00    0.000000e+00    0.000000e+00  
  3   2  45   1.333333e+01    1.333333e+01    1.414214e+00    1.414214e+00    0.000000e+00    0.000000e+00  
  3   2  46   1.333333e+01    1.333333e+01    1.414214e+00    1.414214e+00    0.000000e+00    0.000000e+00  
  3   2  47   1.333333e+01    1.333333e+01    1.414214e+00    1.414214e+00    0.000000e+00    0.000000e+00  
  3   2  48   1.333333e+01    1.333333e+01    1.414214e+00    1.414214e+00    0.000000e+00    0.000000e+00  
  3   2  49   1.978956e+03    1.978956e+03    2.859288e+01    2.859288e+01    -1.133556e-01    1.394737e-02  
  3   2  50   1.877358e+03    1.877358e+03    1.975078e+01    1.975078e+01    -6.267281e-02    1.558992e-02  
  3   2  51   1.778033e+03    1.778033e+03    2.234734e+01    2.234734e+01    -1.107920e-01    1.496058e-02  
  3   2  52   1.978532e+03    1.978532e+03    2.566298e+01    2.566298e+01    -4.938689e-02    9.247369e-03  
  3   2  53   1.898947e+03    1.898947e+03    1.909527e+01    1.909527e+01    -3.630129e-02    1.529695e-02  
  3   2  54   1.952921e+03    1.952921e+03    2.353354e+01    2.353354e+01    1.707588e-02    1.261386e-02  
  3   2  55   1.847423e+03    1.847423e+03    1.735833e+01    1.735833e+01    3.258932e-02    1.370161e-02  
  3   2  56   1.953423e+03    1.953423e+03    2.003050e+01    2.003050e+01    3.831366e-03    9.818225e-03  
  3   2  57   1.955247e+03    1.955247e+03    2.371118e+01    2.371118e+01    -6.724472e-02    1.496931e-02  
  3   2  58   1.898039e+03    1.898039e+03    2.639167e+01    2.639167e+01    2.251415e-01    1.796816e-02  
  3   2  59   2.055946e+03    2.055946e+03    3.422683e+01    3.422683e+01    -1.003422e-01    1.657221e-02  
  3   2  60   1.765820e+03    1.765820e+03    2.573167e+01    2.573167e+01    9.504478e-02    1.575482e-02  
  3   2  61   2.236620e+03    2.236620e+03    3.674668e+01    3.674668e+01    6.048196e-01    1.688894e-02  
  3   2  62   2.795171e+03    2.795171e+03    3.394314e+01    3.394314e+01    5.487599e-01    1.351399e-02  
  3   3   1   7.720681e+02    7.720681e+02    8.824811e+00    8.824811e+00    -6.523629e-01    1.755484e-02  
  3   3   2   6.796911e+02    6.796911e+02    8.613923e+00    8.613923e+00    5.692345e-02    1.380959e-02  
  3   3   3   6.742534e+02    6.742534e+02    7.990234e+00    7.990234e+00    -9.898589e-02    1.698512e-02  
  3   3   4   6.350266e+02    6.350266e+02    7.640118e+00    7.640118e+00    -2.098226e-01    1.916194e-02  
  3   3   5   4.356956e+02    4.356956e+02    5.120032e+01    5.120032e+01    1.386314e+00    2.129468e-02  
  4   1   1   7.101039e+02    7.101039e+02    8.292177e+00    8.292177e+00    2.558624e-01    5.079937e-03  
  4   1   2   6.234297e+02    6.234297e+02    6.905427e+00    6.905427e+00    -1.949425e-01    5.457690e-03  
  4   1   3   5.733638e+02    5.733638e+02    9.222799e+00    9.222799e+00    2.738435e-01    6.431472e-03  
  4   1   4   5.848217e+02    5.848217e+02    5.918325e+00    5.918325e+00    -8.861867e-02    7.697699e-03  
  4   1   5   5.942553e+02    5.942553e+02    4.423567e+00    4.423567e+00    9.568259e-02    1.286887e-02  
  4   1   6   5.603137e+02    5.603137e+02    4.510735e+00    4.510735e+00    1.119489e-01    1.242771e-02  
  4   1   7   5.441953e+02    5.441953e+02    5.018784e+00    5.018784e+00    1.124826e-02    9.028943e-03  
  4   1   8   5.965489e+02    5.965489e+02    4.223425e+00    4.223425e+00    -9.063101e-02    1.038602e-02  
  4   1   9   6.402074e+02    6.402074e+02    3.901437e+00    3.901437e+00    -9.389449e-03    9.723818e-03  
  4   1  10   5.904147e+02    5.904147e+02    4.748512e+00    4.748512e+00    -1.340749e-01    1.048589e-02  
  4   1  11   5.208907e+02    5.208907e+02    4.756926e+00    4.756926e+00    -1.306884e-02    1.691524e-02  
  4   1  12   5.394606e+02    5.394606e+02    6.069754e+00    6.069754e+00    1.914908e-01    9.668884e-03  
  4   1  13   6.085021e+02    6.085021e+02    4.024013e+00    4.024013e+00    -3.971611e-02    1.129642e-02  
  4   1  14   6.002703e+02    6.002703e+02    4.752841e+00    4.752841e+00    5.208633e-03    1.420840e-02  
  4   1  15   6.185985e+02    6.185985e+02    5.360491e+00    5.360491e+00    3.629105e-03    1.500610e-02  
  4   1  16   6.189312e+02    6.189312e+02    5.377037e+00    5.377037e+00    -2.814634e-01    1.402156e-02  
  4   1  17   5.888586e+02    5.888586e+02    6.029821e+00    6.029821e+00    -6.152480e-02    1.336524e-02  
  4   1  18   1.000000e+01    1.000000e+01    1.414214e+00    1.414214e+00    0.000000e+00    0.000000e+00  
  4   1  19   5.559185e+02    5.559185e+02    6.925347e+00    6.925347e+00    -1.083536e-01    1.415779e-02  
  4   1  20   5.688677e+02    5.688677e+02    6.424577e+00    6.424577e+00    -1.192954e-02    1.937409e-02  
  4   1  21   6.254182e+02    6.254182e+02    6.110378e+00    6.110378e+00    -1.043866e-02    1.821038e-02  
  4   1  22   5.778386e+02    5.778386e+02    8.958427e+00    8.958427e+00    -1.267044e-02    1.761655e-02  
  4   1  23   5.606003e+02    5.606003e+02    1.143927e+01    1.143927e+01    -2.442368e-02    1.960949e-02  
  4   2   1   1.836621e+03    1.836621e+03    1.800066e+02    1.800066e+02    2.188925e-02    9.259740e-03  
  4   2   2   -2.313423e+03    -2.313423e+03    8.863224e+03    8.863224e+03    1.742287e-02    6.884139e-03  
  4   2   3   1.907688e+03    1.907688e+03    3.443896e+01    3.443896e+01    1.827548e-02    4.929988e-03  
  4   2   4   1.922373e+03    1.922373e+03    3.534500e+01    3.534500e+01    -1.005714e-02    6.155522e-03  
  4   2   5   1.739762e+03    1.739762e+03    4.453445e+01    4.453445e+01    5.186571e-02    4.480999e-03  
  4   2   6   1.793014e+03    1.793014e+03    3.124721e+01    3.124721e+01    2.135397e-02    4.437918e-03  
  4   2   7   2.123950e+03    2.123950e+03    3.978676e+01    3.978676e+01    1.862933e-02    4.016230e-03  
  4   2   8   1.659735e+03    1.659735e+03    3.909680e+01    3.909680e+01    -8.162406e-02    6.275476e-03  
  4   2   9   1.771907e+03    1.771907e+03    2.836854e+01    2.836854e+01    6.163424e-02    5.685738e-03  
  4   2  10   1.791519e+03    1.791519e+03    2.467366e+01    2.467366e+01    -2.770375e-02    4.649444e-03  
  4   2  11   1.686766e+03    1.686766e+03    6.024957e+01    6.024957e+01    3.106267e-02    5.635934e-03  
  4   2  12   1.706529e+03    1.706529e+03    2.016151e+01    2.016151e+01    -2.382979e-02    4.610297e-03  
  4   2  13   1.288660e+03    1.288660e+03    3.563315e+01    3.563315e+01    2.401824e-02    5.443208e-03  
  4   2  14   1.590378e+03    1.590378e+03    2.778557e+01    2.778557e+01    -2.979418e-02    6.744375e-03  
  4   2  15   1.572204e+03    1.572204e+03    1.128009e+02    1.128009e+02    -6.807742e-02    6.229086e-03  
  4   2  16   1.581561e+03    1.581561e+03    1.577016e+01    1.577016e+01    2.719747e-02    7.534631e-03  
  4   2  17   1.547490e+03    1.547490e+03    1.437957e+01    1.437957e+01    6.203554e-04    6.777827e-03  
  4   2  18   1.669864e+03    1.669864e+03    1.610188e+01    1.610188e+01    1.013861e-01    7.787722e-03  
  4   2  19   1.665339e+03    1.665339e+03    1.317113e+01    1.317113e+01    3.138202e-02    6.184303e-03  
  4   2  20   1.638180e+03    1.638180e+03    1.633719e+01    1.633719e+01    7.647536e-02    7.991504e-03  
  4   2  21   1.560441e+03    1.560441e+03    1.573730e+01    1.573730e+01    1.383118e-01    1.031105e-02  
  4   2  22   1.563341e+03    1.563341e+03    1.224339e+01    1.224339e+01    5.557164e-03    7.530253e-03  
  4   2  23   1.579162e+03    1.579162e+03    1.580337e+01    1.580337e+01    -2.204947e-02    7.207535e-03  
  4   2  24   1.538346e+03    1.538346e+03    1.253262e+01    1.253262e+01    3.592401e-02    7.963776e-03  
  4   2  25   1.572490e+03    1.572490e+03    1.538692e+01    1.538692e+01    3.178299e-02    8.963918e-03  
  4   2  26   1.570293e+03    1.570293e+03    1.427228e+01    1.427228e+01    5.451189e-02    8.717606e-03  
  4   2  27   1.588855e+03    1.588855e+03    1.345234e+01    1.345234e+01    -1.503057e-02    8.660971e-03  
  4   2  28   1.678822e+03    1.678822e+03    1.589162e+01    1.589162e+01    3.452564e-02    8.201839e-03  
  4   2  29   1.619248e+03    1.619248e+03    1.580454e+01    1.580454e+01    6.473613e-02    1.100169e-02  
  4   2  30   1.619295e+03    1.619295e+03    1.643833e+01    1.643833e+01    8.703297e-02    1.112205e-02  
  4   2  31   1.333333e+01    1.333333e+01    1.414214e+00    1.414214e+00    0.000000e+00    0.000000e+00  
  4   2  32   1.718271e+03    1.718271e+03    1.651095e+01    1.651095e+01    2.541250e-01    5.755498e-03  
  4   2  33   1.636450e+03    1.636450e+03    1.925319e+01    1.925319e+01    2.027861e-02    1.005507e-02  
  4   2  34   1.680505e+03    1.680505e+03    1.891988e+01    1.891988e+01    -1.045808e-02    7.452826e-03  
  4   2  35   1.439483e+03    1.439483e+03    1.967193e+01    1.967193e+01    -2.866686e-01    6.958496e-03  
  4   2  36   1.615424e+03    1.615424e+03    1.880608e+01    1.880608e+01    4.102008e-02    8.223272e-03  
  4   2  37   1.722445e+03    1.722445e+03    1.956872e+01    1.956872e+01    -1.996807e-02    6.814065e-03  
  4   2  38   1.669171e+03    1.669171e+03    2.846639e+01    2.846639e+01    2.270480e-02    7.051171e-03  
  4   2  39   1.599695e+03    1.599695e+03    2.232516e+01    2.232516e+01    -2.417062e-02    8.494934e-03  
  4   2  40   1.680656e+03    1.680656e+03    1.864691e+01    1.864691e+01    5.862032e-02    8.396003e-03  
  4   2  41   1.682603e+03    1.682603e+03    2.126841e+01    2.126841e+01    6.682695e-02    8.795359e-03  
  4   2  42   1.701522e+03    1.701522e+03    1.973356e+01    1.973356e+01    -3.153572e-03    7.994424e-03  
  4   2  43   1.598394e+03    1.598394e+03    1.919162e+01    1.919162e+01    2.822252e-02    1.007663e-02  
  4   2  44   1.680540e+03    1.680540e+03    1.946001e+01    1.946001e+01    7.772727e-03    9.161446e-03  
  4   2  45   1.692538e+03    1.692538e+03    1.748894e+01    1.748894e+01    -3.853284e-02    9.401987e-03  
  4   2  46   1.602597e+03    1.602597e+03    1.801046e+01    1.801046e+01    1.398854e-02    1.156451e-02  
  4   2  47   1.620746e+03    1.620746e+03    1.867488e+01    1.867488e+01    -1.307266e-03    1.139214e-02  
  4   2  48   1.663553e+03    1.663553e+03    1.970919e+01    1.970919e+01    -3.091719e-02    9.333360e-03  
  4   2  49   1.893608e+03    1.893608e+03    2.326097e+01    2.326097e+01    3.500898e-01    1.532645e-02  
  4   2  50   1.625302e+03    1.625302e+03    2.052972e+01    2.052972e+01    3.721603e-02    1.098304e-02  
  4   2  51   1.640742e+03    1.640742e+03    1.855356e+01    1.855356e+01    -4.832049e-02    9.679721e-03  
  4   2  52   1.675016e+03    1.675016e+03    2.350289e+01    2.350289e+01    1.951099e-02    1.130906e-02  
  4   2  53   1.700950e+03    1.700950e+03    2.259285e+01    2.259285e+01    3.359847e-03    1.116626e-02  
  4   2  54   1.800353e+03    1.800353e+03    3.065250e+01    3.065250e+01    -1.429106e-01    1.275284e-02  
  4   2  55   1.612303e+03    1.612303e+03    3.219713e+01    3.219713e+01    4.529177e-02    1.538930e-02  
  4   2  56   1.716077e+03    1.716077e+03    2.735520e+01    2.735520e+01    -4.137399e-03    1.139298e-02  
  4   2  57   1.636747e+03    1.636747e+03    3.012230e+01    3.012230e+01    -2.682081e-02    1.915439e-02  
  4   2  58   1.662206e+03    1.662206e+03    3.879422e+01    3.879422e+01    4.205172e-02    1.645798e-02  
  4   2  59   1.675908e+03    1.675908e+03    3.476441e+01    3.476441e+01    6.187726e-02    1.928925e-02  
  4   2  60   1.683918e+03    1.683918e+03    3.814055e+01    3.814055e+01    -1.873518e-02    2.070719e-02  
  4   2  61   1.526183e+03    1.526183e+03    2.721553e+01    2.721553e+01    1.601540e-02    1.827711e-02  
  4   2  62   1.653307e+03    1.653307e+03    4.676355e+01    4.676355e+01    5.207232e-02    1.428389e-02  
  4   3   1   1.000000e+01    1.000000e+01    1.414214e+00    1.414214e+00    0.000000e+00    0.000000e+00  
  4   3   2   7.183642e+02    7.183642e+02    5.393952e+00    5.393952e+00    9.369406e-02    1.522196e-02  
  4   3   3   5.474303e+02    5.474303e+02    6.066475e+00    6.066475e+00    -4.348183e-01    1.754273e-02  
  4   3   4   6.422405e+02    6.422405e+02    6.214739e+00    6.214739e+00    -1.980519e-01    1.930558e-02  
  4   3   5   1.000000e+01    1.000000e+01    1.414214e+00    1.414214e+00    0.000000e+00    0.000000e+00  
  5   1   1   6.893541e+02    6.893541e+02    1.501327e+01    1.501327e+01    5.261359e-02    4.060728e-03  
  5   1   2   7.064337e+02    7.064337e+02    1.115209e+01    1.115209e+01    5.892634e-03    5.005437e-03  
  5   1   3   7.035272e+02    7.035272e+02    7.076881e+00    7.076881e+00    2.032071e-01    4.278016e-03  
  5   1   4   4.585685e+02    4.585685e+02    8.200706e+01    8.200706e+01    4.877143e+00    4.075680e-02  
  5   1   5   6.576531e+02    6.576531e+02    1.018252e+01    1.018252e+01    -9.968407e-02    1.069462e-02  
  5   1   6   6.912387e+02    6.912387e+02    4.921776e+00    4.921776e+00    -1.891965e-02    1.109509e-02  
  5   1   7   6.438117e+02    6.438117e+02    6.105424e+00    6.105424e+00    -2.846753e-02    1.226859e-02  
  5   1   8   6.196282e+02    6.196282e+02    4.691666e+00    4.691666e+00    -4.948759e-02    1.291823e-02  
  5   1   9   6.920284e+02    6.920284e+02    3.809593e+00    3.809593e+00    5.843137e-02    1.112642e-02  
  5   1  10   7.136429e+02    7.136429e+02    4.357854e+00    4.357854e+00    -9.771888e-02    1.115176e-02  
  5   1  11   6.455442e+02    6.455442e+02    4.533081e+00    4.533081e+00    -1.918034e-01    1.267156e-02  
  5   1  12   6.033794e+02    6.033794e+02    5.849438e+00    5.849438e+00    -6.388635e-02    1.278749e-02  
  5   1  13   6.502891e+02    6.502891e+02    5.739300e+00    5.739300e+00    -4.104774e-02    1.187234e-02  
  5   1  14   6.555324e+02    6.555324e+02    5.564075e+00    5.564075e+00    -1.929646e-01    1.627968e-02  
  5   1  15   6.303428e+02    6.303428e+02    4.165296e+00    4.165296e+00    -2.214884e-02    1.285334e-02  
  5   1  16   6.681124e+02    6.681124e+02    5.427488e+00    5.427488e+00    -1.022697e-01    1.504859e-02  
  5   1  17   6.555180e+02    6.555180e+02    5.393102e+00    5.393102e+00    -3.265563e-02    1.607148e-02  
  5   1  18   6.197793e+02    6.197793e+02    4.719690e+00    4.719690e+00    -1.370178e-01    1.471761e-02  
  5   1  19   5.530633e+02    5.530633e+02    7.084416e+00    7.084416e+00    -2.647179e-02    1.656524e-02  
  5   1  20   7.232235e+02    7.232235e+02    5.842549e+00    5.842549e+00    5.008618e-02    1.776772e-02  
  5   1  21   6.640017e+02    6.640017e+02    6.603640e+00    6.603640e+00    -1.290075e-01    1.839979e-02  
  5   1  22   7.121010e+02    7.121010e+02    6.383781e+00    6.383781e+00    -1.320354e-01    2.003122e-02  
  5   1  23   6.175135e+02    6.175135e+02    6.472091e+00    6.472091e+00    -4.214864e-02    2.431155e-02  
  5   2   1   2.047255e+03    2.047255e+03    1.132066e+02    1.132066e+02    2.337079e-02    7.186957e-03  
  5   2   2   2.065908e+03    2.065908e+03    3.330548e+01    3.330548e+01    -1.246377e-02    8.285426e-03  
  5   2   3   2.090923e+03    2.090923e+03    5.212437e+01    5.212437e+01    -2.565865e-02    5.787682e-03  
  5   2   4   2.166157e+03    2.166157e+03    4.219548e+01    4.219548e+01    1.189430e-01    4.932787e-03  
  5   2   5   1.971874e+03    1.971874e+03    2.793144e+01    2.793144e+01    3.095164e-02    6.378776e-03  
  5   2   6   1.905442e+03    1.905442e+03    8.498936e+01    8.498936e+01    1.404951e-02    5.974614e-03  
  5   2   7   1.876392e+03    1.876392e+03    3.559829e+01    3.559829e+01    5.703674e-02    5.240252e-03  
  5   2   8   1.918071e+03    1.918071e+03    3.004388e+01    3.004388e+01    1.223529e-02    5.039353e-03  
  5   2   9   1.888999e+03    1.888999e+03    2.056759e+01    2.056759e+01    -5.443787e-03    6.052835e-03  
  5   2  10   1.977424e+03    1.977424e+03    3.871344e+01    3.871344e+01    -1.140143e-02    4.955180e-03  
  5   2  11   1.854509e+03    1.854509e+03    2.448710e+01    2.448710e+01    -7.604583e-02    4.491669e-03  
  5   2  12   1.862023e+03    1.862023e+03    8.180470e+01    8.180470e+01    2.740157e-02    4.286071e-03  
  5   2  13   1.878633e+03    1.878633e+03    2.563746e+01    2.563746e+01    4.796351e-02    5.491861e-03  
  5   2  14   1.845996e+03    1.845996e+03    3.146963e+01    3.146963e+01    4.175766e-02    6.123032e-03  
  5   2  15   1.890824e+03    1.890824e+03    2.219953e+01    2.219953e+01    4.777202e-02    6.713888e-03  
  5   2  16   1.772936e+03    1.772936e+03    1.942960e+01    1.942960e+01    9.615764e-03    7.288464e-03  
  5   2  17   1.855333e+03    1.855333e+03    2.205591e+01    2.205591e+01    3.099346e-02    7.467945e-03  
  5   2  18   1.880182e+03    1.880182e+03    1.987818e+01    1.987818e+01    7.013833e-02    9.138948e-03  
  5   2  19   1.844845e+03    1.844845e+03    5.233906e+01    5.233906e+01    -2.860653e-02    7.611710e-03  
  5   2  20   1.839872e+03    1.839872e+03    2.056807e+01    2.056807e+01    2.270402e-02    7.325402e-03  
  5   2  21   1.795396e+03    1.795396e+03    1.818925e+01    1.818925e+01    6.419602e-02    1.166269e-02  
  5   2  22   1.884371e+03    1.884371e+03    1.821441e+01    1.821441e+01    5.165618e-02    9.371257e-03  
  5   2  23   1.919727e+03    1.919727e+03    2.368094e+01    2.368094e+01    2.052811e-02    8.285585e-03  
  5   2  24   2.006885e+03    2.006885e+03    2.106452e+01    2.106452e+01    -1.789822e-01    1.038746e-02  
  5   2  25   1.912961e+03    1.912961e+03    2.259539e+01    2.259539e+01    -2.927920e-02    9.736214e-03  
  5   2  26   1.838870e+03    1.838870e+03    1.783401e+01    1.783401e+01    5.241960e-03    9.798484e-03  
  5   2  27   1.911038e+03    1.911038e+03    1.989333e+01    1.989333e+01    3.966942e-03    8.566131e-03  
  5   2  28   1.837375e+03    1.837375e+03    1.594589e+01    1.594589e+01    -8.824526e-02    1.135742e-02  
  5   2  29   1.903492e+03    1.903492e+03    2.202779e+01    2.202779e+01    8.265861e-03    1.360036e-02  
  5   2  30   1.943382e+03    1.943382e+03    1.988037e+01    1.988037e+01    -4.365334e-02    9.047753e-03  
  5   2  31   1.883453e+03    1.883453e+03    2.023288e+01    2.023288e+01    4.308797e-03    1.426958e-02  
  5   2  32   1.945412e+03    1.945412e+03    1.776307e+01    1.776307e+01    -2.434262e-02    7.186302e-03  
  5   2  33   1.929136e+03    1.929136e+03    2.247015e+01    2.247015e+01    -1.678154e-03    9.506992e-03  
  5   2  34   2.025213e+03    2.025213e+03    2.476309e+01    2.476309e+01    -2.831731e-02    7.946387e-03  
  5   2  35   1.975135e+03    1.975135e+03    2.252699e+01    2.252699e+01    -3.032395e-02    8.279566e-03  
  5   2  36   1.841243e+03    1.841243e+03    1.682697e+01    1.682697e+01    7.070953e-02    8.405648e-03  
  5   2  37   2.006082e+03    2.006082e+03    2.191101e+01    2.191101e+01    -6.932084e-03    8.812343e-03  
  5   2  38   2.013003e+03    2.013003e+03    2.325070e+01    2.325070e+01    2.730063e-02    6.924908e-03  
  5   2  39   1.945444e+03    1.945444e+03    2.308631e+01    2.308631e+01    8.490003e-02    1.283914e-02  
  5   2  40   1.955760e+03    1.955760e+03    2.141977e+01    2.141977e+01    2.338500e-02    9.815772e-03  
  5   2  41   1.969498e+03    1.969498e+03    1.965047e+01    1.965047e+01    -4.123609e-02    9.805940e-03  
  5   2  42   1.882567e+03    1.882567e+03    1.675187e+01    1.675187e+01    -2.637958e-02    1.104107e-02  
  5   2  43   1.942591e+03    1.942591e+03    1.839235e+01    1.839235e+01    -3.371023e-02    1.149638e-02  
  5   2  44   2.021899e+03    2.021899e+03    2.140023e+01    2.140023e+01    -2.591687e-03    9.234715e-03  
  5   2  45   1.944930e+03    1.944930e+03    2.077004e+01    2.077004e+01    -7.166253e-02    1.114364e-02  
  5   2  46   1.953043e+03    1.953043e+03    2.019311e+01    2.019311e+01    2.836879e-03    1.247026e-02  
  5   2  47   2.033344e+03    2.033344e+03    2.379785e+01    2.379785e+01    -1.554258e-02    1.217850e-02  
  5   2  48   2.073608e+03    2.073608e+03    1.825747e+01    1.825747e+01    -7.296248e-03    1.048773e-02  
  5   2  49   1.971113e+03    1.971113e+03    2.064517e+01    2.064517e+01    2.597671e-02    1.358763e-02  
  5   2  50   2.063722e+03    2.063722e+03    2.402953e+01    2.402953e+01    5.621622e-02    1.048446e-02  
  5   2  51   2.009344e+03    2.009344e+03    1.878489e+01    1.878489e+01    -3.674616e-02    1.018146e-02  
  5   2  52   2.054638e+03    2.054638e+03    2.043733e+01    2.043733e+01    3.675676e-03    1.052863e-02  
  5   2  53   2.069259e+03    2.069259e+03    2.180953e+01    2.180953e+01    2.558747e-03    1.197315e-02  
  5   2  54   2.015776e+03    2.015776e+03    2.907661e+01    2.907661e+01    -3.006026e-03    1.374368e-02  
  5   2  55   2.019698e+03    2.019698e+03    2.522246e+01    2.522246e+01    -9.269373e-03    1.339960e-02  
  5   2  56   2.050045e+03    2.050045e+03    2.794938e+01    2.794938e+01    -2.832787e-02    1.717851e-02  
  5   2  57   1.986484e+03    1.986484e+03    2.479421e+01    2.479421e+01    -7.405063e-03    1.978901e-02  
  5   2  58   2.014406e+03    2.014406e+03    2.335309e+01    2.335309e+01    -5.245094e-02    1.660160e-02  
  5   2  59   1.980950e+03    1.980950e+03    2.501565e+01    2.501565e+01    -7.616462e-02    2.096244e-02  
  5   2  60   1.964605e+03    1.964605e+03    2.542051e+01    2.542051e+01    -1.653087e-02    1.567964e-02  
  5   2  61   1.917885e+03    1.917885e+03    2.407821e+01    2.407821e+01    -6.005072e-02    1.867766e-02  
  5   2  62   2.156087e+03    2.156087e+03    3.143233e+01    3.143233e+01    -4.741433e-02    1.537405e-02  
  5   3   1   7.799508e+02    7.799508e+02    8.751557e+00    8.751557e+00    -4.592973e-02    1.582315e-02  
  5   3   2   8.239220e+02    8.239220e+02    1.084962e+01    1.084962e+01    -3.195926e-01    1.455767e-02  
  5   3   3   5.665869e+02    5.665869e+02    1.489231e+01    1.489231e+01    -2.036290e-01    1.525088e-02  
  5   3   4   6.797049e+02    6.797049e+02    9.308852e+00    9.308852e+00    1.415494e-01    1.760320e-02  
  5   3   5   7.253359e+02    7.253359e+02    8.460875e+00    8.460875e+00    3.339377e-01    1.801722e-02  
  6   1   1   8.138261e+02    8.138261e+02    9.303425e+00    9.303425e+00    -1.776286e-01    4.541298e-03  
  6   1   2   7.012147e+02    7.012147e+02    7.054073e+00    7.054073e+00    -1.653825e-01    4.353707e-03  
  6   1   3   6.606810e+02    6.606810e+02    8.745555e+00    8.745555e+00    4.549928e-02    4.626968e-03  
  6   1   4   6.242809e+02    6.242809e+02    5.258375e+00    5.258375e+00    1.355599e-02    6.878308e-03  
  6   1   5   7.137390e+02    7.137390e+02    5.586289e+00    5.586289e+00    1.826501e-02    7.939112e-03  
  6   1   6   6.082478e+02    6.082478e+02    4.678172e+00    4.678172e+00    -9.031630e-03    1.130862e-02  
  6   1   7   7.137653e+02    7.137653e+02    4.967883e+00    4.967883e+00    -7.743590e-02    9.814248e-03  
  6   1   8   7.089080e+02    7.089080e+02    3.696261e+00    3.696261e+00    -1.213863e-01    7.816612e-03  
  6   1   9   6.986141e+02    6.986141e+02    4.299681e+00    4.299681e+00    -2.168920e-01    1.113498e-02  
  6   1  10   6.726603e+02    6.726603e+02    5.078237e+00    5.078237e+00    -6.859532e-02    1.165971e-02  
  6   1  11   6.824232e+02    6.824232e+02    5.330085e+00    5.330085e+00    -7.254996e-02    1.189407e-02  
  6   1  12   6.371099e+02    6.371099e+02    6.320718e+00    6.320718e+00    -1.153170e-01    1.198084e-02  
  6   1  13   6.695061e+02    6.695061e+02    5.709912e+00    5.709912e+00    -1.550235e-01    1.290264e-02  
  6   1  14   7.896985e+02    7.896985e+02    7.731342e+00    7.731342e+00    9.810796e-02    1.266876e-02  
  6   1  15   7.382187e+02    7.382187e+02    7.108275e+00    7.108275e+00    6.194810e-02    1.320084e-02  
  6   1  16   6.529460e+02    6.529460e+02    5.593571e+00    5.593571e+00    8.175876e-02    1.371573e-02  
  6   1  17   6.703955e+02    6.703955e+02    6.092380e+00    6.092380e+00    -7.644292e-02    1.497882e-02  
  6   1  18   6.952393e+02    6.952393e+02    6.305188e+00    6.305188e+00    -5.679983e-02    1.282024e-02  
  6   1  19   6.733161e+02    6.733161e+02    7.121782e+00    7.121782e+00    -1.881620e-01    1.458665e-02  
  6   1  20   6.892991e+02    6.892991e+02    6.514360e+00    6.514360e+00    -9.730408e-02    1.559037e-02  
  6   1  21   1.000000e+01    1.000000e+01    1.414214e+00    1.414214e+00    0.000000e+00    0.000000e+00  
  6   1  22   7.277777e+02    7.277777e+02    6.660719e+00    6.660719e+00    1.104564e-01    2.215517e-02  
  6   1  23   5.066749e+02    5.066749e+02    6.149510e+00    6.149510e+00    -6.188088e-02    2.452752e-02  
  6   2   1   2.121920e+03    2.121920e+03    5.532689e+01    5.532689e+01    2.116402e-03    6.812842e-03  
  6   2   2   1.892592e+03    1.892592e+03    7.513264e+01    7.513264e+01    -3.459459e-02    7.901214e-03  
  6   2   3   2.048318e+03    2.048318e+03    4.472949e+01    4.472949e+01    -8.341232e-03    5.785662e-03  
  6   2   4   1.983525e+03    1.983525e+03    3.445920e+01    3.445920e+01    -1.167145e-02    3.746189e-03  
  6   2   5   1.906942e+03    1.906942e+03    3.103821e+01    3.103821e+01    -1.255185e-02    4.655358e-03  
  6   2   6   1.990724e+03    1.990724e+03    4.137097e+01    4.137097e+01    -3.037743e-02    4.304559e-03  
  6   2   7   1.800757e+03    1.800757e+03    2.944156e+01    2.944156e+01    -1.245944e-02    3.651439e-03  
  6   2   8   1.940415e+03    1.940415e+03    3.879741e+01    3.879741e+01    -7.244701e-03    5.101112e-03  
  6   2   9   1.872109e+03    1.872109e+03    2.097930e+01    2.097930e+01    -2.144648e-02    4.712478e-03  
  6   2  10   1.870801e+03    1.870801e+03    2.871732e+01    2.871732e+01    -1.373187e-03    4.209677e-03  
  6   2  11   1.898059e+03    1.898059e+03    2.140702e+01    2.140702e+01    -2.285034e-03    4.996215e-03  
  6   2  12   1.857598e+03    1.857598e+03    1.948052e+01    1.948052e+01    -7.637664e-02    4.289958e-03  
  6   2  13   1.799674e+03    1.799674e+03    7.727874e+01    7.727874e+01    -8.369660e-04    5.391434e-03  
  6   2  14   1.808842e+03    1.808842e+03    4.486569e+01    4.486569e+01    -3.622642e-02    6.661261e-03  
  6   2  15   1.599007e+03    1.599007e+03    1.752411e+01    1.752411e+01    -1.280788e-03    6.454251e-03  
  6   2  16   1.801895e+03    1.801895e+03    1.681444e+01    1.681444e+01    -1.423748e-02    6.971889e-03  
  6   2  17   1.840100e+03    1.840100e+03    1.913888e+01    1.913888e+01    -1.186372e-01    7.631047e-03  
  6   2  18   1.858755e+03    1.858755e+03    1.703955e+01    1.703955e+01    -1.057118e-01    9.140597e-03  
  6   2  19   1.863007e+03    1.863007e+03    1.707671e+01    1.707671e+01    -9.365536e-02    7.898718e-03  
  6   2  20   1.813242e+03    1.813242e+03    1.639821e+01    1.639821e+01    -8.183206e-02    8.271282e-03  
  6   2  21   1.776965e+03    1.776965e+03    1.620158e+01    1.620158e+01    -6.813980e-02    1.010364e-02  
  6   2  22   1.801245e+03    1.801245e+03    1.610964e+01    1.610964e+01    -7.479821e-02    8.099249e-03  
  6   2  23   1.832257e+03    1.832257e+03    1.612834e+01    1.612834e+01    -4.028580e-02    8.919903e-03  
  6   2  24   1.422935e+03    1.422935e+03    1.386921e+01    1.386921e+01    2.391163e-03    1.099207e-02  
  6   2  25   1.859574e+03    1.859574e+03    1.750709e+01    1.750709e+01    -9.691355e-02    9.483220e-03  
  6   2  26   1.874577e+03    1.874577e+03    1.613415e+01    1.613415e+01    -6.708687e-02    9.591908e-03  
  6   2  27   1.816727e+03    1.816727e+03    1.537930e+01    1.537930e+01    -3.019039e-02    8.397612e-03  
  6   2  28   1.826910e+03    1.826910e+03    2.286298e+01    2.286298e+01    -7.856197e-02    1.339961e-02  
  6   2  29   1.864745e+03    1.864745e+03    1.813925e+01    1.813925e+01    -2.442553e-02    1.350144e-02  
  6   2  30   1.928596e+03    1.928596e+03    1.943978e+01    1.943978e+01    -1.856377e-02    9.699542e-03  
  6   2  31   1.867594e+03    1.867594e+03    1.774610e+01    1.774610e+01    -5.908016e-02    1.516194e-02  
  6   2  32   1.969900e+03    1.969900e+03    2.078371e+01    2.078371e+01    -2.436548e-04    6.122857e-03  
  6   2  33   1.925060e+03    1.925060e+03    1.804508e+01    1.804508e+01    -3.473149e-02    9.670180e-03  
  6   2  34   1.974522e+03    1.974522e+03    2.213247e+01    2.213247e+01    -3.614350e-02    7.435279e-03  
  6   2  35   2.041072e+03    2.041072e+03    2.275717e+01    2.275717e+01    -2.631052e-02    9.099519e-03  
  6   2  36   1.989907e+03    1.989907e+03    2.162210e+01    2.162210e+01    -8.831858e-02    8.620563e-03  
  6   2  37   2.006842e+03    2.006842e+03    2.089306e+01    2.089306e+01    -3.150511e-02    1.016410e-02  
  6   2  38   2.083494e+03    2.083494e+03    2.695009e+01    2.695009e+01    7.709751e-03    7.762639e-03  
  6   2  39   1.947364e+03    1.947364e+03    2.458441e+01    2.458441e+01    3.505672e-02    7.464873e-03  
  6   2  40   2.137757e+03    2.137757e+03    2.997514e+01    2.997514e+01    2.823795e-02    8.921254e-03  
  6   2  41   1.998686e+03    1.998686e+03    2.243255e+01    2.243255e+01    -9.337328e-02    1.190476e-02  
  6   2  42   1.955900e+03    1.955900e+03    2.147858e+01    2.147858e+01    -1.096026e-01    1.141812e-02  
  6   2  43   1.982105e+03    1.982105e+03    2.208026e+01    2.208026e+01    -5.660512e-02    1.314135e-02  
  6   2  44   1.988510e+03    1.988510e+03    2.232322e+01    2.232322e+01    -5.707158e-02    1.236216e-02  
  6   2  45   1.977400e+03    1.977400e+03    2.239547e+01    2.239547e+01    -8.260870e-02    1.479474e-02  
  6   2  46   1.934060e+03    1.934060e+03    2.097506e+01    2.097506e+01    -1.364310e-01    1.338061e-02  
  6   2  47   1.932127e+03    1.932127e+03    1.828943e+01    1.828943e+01    -8.328076e-02    1.460303e-02  
  6   2  48   2.050332e+03    2.050332e+03    1.941579e+01    1.941579e+01    -7.193138e-02    8.886698e-03  
  6   2  49   2.039779e+03    2.039779e+03    1.908934e+01    1.908934e+01    -1.616778e-01    1.093995e-02  
  6   2  50   2.091084e+03    2.091084e+03    2.389341e+01    2.389341e+01    -1.459004e-01    1.102815e-02  
  6   2  51   2.055809e+03    2.055809e+03    2.135976e+01    2.135976e+01    -7.438095e-02    9.685117e-03  
  6   2  52   2.066638e+03    2.066638e+03    2.072362e+01    2.072362e+01    -1.177340e-02    1.069492e-02  
  6   2  53   2.080913e+03    2.080913e+03    2.129121e+01    2.129121e+01    -9.090685e-02    1.003509e-02  
  6   2  54   2.037101e+03    2.037101e+03    2.019134e+01    2.019134e+01    -5.984043e-02    1.395930e-02  
  6   2  55   2.215985e+03    2.215985e+03    2.488137e+01    2.488137e+01    -2.168244e-01    1.195230e-02  
  6   2  56   1.969111e+03    1.969111e+03    2.330426e+01    2.330426e+01    -1.912180e-02    1.563779e-02  
  6   2  57   1.927260e+03    1.927260e+03    2.422636e+01    2.422636e+01    4.781161e-02    1.930586e-02  
  6   2  58   1.917980e+03    1.917980e+03    2.613166e+01    2.613166e+01    1.086131e-01    1.701811e-02  
  6   2  59   1.790068e+03    1.790068e+03    2.296991e+01    2.296991e+01    7.876462e-02    1.681208e-02  
  6   2  60   1.950866e+03    1.950866e+03    2.573816e+01    2.573816e+01    7.784173e-02    1.653675e-02  
  6   2  61   1.833981e+03    1.833981e+03    2.248722e+01    2.248722e+01    9.499779e-02    1.633280e-02  
  6   2  62   2.127783e+03    2.127783e+03    2.628262e+01    2.628262e+01    4.228935e-02    1.337504e-02  
  6   3   1   6.495029e+02    6.495029e+02    8.156741e+02    8.156741e+02    3.328000e+00    5.656854e-02  
  6   3   2   6.736181e+02    6.736181e+02    9.006241e+00    9.006241e+00    4.927644e-02    1.585909e-02  
  6   3   3   7.500000e+02    7.500000e+02    4.102115e+01    4.102115e+01    1.843388e-01    1.566131e-02  
  6   3   4   6.387794e+02    6.387794e+02    1.411793e+01    1.411793e+01    2.122379e-01    1.933659e-02  
  6   3   5   7.308075e+02    7.308075e+02    9.251635e+00    9.251635e+00    3.029558e-02    1.605271e-02  
