  1   1   1   1.600000e+01    1.600000e+01    3.620387e+02    3.620387e+02  
  1   1   2   1.600000e+01    1.600000e+01    3.620387e+02    3.620387e+02  
  1   1   3   1.600000e+01    1.600000e+01    3.620387e+02    3.620387e+02  
  1   1   4   1.600000e+01    1.600000e+01    3.620387e+02    3.620387e+02  
  1   1   5   2.061487e+01    2.061487e+01    9.536023e+01    9.536023e+01  
  1   1   6   1.908811e+01    1.908811e+01    4.703575e+01    4.703575e+01  
  1   1   7   1.638586e+01    1.638586e+01    1.338172e+01    1.338172e+01  
  1   1   8   1.483697e+01    1.483697e+01    6.161722e+00    6.161722e+00  
  1   1   9   1.623786e+01    1.623786e+01    4.396440e+00    4.396440e+00  
  1   1  10   1.610762e+01    1.610762e+01    3.409194e+00    3.409194e+00  
  1   1  11   1.601330e+01    1.601330e+01    2.687003e+00    2.687003e+00  
  1   1  12   1.599777e+01    1.599777e+01    2.354576e+00    2.354576e+00  
  1   1  13   1.576969e+01    1.576969e+01    2.032247e+00    2.032247e+00  
  1   1  14   1.611939e+01    1.611939e+01    1.882904e+00    1.882904e+00  
  1   1  15   1.594399e+01    1.594399e+01    1.687371e+00    1.687371e+00  
  1   1  16   1.621343e+01    1.621343e+01    1.562310e+00    1.562310e+00  
  1   1  17   1.616163e+01    1.616163e+01    1.437385e+00    1.437385e+00  
  1   1  18   1.600327e+01    1.600327e+01    1.292967e+00    1.292967e+00  
  1   1  19   1.599110e+01    1.599110e+01    1.175146e+00    1.175146e+00  
  1   1  20   1.603287e+01    1.603287e+01    1.100648e+00    1.100648e+00  
  1   1  21   1.615821e+01    1.615821e+01    1.043252e+00    1.043252e+00  
  1   1  22   1.606535e+01    1.606535e+01    9.464798e-01    9.464798e-01  
  1   1  23   1.620489e+01    1.620489e+01    9.007969e-01    9.007969e-01  
  1   2   1   1.792833e+01    1.792833e+01    1.440679e+02    1.440679e+02  
  1   2   2   1.060006e+01    1.060006e+01    2.466627e+01    2.466627e+01  
  1   2   3   1.454319e+01    1.454319e+01    3.769166e+01    3.769166e+01  
  1   2   4   2.056083e+01    2.056083e+01    8.113182e+01    8.113182e+01  
  1   2   5   1.439118e+01    1.439118e+01    5.521436e+01    5.521436e+01  
  1   2   6   2.655251e+01    2.655251e+01    2.965697e+02    2.965697e+02  
  1   2   7   4.275248e+00    4.275248e+00    2.988556e+01    2.988556e+01  
  1   2   8   4.154095e+00    4.154095e+00    2.902640e+01    2.902640e+01  
  1   2   9   3.659395e+00    3.659395e+00    2.681320e+01    2.681320e+01  
  1   2  10   1.934202e+01    1.934202e+01    4.391776e+01    4.391776e+01  
  1   2  11   1.068816e+01    1.068816e+01    4.821886e+01    4.821886e+01  
  1   2  12   1.877521e+01    1.877521e+01    3.141715e+01    3.141715e+01  
  1   2  13   1.550766e+01    1.550766e+01    3.559213e+01    3.559213e+01  
  1   2  14   1.662622e+01    1.662622e+01    2.896539e+01    2.896539e+01  
  1   2  15   1.615071e+01    1.615071e+01    1.943703e+01    1.943703e+01  
  1   2  16   1.625249e+01    1.625249e+01    1.118174e+01    1.118174e+01  
  1   2  17   1.529738e+01    1.529738e+01    9.428289e+00    9.428289e+00  
  1   2  18   1.550028e+01    1.550028e+01    7.011651e+00    7.011651e+00  
  1   2  19   1.641629e+01    1.641629e+01    6.404957e+00    6.404957e+00  
  1   2  20   1.667750e+01    1.667750e+01    6.143714e+00    6.143714e+00  
  1   2  21   1.655396e+01    1.655396e+01    5.318414e+00    5.318414e+00  
  1   2  22   1.561031e+01    1.561031e+01    4.230852e+00    4.230852e+00  
  1   2  23   1.635585e+01    1.635585e+01    3.986869e+00    3.986869e+00  
  1   2  24   1.610725e+01    1.610725e+01    3.591552e+00    3.591552e+00  
  1   2  25   1.603932e+01    1.603932e+01    3.241612e+00    3.241612e+00  
  1   2  26   1.603753e+01    1.603753e+01    2.959187e+00    2.959187e+00  
  1   2  27   1.620131e+01    1.620131e+01    2.898991e+00    2.898991e+00  
  1   2  28   1.605972e+01    1.605972e+01    2.621457e+00    2.621457e+00  
  1   2  29   1.613174e+01    1.613174e+01    2.528573e+00    2.528573e+00  
  1   2  30   1.599237e+01    1.599237e+01    2.392360e+00    2.392360e+00  
  1   2  31   1.597118e+01    1.597118e+01    2.296328e+00    2.296328e+00  
  1   2  32   1.591235e+01    1.591235e+01    2.122757e+00    2.122757e+00  
  1   2  33   1.600928e+01    1.600928e+01    2.037734e+00    2.037734e+00  
  1   2  34   1.598668e+01    1.598668e+01    1.932044e+00    1.932044e+00  
  1   2  35   1.594043e+01    1.594043e+01    1.818848e+00    1.818848e+00  
  1   2  36   1.592086e+01    1.592086e+01    1.756596e+00    1.756596e+00  
  1   2  37   1.583966e+01    1.583966e+01    1.682695e+00    1.682695e+00  
  1   2  38   1.602523e+01    1.602523e+01    1.624727e+00    1.624727e+00  
  1   2  39   1.594607e+01    1.594607e+01    1.561079e+00    1.561079e+00  
  1   2  40   1.600214e+01    1.600214e+01    1.531436e+00    1.531436e+00  
  1   2  41   1.607390e+01    1.607390e+01    1.469688e+00    1.469688e+00  
  1   2  42   1.590851e+01    1.590851e+01    1.399911e+00    1.399911e+00  
  1   2  43   1.589904e+01    1.589904e+01    1.344679e+00    1.344679e+00  
  1   2  44   1.591286e+01    1.591286e+01    1.291641e+00    1.291641e+00  
  1   2  45   1.586066e+01    1.586066e+01    1.250791e+00    1.250791e+00  
  1   2  46   1.601328e+01    1.601328e+01    1.210632e+00    1.210632e+00  
  1   2  47   1.601539e+01    1.601539e+01    1.190686e+00    1.190686e+00  
  1   2  48   1.601743e+01    1.601743e+01    1.162616e+00    1.162616e+00  
  1   2  49   1.599914e+01    1.599914e+01    1.103126e+00    1.103126e+00  
  1   2  50   1.596371e+01    1.596371e+01    1.072755e+00    1.072755e+00  
  1   2  51   1.608115e+01    1.608115e+01    1.066036e+00    1.066036e+00  
  1   2  52   1.597812e+01    1.597812e+01    1.003202e+00    1.003202e+00  
  1   2  53   1.598723e+01    1.598723e+01    9.813878e-01    9.813878e-01  
  1   2  54   1.596048e+01    1.596048e+01    9.487831e-01    9.487831e-01  
  1   2  55   1.599602e+01    1.599602e+01    9.240822e-01    9.240822e-01  
  1   2  56   1.602506e+01    1.602506e+01    9.088941e-01    9.088941e-01  
  1   2  57   1.603477e+01    1.603477e+01    8.711365e-01    8.711365e-01  
  1   2  58   1.601566e+01    1.601566e+01    8.501103e-01    8.501103e-01  
  1   2  59   1.604935e+01    1.604935e+01    8.376016e-01    8.376016e-01  
  1   2  60   1.605110e+01    1.605110e+01    8.067367e-01    8.067367e-01  
  1   2  61   1.614412e+01    1.614412e+01    8.002010e-01    8.002010e-01  
  1   2  62   1.610810e+01    1.610810e+01    7.809500e-01    7.809500e-01  
  1   3   1   1.601110e+01    1.601110e+01    8.933041e-01    8.933041e-01  
  1   3   2   1.609341e+01    1.609341e+01    8.522130e-01    8.522130e-01  
  1   3   3   1.612968e+01    1.612968e+01    8.079065e-01    8.079065e-01  
  1   3   4   1.606520e+01    1.606520e+01    7.501354e-01    7.501354e-01  
  1   3   5   1.612074e+01    1.612074e+01    7.173359e-01    7.173359e-01  
  2   1   1   1.523733e+01    1.523733e+01    4.755854e+01    4.755854e+01  
  2   1   2   8.518774e-01    8.518774e-01    6.789797e+00    6.789797e+00  
  2   1   3   1.600000e+01    1.600000e+01    3.620387e+02    3.620387e+02  
  2   1   4   1.600000e+01    1.600000e+01    3.620387e+02    3.620387e+02  
  2   1   5   1.017072e+01    1.017072e+01    3.099542e+01    3.099542e+01  
  2   1   6   1.875116e+01    1.875116e+01    3.351660e+01    3.351660e+01  
  2   1   7   1.850588e+01    1.850588e+01    1.322419e+01    1.322419e+01  
  2   1   8   1.533409e+01    1.533409e+01    5.096889e+00    5.096889e+00  
  2   1   9   1.751223e+01    1.751223e+01    4.949488e+00    4.949488e+00  
  2   1  10   1.561545e+01    1.561545e+01    3.326429e+00    3.326429e+00  
  2   1  11   1.569466e+01    1.569466e+01    2.656999e+00    2.656999e+00  
  2   1  12   1.649727e+01    1.649727e+01    2.530306e+00    2.530306e+00  
  2   1  13   1.612584e+01    1.612584e+01    2.147321e+00    2.147321e+00  
  2   1  14   1.567888e+01    1.567888e+01    1.789149e+00    1.789149e+00  
  2   1  15   1.619535e+01    1.619535e+01    1.742340e+00    1.742340e+00  
  2   1  16   1.597791e+01    1.597791e+01    1.521131e+00    1.521131e+00  
  2   1  17   1.589988e+01    1.589988e+01    1.377998e+00    1.377998e+00  
  2   1  18   1.599876e+01    1.599876e+01    1.292833e+00    1.292833e+00  
  2   1  19   1.604251e+01    1.604251e+01    1.202246e+00    1.202246e+00  
  2   1  20   1.613124e+01    1.613124e+01    1.116919e+00    1.116919e+00  
  2   1  21   1.601482e+01    1.601482e+01    1.002524e+00    1.002524e+00  
  2   1  22   1.620587e+01    1.620587e+01    9.640982e-01    9.640982e-01  
  2   1  23   1.599016e+01    1.599016e+01    8.636581e-01    8.636581e-01  
  2   2   1   5.807744e+00    5.807744e+00    1.531572e+01    1.531572e+01  
  2   2   2   2.369035e+01    2.369035e+01    1.350433e+02    1.350433e+02  
  2   2   3   3.142146e+01    3.142146e+01    2.618453e+02    2.618453e+02  
  2   2   4   8.073159e+00    8.073159e+00    1.686292e+02    1.686292e+02  
  2   2   5   1.208099e+01    1.208099e+01    3.212374e+01    3.212374e+01  
  2   2   6   4.527816e+01    4.527816e+01    1.111819e+03    1.111819e+03  
  2   2   7   1.600000e+01    1.600000e+01    3.620387e+02    3.620387e+02  
  2   2   8   3.989953e+00    3.989953e+00    2.817823e+01    2.817823e+01  
  2   2   9   1.600000e+01    1.600000e+01    3.620387e+02    3.620387e+02  
  2   2  10   5.167663e+01    5.167663e+01    6.162889e+02    6.162889e+02  
  2   2  11   1.826870e+01    1.826870e+01    4.410438e+01    4.410438e+01  
  2   2  12   1.536353e+01    1.536353e+01    4.838360e+01    4.838360e+01  
  2   2  13   1.632204e+01    1.632204e+01    2.825162e+01    2.825162e+01  
  2   2  14   1.840821e+01    1.840821e+01    3.309241e+01    3.309241e+01  
  2   2  15   1.719487e+01    1.719487e+01    2.243462e+01    2.243462e+01  
  2   2  16   1.804796e+01    1.804796e+01    1.652908e+01    1.652908e+01  
  2   2  17   1.638684e+01    1.638684e+01    1.200082e+01    1.200082e+01  
  2   2  18   1.475082e+01    1.475082e+01    7.806091e+00    7.806091e+00  
  2   2  19   1.618145e+01    1.618145e+01    7.170202e+00    7.170202e+00  
  2   2  20   1.609655e+01    1.609655e+01    6.787941e+00    6.787941e+00  
  2   2  21   1.626784e+01    1.626784e+01    4.952889e+00    4.952889e+00  
  2   2  22   1.597066e+01    1.597066e+01    4.783517e+00    4.783517e+00  
  2   2  23   1.611386e+01    1.611386e+01    3.876209e+00    3.876209e+00  
  2   2  24   1.665214e+01    1.665214e+01    4.035253e+00    4.035253e+00  
  2   2  25   1.618006e+01    1.618006e+01    3.287503e+00    3.287503e+00  
  2   2  26   1.611814e+01    1.611814e+01    3.053142e+00    3.053142e+00  
  2   2  27   1.617782e+01    1.617782e+01    2.959172e+00    2.959172e+00  
  2   2  28   1.608443e+01    1.608443e+01    2.585288e+00    2.585288e+00  
  2   2  29   1.659952e+01    1.659952e+01    2.733568e+00    2.733568e+00  
  2   2  30   1.604892e+01    1.604892e+01    2.359725e+00    2.359725e+00  
  2   2  31   1.606333e+01    1.606333e+01    2.243165e+00    2.243165e+00  
  2   2  32   1.588358e+01    1.588358e+01    2.080014e+00    2.080014e+00  
  2   2  33   1.611841e+01    1.611841e+01    2.067212e+00    2.067212e+00  
  2   2  34   1.608519e+01    1.608519e+01    1.959695e+00    1.959695e+00  
  2   2  35   1.603652e+01    1.603652e+01    1.839405e+00    1.839405e+00  
  2   2  36   1.600493e+01    1.600493e+01    1.776361e+00    1.776361e+00  
  2   2  37   1.613708e+01    1.613708e+01    1.750832e+00    1.750832e+00  
  2   2  38   1.597810e+01    1.597810e+01    1.615449e+00    1.615449e+00  
  2   2  39   1.596160e+01    1.596160e+01    1.562039e+00    1.562039e+00  
  2   2  40   1.596824e+01    1.596824e+01    1.522740e+00    1.522740e+00  
  2   2  41   1.592632e+01    1.592632e+01    1.443532e+00    1.443532e+00  
  2   2  42   1.602955e+01    1.602955e+01    1.424979e+00    1.424979e+00  
  2   2  43   1.591166e+01    1.591166e+01    1.345109e+00    1.345109e+00  
  2   2  44   1.608029e+01    1.608029e+01    1.320435e+00    1.320435e+00  
  2   2  45   1.593919e+01    1.593919e+01    1.262426e+00    1.262426e+00  
  2   2  46   1.593171e+01    1.593171e+01    1.199249e+00    1.199249e+00  
  2   2  47   1.599339e+01    1.599339e+01    1.186218e+00    1.186218e+00  
  2   2  48   1.596515e+01    1.596515e+01    1.154694e+00    1.154694e+00  
  2   2  49   1.599672e+01    1.599672e+01    1.103944e+00    1.103944e+00  
  2   2  50   1.592050e+01    1.592050e+01    1.066578e+00    1.066578e+00  
  2   2  51   1.595627e+01    1.595627e+01    1.046566e+00    1.046566e+00  
  2   2  52   1.597286e+01    1.597286e+01    1.001754e+00    1.001754e+00  
  2   2  53   1.595898e+01    1.595898e+01    9.780846e-01    9.780846e-01  
  2   2  54   1.602477e+01    1.602477e+01    9.563774e-01    9.563774e-01  
  2   2  55   1.601265e+01    1.601265e+01    9.277566e-01    9.277566e-01  
  2   2  56   1.606074e+01    1.606074e+01    9.139541e-01    9.139541e-01  
  2   2  57   1.600964e+01    1.600964e+01    8.674894e-01    8.674894e-01  
  2   2  58   1.613161e+01    1.613161e+01    8.649883e-01    8.649883e-01  
  2   2  59   1.611997e+01    1.611997e+01    8.416755e-01    8.416755e-01  
  2   2  60   1.606612e+01    1.606612e+01    8.091096e-01    8.091096e-01  
  2   2  61   1.608204e+01    1.608204e+01    7.932710e-01    7.932710e-01  
  2   2  62   1.611385e+01    1.611385e+01    7.809274e-01    7.809274e-01  
  2   3   1   1.618763e+01    1.618763e+01    9.170315e-01    9.170315e-01  
  2   3   2   1.614196e+01    1.614196e+01    8.566210e-01    8.566210e-01  
  2   3   3   1.616605e+01    1.616605e+01    8.129345e-01    8.129345e-01  
  2   3   4   1.611163e+01    1.611163e+01    7.555484e-01    7.555484e-01  
  2   3   5   1.632263e+01    1.632263e+01    7.458507e-01    7.458507e-01  
  3   1   1   -1.359158e+01    -1.359158e+01    4.824532e+02    4.824532e+02  
  3   1   2   1.600000e+01    1.600000e+01    3.620387e+02    3.620387e+02  
  3   1   3   1.600000e+01    1.600000e+01    3.620387e+02    3.620387e+02  
  3   1   4   1.600000e+01    1.600000e+01    3.620387e+02    3.620387e+02  
  3   1   5   -2.293122e+01    -2.293122e+01    3.494810e+02    3.494810e+02  
  3   1   6   2.091102e+01    2.091102e+01    3.505460e+01    3.505460e+01  
  3   1   7   1.711587e+01    1.711587e+01    1.141898e+01    1.141898e+01  
  3   1   8   1.700949e+01    1.700949e+01    6.759476e+00    6.759476e+00  
  3   1   9   1.636552e+01    1.636552e+01    4.445554e+00    4.445554e+00  
  3   1  10   1.638757e+01    1.638757e+01    3.521172e+00    3.521172e+00  
  3   1  11   1.609712e+01    1.609712e+01    2.744887e+00    2.744887e+00  
  3   1  12   1.603289e+01    1.603289e+01    2.360961e+00    2.360961e+00  
  3   1  13   1.594927e+01    1.594927e+01    2.095150e+00    2.095150e+00  
  3   1  14   1.598083e+01    1.598083e+01    1.841736e+00    1.841736e+00  
  3   1  15   1.591393e+01    1.591393e+01    1.676184e+00    1.676184e+00  
  3   1  16   1.575428e+01    1.575428e+01    1.475096e+00    1.475096e+00  
  3   1  17   1.602918e+01    1.602918e+01    1.399426e+00    1.399426e+00  
  3   1  18   1.598591e+01    1.598591e+01    1.291615e+00    1.291615e+00  
  3   1  19   1.614276e+01    1.614276e+01    1.198147e+00    1.198147e+00  
  3   1  20   1.593846e+01    1.593846e+01    1.086700e+00    1.086700e+00  
  3   1  21   1.604241e+01    1.604241e+01    1.007609e+00    1.007609e+00  
  3   1  22   1.620522e+01    1.620522e+01    9.590835e-01    9.590835e-01  
  3   1  23   1.600218e+01    1.600218e+01    8.690738e-01    8.690738e-01  
  3   2   1   4.136811e+01    4.136811e+01    7.673484e+02    7.673484e+02  
  3   2   2   1.327705e+01    1.327705e+01    4.260777e+01    4.260777e+01  
  3   2   3   1.346243e+01    1.346243e+01    3.491727e+01    3.491727e+01  
  3   2   4   2.177233e+01    2.177233e+01    1.065914e+02    1.065914e+02  
  3   2   5   2.002106e+01    2.002106e+01    7.176248e+01    7.176248e+01  
  3   2   6   1.607052e+01    1.607052e+01    5.196651e+01    5.196651e+01  
  3   2   7   1.348848e+01    1.348848e+01    7.088715e+01    7.088715e+01  
  3   2   8   1.130438e+01    1.130438e+01    2.305826e+01    2.305826e+01  
  3   2   9   2.252806e+01    2.252806e+01    6.674911e+01    6.674911e+01  
  3   2  10   2.032420e+01    2.032420e+01    1.455964e+02    1.455964e+02  
  3   2  11   5.196594e+01    5.196594e+01    2.411634e+03    2.411634e+03  
  3   2  12   8.251946e+00    8.251946e+00    8.890998e+00    8.890998e+00  
  3   2  13   1.711347e+01    1.711347e+01    2.904351e+01    2.904351e+01  
  3   2  14   1.930118e+01    1.930118e+01    2.592135e+01    2.592135e+01  
  3   2  15   1.422677e+01    1.422677e+01    1.772400e+01    1.772400e+01  
  3   2  16   1.615701e+01    1.615701e+01    1.480515e+01    1.480515e+01  
  3   2  17   2.231349e+01    2.231349e+01    1.793263e+01    1.793263e+01  
  3   2  18   1.610526e+01    1.610526e+01    9.039970e+00    9.039970e+00  
  3   2  19   1.407585e+01    1.407585e+01    4.259307e+00    4.259307e+00  
  3   2  20   1.619464e+01    1.619464e+01    5.894146e+00    5.894146e+00  
  3   2  21   1.663515e+01    1.663515e+01    5.365702e+00    5.365702e+00  
  3   2  22   1.596248e+01    1.596248e+01    4.509725e+00    4.509725e+00  
  3   2  23   1.629381e+01    1.629381e+01    4.369984e+00    4.369984e+00  
  3   2  24   1.607299e+01    1.607299e+01    3.677047e+00    3.677047e+00  
  3   2  25   1.632387e+01    1.632387e+01    3.502503e+00    3.502503e+00  
  3   2  26   1.646556e+01    1.646556e+01    3.186069e+00    3.186069e+00  
  3   2  27   1.641462e+01    1.641462e+01    2.970576e+00    2.970576e+00  
  3   2  28   1.608698e+01    1.608698e+01    2.688287e+00    2.688287e+00  
  3   2  29   1.627000e+01    1.627000e+01    2.602949e+00    2.602949e+00  
  3   2  30   1.655492e+01    1.655492e+01    2.546921e+00    2.546921e+00  
  3   2  31   1.605622e+01    1.605622e+01    2.235017e+00    2.235017e+00  
  3   2  32   1.616052e+01    1.616052e+01    2.153940e+00    2.153940e+00  
  3   2  33   1.611747e+01    1.611747e+01    2.067118e+00    2.067118e+00  
  3   2  34   1.595830e+01    1.595830e+01    1.927493e+00    1.927493e+00  
  3   2  35   1.618300e+01    1.618300e+01    1.877159e+00    1.877159e+00  
  3   2  36   1.614841e+01    1.614841e+01    1.810639e+00    1.810639e+00  
  3   2  37   1.610696e+01    1.610696e+01    1.744648e+00    1.744648e+00  
  3   2  38   1.596964e+01    1.596964e+01    1.612781e+00    1.612781e+00  
  3   2  39   1.617375e+01    1.617375e+01    1.608159e+00    1.608159e+00  
  3   2  40   1.605664e+01    1.605664e+01    1.535741e+00    1.535741e+00  
  3   2  41   1.605893e+01    1.605893e+01    1.470091e+00    1.470091e+00  
  3   2  42   1.590151e+01    1.590151e+01    1.397847e+00    1.397847e+00  
  3   2  43   1.603135e+01    1.603135e+01    1.369221e+00    1.369221e+00  
  3   2  44   1.600673e+01    1.600673e+01    1.306912e+00    1.306912e+00  
  3   2  45   1.592534e+01    1.592534e+01    1.262430e+00    1.262430e+00  
  3   2  46   1.596984e+01    1.596984e+01    1.206152e+00    1.206152e+00  
  3   2  47   1.591428e+01    1.591428e+01    1.173681e+00    1.173681e+00  
  3   2  48   1.600915e+01    1.600915e+01    1.159449e+00    1.159449e+00  
  3   2  49   1.604921e+01    1.604921e+01    1.111378e+00    1.111378e+00  
  3   2  50   1.598283e+01    1.598283e+01    1.076135e+00    1.076135e+00  
  3   2  51   1.602248e+01    1.602248e+01    1.057137e+00    1.057137e+00  
  3   2  52   1.605537e+01    1.605537e+01    1.011607e+00    1.011607e+00  
  3   2  53   1.597209e+01    1.597209e+01    9.797862e-01    9.797862e-01  
  3   2  54   1.594520e+01    1.594520e+01    9.466272e-01    9.466272e-01  
  3   2  55   1.597958e+01    1.597958e+01    9.210659e-01    9.210659e-01  
  3   2  56   1.610110e+01    1.610110e+01    9.182939e-01    9.182939e-01  
  3   2  57   1.594223e+01    1.594223e+01    8.599265e-01    8.599265e-01  
  3   2  58   1.598918e+01    1.598918e+01    8.457380e-01    8.457380e-01  
  3   2  59   1.603141e+01    1.603141e+01    8.344802e-01    8.344802e-01  
  3   2  60   1.618954e+01    1.618954e+01    8.216373e-01    8.216373e-01  
  3   2  61   1.604670e+01    1.604670e+01    7.910746e-01    7.910746e-01  
  3   2  62   1.614110e+01    1.614110e+01    7.844834e-01    7.844834e-01  
  3   3   1   1.610929e+01    1.610929e+01    9.055543e-01    9.055543e-01  
  3   3   2   1.612662e+01    1.612662e+01    8.551045e-01    8.551045e-01  
  3   3   3   1.611784e+01    1.611784e+01    8.084727e-01    8.084727e-01  
  3   3   4   1.618263e+01    1.618263e+01    7.619913e-01    7.619913e-01  
  3   3   5   1.625941e+01    1.625941e+01    7.265475e-01    7.265475e-01  
  4   1   1   -6.342737e+01    -6.342737e+01    1.514800e+03    1.514800e+03  
  4   1   2   1.600000e+01    1.600000e+01    3.620387e+02    3.620387e+02  
  4   1   3   1.600000e+01    1.600000e+01    3.620387e+02    3.620387e+02  
  4   1   4   1.600000e+01    1.600000e+01    3.620387e+02    3.620387e+02  
  4   1   5   -5.654220e+00    -5.654220e+00    2.250697e+01    2.250697e+01  
  4   1   6   1.270276e+01    1.270276e+01    1.511100e+01    1.511100e+01  
  4   1   7   1.612264e+01    1.612264e+01    1.110806e+01    1.110806e+01  
  4   1   8   1.727862e+01    1.727862e+01    8.090518e+00    8.090518e+00  
  4   1   9   1.592520e+01    1.592520e+01    4.421370e+00    4.421370e+00  
  4   1  10   1.616333e+01    1.616333e+01    3.585742e+00    3.585742e+00  
  4   1  11   1.591573e+01    1.591573e+01    2.857153e+00    2.857153e+00  
  4   1  12   1.592296e+01    1.592296e+01    2.318621e+00    2.318621e+00  
  4   1  13   1.590728e+01    1.590728e+01    2.075747e+00    2.075747e+00  
  4   1  14   1.618581e+01    1.618581e+01    1.921770e+00    1.921770e+00  
  4   1  15   1.572967e+01    1.572967e+01    1.642355e+00    1.642355e+00  
  4   1  16   1.600911e+01    1.600911e+01    1.523830e+00    1.523830e+00  
  4   1  17   1.631958e+01    1.631958e+01    1.460822e+00    1.460822e+00  
  4   1  18   1.628410e+01    1.628410e+01    1.338413e+00    1.338413e+00  
  4   1  19   1.596111e+01    1.596111e+01    1.172397e+00    1.172397e+00  
  4   1  20   1.591582e+01    1.591582e+01    1.080134e+00    1.080134e+00  
  4   1  21   1.618656e+01    1.618656e+01    1.028816e+00    1.028816e+00  
  4   1  22   1.601024e+01    1.601024e+01    9.426846e-01    9.426846e-01  
  4   1  23   1.613490e+01    1.613490e+01    8.789443e-01    8.789443e-01  
  4   2   1   3.155737e+01    3.155737e+01    4.448536e+02    4.448536e+02  
  4   2   2   1.255397e+01    1.255397e+01    3.370742e+01    3.370742e+01  
  4   2   3   1.852816e+01    1.852816e+01    6.425280e+01    6.425280e+01  
  4   2   4   1.532157e+01    1.532157e+01    1.028648e+02    1.028648e+02  
  4   2   5   1.536966e+01    1.536966e+01    3.042072e+01    3.042072e+01  
  4   2   6   2.990768e+00    2.990768e+00    2.220349e+01    2.220349e+01  
  4   2   7   2.697697e+01    2.697697e+01    3.994049e+02    3.994049e+02  
  4   2   8   5.383606e+00    5.383606e+00    3.495881e+01    3.495881e+01  
  4   2   9   4.377824e+00    4.377824e+00    3.079430e+01    3.079430e+01  
  4   2  10   1.360727e+01    1.360727e+01    4.283030e+01    4.283030e+01  
  4   2  11   1.702894e+01    1.702894e+01    6.290792e+01    6.290792e+01  
  4   2  12   1.524968e+02    1.524968e+02    2.226205e+03    2.226205e+03  
  4   2  13   1.712348e+01    1.712348e+01    3.973743e+01    3.973743e+01  
  4   2  14   1.803371e+01    1.803371e+01    2.518609e+01    2.518609e+01  
  4   2  15   1.739143e+01    1.739143e+01    1.549070e+01    1.549070e+01  
  4   2  16   1.637816e+01    1.637816e+01    1.199597e+01    1.199597e+01  
  4   2  17   1.807530e+01    1.807530e+01    1.039741e+01    1.039741e+01  
  4   2  18   1.641704e+01    1.641704e+01    8.464882e+00    8.464882e+00  
  4   2  19   1.642581e+01    1.642581e+01    7.356597e+00    7.356597e+00  
  4   2  20   1.560323e+01    1.560323e+01    5.534301e+00    5.534301e+00  
  4   2  21   1.546950e+01    1.546950e+01    4.502592e+00    4.502592e+00  
  4   2  22   1.753438e+01    1.753438e+01    5.512010e+00    5.512010e+00  
  4   2  23   1.618012e+01    1.618012e+01    4.132356e+00    4.132356e+00  
  4   2  24   1.625366e+01    1.625366e+01    3.734948e+00    3.734948e+00  
  4   2  25   1.609096e+01    1.609096e+01    3.280428e+00    3.280428e+00  
  4   2  26   1.600889e+01    1.600889e+01    3.167777e+00    3.167777e+00  
  4   2  27   1.622174e+01    1.622174e+01    2.914208e+00    2.914208e+00  
  4   2  28   1.646936e+01    1.646936e+01    2.775253e+00    2.775253e+00  
  4   2  29   1.609191e+01    1.609191e+01    2.555526e+00    2.555526e+00  
  4   2  30   1.621005e+01    1.621005e+01    2.449438e+00    2.449438e+00  
  4   2  31   1.614803e+01    1.614803e+01    2.266590e+00    2.266590e+00  
  4   2  32   1.629909e+01    1.629909e+01    2.196713e+00    2.196713e+00  
  4   2  33   1.614360e+01    1.614360e+01    2.040467e+00    2.040467e+00  
  4   2  34   1.610593e+01    1.610593e+01    1.963602e+00    1.963602e+00  
  4   2  35   1.605104e+01    1.605104e+01    1.843516e+00    1.843516e+00  
  4   2  36   1.602629e+01    1.602629e+01    1.781409e+00    1.781409e+00  
  4   2  37   1.617323e+01    1.617323e+01    1.763872e+00    1.763872e+00  
  4   2  38   1.593714e+01    1.593714e+01    1.607175e+00    1.607175e+00  
  4   2  39   1.590429e+01    1.590429e+01    1.554248e+00    1.554248e+00  
  4   2  40   1.601197e+01    1.601197e+01    1.532920e+00    1.532920e+00  
  4   2  41   1.602308e+01    1.602308e+01    1.462523e+00    1.462523e+00  
  4   2  42   1.609440e+01    1.609440e+01    1.433061e+00    1.433061e+00  
  4   2  43   1.593282e+01    1.593282e+01    1.351339e+00    1.351339e+00  
  4   2  44   1.606979e+01    1.606979e+01    1.318483e+00    1.318483e+00  
  4   2  45   1.605363e+01    1.605363e+01    1.283934e+00    1.283934e+00  
  4   2  46   1.599193e+01    1.599193e+01    1.208851e+00    1.208851e+00  
  4   2  47   1.602935e+01    1.602935e+01    1.193685e+00    1.193685e+00  
  4   2  48   1.599387e+01    1.599387e+01    1.158949e+00    1.158949e+00  
  4   2  49   1.596824e+01    1.596824e+01    1.100506e+00    1.100506e+00  
  4   2  50   1.598613e+01    1.598613e+01    1.075842e+00    1.075842e+00  
  4   2  51   1.600101e+01    1.600101e+01    1.053116e+00    1.053116e+00  
  4   2  52   1.604975e+01    1.604975e+01    1.010831e+00    1.010831e+00  
  4   2  53   1.600115e+01    1.600115e+01    9.824277e-01    9.824277e-01  
  4   2  54   1.604224e+01    1.604224e+01    9.585708e-01    9.585708e-01  
  4   2  55   1.602772e+01    1.602772e+01    9.281825e-01    9.281825e-01  
  4   2  56   1.601566e+01    1.601566e+01    9.195701e-01    9.195701e-01  
  4   2  57   1.613350e+01    1.613350e+01    8.840919e-01    8.840919e-01  
  4   2  58   1.617413e+01    1.617413e+01    8.700832e-01    8.700832e-01  
  4   2  59   1.602949e+01    1.602949e+01    8.337715e-01    8.337715e-01  
  4   2  60   1.602970e+01    1.602970e+01    8.045754e-01    8.045754e-01  
  4   2  61   1.615675e+01    1.615675e+01    8.003712e-01    8.003712e-01  
  4   2  62   1.614096e+01    1.614096e+01    7.849649e-01    7.849649e-01  
  4   3   1   1.631832e+01    1.631832e+01    9.299754e-01    9.299754e-01  
  4   3   2   1.609404e+01    1.609404e+01    8.519918e-01    8.519918e-01  
  4   3   3   1.613835e+01    1.613835e+01    8.095845e-01    8.095845e-01  
  4   3   4   1.615236e+01    1.615236e+01    7.612185e-01    7.612185e-01  
  4   3   5   1.662416e+01    1.662416e+01    7.626049e-01    7.626049e-01  
  5   1   1   1.520414e+01    1.520414e+01    5.671682e+01    5.671682e+01  
  5   1   2   2.502305e+00    2.502305e+00    1.856582e+01    1.856582e+01  
  5   1   3   1.600000e+01    1.600000e+01    3.620387e+02    3.620387e+02  
  5   1   4   1.600000e+01    1.600000e+01    3.620387e+02    3.620387e+02  
  5   1   5   3.855408e+00    3.855408e+00    2.819867e+01    2.819867e+01  
  5   1   6   2.155510e+01    2.155510e+01    2.981254e+01    2.981254e+01  
  5   1   7   1.610694e+01    1.610694e+01    9.018124e+00    9.018124e+00  
  5   1   8   1.709020e+01    1.709020e+01    7.369743e+00    7.369743e+00  
  5   1   9   1.617558e+01    1.617558e+01    4.131159e+00    4.131159e+00  
  5   1  10   1.657206e+01    1.657206e+01    3.624646e+00    3.624646e+00  
  5   1  11   1.575933e+01    1.575933e+01    2.633832e+00    2.633832e+00  
  5   1  12   1.588535e+01    1.588535e+01    2.353259e+00    2.353259e+00  
  5   1  13   1.646397e+01    1.646397e+01    2.234187e+00    2.234187e+00  
  5   1  14   1.614565e+01    1.614565e+01    1.876682e+00    1.876682e+00  
  5   1  15   1.594408e+01    1.594408e+01    1.683893e+00    1.683893e+00  
  5   1  16   1.588977e+01    1.588977e+01    1.525351e+00    1.525351e+00  
  5   1  17   1.590491e+01    1.590491e+01    1.380862e+00    1.380862e+00  
  5   1  18   1.567551e+01    1.567551e+01    1.235605e+00    1.235605e+00  
  5   1  19   1.619609e+01    1.619609e+01    1.209998e+00    1.209998e+00  
  5   1  20   1.651362e+01    1.651362e+01    1.169026e+00    1.169026e+00  
  5   1  21   1.623475e+01    1.623475e+01    1.037481e+00    1.037481e+00  
  5   1  22   1.657952e+01    1.657952e+01    1.004840e+00    1.004840e+00  
  5   1  23   1.609574e+01    1.609574e+01    8.775142e-01    8.775142e-01  
  5   2   1   9.910079e+00    9.910079e+00    4.397443e+01    4.397443e+01  
  5   2   2   1.353499e+01    1.353499e+01    3.920433e+01    3.920433e+01  
  5   2   3   1.342990e+01    1.342990e+01    3.880686e+01    3.880686e+01  
  5   2   4   2.104081e+01    2.104081e+01    8.558286e+01    8.558286e+01  
  5   2   5   5.495950e+01    5.495950e+01    9.377826e+02    9.377826e+02  
  5   2   6   1.313591e+01    1.313591e+01    5.174572e+01    5.174572e+01  
  5   2   7   1.705710e+01    1.705710e+01    4.904228e+01    4.904228e+01  
  5   2   8   1.755536e+01    1.755536e+01    4.134249e+01    4.134249e+01  
  5   2   9   1.958608e+01    1.958608e+01    9.689485e+01    9.689485e+01  
  5   2  10   4.677321e+00    4.677321e+00    3.206829e+01    3.206829e+01  
  5   2  11   1.882394e+01    1.882394e+01    5.226588e+01    5.226588e+01  
  5   2  12   1.401065e+01    1.401065e+01    5.221747e+01    5.221747e+01  
  5   2  13   1.690423e+01    1.690423e+01    3.490089e+01    3.490089e+01  
  5   2  14   1.617851e+01    1.617851e+01    2.124973e+01    2.124973e+01  
  5   2  15   1.613608e+01    1.613608e+01    1.741626e+01    1.741626e+01  
  5   2  16   1.903209e+01    1.903209e+01    1.553415e+01    1.553415e+01  
  5   2  17   1.550531e+01    1.550531e+01    9.835941e+00    9.835941e+00  
  5   2  18   1.603078e+01    1.603078e+01    8.174551e+00    8.174551e+00  
  5   2  19   1.691651e+01    1.691651e+01    7.423895e+00    7.423895e+00  
  5   2  20   1.832505e+01    1.832505e+01    7.692237e+00    7.692237e+00  
  5   2  21   1.632188e+01    1.632188e+01    5.353788e+00    5.353788e+00  
  5   2  22   1.678279e+01    1.678279e+01    5.233278e+00    5.233278e+00  
  5   2  23   1.616760e+01    1.616760e+01    4.096224e+00    4.096224e+00  
  5   2  24   1.619538e+01    1.619538e+01    3.820111e+00    3.820111e+00  
  5   2  25   1.656074e+01    1.656074e+01    3.624893e+00    3.624893e+00  
  5   2  26   1.627578e+01    1.627578e+01    3.127841e+00    3.127841e+00  
  5   2  27   1.630303e+01    1.630303e+01    2.872060e+00    2.872060e+00  
  5   2  28   1.621871e+01    1.621871e+01    2.728377e+00    2.728377e+00  
  5   2  29   1.630389e+01    1.630389e+01    2.528766e+00    2.528766e+00  
  5   2  30   1.621441e+01    1.621441e+01    2.469847e+00    2.469847e+00  
  5   2  31   1.600684e+01    1.600684e+01    2.224686e+00    2.224686e+00  
  5   2  32   1.603910e+01    1.603910e+01    2.121872e+00    2.121872e+00  
  5   2  33   1.606068e+01    1.606068e+01    2.021106e+00    2.021106e+00  
  5   2  34   1.598784e+01    1.598784e+01    1.933330e+00    1.933330e+00  
  5   2  35   1.589380e+01    1.589380e+01    1.807337e+00    1.807337e+00  
  5   2  36   1.599261e+01    1.599261e+01    1.773592e+00    1.773592e+00  
  5   2  37   1.617176e+01    1.617176e+01    1.759438e+00    1.759438e+00  
  5   2  38   1.598047e+01    1.598047e+01    1.614347e+00    1.614347e+00  
  5   2  39   1.608712e+01    1.608712e+01    1.590989e+00    1.590989e+00  
  5   2  40   1.596242e+01    1.596242e+01    1.520687e+00    1.520687e+00  
  5   2  41   1.618912e+01    1.618912e+01    1.494359e+00    1.494359e+00  
  5   2  42   1.594679e+01    1.594679e+01    1.405560e+00    1.405560e+00  
  5   2  43   1.596914e+01    1.596914e+01    1.357499e+00    1.357499e+00  
  5   2  44   1.605591e+01    1.605591e+01    1.317651e+00    1.317651e+00  
  5   2  45   1.600056e+01    1.600056e+01    1.274248e+00    1.274248e+00  
  5   2  46   1.593101e+01    1.593101e+01    1.198008e+00    1.198008e+00  
  5   2  47   1.611147e+01    1.611147e+01    1.203409e+00    1.203409e+00  
  5   2  48   1.595268e+01    1.595268e+01    1.151541e+00    1.151541e+00  
  5   2  49   1.608054e+01    1.608054e+01    1.115914e+00    1.115914e+00  
  5   2  50   1.594330e+01    1.594330e+01    1.070416e+00    1.070416e+00  
  5   2  51   1.615392e+01    1.615392e+01    1.077132e+00    1.077132e+00  
  5   2  52   1.605540e+01    1.605540e+01    1.015243e+00    1.015243e+00  
  5   2  53   1.599065e+01    1.599065e+01    9.820733e-01    9.820733e-01  
  5   2  54   1.598362e+01    1.598362e+01    9.515738e-01    9.515738e-01  
  5   2  55   1.602593e+01    1.602593e+01    9.277823e-01    9.277823e-01  
  5   2  56   1.598238e+01    1.598238e+01    9.030763e-01    9.030763e-01  
  5   2  57   1.595289e+01    1.595289e+01    8.617523e-01    8.617523e-01  
  5   2  58   1.603417e+01    1.603417e+01    8.513765e-01    8.513765e-01  
  5   2  59   1.617735e+01    1.617735e+01    8.514932e-01    8.514932e-01  
  5   2  60   1.615709e+01    1.615709e+01    8.177236e-01    8.177236e-01  
  5   2  61   1.610627e+01    1.610627e+01    7.968164e-01    7.968164e-01  
  5   2  62   1.613461e+01    1.613461e+01    7.830151e-01    7.830151e-01  
  5   3   1   1.620000e+01    1.620000e+01    9.153374e-01    9.153374e-01  
  5   3   2   1.616902e+01    1.616902e+01    8.608915e-01    8.608915e-01  
  5   3   3   1.621082e+01    1.621082e+01    8.169218e-01    8.169218e-01  
  5   3   4   1.628647e+01    1.628647e+01    7.752369e-01    7.752369e-01  
  5   3   5   1.623742e+01    1.623742e+01    7.263017e-01    7.263017e-01  
  6   1   1   2.718316e+01    2.718316e+01    2.241309e+02    2.241309e+02  
  6   1   2   3.112993e+00    3.112993e+00    2.240106e+01    2.240106e+01  
  6   1   3   1.600000e+01    1.600000e+01    3.620387e+02    3.620387e+02  
  6   1   4   5.133277e+01    5.133277e+01    4.191303e+02    4.191303e+02  
  6   1   5   1.071643e+01    1.071643e+01    1.016572e+02    1.016572e+02  
  6   1   6   1.743407e+01    1.743407e+01    2.985367e+01    2.985367e+01  
  6   1   7   1.439838e+01    1.439838e+01    8.164171e+00    8.164171e+00  
  6   1   8   1.638231e+01    1.638231e+01    5.593984e+00    5.593984e+00  
  6   1   9   1.595745e+01    1.595745e+01    4.613710e+00    4.613710e+00  
  6   1  10   1.652085e+01    1.652085e+01    3.429435e+00    3.429435e+00  
  6   1  11   1.637297e+01    1.637297e+01    2.962868e+00    2.962868e+00  
  6   1  12   1.639385e+01    1.639385e+01    2.462297e+00    2.462297e+00  
  6   1  13   1.624415e+01    1.624415e+01    2.172240e+00    2.172240e+00  
  6   1  14   1.713537e+01    1.713537e+01    2.100264e+00    2.100264e+00  
  6   1  15   1.626623e+01    1.626623e+01    1.750435e+00    1.750435e+00  
  6   1  16   1.608350e+01    1.608350e+01    1.542683e+00    1.542683e+00  
  6   1  17   1.623274e+01    1.623274e+01    1.435539e+00    1.435539e+00  
  6   1  18   1.625677e+01    1.625677e+01    1.341459e+00    1.341459e+00  
  6   1  19   1.627849e+01    1.627849e+01    1.222792e+00    1.222792e+00  
  6   1  20   1.611560e+01    1.611560e+01    1.125660e+00    1.125660e+00  
  6   1  21   1.667850e+01    1.667850e+01    1.099020e+00    1.099020e+00  
  6   1  22   1.607927e+01    1.607927e+01    9.480095e-01    9.480095e-01  
  6   1  23   1.601788e+01    1.601788e+01    8.801197e-01    8.801197e-01  
  6   2   1   9.162096e+00    9.162096e+00    3.789095e+01    3.789095e+01  
  6   2   2   1.355571e+01    1.355571e+01    3.934365e+01    3.934365e+01  
  6   2   3   1.658042e+01    1.658042e+01    5.813168e+01    5.813168e+01  
  6   2   4   8.537593e+00    8.537593e+00    6.210831e+01    6.210831e+01  
  6   2   5   3.458094e+01    3.458094e+01    3.031900e+02    3.031900e+02  
  6   2   6   2.180656e+01    2.180656e+01    2.087873e+02    2.087873e+02  
  6   2   7   4.291173e+00    4.291173e+00    2.927299e+01    2.927299e+01  
  6   2   8   1.719863e+01    1.719863e+01    1.187967e+02    1.187967e+02  
  6   2   9   1.610525e+01    1.610525e+01    5.989288e+01    5.989288e+01  
  6   2  10   1.343738e+01    1.343738e+01    3.747189e+01    3.747189e+01  
  6   2  11   1.434567e+01    1.434567e+01    3.947773e+01    3.947773e+01  
  6   2  12   1.479374e+01    1.479374e+01    5.011612e+01    5.011612e+01  
  6   2  13   1.892084e+01    1.892084e+01    2.854990e+01    2.854990e+01  
  6   2  14   1.723143e+01    1.723143e+01    2.421769e+01    2.421769e+01  
  6   2  15   2.032832e+01    2.032832e+01    2.538729e+01    2.538729e+01  
  6   2  16   1.737766e+01    1.737766e+01    1.608198e+01    1.608198e+01  
  6   2  17   1.531035e+01    1.531035e+01    1.149791e+01    1.149791e+01  
  6   2  18   1.570800e+01    1.570800e+01    7.822715e+00    7.822715e+00  
  6   2  19   1.683773e+01    1.683773e+01    7.705233e+00    7.705233e+00  
  6   2  20   1.570077e+01    1.570077e+01    5.597334e+00    5.597334e+00  
  6   2  21   1.572418e+01    1.572418e+01    4.649087e+00    4.649087e+00  
  6   2  22   1.605333e+01    1.605333e+01    4.524716e+00    4.524716e+00  
  6   2  23   1.653210e+01    1.653210e+01    4.210258e+00    4.210258e+00  
  6   2  24   1.635482e+01    1.635482e+01    3.826537e+00    3.826537e+00  
  6   2  25   1.641617e+01    1.641617e+01    3.317807e+00    3.317807e+00  
  6   2  26   1.613754e+01    1.613754e+01    3.210526e+00    3.210526e+00  
  6   2  27   1.620175e+01    1.620175e+01    2.952169e+00    2.952169e+00  
  6   2  28   1.606158e+01    1.606158e+01    2.681829e+00    2.681829e+00  
  6   2  29   1.586831e+01    1.586831e+01    2.444193e+00    2.444193e+00  
  6   2  30   1.606976e+01    1.606976e+01    2.370756e+00    2.370756e+00  
  6   2  31   1.624276e+01    1.624276e+01    2.292772e+00    2.292772e+00  
  6   2  32   1.621861e+01    1.621861e+01    2.172410e+00    2.172410e+00  
  6   2  33   1.605041e+01    1.605041e+01    2.016615e+00    2.016615e+00  
  6   2  34   1.603071e+01    1.603071e+01    1.944691e+00    1.944691e+00  
  6   2  35   1.598109e+01    1.598109e+01    1.828844e+00    1.828844e+00  
  6   2  36   1.608807e+01    1.608807e+01    1.794510e+00    1.794510e+00  
  6   2  37   1.609961e+01    1.609961e+01    1.742307e+00    1.742307e+00  
  6   2  38   1.601226e+01    1.601226e+01    1.623502e+00    1.623502e+00  
  6   2  39   1.610187e+01    1.610187e+01    1.593769e+00    1.593769e+00  
  6   2  40   1.597083e+01    1.597083e+01    1.524472e+00    1.524472e+00  
  6   2  41   1.595187e+01    1.595187e+01    1.446541e+00    1.446541e+00  
  6   2  42   1.595899e+01    1.595899e+01    1.407225e+00    1.407225e+00  
  6   2  43   1.598479e+01    1.598479e+01    1.360006e+00    1.360006e+00  
  6   2  44   1.600954e+01    1.600954e+01    1.309775e+00    1.309775e+00  
  6   2  45   1.602420e+01    1.602420e+01    1.279126e+00    1.279126e+00  
  6   2  46   1.605374e+01    1.605374e+01    1.216298e+00    1.216298e+00  
  6   2  47   1.595469e+01    1.595469e+01    1.181383e+00    1.181383e+00  
  6   2  48   1.604133e+01    1.604133e+01    1.163694e+00    1.163694e+00  
  6   2  49   1.596166e+01    1.596166e+01    1.098181e+00    1.098181e+00  
  6   2  50   1.610494e+01    1.610494e+01    1.093386e+00    1.093386e+00  
  6   2  51   1.606756e+01    1.606756e+01    1.060872e+00    1.060872e+00  
  6   2  52   1.603016e+01    1.603016e+01    1.010604e+00    1.010604e+00  
  6   2  53   1.606766e+01    1.606766e+01    9.915185e-01    9.915185e-01  
  6   2  54   1.605697e+01    1.605697e+01    9.623643e-01    9.623643e-01  
  6   2  55   1.597917e+01    1.597917e+01    9.340885e-01    9.340885e-01  
  6   2  56   1.601388e+01    1.601388e+01    9.064281e-01    9.064281e-01  
  6   2  57   1.603406e+01    1.603406e+01    8.709223e-01    8.709223e-01  
  6   2  58   1.598234e+01    1.598234e+01    8.460221e-01    8.460221e-01  
  6   2  59   1.610769e+01    1.610769e+01    8.442954e-01    8.442954e-01  
  6   2  60   1.606813e+01    1.606813e+01    8.098331e-01    8.098331e-01  
  6   2  61   1.606291e+01    1.606291e+01    7.925250e-01    7.925250e-01  
  6   2  62   1.622199e+01    1.622199e+01    7.953703e-01    7.953703e-01  
  6   3   1   1.611900e+01    1.611900e+01    9.071245e-01    9.071245e-01  
  6   3   2   1.622247e+01    1.622247e+01    8.687518e-01    8.687518e-01  
  6   3   3   1.638496e+01    1.638496e+01    8.384911e-01    8.384911e-01  
  6   3   4   1.611329e+01    1.611329e+01    7.544857e-01    7.544857e-01  
  6   3   5   1.619635e+01    1.619635e+01    7.224105e-01    7.224105e-01  
