  1   1   1   8.524080e+02    8.524080e+02    6.317112e+00    6.317112e+00    -5.585066e-04    1.763634e-03  
  1   1   2   8.508032e+02    8.508032e+02    6.069322e+00    6.069322e+00    4.252150e-03    2.324356e-03  
  1   1   3   8.296487e+02    8.296487e+02    6.126431e+00    6.126431e+00    2.234135e-03    2.922342e-03  
  1   1   4   8.309122e+02    8.309122e+02    6.401702e+00    6.401702e+00    5.472837e-03    3.452138e-03  
  1   1   5   8.104060e+02    8.104060e+02    6.865814e+00    6.865814e+00    1.822114e-16    4.074174e-03  
  1   1   6   8.035810e+02    8.035810e+02    3.627715e+00    3.627715e+00    1.868846e-16    4.433488e-03  
  1   1   7   7.989044e+02    7.989044e+02    5.648505e+00    5.648505e+00    -2.081165e-04    4.809698e-03  
  1   1   8   7.865017e+02    7.865017e+02    5.079776e+00    5.079776e+00    2.023449e-03    5.330205e-03  
  1   1   9   7.697637e+02    7.697637e+02    5.212152e+00    5.212152e+00    -3.361868e-03    5.724941e-03  
  1   1  10   7.634738e+02    7.634738e+02    6.877930e+00    6.877930e+00    8.219178e-04    5.912176e-03  
  1   1  11   7.733830e+02    7.733830e+02    7.322881e+00    7.322881e+00    -2.735043e-04    6.343944e-03  
  1   1  12   7.714511e+02    7.714511e+02    5.425613e+00    5.425613e+00    -3.668956e-03    6.584746e-03  
  1   1  13   7.741584e+02    7.741584e+02    4.030603e+00    4.030603e+00    6.218757e-03    6.835894e-03  
  1   1  14   7.796561e+02    7.796561e+02    5.997149e+00    5.997149e+00    2.625641e-03    7.119607e-03  
  1   1  15   7.918920e+02    7.918920e+02    3.570602e+00    3.570602e+00    -3.117362e-03    7.470618e-03  
  1   1  16   8.053884e+02    8.053884e+02    3.486125e+00    3.486125e+00    2.089154e-02    7.860453e-03  
  1   1  17   8.058052e+02    8.058052e+02    3.358703e+00    3.358703e+00    5.540955e-03    8.299701e-03  
  1   1  18   8.293316e+02    8.293316e+02    4.414262e+00    4.414262e+00    1.091501e-02    8.642754e-03  
  1   1  19   8.462060e+02    8.462060e+02    5.111630e+00    5.111630e+00    -5.981905e-03    9.159657e-03  
  1   1  20   8.543226e+02    8.543226e+02    6.568065e+00    6.568065e+00    2.540372e-03    9.528017e-03  
  1   1  21   8.870746e+02    8.870746e+02    6.804939e+00    6.804939e+00    6.663692e-04    1.025779e-02  
  1   1  22   9.038012e+02    9.038012e+02    8.209516e+00    8.209516e+00    -6.082392e-03    1.075119e-02  
  1   1  23   8.943369e+02    8.943369e+02    1.030255e+01    1.030255e+01    -2.747915e-02    1.133380e-02  
  1   2   1   2.074604e+03    2.074604e+03    1.476520e+01    1.476520e+01    -6.626506e-04    1.978762e-03  
  1   2   2   2.045051e+03    2.045051e+03    1.710614e+01    1.710614e+01    -3.656546e-04    2.158180e-03  
  1   2   3   2.015599e+03    2.015599e+03    2.290251e+01    2.290251e+01    -1.923848e-03    2.241914e-03  
  1   2   4   2.079110e+03    2.079110e+03    1.532478e+01    1.532478e+01    -3.001028e-03    2.387789e-03  
  1   2   5   2.039617e+03    2.039617e+03    1.677815e+01    1.677815e+01    -5.925926e-03    2.640834e-03  
  1   2   6   2.035814e+03    2.035814e+03    1.745252e+01    1.745252e+01    -5.848755e-04    2.849379e-03  
  1   2   7   2.046469e+03    2.046469e+03    1.580126e+01    1.580126e+01    2.176118e-03    3.114012e-03  
  1   2   8   2.038487e+03    2.038487e+03    1.615507e+01    1.615507e+01    2.853321e-03    3.240078e-03  
  1   2   9   2.022800e+03    2.022800e+03    1.732294e+01    1.732294e+01    2.760405e-03    3.406861e-03  
  1   2  10   2.069731e+03    2.069731e+03    2.028729e+01    2.028729e+01    4.057106e-03    3.571833e-03  
  1   2  11   1.996287e+03    1.996287e+03    1.785958e+01    1.785958e+01    -4.623072e-03    3.856498e-03  
  1   2  12   1.976894e+03    1.976894e+03    1.605543e+01    1.605543e+01    4.300699e-03    3.968138e-03  
  1   2  13   1.972641e+03    1.972641e+03    1.492659e+01    1.492659e+01    -3.016927e-03    4.146765e-03  
  1   2  14   1.990102e+03    1.990102e+03    2.015317e+01    2.015317e+01    -1.870351e-03    4.299670e-03  
  1   2  15   1.991157e+03    1.991157e+03    1.543738e+01    1.543738e+01    2.616436e-03    4.398494e-03  
  1   2  16   1.969861e+03    1.969861e+03    1.677259e+01    1.677259e+01    -1.198117e-03    4.603237e-03  
  1   2  17   1.990473e+03    1.990473e+03    2.356807e+01    2.356807e+01    2.053790e-03    4.569119e-03  
  1   2  18   1.956877e+03    1.956877e+03    1.408568e+01    1.408568e+01    2.457912e-03    4.797700e-03  
  1   2  19   1.932874e+03    1.932874e+03    1.522732e+01    1.522732e+01    -4.897302e-03    4.849305e-03  
  1   2  20   1.954519e+03    1.954519e+03    1.574737e+01    1.574737e+01    -9.467456e-03    4.997868e-03  
  1   2  21   1.935766e+03    1.935766e+03    1.268415e+01    1.268415e+01    1.615835e-03    5.077066e-03  
  1   2  22   1.929505e+03    1.929505e+03    1.326911e+01    1.326911e+01    2.568734e-04    5.209607e-03  
  1   2  23   1.904767e+03    1.904767e+03    1.236601e+01    1.236601e+01    -5.714286e-03    5.298569e-03  
  1   2  24   1.943986e+03    1.943986e+03    1.303496e+01    1.303496e+01    1.105717e-02    5.349669e-03  
  1   2  25   1.912975e+03    1.912975e+03    1.079974e+01    1.079974e+01    -4.739817e-03    5.488696e-03  
  1   2  26   1.911346e+03    1.911346e+03    9.997912e+00    9.997912e+00    -1.958803e-03    5.536511e-03  
  1   2  27   1.908303e+03    1.908303e+03    1.016647e+01    1.016647e+01    -8.493097e-03    5.677131e-03  
  1   2  28   1.921514e+03    1.921514e+03    8.828727e+00    8.828727e+00    5.341520e-03    5.772945e-03  
  1   2  29   1.933593e+03    1.933593e+03    9.960763e+00    9.960763e+00    -8.828625e-03    5.767773e-03  
  1   2  30   1.919884e+03    1.919884e+03    9.242884e+00    9.242884e+00    -5.170120e-04    5.915749e-03  
  1   2  31   1.929066e+03    1.929066e+03    9.684906e+00    9.684906e+00    6.059921e-03    5.970646e-03  
  1   2  32   1.962859e+03    1.962859e+03    9.560232e+00    9.560232e+00    5.195572e-03    5.868400e-03  
  1   2  33   1.964862e+03    1.964862e+03    9.815445e+00    9.815445e+00    2.829535e-03    5.999145e-03  
  1   2  34   1.953102e+03    1.953102e+03    1.010903e+01    1.010903e+01    -4.202846e-03    6.086908e-03  
  1   2  35   1.950943e+03    1.950943e+03    1.062453e+01    1.062453e+01    -1.562914e-02    6.150746e-03  
  1   2  36   1.978784e+03    1.978784e+03    1.171632e+01    1.171632e+01    -7.198364e-03    6.240074e-03  
  1   2  37   1.965497e+03    1.965497e+03    1.126113e+01    1.126113e+01    3.575254e-03    6.309928e-03  
  1   2  38   1.988064e+03    1.988064e+03    1.027960e+01    1.027960e+01    8.430296e-03    6.454484e-03  
  1   2  39   1.978574e+03    1.978574e+03    1.108466e+01    1.108466e+01    1.411502e-02    6.498147e-03  
  1   2  40   1.993311e+03    1.993311e+03    1.201347e+01    1.201347e+01    7.815750e-03    6.536685e-03  
  1   2  41   1.991608e+03    1.991608e+03    1.284110e+01    1.284110e+01    -2.292177e-03    6.715031e-03  
  1   2  42   2.033798e+03    2.033798e+03    1.347146e+01    1.347146e+01    5.389153e-03    6.644122e-03  
  1   2  43   2.024011e+03    2.024011e+03    1.620839e+01    1.620839e+01    1.385631e-02    6.768922e-03  
  1   2  44   2.034549e+03    2.034549e+03    1.768685e+01    1.768685e+01    8.564328e-04    6.785592e-03  
  1   2  45   2.063731e+03    2.063731e+03    2.285971e+01    2.285971e+01    1.190160e-02    6.907910e-03  
  1   2  46   2.085220e+03    2.085220e+03    2.032209e+01    2.032209e+01    2.535155e-03    7.065164e-03  
  1   2  47   2.093707e+03    2.093707e+03    2.394777e+01    2.394777e+01    -3.504792e-03    7.120848e-03  
  1   2  48   2.065910e+03    2.065910e+03    3.725549e+01    3.725549e+01    4.004845e-03    7.219323e-03  
  1   2  49   2.124575e+03    2.124575e+03    2.675487e+01    2.675487e+01    -9.184390e-03    7.329685e-03  
  1   2  50   2.097012e+03    2.097012e+03    3.371411e+01    3.371411e+01    4.640135e-03    7.443536e-03  
  1   2  51   2.181204e+03    2.181204e+03    3.911803e+01    3.911803e+01    4.528940e-03    7.541603e-03  
  1   2  52   2.169905e+03    2.169905e+03    6.492831e+01    6.492831e+01    -1.370940e-02    7.628962e-03  
  1   2  53   2.193189e+03    2.193189e+03    4.936802e+01    4.936802e+01    -6.761062e-03    7.764965e-03  
  1   2  54   2.096296e+03    2.096296e+03    1.096354e+02    1.096354e+02    -1.055856e-02    7.855498e-03  
  1   2  55   2.060522e+03    2.060522e+03    3.950429e+01    3.950429e+01    -1.158939e-02    8.067884e-03  
  1   2  56   2.079826e+03    2.079826e+03    3.964380e+01    3.964380e+01    -1.752922e-02    7.962780e-03  
  1   2  57   2.124273e+03    2.124273e+03    3.556954e+01    3.556954e+01    -2.238763e-02    8.362057e-03  
  1   2  58   2.115479e+03    2.115479e+03    3.499650e+01    3.499650e+01    -9.480048e-03    8.312518e-03  
  1   2  59   2.161553e+03    2.161553e+03    9.141192e+01    9.141192e+01    1.017456e-02    8.352675e-03  
  1   2  60   2.186190e+03    2.186190e+03    5.428844e+01    5.428844e+01    -1.634096e-02    8.647535e-03  
  1   2  61   2.116063e+03    2.116063e+03    4.001661e+01    4.001661e+01    -5.683619e-03    8.606023e-03  
  1   2  62   2.173872e+03    2.173872e+03    4.580946e+01    4.580946e+01    -5.443601e-03    8.874845e-03  
  1   3   1   7.535763e+02    7.535763e+02    7.716413e+02    7.716413e+02    2.579458e-02    9.968722e-03  
  1   3   2   7.752118e+02    7.752118e+02    4.904421e+00    4.904421e+00    4.946901e-04    1.048697e-02  
  1   3   3   7.799189e+02    7.799189e+02    5.693222e+00    5.693222e+00    1.542200e-02    1.163098e-02  
  1   3   4   7.857427e+02    7.857427e+02    5.420025e+00    5.420025e+00    -5.909753e-03    1.250111e-02  
  1   3   5   8.013482e+02    8.013482e+02    4.965617e+00    4.965617e+00    5.500206e-03    1.349310e-02  
  2   1   1   8.442788e+02    8.442788e+02    6.192147e+00    6.192147e+00    -1.937716e-03    1.806301e-03  
  2   1   2   8.429622e+02    8.429622e+02    6.905690e+00    6.905690e+00    1.833095e-03    2.331075e-03  
  2   1   3   8.330776e+02    8.330776e+02    6.385514e+00    6.385514e+00    3.983740e-03    2.952764e-03  
  2   1   4   8.305108e+02    8.305108e+02    5.893023e+00    5.893023e+00    1.036625e-02    3.453335e-03  
  2   1   5   8.139092e+02    8.139092e+02    5.406371e+00    5.406371e+00    2.998829e-03    4.009989e-03  
  2   1   6   7.995002e+02    7.995002e+02    5.693022e+00    5.693022e+00    4.291355e-03    4.459919e-03  
  2   1   7   7.863369e+02    7.863369e+02    5.474648e+00    5.474648e+00    1.191304e-02    4.897108e-03  
  2   1   8   7.731248e+02    7.731248e+02    6.832632e+00    6.832632e+00    2.219054e-03    5.264864e-03  
  2   1   9   7.697859e+02    7.697859e+02    8.797198e+00    8.797198e+00    -1.368045e-03    5.594185e-03  
  2   1  10   7.638394e+02    7.638394e+02    3.595833e+00    3.595833e+00    -1.989555e-04    6.053545e-03  
  2   1  11   7.739828e+02    7.739828e+02    4.793737e+00    4.793737e+00    7.390883e-03    6.287836e-03  
  2   1  12   7.802662e+02    7.802662e+02    4.727413e+00    4.727413e+00    1.510324e-03    6.622143e-03  
  2   1  13   7.886698e+02    7.886698e+02    3.149634e+00    3.149634e+00    1.002436e-03    6.965884e-03  
  2   1  14   7.922137e+02    7.922137e+02    3.072899e+00    3.072899e+00    1.779592e-02    7.143567e-03  
  2   1  15   7.900035e+02    7.900035e+02    3.468947e+00    3.468947e+00    6.946217e-03    7.444777e-03  
  2   1  16   8.000501e+02    8.000501e+02    3.432770e+00    3.432770e+00    9.322775e-03    7.892194e-03  
  2   1  17   8.143068e+02    8.143068e+02    3.542475e+00    3.542475e+00    1.166046e-02    8.273302e-03  
  2   1  18   8.198909e+02    8.198909e+02    4.007994e+00    4.007994e+00    6.837780e-03    8.666511e-03  
  2   1  19   8.523240e+02    8.523240e+02    5.198802e+00    5.198802e+00    -2.866622e-03    9.255269e-03  
  2   1  20   8.610006e+02    8.610006e+02    5.991397e+00    5.991397e+00    -5.523486e-03    9.804082e-03  
  2   1  21   8.682312e+02    8.682312e+02    7.574142e+00    7.574142e+00    1.630332e-02    1.023043e-02  
  2   1  22   8.864793e+02    8.864793e+02    8.754980e+00    8.754980e+00    8.181536e-03    1.061524e-02  
  2   1  23   9.100031e+02    9.100031e+02    1.115818e+01    1.115818e+01    -1.432344e-02    1.131652e-02  
  2   2   1   2.078140e+03    2.078140e+03    2.063840e+01    2.063840e+01    3.578084e-04    1.928690e-03  
  2   2   2   2.062286e+03    2.062286e+03    1.794496e+01    1.794496e+01    3.954472e-03    2.151733e-03  
  2   2   3   2.065566e+03    2.065566e+03    1.692178e+01    1.692178e+01    -3.395225e-03    2.316153e-03  
  2   2   4   2.035799e+03    2.035799e+03    1.580459e+01    1.580459e+01    -3.383031e-03    2.455169e-03  
  2   2   5   2.043998e+03    2.043998e+03    1.482470e+01    1.482470e+01    -1.137441e-03    2.614131e-03  
  2   2   6   2.025678e+03    2.025678e+03    1.927876e+01    1.927876e+01    -4.090170e-03    2.899632e-03  
  2   2   7   2.069703e+03    2.069703e+03    1.653432e+01    1.653432e+01    6.445837e-04    3.035626e-03  
  2   2   8   2.018392e+03    2.018392e+03    1.549308e+01    1.549308e+01    4.942630e-04    3.262174e-03  
  2   2   9   2.017178e+03    2.017178e+03    1.680259e+01    1.680259e+01    4.550586e-03    3.419688e-03  
  2   2  10   2.003971e+03    2.003971e+03    1.442786e+01    1.442786e+01    1.429817e-03    3.671947e-03  
  2   2  11   1.980662e+03    1.980662e+03    1.602776e+01    1.602776e+01    -5.106383e-04    3.813518e-03  
  2   2  12   1.979370e+03    1.979370e+03    1.621139e+01    1.621139e+01    4.872232e-03    3.989522e-03  
  2   2  13   1.994059e+03    1.994059e+03    1.815135e+01    1.815135e+01    1.304721e-03    4.163108e-03  
  2   2  14   1.975485e+03    1.975485e+03    1.719098e+01    1.719098e+01    -3.053691e-03    4.297040e-03  
  2   2  15   1.983980e+03    1.983980e+03    1.719573e+01    1.719573e+01    -1.613042e-03    4.498220e-03  
  2   2  16   1.972110e+03    1.972110e+03    1.903266e+01    1.903266e+01    -5.753255e-03    4.537909e-03  
  2   2  17   1.951806e+03    1.951806e+03    1.836028e+01    1.836028e+01    4.819076e-03    4.673923e-03  
  2   2  18   1.972391e+03    1.972391e+03    1.784617e+01    1.784617e+01    -4.353042e-03    4.919466e-03  
  2   2  19   1.943271e+03    1.943271e+03    1.733292e+01    1.733292e+01    -9.537513e-04    4.948173e-03  
  2   2  20   1.940796e+03    1.940796e+03    1.357704e+01    1.357704e+01    -4.699301e-03    4.911926e-03  
  2   2  21   1.919779e+03    1.919779e+03    1.325909e+01    1.325909e+01    8.780488e-04    5.090532e-03  
  2   2  22   1.918408e+03    1.918408e+03    1.312463e+01    1.312463e+01    -3.192338e-04    5.298511e-03  
  2   2  23   1.921428e+03    1.921428e+03    1.367776e+01    1.367776e+01    7.647879e-04    5.348001e-03  
  2   2  24   1.909411e+03    1.909411e+03    1.155493e+01    1.155493e+01    -1.533905e-02    5.373372e-03  
  2   2  25   1.933636e+03    1.933636e+03    1.096072e+01    1.096072e+01    -1.030244e-03    5.416634e-03  
  2   2  26   1.922406e+03    1.922406e+03    9.686244e+00    9.686244e+00    8.797565e-03    5.426867e-03  
  2   2  27   1.898934e+03    1.898934e+03    1.060248e+01    1.060248e+01    8.859734e-03    5.693774e-03  
  2   2  28   1.933633e+03    1.933633e+03    9.507226e+00    9.507226e+00    3.244733e-03    5.815809e-03  
  2   2  29   1.921305e+03    1.921305e+03    9.553024e+00    9.553024e+00    7.264261e-03    5.871752e-03  
  2   2  30   1.914430e+03    1.914430e+03    8.923304e+00    8.923304e+00    2.997939e-03    5.884224e-03  
  2   2  31   1.933520e+03    1.933520e+03    9.841518e+00    9.841518e+00    4.902840e-03    5.957583e-03  
  2   2  32   1.936507e+03    1.936507e+03    9.432326e+00    9.432326e+00    3.568664e-03    6.034656e-03  
  2   2  33   1.917350e+03    1.917350e+03    1.032613e+01    1.032613e+01    5.463120e-03    6.125943e-03  
  2   2  34   1.950332e+03    1.950332e+03    8.902791e+00    8.902791e+00    -5.573467e-03    6.063874e-03  
  2   2  35   1.954466e+03    1.954466e+03    9.465124e+00    9.465124e+00    7.336757e-04    6.154967e-03  
  2   2  36   1.979781e+03    1.979781e+03    1.062878e+01    1.062878e+01    3.980245e-03    6.249932e-03  
  2   2  37   1.996258e+03    1.996258e+03    9.578720e+00    9.578720e+00    -9.724705e-04    6.228150e-03  
  2   2  38   1.970740e+03    1.970740e+03    1.244841e+01    1.244841e+01    1.285323e-16    6.416680e-03  
  2   2  39   1.991568e+03    1.991568e+03    1.097429e+01    1.097429e+01    5.890842e-03    6.467098e-03  
  2   2  40   1.985427e+03    1.985427e+03    1.262635e+01    1.262635e+01    1.482765e-02    6.614780e-03  
  2   2  41   2.008038e+03    2.008038e+03    1.272522e+01    1.272522e+01    5.396646e-03    6.600946e-03  
  2   2  42   1.996875e+03    1.996875e+03    1.395645e+01    1.395645e+01    -2.126044e-04    6.657579e-03  
  2   2  43   2.062209e+03    2.062209e+03    1.790466e+01    1.790466e+01    -9.462037e-04    6.728772e-03  
  2   2  44   2.056141e+03    2.056141e+03    2.535418e+01    2.535418e+01    6.504065e-04    6.866855e-03  
  2   2  45   2.088612e+03    2.088612e+03    2.315265e+01    2.315265e+01    -8.486984e-03    7.017491e-03  
  2   2  46   2.057433e+03    2.057433e+03    2.286869e+01    2.286869e+01    -1.488889e-02    7.014749e-03  
  2   2  47   2.121073e+03    2.121073e+03    2.637319e+01    2.637319e+01    -2.817691e-03    7.131337e-03  
  2   2  48   2.113886e+03    2.113886e+03    3.614106e+01    3.614106e+01    7.100304e-03    7.257871e-03  
  2   2  49   2.030504e+03    2.030504e+03    8.398295e+01    8.398295e+01    -9.710298e-03    7.393561e-03  
  2   2  50   2.108149e+03    2.108149e+03    2.626775e+01    2.626775e+01    -1.096595e-03    7.500028e-03  
  2   2  51   1.992161e+03    1.992161e+03    9.652330e+01    9.652330e+01    -1.009862e-02    7.697136e-03  
  2   2  52   2.102052e+03    2.102052e+03    4.495455e+01    4.495455e+01    8.029291e-03    7.587983e-03  
  2   2  53   1.988405e+03    1.988405e+03    1.225023e+02    1.225023e+02    3.586207e-03    7.730883e-03  
  2   2  54   2.070731e+03    2.070731e+03    5.645714e+01    5.645714e+01    6.868959e-03    7.893626e-03  
  2   2  55   2.108187e+03    2.108187e+03    4.863471e+01    4.863471e+01    8.852006e-03    7.890342e-03  
  2   2  56   2.189644e+03    2.189644e+03    6.806290e+01    6.806290e+01    1.691332e-03    8.093518e-03  
  2   2  57   2.170556e+03    2.170556e+03    7.494087e+01    7.494087e+01    -4.150853e-03    8.174685e-03  
  2   2  58   2.128856e+03    2.128856e+03    3.344536e+01    3.344536e+01    9.033225e-03    8.464707e-03  
  2   2  59   2.064855e+03    2.064855e+03    3.595095e+01    3.595095e+01    -4.041425e-05    8.576490e-03  
  2   2  60   2.154783e+03    2.154783e+03    3.308542e+01    3.308542e+01    -2.362525e-03    8.737925e-03  
  2   2  61   2.081227e+03    2.081227e+03    5.006647e+01    5.006647e+01    -1.057677e-02    8.679965e-03  
  2   2  62   2.098148e+03    2.098148e+03    4.207372e+01    4.207372e+01    2.744788e-03    8.789803e-03  
  2   3   1   7.809005e+02    7.809005e+02    5.093327e+00    5.093327e+00    7.587285e-03    1.009304e-02  
  2   3   2   7.841266e+02    7.841266e+02    5.424147e+00    5.424147e+00    7.376362e-03    1.067900e-02  
  2   3   3   7.781086e+02    7.781086e+02    4.570304e+00    4.570304e+00    -1.590894e-02    1.170797e-02  
  2   3   4   7.955051e+02    7.955051e+02    6.100279e+00    6.100279e+00    -1.650959e-02    1.267749e-02  
  2   3   5   7.998977e+02    7.998977e+02    5.864856e+00    5.864856e+00    -3.567590e-02    1.354985e-02  
  3   1   1   8.438124e+02    8.438124e+02    5.485979e+00    5.485979e+00    2.081831e-03    1.792274e-03  
  3   1   2   8.497015e+02    8.497015e+02    6.238102e+00    6.238102e+00    -2.861619e-03    2.349897e-03  
  3   1   3   8.252180e+02    8.252180e+02    5.303407e+00    5.303407e+00    -1.460817e-03    2.906897e-03  
  3   1   4   8.376914e+02    8.376914e+02    5.435500e+00    5.435500e+00    2.010663e-03    3.460872e-03  
  3   1   5   8.142440e+02    8.142440e+02    6.542939e+00    6.542939e+00    8.125000e-04    4.069001e-03  
  3   1   6   8.043845e+02    8.043845e+02    4.427753e+00    4.427753e+00    5.106383e-03    4.433407e-03  
  3   1   7   7.897468e+02    7.897468e+02    8.203062e+00    8.203062e+00    6.349206e-04    4.886822e-03  
  3   1   8   7.642323e+02    7.642323e+02    5.469175e+00    5.469175e+00    6.419687e-05    5.347556e-03  
  3   1   9   7.696527e+02    7.696527e+02    6.244404e+00    6.244404e+00    -3.985470e-03    5.758789e-03  
  3   1  10   7.597796e+02    7.597796e+02    4.143874e+00    4.143874e+00    -1.745878e-03    5.975129e-03  
  3   1  11   7.596573e+02    7.596573e+02    3.448686e+00    3.448686e+00    8.061127e-03    6.319183e-03  
  3   1  12   7.817942e+02    7.817942e+02    3.287728e+00    3.287728e+00    9.038817e-03    6.557296e-03  
  3   1  13   7.824315e+02    7.824315e+02    3.704855e+00    3.704855e+00    -5.473306e-03    6.770161e-03  
  3   1  14   7.774071e+02    7.774071e+02    3.352473e+00    3.352473e+00    -1.126474e-02    7.209416e-03  
  3   1  15   7.920235e+02    7.920235e+02    4.295140e+00    4.295140e+00    -3.958763e-03    7.436056e-03  
  3   1  16   8.015505e+02    8.015505e+02    3.299304e+00    3.299304e+00    -8.050432e-03    7.839481e-03  
  3   1  17   8.102313e+02    8.102313e+02    3.805655e+00    3.805655e+00    -2.322986e-02    8.275537e-03  
  3   1  18   8.290848e+02    8.290848e+02    4.189532e+00    4.189532e+00    2.658827e-03    8.752811e-03  
  3   1  19   8.501495e+02    8.501495e+02    5.122683e+00    5.122683e+00    9.334549e-03    9.058478e-03  
  3   1  20   8.650131e+02    8.650131e+02    5.777550e+00    5.777550e+00    9.264228e-04    9.647713e-03  
  3   1  21   8.796275e+02    8.796275e+02    7.600967e+00    7.600967e+00    -1.842044e-02    1.018311e-02  
  3   1  22   8.897152e+02    8.897152e+02    9.136741e+00    9.136741e+00    -1.453188e-02    1.057964e-02  
  3   1  23   8.886698e+02    8.886698e+02    1.326484e+01    1.326484e+01    -6.373048e-03    1.149907e-02  
  3   2   1   2.049226e+03    2.049226e+03    1.756629e+01    1.756629e+01    -1.152388e-03    1.969896e-03  
  3   2   2   2.029627e+03    2.029627e+03    1.912205e+01    1.912205e+01    1.471264e-03    2.122553e-03  
  3   2   3   2.054929e+03    2.054929e+03    1.420724e+01    1.420724e+01    -8.850073e-04    2.228467e-03  
  3   2   4   2.065323e+03    2.065323e+03    1.678421e+01    1.678421e+01    2.902882e-03    2.433959e-03  
  3   2   5   2.043238e+03    2.043238e+03    1.776531e+01    1.776531e+01    -1.671526e-03    2.674755e-03  
  3   2   6   2.045359e+03    2.045359e+03    1.648412e+01    1.648412e+01    8.090537e-04    2.948436e-03  
  3   2   7   2.012989e+03    2.012989e+03    1.526951e+01    1.526951e+01    2.673893e-03    3.057253e-03  
  3   2   8   2.036426e+03    2.036426e+03    1.884370e+01    1.884370e+01    1.335439e-03    3.261310e-03  
  3   2   9   2.000587e+03    2.000587e+03    1.650604e+01    1.650604e+01    7.643865e-04    3.395034e-03  
  3   2  10   1.982377e+03    1.982377e+03    2.387798e+01    2.387798e+01    -1.725626e-04    3.597752e-03  
  3   2  11   2.040969e+03    2.040969e+03    1.674423e+01    1.674423e+01    -2.382979e-04    3.789747e-03  
  3   2  12   1.988161e+03    1.988161e+03    1.387966e+01    1.387966e+01    8.537961e-03    3.999143e-03  
  3   2  13   1.988171e+03    1.988171e+03    2.169194e+01    2.169194e+01    3.396880e-03    4.175003e-03  
  3   2  14   1.981100e+03    1.981100e+03    1.652839e+01    1.652839e+01    -1.240577e-03    4.293300e-03  
  3   2  15   1.979705e+03    1.979705e+03    1.819411e+01    1.819411e+01    4.431189e-03    4.416797e-03  
  3   2  16   1.959371e+03    1.959371e+03    1.486312e+01    1.486312e+01    -6.139416e-04    4.590510e-03  
  3   2  17   1.988291e+03    1.988291e+03    1.672265e+01    1.672265e+01    -1.343712e-03    4.638649e-03  
  3   2  18   1.950567e+03    1.950567e+03    1.990255e+01    1.990255e+01    7.714048e-03    4.808400e-03  
  3   2  19   1.932406e+03    1.932406e+03    1.479502e+01    1.479502e+01    -6.650287e-03    4.948453e-03  
  3   2  20   1.923736e+03    1.923736e+03    1.482433e+01    1.482433e+01    2.874643e-03    4.978858e-03  
  3   2  21   1.942213e+03    1.942213e+03    1.493300e+01    1.493300e+01    -5.398156e-03    5.242916e-03  
  3   2  22   1.919988e+03    1.919988e+03    1.289422e+01    1.289422e+01    -2.931596e-04    5.250768e-03  
  3   2  23   1.917125e+03    1.917125e+03    1.353938e+01    1.353938e+01    4.159168e-03    5.334267e-03  
  3   2  24   1.919590e+03    1.919590e+03    1.158302e+01    1.158302e+01    6.618537e-03    5.346402e-03  
  3   2  25   1.930533e+03    1.930533e+03    1.069521e+01    1.069521e+01    6.502806e-04    5.395945e-03  
  3   2  26   1.921413e+03    1.921413e+03    9.468043e+00    9.468043e+00    -1.314231e-03    5.553370e-03  
  3   2  27   1.900366e+03    1.900366e+03    1.063292e+01    1.063292e+01    1.659100e-02    5.587176e-03  
  3   2  28   1.899116e+03    1.899116e+03    9.425140e+00    9.425140e+00    2.755981e-04    5.681764e-03  
  3   2  29   1.914688e+03    1.914688e+03    9.119789e+00    9.119789e+00    -3.124296e-03    5.756966e-03  
  3   2  30   1.917634e+03    1.917634e+03    8.760390e+00    8.760390e+00    7.167716e-03    5.846303e-03  
  3   2  31   1.926981e+03    1.926981e+03    9.637463e+00    9.637463e+00    9.101620e-03    5.942151e-03  
  3   2  32   1.929804e+03    1.929804e+03    9.135126e+00    9.135126e+00    9.116143e-03    5.979733e-03  
  3   2  33   1.947583e+03    1.947583e+03    9.501324e+00    9.501324e+00    -6.822395e-04    6.028070e-03  
  3   2  34   1.949262e+03    1.949262e+03    9.168124e+00    9.168124e+00    5.605753e-04    6.105748e-03  
  3   2  35   1.972382e+03    1.972382e+03    1.182360e+01    1.182360e+01    -1.203384e-02    6.152644e-03  
  3   2  36   1.960690e+03    1.960690e+03    1.050383e+01    1.050383e+01    5.837231e-03    6.295642e-03  
  3   2  37   1.969408e+03    1.969408e+03    1.115833e+01    1.115833e+01    -2.261795e-03    6.261405e-03  
  3   2  38   1.997519e+03    1.997519e+03    1.058413e+01    1.058413e+01    8.843036e-04    6.368612e-03  
  3   2  39   1.962730e+03    1.962730e+03    1.137409e+01    1.137409e+01    -1.107163e-03    6.458639e-03  
  3   2  40   1.989555e+03    1.989555e+03    1.292723e+01    1.292723e+01    -5.341712e-04    6.700219e-03  
  3   2  41   2.015532e+03    2.015532e+03    1.390294e+01    1.390294e+01    3.103899e-03    6.584903e-03  
  3   2  42   2.020390e+03    2.020390e+03    1.364761e+01    1.364761e+01    -8.281190e-03    6.669392e-03  
  3   2  43   2.053008e+03    2.053008e+03    1.723134e+01    1.723134e+01    1.051208e-03    6.788412e-03  
  3   2  44   2.037635e+03    2.037635e+03    1.866533e+01    1.866533e+01    -3.672840e-03    6.825265e-03  
  3   2  45   2.060196e+03    2.060196e+03    1.742939e+01    1.742939e+01    4.768856e-03    6.996373e-03  
  3   2  46   2.075910e+03    2.075910e+03    2.399226e+01    2.399226e+01    4.208010e-03    7.135777e-03  
  3   2  47   2.046832e+03    2.046832e+03    1.918715e+01    1.918715e+01    3.814822e-04    7.086286e-03  
  3   2  48   2.052257e+03    2.052257e+03    5.078722e+01    5.078722e+01    1.291465e-02    7.339757e-03  
  3   2  49   2.039449e+03    2.039449e+03    1.853253e+01    1.853253e+01    2.674467e-03    7.453853e-03  
  3   2  50   1.959976e+03    1.959976e+03    1.181600e+02    1.181600e+02    -1.070555e-02    7.610542e-03  
  3   2  51   2.042731e+03    2.042731e+03    2.257118e+01    2.257118e+01    -1.773987e-02    7.517443e-03  
  3   2  52   2.108448e+03    2.108448e+03    4.296470e+01    4.296470e+01    -7.510134e-04    7.602197e-03  
  3   2  53   2.205140e+03    2.205140e+03    3.636091e+01    3.636091e+01    -3.522556e-03    7.679465e-03  
  3   2  54   2.119750e+03    2.119750e+03    8.366643e+01    8.366643e+01    -3.146266e-03    7.863679e-03  
  3   2  55   2.230747e+03    2.230747e+03    5.038247e+01    5.038247e+01    2.349702e-03    7.956466e-03  
  3   2  56   2.080166e+03    2.080166e+03    5.858833e+01    5.858833e+01    -7.361502e-03    8.161821e-03  
  3   2  57   2.107520e+03    2.107520e+03    3.602675e+01    3.602675e+01    6.729514e-03    8.322368e-03  
  3   2  58   2.088779e+03    2.088779e+03    8.222878e+01    8.222878e+01    9.173492e-03    8.515975e-03  
  3   2  59   2.092757e+03    2.092757e+03    3.666923e+01    3.666923e+01    -1.516966e-03    8.569329e-03  
  3   2  60   2.066629e+03    2.066629e+03    9.492808e+01    9.492808e+01    6.966967e-03    8.592337e-03  
  3   2  61   2.102673e+03    2.102673e+03    5.357015e+01    5.357015e+01    2.286307e-02    8.777504e-03  
  3   2  62   2.155173e+03    2.155173e+03    4.887889e+01    4.887889e+01    -8.807339e-03    8.930367e-03  
  3   3   1   7.797241e+02    7.797241e+02    4.822909e+00    4.822909e+00    1.110879e-02    1.005239e-02  
  3   3   2   7.500000e+02    7.500000e+02    7.903812e+02    7.903812e+02    -1.269841e-02    1.047030e-02  
  3   3   3   7.781890e+02    7.781890e+02    5.176658e+00    5.176658e+00    -1.895115e-02    1.188481e-02  
  3   3   4   7.818228e+02    7.818228e+02    5.547830e+00    5.547830e+00    2.469227e-03    1.251756e-02  
  3   3   5   7.881575e+02    7.881575e+02    7.091983e+00    7.091983e+00    -1.677841e-02    1.361199e-02  
  4   1   1   8.485330e+02    8.485330e+02    5.403527e+00    5.403527e+00    2.473454e-03    1.788692e-03  
  4   1   2   8.511689e+02    8.511689e+02    6.136549e+00    6.136549e+00    3.762738e-04    2.345358e-03  
  4   1   3   8.361844e+02    8.361844e+02    6.121275e+00    6.121275e+00    -2.092029e-03    2.925750e-03  
  4   1   4   8.296392e+02    8.296392e+02    5.409324e+00    5.409324e+00    3.490312e-03    3.478716e-03  
  4   1   5   8.010236e+02    8.010236e+02    5.661797e+00    5.661797e+00    3.859922e-03    4.051931e-03  
  4   1   6   7.976178e+02    7.976178e+02    4.734051e+00    4.734051e+00    -3.157471e-03    4.433510e-03  
  4   1   7   7.868429e+02    7.868429e+02    5.679762e+00    5.679762e+00    -5.349739e-04    4.910812e-03  
  4   1   8   7.824754e+02    7.824754e+02    5.426264e+00    5.426264e+00    -7.816213e-04    5.297459e-03  
  4   1   9   7.611327e+02    7.611327e+02    4.480399e+00    4.480399e+00    -2.234179e-03    5.621108e-03  
  4   1  10   7.651109e+02    7.651109e+02    5.233991e+00    5.233991e+00    -8.407192e-03    6.033204e-03  
  4   1  11   7.588571e+02    7.588571e+02    3.242110e+00    3.242110e+00    -2.790920e-03    6.237039e-03  
  4   1  12   7.724684e+02    7.724684e+02    7.361364e+00    7.361364e+00    1.979458e-03    6.599100e-03  
  4   1  13   7.846260e+02    7.846260e+02    2.786463e+00    2.786463e+00    1.065301e-02    6.940933e-03  
  4   1  14   7.814734e+02    7.814734e+02    5.672267e+00    5.672267e+00    7.893210e-03    7.224490e-03  
  4   1  15   7.907630e+02    7.907630e+02    3.266489e+00    3.266489e+00    9.984976e-03    7.535505e-03  
  4   1  16   8.001541e+02    8.001541e+02    3.447521e+00    3.447521e+00    1.854191e-02    7.941400e-03  
  4   1  17   8.163538e+02    8.163538e+02    3.469306e+00    3.469306e+00    -1.607933e-02    8.255440e-03  
  4   1  18   8.250974e+02    8.250974e+02    4.442206e+00    4.442206e+00    -2.204961e-04    8.708276e-03  
  4   1  19   8.427089e+02    8.427089e+02    5.164440e+00    5.164440e+00    6.208333e-03    9.145962e-03  
  4   1  20   8.684448e+02    8.684448e+02    6.071038e+00    6.071038e+00    -7.935358e-03    9.544020e-03  
  4   1  21   8.736574e+02    8.736574e+02    6.899183e+00    6.899183e+00    -9.257565e-03    1.022235e-02  
  4   1  22   4.001961e+02    4.001961e+02    1.202885e+01    1.202885e+01    -2.625434e-03    1.071281e-02  
  4   1  23   8.962297e+02    8.962297e+02    1.068453e+01    1.068453e+01    -1.802236e-02    1.139619e-02  
  4   2   1   2.086914e+03    2.086914e+03    1.440414e+01    1.440414e+01    2.604514e-03    1.908275e-03  
  4   2   2   2.073016e+03    2.073016e+03    1.804418e+01    1.804418e+01    9.593604e-04    2.135834e-03  
  4   2   3   2.068771e+03    2.068771e+03    1.552147e+01    1.552147e+01    3.321471e-04    2.231132e-03  
  4   2   4   2.020251e+03    2.020251e+03    1.853198e+01    1.853198e+01    3.872665e-03    2.381866e-03  
  4   2   5   1.998360e+03    1.998360e+03    1.688512e+01    1.688512e+01    -1.762203e-03    2.720315e-03  
  4   2   6   2.036368e+03    2.036368e+03    1.556834e+01    1.556834e+01    7.815771e-04    2.883106e-03  
  4   2   7   2.031022e+03    2.031022e+03    1.528920e+01    1.528920e+01    -3.538532e-03    3.082234e-03  
  4   2   8   2.005484e+03    2.005484e+03    1.371468e+01    1.371468e+01    -3.831918e-04    3.188358e-03  
  4   2   9   2.027701e+03    2.027701e+03    1.739519e+01    1.739519e+01    -1.153090e-03    3.400133e-03  
  4   2  10   1.997566e+03    1.997566e+03    1.612345e+01    1.612345e+01    1.058698e-03    3.613743e-03  
  4   2  11   1.993778e+03    1.993778e+03    1.851333e+01    1.851333e+01    3.553233e-03    3.841049e-03  
  4   2  12   1.967473e+03    1.967473e+03    1.587956e+01    1.587956e+01    -4.145078e-04    4.008690e-03  
  4   2  13   1.973910e+03    1.973910e+03    1.795809e+01    1.795809e+01    2.247287e-03    4.145285e-03  
  4   2  14   1.976910e+03    1.976910e+03    1.904478e+01    1.904478e+01    3.688560e-03    4.345338e-03  
  4   2  15   1.983348e+03    1.983348e+03    1.698448e+01    1.698448e+01    4.005992e-03    4.437659e-03  
  4   2  16   1.965416e+03    1.965416e+03    1.554410e+01    1.554410e+01    8.772149e-03    4.539917e-03  
  4   2  17   1.950099e+03    1.950099e+03    1.398425e+01    1.398425e+01    -3.020134e-03    4.712143e-03  
  4   2  18   1.948463e+03    1.948463e+03    1.427331e+01    1.427331e+01    6.002501e-04    4.779012e-03  
  4   2  19   1.923730e+03    1.923730e+03    1.494675e+01    1.494675e+01    -7.517672e-03    4.975990e-03  
  4   2  20   1.952359e+03    1.952359e+03    1.499276e+01    1.499276e+01    -5.068164e-03    5.010482e-03  
  4   2  21   1.901234e+03    1.901234e+03    1.298970e+01    1.298970e+01    6.458716e-03    5.062481e-03  
  4   2  22   1.939205e+03    1.939205e+03    1.166497e+01    1.166497e+01    6.523955e-04    5.265030e-03  
  4   2  23   1.929285e+03    1.929285e+03    1.354209e+01    1.354209e+01    -2.195593e-03    5.195209e-03  
  4   2  24   1.901717e+03    1.901717e+03    1.037138e+01    1.037138e+01    -6.452623e-03    5.406143e-03  
  4   2  25   1.906169e+03    1.906169e+03    1.057397e+01    1.057397e+01    -5.154279e-03    5.392198e-03  
  4   2  26   1.905501e+03    1.905501e+03    1.195342e+01    1.195342e+01    4.194175e-03    5.569183e-03  
  4   2  27   1.924170e+03    1.924170e+03    1.027917e+01    1.027917e+01    9.582467e-03    5.528944e-03  
  4   2  28   1.920813e+03    1.920813e+03    9.523141e+00    9.523141e+00    5.770393e-03    5.677035e-03  
  4   2  29   1.912072e+03    1.912072e+03    8.931472e+00    8.931472e+00    3.541626e-03    6.014568e-03  
  4   2  30   1.917825e+03    1.917825e+03    9.057721e+00    9.057721e+00    -2.395210e-04    5.799424e-03  
  4   2  31   1.937172e+03    1.937172e+03    9.113747e+00    9.113747e+00    -3.180383e-03    5.826420e-03  
  4   2  32   1.933380e+03    1.933380e+03    9.319109e+00    9.319109e+00    1.014881e-02    5.931165e-03  
  4   2  33   1.943079e+03    1.943079e+03    9.457744e+00    9.457744e+00    5.859404e-03    5.950776e-03  
  4   2  34   1.962739e+03    1.962739e+03    9.790910e+00    9.790910e+00    4.062441e-03    6.126661e-03  
  4   2  35   1.945807e+03    1.945807e+03    9.667253e+00    9.667253e+00    8.808156e-03    6.132542e-03  
  4   2  36   1.962734e+03    1.962734e+03    1.112324e+01    1.112324e+01    9.141183e-03    6.205660e-03  
  4   2  37   1.980957e+03    1.980957e+03    1.121868e+01    1.121868e+01    8.325590e-04    6.357976e-03  
  4   2  38   1.985533e+03    1.985533e+03    1.022182e+01    1.022182e+01    4.398827e-03    6.367748e-03  
  4   2  39   1.991557e+03    1.991557e+03    1.326759e+01    1.326759e+01    3.973856e-03    6.524063e-03  
  4   2  40   2.005233e+03    2.005233e+03    1.319419e+01    1.319419e+01    6.289779e-04    6.556736e-03  
  4   2  41   1.983622e+03    1.983622e+03    1.255539e+01    1.255539e+01    4.423963e-03    6.698235e-03  
  4   2  42   2.008839e+03    2.008839e+03    1.474510e+01    1.474510e+01    -9.910425e-03    6.613873e-03  
  4   2  43   2.017666e+03    2.017666e+03    1.336068e+01    1.336068e+01    -1.712842e-02    6.824792e-03  
  4   2  44   2.083785e+03    2.083785e+03    1.810608e+01    1.810608e+01    1.258875e-03    6.841936e-03  
  4   2  45   2.038021e+03    2.038021e+03    1.995131e+01    1.995131e+01    -2.483026e-03    6.931155e-03  
  4   2  46   2.050678e+03    2.050678e+03    2.244076e+01    2.244076e+01    1.334930e-02    7.018041e-03  
  4   2  47   2.074138e+03    2.074138e+03    2.403919e+01    2.403919e+01    5.038622e-03    7.130476e-03  
  4   2  48   2.073542e+03    2.073542e+03    3.058490e+01    3.058490e+01    -8.072488e-03    7.253304e-03  
  4   2  49   2.100331e+03    2.100331e+03    3.265367e+01    3.265367e+01    -1.812938e-02    7.256071e-03  
  4   2  50   2.029062e+03    2.029062e+03    8.364265e+01    8.364265e+01    -6.581322e-03    7.497032e-03  
  4   2  51   2.029704e+03    2.029704e+03    1.368188e+01    1.368188e+01    6.412149e-04    7.624314e-03  
  4   2  52   2.118039e+03    2.118039e+03    4.808511e+01    4.808511e+01    -2.424242e-04    7.728377e-03  
  4   2  53   2.184219e+03    2.184219e+03    7.309176e+01    7.309176e+01    -2.398060e-03    7.813298e-03  
  4   2  54   2.224465e+03    2.224465e+03    7.078532e+01    7.078532e+01    -1.366599e-03    7.873190e-03  
  4   2  55   2.126929e+03    2.126929e+03    6.555612e+01    6.555612e+01    -4.017348e-04    7.978636e-03  
  4   2  56   2.240484e+03    2.240484e+03    6.883726e+01    6.883726e+01    2.593376e-03    8.222123e-03  
  4   2  57   2.134703e+03    2.134703e+03    5.562642e+01    5.562642e+01    7.428995e-03    8.254127e-03  
  4   2  58   2.134396e+03    2.134396e+03    4.825497e+01    4.825497e+01    1.556267e-02    8.325126e-03  
  4   2  59   2.123806e+03    2.123806e+03    3.508316e+01    3.508316e+01    2.042553e-02    8.574629e-03  
  4   2  60   2.188120e+03    2.188120e+03    4.811863e+01    4.811863e+01    1.598373e-02    8.593033e-03  
  4   2  61   2.066554e+03    2.066554e+03    4.478974e+01    4.478974e+01    1.157814e-02    8.525243e-03  
  4   2  62   2.100505e+03    2.100505e+03    4.407048e+01    4.407048e+01    -6.657775e-03    8.830903e-03  
  4   3   1   7.535763e+02    7.535763e+02    9.317960e+02    9.317960e+02    3.117288e-03    1.006401e-02  
  4   3   2   7.831115e+02    7.831115e+02    5.508849e+00    5.508849e+00    -8.014311e-03    1.052520e-02  
  4   3   3   7.892545e+02    7.892545e+02    4.760014e+00    4.760014e+00    -1.107230e-02    1.169626e-02  
  4   3   4   8.003623e+02    8.003623e+02    5.957242e+00    5.957242e+00    -2.704811e-03    1.273990e-02  
  4   3   5   8.016393e+02    8.016393e+02    4.970810e+00    4.970810e+00    -1.000428e-02    1.377829e-02  
  5   1   1   8.560493e+02    8.560493e+02    6.696651e+00    6.696651e+00    -2.069284e-03    1.778270e-03  
  5   1   2   8.504735e+02    8.504735e+02    6.013138e+00    6.013138e+00    -1.790806e-03    2.365468e-03  
  5   1   3   8.324793e+02    8.324793e+02    5.219480e+00    5.219480e+00    -5.168539e-03    2.940843e-03  
  5   1   4   8.271911e+02    8.271911e+02    6.194054e+00    6.194054e+00    4.762147e-03    3.470976e-03  
  5   1   5   8.077665e+02    8.077665e+02    4.945454e+00    4.945454e+00    3.694202e-04    4.028642e-03  
  5   1   6   8.051765e+02    8.051765e+02    5.316554e+00    5.316554e+00    3.167250e-03    4.425266e-03  
  5   1   7   7.888829e+02    7.888829e+02    7.599039e+00    7.599039e+00    8.587146e-04    4.923391e-03  
  5   1   8   7.753765e+02    7.753765e+02    6.264242e+00    6.264242e+00    -6.495726e-03    5.280660e-03  
  5   1   9   7.858993e+02    7.858993e+02    5.845755e+00    5.845755e+00    8.297982e-03    5.686993e-03  
  5   1  10   7.652184e+02    7.652184e+02    5.439563e+00    5.439563e+00    -9.156566e-03    5.974173e-03  
  5   1  11   7.637672e+02    7.637672e+02    3.901335e+00    3.901335e+00    7.675137e-03    6.270234e-03  
  5   1  12   7.772918e+02    7.772918e+02    5.705892e+00    5.705892e+00    6.236712e-03    6.580401e-03  
  5   1  13   7.861511e+02    7.861511e+02    2.684151e+00    2.684151e+00    -1.091614e-02    6.811595e-03  
  5   1  14   7.817013e+02    7.817013e+02    4.997738e+00    4.997738e+00    9.657574e-04    7.207273e-03  
  5   1  15   7.884760e+02    7.884760e+02    3.624765e+00    3.624765e+00    7.371475e-03    7.553908e-03  
  5   1  16   8.019341e+02    8.019341e+02    3.439554e+00    3.439554e+00    9.375366e-03    7.849432e-03  
  5   1  17   8.159084e+02    8.159084e+02    3.850229e+00    3.850229e+00    -6.268402e-03    8.310404e-03  
  5   1  18   8.312749e+02    8.312749e+02    4.552206e+00    4.552206e+00    5.622285e-03    8.694139e-03  
  5   1  19   8.386297e+02    8.386297e+02    5.338253e+00    5.338253e+00    -1.217157e-02    9.223134e-03  
  5   1  20   8.558928e+02    8.558928e+02    6.858462e+00    6.858462e+00    -1.801117e-02    9.589620e-03  
  5   1  21   8.904107e+02    8.904107e+02    7.680775e+00    7.680775e+00    4.087153e-04    1.025301e-02  
  5   1  22   8.892799e+02    8.892799e+02    9.334220e+00    9.334220e+00    -4.107172e-03    1.080842e-02  
  5   1  23   8.668023e+02    8.668023e+02    1.079320e+01    1.079320e+01    1.507882e-03    1.139137e-02  
  5   2   1   2.046702e+03    2.046702e+03    2.456030e+01    2.456030e+01    3.413174e-03    1.893375e-03  
  5   2   2   2.057053e+03    2.057053e+03    1.462996e+01    1.462996e+01    -1.511401e-03    2.150572e-03  
  5   2   3   2.062794e+03    2.062794e+03    1.735176e+01    1.735176e+01    4.450626e-04    2.231523e-03  
  5   2   4   2.068772e+03    2.068772e+03    1.380051e+01    1.380051e+01    2.556591e-04    2.406605e-03  
  5   2   5   2.066196e+03    2.066196e+03    1.540228e+01    1.540228e+01    5.807068e-03    2.662954e-03  
  5   2   6   2.027322e+03    2.027322e+03    1.938396e+01    1.938396e+01    6.177606e-04    2.937901e-03  
  5   2   7   2.033607e+03    2.033607e+03    1.658759e+01    1.658759e+01    -3.379514e-03    3.090520e-03  
  5   2   8   2.036858e+03    2.036858e+03    1.649622e+01    1.649622e+01    -3.596706e-03    3.242109e-03  
  5   2   9   2.028341e+03    2.028341e+03    1.550272e+01    1.550272e+01    4.275077e-03    3.387409e-03  
  5   2  10   2.044956e+03    2.044956e+03    1.516011e+01    1.516011e+01    -2.086957e-04    3.663253e-03  
  5   2  11   2.004378e+03    2.004378e+03    1.781961e+01    1.781961e+01    3.434951e-03    3.823434e-03  
  5   2  12   2.008333e+03    2.008333e+03    2.022412e+01    2.022412e+01    -3.049599e-03    4.050035e-03  
  5   2  13   1.986165e+03    1.986165e+03    1.761555e+01    1.761555e+01    -2.630137e-03    4.090899e-03  
  5   2  14   1.979597e+03    1.979597e+03    1.673810e+01    1.673810e+01    -4.738735e-04    4.313736e-03  
  5   2  15   1.976300e+03    1.976300e+03    1.615098e+01    1.615098e+01    -1.175826e-02    4.426447e-03  
  5   2  16   1.965080e+03    1.965080e+03    1.732873e+01    1.732873e+01    -3.249947e-03    4.641357e-03  
  5   2  17   1.967265e+03    1.967265e+03    1.472082e+01    1.472082e+01    -3.394958e-03    4.750194e-03  
  5   2  18   1.925088e+03    1.925088e+03    1.507963e+01    1.507963e+01    3.039488e-03    4.905155e-03  
  5   2  19   1.936250e+03    1.936250e+03    1.578471e+01    1.578471e+01    2.586062e-03    4.946700e-03  
  5   2  20   1.936535e+03    1.936535e+03    1.581196e+01    1.581196e+01    4.369957e-03    5.051461e-03  
  5   2  21   1.933721e+03    1.933721e+03    1.448913e+01    1.448913e+01    -7.617484e-03    5.142577e-03  
  5   2  22   1.909056e+03    1.909056e+03    1.110089e+01    1.110089e+01    6.984904e-03    5.210580e-03  
  5   2  23   1.918589e+03    1.918589e+03    1.139875e+01    1.139875e+01    1.546205e-03    5.302818e-03  
  5   2  24   1.910260e+03    1.910260e+03    1.215301e+01    1.215301e+01    -4.449630e-03    5.363842e-03  
  5   2  25   1.911957e+03    1.911957e+03    1.089338e+01    1.089338e+01    3.761755e-03    5.487342e-03  
  5   2  26   1.912487e+03    1.912487e+03    1.119164e+01    1.119164e+01    -3.932124e-03    5.553406e-03  
  5   2  27   1.900585e+03    1.900585e+03    9.576438e+00    9.576438e+00    7.413490e-03    5.663249e-03  
  5   2  28   1.928180e+03    1.928180e+03    1.005283e+01    1.005283e+01    5.204236e-03    5.624127e-03  
  5   2  29   1.912244e+03    1.912244e+03    9.281079e+00    9.281079e+00    -4.894609e-03    5.759654e-03  
  5   2  30   1.925693e+03    1.925693e+03    9.331500e+00    9.331500e+00    -5.251908e-03    5.885004e-03  
  5   2  31   1.940208e+03    1.940208e+03    9.121855e+00    9.121855e+00    -1.985336e-03    5.891944e-03  
  5   2  32   1.937100e+03    1.937100e+03    9.763551e+00    9.763551e+00    -3.841642e-03    5.942441e-03  
  5   2  33   1.932926e+03    1.932926e+03    8.700088e+00    8.700088e+00    -2.837613e-03    6.022120e-03  
  5   2  34   1.960755e+03    1.960755e+03    1.039527e+01    1.039527e+01    2.692026e-03    6.122260e-03  
  5   2  35   1.938503e+03    1.938503e+03    9.758650e+00    9.758650e+00    -9.678976e-03    6.187114e-03  
  5   2  36   1.962528e+03    1.962528e+03    1.055439e+01    1.055439e+01    6.420401e-03    6.243232e-03  
  5   2  37   1.983044e+03    1.983044e+03    1.112479e+01    1.112479e+01    -2.433803e-03    6.391020e-03  
  5   2  38   1.991668e+03    1.991668e+03    1.044507e+01    1.044507e+01    -5.166107e-03    6.451233e-03  
  5   2  39   2.004367e+03    2.004367e+03    1.232701e+01    1.232701e+01    -1.470701e-03    6.523254e-03  
  5   2  40   1.995400e+03    1.995400e+03    1.437135e+01    1.437135e+01    -4.922607e-03    6.616125e-03  
  5   2  41   1.980218e+03    1.980218e+03    1.295009e+01    1.295009e+01    -4.179793e-03    6.670463e-03  
  5   2  42   2.021996e+03    2.021996e+03    1.285748e+01    1.285748e+01    -1.830877e-03    6.798043e-03  
  5   2  43   2.036718e+03    2.036718e+03    1.372096e+01    1.372096e+01    1.113689e-03    6.824256e-03  
  5   2  44   2.051193e+03    2.051193e+03    1.854631e+01    1.854631e+01    9.239347e-04    6.913862e-03  
  5   2  45   2.059446e+03    2.059446e+03    1.780384e+01    1.780384e+01    1.594684e-03    6.890710e-03  
  5   2  46   2.066309e+03    2.066309e+03    1.784671e+01    1.784671e+01    4.455052e-03    7.040899e-03  
  5   2  47   2.062055e+03    2.062055e+03    1.774209e+01    1.774209e+01    -9.047524e-03    7.046971e-03  
  5   2  48   2.087386e+03    2.087386e+03    3.257806e+01    3.257806e+01    -8.787879e-03    7.423358e-03  
  5   2  49   2.041459e+03    2.041459e+03    4.551700e+01    4.551700e+01    -3.898305e-03    7.472881e-03  
  5   2  50   2.113766e+03    2.113766e+03    2.686361e+01    2.686361e+01    -7.156003e-03    7.521549e-03  
  5   2  51   2.026713e+03    2.026713e+03    5.513953e+01    5.513953e+01    1.524952e-02    7.523228e-03  
  5   2  52   2.062688e+03    2.062688e+03    2.436564e+01    2.436564e+01    -3.806167e-03    7.760144e-03  
  5   2  53   2.115866e+03    2.115866e+03    7.484961e+01    7.484961e+01    1.892857e-03    7.827572e-03  
  5   2  54   2.118189e+03    2.118189e+03    1.147478e+02    1.147478e+02    -1.445915e-02    7.868381e-03  
  5   2  55   2.266979e+03    2.266979e+03    6.826499e+01    6.826499e+01    -2.003147e-02    7.917550e-03  
  5   2  56   2.153344e+03    2.153344e+03    4.065234e+01    4.065234e+01    3.383802e-03    8.210455e-03  
  5   2  57   2.069845e+03    2.069845e+03    7.819117e+01    7.819117e+01    6.087805e-03    8.224622e-03  
  5   2  58   2.116985e+03    2.116985e+03    4.176849e+01    4.176849e+01    -7.050714e-03    8.445262e-03  
  5   2  59   2.056752e+03    2.056752e+03    4.160547e+01    4.160547e+01    4.042021e-03    8.452511e-03  
  5   2  60   2.129257e+03    2.129257e+03    3.937023e+01    3.937023e+01    5.260496e-03    8.660127e-03  
  5   2  61   2.121455e+03    2.121455e+03    3.884874e+01    3.884874e+01    2.723404e-03    8.857088e-03  
  5   2  62   2.129977e+03    2.129977e+03    4.970933e+01    4.970933e+01    -2.253580e-02    8.731322e-03  
  5   3   1   7.820178e+02    7.820178e+02    5.048278e+00    5.048278e+00    7.346189e-04    1.014660e-02  
  5   3   2   7.802734e+02    7.802734e+02    4.548527e+00    4.548527e+00    7.861021e-03    1.044073e-02  
  5   3   3   7.842359e+02    7.842359e+02    4.641493e+00    4.641493e+00    -9.985486e-03    1.150894e-02  
  5   3   4   7.951542e+02    7.951542e+02    4.951434e+00    4.951434e+00    2.947136e-03    1.270541e-02  
  5   3   5   8.085834e+02    8.085834e+02    4.791243e+00    4.791243e+00    6.862745e-04    1.373952e-02  
  6   1   1   8.418242e+02    8.418242e+02    5.739021e+00    5.739021e+00    -2.713130e-03    1.781958e-03  
  6   1   2   8.500000e+02    8.500000e+02    2.065244e+01    2.065244e+01    4.450331e-04    2.373410e-03  
  6   1   3   8.223445e+02    8.223445e+02    4.901083e+00    4.901083e+00    -2.524173e-03    2.915994e-03  
  6   1   4   8.230872e+02    8.230872e+02    5.931249e+00    5.931249e+00    -6.196089e-03    3.516724e-03  
  6   1   5   8.253189e+02    8.253189e+02    5.843934e+00    5.843934e+00    -4.911550e-03    4.049926e-03  
  6   1   6   8.021733e+02    8.021733e+02    6.636474e+00    6.636474e+00    1.068698e-02    4.452476e-03  
  6   1   7   7.964444e+02    7.964444e+02    3.772665e+00    3.772665e+00    4.236166e-04    4.872970e-03  
  6   1   8   7.741889e+02    7.741889e+02    5.562769e+00    5.562769e+00    -2.493673e-03    5.312102e-03  
  6   1   9   7.668925e+02    7.668925e+02    6.847896e+00    6.847896e+00    -2.716748e-03    5.677182e-03  
  6   1  10   7.667916e+02    7.667916e+02    7.576394e+00    7.576394e+00    -2.481089e-03    6.028637e-03  
  6   1  11   7.732701e+02    7.732701e+02    4.705582e+00    4.705582e+00    4.663060e-03    6.366250e-03  
  6   1  12   7.649348e+02    7.649348e+02    4.229778e+00    4.229778e+00    8.508627e-03    6.632393e-03  
  6   1  13   7.846824e+02    7.846824e+02    3.396851e+00    3.396851e+00    1.157724e-02    6.859130e-03  
  6   1  14   7.749890e+02    7.749890e+02    3.074075e+00    3.074075e+00    2.407211e-02    7.238788e-03  
  6   1  15   7.971235e+02    7.971235e+02    4.296130e+00    4.296130e+00    -1.887630e-03    7.538941e-03  
  6   1  16   8.067737e+02    8.067737e+02    4.312215e+00    4.312215e+00    -3.974570e-03    7.919396e-03  
  6   1  17   8.224383e+02    8.224383e+02    3.567085e+00    3.567085e+00    -1.662840e-03    8.346179e-03  
  6   1  18   8.201101e+02    8.201101e+02    4.139199e+00    4.139199e+00    -7.690387e-03    8.701195e-03  
  6   1  19   8.382437e+02    8.382437e+02    4.906588e+00    4.906588e+00    6.462951e-03    9.242214e-03  
  6   1  20   8.583944e+02    8.583944e+02    6.043921e+00    6.043921e+00    -1.026902e-03    9.608646e-03  
  6   1  21   8.827785e+02    8.827785e+02    7.696952e+00    7.696952e+00    -1.213226e-02    9.902118e-03  
  6   1  22   8.886910e+02    8.886910e+02    8.612029e+00    8.612029e+00    -1.141580e-02    1.083489e-02  
  6   1  23   8.586727e+02    8.586727e+02    1.167221e+01    1.167221e+01    9.239358e-03    1.152336e-02  
  6   2   1   2.051742e+03    2.051742e+03    1.516395e+01    1.516395e+01    1.143287e-03    1.939461e-03  
  6   2   2   2.084075e+03    2.084075e+03    1.457460e+01    1.457460e+01    4.105196e-04    2.075548e-03  
  6   2   3   2.070571e+03    2.070571e+03    1.542930e+01    1.542930e+01    -2.772394e-03    2.244701e-03  
  6   2   4   2.039885e+03    2.039885e+03    1.560899e+01    1.560899e+01    3.379092e-04    2.413148e-03  
  6   2   5   2.025755e+03    2.025755e+03    1.818378e+01    1.818378e+01    2.039216e-03    2.691733e-03  
  6   2   6   2.031431e+03    2.031431e+03    1.518809e+01    1.518809e+01    8.699764e-04    2.888328e-03  
  6   2   7   2.037471e+03    2.037471e+03    1.666631e+01    1.666631e+01    -3.680255e-03    3.080842e-03  
  6   2   8   2.027779e+03    2.027779e+03    1.694776e+01    1.694776e+01    -1.475816e-03    3.246511e-03  
  6   2   9   2.023036e+03    2.023036e+03    1.671267e+01    1.671267e+01    1.048035e-03    3.429601e-03  
  6   2  10   1.980771e+03    1.980771e+03    1.198480e+01    1.198480e+01    3.867502e-03    3.643042e-03  
  6   2  11   2.031652e+03    2.031652e+03    1.980326e+01    1.980326e+01    -5.382373e-04    3.911512e-03  
  6   2  12   1.986038e+03    1.986038e+03    1.457491e+01    1.457491e+01    5.600854e-03    3.958967e-03  
  6   2  13   1.982452e+03    1.982452e+03    2.116930e+01    2.116930e+01    -1.099656e-03    4.147950e-03  
  6   2  14   2.036945e+03    2.036945e+03    1.785473e+01    1.785473e+01    1.362862e-03    4.285120e-03  
  6   2  15   1.949436e+03    1.949436e+03    1.593261e+01    1.593261e+01    8.030113e-04    4.418574e-03  
  6   2  16   1.957223e+03    1.957223e+03    1.678292e+01    1.678292e+01    2.047472e-03    4.587710e-03  
  6   2  17   1.921405e+03    1.921405e+03    1.563039e+01    1.563039e+01    2.224494e-03    4.587901e-03  
  6   2  18   1.957618e+03    1.957618e+03    1.540820e+01    1.540820e+01    -1.634655e-03    4.737847e-03  
  6   2  19   1.956407e+03    1.956407e+03    1.528376e+01    1.528376e+01    -1.140945e-02    4.999677e-03  
  6   2  20   1.949105e+03    1.949105e+03    1.681087e+01    1.681087e+01    5.883555e-04    5.103681e-03  
  6   2  21   1.925136e+03    1.925136e+03    1.493898e+01    1.493898e+01    2.487381e-03    5.123547e-03  
  6   2  22   1.942823e+03    1.942823e+03    1.400283e+01    1.400283e+01    -2.878273e-04    5.188485e-03  
  6   2  23   1.925829e+03    1.925829e+03    1.406853e+01    1.406853e+01    -6.678593e-04    5.244565e-03  
  6   2  24   1.918573e+03    1.918573e+03    1.072298e+01    1.072298e+01    -3.873487e-03    5.326846e-03  
  6   2  25   1.902675e+03    1.902675e+03    1.066994e+01    1.066994e+01    8.314961e-03    5.513546e-03  
  6   2  26   1.929267e+03    1.929267e+03    1.159946e+01    1.159946e+01    1.671595e-03    5.621512e-03  
  6   2  27   1.913862e+03    1.913862e+03    9.289908e+00    9.289908e+00    -8.801390e-03    5.595480e-03  
  6   2  28   1.926704e+03    1.926704e+03    9.626329e+00    9.626329e+00    -2.032441e-03    5.760858e-03  
  6   2  29   1.935559e+03    1.935559e+03    9.837405e+00    9.837405e+00    -3.486169e-03    5.834146e-03  
  6   2  30   1.924179e+03    1.924179e+03    9.255649e+00    9.255649e+00    -1.603025e-03    5.889342e-03  
  6   2  31   1.947424e+03    1.947424e+03    9.045770e+00    9.045770e+00    6.499261e-04    5.882803e-03  
  6   2  32   1.937300e+03    1.937300e+03    8.476585e+00    8.476585e+00    7.392349e-03    5.960449e-03  
  6   2  33   1.957556e+03    1.957556e+03    9.236358e+00    9.236358e+00    1.039755e-02    6.165240e-03  
  6   2  34   1.938755e+03    1.938755e+03    8.944860e+00    8.944860e+00    1.834051e-02    6.185928e-03  
  6   2  35   1.948376e+03    1.948376e+03    9.819830e+00    9.819830e+00    1.062885e-02    6.188427e-03  
  6   2  36   1.977336e+03    1.977336e+03    1.185199e+01    1.185199e+01    -9.213698e-03    6.387193e-03  
  6   2  37   1.967938e+03    1.967938e+03    1.151091e+01    1.151091e+01    -1.656627e-03    6.427772e-03  
  6   2  38   1.979053e+03    1.979053e+03    1.240955e+01    1.240955e+01    6.090381e-03    6.419789e-03  
  6   2  39   1.991341e+03    1.991341e+03    1.206438e+01    1.206438e+01    5.031447e-04    6.471675e-03  
  6   2  40   2.039729e+03    2.039729e+03    1.282947e+01    1.282947e+01    -7.492134e-03    6.495295e-03  
  6   2  41   2.030163e+03    2.030163e+03    1.411236e+01    1.411236e+01    -1.169219e-02    6.632411e-03  
  6   2  42   2.003284e+03    2.003284e+03    1.326557e+01    1.326557e+01    -8.680488e-04    6.722294e-03  
  6   2  43   2.007662e+03    2.007662e+03    1.541753e+01    1.541753e+01    8.345979e-03    6.722060e-03  
  6   2  44   2.063021e+03    2.063021e+03    1.709831e+01    1.709831e+01    1.536351e-03    6.941414e-03  
  6   2  45   2.047544e+03    2.047544e+03    1.548961e+01    1.548961e+01    1.010460e-03    6.875772e-03  
  6   2  46   2.053850e+03    2.053850e+03    1.683151e+01    1.683151e+01    1.106619e-02    7.006229e-03  
  6   2  47   2.073715e+03    2.073715e+03    2.003194e+01    2.003194e+01    -7.111846e-03    7.336198e-03  
  6   2  48   2.101433e+03    2.101433e+03    2.109608e+01    2.109608e+01    9.704918e-03    7.312140e-03  
  6   2  49   2.036790e+03    2.036790e+03    5.212597e+01    5.212597e+01    5.750878e-03    7.389528e-03  
  6   2  50   2.065271e+03    2.065271e+03    1.883004e+01    1.883004e+01    7.911001e-04    7.332945e-03  
  6   2  51   2.016818e+03    2.016818e+03    8.997587e+01    8.997587e+01    7.580200e-03    7.571768e-03  
  6   2  52   2.105161e+03    2.105161e+03    3.765383e+01    3.765383e+01    -5.010951e-03    7.584103e-03  
  6   2  53   2.073676e+03    2.073676e+03    6.698730e+01    6.698730e+01    -1.390687e-02    7.740588e-03  
  6   2  54   2.091980e+03    2.091980e+03    2.284734e+01    2.284734e+01    -3.868052e-03    7.810782e-03  
  6   2  55   2.117495e+03    2.117495e+03    7.872471e+01    7.872471e+01    7.854614e-03    8.167354e-03  
  6   2  56   2.141043e+03    2.141043e+03    3.038391e+01    3.038391e+01    9.016274e-03    8.256308e-03  
  6   2  57   2.242784e+03    2.242784e+03    7.518450e+01    7.518450e+01    1.511262e-03    8.389117e-03  
  6   2  58   2.154820e+03    2.154820e+03    7.366066e+01    7.366066e+01    -8.545046e-03    8.531094e-03  
  6   2  59   2.129493e+03    2.129493e+03    1.274543e+02    1.274543e+02    -1.654174e-04    8.703495e-03  
  6   2  60   2.092243e+03    2.092243e+03    3.410281e+01    3.410281e+01    -1.716847e-02    8.678968e-03  
  6   2  61   2.171504e+03    2.171504e+03    3.732523e+01    3.732523e+01    -4.138645e-05    8.630736e-03  
  6   2  62   2.116146e+03    2.116146e+03    3.578098e+01    3.578098e+01    -2.444444e-02    8.786490e-03  
  6   3   1   7.784264e+02    7.784264e+02    4.655462e+00    4.655462e+00    -6.768363e-04    1.001487e-02  
  6   3   2   7.778889e+02    7.778889e+02    4.307801e+00    4.307801e+00    -8.836508e-03    1.051420e-02  
  6   3   3   7.783020e+02    7.783020e+02    5.653125e+00    5.653125e+00    -6.384365e-03    1.166598e-02  
  6   3   4   7.884495e+02    7.884495e+02    4.662022e+00    4.662022e+00    6.340187e-03    1.257767e-02  
  6   3   5   8.070448e+02    8.070448e+02    5.036718e+00    5.036718e+00    7.108186e-03    1.359109e-02  
