1 1 1 -26.052
1 1 2 -26.052
1 1 3 -26.052
1 1 4 -26.052
1 1 5 -18.036
1 1 6 -18.036
1 1 7 -18.036
1 1 8 -14.028
1 1 9 -14.028
1 1 10 -10.020
1 1 11 -10.020
1 1 12 -10.020
1 1 13 -10.020
1 1 14 -10.020
1 1 15 -4.008
1 1 16 -4.008
1 1 17 -4.008
1 1 18 0.000
1 1 19 -4.008
1 1 20 2.004
1 1 21 2.004
1 1 22 2.004
1 1 23 2.004
1 2 1 -4.008
1 2 2 -8.016
1 2 3 -8.016
1 2 4 -8.016
1 2 5 -8.016
1 2 6 -8.016
1 2 7 -8.016
1 2 8 -8.016
1 2 9 -8.016
1 2 10 -4.008
1 2 11 -8.016
1 2 12 -8.016
1 2 13 -8.016
1 2 14 -0.000
1 2 15 -0.000
1 2 16 -0.000
1 2 17 -0.000
1 2 18 -0.000
1 2 19 -0.000
1 2 20 4.008
1 2 21 4.008
1 2 22 4.008
1 2 23 4.008
1 2 24 4.008
1 2 25 4.008
1 2 26 8.016
1 2 27 8.016
1 2 28 8.016
1 2 29 8.016
1 2 30 8.016
1 2 31 8.016
1 2 32 8.016
1 2 33 8.016
1 2 34 8.016
1 2 35 8.016
1 2 36 8.016
1 2 37 8.016
1 2 38 12.024
1 2 39 12.024
1 2 40 12.024
1 2 41 12.024
1 2 42 12.024
1 2 43 12.024
1 2 44 12.024
1 2 45 12.024
1 2 46 12.024
1 2 47 12.024
1 2 48 12.024
1 2 49 12.024
1 2 50 16.032
1 2 51 16.032
1 2 52 16.032
1 2 53 16.032
1 2 54 16.032
1 2 55 16.032
1 2 56 12.024
1 2 57 14.028
1 2 58 12.024
1 2 59 16.032
1 2 60 16.032
1 2 61 16.032
1 2 62 16.032
1 3 1 -20.040
1 3 2 -14.028
1 3 3 -14.028
1 3 4 -18.036
1 3 5 0.000
2 1 1 -26.052
2 1 2 -26.052
2 1 3 -26.052
2 1 4 -26.052
2 1 5 -18.036
2 1 6 -18.036
2 1 7 -14.028
2 1 8 -18.036
2 1 9 -14.028
2 1 10 -10.020
2 1 11 -10.020
2 1 12 -10.020
2 1 13 -10.020
2 1 14 -10.020
2 1 15 -8.016
2 1 16 -4.008
2 1 17 -4.008
2 1 18 -4.008
2 1 19 -4.008
2 1 20 2.004
2 1 21 2.004
2 1 22 2.004
2 1 23 2.004
2 2 1 -8.016
2 2 2 -8.016
2 2 3 -8.016
2 2 4 -8.016
2 2 5 -8.016
2 2 6 -8.016
2 2 7 -8.016
2 2 8 -8.016
2 2 9 -8.016
2 2 10 -8.016
2 2 11 -8.016
2 2 12 -8.016
2 2 13 -8.016
2 2 14 -0.000
2 2 15 -0.000
2 2 16 -0.000
2 2 17 -0.000
2 2 18 4.008
2 2 19 4.008
2 2 20 4.008
2 2 21 -0.000
2 2 22 4.008
2 2 23 4.008
2 2 24 4.008
2 2 25 4.008
2 2 26 8.016
2 2 27 8.016
2 2 28 8.016
2 2 29 8.016
2 2 30 8.016
2 2 31 8.016
2 2 32 8.016
2 2 33 8.016
2 2 34 8.016
2 2 35 8.016
2 2 36 8.016
2 2 37 8.016
2 2 38 12.024
2 2 39 12.024
2 2 40 12.024
2 2 41 12.024
2 2 42 12.024
2 2 43 12.024
2 2 44 12.024
2 2 45 12.024
2 2 46 12.024
2 2 47 12.024
2 2 48 12.024
2 2 49 12.024
2 2 50 16.032
2 2 51 16.032
2 2 52 16.032
2 2 53 16.032
2 2 54 16.032
2 2 55 16.032
2 2 56 16.032
2 2 57 16.032
2 2 58 16.032
2 2 59 16.032
2 2 60 16.032
2 2 61 16.032
2 2 62 16.032
2 3 1 -14.028
2 3 2 -14.028
2 3 3 -14.028
2 3 4 -14.028
2 3 5 0.000
3 1 1 -26.052
3 1 2 -26.052
3 1 3 -26.052
3 1 4 -26.052
3 1 5 -22.044
3 1 6 -18.036
3 1 7 -18.036
3 1 8 -14.028
3 1 9 -14.028
3 1 10 -10.020
3 1 11 -10.020
3 1 12 -10.020
3 1 13 -10.020
3 1 14 -10.020
3 1 15 -4.008
3 1 16 -4.008
3 1 17 -4.008
3 1 18 -4.008
3 1 19 -4.008
3 1 20 2.004
3 1 21 2.004
3 1 22 2.004
3 1 23 2.004
3 2 1 -8.016
3 2 2 -8.016
3 2 3 -8.016
3 2 4 -8.016
3 2 5 -8.016
3 2 6 -8.016
3 2 7 -8.016
3 2 8 -8.016
3 2 9 -8.016
3 2 10 -8.016
3 2 11 -8.016
3 2 12 -8.016
3 2 13 -8.016
3 2 14 -4.008
3 2 15 -4.008
3 2 16 -4.008
3 2 17 -0.000
3 2 18 -0.000
3 2 19 -0.000
3 2 20 -0.000
3 2 21 4.008
3 2 22 4.008
3 2 23 4.008
3 2 24 4.008
3 2 25 -0.000
3 2 26 8.016
3 2 27 8.016
3 2 28 8.016
3 2 29 8.016
3 2 30 4.008
3 2 31 8.016
3 2 32 8.016
3 2 33 8.016
3 2 34 8.016
3 2 35 8.016
3 2 36 8.016
3 2 37 8.016
3 2 38 12.024
3 2 39 12.024
3 2 40 12.024
3 2 41 12.024
3 2 42 12.024
3 2 43 12.024
3 2 44 12.024
3 2 45 12.024
3 2 46 12.024
3 2 47 12.024
3 2 48 12.024
3 2 49 12.024
3 2 50 16.032
3 2 51 16.032
3 2 52 16.032
3 2 53 16.032
3 2 54 16.032
3 2 55 16.032
3 2 56 16.032
3 2 57 14.028
3 2 58 16.032
3 2 59 12.024
3 2 60 12.024
3 2 61 16.032
3 2 62 16.032
3 3 1 -14.028
3 3 2 -14.028
3 3 3 -14.028
3 3 4 -20.040
3 3 5 -6.012
4 1 1 -26.052
4 1 2 -26.052
4 1 3 -26.052
4 1 4 -26.052
4 1 5 -18.036
4 1 6 -22.044
4 1 7 -14.028
4 1 8 -14.028
4 1 9 -14.028
4 1 10 -10.020
4 1 11 -10.020
4 1 12 -10.020
4 1 13 -10.020
4 1 14 -10.020
4 1 15 -4.008
4 1 16 -4.008
4 1 17 -4.008
4 1 18 -4.008
4 1 19 -4.008
4 1 20 2.004
4 1 21 -6.012
4 1 22 2.004
4 1 23 2.004
4 2 1 -4.008
4 2 2 -8.016
4 2 3 -8.016
4 2 4 -8.016
4 2 5 -8.016
4 2 6 -8.016
4 2 7 -8.016
4 2 8 -8.016
4 2 9 -8.016
4 2 10 -8.016
4 2 11 -8.016
4 2 12 -8.016
4 2 13 -8.016
4 2 14 -0.000
4 2 15 -0.000
4 2 16 18.036
4 2 17 -0.000
4 2 18 4.008
4 2 19 4.008
4 2 20 4.008
4 2 21 4.008
4 2 22 4.008
4 2 23 4.008
4 2 24 4.008
4 2 25 4.008
4 2 26 8.016
4 2 27 8.016
4 2 28 8.016
4 2 29 8.016
4 2 30 4.008
4 2 31 8.016
4 2 32 8.016
4 2 33 8.016
4 2 34 8.016
4 2 35 8.016
4 2 36 8.016
4 2 37 8.016
4 2 38 12.024
4 2 39 12.024
4 2 40 12.024
4 2 41 12.024
4 2 42 12.024
4 2 43 12.024
4 2 44 12.024
4 2 45 12.024
4 2 46 10.020
4 2 47 12.024
4 2 48 12.024
4 2 49 12.024
4 2 50 16.032
4 2 51 14.028
4 2 52 16.032
4 2 53 16.032
4 2 54 16.032
4 2 55 16.032
4 2 56 16.032
4 2 57 18.036
4 2 58 16.032
4 2 59 16.032
4 2 60 16.032
4 2 61 16.032
4 2 62 16.032
4 3 1 -18.036
4 3 2 -14.028
4 3 3 -18.036
4 3 4 -22.044
4 3 5 0.000
5 1 1 -26.052
5 1 2 -26.052
5 1 3 -26.052
5 1 4 -26.052
5 1 5 -18.036
5 1 6 -18.036
5 1 7 -18.036
5 1 8 -14.028
5 1 9 -14.028
5 1 10 -10.020
5 1 11 -10.020
5 1 12 -10.020
5 1 13 -10.020
5 1 14 -10.020
5 1 15 -4.008
5 1 16 -4.008
5 1 17 -4.008
5 1 18 0.000
5 1 19 -4.008
5 1 20 2.004
5 1 21 2.004
5 1 22 2.004
5 1 23 2.004
5 2 1 -8.016
5 2 2 -8.016
5 2 3 -8.016
5 2 4 -8.016
5 2 5 -8.016
5 2 6 -8.016
5 2 7 -8.016
5 2 8 -8.016
5 2 9 -8.016
5 2 10 -8.016
5 2 11 -8.016
5 2 12 -8.016
5 2 13 -8.016
5 2 14 -4.008
5 2 15 -0.000
5 2 16 -0.000
5 2 17 -0.000
5 2 18 -0.000
5 2 19 -0.000
5 2 20 4.008
5 2 21 4.008
5 2 22 4.008
5 2 23 4.008
5 2 24 4.008
5 2 25 4.008
5 2 26 8.016
5 2 27 8.016
5 2 28 8.016
5 2 29 8.016
5 2 30 8.016
5 2 31 8.016
5 2 32 8.016
5 2 33 8.016
5 2 34 8.016
5 2 35 8.016
5 2 36 8.016
5 2 37 8.016
5 2 38 12.024
5 2 39 12.024
5 2 40 12.024
5 2 41 12.024
5 2 42 12.024
5 2 43 12.024
5 2 44 12.024
5 2 45 12.024
5 2 46 12.024
5 2 47 12.024
5 2 48 12.024
5 2 49 12.024
5 2 50 16.032
5 2 51 16.032
5 2 52 16.032
5 2 53 16.032
5 2 54 16.032
5 2 55 12.024
5 2 56 16.032
5 2 57 16.032
5 2 58 16.032
5 2 59 16.032
5 2 60 16.032
5 2 61 16.032
5 2 62 16.032
5 3 1 -18.036
5 3 2 -14.028
5 3 3 -14.028
5 3 4 -20.040
5 3 5 -26.052
6 1 1 -26.052
6 1 2 -26.052
6 1 3 -26.052
6 1 4 -26.052
6 1 5 -22.044
6 1 6 -18.036
6 1 7 -18.036
6 1 8 -14.028
6 1 9 -14.028
6 1 10 -10.020
6 1 11 -10.020
6 1 12 -10.020
6 1 13 -10.020
6 1 14 -10.020
6 1 15 -4.008
6 1 16 -4.008
6 1 17 0.000
6 1 18 -4.008
6 1 19 -4.008
6 1 20 2.004
6 1 21 2.004
6 1 22 2.004
6 1 23 2.004
6 2 1 -4.008
6 2 2 -8.016
6 2 3 -8.016
6 2 4 -8.016
6 2 5 -8.016
6 2 6 -8.016
6 2 7 -8.016
6 2 8 -4.008
6 2 9 -8.016
6 2 10 -8.016
6 2 11 -8.016
6 2 12 -8.016
6 2 13 -4.008
6 2 14 -4.008
6 2 15 -0.000
6 2 16 -0.000
6 2 17 -0.000
6 2 18 4.008
6 2 19 -0.000
6 2 20 -0.000
6 2 21 4.008
6 2 22 4.008
6 2 23 4.008
6 2 24 4.008
6 2 25 4.008
6 2 26 8.016
6 2 27 8.016
6 2 28 8.016
6 2 29 8.016
6 2 30 8.016
6 2 31 8.016
6 2 32 8.016
6 2 33 8.016
6 2 34 8.016
6 2 35 8.016
6 2 36 8.016
6 2 37 8.016
6 2 38 12.024
6 2 39 12.024
6 2 40 12.024
6 2 41 12.024
6 2 42 12.024
6 2 43 12.024
6 2 44 12.024
6 2 45 12.024
6 2 46 12.024
6 2 47 12.024
6 2 48 12.024
6 2 49 12.024
6 2 50 16.032
6 2 51 16.032
6 2 52 16.032
6 2 53 0.000
6 2 54 16.032
6 2 55 16.032
6 2 56 16.032
6 2 57 16.032
6 2 58 16.032
6 2 59 16.032
6 2 60 10.020
6 2 61 16.032
6 2 62 16.032
6 3 1 -14.028
6 3 2 -14.028
6 3 3 -18.036
6 3 4 -20.040
6 3 5 0.000
