  1   1   1   8.506123e+02    8.506123e+02    2.351612e+00    2.351612e+00    1.135736e-03    1.108586e-03  
  1   1   2   8.425813e+02    8.425813e+02    2.363996e+00    2.363996e+00    6.776691e-04    1.833783e-03  
  1   1   3   8.352620e+02    8.352620e+02    2.350469e+00    2.350469e+00    -2.439556e-04    1.821323e-03  
  1   1   4   8.271928e+02    8.271928e+02    2.560290e+00    2.560290e+00    -1.739882e-03    2.495320e-03  
  1   1   5   8.235367e+02    8.235367e+02    2.796487e+00    2.796487e+00    -8.778989e-04    2.507633e-03  
  1   1   6   8.041421e+02    8.041421e+02    2.463602e+00    2.463602e+00    6.522384e-04    3.243221e-03  
  1   1   7   7.949751e+02    7.949751e+02    2.600864e+00    2.600864e+00    6.014424e-03    4.317118e-03  
  1   1   8   7.901307e+02    7.901307e+02    2.285242e+00    2.285242e+00    -3.614458e-03    3.769614e-03  
  1   1   9   7.810603e+02    7.810603e+02    3.326177e+00    3.326177e+00    1.252549e-03    3.924662e-03  
  1   1  10   7.779244e+02    7.779244e+02    3.114129e+00    3.114129e+00    -3.620137e-03    4.473448e-03  
  1   1  11   7.764349e+02    7.764349e+02    3.207121e+00    3.207121e+00    -4.406458e-03    3.333688e-03  
  1   1  12   7.685923e+02    7.685923e+02    3.251461e+00    3.251461e+00    -8.578340e-03    5.382596e-03  
  1   1  13   7.811952e+02    7.811952e+02    5.612469e+00    5.612469e+00    -4.898222e-04    4.483564e-03  
  1   1  14   7.813950e+02    7.813950e+02    2.769484e+00    2.769484e+00    -1.075908e-02    6.381685e-03  
  1   1  15   7.871089e+02    7.871089e+02    2.368096e+00    2.368096e+00    4.573231e-04    5.871689e-03  
  1   1  16   8.051273e+02    8.051273e+02    2.553512e+00    2.553512e+00    -1.041093e-03    6.709072e-03  
  1   1  17   8.129530e+02    8.129530e+02    2.746737e+00    2.746737e+00    -2.276965e-03    4.350038e-03  
  1   1  18   8.256020e+02    8.256020e+02    3.216632e+00    3.216632e+00    -6.809521e-04    6.103854e-03  
  1   1  19   8.453393e+02    8.453393e+02    4.012365e+00    4.012365e+00    6.952254e-04    4.878053e-03  
  1   1  20   8.415717e+02    8.415717e+02    4.294443e+00    4.294443e+00    -5.729935e-03    6.186989e-03  
  1   1  21   8.646352e+02    8.646352e+02    5.791968e+00    5.791968e+00    -3.429796e-05    4.225510e-03  
  1   1  22   8.494746e+02    8.494746e+02    5.940398e+00    5.940398e+00    -1.253456e-02    8.267928e-03  
  1   1  23   8.480791e+02    8.480791e+02    4.567053e+00    4.567053e+00    -3.267864e-03    5.379845e-03  
  1   2   1   2.068159e+03    2.068159e+03    1.342174e+01    1.342174e+01    1.388717e-03    1.537289e-03  
  1   2   2   2.061344e+03    2.061344e+03    8.329407e+00    8.329407e+00    1.675253e-03    1.551517e-03  
  1   2   3   2.046993e+03    2.046993e+03    8.690559e+00    8.690559e+00    1.680110e-03    1.740920e-03  
  1   2   4   2.051796e+03    2.051796e+03    9.216786e+00    9.216786e+00    2.543754e-03    1.763756e-03  
  1   2   5   1.333333e+01    1.333333e+01    1.414214e+00    1.414214e+00    0.000000e+00    0.000000e+00  
  1   2   6   2.041325e+03    2.041325e+03    8.717642e+00    8.717642e+00    -3.251207e-04    2.143544e-03  
  1   2   7   2.047654e+03    2.047654e+03    9.432520e+00    9.432520e+00    -9.937888e-05    1.629530e-03  
  1   2   8   2.039426e+03    2.039426e+03    9.402095e+00    9.402095e+00    3.642027e-03    2.309925e-03  
  1   2   9   2.006581e+03    2.006581e+03    1.046217e+01    1.046217e+01    2.553714e-04    2.694581e-03  
  1   2  10   2.009352e+03    2.009352e+03    9.426489e+00    9.426489e+00    -2.936981e-03    2.050442e-03  
  1   2  11   1.988189e+03    1.988189e+03    9.318448e+00    9.318448e+00    -4.014134e-03    2.672196e-03  
  1   2  12   2.010903e+03    2.010903e+03    1.102173e+01    1.102173e+01    5.082689e-03    2.275427e-03  
  1   2  13   1.994716e+03    1.994716e+03    1.117554e+01    1.117554e+01    1.389998e-03    2.455698e-03  
  1   2  14   1.975231e+03    1.975231e+03    1.233110e+01    1.233110e+01    -4.428555e-04    3.235741e-03  
  1   2  15   1.985722e+03    1.985722e+03    1.068102e+01    1.068102e+01    3.075523e-03    3.333050e-03  
  1   2  16   1.972298e+03    1.972298e+03    9.772056e+00    9.772056e+00    -3.727915e-03    3.430120e-03  
  1   2  17   1.959190e+03    1.959190e+03    1.041725e+01    1.041725e+01    -3.099440e-04    3.378362e-03  
  1   2  18   1.956602e+03    1.956602e+03    9.384861e+00    9.384861e+00    -1.051498e-03    4.419994e-03  
  1   2  19   1.947718e+03    1.947718e+03    1.007159e+01    1.007159e+01    -1.376966e-03    3.521839e-03  
  1   2  20   1.938753e+03    1.938753e+03    9.707485e+00    9.707485e+00    -2.184699e-03    3.523750e-03  
  1   2  21   1.917738e+03    1.917738e+03    9.175896e+00    9.175896e+00    -1.617469e-04    3.595438e-03  
  1   2  22   1.907537e+03    1.907537e+03    8.135311e+00    8.135311e+00    -1.152114e-02    4.846679e-03  
  1   2  23   1.935292e+03    1.935292e+03    8.450209e+00    8.450209e+00    -1.011979e-03    2.741651e-03  
  1   2  24   1.901918e+03    1.901918e+03    7.055031e+00    7.055031e+00    -3.357287e-03    3.922139e-03  
  1   2  25   1.917335e+03    1.917335e+03    7.475340e+00    7.475340e+00    9.012004e-04    3.851726e-03  
  1   2  26   1.901877e+03    1.901877e+03    6.728103e+00    6.728103e+00    -8.162073e-03    4.883628e-03  
  1   2  27   1.905479e+03    1.905479e+03    6.730573e+00    6.730573e+00    5.188886e-04    4.821384e-03  
  1   2  28   1.922005e+03    1.922005e+03    7.022654e+00    7.022654e+00    6.170723e-04    6.231466e-03  
  1   2  29   1.910334e+03    1.910334e+03    6.407750e+00    6.407750e+00    -1.022708e-03    3.005381e-03  
  1   2  30   1.922600e+03    1.922600e+03    6.827768e+00    6.827768e+00    -6.030184e-03    3.455737e-03  
  1   2  31   1.934221e+03    1.934221e+03    6.454308e+00    6.454308e+00    5.131495e-05    3.541850e-03  
  1   2  32   1.937451e+03    1.937451e+03    6.168400e+00    6.168400e+00    -5.940907e-03    3.591956e-03  
  1   2  33   1.948681e+03    1.948681e+03    6.569683e+00    6.569683e+00    -8.610312e-03    4.835149e-03  
  1   2  34   1.950211e+03    1.950211e+03    6.531273e+00    6.531273e+00    -2.485484e-03    4.277190e-03  
  1   2  35   1.954980e+03    1.954980e+03    6.927647e+00    6.927647e+00    -4.221889e-03    4.457153e-03  
  1   2  36   1.962414e+03    1.962414e+03    6.836289e+00    6.836289e+00    -1.850523e-03    7.746857e-03  
  1   2  37   1.961421e+03    1.961421e+03    7.253605e+00    7.253605e+00    -3.795012e-04    5.000454e-03  
  1   2  38   1.987976e+03    1.987976e+03    7.758776e+00    7.758776e+00    -6.581094e-04    5.035399e-03  
  1   2  39   1.984202e+03    1.984202e+03    8.230821e+00    8.230821e+00    -7.397874e-03    4.042861e-03  
  1   2  40   1.981434e+03    1.981434e+03    8.931127e+00    8.931127e+00    -3.358757e-04    2.883535e-03  
  1   2  41   1.995729e+03    1.995729e+03    9.054862e+00    9.054862e+00    -2.050711e-03    4.339163e-03  
  1   2  42   2.018251e+03    2.018251e+03    9.392223e+00    9.392223e+00    1.085229e-03    7.006257e-03  
  1   2  43   2.034934e+03    2.034934e+03    9.988343e+00    9.988343e+00    -7.372916e-03    4.206735e-03  
  1   2  44   2.047274e+03    2.047274e+03    1.063394e+01    1.063394e+01    -3.086150e-03    2.970676e-03  
  1   2  45   2.070166e+03    2.070166e+03    1.213113e+01    1.213113e+01    -3.401928e-03    4.902163e-03  
  1   2  46   2.066033e+03    2.066033e+03    1.305463e+01    1.305463e+01    -2.387736e-04    3.792777e-03  
  1   2  47   2.099774e+03    2.099774e+03    1.538315e+01    1.538315e+01    -2.887928e-03    4.421136e-03  
  1   2  48   2.070813e+03    2.070813e+03    1.346249e+01    1.346249e+01    -8.321616e-03    4.732450e-03  
  1   2  49   2.099360e+03    2.099360e+03    1.713996e+01    1.713996e+01    -5.126457e-03    4.452387e-03  
  1   2  50   2.101269e+03    2.101269e+03    1.802082e+01    1.802082e+01    -4.808324e-03    4.398731e-03  
  1   2  51   2.086349e+03    2.086349e+03    1.702061e+01    1.702061e+01    -5.655182e-03    4.307379e-03  
  1   2  52   2.114183e+03    2.114183e+03    2.164671e+01    2.164671e+01    4.812688e-04    3.630308e-03  
  1   2  53   2.126842e+03    2.126842e+03    1.825665e+01    1.825665e+01    -2.803712e-03    3.938570e-03  
  1   2  54   2.098430e+03    2.098430e+03    2.085402e+01    2.085402e+01    3.316408e-03    4.367003e-03  
  1   2  55   2.111406e+03    2.111406e+03    2.569995e+01    2.569995e+01    -2.552050e-03    3.558878e-03  
  1   2  56   2.050285e+03    2.050285e+03    1.685818e+01    1.685818e+01    -1.560547e-03    4.028193e-03  
  1   2  57   2.085924e+03    2.085924e+03    2.303618e+01    2.303618e+01    3.850510e-03    4.953661e-03  
  1   2  58   2.080824e+03    2.080824e+03    1.803349e+01    1.803349e+01    -2.189594e-03    3.774638e-03  
  1   2  59   2.081022e+03    2.081022e+03    1.977070e+01    1.977070e+01    -9.281415e-04    3.571540e-03  
  1   2  60   2.074162e+03    2.074162e+03    2.016447e+01    2.016447e+01    -1.149013e-03    3.813474e-03  
  1   2  61   2.037005e+03    2.037005e+03    1.940398e+01    1.940398e+01    -1.345515e-02    5.509058e-03  
  1   2  62   2.043177e+03    2.043177e+03    1.749003e+01    1.749003e+01    -4.781981e-03    4.324328e-03  
  1   3   1   7.632964e+02    7.632964e+02    2.323667e+00    2.323667e+00    -1.355954e-02    6.602655e-03  
  1   3   2   7.607596e+02    7.607596e+02    2.134079e+00    2.134079e+00    -6.108124e-04    6.554248e-03  
  1   3   3   7.656741e+02    7.656741e+02    3.390466e+00    3.390466e+00    -5.727377e-03    8.567659e-03  
  1   3   4   7.901178e+02    7.901178e+02    1.923587e+00    1.923587e+00    3.432372e-03    5.835149e-03  
  1   3   5   8.043284e+02    8.043284e+02    2.341966e+00    2.341966e+00    4.081251e-03    6.917644e-03  
  2   1   1   8.467014e+02    8.467014e+02    2.159616e+00    2.159616e+00    1.263125e-04    1.787399e-03  
  2   1   2   8.442906e+02    8.442906e+02    2.391382e+00    2.391382e+00    7.160150e-04    1.355899e-03  
  2   1   3   8.337512e+02    8.337512e+02    2.389458e+00    2.389458e+00    -1.128301e-03    2.005586e-03  
  2   1   4   8.213612e+02    8.213612e+02    2.577203e+00    2.577203e+00    -3.395566e-03    2.575861e-03  
  2   1   5   8.161196e+02    8.161196e+02    2.487276e+00    2.487276e+00    2.296817e-03    3.071136e-03  
  2   1   6   8.051257e+02    8.051257e+02    2.670674e+00    2.670674e+00    -4.412313e-03    3.013455e-03  
  2   1   7   8.035533e+02    8.035533e+02    2.279399e+00    2.279399e+00    3.990512e-03    3.869643e-03  
  2   1   8   7.837132e+02    7.837132e+02    3.424867e+00    3.424867e+00    3.449438e-03    2.928047e-03  
  2   1   9   7.780566e+02    7.780566e+02    3.363010e+00    3.363010e+00    -7.469518e-03    3.968324e-03  
  2   1  10   7.689460e+02    7.689460e+02    5.468264e+00    5.468264e+00    -5.786672e-03    3.981875e-03  
  2   1  11   7.626412e+02    7.626412e+02    2.946611e+00    2.946611e+00    -2.416749e-03    3.443166e-03  
  2   1  12   7.645459e+02    7.645459e+02    2.588957e+00    2.588957e+00    2.735043e-04    3.659407e-03  
  2   1  13   1.000000e+01    1.000000e+01    1.414214e+00    1.414214e+00    0.000000e+00    0.000000e+00  
  2   1  14   7.812590e+02    7.812590e+02    2.735618e+00    2.735618e+00    -4.719616e-03    4.336711e-03  
  2   1  15   7.884741e+02    7.884741e+02    2.448703e+00    2.448703e+00    -7.233828e-03    5.017914e-03  
  2   1  16   8.015594e+02    8.015594e+02    2.528781e+00    2.528781e+00    -6.445837e-04    5.515714e-03  
  2   1  17   8.149461e+02    8.149461e+02    2.675041e+00    2.675041e+00    -6.210174e-03    3.686623e-03  
  2   1  18   8.253532e+02    8.253532e+02    3.280123e+00    3.280123e+00    -7.929821e-03    5.147647e-03  
  2   1  19   8.395879e+02    8.395879e+02    4.147209e+00    4.147209e+00    -1.567592e-03    5.534094e-03  
  2   1  20   8.420671e+02    8.420671e+02    4.782862e+00    4.782862e+00    -1.438061e-02    6.314022e-03  
  2   1  21   8.637841e+02    8.637841e+02    5.467867e+00    5.467867e+00    -1.483421e-03    5.148925e-03  
  2   1  22   8.582039e+02    8.582039e+02    6.161655e+00    6.161655e+00    -1.737639e-04    9.422329e-03  
  2   1  23   8.494914e+02    8.494914e+02    5.076302e+00    5.076302e+00    -1.196697e-02    1.085622e-02  
  2   2   1   2.094113e+03    2.094113e+03    1.370671e+01    1.370671e+01    2.526316e-03    1.332046e-03  
  2   2   2   2.056082e+03    2.056082e+03    1.028695e+01    1.028695e+01    3.183024e-04    2.106605e-03  
  2   2   3   2.045958e+03    2.045958e+03    9.146923e+00    9.146923e+00    -1.661228e-04    1.906931e-03  
  2   2   4   2.053848e+03    2.053848e+03    8.765786e+00    8.765786e+00    6.078697e-04    1.951441e-03  
  2   2   5   2.040843e+03    2.040843e+03    7.952880e+00    7.952880e+00    -1.431676e-03    1.930069e-03  
  2   2   6   2.017747e+03    2.017747e+03    8.846282e+00    8.846282e+00    3.674030e-03    2.270585e-03  
  2   2   7   2.037756e+03    2.037756e+03    8.997969e+00    8.997969e+00    3.512623e-04    1.910264e-03  
  2   2   8   2.020381e+03    2.020381e+03    9.240183e+00    9.240183e+00    -2.509725e-03    4.107225e-03  
  2   2   9   2.036029e+03    2.036029e+03    9.472391e+00    9.472391e+00    2.563367e-03    2.558637e-03  
  2   2  10   2.025430e+03    2.025430e+03    1.043893e+01    1.043893e+01    1.306664e-03    3.038835e-03  
  2   2  11   2.026029e+03    2.026029e+03    9.911986e+00    9.911986e+00    -8.635341e-03    2.934549e-03  
  2   2  12   1.996419e+03    1.996419e+03    1.108186e+01    1.108186e+01    -1.478231e-03    2.481602e-03  
  2   2  13   2.000169e+03    2.000169e+03    1.042268e+01    1.042268e+01    3.279376e-03    4.282582e-03  
  2   2  14   1.997668e+03    1.997668e+03    1.117420e+01    1.117420e+01    8.075420e-03    2.518048e-03  
  2   2  15   1.988111e+03    1.988111e+03    1.130476e+01    1.130476e+01    -3.460746e-03    3.409494e-03  
  2   2  16   1.965395e+03    1.965395e+03    9.120609e+00    9.120609e+00    -6.757057e-04    2.703047e-03  
  2   2  17   1.955991e+03    1.955991e+03    1.128237e+01    1.128237e+01    -4.202056e-03    3.167370e-03  
  2   2  18   1.959640e+03    1.959640e+03    1.001604e+01    1.001604e+01    -2.644916e-03    3.465844e-03  
  2   2  19   1.955762e+03    1.955762e+03    9.511797e+00    9.511797e+00    -1.006719e-03    4.230276e-03  
  2   2  20   1.945312e+03    1.945312e+03    9.860744e+00    9.860744e+00    -3.206346e-03    4.869307e-03  
  2   2  21   1.933510e+03    1.933510e+03    9.270630e+00    9.270630e+00    4.055706e-03    2.791322e-03  
  2   2  22   1.919983e+03    1.919983e+03    7.772146e+00    7.772146e+00    -2.930638e-03    4.550507e-03  
  2   2  23   1.922891e+03    1.922891e+03    8.758713e+00    8.758713e+00    -3.957928e-03    3.833519e-03  
  2   2  24   1.925033e+03    1.925033e+03    7.653326e+00    7.653326e+00    -6.442244e-03    5.585024e-03  
  2   2  25   1.902862e+03    1.902862e+03    7.315715e+00    7.315715e+00    -4.431681e-03    4.877947e-03  
  2   2  26   1.909920e+03    1.909920e+03    6.816942e+00    6.816942e+00    -1.498829e-03    3.581524e-03  
  2   2  27   1.903864e+03    1.903864e+03    6.342558e+00    6.342558e+00    -6.470537e-03    4.007052e-03  
  2   2  28   1.916827e+03    1.916827e+03    6.762143e+00    6.762143e+00    1.818497e-03    3.088328e-03  
  2   2  29   1.923353e+03    1.923353e+03    6.649432e+00    6.649432e+00    -2.907124e-03    3.980023e-03  
  2   2  30   1.927975e+03    1.927975e+03    6.566288e+00    6.566288e+00    -1.485904e-03    4.176606e-03  
  2   2  31   1.934090e+03    1.934090e+03    6.460240e+00    6.460240e+00    -6.760196e-03    7.450656e-03  
  2   2  32   1.940577e+03    1.940577e+03    6.387942e+00    6.387942e+00    2.609453e-03    3.977280e-03  
  2   2  33   1.931282e+03    1.931282e+03    6.487548e+00    6.487548e+00    -3.987228e-04    2.656145e-03  
  2   2  34   1.946109e+03    1.946109e+03    6.368716e+00    6.368716e+00    -7.199512e-04    4.023820e-03  
  2   2  35   1.938837e+03    1.938837e+03    6.795437e+00    6.795437e+00    -5.955483e-03    3.878763e-03  
  2   2  36   1.963747e+03    1.963747e+03    6.942285e+00    6.942285e+00    2.365228e-03    3.250348e-03  
  2   2  37   1.953654e+03    1.953654e+03    6.764995e+00    6.764995e+00    -2.788671e-03    4.026052e-03  
  2   2  38   1.969229e+03    1.969229e+03    7.365394e+00    7.365394e+00    1.674192e-03    4.565291e-03  
  2   2  39   1.999749e+03    1.999749e+03    8.812501e+00    8.812501e+00    3.411756e-03    4.101398e-03  
  2   2  40   1.986150e+03    1.986150e+03    8.257367e+00    8.257367e+00    -8.135019e-04    3.342521e-03  
  2   2  41   2.001887e+03    2.001887e+03    9.282694e+00    9.282694e+00    5.210600e-03    4.491702e-03  
  2   2  42   2.004587e+03    2.004587e+03    9.597832e+00    9.597832e+00    -3.574129e-03    3.861327e-03  
  2   2  43   2.032440e+03    2.032440e+03    9.977035e+00    9.977035e+00    1.582645e-03    3.487327e-03  
  2   2  44   2.039658e+03    2.039658e+03    1.079500e+01    1.079500e+01    5.729759e-03    4.280239e-03  
  2   2  45   2.043284e+03    2.043284e+03    1.132040e+01    1.132040e+01    5.329345e-03    4.289726e-03  
  2   2  46   2.023661e+03    2.023661e+03    1.240761e+01    1.240761e+01    2.185643e-03    4.675750e-03  
  2   2  47   2.063141e+03    2.063141e+03    1.422449e+01    1.422449e+01    9.046322e-03    3.507557e-03  
  2   2  48   2.076281e+03    2.076281e+03    1.577149e+01    1.577149e+01    4.461496e-03    4.387985e-03  
  2   2  49   2.092440e+03    2.092440e+03    1.643793e+01    1.643793e+01    2.274830e-03    3.522051e-03  
  2   2  50   2.081899e+03    2.081899e+03    1.612796e+01    1.612796e+01    -1.159609e-02    3.941813e-03  
  2   2  51   2.112142e+03    2.112142e+03    2.098817e+01    2.098817e+01    3.350047e-03    3.606994e-03  
  2   2  52   2.082051e+03    2.082051e+03    2.061174e+01    2.061174e+01    -1.355932e-03    3.591571e-03  
  2   2  53   2.073216e+03    2.073216e+03    1.947613e+01    1.947613e+01    1.048276e-03    3.405368e-03  
  2   2  54   2.107796e+03    2.107796e+03    2.039833e+01    2.039833e+01    -3.633551e-03    7.884485e-03  
  2   2  55   2.095366e+03    2.095366e+03    1.848229e+01    1.848229e+01    -6.433291e-03    5.062798e-03  
  2   2  56   2.064156e+03    2.064156e+03    1.787376e+01    1.787376e+01    -2.246367e-03    4.627094e-03  
  2   2  57   2.077462e+03    2.077462e+03    1.630903e+01    1.630903e+01    -2.699701e-03    3.262421e-03  
  2   2  58   2.188345e+03    2.188345e+03    5.432344e+01    5.432344e+01    -2.884546e-04    3.558022e-03  
  2   2  59   2.071699e+03    2.071699e+03    1.960242e+01    1.960242e+01    6.449755e-04    4.985239e-03  
  2   2  60   2.049679e+03    2.049679e+03    1.641048e+01    1.641048e+01    3.668349e-03    6.331994e-03  
  2   2  61   2.041616e+03    2.041616e+03    1.647938e+01    1.647938e+01    -1.180272e-02    7.413881e-03  
  2   2  62   2.074612e+03    2.074612e+03    1.848126e+01    1.848126e+01    4.482212e-03    3.261939e-03  
  2   3   1   7.584516e+02    7.584516e+02    2.219762e+00    2.219762e+00    -1.456674e-03    5.007306e-03  
  2   3   2   7.825273e+02    7.825273e+02    4.073279e+00    4.073279e+00    -3.623659e-03    5.822889e-03  
  2   3   3   7.761244e+02    7.761244e+02    2.596859e+00    2.596859e+00    -1.315464e-03    9.984674e-03  
  2   3   4   7.857117e+02    7.857117e+02    2.188945e+00    2.188945e+00    4.780524e-03    6.842119e-03  
  2   3   5   8.015182e+02    8.015182e+02    2.474676e+00    2.474676e+00    1.175737e-02    1.018250e-02  
  3   1   1   8.463951e+02    8.463951e+02    2.149255e+00    2.149255e+00    1.288406e-03    1.503980e-03  
  3   1   2   8.444464e+02    8.444464e+02    2.399176e+00    2.399176e+00    5.642910e-04    1.817132e-03  
  3   1   3   8.340809e+02    8.340809e+02    2.315178e+00    2.315178e+00    -4.545455e-04    3.730749e-03  
  3   1   4   8.303651e+02    8.303651e+02    2.522170e+00    2.522170e+00    1.207898e-03    1.997055e-03  
  3   1   5   8.131751e+02    8.131751e+02    2.486414e+00    2.486414e+00    -4.588573e-03    3.300506e-03  
  3   1   6   8.026592e+02    8.026592e+02    2.361466e+00    2.361466e+00    -3.475948e-03    6.229472e-03  
  3   1   7   7.988632e+02    7.988632e+02    2.768697e+00    2.768697e+00    1.419648e-03    3.835230e-03  
  3   1   8   7.848988e+02    7.848988e+02    3.139771e+00    3.139771e+00    2.819189e-03    3.497829e-03  
  3   1   9   7.729384e+02    7.729384e+02    4.396441e+00    4.396441e+00    4.993484e-03    4.105180e-03  
  3   1  10   7.757317e+02    7.757317e+02    3.457466e+00    3.457466e+00    -5.710751e-03    4.702797e-03  
  3   1  11   7.651754e+02    7.651754e+02    3.340808e+00    3.340808e+00    -4.849906e-03    4.515630e-03  
  3   1  12   7.683026e+02    7.683026e+02    2.768614e+00    2.768614e+00    2.487783e-04    5.163911e-03  
  3   1  13   7.724716e+02    7.724716e+02    3.027705e+00    3.027705e+00    -5.322529e-03    6.603753e-03  
  3   1  14   7.919042e+02    7.919042e+02    3.425972e+00    3.425972e+00    -6.703635e-03    3.810367e-03  
  3   1  15   7.970084e+02    7.970084e+02    2.479077e+00    2.479077e+00    6.331079e-04    5.510316e-03  
  3   1  16   8.032480e+02    8.032480e+02    2.458230e+00    2.458230e+00    3.687327e-03    5.382677e-03  
  3   1  17   8.126013e+02    8.126013e+02    2.720283e+00    2.720283e+00    7.485979e-03    5.777353e-03  
  3   1  18   8.256482e+02    8.256482e+02    3.148977e+00    3.148977e+00    -2.029666e-03    3.621114e-03  
  3   1  19   8.381275e+02    8.381275e+02    3.916679e+00    3.916679e+00    1.287694e-03    4.933941e-03  
  3   1  20   8.554626e+02    8.554626e+02    4.895341e+00    4.895341e+00    -6.394671e-03    5.606982e-03  
  3   1  21   8.516548e+02    8.516548e+02    5.146958e+00    5.146958e+00    6.226953e-03    6.823708e-03  
  3   1  22   8.635253e+02    8.635253e+02    6.211148e+00    6.211148e+00    2.925684e-03    8.976390e-03  
  3   1  23   8.412518e+02    8.412518e+02    5.152119e+00    5.152119e+00    -1.644101e-03    1.021686e-02  
  3   2   1   2.065578e+03    2.065578e+03    1.148608e+01    1.148608e+01    2.013201e-03    1.479723e-03  
  3   2   2   2.059933e+03    2.059933e+03    9.084008e+00    9.084008e+00    2.406819e-04    1.430904e-03  
  3   2   3   2.051746e+03    2.051746e+03    9.523001e+00    9.523001e+00    9.003802e-04    1.468325e-03  
  3   2   4   2.045715e+03    2.045715e+03    9.201187e+00    9.201187e+00    -9.898268e-04    1.739805e-03  
  3   2   5   2.023411e+03    2.023411e+03    1.026093e+01    1.026093e+01    1.247077e-04    3.457523e-03  
  3   2   6   2.051685e+03    2.051685e+03    9.303056e+00    9.303056e+00    3.066835e-03    1.848889e-03  
  3   2   7   2.033870e+03    2.033870e+03    9.575972e+00    9.575972e+00    4.442835e-03    1.827799e-03  
  3   2   8   2.030041e+03    2.030041e+03    9.455738e+00    9.455738e+00    3.956968e-03    2.374083e-03  
  3   2   9   2.020911e+03    2.020911e+03    9.424137e+00    9.424137e+00    2.345694e-03    3.142103e-03  
  3   2  10   2.047840e+03    2.047840e+03    9.799219e+00    9.799219e+00    5.870161e-03    2.579523e-03  
  3   2  11   2.025348e+03    2.025348e+03    9.694237e+00    9.694237e+00    1.314010e-03    2.628177e-03  
  3   2  12   2.013316e+03    2.013316e+03    1.034123e+01    1.034123e+01    -5.305779e-03    3.752597e-03  
  3   2  13   1.999404e+03    1.999404e+03    9.978185e+00    9.978185e+00    -7.973672e-03    3.457800e-03  
  3   2  14   1.987878e+03    1.987878e+03    1.093521e+01    1.093521e+01    -8.122765e-04    3.108162e-03  
  3   2  15   1.988708e+03    1.988708e+03    9.575065e+00    9.575065e+00    1.050933e-03    3.124136e-03  
  3   2  16   1.977738e+03    1.977738e+03    1.007871e+01    1.007871e+01    3.390587e-04    4.328634e-03  
  3   2  17   1.949869e+03    1.949869e+03    1.021975e+01    1.021975e+01    1.432994e-03    3.261695e-03  
  3   2  18   1.953438e+03    1.953438e+03    1.061456e+01    1.061456e+01    -2.464190e-03    3.202971e-03  
  3   2  19   1.934988e+03    1.934988e+03    8.715998e+00    8.715998e+00    -3.242901e-03    3.843979e-03  
  3   2  20   1.936810e+03    1.936810e+03    9.216013e+00    9.216013e+00    -5.067430e-04    2.953206e-03  
  3   2  21   1.938563e+03    1.938563e+03    9.253997e+00    9.253997e+00    -3.044363e-03    2.903908e-03  
  3   2  22   1.919397e+03    1.919397e+03    8.069450e+00    8.069450e+00    -2.192429e-03    3.350606e-03  
  3   2  23   1.927457e+03    1.927457e+03    7.927948e+00    7.927948e+00    4.593000e-03    4.579145e-03  
  3   2  24   1.905333e+03    1.905333e+03    7.525446e+00    7.525446e+00    7.503986e-05    3.816173e-03  
  3   2  25   1.918705e+03    1.918705e+03    7.573211e+00    7.573211e+00    -5.508173e-03    3.652654e-03  
  3   2  26   1.909272e+03    1.909272e+03    6.934209e+00    6.934209e+00    1.489705e-03    5.340494e-03  
  3   2  27   1.903846e+03    1.903846e+03    6.913884e+00    6.913884e+00    1.076487e-03    4.021603e-03  
  3   2  28   1.904696e+03    1.904696e+03    6.327320e+00    6.327320e+00    3.716111e-03    3.603296e-03  
  3   2  29   1.923792e+03    1.923792e+03    6.432088e+00    6.432088e+00    4.872140e-03    3.591542e-03  
  3   2  30   1.925851e+03    1.925851e+03    6.061526e+00    6.061526e+00    -1.858364e-03    2.714948e-03  
  3   2  31   1.917309e+03    1.917309e+03    6.316777e+00    6.316777e+00    1.447790e-03    3.683535e-03  
  3   2  32   1.929804e+03    1.929804e+03    6.112121e+00    6.112121e+00    -3.430726e-03    3.513628e-03  
  3   2  33   1.935076e+03    1.935076e+03    6.278641e+00    6.278641e+00    -6.897188e-03    2.990379e-03  
  3   2  34   1.959298e+03    1.959298e+03    6.698681e+00    6.698681e+00    -5.832187e-03    3.300209e-03  
  3   2  35   1.966688e+03    1.966688e+03    7.131702e+00    7.131702e+00    -5.488158e-03    4.573660e-03  
  3   2  36   1.958586e+03    1.958586e+03    6.802853e+00    6.802853e+00    3.621231e-04    3.949873e-03  
  3   2  37   1.961611e+03    1.961611e+03    7.384224e+00    7.384224e+00    1.690469e-03    3.620882e-03  
  3   2  38   1.985805e+03    1.985805e+03    7.362088e+00    7.362088e+00    6.514286e-03    4.980972e-03  
  3   2  39   1.997291e+03    1.997291e+03    7.928293e+00    7.928293e+00    -3.647399e-03    3.333516e-03  
  3   2  40   1.985690e+03    1.985690e+03    8.630967e+00    8.630967e+00    5.153288e-03    3.976431e-03  
  3   2  41   2.001573e+03    2.001573e+03    9.140326e+00    9.140326e+00    5.018161e-03    3.366859e-03  
  3   2  42   2.021036e+03    2.021036e+03    9.325563e+00    9.325563e+00    8.295313e-03    5.198581e-03  
  3   2  43   2.001203e+03    2.001203e+03    9.556817e+00    9.556817e+00    2.000820e-03    2.802988e-03  
  3   2  44   2.049414e+03    2.049414e+03    1.151561e+01    1.151561e+01    -1.086071e-04    3.273899e-03  
  3   2  45   2.022257e+03    2.022257e+03    1.101888e+01    1.101888e+01    -3.102097e-03    3.864651e-03  
  3   2  46   2.078603e+03    2.078603e+03    1.365061e+01    1.365061e+01    -8.287330e-04    3.411932e-03  
  3   2  47   2.064864e+03    2.064864e+03    1.515483e+01    1.515483e+01    -1.447236e-03    3.354949e-03  
  3   2  48   2.082387e+03    2.082387e+03    1.752132e+01    1.752132e+01    3.729092e-03    3.570760e-03  
  3   2  49   2.116217e+03    2.116217e+03    1.893221e+01    1.893221e+01    6.765374e-03    5.179181e-03  
  3   2  50   2.091564e+03    2.091564e+03    1.884343e+01    1.884343e+01    2.297750e-03    3.161019e-03  
  3   2  51   2.071367e+03    2.071367e+03    1.706287e+01    1.706287e+01    -3.201093e-03    2.936687e-03  
  3   2  52   2.118563e+03    2.118563e+03    1.993011e+01    1.993011e+01    3.838772e-03    3.827541e-03  
  3   2  53   2.111816e+03    2.111816e+03    2.305206e+01    2.305206e+01    -5.225713e-03    3.485395e-03  
  3   2  54   2.125175e+03    2.125175e+03    2.215513e+01    2.215513e+01    3.447276e-03    5.133963e-03  
  3   2  55   2.110482e+03    2.110482e+03    2.310463e+01    2.310463e+01    3.913621e-03    4.327226e-03  
  3   2  56   2.053259e+03    2.053259e+03    1.938037e+01    1.938037e+01    4.575882e-03    4.182524e-03  
  3   2  57   2.081125e+03    2.081125e+03    2.086801e+01    2.086801e+01    -5.560154e-03    5.422054e-03  
  3   2  58   2.026498e+03    2.026498e+03    1.553108e+01    1.553108e+01    1.288077e-03    3.749465e-03  
  3   2  59   2.028411e+03    2.028411e+03    1.880468e+01    1.880468e+01    -3.899617e-03    5.653047e-03  
  3   2  60   2.057548e+03    2.057548e+03    1.599717e+01    1.599717e+01    -2.379571e-03    4.060690e-03  
  3   2  61   2.083647e+03    2.083647e+03    1.781238e+01    1.781238e+01    8.634336e-04    4.553674e-03  
  3   2  62   2.089633e+03    2.089633e+03    1.423774e+01    1.423774e+01    2.648780e-03    3.646326e-03  
  3   3   1   7.607928e+02    7.607928e+02    2.154763e+00    2.154763e+00    -2.930735e-03    4.547047e-03  
  3   3   2   8.415491e+02    8.415491e+02    3.548059e+01    3.548059e+01    -1.127327e-02    9.842820e-03  
  3   3   3   1.000000e+01    1.000000e+01    1.414214e+00    1.414214e+00    0.000000e+00    0.000000e+00  
  3   3   4   7.850813e+02    7.850813e+02    2.444597e+00    2.444597e+00    9.919046e-03    8.780655e-03  
  3   3   5   8.025397e+02    8.025397e+02    2.446407e+00    2.446407e+00    -1.439114e-02    6.771919e-03  
  4   1   1   8.458955e+02    8.458955e+02    2.317707e+00    2.317707e+00    2.434231e-03    1.377978e-03  
  4   1   2   8.446177e+02    8.446177e+02    2.396361e+00    2.396361e+00    -4.506391e-04    1.895238e-03  
  4   1   3   8.339742e+02    8.339742e+02    2.367803e+00    2.367803e+00    -3.480278e-05    1.881240e-03  
  4   1   4   8.298327e+02    8.298327e+02    2.477209e+00    2.477209e+00    9.369739e-05    2.717067e-03  
  4   1   5   8.171139e+02    8.171139e+02    2.362356e+00    2.362356e+00    -8.617803e-04    2.675675e-03  
  4   1   6   8.075277e+02    8.075277e+02    2.417034e+00    2.417034e+00    -2.850056e-03    3.108432e-03  
  4   1   7   8.012712e+02    8.012712e+02    2.248280e+00    2.248280e+00    1.641856e-03    2.793657e-03  
  4   1   8   7.816778e+02    7.816778e+02    3.391284e+00    3.391284e+00    -3.787366e-04    2.926907e-03  
  4   1   9   7.703140e+02    7.703140e+02    3.486209e+00    3.486209e+00    2.483912e-03    3.566580e-03  
  4   1  10   7.643954e+02    7.643954e+02    3.302012e+00    3.302012e+00    4.858639e-03    4.059495e-03  
  4   1  11   7.632007e+02    7.632007e+02    2.677419e+00    2.677419e+00    4.262794e-03    3.331162e-03  
  4   1  12   7.634177e+02    7.634177e+02    2.528736e+00    2.528736e+00    3.008640e-03    4.012753e-03  
  4   1  13   7.768096e+02    7.768096e+02    3.557936e+00    3.557936e+00    -7.618641e-03    4.381294e-03  
  4   1  14   7.938606e+02    7.938606e+02    2.399675e+00    2.399675e+00    2.539424e-03    4.795684e-03  
  4   1  15   7.971894e+02    7.971894e+02    2.579403e+00    2.579403e+00    1.519513e-03    4.715220e-03  
  4   1  16   8.047357e+02    8.047357e+02    2.526307e+00    2.526307e+00    -3.288854e-03    4.183578e-03  
  4   1  17   8.150832e+02    8.150832e+02    2.774819e+00    2.774819e+00    -1.012091e-02    5.426312e-03  
  4   1  18   8.282052e+02    8.282052e+02    3.346087e+00    3.346087e+00    2.388535e-04    4.182467e-03  
  4   1  19   8.345986e+02    8.345986e+02    3.904413e+00    3.904413e+00    -8.633679e-03    6.376315e-03  
  4   1  20   8.523217e+02    8.523217e+02    5.069434e+00    5.069434e+00    -1.400636e-02    8.052331e-03  
  4   1  21   8.538879e+02    8.538879e+02    5.461124e+00    5.461124e+00    6.312253e-03    5.880473e-03  
  4   1  22   8.610875e+02    8.610875e+02    5.927832e+00    5.927832e+00    2.842253e-03    6.001568e-03  
  4   1  23   8.431012e+02    8.431012e+02    4.757163e+00    4.757163e+00    -8.823061e-03    6.283844e-03  
  4   2   1   2.078371e+03    2.078371e+03    1.298240e+01    1.298240e+01    5.168585e-04    1.563293e-03  
  4   2   2   2.065357e+03    2.065357e+03    9.999161e+00    9.999161e+00    -1.353180e-04    1.508064e-03  
  4   2   3   2.062055e+03    2.062055e+03    8.684771e+00    8.684771e+00    -2.435312e-05    1.486339e-03  
  4   2   4   2.052504e+03    2.052504e+03    7.995145e+00    7.995145e+00    8.132691e-04    1.507646e-03  
  4   2   5   2.039452e+03    2.039452e+03    8.550727e+00    8.550727e+00    2.164093e-03    1.883208e-03  
  4   2   6   2.054182e+03    2.054182e+03    9.100285e+00    9.100285e+00    -1.401226e-03    3.088372e-03  
  4   2   7   2.048093e+03    2.048093e+03    9.130372e+00    9.130372e+00    -1.918747e-03    2.181699e-03  
  4   2   8   2.016721e+03    2.016721e+03    1.006756e+01    1.006756e+01    8.247423e-04    2.246685e-03  
  4   2   9   2.004314e+03    2.004314e+03    9.988536e+00    9.988536e+00    1.675695e-03    2.219441e-03  
  4   2  10   2.032888e+03    2.032888e+03    9.631153e+00    9.631153e+00    -6.044151e-04    2.467317e-03  
  4   2  11   2.015455e+03    2.015455e+03    1.116953e+01    1.116953e+01    -4.391113e-03    3.914623e-03  
  4   2  12   2.005597e+03    2.005597e+03    1.027275e+01    1.027275e+01    3.638948e-03    3.098872e-03  
  4   2  13   1.983574e+03    1.983574e+03    9.882970e+00    9.882970e+00    -4.096329e-03    3.001866e-03  
  4   2  14   2.013063e+03    2.013063e+03    1.005151e+01    1.005151e+01    -2.157468e-03    3.320714e-03  
  4   2  15   1.996160e+03    1.996160e+03    1.030807e+01    1.030807e+01    1.098021e-03    6.136460e-03  
  4   2  16   1.964462e+03    1.964462e+03    1.217278e+01    1.217278e+01    2.334701e-03    2.311717e-03  
  4   2  17   1.966713e+03    1.966713e+03    1.095793e+01    1.095793e+01    5.740554e-04    3.019402e-03  
  4   2  18   1.969554e+03    1.969554e+03    1.075082e+01    1.075082e+01    3.969795e-03    4.517444e-03  
  4   2  19   1.948405e+03    1.948405e+03    9.892951e+00    9.892951e+00    2.900096e-04    3.011834e-03  
  4   2  20   1.931246e+03    1.931246e+03    8.178751e+00    8.178751e+00    7.633271e-04    3.697973e-03  
  4   2  21   1.942763e+03    1.942763e+03    9.565534e+00    9.565534e+00    1.813440e-03    2.681155e-03  
  4   2  22   1.917914e+03    1.917914e+03    8.609135e+00    8.609135e+00    -2.396034e-03    5.121175e-03  
  4   2  23   1.923302e+03    1.923302e+03    8.437501e+00    8.437501e+00    1.344019e-03    3.372571e-03  
  4   2  24   1.911754e+03    1.911754e+03    7.603476e+00    7.603476e+00    7.008929e-03    4.639531e-03  
  4   2  25   1.915780e+03    1.915780e+03    6.543198e+00    6.543198e+00    3.370581e-03    2.571436e-03  
  4   2  26   1.914172e+03    1.914172e+03    7.041263e+00    7.041263e+00    3.511286e-03    3.112296e-03  
  4   2  27   1.916972e+03    1.916972e+03    6.992449e+00    6.992449e+00    -2.517458e-03    2.919862e-03  
  4   2  28   1.913560e+03    1.913560e+03    6.732834e+00    6.732834e+00    1.214421e-03    3.335883e-03  
  4   2  29   1.915868e+03    1.915868e+03    6.582090e+00    6.582090e+00    8.253002e-04    2.964683e-03  
  4   2  30   1.930335e+03    1.930335e+03    6.382145e+00    6.382145e+00    -1.246652e-03    5.382633e-03  
  4   2  31   1.926306e+03    1.926306e+03    6.159941e+00    6.159941e+00    -3.320902e-03    2.910569e-03  
  4   2  32   1.333333e+01    1.333333e+01    1.414214e+00    1.414214e+00    0.000000e+00    0.000000e+00  
  4   2  33   1.937007e+03    1.937007e+03    6.469996e+00    6.469996e+00    -8.015028e-03    7.191098e-03  
  4   2  34   1.956746e+03    1.956746e+03    6.528560e+00    6.528560e+00    -4.505685e-03    3.489998e-03  
  4   2  35   1.961832e+03    1.961832e+03    7.027576e+00    7.027576e+00    1.678239e-03    3.529488e-03  
  4   2  36   1.962370e+03    1.962370e+03    7.309782e+00    7.309782e+00    -6.213145e-04    4.017725e-03  
  4   2  37   1.958453e+03    1.958453e+03    7.273104e+00    7.273104e+00    2.794256e-03    3.292163e-03  
  4   2  38   1.975134e+03    1.975134e+03    7.519811e+00    7.519811e+00    -1.012231e-03    2.859738e-03  
  4   2  39   1.998239e+03    1.998239e+03    8.057452e+00    8.057452e+00    1.847627e-03    3.367301e-03  
  4   2  40   1.995309e+03    1.995309e+03    8.419334e+00    8.419334e+00    2.239955e-03    3.217331e-03  
  4   2  41   2.005567e+03    2.005567e+03    9.002698e+00    9.002698e+00    4.576582e-03    5.380604e-03  
  4   2  42   2.022138e+03    2.022138e+03    9.622723e+00    9.622723e+00    1.960457e-03    3.692779e-03  
  4   2  43   2.033283e+03    2.033283e+03    1.043963e+01    1.043963e+01    4.501529e-03    4.863197e-03  
  4   2  44   2.037963e+03    2.037963e+03    1.141076e+01    1.141076e+01    -1.608535e-03    7.061449e-03  
  4   2  45   2.048261e+03    2.048261e+03    1.117607e+01    1.117607e+01    1.619542e-04    4.244500e-03  
  4   2  46   2.032442e+03    2.032442e+03    1.170961e+01    1.170961e+01    5.446623e-05    3.706631e-03  
  4   2  47   2.061080e+03    2.061080e+03    1.367683e+01    1.367683e+01    -7.698991e-03    5.965798e-03  
  4   2  48   2.061257e+03    2.061257e+03    1.367513e+01    1.367513e+01    1.417376e-03    3.364398e-03  
  4   2  49   2.099775e+03    2.099775e+03    1.815828e+01    1.815828e+01    -2.050303e-03    5.791490e-03  
  4   2  50   2.123458e+03    2.123458e+03    1.765394e+01    1.765394e+01    -1.306526e-03    4.105556e-03  
  4   2  51   2.085344e+03    2.085344e+03    1.716471e+01    1.716471e+01    -1.309565e-03    3.419108e-03  
  4   2  52   2.080277e+03    2.080277e+03    1.623621e+01    1.623621e+01    -1.188146e-04    2.761571e-03  
  4   2  53   2.111701e+03    2.111701e+03    1.922322e+01    1.922322e+01    -3.919626e-03    3.786645e-03  
  4   2  54   2.097110e+03    2.097110e+03    1.787496e+01    1.787496e+01    -1.695246e-03    4.622067e-03  
  4   2  55   2.078270e+03    2.078270e+03    2.242122e+01    2.242122e+01    3.040541e-03    5.828938e-03  
  4   2  56   2.091529e+03    2.091529e+03    2.004703e+01    2.004703e+01    -4.688562e-03    3.242469e-03  
  4   2  57   2.109548e+03    2.109548e+03    2.106185e+01    2.106185e+01    -1.857380e-03    4.794037e-03  
  4   2  58   2.076812e+03    2.076812e+03    1.728659e+01    1.728659e+01    -3.531003e-04    4.072703e-03  
  4   2  59   2.060933e+03    2.060933e+03    1.894345e+01    1.894345e+01    -8.349543e-03    3.560114e-03  
  4   2  60   2.046418e+03    2.046418e+03    1.649673e+01    1.649673e+01    7.031818e-03    3.812542e-03  
  4   2  61   2.049654e+03    2.049654e+03    1.683668e+01    1.683668e+01    1.186636e-03    4.135834e-03  
  4   2  62   2.070479e+03    2.070479e+03    1.944014e+01    1.944014e+01    2.267534e-03    4.843261e-03  
  4   3   1   7.591552e+02    7.591552e+02    2.286608e+00    2.286608e+00    -5.751804e-03    6.692248e-03  
  4   3   2   7.614246e+02    7.614246e+02    2.013392e+00    2.013392e+00    -5.731225e-03    6.126049e-03  
  4   3   3   7.716569e+02    7.716569e+02    4.491822e+00    4.491822e+00    7.575399e-03    6.991205e-03  
  4   3   4   7.868534e+02    7.868534e+02    1.616415e+00    1.616415e+00    3.893523e-03    8.896693e-03  
  4   3   5   8.012937e+02    8.012937e+02    2.404457e+00    2.404457e+00    7.192267e-03    6.723938e-03  
  5   1   1   8.501465e+02    8.501465e+02    2.299852e+00    2.299852e+00    1.808197e-03    1.291986e-03  
  5   1   2   8.423330e+02    8.423330e+02    2.293927e+00    2.293927e+00    1.687836e-03    1.678769e-03  
  5   1   3   8.367672e+02    8.367672e+02    2.439699e+00    2.439699e+00    1.725444e-03    1.963347e-03  
  5   1   4   8.282954e+02    8.282954e+02    2.536091e+00    2.536091e+00    -1.053556e-04    2.270364e-03  
  5   1   5   8.149614e+02    8.149614e+02    2.646738e+00    2.646738e+00    5.621401e-03    2.873539e-03  
  5   1   6   8.046328e+02    8.046328e+02    2.487340e+00    2.487340e+00    3.380871e-03    2.245664e-03  
  5   1   7   7.943078e+02    7.943078e+02    2.657102e+00    2.657102e+00    6.715599e-03    5.175570e-03  
  5   1   8   7.859279e+02    7.859279e+02    2.994793e+00    2.994793e+00    -8.933002e-04    4.016011e-03  
  5   1   9   7.787763e+02    7.787763e+02    4.030164e+00    4.030164e+00    -5.065637e-03    5.460400e-03  
  5   1  10   7.628509e+02    7.628509e+02    3.106498e+00    3.106498e+00    -2.949721e-03    3.415321e-03  
  5   1  11   7.599821e+02    7.599821e+02    2.859779e+00    2.859779e+00    1.917904e-03    4.192099e-03  
  5   1  12   7.650171e+02    7.650171e+02    2.460397e+00    2.460397e+00    -9.271212e-03    4.363263e-03  
  5   1  13   7.847280e+02    7.847280e+02    2.748771e+00    2.748771e+00    -3.796783e-03    4.019220e-03  
  5   1  14   7.791293e+02    7.791293e+02    2.842698e+00    2.842698e+00    -6.381790e-03    5.976026e-03  
  5   1  15   7.907844e+02    7.907844e+02    2.409867e+00    2.409867e+00    -1.694860e-02    6.643120e-03  
  5   1  16   8.037501e+02    8.037501e+02    2.484601e+00    2.484601e+00    9.462711e-04    3.433149e-03  
  5   1  17   8.111299e+02    8.111299e+02    2.693942e+00    2.693942e+00    -1.518000e-02    6.326617e-03  
  5   1  18   8.270195e+02    8.270195e+02    3.354623e+00    3.354623e+00    1.734156e-03    5.181366e-03  
  5   1  19   8.379361e+02    8.379361e+02    3.779266e+00    3.779266e+00    -1.110567e-02    4.375242e-03  
  5   1  20   8.568090e+02    8.568090e+02    4.684668e+00    4.684668e+00    -3.537498e-02    1.191568e-02  
  5   1  21   8.466740e+02    8.466740e+02    5.009770e+00    5.009770e+00    -2.127500e-03    4.715075e-03  
  5   1  22   8.434750e+02    8.434750e+02    5.391887e+00    5.391887e+00    -1.428410e-03    5.882155e-03  
  5   1  23   8.372980e+02    8.372980e+02    4.846384e+00    4.846384e+00    1.972000e-03    5.756581e-03  
  5   2   1   2.075569e+03    2.075569e+03    1.226214e+01    1.226214e+01    1.391304e-03    1.403518e-03  
  5   2   2   2.047754e+03    2.047754e+03    9.247599e+00    9.247599e+00    1.293452e-04    3.009324e-03  
  5   2   3   2.039435e+03    2.039435e+03    8.545353e+00    8.545353e+00    8.470731e-04    1.613177e-03  
  5   2   4   2.024256e+03    2.024256e+03    9.537413e+00    9.537413e+00    3.254535e-03    2.185444e-03  
  5   2   5   2.048552e+03    2.048552e+03    9.014798e+00    9.014798e+00    4.208333e-03    1.788407e-03  
  5   2   6   2.049422e+03    2.049422e+03    9.160269e+00    9.160269e+00    -1.974334e-05    1.801925e-03  
  5   2   7   2.004283e+03    2.004283e+03    9.649250e+00    9.649250e+00    -1.359718e-04    2.421774e-03  
  5   2   8   2.016947e+03    2.016947e+03    9.705978e+00    9.705978e+00    3.969690e-03    2.351874e-03  
  5   2   9   2.029097e+03    2.029097e+03    1.026859e+01    1.026859e+01    -5.080606e-04    2.121946e-03  
  5   2  10   2.020325e+03    2.020325e+03    9.691289e+00    9.691289e+00    1.111377e-03    2.256982e-03  
  5   2  11   2.021690e+03    2.021690e+03    1.020372e+01    1.020372e+01    1.272614e-16    3.002140e-03  
  5   2  12   2.002710e+03    2.002710e+03    9.795202e+00    9.795202e+00    2.021053e-03    4.194883e-03  
  5   2  13   2.002767e+03    2.002767e+03    9.978218e+00    9.978218e+00    2.577332e-03    3.013652e-03  
  5   2  14   1.996916e+03    1.996916e+03    1.125845e+01    1.125845e+01    1.352791e-03    3.118315e-03  
  5   2  15   1.976066e+03    1.976066e+03    1.081523e+01    1.081523e+01    -4.961806e-03    3.288368e-03  
  5   2  16   1.980637e+03    1.980637e+03    1.190412e+01    1.190412e+01    -2.896255e-04    3.935478e-03  
  5   2  17   1.971735e+03    1.971735e+03    9.933361e+00    9.933361e+00    7.182308e-03    3.459792e-03  
  5   2  18   1.955748e+03    1.955748e+03    1.010501e+01    1.010501e+01    4.282363e-03    2.904904e-03  
  5   2  19   1.933008e+03    1.933008e+03    1.015197e+01    1.015197e+01    1.664720e-03    3.461794e-03  
  5   2  20   1.912259e+03    1.912259e+03    9.550432e+00    9.550432e+00    2.136595e-03    3.286569e-03  
  5   2  21   1.932161e+03    1.932161e+03    8.976279e+00    8.976279e+00    7.359123e-03    3.062922e-03  
  5   2  22   1.916853e+03    1.916853e+03    8.282642e+00    8.282642e+00    -5.627902e-03    3.642099e-03  
  5   2  23   1.928474e+03    1.928474e+03    7.787780e+00    7.787780e+00    -8.749644e-03    5.498218e-03  
  5   2  24   1.926374e+03    1.926374e+03    8.085949e+00    8.085949e+00    -5.591398e-03    3.565961e-03  
  5   2  25   1.916060e+03    1.916060e+03    7.046989e+00    7.046989e+00    -2.219568e-03    3.613388e-03  
  5   2  26   1.919576e+03    1.919576e+03    7.442643e+00    7.442643e+00    8.059003e-04    3.405907e-03  
  5   2  27   1.915160e+03    1.915160e+03    6.651264e+00    6.651264e+00    -3.126807e-03    4.306507e-03  
  5   2  28   1.912212e+03    1.912212e+03    6.560720e+00    6.560720e+00    4.413413e-04    4.389869e-03  
  5   2  29   1.911217e+03    1.911217e+03    6.155955e+00    6.155955e+00    -5.604443e-04    3.760452e-03  
  5   2  30   1.920320e+03    1.920320e+03    6.379478e+00    6.379478e+00    1.897233e-03    3.777563e-03  
  5   2  31   1.925217e+03    1.925217e+03    6.515416e+00    6.515416e+00    2.383369e-03    4.571050e-03  
  5   2  32   1.927413e+03    1.927413e+03    6.052600e+00    6.052600e+00    4.275192e-03    3.434777e-03  
  5   2  33   1.943860e+03    1.943860e+03    6.466711e+00    6.466711e+00    -2.441430e-03    5.593373e-03  
  5   2  34   1.947111e+03    1.947111e+03    6.462473e+00    6.462473e+00    -8.968908e-03    4.601256e-03  
  5   2  35   1.954661e+03    1.954661e+03    6.884251e+00    6.884251e+00    -3.477476e-03    2.999345e-03  
  5   2  36   1.954404e+03    1.954404e+03    7.171509e+00    7.171509e+00    -7.579448e-03    3.502793e-03  
  5   2  37   1.963594e+03    1.963594e+03    7.061292e+00    7.061292e+00    1.862372e-03    3.895489e-03  
  5   2  38   1.988145e+03    1.988145e+03    7.724509e+00    7.724509e+00    -3.203674e-03    2.919317e-03  
  5   2  39   1.999055e+03    1.999055e+03    7.985072e+00    7.985072e+00    1.758869e-03    3.663530e-03  
  5   2  40   1.992312e+03    1.992312e+03    8.266508e+00    8.266508e+00    1.052331e-03    4.622556e-03  
  5   2  41   1.996684e+03    1.996684e+03    8.807177e+00    8.807177e+00    -3.886410e-03    4.042875e-03  
  5   2  42   2.028075e+03    2.028075e+03    9.865806e+00    9.865806e+00    -4.190529e-03    4.328420e-03  
  5   2  43   2.028726e+03    2.028726e+03    1.013194e+01    1.013194e+01    -5.955746e-03    3.261422e-03  
  5   2  44   2.033587e+03    2.033587e+03    9.863569e+00    9.863569e+00    -3.032038e-03    3.396359e-03  
  5   2  45   2.063730e+03    2.063730e+03    1.289768e+01    1.289768e+01    -5.521413e-03    5.471963e-03  
  5   2  46   2.030772e+03    2.030772e+03    1.152974e+01    1.152974e+01    -1.146637e-03    3.370690e-03  
  5   2  47   2.063908e+03    2.063908e+03    1.354651e+01    1.354651e+01    3.906144e-03    4.809086e-03  
  5   2  48   2.052889e+03    2.052889e+03    1.415393e+01    1.415393e+01    -4.528095e-03    3.834253e-03  
  5   2  49   1.333333e+01    1.333333e+01    1.414214e+00    1.414214e+00    0.000000e+00    0.000000e+00  
  5   2  50   2.078154e+03    2.078154e+03    1.602317e+01    1.602317e+01    -6.656175e-03    4.699326e-03  
  5   2  51   2.111397e+03    2.111397e+03    1.913211e+01    1.913211e+01    -2.671119e-03    4.492558e-03  
  5   2  52   2.067625e+03    2.067625e+03    1.483800e+01    1.483800e+01    6.548673e-03    4.835508e-03  
  5   2  53   2.072236e+03    2.072236e+03    1.632687e+01    1.632687e+01    3.464418e-03    3.968565e-03  
  5   2  54   2.085118e+03    2.085118e+03    2.086243e+01    2.086243e+01    6.789709e-03    5.428345e-03  
  5   2  55   2.093250e+03    2.093250e+03    2.366197e+01    2.366197e+01    -4.087673e-03    5.822934e-03  
  5   2  56   2.099521e+03    2.099521e+03    2.221889e+01    2.221889e+01    5.133992e-03    3.551387e-03  
  5   2  57   2.039297e+03    2.039297e+03    1.686661e+01    1.686661e+01    -2.251302e-03    3.566699e-03  
  5   2  58   2.130440e+03    2.130440e+03    2.579295e+01    2.579295e+01    -9.772413e-04    3.631032e-03  
  5   2  59   2.036341e+03    2.036341e+03    1.479545e+01    1.479545e+01    -1.757991e-03    4.918815e-03  
  5   2  60   2.050515e+03    2.050515e+03    1.660821e+01    1.660821e+01    -1.335156e-03    4.480478e-03  
  5   2  61   2.078103e+03    2.078103e+03    1.807876e+01    1.807876e+01    -4.879244e-03    5.959575e-03  
  5   2  62   2.062356e+03    2.062356e+03    1.854935e+01    1.854935e+01    8.724100e-03    4.034409e-03  
  5   3   1   7.633240e+02    7.633240e+02    2.376966e+00    2.376966e+00    -8.891761e-03    5.975497e-03  
  5   3   2   8.527402e+02    8.527402e+02    1.414214e+00    1.414214e+00    8.025243e-03    4.597718e-03  
  5   3   3   7.691487e+02    7.691487e+02    4.671014e+00    4.671014e+00    -4.398364e-03    7.023954e-03  
  5   3   4   7.847831e+02    7.847831e+02    2.245078e+00    2.245078e+00    -1.893340e-03    7.285724e-03  
  5   3   5   8.033258e+02    8.033258e+02    2.395918e+00    2.395918e+00    9.933419e-03    7.750099e-03  
  6   1   1   8.509954e+02    8.509954e+02    2.196387e+00    2.196387e+00    -7.774904e-04    1.241842e-03  
  6   1   2   8.400134e+02    8.400134e+02    2.129601e+00    2.129601e+00    1.460280e-03    1.256798e-03  
  6   1   3   8.347698e+02    8.347698e+02    2.480281e+00    2.480281e+00    -6.666188e-04    1.469531e-03  
  6   1   4   8.295152e+02    8.295152e+02    2.528167e+00    2.528167e+00    -2.388909e-04    2.272845e-03  
  6   1   5   8.088530e+02    8.088530e+02    2.721581e+00    2.721581e+00    3.836600e-03    2.315386e-03  
  6   1   6   8.053833e+02    8.053833e+02    2.658822e+00    2.658822e+00    -1.964850e-03    2.284429e-03  
  6   1   7   8.012245e+02    8.012245e+02    3.077927e+00    3.077927e+00    5.855475e-03    4.101118e-03  
  6   1   8   7.896404e+02    7.896404e+02    2.576830e+00    2.576830e+00    -3.059273e-04    3.080311e-03  
  6   1   9   7.767278e+02    7.767278e+02    4.079351e+00    4.079351e+00    -2.527033e-03    3.369151e-03  
  6   1  10   7.683155e+02    7.683155e+02    3.325693e+00    3.325693e+00    -2.603565e-03    4.049578e-03  
  6   1  11   7.739299e+02    7.739299e+02    3.944011e+00    3.944011e+00    -1.557063e-03    5.530649e-03  
  6   1  12   7.638084e+02    7.638084e+02    2.510756e+00    2.510756e+00    2.212900e-02    1.761276e-02  
  6   1  13   7.739213e+02    7.739213e+02    3.199830e+00    3.199830e+00    -7.600257e-03    5.480449e-03  
  6   1  14   7.838048e+02    7.838048e+02    3.089491e+00    3.089491e+00    -8.370089e-03    4.784148e-03  
  6   1  15   7.926420e+02    7.926420e+02    2.469221e+00    2.469221e+00    -6.663997e-03    4.548141e-03  
  6   1  16   8.030927e+02    8.030927e+02    2.503402e+00    2.503402e+00    2.334080e-03    5.233973e-03  
  6   1  17   8.101722e+02    8.101722e+02    2.659923e+00    2.659923e+00    1.259905e-03    4.273115e-03  
  6   1  18   8.224748e+02    8.224748e+02    3.161779e+00    3.161779e+00    7.048634e-03    5.052690e-03  
  6   1  19   8.278987e+02    8.278987e+02    3.842067e+00    3.842067e+00    -6.115592e-03    5.100804e-03  
  6   1  20   8.450141e+02    8.450141e+02    4.705203e+00    4.705203e+00    4.533431e-03    4.057666e-03  
  6   1  21   8.490506e+02    8.490506e+02    5.313683e+00    5.313683e+00    -6.451475e-03    6.365855e-03  
  6   1  22   8.534628e+02    8.534628e+02    5.943706e+00    5.943706e+00    6.950635e-03    6.055717e-03  
  6   1  23   8.436396e+02    8.436396e+02    5.307867e+00    5.307867e+00    -6.453340e-03    7.234154e-03  
  6   2   1   2.063759e+03    2.063759e+03    1.339492e+01    1.339492e+01    1.319239e-03    1.879945e-03  
  6   2   2   2.060693e+03    2.060693e+03    9.427762e+00    9.427762e+00    8.972456e-04    1.456888e-03  
  6   2   3   2.052905e+03    2.052905e+03    9.110793e+00    9.110793e+00    -1.150389e-03    2.064130e-03  
  6   2   4   2.036186e+03    2.036186e+03    8.010687e+00    8.010687e+00    6.704515e-04    1.813537e-03  
  6   2   5   2.040233e+03    2.040233e+03    8.383501e+00    8.383501e+00    2.720311e-03    2.054315e-03  
  6   2   6   2.062153e+03    2.062153e+03    9.353873e+00    9.353873e+00    2.028085e-03    2.179065e-03  
  6   2   7   2.030123e+03    2.030123e+03    9.021569e+00    9.021569e+00    1.747785e-04    1.664133e-03  
  6   2   8   2.035576e+03    2.035576e+03    1.038255e+01    1.038255e+01    6.053948e-04    2.554790e-03  
  6   2   9   2.014624e+03    2.014624e+03    9.085668e+00    9.085668e+00    -1.119810e-03    2.143679e-03  
  6   2  10   2.021276e+03    2.021276e+03    9.252474e+00    9.252474e+00    -4.492804e-04    2.203397e-03  
  6   2  11   2.010158e+03    2.010158e+03    8.766171e+00    8.766171e+00    -4.790419e-04    2.059257e-03  
  6   2  12   2.000305e+03    2.000305e+03    1.013898e+01    1.013898e+01    -1.215142e-03    2.346915e-03  
  6   2  13   1.999997e+03    1.999997e+03    1.070053e+01    1.070053e+01    -1.112552e-03    2.476547e-03  
  6   2  14   1.985125e+03    1.985125e+03    9.955142e+00    9.955142e+00    9.317196e-04    3.199876e-03  
  6   2  15   1.985485e+03    1.985485e+03    9.820847e+00    9.820847e+00    -5.485204e-03    4.013982e-03  
  6   2  16   1.972115e+03    1.972115e+03    9.378518e+00    9.378518e+00    3.488655e-03    3.287987e-03  
  6   2  17   1.983032e+03    1.983032e+03    1.065972e+01    1.065972e+01    1.068301e-03    3.585131e-03  
  6   2  18   1.943172e+03    1.943172e+03    1.047788e+01    1.047788e+01    -1.376876e-03    3.624060e-03  
  6   2  19   1.972761e+03    1.972761e+03    1.046235e+01    1.046235e+01    -5.549716e-04    2.993773e-03  
  6   2  20   1.931693e+03    1.931693e+03    8.626676e+00    8.626676e+00    8.547360e-04    4.930098e-03  
  6   2  21   1.947212e+03    1.947212e+03    8.253691e+00    8.253691e+00    -5.007572e-03    3.125479e-03  
  6   2  22   1.946099e+03    1.946099e+03    8.606776e+00    8.606776e+00    -1.024102e-03    3.415417e-03  
  6   2  23   1.924065e+03    1.924065e+03    7.071333e+00    7.071333e+00    -8.391608e-04    3.963313e-03  
  6   2  24   1.917949e+03    1.917949e+03    7.353225e+00    7.353225e+00    -3.163246e-04    3.357376e-03  
  6   2  25   1.918113e+03    1.918113e+03    7.201042e+00    7.201042e+00    -4.969398e-04    4.030028e-03  
  6   2  26   1.917486e+03    1.917486e+03    7.094344e+00    7.094344e+00    -7.272727e-05    5.450217e-03  
  6   2  27   1.910318e+03    1.910318e+03    6.978392e+00    6.978392e+00    4.742807e-04    2.704301e-03  
  6   2  28   1.917039e+03    1.917039e+03    6.579206e+00    6.579206e+00    2.839910e-03    4.090425e-03  
  6   2  29   1.919923e+03    1.919923e+03    6.469947e+00    6.469947e+00    -9.336445e-05    3.885508e-03  
  6   2  30   1.920030e+03    1.920030e+03    6.510915e+00    6.510915e+00    -4.201888e-03    4.214097e-03  
  6   2  31   1.922362e+03    1.922362e+03    6.042613e+00    6.042613e+00    -2.387674e-03    3.853107e-03  
  6   2  32   1.935963e+03    1.935963e+03    6.096439e+00    6.096439e+00    1.655085e-03    3.314636e-03  
  6   2  33   1.937972e+03    1.937972e+03    6.864801e+00    6.864801e+00    -2.308946e-03    3.938527e-03  
  6   2  34   1.950933e+03    1.950933e+03    6.552347e+00    6.552347e+00    -4.385898e-04    3.421894e-03  
  6   2  35   1.949886e+03    1.949886e+03    7.132764e+00    7.132764e+00    -3.471971e-03    4.121906e-03  
  6   2  36   1.954937e+03    1.954937e+03    6.830852e+00    6.830852e+00    -1.078002e-02    5.435001e-03  
  6   2  37   1.966752e+03    1.966752e+03    7.160139e+00    7.160139e+00    2.379743e-03    8.046266e-03  
  6   2  38   1.979397e+03    1.979397e+03    7.333928e+00    7.333928e+00    -1.486883e-03    4.284507e-03  
  6   2  39   1.998612e+03    1.998612e+03    7.845177e+00    7.845177e+00    -2.316690e-03    4.557054e-03  
  6   2  40   1.995556e+03    1.995556e+03    8.356389e+00    8.356389e+00    5.265965e-03    4.310364e-03  
  6   2  41   2.007385e+03    2.007385e+03    9.042202e+00    9.042202e+00    7.991733e-03    3.928993e-03  
  6   2  42   2.011599e+03    2.011599e+03    9.661683e+00    9.661683e+00    9.451008e-03    4.359126e-03  
  6   2  43   2.038147e+03    2.038147e+03    1.084939e+01    1.084939e+01    2.192078e-03    2.932115e-03  
  6   2  44   2.037085e+03    2.037085e+03    1.143636e+01    1.143636e+01    6.936894e-03    3.560890e-03  
  6   2  45   2.022769e+03    2.022769e+03    1.038926e+01    1.038926e+01    7.351529e-04    4.095533e-03  
  6   2  46   2.056498e+03    2.056498e+03    1.324698e+01    1.324698e+01    3.159472e-04    3.693161e-03  
  6   2  47   2.084672e+03    2.084672e+03    1.539436e+01    1.539436e+01    -6.994536e-04    4.022500e-03  
  6   2  48   2.085199e+03    2.085199e+03    1.460068e+01    1.460068e+01    -1.583510e-03    3.965277e-03  
  6   2  49   2.090532e+03    2.090532e+03    1.499259e+01    1.499259e+01    4.765678e-03    4.656449e-03  
  6   2  50   2.068341e+03    2.068341e+03    1.569292e+01    1.569292e+01    4.508426e-03    5.018612e-03  
  6   2  51   2.091990e+03    2.091990e+03    1.517426e+01    1.517426e+01    4.536904e-03    3.903694e-03  
  6   2  52   2.140361e+03    2.140361e+03    2.398863e+01    2.398863e+01    -3.168536e-03    7.356933e-03  
  6   2  53   2.103436e+03    2.103436e+03    1.880391e+01    1.880391e+01    3.638619e-04    3.581714e-03  
  6   2  54   2.101971e+03    2.101971e+03    1.894573e+01    1.894573e+01    -1.340688e-04    5.078759e-03  
  6   2  55   2.140793e+03    2.140793e+03    2.483417e+01    2.483417e+01    4.274384e-03    3.469272e-03  
  6   2  56   2.101631e+03    2.101631e+03    2.243883e+01    2.243883e+01    7.340282e-03    4.961295e-03  
  6   2  57   2.014178e+03    2.014178e+03    1.604207e+01    1.604207e+01    -8.953522e-03    3.607379e-03  
  6   2  58   2.087929e+03    2.087929e+03    2.055147e+01    2.055147e+01    -5.400359e-04    4.316364e-03  
  6   2  59   2.034741e+03    2.034741e+03    1.409765e+01    1.409765e+01    7.989426e-04    3.159962e-03  
  6   2  60   2.061703e+03    2.061703e+03    1.684441e+01    1.684441e+01    6.083650e-04    5.393846e-03  
  6   2  61   2.042784e+03    2.042784e+03    1.639557e+01    1.639557e+01    1.230945e-03    3.868064e-03  
  6   2  62   2.039439e+03    2.039439e+03    2.093764e+01    2.093764e+01    5.277481e-03    4.032299e-03  
  6   3   1   7.500000e+02    7.500000e+02    2.622235e+01    2.622235e+01    -8.077910e-03    5.942495e-03  
  6   3   2   8.506195e+02    8.506195e+02    1.009000e+02    1.009000e+02    -1.059866e-04    3.830243e-03  
  6   3   3   7.695101e+02    7.695101e+02    3.257599e+00    3.257599e+00    5.376751e-04    4.953458e-03  
  6   3   4   7.880037e+02    7.880037e+02    2.061479e+00    2.061479e+00    2.040337e-02    6.912965e-03  
  6   3   5   8.021937e+02    8.021937e+02    2.333946e+00    2.333946e+00    4.390967e-03    7.720643e-03  
