1 1 1 1.307
1 1 2 0.106
1 1 3 2.896
1 1 4 1.387
1 1 5 0.063
1 1 6 4.193
1 1 7 0.080
1 1 8 -0.163
1 1 9 -1.425
1 1 10 1.407
1 1 11 4.659
1 1 12 2.561
1 1 13 -2.902
1 1 14 0.314
1 1 15 0.792
1 1 16 0.425
1 1 17 -3.680
1 1 18 1.588
1 1 19 -0.758
1 1 20 0.426
1 1 21 -0.242
1 1 22 -2.177
1 1 23 -0.614
1 2 1 0.293
1 2 2 0.480
1 2 3 1.291
1 2 4 1.203
1 2 5 1.942
1 2 6 -0.613
1 2 7 -1.036
1 2 8 -0.570
1 2 9 -1.749
1 2 10 0.775
1 2 11 0.849
1 2 12 1.715
1 2 13 0.378
1 2 14 0.073
1 2 15 0.646
1 2 16 -1.114
1 2 17 0.689
1 2 18 1.347
1 2 19 -0.215
1 2 20 0.142
1 2 21 0.348
1 2 22 -0.466
1 2 23 -0.821
1 2 24 0.456
1 2 25 1.127
1 2 26 0.446
1 2 27 1.055
1 2 28 2.193
1 2 29 -0.135
1 2 30 0.395
1 2 31 0.632
1 2 32 0.760
1 2 33 1.785
1 2 34 0.449
1 2 35 -0.507
1 2 36 -0.882
1 2 37 -1.436
1 2 38 -0.622
1 2 39 -1.696
1 2 40 -1.891
1 2 41 0.790
1 2 42 0.166
1 2 43 0.368
1 2 44 -0.177
1 2 45 -0.762
1 2 46 -0.165
1 2 47 0.184
1 2 48 1.425
1 2 49 1.847
1 2 50 -0.130
1 2 51 -0.065
1 2 52 -0.790
1 2 53 -0.530
1 2 54 -0.969
1 2 55 -0.673
1 2 56 -0.048
1 2 57 -0.317
1 2 58 -0.741
1 2 59 -1.304
1 2 60 -0.397
1 2 61 1.820
1 2 62 0.639
1 3 1 11.845
1 3 2 -8.316
1 3 3 -9.543
1 3 4 -7.571
1 3 5 2.895
2 1 1 -3.751
2 1 2 1.197
2 1 3 0.716
2 1 4 -2.318
2 1 5 0.000
2 1 6 0.513
2 1 7 -0.249
2 1 8 -1.263
2 1 9 -0.169
2 1 10 0.000
2 1 11 0.404
2 1 12 2.232
2 1 13 0.664
2 1 14 1.989
2 1 15 0.468
2 1 16 0.267
2 1 17 5.446
2 1 18 -0.249
2 1 19 -4.555
2 1 20 2.165
2 1 21 0.000
2 1 22 -0.988
2 1 23 -2.042
2 2 1 -1.603
2 2 2 -0.086
2 2 3 0.434
2 2 4 1.356
2 2 5 -0.356
2 2 6 -1.856
2 2 7 0.427
2 2 8 -1.279
2 2 9 1.747
2 2 10 1.265
2 2 11 1.635
2 2 12 0.610
2 2 13 -0.848
2 2 14 0.363
2 2 15 -0.808
2 2 16 0.567
2 2 17 0.615
2 2 18 0.388
2 2 19 -0.156
2 2 20 -0.215
2 2 21 -0.377
2 2 22 -0.332
2 2 23 -0.600
2 2 24 -0.696
2 2 25 -0.249
2 2 26 0.407
2 2 27 1.853
2 2 28 0.531
2 2 29 2.099
2 2 30 2.286
2 2 31 0.603
2 2 32 2.946
2 2 33 0.217
2 2 34 0.294
2 2 35 0.762
2 2 36 0.370
2 2 37 -0.602
2 2 38 0.423
2 2 39 0.246
2 2 40 0.740
2 2 41 2.428
2 2 42 0.911
2 2 43 1.952
2 2 44 1.902
2 2 45 2.261
2 2 46 0.989
2 2 47 0.012
2 2 48 2.644
2 2 49 2.097
2 2 50 2.771
2 2 51 0.103
2 2 52 0.582
2 2 53 1.271
2 2 54 -0.659
2 2 55 -1.397
2 2 56 -0.788
2 2 57 -0.312
2 2 58 0.224
2 2 59 1.461
2 2 60 0.028
2 2 61 1.574
2 2 62 -0.931
2 3 1 8.942
2 3 2 -1.134
2 3 3 0.362
2 3 4 0.000
2 3 5 6.919
3 1 1 0.000
3 1 2 0.000
3 1 3 0.000
3 1 4 0.000
3 1 5 0.000
3 1 6 0.000
3 1 7 0.000
3 1 8 0.000
3 1 9 0.000
3 1 10 0.000
3 1 11 0.000
3 1 12 0.000
3 1 13 0.000
3 1 14 0.000
3 1 15 0.000
3 1 16 0.000
3 1 17 -7.659
3 1 18 -1.201
3 1 19 0.170
3 1 20 2.215
3 1 21 -1.360
3 1 22 -3.515
3 1 23 0.051
3 2 1 0.000
3 2 2 0.000
3 2 3 0.000
3 2 4 0.000
3 2 5 0.000
3 2 6 0.000
3 2 7 0.000
3 2 8 0.000
3 2 9 0.000
3 2 10 0.000
3 2 11 0.000
3 2 12 0.000
3 2 13 0.000
3 2 14 0.000
3 2 15 0.000
3 2 16 0.000
3 2 17 0.386
3 2 18 -1.935
3 2 19 -0.657
3 2 20 0.078
3 2 21 1.031
3 2 22 -0.523
3 2 23 0.052
3 2 24 0.573
3 2 25 1.148
3 2 26 0.900
3 2 27 -0.926
3 2 28 0.122
3 2 29 2.394
3 2 30 0.000
3 2 31 -0.419
3 2 32 0.000
3 2 33 0.000
3 2 34 0.000
3 2 35 0.000
3 2 36 0.000
3 2 37 0.000
3 2 38 0.000
3 2 39 0.000
3 2 40 0.000
3 2 41 0.000
3 2 42 0.000
3 2 43 0.000
3 2 44 0.000
3 2 45 0.000
3 2 46 0.000
3 2 47 0.000
3 2 48 0.000
3 2 49 -0.098
3 2 50 -2.219
3 2 51 0.705
3 2 52 0.896
3 2 53 1.634
3 2 54 -0.919
3 2 55 0.857
3 2 56 0.382
3 2 57 -0.163
3 2 58 -0.105
3 2 59 -0.857
3 2 60 0.158
3 2 61 -0.806
3 2 62 -1.552
3 3 1 4.690
3 3 2 0.772
3 3 3 -4.579
3 3 4 -0.980
3 3 5 -2.634
4 1 1 2.112
4 1 2 3.039
4 1 3 1.847
4 1 4 -1.346
4 1 5 -0.632
4 1 6 2.422
4 1 7 1.042
4 1 8 -0.832
4 1 9 -0.605
4 1 10 0.982
4 1 11 3.344
4 1 12 -0.421
4 1 13 0.913
4 1 14 -0.045
4 1 15 3.929
4 1 16 2.255
4 1 17 -1.941
4 1 18 0.000
4 1 19 -0.132
4 1 20 1.012
4 1 21 -0.016
4 1 22 1.625
4 1 23 2.200
4 2 1 -0.421
4 2 2 -0.942
4 2 3 -1.590
4 2 4 0.326
4 2 5 0.693
4 2 6 -1.146
4 2 7 0.052
4 2 8 0.661
4 2 9 2.227
4 2 10 1.209
4 2 11 1.136
4 2 12 1.382
4 2 13 0.820
4 2 14 0.623
4 2 15 0.521
4 2 16 -0.501
4 2 17 0.721
4 2 18 -0.810
4 2 19 0.268
4 2 20 2.431
4 2 21 -0.038
4 2 22 0.679
4 2 23 0.355
4 2 24 0.277
4 2 25 1.254
4 2 26 1.325
4 2 27 1.679
4 2 28 0.743
4 2 29 1.754
4 2 30 0.931
4 2 31 0.000
4 2 32 0.127
4 2 33 -0.176
4 2 34 1.107
4 2 35 0.986
4 2 36 2.059
4 2 37 0.766
4 2 38 1.519
4 2 39 -0.035
4 2 40 -1.090
4 2 41 0.727
4 2 42 1.638
4 2 43 1.438
4 2 44 1.331
4 2 45 2.122
4 2 46 -0.506
4 2 47 0.618
4 2 48 0.396
4 2 49 0.973
4 2 50 -0.319
4 2 51 1.141
4 2 52 0.236
4 2 53 1.710
4 2 54 -0.520
4 2 55 0.732
4 2 56 0.187
4 2 57 0.163
4 2 58 -0.509
4 2 59 0.522
4 2 60 1.664
4 2 61 1.479
4 2 62 -0.623
4 3 1 0.000
4 3 2 1.604
4 3 3 -3.463
4 3 4 12.081
4 3 5 0.000
5 1 1 -0.758
5 1 2 2.441
5 1 3 -0.421
5 1 4 -9.543
5 1 5 -0.110
5 1 6 3.809
5 1 7 -1.602
5 1 8 0.699
5 1 9 1.021
5 1 10 1.600
5 1 11 -0.563
5 1 12 -1.174
5 1 13 2.238
5 1 14 0.846
5 1 15 -3.704
5 1 16 8.308
5 1 17 3.522
5 1 18 0.031
5 1 19 -1.016
5 1 20 0.673
5 1 21 -0.011
5 1 22 -1.046
5 1 23 -0.338
5 2 1 1.600
5 2 2 -0.949
5 2 3 0.143
5 2 4 1.226
5 2 5 0.083
5 2 6 1.521
5 2 7 1.019
5 2 8 0.295
5 2 9 0.713
5 2 10 1.361
5 2 11 0.119
5 2 12 0.823
5 2 13 0.551
5 2 14 0.948
5 2 15 0.648
5 2 16 2.278
5 2 17 0.019
5 2 18 0.717
5 2 19 1.350
5 2 20 0.265
5 2 21 0.567
5 2 22 -0.593
5 2 23 -0.283
5 2 24 0.465
5 2 25 1.203
5 2 26 0.184
5 2 27 1.157
5 2 28 1.829
5 2 29 1.130
5 2 30 0.870
5 2 31 1.379
5 2 32 0.466
5 2 33 1.688
5 2 34 0.205
5 2 35 0.409
5 2 36 -0.850
5 2 37 0.102
5 2 38 -1.209
5 2 39 -0.828
5 2 40 0.123
5 2 41 0.671
5 2 42 1.167
5 2 43 0.185
5 2 44 0.651
5 2 45 1.696
5 2 46 0.598
5 2 47 1.169
5 2 48 -0.214
5 2 49 -0.864
5 2 50 1.022
5 2 51 1.361
5 2 52 0.335
5 2 53 0.073
5 2 54 0.623
5 2 55 -1.070
5 2 56 1.792
5 2 57 -1.119
5 2 58 0.709
5 2 59 -0.565
5 2 60 -0.144
5 2 61 1.431
5 2 62 -0.751
5 3 1 0.833
5 3 2 0.555
5 3 3 3.275
5 3 4 1.448
5 3 5 -9.499
6 1 1 3.505
6 1 2 -0.253
6 1 3 -2.938
6 1 4 1.553
6 1 5 1.920
6 1 6 -2.612
6 1 7 -0.498
6 1 8 1.809
6 1 9 0.877
6 1 10 -0.047
6 1 11 -1.090
6 1 12 -0.219
6 1 13 1.209
6 1 14 -5.939
6 1 15 -3.450
6 1 16 -0.566
6 1 17 2.691
6 1 18 -0.252
6 1 19 -0.127
6 1 20 1.550
6 1 21 0.000
6 1 22 -2.395
6 1 23 -1.795
6 2 1 -1.484
6 2 2 -0.073
6 2 3 -0.004
6 2 4 2.114
6 2 5 0.818
6 2 6 1.352
6 2 7 -0.668
6 2 8 -1.842
6 2 9 -0.812
6 2 10 0.306
6 2 11 0.534
6 2 12 0.580
6 2 13 -0.085
6 2 14 0.500
6 2 15 0.064
6 2 16 -1.267
6 2 17 -1.781
6 2 18 -0.550
6 2 19 1.005
6 2 20 -1.184
6 2 21 0.692
6 2 22 -0.443
6 2 23 -0.603
6 2 24 1.073
6 2 25 0.635
6 2 26 -0.193
6 2 27 0.468
6 2 28 -0.866
6 2 29 0.679
6 2 30 -0.620
6 2 31 -0.038
6 2 32 0.002
6 2 33 -1.626
6 2 34 -0.566
6 2 35 -0.492
6 2 36 0.038
6 2 37 -0.369
6 2 38 -2.092
6 2 39 -1.186
6 2 40 0.032
6 2 41 1.733
6 2 42 0.445
6 2 43 -0.013
6 2 44 -1.443
6 2 45 -0.266
6 2 46 -0.522
6 2 47 -0.334
6 2 48 -0.404
6 2 49 -0.212
6 2 50 1.716
6 2 51 0.118
6 2 52 -1.142
6 2 53 0.711
6 2 54 0.230
6 2 55 0.943
6 2 56 0.209
6 2 57 -0.556
6 2 58 -0.995
6 2 59 -0.513
6 2 60 -0.996
6 2 61 -0.082
6 2 62 -1.144
6 3 1 -18.200
6 3 2 1.523
6 3 3 2.479
6 3 4 -9.934
6 3 5 3.687
