  1   1   1   1.461175e+02    1.461175e+02    3.084868e+02    3.084868e+02    -2.564341e-03  
  1   1   2   1.561112e+02    1.561112e+02    2.060234e+02    2.060234e+02    1.067238e-03  
  1   1   3   1.595380e+02    1.595380e+02    1.451540e+02    1.451540e+02    1.150539e-03  
  1   1   4   1.626196e+02    1.626196e+02    9.513296e+01    9.513296e+01    5.190629e-04  
  1   1   5   1.694127e+02    1.694127e+02    8.422173e+01    8.422173e+01    1.831852e-03  
  1   1   6   1.713313e+02    1.713313e+02    8.080627e+01    8.080627e+01    1.454483e-03  
  1   1   7   1.737916e+02    1.737916e+02    9.310463e+01    9.310463e+01    -8.642378e-04  
  1   1   8   1.796570e+02    1.796570e+02    8.246573e+01    8.246573e+01    1.056229e-03  
  1   1   9   1.840947e+02    1.840947e+02    7.389031e+01    7.389031e+01    1.417683e-03  
  1   1  10   1.867846e+02    1.867846e+02    7.473343e+01    7.473343e+01    7.190552e-05  
  1   1  11   1.902525e+02    1.902525e+02    6.929517e+01    6.929517e+01    4.646913e-04  
  1   1  12   1.933196e+02    1.933196e+02    5.704566e+01    5.704566e+01    -2.170157e-03  
  1   1  13   1.974306e+02    1.974306e+02    5.503176e+01    5.503176e+01    -1.705174e-03  
  1   1  14   2.015111e+02    2.015111e+02    5.140462e+01    5.140462e+01    -2.074633e-03  
  1   1  15   2.057956e+02    2.057956e+02    4.276701e+01    4.276701e+01    4.951209e-05  
  1   1  16   2.111125e+02    2.111125e+02    4.533289e+01    4.533289e+01    2.642796e-03  
  1   1  17   2.124698e+02    2.124698e+02    4.769579e+01    4.769579e+01    -2.282284e-03  
  1   1  18   2.177150e+02    2.177150e+02    4.879404e+01    4.879404e+01    8.496937e-04  
  1   1  19   2.223208e+02    2.223208e+02    3.963682e+01    3.963682e+01    1.311028e-03  
  1   1  20   2.267847e+02    2.267847e+02    4.928409e+01    4.928409e+01    2.840722e-03  
  1   1  21   2.301517e+02    2.301517e+02    4.434440e+01    4.434440e+01    2.317041e-03  
  1   1  22   2.332476e+02    2.332476e+02    4.339083e+01    4.339083e+01    2.364254e-05  
  1   1  23   2.352385e+02    2.352385e+02    4.149469e+01    4.149469e+01    -5.404870e-03  
  1   2   1   1.480504e+02    1.480504e+02    1.292763e+03    1.292763e+03    -2.357282e-03  
  1   2   2   1.719878e+02    1.719878e+02    5.253646e+02    5.253646e+02    2.736807e-03  
  1   2   3   1.711565e+02    1.711565e+02    3.728570e+02    3.728570e+02    3.268145e-03  
  1   2   4   1.609023e+02    1.609023e+02    2.943602e+02    2.943602e+02    -4.167854e-03  
  1   2   5   1.726559e+02    1.726559e+02    3.038769e+02    3.038769e+02    -2.313305e-04  
  1   2   6   1.828668e+02    1.828668e+02    3.042705e+02    3.042705e+02    2.284918e-03  
  1   2   7   1.802867e+02    1.802867e+02    2.309892e+02    2.309892e+02    1.246825e-03  
  1   2   8   1.878171e+02    1.878171e+02    1.523505e+02    1.523505e+02    1.499846e-03  
  1   2   9   1.895594e+02    1.895594e+02    1.386901e+02    1.386901e+02    4.835498e-04  
  1   2  10   1.843827e+02    1.843827e+02    1.302755e+02    1.302755e+02    -8.233004e-03  
  1   2  11   1.940676e+02    1.940676e+02    1.379506e+02    1.379506e+02    -5.303117e-03  
  1   2  12   2.055838e+02    2.055838e+02    1.661517e+02    1.661517e+02    2.789476e-03  
  1   2  13   2.130310e+02    2.130310e+02    1.604621e+02    1.604621e+02    4.839842e-03  
  1   2  14   2.098338e+02    2.098338e+02    1.312693e+02    1.312693e+02    -1.194150e-03  
  1   2  15   2.170822e+02    2.170822e+02    1.413877e+02    1.413877e+02    5.902104e-04  
  1   2  16   2.222948e+02    2.222948e+02    1.111333e+02    1.111333e+02    2.031236e-03  
  1   2  17   2.274631e+02    2.274631e+02    1.174267e+02    1.174267e+02    3.734679e-03  
  1   2  18   2.290951e+02    2.290951e+02    1.097509e+02    1.097509e+02    2.702116e-03  
  1   2  19   2.346168e+02    2.346168e+02    1.411042e+02    1.411042e+02    3.027127e-03  
  1   2  20   2.382478e+02    2.382478e+02    1.021134e+02    1.021134e+02    -1.918713e-04  
  1   2  21   2.389424e+02    2.389424e+02    1.199927e+02    1.199927e+02    -1.991259e-04  
  1   2  22   2.471924e+02    2.471924e+02    1.393952e+02    1.393952e+02    5.591039e-03  
  1   2  23   2.445343e+02    2.445343e+02    1.015169e+02    1.015169e+02    -2.963394e-03  
  1   2  24   2.511160e+02    2.511160e+02    1.087233e+02    1.087233e+02    -1.761439e-03  
  1   2  25   2.497197e+02    2.497197e+02    8.626325e+01    8.626325e+01    -6.761200e-03  
  1   2  26   2.626669e+02    2.626669e+02    1.117255e+02    1.117255e+02    3.277670e-03  
  1   2  27   2.630509e+02    2.630509e+02    1.005396e+02    1.005396e+02    -3.451353e-04  
  1   2  28   2.720274e+02    2.720274e+02    1.081202e+02    1.081202e+02    3.954415e-03  
  1   2  29   2.749874e+02    2.749874e+02    1.137378e+02    1.137378e+02    2.918213e-03  
  1   2  30   2.757072e+02    2.757072e+02    1.086665e+02    1.086665e+02    -6.254265e-04  
  1   2  31   2.846337e+02    2.846337e+02    1.186920e+02    1.186920e+02    4.729223e-03  
  1   2  32   2.798830e+02    2.798830e+02    9.464380e+01    9.464380e+01    -4.477720e-03  
  1   2  33   2.866238e+02    2.866238e+02    1.059064e+02    1.059064e+02    1.126497e-04  
  1   2  34   2.937856e+02    2.937856e+02    8.448764e+01    8.448764e+01    -4.867145e-04  
  1   2  35   2.986314e+02    2.986314e+02    1.002747e+02    1.002747e+02    3.527833e-03  
  1   2  36   3.011686e+02    3.011686e+02    9.616539e+01    9.616539e+01    6.072473e-04  
  1   2  37   3.055914e+02    3.055914e+02    1.087129e+02    1.087129e+02    1.314465e-03  
  1   2  38   3.063928e+02    3.063928e+02    8.685887e+01    8.685887e+01    -4.576582e-03  
  1   2  39   3.112328e+02    3.112328e+02    9.220887e+01    9.220887e+01    -1.566331e-03  
  1   2  40   3.151835e+02    3.151835e+02    8.762952e+01    8.762952e+01    -1.906964e-03  
  1   2  41   3.255110e+02    3.255110e+02    8.953021e+01    8.953021e+01    2.906362e-03  
  1   2  42   3.220119e+02    3.220119e+02    9.016961e+01    9.016961e+01    -4.172570e-03  
  1   2  43   3.323851e+02    3.323851e+02    1.016577e+02    1.016577e+02    5.505911e-03  
  1   2  44   3.289559e+02    3.289559e+02    8.720160e+01    8.720160e+01    -6.828518e-03  
  1   2  45   3.415685e+02    3.415685e+02    8.759433e+01    8.759433e+01    3.007727e-03  
  1   2  46   3.429523e+02    3.429523e+02    9.833235e+01    9.833235e+01    4.624053e-03  
  1   2  47   3.518132e+02    3.518132e+02    1.083615e+02    1.083615e+02    5.129600e-03  
  1   2  48   3.567609e+02    3.567609e+02    9.000843e+01    9.000843e+01    9.089848e-03  
  1   2  49   3.490174e+02    3.490174e+02    8.275009e+01    8.275009e+01    -5.873441e-03  
  1   2  50   3.582918e+02    3.582918e+02    9.098765e+01    9.098765e+01    4.270772e-04  
  1   2  51   3.620518e+02    3.620518e+02    8.975146e+01    8.975146e+01    -7.301089e-04  
  1   2  52   3.709106e+02    3.709106e+02    8.465139e+01    8.465139e+01    6.098756e-03  
  1   2  53   3.678052e+02    3.678052e+02    8.714847e+01    8.714847e+01    -2.130523e-03  
  1   2  54   3.828486e+02    3.828486e+02    8.961754e+01    8.961754e+01    6.711526e-03  
  1   2  55   3.756593e+02    3.756593e+02    7.936636e+01    7.936636e+01    -3.344527e-03  
  1   2  56   3.856623e+02    3.856623e+02    9.600792e+01    9.600792e+01    1.541502e-04  
  1   2  57   3.895857e+02    3.895857e+02    9.518076e+01    9.518076e+01    2.825819e-03  
  1   2  58   3.922566e+02    3.922566e+02    9.856135e+01    9.856135e+01    4.018580e-04  
  1   2  59   4.026059e+02    4.026059e+02    1.002425e+02    1.002425e+02    7.818573e-03  
  1   2  60   3.992918e+02    3.992918e+02    9.801687e+01    9.801687e+01    -4.317877e-05  
  1   2  61   4.022188e+02    4.022188e+02    8.118752e+01    8.118752e+01    -2.347110e-03  
  1   2  62   4.077587e+02    4.077587e+02    8.927493e+01    8.927493e+01    2.985451e-03  
  1   3   1   2.375203e+02    2.375203e+02    4.121174e+01    4.121174e+01    -1.550861e-04  
  1   3   2   2.413479e+02    2.413479e+02    4.010065e+01    4.010065e+01    3.093952e-03  
  1   3   3   2.462978e+02    2.462978e+02    4.558132e+01    4.558132e+01    4.120210e-03  
  1   3   4   2.522780e+02    2.522780e+02    4.248901e+01    4.248901e+01    4.204384e-03  
  1   3   5   2.538209e+02    2.538209e+02    3.885222e+01    3.885222e+01    -1.191059e-04  
  2   1   1   1.511190e+02    1.511190e+02    3.327811e+02    3.327811e+02    -9.482816e-05  
  2   1   2   1.540493e+02    1.540493e+02    1.994403e+02    1.994403e+02    -8.976944e-04  
  2   1   3   1.571247e+02    1.571247e+02    1.371295e+02    1.371295e+02    -1.562468e-03  
  2   1   4   1.648781e+02    1.648781e+02    1.044661e+02    1.044661e+02    2.589701e-03  
  2   1   5   1.676483e+02    1.676483e+02    1.146260e+02    1.146260e+02    -7.830753e-05  
  2   1   6   1.699753e+02    1.699753e+02    7.618120e+01    7.618120e+01    1.903695e-04  
  2   1   7   1.758053e+02    1.758053e+02    9.682880e+01    9.682880e+01    2.608237e-03  
  2   1   8   1.748496e+02    1.748496e+02    6.834641e+01    6.834641e+01    -6.724908e-03  
  2   1   9   1.815512e+02    1.815512e+02    6.945903e+01    6.945903e+01    -2.608771e-03  
  2   1  10   1.885510e+02    1.885510e+02    7.606717e+01    7.606717e+01    2.724106e-03  
  2   1  11   1.895809e+02    1.895809e+02    6.864366e+01    6.864366e+01    -1.450494e-03  
  2   1  12   1.944278e+02    1.944278e+02    6.085540e+01    6.085540e+01    2.238422e-03  
  2   1  13   1.973441e+02    1.973441e+02    5.476034e+01    5.476034e+01    -1.554506e-03  
  2   1  14   2.010097e+02    2.010097e+02    5.022017e+01    5.022017e+01    -2.241071e-03  
  2   1  15   2.046914e+02    2.046914e+02    5.403341e+01    5.403341e+01    -2.509566e-03  
  2   1  16   2.118452e+02    2.118452e+02    4.941960e+01    4.941960e+01    4.019089e-03  
  2   1  17   2.122031e+02    2.122031e+02    4.656250e+01    4.656250e+01    -3.878197e-03  
  2   1  18   2.178316e+02    2.178316e+02    4.801770e+01    4.801770e+01    -6.023961e-04  
  2   1  19   2.221448e+02    2.221448e+02    4.072857e+01    4.072857e+01    1.529198e-03  
  2   1  20   2.245950e+02    2.245950e+02    4.722071e+01    4.722071e+01    -2.394251e-03  
  2   1  21   2.308387e+02    2.308387e+02    4.575695e+01    4.575695e+01    3.419603e-03  
  2   1  22   2.346334e+02    2.346334e+02    4.463676e+01    4.463676e+01    2.772347e-03  
  2   1  23   2.387964e+02    2.387964e+02    3.801139e+01    3.801139e+01    1.766149e-03  
  2   2   1   1.651710e+02    1.651710e+02    1.733553e+03    1.733553e+03    3.157745e-03  
  2   2   2   1.606258e+02    1.606258e+02    3.947639e+02    3.947639e+02    1.267959e-03  
  2   2   3   1.617641e+02    1.617641e+02    3.200677e+02    3.200677e+02    -1.198274e-03  
  2   2   4   1.768239e+02    1.768239e+02    3.682720e+02    3.682720e+02    4.665332e-03  
  2   2   5   1.721188e+02    1.721188e+02    3.011771e+02    3.011771e+02    5.709315e-04  
  2   2   6   1.739520e+02    1.739520e+02    2.603772e+02    2.603772e+02    -2.639290e-03  
  2   2   7   1.861485e+02    1.861485e+02    1.745709e+02    1.745709e+02    2.903277e-03  
  2   2   8   1.884794e+02    1.884794e+02    1.592991e+02    1.592991e+02    2.373738e-03  
  2   2   9   1.905566e+02    1.905566e+02    1.389561e+02    1.389561e+02    2.673382e-04  
  2   2  10   1.933513e+02    1.933513e+02    1.624109e+02    1.624109e+02    6.327107e-04  
  2   2  11   1.958583e+02    1.958583e+02    1.491094e+02    1.491094e+02    -3.149966e-03  
  2   2  12   1.992294e+02    1.992294e+02    1.454283e+02    1.454283e+02    -2.177429e-03  
  2   2  13   2.043259e+02    2.043259e+02    1.367386e+02    1.367386e+02    -1.336662e-03  
  2   2  14   2.092172e+02    2.092172e+02    1.376928e+02    1.376928e+02    -1.611016e-03  
  2   2  15   2.132383e+02    2.132383e+02    1.349574e+02    1.349574e+02    6.950340e-04  
  2   2  16   2.178126e+02    2.178126e+02    1.017547e+02    1.017547e+02    1.590624e-04  
  2   2  17   2.222042e+02    2.222042e+02    1.090576e+02    1.090576e+02    -4.157578e-03  
  2   2  18   2.288528e+02    2.288528e+02    1.338896e+02    1.338896e+02    1.374221e-03  
  2   2  19   2.390980e+02    2.390980e+02    1.217480e+02    1.217480e+02    5.393524e-03  
  2   2  20   2.405440e+02    2.405440e+02    1.383659e+02    1.383659e+02    1.897812e-03  
  2   2  21   2.416991e+02    2.416991e+02    1.279028e+02    1.279028e+02    2.685424e-03  
  2   2  22   2.463427e+02    2.463427e+02    1.193438e+02    1.193438e+02    2.171832e-04  
  2   2  23   2.472031e+02    2.472031e+02    1.154101e+02    1.154101e+02    -3.207997e-04  
  2   2  24   2.491548e+02    2.491548e+02    9.975915e+01    9.975915e+01    -2.518729e-03  
  2   2  25   2.538399e+02    2.538399e+02    9.947441e+01    9.947441e+01    -3.354898e-03  
  2   2  26   2.580521e+02    2.580521e+02    9.517218e+01    9.517218e+01    -4.015230e-03  
  2   2  27   2.658036e+02    2.658036e+02    1.069102e+02    1.069102e+02    2.498365e-03  
  2   2  28   2.702140e+02    2.702140e+02    1.055914e+02    1.055914e+02    2.681613e-03  
  2   2  29   2.745376e+02    2.745376e+02    8.982747e+01    8.982747e+01    1.639992e-03  
  2   2  30   2.778159e+02    2.778159e+02    9.670804e+01    9.670804e+01    1.454415e-03  
  2   2  31   2.834848e+02    2.834848e+02    1.138446e+02    1.138446e+02    3.033842e-03  
  2   2  32   2.863288e+02    2.863288e+02    8.646241e+01    8.646241e+01    8.793129e-04  
  2   2  33   2.863906e+02    2.863906e+02    8.417984e+01    8.417984e+01    -2.092634e-03  
  2   2  34   2.942371e+02    2.942371e+02    8.935732e+01    8.935732e+01    2.432263e-03  
  2   2  35   2.952247e+02    2.952247e+02    9.071842e+01    9.071842e+01    -9.058035e-04  
  2   2  36   3.001595e+02    3.001595e+02    9.042380e+01    9.042380e+01    -1.080834e-03  
  2   2  37   3.118466e+02    3.118466e+02    9.613424e+01    9.613424e+01    7.281550e-03  
  2   2  38   3.073108e+02    3.073108e+02    9.428656e+01    9.428656e+01    1.531706e-04  
  2   2  39   3.174852e+02    3.174852e+02    8.858754e+01    8.858754e+01    4.551535e-03  
  2   2  40   3.215035e+02    3.215035e+02    8.801386e+01    8.801386e+01    4.852056e-03  
  2   2  41   3.165424e+02    3.165424e+02    8.640153e+01    8.640153e+01    -5.644068e-03  
  2   2  42   3.362057e+02    3.362057e+02    8.539429e+01    8.539429e+01    8.260742e-03  
  2   2  43   3.240268e+02    3.240268e+02    9.711317e+01    9.711317e+01    -5.483534e-03  
  2   2  44   3.300570e+02    3.300570e+02    9.452826e+01    9.452826e+01    -2.511076e-03  
  2   2  45   3.428376e+02    3.428376e+02    9.518964e+01    9.518964e+01    4.993824e-03  
  2   2  46   3.344835e+02    3.344835e+02    7.525150e+01    7.525150e+01    -1.057174e-02  
  2   2  47   3.465639e+02    3.465639e+02    1.027760e+02    1.027760e+02    1.480146e-03  
  2   2  48   3.426139e+02    3.426139e+02    7.752550e+01    7.752550e+01    -7.662259e-03  
  2   2  49   3.603359e+02    3.603359e+02    1.001440e+02    1.001440e+02    7.054221e-03  
  2   2  50   3.614987e+02    3.614987e+02    8.842960e+01    8.842960e+01    3.861489e-03  
  2   2  51   3.613039e+02    3.613039e+02    9.757896e+01    9.757896e+01    -1.944452e-03  
  2   2  52   3.629167e+02    3.629167e+02    9.581750e+01    9.581750e+01    -4.121416e-03  
  2   2  53   3.743157e+02    3.743157e+02    9.415087e+01    9.415087e+01    6.242195e-03  
  2   2  54   3.845299e+02    3.845299e+02    9.340780e+01    9.340780e+01    9.401265e-03  
  2   2  55   3.749924e+02    3.749924e+02    7.851205e+01    7.851205e+01    -5.804533e-03  
  2   2  56   3.833852e+02    3.833852e+02    9.401543e+01    9.401543e+01    2.338399e-03  
  2   2  57   3.844692e+02    3.844692e+02    8.678144e+01    8.678144e+01    -2.897726e-03  
  2   2  58   3.963911e+02    3.963911e+02    9.022412e+01    9.022412e+01    2.019050e-03  
  2   2  59   3.964753e+02    3.964753e+02    7.818623e+01    7.818623e+01    6.011211e-06  
  2   2  60   3.936318e+02    3.936318e+02    7.656308e+01    7.656308e+01    -1.542394e-02  
  2   2  61   4.033159e+02    4.033159e+02    9.578468e+01    9.578468e+01    -1.832589e-03  
  2   2  62   4.090895e+02    4.090895e+02    9.643484e+01    9.643484e+01    3.932642e-03  
  2   3   1   2.385783e+02    2.385783e+02    4.447533e+01    4.447533e+01    4.263189e-03  
  2   3   2   2.405246e+02    2.405246e+02    4.351279e+01    4.351279e+01    -1.832071e-04  
  2   3   3   2.448235e+02    2.448235e+02    4.348398e+01    4.348398e+01    3.557388e-04  
  2   3   4   2.500681e+02    2.500681e+02    4.497344e+01    4.497344e+01    1.525732e-03  
  2   3   5   2.554466e+02    2.554466e+02    4.861196e+01    4.861196e+01    3.961154e-03  
  3   1   1   1.524182e+02    1.524182e+02    3.368947e+02    3.368947e+02    1.341430e-04  
  3   1   2   1.566959e+02    1.566959e+02    2.094521e+02    2.094521e+02    1.424104e-03  
  3   1   3   1.577750e+02    1.577750e+02    1.357834e+02    1.357834e+02    -2.674957e-03  
  3   1   4   1.629764e+02    1.629764e+02    1.412325e+02    1.412325e+02    1.463433e-04  
  3   1   5   1.677512e+02    1.677512e+02    1.134727e+02    1.134727e+02    5.120098e-04  
  3   1   6   1.686325e+02    1.686325e+02    1.044320e+02    1.044320e+02    -3.782700e-03  
  3   1   7   1.770909e+02    1.770909e+02    9.834005e+01    9.834005e+01    3.772397e-03  
  3   1   8   1.774615e+02    1.774615e+02    7.509440e+01    7.509440e+01    -1.854643e-03  
  3   1   9   1.816978e+02    1.816978e+02    6.922106e+01    6.922106e+01    -1.391154e-03  
  3   1  10   1.859650e+02    1.859650e+02    7.341962e+01    7.341962e+01    1.279039e-04  
  3   1  11   1.916996e+02    1.916996e+02    5.961053e+01    5.961053e+01    3.323437e-03  
  3   1  12   1.939638e+02    1.939638e+02    5.937136e+01    5.937136e+01    1.658393e-03  
  3   1  13   1.984998e+02    1.984998e+02    5.789884e+01    5.789884e+01    9.677902e-04  
  3   1  14   2.029474e+02    2.029474e+02    5.525001e+01    5.525001e+01    2.736380e-03  
  3   1  15   2.046974e+02    2.046974e+02    5.279081e+01    5.279081e+01    -4.321065e-03  
  3   1  16   2.095803e+02    2.095803e+02    5.290388e+01    5.290388e+01    -1.345086e-03  
  3   1  17   2.135512e+02    2.135512e+02    4.785795e+01    4.785795e+01    -9.229430e-04  
  3   1  18   2.171297e+02    2.171297e+02    4.586396e+01    4.586396e+01    -1.507473e-03  
  3   1  19   2.191689e+02    2.191689e+02    4.048810e+01    4.048810e+01    -7.868253e-03  
  3   1  20   2.264309e+02    2.264309e+02    4.055563e+01    4.055563e+01    1.386984e-03  
  3   1  21   2.325383e+02    2.325383e+02    4.208265e+01    4.208265e+01    6.452276e-03  
  3   1  22   2.348166e+02    2.348166e+02    4.529214e+01    4.529214e+01    3.813550e-03  
  3   1  23   2.382095e+02    2.382095e+02    4.052317e+01    4.052317e+01    1.968863e-03  
  3   2   1   1.489999e+02    1.489999e+02    1.305859e+03    1.305859e+03    -2.609116e-03  
  3   2   2   1.518134e+02    1.518134e+02    3.403639e+02    3.403639e+02    -3.247119e-03  
  3   2   3   1.686227e+02    1.686227e+02    3.592890e+02    3.592890e+02    3.435420e-03  
  3   2   4   1.710137e+02    1.710137e+02    2.163978e+02    2.163978e+02    1.874836e-03  
  3   2   5   1.758540e+02    1.758540e+02    2.033039e+02    2.033039e+02    2.340519e-03  
  3   2   6   1.822451e+02    1.822451e+02    2.056915e+02    2.056915e+02    3.998377e-03  
  3   2   7   1.786330e+02    1.786330e+02    2.225668e+02    2.225668e+02    -2.250366e-03  
  3   2   8   1.905288e+02    1.905288e+02    1.678032e+02    1.678032e+02    3.924565e-03  
  3   2   9   1.905611e+02    1.905611e+02    2.157855e+02    2.157855e+02    3.286174e-03  
  3   2  10   1.911430e+02    1.911430e+02    1.552972e+02    1.552972e+02    -2.608633e-03  
  3   2  11   2.014688e+02    2.014688e+02    1.706760e+02    1.706760e+02    2.398806e-03  
  3   2  12   2.012635e+02    2.012635e+02    1.543347e+02    1.543347e+02    -1.309126e-03  
  3   2  13   2.059436e+02    2.059436e+02    1.374094e+02    1.374094e+02    -8.272694e-04  
  3   2  14   2.166044e+02    2.166044e+02    1.592450e+02    1.592450e+02    7.348911e-03  
  3   2  15   2.181864e+02    2.181864e+02    1.459915e+02    1.459915e+02    2.560646e-03  
  3   2  16   2.223929e+02    2.223929e+02    1.565874e+02    1.565874e+02    2.227615e-03  
  3   2  17   2.285876e+02    2.285876e+02    1.263131e+02    1.263131e+02    3.837432e-03  
  3   2  18   2.287666e+02    2.287666e+02    1.383935e+02    1.383935e+02    3.746163e-03  
  3   2  19   2.319205e+02    2.319205e+02    1.002642e+02    1.002642e+02    2.049336e-03  
  3   2  20   2.397121e+02    2.397121e+02    1.364018e+02    1.364018e+02    3.730259e-03  
  3   2  21   2.410731e+02    2.410731e+02    9.726788e+01    9.726788e+01    2.419657e-03  
  3   2  22   2.417748e+02    2.417748e+02    1.053807e+02    1.053807e+02    -1.454461e-03  
  3   2  23   2.468944e+02    2.468944e+02    1.305548e+02    1.305548e+02    4.079161e-04  
  3   2  24   2.515053e+02    2.515053e+02    1.022031e+02    1.022031e+02    -2.846359e-03  
  3   2  25   2.583416e+02    2.583416e+02    1.136034e+02    1.136034e+02    2.825506e-03  
  3   2  26   2.545528e+02    2.545528e+02    8.543468e+01    8.543468e+01    -7.102762e-03  
  3   2  27   2.625776e+02    2.625776e+02    1.018484e+02    1.018484e+02    -4.484468e-04  
  3   2  28   2.659532e+02    2.659532e+02    9.819086e+01    9.819086e+01    -1.714356e-03  
  3   2  29   2.704707e+02    2.704707e+02    1.060437e+02    1.060437e+02    -1.125967e-03  
  3   2  30   2.760253e+02    2.760253e+02    9.216797e+01    9.216797e+01    1.655570e-03  
  3   2  31   2.845002e+02    2.845002e+02    9.520938e+01    9.520938e+01    4.022138e-03  
  3   2  32   2.835414e+02    2.835414e+02    9.276329e+01    9.276329e+01    -2.607991e-04  
  3   2  33   2.916958e+02    2.916958e+02    9.520710e+01    9.520710e+01    4.111776e-03  
  3   2  34   2.922109e+02    2.922109e+02    9.768201e+01    9.768201e+01    1.318141e-03  
  3   2  35   3.026530e+02    3.026530e+02    1.064222e+02    1.064222e+02    6.361086e-03  
  3   2  36   3.002814e+02    3.002814e+02    8.964363e+01    8.964363e+01    -1.374128e-03  
  3   2  37   3.017657e+02    3.017657e+02    8.635981e+01    8.635981e+01    -2.654593e-03  
  3   2  38   3.072927e+02    3.072927e+02    8.134381e+01    8.134381e+01    -4.256727e-03  
  3   2  39   3.108310e+02    3.108310e+02    8.480238e+01    8.480238e+01    -2.828100e-03  
  3   2  40   3.199002e+02    3.199002e+02    9.902081e+01    9.902081e+01    3.116475e-03  
  3   2  41   3.244821e+02    3.244821e+02    9.358515e+01    9.358515e+01    1.905326e-03  
  3   2  42   3.263667e+02    3.263667e+02    8.222351e+01    8.222351e+01    8.164087e-04  
  3   2  43   3.245534e+02    3.245534e+02    7.870283e+01    7.870283e+01    -7.158024e-03  
  3   2  44   3.360767e+02    3.360767e+02    9.979398e+01    9.979398e+01    2.816041e-03  
  3   2  45   3.396883e+02    3.396883e+02    8.042380e+01    8.042380e+01    1.575170e-05  
  3   2  46   3.431091e+02    3.431091e+02    9.406409e+01    9.406409e+01    -2.785518e-04  
  3   2  47   3.521353e+02    3.521353e+02    8.461578e+01    8.461578e+01    6.669737e-03  
  3   2  48   3.447777e+02    3.447777e+02    8.779435e+01    8.779435e+01    -3.532643e-03  
  3   2  49   3.567409e+02    3.567409e+02    9.437765e+01    9.437765e+01    4.225581e-03  
  3   2  50   3.600146e+02    3.600146e+02    9.511995e+01    9.511995e+01    5.005190e-03  
  3   2  51   3.667765e+02    3.667765e+02    8.069239e+01    8.069239e+01    3.913879e-03  
  3   2  52   3.692224e+02    3.692224e+02    8.572679e+01    8.572679e+01    3.097346e-03  
  3   2  53   3.682413e+02    3.682413e+02    9.538623e+01    9.538623e+01    -3.495086e-03  
  3   2  54   3.716667e+02    3.716667e+02    8.737770e+01    8.737770e+01    -3.491064e-03  
  3   2  55   3.786229e+02    3.786229e+02    9.385902e+01    9.385902e+01    -1.698652e-03  
  3   2  56   3.782245e+02    3.782245e+02    9.018191e+01    9.018191e+01    -6.005315e-03  
  3   2  57   3.942190e+02    3.942190e+02    8.487500e+01    8.487500e+01    5.060568e-03  
  3   2  58   3.948494e+02    3.948494e+02    8.502582e+01    8.502582e+01    1.975670e-03  
  3   2  59   4.010644e+02    4.010644e+02    7.763927e+01    7.763927e+01    1.473017e-03  
  3   2  60   4.066760e+02    4.066760e+02    8.874909e+01    8.874909e+01    4.414393e-03  
  3   2  61   4.201110e+02    4.201110e+02    9.851728e+01    9.851728e+01    1.814405e-02  
  3   2  62   4.057853e+02    4.057853e+02    8.746733e+01    8.746733e+01    -3.069167e-03  
  3   3   1   2.372227e+02    2.372227e+02    4.306573e+01    4.306573e+01    5.990764e-04  
  3   3   2   2.420456e+02    2.420456e+02    4.242735e+01    4.242735e+01    5.659847e-03  
  3   3   3   2.401686e+02    2.401686e+02    3.534924e+01    3.534924e+01    -1.416269e-02  
  3   3   4   2.455045e+02    2.455045e+02    3.695935e+01    3.695935e+01    -1.004231e-02  
  3   3   5   2.538504e+02    2.538504e+02    3.555379e+01    3.555379e+01    2.320575e-04  
  4   1   1   1.500527e+02    1.500527e+02    1.936293e+02    1.936293e+02    1.528940e-04  
  4   1   2   1.512025e+02    1.512025e+02    1.882835e+02    1.882835e+02    -1.775677e-03  
  4   1   3   1.554774e+02    1.554774e+02    1.305602e+02    1.305602e+02    -3.778560e-03  
  4   1   4   1.628474e+02    1.628474e+02    1.398712e+02    1.398712e+02    -9.718435e-04  
  4   1   5   1.700039e+02    1.700039e+02    9.025471e+01    9.025471e+01    3.068619e-03  
  4   1   6   1.713599e+02    1.713599e+02    1.119272e+02    1.119272e+02    1.646236e-03  
  4   1   7   1.760835e+02    1.760835e+02    7.191402e+01    7.191402e+01    1.926514e-03  
  4   1   8   1.781761e+02    1.781761e+02    7.764446e+01    7.764446e+01    1.138890e-04  
  4   1   9   1.818440e+02    1.818440e+02    6.922777e+01    6.922777e+01    -3.068140e-04  
  4   1  10   1.877982e+02    1.877982e+02    5.827977e+01    5.827977e+01    1.205684e-03  
  4   1  11   1.918623e+02    1.918623e+02    5.880263e+01    5.880263e+01    2.926723e-03  
  4   1  12   1.944716e+02    1.944716e+02    6.093914e+01    6.093914e+01    1.766414e-03  
  4   1  13   1.982917e+02    1.982917e+02    5.656834e+01    5.656834e+01    5.126567e-04  
  4   1  14   2.023715e+02    2.023715e+02    5.269250e+01    5.269250e+01    4.391683e-04  
  4   1  15   2.082064e+02    2.082064e+02    5.174628e+01    5.174628e+01    5.224657e-03  
  4   1  16   2.106821e+02    2.106821e+02    4.142011e+01    4.142011e+01    7.402940e-04  
  4   1  17   2.141989e+02    2.141989e+02    4.966521e+01    4.966521e+01    1.527927e-03  
  4   1  18   2.156185e+02    2.156185e+02    4.127373e+01    4.127373e+01    -6.240739e-03  
  4   1  19   2.231349e+02    2.231349e+02    5.115929e+01    5.115929e+01    4.020733e-03  
  4   1  20   2.260190e+02    2.260190e+02    4.261863e+01    4.261863e+01    1.914980e-03  
  4   1  21   2.300333e+02    2.300333e+02    4.925499e+01    4.925499e+01    2.653095e-03  
  4   1  22   2.356907e+02    2.356907e+02    4.111517e+01    4.111517e+01    7.060816e-03  
  4   1  23   2.362120e+02    2.362120e+02    4.308531e+01    4.308531e+01    -1.526509e-03  
  4   2   1   1.472732e+02    1.472732e+02    1.277556e+03    1.277556e+03    -2.131144e-03  
  4   2   2   1.591081e+02    1.591081e+02    3.769277e+02    3.769277e+02    -4.651117e-04  
  4   2   3   1.650542e+02    1.650542e+02    3.345688e+02    3.345688e+02    -8.245945e-04  
  4   2   4   1.736303e+02    1.736303e+02    2.261657e+02    2.261657e+02    2.303225e-03  
  4   2   5   1.724913e+02    1.724913e+02    1.840002e+02    1.840002e+02    1.784616e-04  
  4   2   6   1.801265e+02    1.801265e+02    2.857559e+02    2.857559e+02    5.521872e-04  
  4   2   7   1.850307e+02    1.850307e+02    2.471277e+02    2.471277e+02    1.962688e-03  
  4   2   8   1.902178e+02    1.902178e+02    2.377521e+02    2.377521e+02    5.920237e-03  
  4   2   9   1.890393e+02    1.890393e+02    2.074284e+02    2.074284e+02    -2.203635e-03  
  4   2  10   1.925364e+02    1.925364e+02    1.560139e+02    1.560139e+02    -1.622916e-03  
  4   2  11   1.974642e+02    1.974642e+02    1.521369e+02    1.521369e+02    -1.559153e-03  
  4   2  12   2.050721e+02    2.050721e+02    1.640121e+02    1.640121e+02    1.174540e-03  
  4   2  13   2.087073e+02    2.087073e+02    1.567688e+02    1.567688e+02    2.400221e-03  
  4   2  14   2.073248e+02    2.073248e+02    1.226601e+02    1.226601e+02    -5.118216e-03  
  4   2  15   2.180391e+02    2.180391e+02    1.479689e+02    1.479689e+02    4.608322e-03  
  4   2  16   2.232505e+02    2.232505e+02    1.225554e+02    1.225554e+02    2.643854e-03  
  4   2  17   2.248614e+02    2.248614e+02    1.450098e+02    1.450098e+02    6.503391e-04  
  4   2  18   2.270172e+02    2.270172e+02    1.291752e+02    1.291752e+02    -1.867102e-03  
  4   2  19   2.366657e+02    2.366657e+02    1.141106e+02    1.141106e+02    3.595271e-03  
  4   2  20   2.402186e+02    2.402186e+02    1.127775e+02    1.127775e+02    2.081998e-03  
  4   2  21   2.406121e+02    2.406121e+02    1.231834e+02    1.231834e+02    -1.461218e-03  
  4   2  22   2.362693e+02    2.362693e+02    9.036636e+01    9.036636e+01    -7.006017e-03  
  4   2  23   2.471220e+02    2.471220e+02    1.096157e+02    1.096157e+02    -1.456869e-03  
  4   2  24   2.557856e+02    2.557856e+02    1.157732e+02    1.157732e+02    3.599573e-03  
  4   2  25   2.600530e+02    2.600530e+02    1.156542e+02    1.156542e+02    2.311832e-03  
  4   2  26   2.578504e+02    2.578504e+02    1.212414e+02    1.212414e+02    -1.618112e-03  
  4   2  27   2.665506e+02    2.665506e+02    1.032561e+02    1.032561e+02    4.636024e-04  
  4   2  28   2.729666e+02    2.729666e+02    9.494860e+01    9.494860e+01    1.816491e-03  
  4   2  29   2.749628e+02    2.749628e+02    1.134039e+02    1.134039e+02    3.677417e-03  
  4   2  30   2.770111e+02    2.770111e+02    8.282411e+01    8.282411e+01    1.537080e-04  
  4   2  31   2.810103e+02    2.810103e+02    8.239511e+01    8.239511e+01    6.148668e-04  
  4   2  32   2.873530e+02    2.873530e+02    8.366369e+01    8.366369e+01    4.080259e-04  
  4   2  33   2.902100e+02    2.902100e+02    8.770531e+01    8.770531e+01    1.532580e-03  
  4   2  34   2.953454e+02    2.953454e+02    9.491718e+01    9.491718e+01    3.998719e-03  
  4   2  35   2.928258e+02    2.928258e+02    8.969364e+01    8.969364e+01    -1.096114e-03  
  4   2  36   2.976763e+02    2.976763e+02    9.033232e+01    9.033232e+01    -3.267122e-03  
  4   2  37   3.036289e+02    3.036289e+02    9.740196e+01    9.740196e+01    1.151496e-03  
  4   2  38   3.053710e+02    3.053710e+02    8.388413e+01    8.388413e+01    -2.655342e-03  
  4   2  39   3.121729e+02    3.121729e+02    9.265756e+01    9.265756e+01    1.243166e-03  
  4   2  40   3.184064e+02    3.184064e+02    9.321818e+01    9.321818e+01    1.150532e-03  
  4   2  41   3.182888e+02    3.182888e+02    7.721343e+01    7.721343e+01    -5.406074e-03  
  4   2  42   3.293816e+02    3.293816e+02    8.641979e+01    8.641979e+01    2.655957e-03  
  4   2  43   3.291399e+02    3.291399e+02    9.925240e+01    9.925240e+01    5.094813e-04  
  4   2  44   3.225982e+02    3.225982e+02    8.078935e+01    8.078935e+01    -1.381519e-02  
  4   2  45   3.424915e+02    3.424915e+02    9.448109e+01    9.448109e+01    4.433535e-03  
  4   2  46   3.464830e+02    3.464830e+02    1.025343e+02    1.025343e+02    6.406408e-03  
  4   2  47   3.448313e+02    3.448313e+02    8.797723e+01    8.797723e+01    -1.421574e-03  
  4   2  48   3.513665e+02    3.513665e+02    9.540628e+01    9.540628e+01    -5.138288e-04  
  4   2  49   3.590828e+02    3.590828e+02    9.411378e+01    9.411378e+01    6.932002e-03  
  4   2  50   3.577175e+02    3.577175e+02    9.020342e+01    9.020342e+01    -1.709085e-03  
  4   2  51   3.586139e+02    3.586139e+02    8.413281e+01    8.413281e+01    -2.528533e-03  
  4   2  52   3.673715e+02    3.673715e+02    9.340597e+01    9.340597e+01    -5.872696e-04  
  4   2  53   3.687933e+02    3.687933e+02    9.901002e+01    9.901002e+01    -4.799968e-04  
  4   2  54   3.767469e+02    3.767469e+02    1.024151e+02    1.024151e+02    4.329317e-03  
  4   2  55   3.766706e+02    3.766706e+02    8.698990e+01    8.698990e+01    -3.430848e-03  
  4   2  56   3.752669e+02    3.752669e+02    8.560795e+01    8.560795e+01    -6.707677e-03  
  4   2  57   3.876787e+02    3.876787e+02    7.830291e+01    7.830291e+01    -2.330995e-03  
  4   2  58   3.810993e+02    3.810993e+02    8.397935e+01    8.397935e+01    -8.633717e-03  
  4   2  59   3.964526e+02    3.964526e+02    9.674295e+01    9.674295e+01    5.214596e-04  
  4   2  60   3.981189e+02    3.981189e+02    9.487524e+01    9.487524e+01    -2.956887e-03  
  4   2  61   4.072374e+02    4.072374e+02    8.239810e+01    8.239810e+01    1.032946e-03  
  4   2  62   4.121657e+02    4.121657e+02    9.307239e+01    9.307239e+01    3.871506e-03  
  4   3   1   2.362346e+02    2.362346e+02    3.978389e+01    3.978389e+01    -3.871397e-03  
  4   3   2   2.422704e+02    2.422704e+02    3.897565e+01    3.897565e+01    2.870075e-03  
  4   3   3   2.465346e+02    2.465346e+02    3.691104e+01    3.691104e+01    9.496064e-04  
  4   3   4   2.520368e+02    2.520368e+02    4.556491e+01    4.556491e+01    2.919541e-03  
  4   3   5   2.537167e+02    2.537167e+02    4.214246e+01    4.214246e+01    2.411472e-04  
  5   1   1   1.508563e+02    1.508563e+02    3.321628e+02    3.321628e+02    2.392501e-04  
  5   1   2   1.519243e+02    1.519243e+02    1.874206e+02    1.874206e+02    -2.981931e-03  
  5   1   3   1.536176e+02    1.536176e+02    1.218690e+02    1.218690e+02    -6.550277e-03  
  5   1   4   1.638503e+02    1.638503e+02    9.531203e+01    9.531203e+01    2.436626e-04  
  5   1   5   1.684129e+02    1.684129e+02    1.167004e+02    1.167004e+02    5.287964e-04  
  5   1   6   1.704086e+02    1.704086e+02    1.120683e+02    1.120683e+02    1.479532e-03  
  5   1   7   1.729731e+02    1.729731e+02    9.123105e+01    9.123105e+01    -3.421396e-03  
  5   1   8   1.796664e+02    1.796664e+02    8.071641e+01    8.071641e+01    1.642223e-03  
  5   1   9   1.826587e+02    1.826587e+02    7.106444e+01    7.106444e+01    -1.017932e-03  
  5   1  10   1.879489e+02    1.879489e+02    7.612370e+01    7.612370e+01    2.959989e-03  
  5   1  11   1.903899e+02    1.903899e+02    5.246165e+01    5.246165e+01    3.053533e-04  
  5   1  12   1.925436e+02    1.925436e+02    5.641703e+01    5.641703e+01    -1.589335e-03  
  5   1  13   1.962617e+02    1.962617e+02    5.234056e+01    5.234056e+01    -3.254089e-03  
  5   1  14   2.023684e+02    2.023684e+02    5.470547e+01    5.470547e+01    1.060323e-03  
  5   1  15   2.056600e+02    2.056600e+02    5.575363e+01    5.575363e+01    -3.447238e-04  
  5   1  16   2.092037e+02    2.092037e+02    5.353388e+01    5.353388e+01    -2.926881e-04  
  5   1  17   2.139469e+02    2.139469e+02    4.976434e+01    4.976434e+01    1.672587e-03  
  5   1  18   2.159248e+02    2.159248e+02    4.291092e+01    4.291092e+01    -4.470249e-03  
  5   1  19   2.213037e+02    2.213037e+02    4.866653e+01    4.866653e+01    -5.838086e-04  
  5   1  20   2.253198e+02    2.253198e+02    3.912597e+01    3.912597e+01    -2.816685e-03  
  5   1  21   2.298244e+02    2.298244e+02    4.365039e+01    4.365039e+01    1.616298e-03  
  5   1  22   2.322627e+02    2.322627e+02    4.057306e+01    4.057306e+01    -1.697723e-03  
  5   1  23   2.365426e+02    2.365426e+02    3.515857e+01    3.515857e+01    -8.060747e-05  
  5   2   1   1.533893e+02    1.533893e+02    1.416425e+03    1.416425e+03    -6.915675e-04  
  5   2   2   1.545040e+02    1.545040e+02    3.550383e+02    3.550383e+02    -1.686487e-03  
  5   2   3   1.682089e+02    1.682089e+02    3.489174e+02    3.489174e+02    4.132698e-04  
  5   2   4   1.677628e+02    1.677628e+02    3.260844e+02    3.260844e+02    -1.832185e-03  
  5   2   5   1.728620e+02    1.728620e+02    1.888011e+02    1.888011e+02    8.096446e-04  
  5   2   6   1.810097e+02    1.810097e+02    2.965430e+02    2.965430e+02    2.759523e-03  
  5   2   7   1.857912e+02    1.857912e+02    1.686280e+02    1.686280e+02    2.601011e-03  
  5   2   8   1.879034e+02    1.879034e+02    1.453249e+02    1.453249e+02    1.102492e-04  
  5   2   9   1.929375e+02    1.929375e+02    1.568901e+02    1.568901e+02    3.319657e-03  
  5   2  10   1.939750e+02    1.939750e+02    1.630836e+02    1.630836e+02    4.398881e-04  
  5   2  11   1.991677e+02    1.991677e+02    1.603266e+02    1.603266e+02    5.216179e-04  
  5   2  12   2.028664e+02    2.028664e+02    1.583638e+02    1.583638e+02    9.356408e-04  
  5   2  13   2.093986e+02    2.093986e+02    1.826799e+02    1.826799e+02    9.136950e-04  
  5   2  14   2.117447e+02    2.117447e+02    1.436393e+02    1.436393e+02    2.046854e-04  
  5   2  15   2.187329e+02    2.187329e+02    1.771948e+02    1.771948e+02    5.105209e-03  
  5   2  16   2.197446e+02    2.197446e+02    1.401799e+02    1.401799e+02    -2.583984e-03  
  5   2  17   2.223975e+02    2.223975e+02    1.435478e+02    1.435478e+02    9.298360e-05  
  5   2  18   2.278153e+02    2.278153e+02    1.365348e+02    1.365348e+02    1.860943e-04  
  5   2  19   2.361351e+02    2.361351e+02    1.394458e+02    1.394458e+02    3.470638e-03  
  5   2  20   2.339586e+02    2.339586e+02    9.382398e+01    9.382398e+01    1.242574e-04  
  5   2  21   2.439600e+02    2.439600e+02    1.335977e+02    1.335977e+02    5.516109e-03  
  5   2  22   2.430456e+02    2.430456e+02    1.134936e+02    1.134936e+02    -9.598780e-04  
  5   2  23   2.505515e+02    2.505515e+02    1.374578e+02    1.374578e+02    2.308469e-03  
  5   2  24   2.560655e+02    2.560655e+02    1.146637e+02    1.146637e+02    4.516112e-03  
  5   2  25   2.566716e+02    2.566716e+02    1.118660e+02    1.118660e+02    1.120987e-03  
  5   2  26   2.594601e+02    2.594601e+02    1.066616e+02    1.066616e+02    -1.755128e-03  
  5   2  27   2.699452e+02    2.699452e+02    9.616819e+01    9.616819e+01    6.236538e-03  
  5   2  28   2.703990e+02    2.703990e+02    1.205343e+02    1.205343e+02    1.026916e-03  
  5   2  29   2.709874e+02    2.709874e+02    1.051200e+02    1.051200e+02    -7.905304e-04  
  5   2  30   2.734562e+02    2.734562e+02    1.014305e+02    1.014305e+02    -3.736371e-03  
  5   2  31   2.814302e+02    2.814302e+02    1.100996e+02    1.100996e+02    1.153696e-03  
  5   2  32   2.854625e+02    2.854625e+02    9.074737e+01    9.074737e+01    4.131386e-04  
  5   2  33   2.888654e+02    2.888654e+02    1.048339e+02    1.048339e+02    2.968434e-05  
  5   2  34   3.032544e+02    3.032544e+02    9.372000e+01    9.372000e+01    9.259083e-03  
  5   2  35   2.990489e+02    2.990489e+02    9.997119e+01    9.997119e+01    1.468948e-03  
  5   2  36   3.027911e+02    3.027911e+02    9.870223e+01    9.870223e+01    2.867217e-03  
  5   2  37   3.117424e+02    3.117424e+02    1.085286e+02    1.085286e+02    8.341159e-03  
  5   2  38   3.137377e+02    3.137377e+02    8.189743e+01    8.189743e+01    5.807858e-03  
  5   2  39   3.081595e+02    3.081595e+02    7.908174e+01    7.908174e+01    -5.141953e-03  
  5   2  40   3.222905e+02    3.222905e+02    7.984938e+01    7.984938e+01    3.105467e-03  
  5   2  41   3.125076e+02    3.125076e+02    7.594047e+01    7.594047e+01    -1.004141e-02  
  5   2  42   3.309706e+02    3.309706e+02    1.075676e+02    1.075676e+02    5.252914e-03  
  5   2  43   3.283361e+02    3.283361e+02    9.771798e+01    9.771798e+01    -3.695531e-04  
  5   2  44   3.383049e+02    3.383049e+02    9.345146e+01    9.345146e+01    3.317858e-03  
  5   2  45   3.351270e+02    3.351270e+02    9.491705e+01    9.491705e+01    -3.364698e-03  
  5   2  46   3.394893e+02    3.394893e+02    9.114674e+01    9.114674e+01    -9.245325e-04  
  5   2  47   3.443953e+02    3.443953e+02    9.106730e+01    9.106730e+01    -1.013396e-03  
  5   2  48   3.509659e+02    3.509659e+02    9.326192e+01    9.326192e+01    -6.349963e-04  
  5   2  49   3.584815e+02    3.584815e+02    1.037398e+02    1.037398e+02    3.353228e-03  
  5   2  50   3.607955e+02    3.607955e+02    1.033444e+02    1.033444e+02    4.564236e-03  
  5   2  51   3.578270e+02    3.578270e+02    7.906246e+01    7.906246e+01    -3.821083e-03  
  5   2  52   3.719127e+02    3.719127e+02    9.632778e+01    9.632778e+01    6.726457e-03  
  5   2  53   3.694452e+02    3.694452e+02    9.515062e+01    9.515062e+01    -1.288688e-03  
  5   2  54   3.783580e+02    3.783580e+02    9.400212e+01    9.400212e+01    5.877134e-03  
  5   2  55   3.798075e+02    3.798075e+02    7.794904e+01    7.794904e+01    2.117363e-03  
  5   2  56   3.749532e+02    3.749532e+02    8.188648e+01    8.188648e+01    -6.899120e-03  
  5   2  57   3.877053e+02    3.877053e+02    8.538388e+01    8.538388e+01    2.312568e-04  
  5   2  58   3.963253e+02    3.963253e+02    8.856466e+01    8.856466e+01    4.707354e-03  
  5   2  59   4.072020e+02    4.072020e+02    8.809260e+01    8.809260e+01    1.196854e-02  
  5   2  60   4.059540e+02    4.059540e+02    9.763286e+01    9.763286e+01    4.435395e-03  
  5   2  61   4.062766e+02    4.062766e+02    1.000055e+02    1.000055e+02    2.456073e-03  
  5   2  62   4.034565e+02    4.034565e+02    9.374592e+01    9.374592e+01    -2.790910e-03  
  5   3   1   2.339843e+02    2.339843e+02    3.545521e+01    3.545521e+01    -7.312426e-03  
  5   3   2   2.415084e+02    2.415084e+02    3.648637e+01    3.648637e+01    1.358185e-03  
  5   3   3   2.457914e+02    2.457914e+02    4.427173e+01    4.427173e+01    -4.122178e-04  
  5   3   4   2.516088e+02    2.516088e+02    4.221048e+01    4.221048e+01    5.190367e-03  
  5   3   5   2.546589e+02    2.546589e+02    4.413967e+01    4.413967e+01    3.461775e-03  
  6   1   1   1.555271e+02    1.555271e+02    2.187675e+02    2.187675e+02    2.136885e-03  
  6   1   2   1.574113e+02    1.574113e+02    2.130405e+02    2.130405e+02    1.851518e-03  
  6   1   3   1.574932e+02    1.574932e+02    1.367601e+02    1.367601e+02    -2.223074e-03  
  6   1   4   1.634575e+02    1.634575e+02    1.412375e+02    1.412375e+02    4.965769e-04  
  6   1   5   1.678331e+02    1.678331e+02    1.156700e+02    1.156700e+02    1.267288e-03  
  6   1   6   1.708752e+02    1.708752e+02    1.094807e+02    1.094807e+02    -1.317432e-05  
  6   1   7   1.752578e+02    1.752578e+02    9.568205e+01    9.568205e+01    1.589006e-03  
  6   1   8   1.800005e+02    1.800005e+02    8.287183e+01    8.287183e+01    2.865563e-03  
  6   1   9   1.820872e+02    1.820872e+02    7.011571e+01    7.011571e+01    -9.302492e-04  
  6   1  10   1.873062e+02    1.873062e+02    5.714873e+01    5.714873e+01    1.475210e-03  
  6   1  11   1.909054e+02    1.909054e+02    7.091137e+01    7.091137e+01    1.516693e-03  
  6   1  12   1.930052e+02    1.930052e+02    5.785035e+01    5.785035e+01    -1.864483e-03  
  6   1  13   1.980034e+02    1.980034e+02    5.679667e+01    5.679667e+01    -2.111573e-04  
  6   1  14   2.016477e+02    2.016477e+02    5.324794e+01    5.324794e+01    1.090395e-03  
  6   1  15   2.067745e+02    2.067745e+02    5.771463e+01    5.771463e+01    2.420450e-03  
  6   1  16   2.092273e+02    2.092273e+02    5.284466e+01    5.284466e+01    4.017115e-04  
  6   1  17   2.120766e+02    2.120766e+02    4.449828e+01    4.449828e+01    -3.137527e-03  
  6   1  18   2.165336e+02    2.165336e+02    4.423999e+01    4.423999e+01    -2.081046e-03  
  6   1  19   2.217808e+02    2.217808e+02    3.970179e+01    3.970179e+01    1.085068e-03  
  6   1  20   2.264550e+02    2.264550e+02    5.282524e+01    5.282524e+01    1.297072e-03  
  6   1  21   2.291395e+02    2.291395e+02    4.751782e+01    4.751782e+01    -1.847536e-03  
  6   1  22   2.328218e+02    2.328218e+02    4.791981e+01    4.791981e+01    3.607980e-04  
  6   1  23   2.371148e+02    2.371148e+02    4.518352e+01    4.518352e+01    2.089087e-03  
  6   2   1   1.595662e+02    1.595662e+02    1.571302e+03    1.571302e+03    2.411910e-04  
  6   2   2   1.543565e+02    1.543565e+02    3.538522e+02    3.538522e+02    -9.373287e-04  
  6   2   3   1.636146e+02    1.636146e+02    3.338039e+02    3.338039e+02    -7.044480e-04  
  6   2   4   1.691980e+02    1.691980e+02    3.353140e+02    3.353140e+02    5.432501e-04  
  6   2   5   1.721276e+02    1.721276e+02    1.904419e+02    1.904419e+02    1.449439e-03  
  6   2   6   1.765070e+02    1.765070e+02    2.745673e+02    2.745673e+02    1.022456e-03  
  6   2   7   1.803487e+02    1.803487e+02    2.236582e+02    2.236582e+02    -2.444486e-03  
  6   2   8   1.874216e+02    1.874216e+02    2.244470e+02    2.244470e+02    9.572602e-04  
  6   2   9   1.917651e+02    1.917651e+02    2.191305e+02    2.191305e+02    1.531773e-03  
  6   2  10   1.948312e+02    1.948312e+02    1.694129e+02    1.694129e+02    1.630960e-03  
  6   2  11   1.961897e+02    1.961897e+02    1.511268e+02    1.511268e+02    -2.305481e-03  
  6   2  12   2.138718e+02    2.138718e+02    1.368629e+02    1.368629e+02    8.782111e-03  
  6   2  13   2.132773e+02    2.132773e+02    1.558907e+02    1.558907e+02    2.809486e-03  
  6   2  14   2.114902e+02    2.114902e+02    1.401795e+02    1.401795e+02    1.211711e-03  
  6   2  15   2.137207e+02    2.137207e+02    1.292801e+02    1.292801e+02    -1.954037e-03  
  6   2  16   2.202497e+02    2.202497e+02    1.081917e+02    1.081917e+02    5.556000e-05  
  6   2  17   2.243636e+02    2.243636e+02    1.038100e+02    1.038100e+02    6.818599e-04  
  6   2  18   2.277720e+02    2.277720e+02    1.341569e+02    1.341569e+02    -1.050971e-03  
  6   2  19   2.327634e+02    2.327634e+02    9.858633e+01    9.858633e+01    7.186982e-04  
  6   2  20   2.394101e+02    2.394101e+02    1.144244e+02    1.144244e+02    4.407136e-03  
  6   2  21   2.471198e+02    2.471198e+02    1.174747e+02    1.174747e+02    4.724585e-03  
  6   2  22   2.452516e+02    2.452516e+02    1.179686e+02    1.179686e+02    1.918872e-03  
  6   2  23   2.460148e+02    2.460148e+02    1.050790e+02    1.050790e+02    -1.493229e-03  
  6   2  24   2.528040e+02    2.528040e+02    1.078473e+02    1.078473e+02    3.955795e-04  
  6   2  25   2.536296e+02    2.536296e+02    9.671870e+01    9.671870e+01    -2.831798e-03  
  6   2  26   2.610152e+02    2.610152e+02    1.107137e+02    1.107137e+02    9.059601e-04  
  6   2  27   2.613834e+02    2.613834e+02    1.129460e+02    1.129460e+02    -4.670892e-03  
  6   2  28   2.687411e+02    2.687411e+02    9.989835e+01    9.989835e+01    -1.403781e-03  
  6   2  29   2.780173e+02    2.780173e+02    1.082604e+02    1.082604e+02    7.072560e-03  
  6   2  30   2.804052e+02    2.804052e+02    1.013758e+02    1.013758e+02    4.441938e-03  
  6   2  31   2.814689e+02    2.814689e+02    9.257983e+01    9.257983e+01    6.476906e-04  
  6   2  32   2.850279e+02    2.850279e+02    8.898906e+01    8.898906e+01    4.820919e-04  
  6   2  33   2.881605e+02    2.881605e+02    1.046939e+02    1.046939e+02    -3.965728e-04  
  6   2  34   2.964566e+02    2.964566e+02    9.598342e+01    9.598342e+01    4.229446e-03  
  6   2  35   2.981020e+02    2.981020e+02    9.766684e+01    9.766684e+01    2.177554e-03  
  6   2  36   3.006851e+02    3.006851e+02    1.067370e+02    1.067370e+02    -5.190842e-04  
  6   2  37   3.067565e+02    3.067565e+02    1.021284e+02    1.021284e+02    4.810710e-03  
  6   2  38   3.110880e+02    3.110880e+02    9.083104e+01    9.083104e+01    4.230410e-03  
  6   2  39   3.154931e+02    3.154931e+02    1.002056e+02    1.002056e+02    5.055523e-03  
  6   2  40   3.233859e+02    3.233859e+02    9.237871e+01    9.237871e+01    6.905906e-03  
  6   2  41   3.235092e+02    3.235092e+02    1.031766e+02    1.031766e+02    1.833695e-03  
  6   2  42   3.176381e+02    3.176381e+02    8.596675e+01    8.596675e+01    -6.879753e-03  
  6   2  43   3.292994e+02    3.292994e+02    8.652995e+01    8.652995e+01    5.484969e-04  
  6   2  44   3.285827e+02    3.285827e+02    9.931353e+01    9.931353e+01    -5.018376e-03  
  6   2  45   3.385134e+02    3.385134e+02    9.622100e+01    9.622100e+01    1.123792e-03  
  6   2  46   3.379232e+02    3.379232e+02    9.311205e+01    9.311205e+01    -1.780303e-03  
  6   2  47   3.490762e+02    3.490762e+02    8.945087e+01    8.945087e+01    1.686484e-03  
  6   2  48   3.473100e+02    3.473100e+02    8.149926e+01    8.149926e+01    -3.109243e-03  
  6   2  49   3.417018e+02    3.417018e+02    7.678019e+01    7.678019e+01    -1.072181e-02  
  6   2  50   3.677254e+02    3.677254e+02    8.388234e+01    8.388234e+01    8.954636e-03  
  6   2  51   3.636266e+02    3.636266e+02    9.602567e+01    9.602567e+01    3.716733e-03  
  6   2  52   3.660116e+02    3.660116e+02    9.727802e+01    9.727802e+01    -1.197025e-03  
  6   2  53   3.668043e+02    3.668043e+02    9.596874e+01    9.596874e+01    -4.866828e-03  
  6   2  54   3.793402e+02    3.793402e+02    8.575947e+01    8.575947e+01    6.274821e-03  
  6   2  55   3.830410e+02    3.830410e+02    8.264413e+01    8.264413e+01    2.037061e-03  
  6   2  56   3.767436e+02    3.767436e+02    9.459191e+01    9.459191e+01    -5.444040e-03  
  6   2  57   3.931641e+02    3.931641e+02    9.767621e+01    9.767621e+01    5.949115e-03  
  6   2  58   3.951239e+02    3.951239e+02    8.161814e+01    8.161814e+01    2.762944e-03  
  6   2  59   3.941127e+02    3.941127e+02    9.452227e+01    9.452227e+01    -1.654306e-03  
  6   2  60   3.859175e+02    3.859175e+02    8.935622e+01    8.935622e+01    -1.291656e-02  
  6   2  61   4.113705e+02    4.113705e+02    8.672840e+01    8.672840e+01    6.786201e-03  
  6   2  62   4.090416e+02    4.090416e+02    8.613550e+01    8.613550e+01    -1.010872e-03  
  6   3   1   2.381780e+02    2.381780e+02    4.505240e+01    4.505240e+01    1.684116e-03  
  6   3   2   2.411766e+02    2.411766e+02    3.972748e+01    3.972748e+01    3.377584e-03  
  6   3   3   2.460023e+02    2.460023e+02    4.017635e+01    4.017635e+01    4.740819e-03  
  6   3   4   2.514241e+02    2.514241e+02    4.085849e+01    4.085849e+01    4.204146e-03  
  6   3   5   2.527810e+02    2.527810e+02    4.483779e+01    4.483779e+01    -4.633752e-03  
