1 1 1 133.062 133.062 995.008 995.008 0.000
1 1 2 137.041 137.041 1061.068 1061.068 0.000
1 1 3 141.019 141.019 1129.331 1129.331 0.000
1 1 4 144.997 144.997 1199.802 1199.802 0.000
1 1 5 148.976 148.976 1272.485 1272.485 0.000
1 1 6 151.704 151.704 1323.614 1323.614 0.000
1 1 7 155.682 155.682 1400.040 1400.040 0.000
1 1 8 159.661 159.661 1478.692 1478.692 0.000
1 1 9 163.639 163.639 1559.575 1559.575 0.000
1 1 10 167.617 167.617 1642.694 1642.694 0.000
1 1 11 171.596 171.596 1728.054 1728.054 0.000
1 1 12 175.574 175.574 1815.659 1815.659 0.000
1 1 13 179.553 179.553 1905.514 1905.514 0.000
1 1 14 183.531 183.531 1997.625 1997.625 0.000
1 1 15 187.509 187.509 2091.994 2091.994 0.000
1 1 16 191.488 191.488 2188.629 2188.629 0.000
1 1 17 195.466 195.466 2287.532 2287.532 0.000
1 1 18 199.444 199.444 2388.709 2388.709 0.000
1 1 19 203.423 203.423 2492.164 2492.164 0.000
1 1 20 207.401 207.401 2597.902 2597.902 0.000
1 1 21 211.379 211.379 2705.928 2705.928 0.000
1 1 22 215.358 215.358 2816.246 2816.246 0.000
1 1 23 219.336 219.336 2928.862 2928.862 0.000
1 2 1 139.062 139.062 1095.474 1095.474 0.000
1 2 2 143.139 143.139 1166.603 1166.603 0.000
1 2 3 147.215 147.215 1240.054 1240.054 0.000
1 2 4 151.292 151.292 1315.831 1315.831 0.000
1 2 5 155.369 155.369 1393.940 1393.940 0.000
1 2 6 159.446 159.446 1474.387 1474.387 0.000
1 2 7 163.523 163.523 1557.176 1557.176 0.000
1 2 8 167.599 167.599 1642.313 1642.313 0.000
1 2 9 171.676 171.676 1729.803 1729.803 0.000
1 2 10 175.753 175.753 1819.652 1819.652 0.000
1 2 11 179.830 179.830 1911.863 1911.863 0.000
1 2 12 183.907 183.907 2006.443 2006.443 0.000
1 2 13 187.983 187.983 2103.396 2103.396 0.000
1 2 14 192.060 192.060 2202.727 2202.727 0.000
1 2 15 196.137 196.137 2304.442 2304.442 0.000
1 2 16 200.214 200.214 2408.545 2408.545 0.000
1 2 17 204.291 204.291 2515.041 2515.041 0.000
1 2 18 208.367 208.367 2623.936 2623.936 0.000
1 2 19 212.444 212.444 2735.234 2735.234 0.000
1 2 20 216.521 216.521 2848.942 2848.942 0.000
1 2 21 220.598 220.598 2965.063 2965.063 0.000
1 2 22 224.675 224.675 3083.602 3083.602 0.000
1 2 23 228.751 228.751 3204.567 3204.567 0.000
1 2 24 232.828 232.828 3327.960 3327.960 0.000
1 2 25 236.905 236.905 3453.789 3453.789 0.000
1 2 26 240.982 240.982 3582.058 3582.058 0.000
1 2 27 245.059 245.059 3712.772 3712.772 0.000
1 2 28 249.135 249.135 3845.938 3845.938 0.000
1 2 29 253.212 253.212 3981.561 3981.561 0.000
1 2 30 257.289 257.289 4119.646 4119.646 0.000
1 2 31 261.366 261.366 4260.199 4260.199 0.000
1 2 32 265.443 265.443 4403.227 4403.227 0.000
1 2 33 269.519 269.519 4548.735 4548.735 0.000
1 2 34 273.596 273.596 4696.729 4696.729 0.000
1 2 35 277.673 277.673 4847.216 4847.216 0.000
1 2 36 281.750 281.750 5000.202 5000.202 0.000
1 2 37 285.827 285.827 5155.694 5155.694 0.000
1 2 38 289.903 289.903 5313.698 5313.698 0.000
1 2 39 293.980 293.980 5474.222 5474.222 0.000
1 2 40 298.057 298.057 5637.272 5637.272 0.000
1 2 41 302.134 302.134 5802.856 5802.856 0.000
1 2 42 306.211 306.211 5970.981 5970.981 0.000
1 2 43 310.287 310.287 6141.655 6141.655 0.000
1 2 44 314.364 314.364 6314.886 6314.886 0.000
1 2 45 318.441 318.441 6490.682 6490.682 0.000
1 2 46 322.518 322.518 6669.053 6669.053 0.000
1 2 47 326.595 326.595 6850.006 6850.006 0.000
1 2 48 330.671 330.671 7033.551 7033.551 0.000
1 2 49 334.748 334.748 7219.699 7219.699 0.000
1 2 50 338.825 338.825 7408.458 7408.458 0.000
1 2 51 342.902 342.902 7599.839 7599.839 0.000
1 2 52 346.979 346.979 7793.853 7793.853 0.000
1 2 53 351.055 351.055 7990.513 7990.513 0.000
1 2 54 355.132 355.132 8189.829 8189.829 0.000
1 2 55 359.209 359.209 8391.815 8391.815 0.000
1 2 56 363.286 363.286 8596.484 8596.484 0.000
1 2 57 367.363 367.363 8803.850 8803.850 0.000
1 2 58 371.439 371.439 9013.929 9013.929 0.000
1 2 59 375.516 375.516 9226.735 9226.735 0.000
1 2 60 379.593 379.593 9442.287 9442.287 0.000
1 2 61 383.670 383.670 9660.601 9660.601 0.000
1 2 62 387.747 387.747 9881.699 9881.699 0.000
1 3 1 218.151 218.151 2895.085 2895.085 0.000
1 3 2 221.598 221.598 2993.904 2993.904 0.000
1 3 3 225.044 225.044 3094.453 3094.453 0.000
1 3 4 228.490 228.490 3196.735 3196.735 0.000
1 3 5 231.936 231.936 3300.752 3300.752 0.000
2 1 1 90.054 90.054 98.908 98.908 0.565
2 1 2 112.662 112.662 56.663 56.663 -0.199
2 1 3 77.376 77.376 25.304 25.304 -0.208
2 1 4 113.043 113.043 35.840 35.840 0.276
2 1 5 148.976 148.976 1272.485 1272.485 0.000
2 1 6 392.910 392.910 9880.387 9880.387 2.580
2 1 7 128.128 128.128 29.486 29.486 0.001
2 1 8 132.512 132.512 27.701 27.701 0.137
2 1 9 136.384 136.384 25.535 25.535 -0.073
2 1 10 167.617 167.617 1642.694 1642.694 0.000
2 1 11 146.695 146.695 23.785 23.785 -0.141
2 1 12 100.151 100.151 12.363 12.363 -0.257
2 1 13 141.724 141.724 19.542 19.542 -0.078
2 1 14 141.919 141.919 17.551 17.551 -0.351
2 1 15 136.131 136.131 15.958 15.958 -0.144
2 1 16 147.693 147.693 16.716 16.716 -0.145
2 1 17 147.068 147.068 15.117 15.117 -0.580
2 1 18 193.749 193.749 22.845 22.845 0.030
2 1 19 500.000 500.000 79.005 79.005 1.315
2 1 20 174.510 174.510 17.453 17.453 -0.219
2 1 21 211.379 211.379 2705.928 2705.928 0.000
2 1 22 189.858 189.858 18.099 18.099 -0.143
2 1 23 178.255 178.255 15.707 15.707 0.117
2 2 1 42.311 42.311 50.042 50.042 0.333
2 2 2 157.322 157.322 185.096 185.096 -0.040
2 2 3 180.262 180.262 197.594 197.594 -0.007
2 2 4 111.516 111.516 67.773 67.773 -0.205
2 2 5 146.331 146.331 96.967 96.967 0.082
2 2 6 160.866 160.866 95.835 95.835 0.127
2 2 7 159.986 159.986 82.402 82.402 -0.122
2 2 8 130.907 130.907 59.374 59.374 0.037
2 2 9 145.279 145.279 54.562 54.562 -0.347
2 2 10 198.442 198.442 86.383 86.383 -0.148
2 2 11 188.632 188.632 78.750 78.750 -0.085
2 2 12 206.202 206.202 85.231 85.231 -0.074
2 2 13 172.243 172.243 58.733 58.733 0.065
2 2 14 146.705 146.705 44.191 44.191 0.046
2 2 15 157.648 157.648 47.021 47.021 -0.003
2 2 16 178.508 178.508 51.946 51.946 -0.088
2 2 17 190.033 190.033 54.893 54.893 -0.077
2 2 18 138.825 138.825 31.916 31.916 -0.001
2 2 19 139.717 139.717 31.046 31.046 -0.003
2 2 20 179.287 179.287 43.442 43.442 -0.046
2 2 21 142.959 142.959 28.924 28.924 0.013
2 2 22 190.561 190.561 43.559 43.559 0.020
2 2 23 174.048 174.048 36.838 36.838 -0.019
2 2 24 149.682 149.682 27.617 27.617 0.036
2 2 25 176.824 176.824 34.429 34.429 -0.048
2 2 26 184.011 184.011 35.502 35.502 -0.064
2 2 27 216.845 216.845 42.346 42.346 -0.163
2 2 28 193.809 193.809 35.393 35.393 -0.066
2 2 29 168.742 168.742 27.279 27.279 -0.168
2 2 30 171.957 171.957 27.405 27.405 -0.180
2 2 31 142.015 142.015 20.329 20.329 -0.045
2 2 32 255.119 255.119 45.879 45.879 -0.157
2 2 33 242.081 242.081 42.264 42.264 -0.016
2 2 34 293.908 293.908 55.333 55.333 -0.004
2 2 35 277.387 277.387 48.727 48.727 -0.074
2 2 36 243.664 243.664 39.403 39.403 -0.058
2 2 37 255.803 255.803 41.638 41.638 -0.024
2 2 38 320.571 320.571 55.830 55.830 -0.081
2 2 39 212.381 212.381 28.389 28.389 -0.346
2 2 40 231.680 231.680 32.826 32.826 -0.187
2 2 41 263.779 263.779 38.758 38.758 -0.148
2 2 42 239.551 239.551 33.263 33.263 -0.060
2 2 43 212.369 212.369 25.074 25.074 -0.525
2 2 44 283.759 283.759 40.527 40.527 -0.111
2 2 45 240.197 240.197 31.029 31.029 -0.143
2 2 46 258.439 258.439 33.599 33.599 -0.105
2 2 47 269.645 269.645 35.521 35.521 -0.086
2 2 48 284.705 284.705 36.867 36.867 -0.261
2 2 49 277.495 277.495 35.317 35.317 -0.113
2 2 50 302.310 302.310 39.456 39.456 -0.126
2 2 51 344.641 344.641 47.566 47.566 -0.061
2 2 52 323.243 323.243 41.669 41.669 -0.146
2 2 53 324.204 324.204 41.440 41.440 -0.106
2 2 54 314.546 314.546 39.183 39.183 -0.023
2 2 55 259.401 259.401 28.756 28.756 0.030
2 2 56 358.442 358.442 46.086 46.086 -0.028
2 2 57 301.294 301.294 34.525 34.525 -0.073
2 2 58 233.168 233.168 23.130 23.130 -0.154
2 2 59 249.073 249.073 25.008 25.008 -0.219
2 2 60 275.790 275.790 28.854 28.854 -0.101
2 2 61 303.809 303.809 31.880 31.880 -0.362
2 2 62 316.469 316.469 34.681 34.681 0.048
2 3 1 213.758 213.758 19.434 19.434 -0.733
2 3 2 261.494 261.494 27.278 27.278 0.020
2 3 3 233.860 233.860 22.299 22.299 -0.213
2 3 4 228.490 228.490 3196.735 3196.735 0.000
2 3 5 225.975 225.975 18.411 18.411 -0.638
3 1 1 133.062 133.062 995.008 995.008 0.000
3 1 2 137.041 137.041 1061.068 1061.068 0.000
3 1 3 141.019 141.019 1129.331 1129.331 0.000
3 1 4 144.997 144.997 1199.802 1199.802 0.000
3 1 5 148.976 148.976 1272.485 1272.485 0.000
3 1 6 151.704 151.704 1323.614 1323.614 0.000
3 1 7 155.682 155.682 1400.040 1400.040 0.000
3 1 8 159.661 159.661 1478.692 1478.692 0.000
3 1 9 163.639 163.639 1559.575 1559.575 0.000
3 1 10 167.617 167.617 1642.694 1642.694 0.000
3 1 11 171.596 171.596 1728.054 1728.054 0.000
3 1 12 175.574 175.574 1815.659 1815.659 0.000
3 1 13 179.553 179.553 1905.514 1905.514 0.000
3 1 14 183.531 183.531 1997.625 1997.625 0.000
3 1 15 187.509 187.509 2091.994 2091.994 0.000
3 1 16 191.488 191.488 2188.629 2188.629 0.000
3 1 17 195.466 195.466 2287.532 2287.532 0.000
3 1 18 199.444 199.444 2388.709 2388.709 0.000
3 1 19 203.423 203.423 2492.164 2492.164 0.000
3 1 20 207.401 207.401 2597.902 2597.902 0.000
3 1 21 211.379 211.379 2705.928 2705.928 0.000
3 1 22 215.358 215.358 2816.246 2816.246 0.000
3 1 23 219.336 219.336 2928.862 2928.862 0.000
3 2 1 139.062 139.062 1095.474 1095.474 0.000
3 2 2 143.139 143.139 1166.603 1166.603 0.000
3 2 3 147.215 147.215 1240.054 1240.054 0.000
3 2 4 151.292 151.292 1315.831 1315.831 0.000
3 2 5 155.369 155.369 1393.940 1393.940 0.000
3 2 6 159.446 159.446 1474.387 1474.387 0.000
3 2 7 163.523 163.523 1557.176 1557.176 0.000
3 2 8 167.599 167.599 1642.313 1642.313 0.000
3 2 9 171.676 171.676 1729.803 1729.803 0.000
3 2 10 175.753 175.753 1819.652 1819.652 0.000
3 2 11 179.830 179.830 1911.863 1911.863 0.000
3 2 12 183.907 183.907 2006.443 2006.443 0.000
3 2 13 187.983 187.983 2103.396 2103.396 0.000
3 2 14 192.060 192.060 2202.727 2202.727 0.000
3 2 15 196.137 196.137 2304.442 2304.442 0.000
3 2 16 200.214 200.214 2408.545 2408.545 0.000
3 2 17 204.291 204.291 2515.041 2515.041 0.000
3 2 18 208.367 208.367 2623.936 2623.936 0.000
3 2 19 212.444 212.444 2735.234 2735.234 0.000
3 2 20 216.521 216.521 2848.942 2848.942 0.000
3 2 21 220.598 220.598 2965.063 2965.063 0.000
3 2 22 224.675 224.675 3083.602 3083.602 0.000
3 2 23 228.751 228.751 3204.567 3204.567 0.000
3 2 24 232.828 232.828 3327.960 3327.960 0.000
3 2 25 236.905 236.905 3453.789 3453.789 0.000
3 2 26 240.982 240.982 3582.058 3582.058 0.000
3 2 27 245.059 245.059 3712.772 3712.772 0.000
3 2 28 249.135 249.135 3845.938 3845.938 0.000
3 2 29 253.212 253.212 3981.561 3981.561 0.000
3 2 30 257.289 257.289 4119.646 4119.646 0.000
3 2 31 261.366 261.366 4260.199 4260.199 0.000
3 2 32 265.443 265.443 4403.227 4403.227 0.000
3 2 33 269.519 269.519 4548.735 4548.735 0.000
3 2 34 273.596 273.596 4696.729 4696.729 0.000
3 2 35 277.673 277.673 4847.216 4847.216 0.000
3 2 36 281.750 281.750 5000.202 5000.202 0.000
3 2 37 285.827 285.827 5155.694 5155.694 0.000
3 2 38 289.903 289.903 5313.698 5313.698 0.000
3 2 39 293.980 293.980 5474.222 5474.222 0.000
3 2 40 298.057 298.057 5637.272 5637.272 0.000
3 2 41 302.134 302.134 5802.856 5802.856 0.000
3 2 42 306.211 306.211 5970.981 5970.981 0.000
3 2 43 310.287 310.287 6141.655 6141.655 0.000
3 2 44 314.364 314.364 6314.886 6314.886 0.000
3 2 45 318.441 318.441 6490.682 6490.682 0.000
3 2 46 322.518 322.518 6669.053 6669.053 0.000
3 2 47 326.595 326.595 6850.006 6850.006 0.000
3 2 48 330.671 330.671 7033.551 7033.551 0.000
3 2 49 334.748 334.748 7219.699 7219.699 0.000
3 2 50 338.825 338.825 7408.458 7408.458 0.000
3 2 51 342.902 342.902 7599.839 7599.839 0.000
3 2 52 346.979 346.979 7793.853 7793.853 0.000
3 2 53 351.055 351.055 7990.513 7990.513 0.000
3 2 54 355.132 355.132 8189.829 8189.829 0.000
3 2 55 359.209 359.209 8391.815 8391.815 0.000
3 2 56 363.286 363.286 8596.484 8596.484 0.000
3 2 57 367.363 367.363 8803.850 8803.850 0.000
3 2 58 371.439 371.439 9013.929 9013.929 0.000
3 2 59 375.516 375.516 9226.735 9226.735 0.000
3 2 60 379.593 379.593 9442.287 9442.287 0.000
3 2 61 383.670 383.670 9660.601 9660.601 0.000
3 2 62 387.747 387.747 9881.699 9881.699 0.000
3 3 1 218.151 218.151 2895.085 2895.085 0.000
3 3 2 221.598 221.598 2993.904 2993.904 0.000
3 3 3 225.044 225.044 3094.453 3094.453 0.000
3 3 4 228.490 228.490 3196.735 3196.735 0.000
3 3 5 231.936 231.936 3300.752 3300.752 0.000
4 1 1 133.062 133.062 995.008 995.008 0.000
4 1 2 137.041 137.041 1061.068 1061.068 0.000
4 1 3 141.019 141.019 1129.331 1129.331 0.000
4 1 4 144.997 144.997 1199.802 1199.802 0.000
4 1 5 148.976 148.976 1272.485 1272.485 0.000
4 1 6 151.704 151.704 1323.614 1323.614 0.000
4 1 7 155.682 155.682 1400.040 1400.040 0.000
4 1 8 159.661 159.661 1478.692 1478.692 0.000
4 1 9 163.639 163.639 1559.575 1559.575 0.000
4 1 10 167.617 167.617 1642.694 1642.694 0.000
4 1 11 171.596 171.596 1728.054 1728.054 0.000
4 1 12 175.574 175.574 1815.659 1815.659 0.000
4 1 13 179.553 179.553 1905.514 1905.514 0.000
4 1 14 183.531 183.531 1997.625 1997.625 0.000
4 1 15 187.509 187.509 2091.994 2091.994 0.000
4 1 16 191.488 191.488 2188.629 2188.629 0.000
4 1 17 195.466 195.466 2287.532 2287.532 0.000
4 1 18 199.444 199.444 2388.709 2388.709 0.000
4 1 19 203.423 203.423 2492.164 2492.164 0.000
4 1 20 207.401 207.401 2597.902 2597.902 0.000
4 1 21 211.379 211.379 2705.928 2705.928 0.000
4 1 22 215.358 215.358 2816.246 2816.246 0.000
4 1 23 219.336 219.336 2928.862 2928.862 0.000
4 2 1 139.062 139.062 1095.474 1095.474 0.000
4 2 2 143.139 143.139 1166.603 1166.603 0.000
4 2 3 147.215 147.215 1240.054 1240.054 0.000
4 2 4 151.292 151.292 1315.831 1315.831 0.000
4 2 5 155.369 155.369 1393.940 1393.940 0.000
4 2 6 159.446 159.446 1474.387 1474.387 0.000
4 2 7 163.523 163.523 1557.176 1557.176 0.000
4 2 8 167.599 167.599 1642.313 1642.313 0.000
4 2 9 171.676 171.676 1729.803 1729.803 0.000
4 2 10 175.753 175.753 1819.652 1819.652 0.000
4 2 11 179.830 179.830 1911.863 1911.863 0.000
4 2 12 183.907 183.907 2006.443 2006.443 0.000
4 2 13 187.983 187.983 2103.396 2103.396 0.000
4 2 14 192.060 192.060 2202.727 2202.727 0.000
4 2 15 196.137 196.137 2304.442 2304.442 0.000
4 2 16 200.214 200.214 2408.545 2408.545 0.000
4 2 17 204.291 204.291 2515.041 2515.041 0.000
4 2 18 208.367 208.367 2623.936 2623.936 0.000
4 2 19 212.444 212.444 2735.234 2735.234 0.000
4 2 20 216.521 216.521 2848.942 2848.942 0.000
4 2 21 220.598 220.598 2965.063 2965.063 0.000
4 2 22 224.675 224.675 3083.602 3083.602 0.000
4 2 23 228.751 228.751 3204.567 3204.567 0.000
4 2 24 232.828 232.828 3327.960 3327.960 0.000
4 2 25 236.905 236.905 3453.789 3453.789 0.000
4 2 26 240.982 240.982 3582.058 3582.058 0.000
4 2 27 245.059 245.059 3712.772 3712.772 0.000
4 2 28 249.135 249.135 3845.938 3845.938 0.000
4 2 29 253.212 253.212 3981.561 3981.561 0.000
4 2 30 257.289 257.289 4119.646 4119.646 0.000
4 2 31 261.366 261.366 4260.199 4260.199 0.000
4 2 32 265.443 265.443 4403.227 4403.227 0.000
4 2 33 269.519 269.519 4548.735 4548.735 0.000
4 2 34 273.596 273.596 4696.729 4696.729 0.000
4 2 35 277.673 277.673 4847.216 4847.216 0.000
4 2 36 281.750 281.750 5000.202 5000.202 0.000
4 2 37 285.827 285.827 5155.694 5155.694 0.000
4 2 38 289.903 289.903 5313.698 5313.698 0.000
4 2 39 293.980 293.980 5474.222 5474.222 0.000
4 2 40 298.057 298.057 5637.272 5637.272 0.000
4 2 41 302.134 302.134 5802.856 5802.856 0.000
4 2 42 306.211 306.211 5970.981 5970.981 0.000
4 2 43 310.287 310.287 6141.655 6141.655 0.000
4 2 44 314.364 314.364 6314.886 6314.886 0.000
4 2 45 318.441 318.441 6490.682 6490.682 0.000
4 2 46 322.518 322.518 6669.053 6669.053 0.000
4 2 47 326.595 326.595 6850.006 6850.006 0.000
4 2 48 330.671 330.671 7033.551 7033.551 0.000
4 2 49 334.748 334.748 7219.699 7219.699 0.000
4 2 50 338.825 338.825 7408.458 7408.458 0.000
4 2 51 342.902 342.902 7599.839 7599.839 0.000
4 2 52 346.979 346.979 7793.853 7793.853 0.000
4 2 53 351.055 351.055 7990.513 7990.513 0.000
4 2 54 355.132 355.132 8189.829 8189.829 0.000
4 2 55 359.209 359.209 8391.815 8391.815 0.000
4 2 56 363.286 363.286 8596.484 8596.484 0.000
4 2 57 367.363 367.363 8803.850 8803.850 0.000
4 2 58 371.439 371.439 9013.929 9013.929 0.000
4 2 59 375.516 375.516 9226.735 9226.735 0.000
4 2 60 379.593 379.593 9442.287 9442.287 0.000
4 2 61 383.670 383.670 9660.601 9660.601 0.000
4 2 62 387.747 387.747 9881.699 9881.699 0.000
4 3 1 218.151 218.151 2895.085 2895.085 0.000
4 3 2 221.598 221.598 2993.904 2993.904 0.000
4 3 3 225.044 225.044 3094.453 3094.453 0.000
4 3 4 228.490 228.490 3196.735 3196.735 0.000
4 3 5 231.936 231.936 3300.752 3300.752 0.000
5 1 1 133.062 133.062 995.008 995.008 0.000
5 1 2 137.041 137.041 1061.068 1061.068 0.000
5 1 3 141.019 141.019 1129.331 1129.331 0.000
5 1 4 144.997 144.997 1199.802 1199.802 0.000
5 1 5 148.976 148.976 1272.485 1272.485 0.000
5 1 6 151.704 151.704 1323.614 1323.614 0.000
5 1 7 155.682 155.682 1400.040 1400.040 0.000
5 1 8 159.661 159.661 1478.692 1478.692 0.000
5 1 9 163.639 163.639 1559.575 1559.575 0.000
5 1 10 167.617 167.617 1642.694 1642.694 0.000
5 1 11 171.596 171.596 1728.054 1728.054 0.000
5 1 12 175.574 175.574 1815.659 1815.659 0.000
5 1 13 179.553 179.553 1905.514 1905.514 0.000
5 1 14 183.531 183.531 1997.625 1997.625 0.000
5 1 15 187.509 187.509 2091.994 2091.994 0.000
5 1 16 191.488 191.488 2188.629 2188.629 0.000
5 1 17 195.466 195.466 2287.532 2287.532 0.000
5 1 18 199.444 199.444 2388.709 2388.709 0.000
5 1 19 203.423 203.423 2492.164 2492.164 0.000
5 1 20 207.401 207.401 2597.902 2597.902 0.000
5 1 21 211.379 211.379 2705.928 2705.928 0.000
5 1 22 215.358 215.358 2816.246 2816.246 0.000
5 1 23 219.336 219.336 2928.862 2928.862 0.000
5 2 1 139.062 139.062 1095.474 1095.474 0.000
5 2 2 143.139 143.139 1166.603 1166.603 0.000
5 2 3 147.215 147.215 1240.054 1240.054 0.000
5 2 4 151.292 151.292 1315.831 1315.831 0.000
5 2 5 155.369 155.369 1393.940 1393.940 0.000
5 2 6 159.446 159.446 1474.387 1474.387 0.000
5 2 7 163.523 163.523 1557.176 1557.176 0.000
5 2 8 167.599 167.599 1642.313 1642.313 0.000
5 2 9 171.676 171.676 1729.803 1729.803 0.000
5 2 10 175.753 175.753 1819.652 1819.652 0.000
5 2 11 179.830 179.830 1911.863 1911.863 0.000
5 2 12 183.907 183.907 2006.443 2006.443 0.000
5 2 13 187.983 187.983 2103.396 2103.396 0.000
5 2 14 192.060 192.060 2202.727 2202.727 0.000
5 2 15 196.137 196.137 2304.442 2304.442 0.000
5 2 16 200.214 200.214 2408.545 2408.545 0.000
5 2 17 204.291 204.291 2515.041 2515.041 0.000
5 2 18 208.367 208.367 2623.936 2623.936 0.000
5 2 19 212.444 212.444 2735.234 2735.234 0.000
5 2 20 216.521 216.521 2848.942 2848.942 0.000
5 2 21 220.598 220.598 2965.063 2965.063 0.000
5 2 22 224.675 224.675 3083.602 3083.602 0.000
5 2 23 228.751 228.751 3204.567 3204.567 0.000
5 2 24 232.828 232.828 3327.960 3327.960 0.000
5 2 25 236.905 236.905 3453.789 3453.789 0.000
5 2 26 240.982 240.982 3582.058 3582.058 0.000
5 2 27 245.059 245.059 3712.772 3712.772 0.000
5 2 28 249.135 249.135 3845.938 3845.938 0.000
5 2 29 253.212 253.212 3981.561 3981.561 0.000
5 2 30 257.289 257.289 4119.646 4119.646 0.000
5 2 31 261.366 261.366 4260.199 4260.199 0.000
5 2 32 265.443 265.443 4403.227 4403.227 0.000
5 2 33 269.519 269.519 4548.735 4548.735 0.000
5 2 34 273.596 273.596 4696.729 4696.729 0.000
5 2 35 277.673 277.673 4847.216 4847.216 0.000
5 2 36 281.750 281.750 5000.202 5000.202 0.000
5 2 37 285.827 285.827 5155.694 5155.694 0.000
5 2 38 289.903 289.903 5313.698 5313.698 0.000
5 2 39 293.980 293.980 5474.222 5474.222 0.000
5 2 40 298.057 298.057 5637.272 5637.272 0.000
5 2 41 302.134 302.134 5802.856 5802.856 0.000
5 2 42 306.211 306.211 5970.981 5970.981 0.000
5 2 43 310.287 310.287 6141.655 6141.655 0.000
5 2 44 314.364 314.364 6314.886 6314.886 0.000
5 2 45 318.441 318.441 6490.682 6490.682 0.000
5 2 46 322.518 322.518 6669.053 6669.053 0.000
5 2 47 326.595 326.595 6850.006 6850.006 0.000
5 2 48 330.671 330.671 7033.551 7033.551 0.000
5 2 49 334.748 334.748 7219.699 7219.699 0.000
5 2 50 338.825 338.825 7408.458 7408.458 0.000
5 2 51 342.902 342.902 7599.839 7599.839 0.000
5 2 52 346.979 346.979 7793.853 7793.853 0.000
5 2 53 351.055 351.055 7990.513 7990.513 0.000
5 2 54 355.132 355.132 8189.829 8189.829 0.000
5 2 55 359.209 359.209 8391.815 8391.815 0.000
5 2 56 363.286 363.286 8596.484 8596.484 0.000
5 2 57 367.363 367.363 8803.850 8803.850 0.000
5 2 58 371.439 371.439 9013.929 9013.929 0.000
5 2 59 375.516 375.516 9226.735 9226.735 0.000
5 2 60 379.593 379.593 9442.287 9442.287 0.000
5 2 61 383.670 383.670 9660.601 9660.601 0.000
5 2 62 387.747 387.747 9881.699 9881.699 0.000
5 3 1 218.151 218.151 2895.085 2895.085 0.000
5 3 2 221.598 221.598 2993.904 2993.904 0.000
5 3 3 225.044 225.044 3094.453 3094.453 0.000
5 3 4 228.490 228.490 3196.735 3196.735 0.000
5 3 5 231.936 231.936 3300.752 3300.752 0.000
6 1 1 133.062 133.062 995.008 995.008 0.000
6 1 2 137.041 137.041 1061.068 1061.068 0.000
6 1 3 141.019 141.019 1129.331 1129.331 0.000
6 1 4 144.997 144.997 1199.802 1199.802 0.000
6 1 5 148.976 148.976 1272.485 1272.485 0.000
6 1 6 151.704 151.704 1323.614 1323.614 0.000
6 1 7 155.682 155.682 1400.040 1400.040 0.000
6 1 8 159.661 159.661 1478.692 1478.692 0.000
6 1 9 163.639 163.639 1559.575 1559.575 0.000
6 1 10 167.617 167.617 1642.694 1642.694 0.000
6 1 11 171.596 171.596 1728.054 1728.054 0.000
6 1 12 175.574 175.574 1815.659 1815.659 0.000
6 1 13 179.553 179.553 1905.514 1905.514 0.000
6 1 14 183.531 183.531 1997.625 1997.625 0.000
6 1 15 187.509 187.509 2091.994 2091.994 0.000
6 1 16 191.488 191.488 2188.629 2188.629 0.000
6 1 17 195.466 195.466 2287.532 2287.532 0.000
6 1 18 199.444 199.444 2388.709 2388.709 0.000
6 1 19 203.423 203.423 2492.164 2492.164 0.000
6 1 20 207.401 207.401 2597.902 2597.902 0.000
6 1 21 211.379 211.379 2705.928 2705.928 0.000
6 1 22 215.358 215.358 2816.246 2816.246 0.000
6 1 23 219.336 219.336 2928.862 2928.862 0.000
6 2 1 139.062 139.062 1095.474 1095.474 0.000
6 2 2 143.139 143.139 1166.603 1166.603 0.000
6 2 3 147.215 147.215 1240.054 1240.054 0.000
6 2 4 151.292 151.292 1315.831 1315.831 0.000
6 2 5 155.369 155.369 1393.940 1393.940 0.000
6 2 6 159.446 159.446 1474.387 1474.387 0.000
6 2 7 163.523 163.523 1557.176 1557.176 0.000
6 2 8 167.599 167.599 1642.313 1642.313 0.000
6 2 9 171.676 171.676 1729.803 1729.803 0.000
6 2 10 175.753 175.753 1819.652 1819.652 0.000
6 2 11 179.830 179.830 1911.863 1911.863 0.000
6 2 12 183.907 183.907 2006.443 2006.443 0.000
6 2 13 187.983 187.983 2103.396 2103.396 0.000
6 2 14 192.060 192.060 2202.727 2202.727 0.000
6 2 15 196.137 196.137 2304.442 2304.442 0.000
6 2 16 200.214 200.214 2408.545 2408.545 0.000
6 2 17 204.291 204.291 2515.041 2515.041 0.000
6 2 18 208.367 208.367 2623.936 2623.936 0.000
6 2 19 212.444 212.444 2735.234 2735.234 0.000
6 2 20 216.521 216.521 2848.942 2848.942 0.000
6 2 21 220.598 220.598 2965.063 2965.063 0.000
6 2 22 224.675 224.675 3083.602 3083.602 0.000
6 2 23 228.751 228.751 3204.567 3204.567 0.000
6 2 24 232.828 232.828 3327.960 3327.960 0.000
6 2 25 236.905 236.905 3453.789 3453.789 0.000
6 2 26 240.982 240.982 3582.058 3582.058 0.000
6 2 27 245.059 245.059 3712.772 3712.772 0.000
6 2 28 249.135 249.135 3845.938 3845.938 0.000
6 2 29 253.212 253.212 3981.561 3981.561 0.000
6 2 30 257.289 257.289 4119.646 4119.646 0.000
6 2 31 261.366 261.366 4260.199 4260.199 0.000
6 2 32 265.443 265.443 4403.227 4403.227 0.000
6 2 33 269.519 269.519 4548.735 4548.735 0.000
6 2 34 273.596 273.596 4696.729 4696.729 0.000
6 2 35 277.673 277.673 4847.216 4847.216 0.000
6 2 36 281.750 281.750 5000.202 5000.202 0.000
6 2 37 285.827 285.827 5155.694 5155.694 0.000
6 2 38 289.903 289.903 5313.698 5313.698 0.000
6 2 39 293.980 293.980 5474.222 5474.222 0.000
6 2 40 298.057 298.057 5637.272 5637.272 0.000
6 2 41 302.134 302.134 5802.856 5802.856 0.000
6 2 42 306.211 306.211 5970.981 5970.981 0.000
6 2 43 310.287 310.287 6141.655 6141.655 0.000
6 2 44 314.364 314.364 6314.886 6314.886 0.000
6 2 45 318.441 318.441 6490.682 6490.682 0.000
6 2 46 322.518 322.518 6669.053 6669.053 0.000
6 2 47 326.595 326.595 6850.006 6850.006 0.000
6 2 48 330.671 330.671 7033.551 7033.551 0.000
6 2 49 334.748 334.748 7219.699 7219.699 0.000
6 2 50 338.825 338.825 7408.458 7408.458 0.000
6 2 51 342.902 342.902 7599.839 7599.839 0.000
6 2 52 346.979 346.979 7793.853 7793.853 0.000
6 2 53 351.055 351.055 7990.513 7990.513 0.000
6 2 54 355.132 355.132 8189.829 8189.829 0.000
6 2 55 359.209 359.209 8391.815 8391.815 0.000
6 2 56 363.286 363.286 8596.484 8596.484 0.000
6 2 57 367.363 367.363 8803.850 8803.850 0.000
6 2 58 371.439 371.439 9013.929 9013.929 0.000
6 2 59 375.516 375.516 9226.735 9226.735 0.000
6 2 60 379.593 379.593 9442.287 9442.287 0.000
6 2 61 383.670 383.670 9660.601 9660.601 0.000
6 2 62 387.747 387.747 9881.699 9881.699 0.000
6 3 1 218.151 218.151 2895.085 2895.085 0.000
6 3 2 221.598 221.598 2993.904 2993.904 0.000
6 3 3 225.044 225.044 3094.453 3094.453 0.000
6 3 4 228.490 228.490 3196.735 3196.735 0.000
6 3 5 231.936 231.936 3300.752 3300.752 0.000
