1 1 1 526.728 526.728 66.040 66.040 -0.043 0.010
1 1 2 671.246 671.246 10.446 10.446 -0.085 0.010
1 1 3 534.036 534.036 74.816 74.816 0.080 0.018
1 1 4 611.700 611.700 10.762 10.762 -0.290 0.015
1 1 5 548.323 548.323 48.480 48.480 -0.129 0.016
1 1 6 707.777 707.777 21.725 21.725 -0.077 0.022
1 1 7 583.964 583.964 41.978 41.978 0.045 0.022
1 1 8 591.108 591.108 7.970 7.970 -0.014 0.026
1 1 9 669.139 669.139 10.487 10.487 0.010 0.021
1 1 10 647.341 647.341 8.052 8.052 -0.096 0.026
1 1 11 613.493 613.493 9.093 9.093 0.146 0.029
1 1 12 632.985 632.985 9.377 9.377 -0.002 0.022
1 1 13 621.731 621.731 11.637 11.637 -0.248 0.019
1 1 14 602.303 602.303 9.170 9.170 -0.087 0.026
1 1 15 663.348 663.348 8.711 8.711 -0.066 0.026
1 1 16 603.620 603.620 6.397 6.397 0.039 0.032
1 1 17 635.728 635.728 10.427 10.427 0.041 0.027
1 1 18 634.450 634.450 7.062 7.062 -0.049 0.030
1 1 19 626.055 626.055 9.257 9.257 -0.085 0.033
1 1 20 634.712 634.712 8.953 8.953 -0.073 0.024
1 1 21 724.138 724.138 10.188 10.188 0.038 0.032
1 1 22 622.519 622.519 10.290 10.290 -0.057 0.020
1 1 23 633.236 633.236 11.455 11.455 -0.252 0.011
1 2 1 3266.834 3266.834 2198.711 2198.711 -0.031 0.011
1 2 2 2683.263 2683.263 1075.920 1075.920 -0.109 0.013
1 2 3 2262.516 2262.516 289.683 289.683 -0.029 0.013
1 2 4 1628.368 1628.368 420.875 420.875 0.031 0.012
1 2 5 1843.487 1843.487 83.423 83.423 0.125 0.011
1 2 6 1846.832 1846.832 94.696 94.696 -0.063 0.012
1 2 7 1707.283 1707.283 925.024 925.024 -0.027 0.009
1 2 8 1176.410 1176.410 249.984 249.984 -0.035 0.012
1 2 9 -226.509 -226.509 1089.788 1089.788 0.007 0.010
1 2 10 1163.275 1163.275 196.995 196.995 -0.013 0.014
1 2 11 1937.500 1937.500 34.266 34.266 -0.055 0.012
1 2 12 783.130 783.130 830.423 830.423 -0.012 0.010
1 2 13 1637.500 1637.500 17.773 17.773 -0.071 0.018
1 2 14 1624.616 1624.616 17.861 17.861 0.026 0.016
1 2 15 1799.457 1799.457 76.446 76.446 0.019 0.016
1 2 16 1675.309 1675.309 55.235 55.235 -0.014 0.017
1 2 17 1586.875 1586.875 10.829 10.829 0.003 0.018
1 2 18 1764.584 1764.584 101.350 101.350 -0.083 0.021
1 2 19 1657.310 1657.310 112.349 112.349 0.024 0.022
1 2 20 -17918.558 -17918.558 1.414 1.414 -0.057 0.021
1 2 21 1748.017 1748.017 69.463 69.463 -0.028 0.025
1 2 22 1558.820 1558.820 35.416 35.416 -0.048 0.022
1 2 23 1215.020 1215.020 220.958 220.958 -0.015 0.023
1 2 24 1722.501 1722.501 224.209 224.209 -0.168 0.022
1 2 25 1568.878 1568.878 23.390 23.390 -0.016 0.011
1 2 26 1686.635 1686.635 42.129 42.129 -0.031 0.025
1 2 27 1622.120 1622.120 33.841 33.841 -0.047 0.021
1 2 28 1548.217 1548.217 22.033 22.033 -0.151 0.026
1 2 29 1567.561 1567.561 44.143 44.143 -0.069 0.031
1 2 30 1591.647 1591.647 26.906 26.906 -0.033 0.030
1 2 31 1783.504 1783.504 66.557 66.557 -0.037 0.028
1 2 32 1685.186 1685.186 29.882 29.882 -0.087 0.015
1 2 33 1668.452 1668.452 35.649 35.649 -0.119 0.024
1 2 34 1676.797 1676.797 25.361 25.361 -0.079 0.020
1 2 35 1641.054 1641.054 21.110 21.110 -0.024 0.021
1 2 36 1636.079 1636.079 34.050 34.050 -0.091 0.023
1 2 37 1654.200 1654.200 29.810 29.810 -0.066 0.020
1 2 38 1897.596 1897.596 31.300 31.300 -0.153 0.018
1 2 39 1618.726 1618.726 28.959 28.959 -0.086 0.027
1 2 40 1684.607 1684.607 31.932 31.932 -0.034 0.023
1 2 41 1612.500 1612.500 63.810 63.810 -0.051 0.023
1 2 42 1841.873 1841.873 39.126 39.126 -0.016 0.029
1 2 43 1616.560 1616.560 23.999 23.999 -0.034 0.014
1 2 44 1662.975 1662.975 31.146 31.146 -0.076 0.019
1 2 45 1655.105 1655.105 23.562 23.562 -0.263 0.027
1 2 46 1684.920 1684.920 30.248 30.248 -0.041 0.018
1 2 47 1672.047 1672.047 42.486 42.486 -0.061 0.029
1 2 48 1684.525 1684.525 35.702 35.702 -0.084 0.025
1 2 49 1614.277 1614.277 33.049 33.049 -0.228 0.031
1 2 50 1719.748 1719.748 40.125 40.125 -0.072 0.023
1 2 51 1676.411 1676.411 24.330 24.330 -0.060 0.019
1 2 52 1729.079 1729.079 32.570 32.570 -0.031 0.029
1 2 53 1796.062 1796.062 56.688 56.688 -0.004 0.026
1 2 54 1812.500 1812.500 29.235 29.235 -0.142 0.029
1 2 55 1758.831 1758.831 24.551 24.551 -0.112 0.032
1 2 56 1725.564 1725.564 29.251 29.251 -0.072 0.021
1 2 57 1616.405 1616.405 49.919 49.919 -0.117 0.028
1 2 58 1583.118 1583.118 23.477 23.477 -0.134 0.029
1 2 59 1798.375 1798.375 48.437 48.437 -0.202 0.020
1 2 60 1695.922 1695.922 87.596 87.596 -0.139 0.025
1 2 61 1705.777 1705.777 74.693 74.693 -0.134 0.015
1 2 62 1573.049 1573.049 32.320 32.320 -0.161 0.011
1 3 1 789.804 789.804 12.026 12.026 -0.253 0.031
1 3 2 634.018 634.018 8.172 8.172 0.089 0.026
1 3 3 606.355 606.355 8.909 8.909 0.484 0.032
1 3 4 714.905 714.905 9.631 9.631 -0.178 0.020
1 3 5 714.952 714.952 9.199 9.199 0.305 0.027
2 1 1 612.500 612.500 50.460 50.460 -0.113 0.002
2 1 2 637.500 637.500 40.338 40.338 -0.052 0.002
2 1 3 625.364 625.364 1.354 1.354 -0.102 0.004
2 1 4 655.522 655.522 1.090 1.090 -0.077 0.003
2 1 5 12.500 12.500 1.414 1.414 0.000 0.000
2 1 6 432.551 432.551 48.284 48.284 3.431 0.022
2 1 7 689.634 689.634 17.089 17.089 -0.044 0.003
2 1 8 29.693 29.693 938.844 938.844 -0.032 0.003
2 1 9 12.282 12.282 NaN NaN -0.121 0.004
2 1 10 12.500 12.500 1.414 1.414 0.000 0.000
2 1 11 670.637 670.637 0.729 0.729 -0.110 0.004
2 1 12 620.930 620.930 0.854 0.854 0.111 0.007
2 1 13 30.103 30.103 0.490 0.490 -0.016 0.005
2 1 14 -258.292 -258.292 1.456 1.456 -0.153 0.006
2 1 15 799.956 799.956 77.089 77.089 -0.099 0.008
2 1 16 -685.270 -685.270 1.414 1.414 -0.158 0.008
2 1 17 593.479 593.479 1.456 1.456 0.034 0.009
2 1 18 624.063 624.063 1.511 1.511 -0.030 0.007
2 1 19 433.314 433.314 15.244 15.244 2.042 0.018
2 1 20 681.884 681.884 2.330 2.330 -0.014 0.010
2 1 21 12.500 12.500 1.414 1.414 0.000 0.000
2 1 22 663.153 663.153 3.850 3.850 -0.213 0.015
2 1 23 529.438 529.438 7.396 7.396 -0.026 0.025
2 2 1 1831.183 1831.183 65.125 65.125 -0.009 0.003
2 2 2 2067.771 2067.771 37.829 37.829 -0.108 0.003
2 2 3 2007.368 2007.368 21.206 21.206 0.029 0.002
2 2 4 1838.005 1838.005 17.443 17.443 -0.004 0.003
2 2 5 1814.249 1814.249 10.841 10.841 0.037 0.002
2 2 6 1778.686 1778.686 7.194 7.194 -0.092 0.002
2 2 7 1742.002 1742.002 7.273 7.273 -0.106 0.002
2 2 8 1788.738 1788.738 6.849 6.849 -0.151 0.003
2 2 9 1923.392 1923.392 6.992 6.992 -0.187 0.003
2 2 10 1697.181 1697.181 5.417 5.417 -0.066 0.002
2 2 11 1690.669 1690.669 4.980 4.980 0.021 0.002
2 2 12 1691.739 1691.739 4.323 4.323 -0.038 0.002
2 2 13 1694.478 1694.478 3.742 3.742 -0.032 0.002
2 2 14 1748.126 1748.126 4.047 4.047 0.076 0.003
2 2 15 1693.452 1693.452 3.212 3.212 -0.117 0.003
2 2 16 1617.387 1617.387 3.110 3.110 -0.054 0.003
2 2 17 1603.212 1603.212 2.958 2.958 -0.023 0.003
2 2 18 1624.521 1624.521 2.742 2.742 0.052 0.004
2 2 19 1646.281 1646.281 2.497 2.497 -0.035 0.004
2 2 20 1686.692 1686.692 2.620 2.620 -0.082 0.003
2 2 21 1643.653 1643.653 2.318 2.318 -0.039 0.004
2 2 22 1653.026 1653.026 2.302 2.302 -0.024 0.003
2 2 23 1633.529 1633.529 2.295 2.295 -0.074 0.004
2 2 24 1663.567 1663.567 2.344 2.344 -0.058 0.005
2 2 25 1637.672 1637.672 2.349 2.349 -0.060 0.004
2 2 26 1648.568 1648.568 2.445 2.445 -0.040 0.004
2 2 27 1696.413 1696.413 2.444 2.444 -0.023 0.003
2 2 28 1686.495 1686.495 2.565 2.565 -0.000 0.004
2 2 29 1693.861 1693.861 2.667 2.667 0.024 0.005
2 2 30 1647.381 1647.381 2.765 2.765 0.035 0.005
2 2 31 1645.609 1645.609 2.638 2.638 0.009 0.006
2 2 32 1699.969 1699.969 2.747 2.747 0.010 0.003
2 2 33 1668.455 1668.455 2.810 2.810 -0.001 0.004
2 2 34 1691.188 1691.188 3.011 3.011 -0.010 0.003
2 2 35 1688.455 1688.455 3.203 3.203 -0.025 0.004
2 2 36 1679.654 1679.654 3.478 3.478 -0.045 0.005
2 2 37 1705.067 1705.067 3.620 3.620 -0.058 0.005
2 2 38 1690.343 1690.343 4.380 4.380 -0.060 0.004
2 2 39 1601.466 1601.466 4.604 4.604 -0.399 0.007
2 2 40 1650.666 1650.666 5.130 5.130 -0.144 0.007
2 2 41 1679.710 1679.710 5.115 5.115 -0.012 0.006
2 2 42 1721.608 1721.608 5.672 5.672 0.002 0.007
2 2 43 1393.423 1393.423 4.424 4.424 -0.415 0.008
2 2 44 1658.355 1658.355 5.187 5.187 0.001 0.007
2 2 45 1679.339 1679.339 5.426 5.426 0.003 0.008
2 2 46 1670.784 1670.784 5.546 5.546 -0.049 0.008
2 2 47 1696.722 1696.722 5.787 5.787 -0.094 0.008
2 2 48 1724.338 1724.338 6.211 6.211 -0.140 0.008
2 2 49 1679.929 1679.929 7.299 7.299 0.043 0.008
2 2 50 1751.997 1751.997 7.616 7.616 0.005 0.007
2 2 51 1739.449 1739.449 7.722 7.722 -0.042 0.007
2 2 52 1711.015 1711.015 7.939 7.939 -0.133 0.007
2 2 53 1724.271 1724.271 9.857 9.857 -0.057 0.008
2 2 54 1732.191 1732.191 11.052 11.052 -0.088 0.009
2 2 55 1664.491 1664.491 11.550 11.550 -0.083 0.012
2 2 56 1707.560 1707.560 12.281 12.281 -0.078 0.010
2 2 57 1731.977 1731.977 15.477 15.477 -0.090 0.014
2 2 58 1696.199 1696.199 16.083 16.083 -0.122 0.020
2 2 59 1637.474 1637.474 24.277 24.277 -0.170 0.021
2 2 60 1641.397 1641.397 22.002 22.002 -0.142 0.021
2 2 61 1579.074 1579.074 20.818 20.818 -0.354 0.020
2 2 62 1400.288 1400.288 20.229 20.229 0.006 0.019
2 3 1 597.255 597.255 9.143 9.143 -0.126 0.019
2 3 2 620.281 620.281 5.356 5.356 -0.112 0.016
2 3 3 683.842 683.842 6.849 6.849 -0.222 0.019
2 3 4 12.500 12.500 1.414 1.414 0.000 0.000
2 3 5 693.499 693.499 9.068 9.068 -0.162 0.022
3 1 1 12.500 12.500 1.414 1.414 0.000 0.000
3 1 2 12.500 12.500 1.414 1.414 0.000 0.000
3 1 3 12.500 12.500 1.414 1.414 0.000 0.000
3 1 4 12.500 12.500 1.414 1.414 0.000 0.000
3 1 5 12.500 12.500 1.414 1.414 0.000 0.000
3 1 6 12.500 12.500 1.414 1.414 0.000 0.000
3 1 7 12.500 12.500 1.414 1.414 0.000 0.000
3 1 8 12.500 12.500 1.414 1.414 0.000 0.000
3 1 9 12.500 12.500 1.414 1.414 0.000 0.000
3 1 10 12.500 12.500 1.414 1.414 0.000 0.000
3 1 11 12.500 12.500 1.414 1.414 0.000 0.000
3 1 12 12.500 12.500 1.414 1.414 0.000 0.000
3 1 13 12.500 12.500 1.414 1.414 0.000 0.000
3 1 14 12.500 12.500 1.414 1.414 0.000 0.000
3 1 15 12.500 12.500 1.414 1.414 0.000 0.000
3 1 16 12.500 12.500 1.414 1.414 0.000 0.000
3 1 17 583.876 583.876 9.441 9.441 -0.187 0.032
3 1 18 625.557 625.557 8.419 8.419 0.028 0.026
3 1 19 583.276 583.276 9.121 9.121 -0.040 0.022
3 1 20 586.489 586.489 8.883 8.883 -0.067 0.038
3 1 21 648.054 648.054 9.671 9.671 0.149 0.025
3 1 22 702.769 702.769 9.233 9.233 0.290 0.027
3 1 23 -57.591 -57.591 162.637 162.637 0.898 0.023
3 2 1 12.500 12.500 1.414 1.414 0.000 0.000
3 2 2 12.500 12.500 1.414 1.414 0.000 0.000
3 2 3 12.500 12.500 1.414 1.414 0.000 0.000
3 2 4 12.500 12.500 1.414 1.414 0.000 0.000
3 2 5 12.500 12.500 1.414 1.414 0.000 0.000
3 2 6 12.500 12.500 1.414 1.414 0.000 0.000
3 2 7 12.500 12.500 1.414 1.414 0.000 0.000
3 2 8 12.500 12.500 1.414 1.414 0.000 0.000
3 2 9 12.500 12.500 1.414 1.414 0.000 0.000
3 2 10 12.500 12.500 1.414 1.414 0.000 0.000
3 2 11 12.500 12.500 1.414 1.414 0.000 0.000
3 2 12 12.500 12.500 1.414 1.414 0.000 0.000
3 2 13 12.500 12.500 1.414 1.414 0.000 0.000
3 2 14 12.500 12.500 1.414 1.414 0.000 0.000
3 2 15 12.500 12.500 1.414 1.414 0.000 0.000
3 2 16 12.500 12.500 1.414 1.414 0.000 0.000
3 2 17 1742.204 1742.204 52.099 52.099 -0.041 0.017
3 2 18 1169.759 1169.759 269.189 269.189 -0.033 0.022
3 2 19 1722.570 1722.570 28.272 28.272 -0.063 0.016
3 2 20 1570.097 1570.097 22.952 22.952 -0.090 0.020
3 2 21 1670.441 1670.441 32.778 32.778 -0.078 0.017
3 2 22 1609.781 1609.781 40.484 40.484 -0.106 0.021
3 2 23 1846.894 1846.894 19.493 19.493 -0.116 0.023
3 2 24 1694.136 1694.136 48.402 48.402 -0.177 0.019
3 2 25 1694.219 1694.219 37.876 37.876 -0.082 0.018
3 2 26 1649.687 1649.687 42.701 42.701 -0.030 0.023
3 2 27 1710.338 1710.338 37.272 37.272 -0.085 0.024
3 2 28 1669.358 1669.358 64.700 64.700 -0.117 0.023
3 2 29 1655.863 1655.863 32.811 32.811 -0.164 0.029
3 2 30 12.500 12.500 1.414 1.414 0.000 0.000
3 2 31 1722.245 1722.245 31.052 31.052 -0.092 0.024
3 2 32 12.500 12.500 1.414 1.414 0.000 0.000
3 2 33 12.500 12.500 1.414 1.414 0.000 0.000
3 2 34 12.500 12.500 1.414 1.414 0.000 0.000
3 2 35 12.500 12.500 1.414 1.414 0.000 0.000
3 2 36 12.500 12.500 1.414 1.414 0.000 0.000
3 2 37 12.500 12.500 1.414 1.414 0.000 0.000
3 2 38 12.500 12.500 1.414 1.414 0.000 0.000
3 2 39 12.500 12.500 1.414 1.414 0.000 0.000
3 2 40 12.500 12.500 1.414 1.414 0.000 0.000
3 2 41 12.500 12.500 1.414 1.414 0.000 0.000
3 2 42 12.500 12.500 1.414 1.414 0.000 0.000
3 2 43 12.500 12.500 1.414 1.414 0.000 0.000
3 2 44 12.500 12.500 1.414 1.414 0.000 0.000
3 2 45 12.500 12.500 1.414 1.414 0.000 0.000
3 2 46 12.500 12.500 1.414 1.414 0.000 0.000
3 2 47 12.500 12.500 1.414 1.414 0.000 0.000
3 2 48 12.500 12.500 1.414 1.414 0.000 0.000
3 2 49 1798.452 1798.452 28.256 28.256 -0.085 0.036
3 2 50 1772.608 1772.608 25.016 25.016 -0.037 0.022
3 2 51 1588.223 1588.223 33.608 33.608 -0.093 0.027
3 2 52 1727.979 1727.979 26.019 26.019 -0.062 0.021
3 2 53 1673.988 1673.988 30.731 30.731 -0.045 0.014
3 2 54 1788.596 1788.596 38.191 38.191 0.055 0.025
3 2 55 1658.540 1658.540 122.315 122.315 0.057 0.022
3 2 56 1814.420 1814.420 33.082 33.082 0.026 0.024
3 2 57 1836.174 1836.174 50.154 50.154 -0.060 0.025
3 2 58 1691.506 1691.506 41.246 41.246 0.296 0.016
3 2 59 2105.006 2105.006 62.405 62.405 -0.141 0.020
3 2 60 1539.246 1539.246 36.104 36.104 0.123 0.016
3 2 61 2051.903 2051.903 60.658 60.658 0.578 0.007
3 2 62 566.982 566.982 NaN NaN 0.543 0.028
3 3 1 775.326 775.326 10.836 10.836 -0.735 0.029
3 3 2 676.180 676.180 9.292 9.292 0.115 0.025
3 3 3 700.038 700.038 9.673 9.673 -0.049 0.032
3 3 4 637.849 637.849 11.610 11.610 -0.175 0.029
3 3 5 -3261.832 -3261.832 888.688 888.688 1.574 0.028
4 1 1 726.004 726.004 14.198 14.198 0.259 0.008
4 1 2 640.583 640.583 10.714 10.714 -0.155 0.008
4 1 3 570.346 570.346 23.752 23.752 0.333 0.011
4 1 4 604.522 604.522 10.857 10.857 -0.042 0.014
4 1 5 563.073 563.073 7.367 7.367 0.181 0.024
4 1 6 573.625 573.625 9.019 9.019 0.166 0.023
4 1 7 560.258 560.258 7.116 7.116 0.084 0.018
4 1 8 595.231 595.231 7.191 7.191 0.002 0.021
4 1 9 631.619 631.619 5.212 5.212 0.115 0.020
4 1 10 551.268 551.268 4.885 4.885 -0.012 0.021
4 1 11 515.149 515.149 17.009 17.009 0.146 0.026
4 1 12 510.773 510.773 5.459 5.459 0.338 0.020
4 1 13 563.515 563.515 6.248 6.248 0.045 0.021
4 1 14 570.397 570.397 5.787 5.787 0.129 0.025
4 1 15 579.192 579.192 7.393 7.393 0.102 0.028
4 1 16 577.183 577.183 7.504 7.504 -0.149 0.028
4 1 17 549.188 549.188 6.230 6.230 0.019 0.025
4 1 18 12.500 12.500 1.414 1.414 0.000 0.000
4 1 19 507.692 507.692 6.058 6.058 0.019 0.027
4 1 20 525.205 525.205 6.051 6.051 0.129 0.034
4 1 21 575.129 575.129 6.335 6.335 0.127 0.032
4 1 22 539.378 539.378 7.594 7.594 0.085 0.022
4 1 23 550.728 550.728 12.708 12.708 0.049 0.019
4 2 1 1336.079 1336.079 374.513 374.513 0.023 0.008
4 2 2 1083.834 1083.834 5230.436 5230.436 0.010 0.012
4 2 3 1835.070 1835.070 147.107 147.107 0.017 0.008
4 2 4 1802.735 1802.735 24.375 24.375 0.005 0.011
4 2 5 1733.872 1733.872 44.552 44.552 0.061 0.008
4 2 6 1619.004 1619.004 72.714 72.714 0.029 0.008
4 2 7 -120.135 -120.135 NaN NaN 0.033 0.007
4 2 8 1587.726 1587.726 17.730 17.730 -0.035 0.012
4 2 9 1781.827 1781.827 24.078 24.078 0.088 0.010
4 2 10 1839.148 1839.148 16.083 16.083 0.015 0.009
4 2 11 1647.598 1647.598 40.479 40.479 0.082 0.012
4 2 12 1762.500 1762.500 17.796 17.796 0.018 0.010
4 2 13 1670.113 1670.113 35.353 35.353 0.049 0.011
4 2 14 1584.801 1584.801 26.477 26.477 -0.003 0.015
4 2 15 1303.246 1303.246 110.823 110.823 -0.043 0.014
4 2 16 1511.502 1511.502 34.754 34.754 0.075 0.017
4 2 17 1090.387 1090.387 197.414 197.414 0.026 0.015
4 2 18 1590.721 1590.721 36.518 36.518 0.132 0.018
4 2 19 1638.265 1638.265 27.643 27.643 0.042 0.014
4 2 20 1579.925 1579.925 22.567 22.567 0.106 0.019
4 2 21 1498.836 1498.836 40.121 40.121 0.230 0.024
4 2 22 1518.807 1518.807 24.289 24.289 0.066 0.017
4 2 23 1533.515 1533.515 23.530 23.530 0.045 0.017
4 2 24 1511.446 1511.446 26.283 26.283 0.101 0.019
4 2 25 1504.054 1504.054 23.275 23.275 0.106 0.021
4 2 26 1502.369 1502.369 15.877 15.877 0.127 0.016
4 2 27 1514.768 1514.768 20.719 20.719 0.028 0.020
4 2 28 1640.904 1640.904 19.151 19.151 0.098 0.017
4 2 29 1509.519 1509.519 17.860 17.860 0.143 0.022
4 2 30 1490.357 1490.357 26.070 26.070 0.132 0.023
4 2 31 12.500 12.500 1.414 1.414 0.000 0.000
4 2 32 1515.372 1515.372 54.283 54.283 0.308 0.013
4 2 33 1513.457 1513.457 19.647 19.647 0.111 0.020
4 2 34 1535.883 1535.883 28.030 28.030 0.059 0.016
4 2 35 1360.862 1360.862 14.298 14.298 -0.252 0.016
4 2 36 1499.488 1499.488 15.829 15.829 0.054 0.020
4 2 37 1580.297 1580.297 22.798 22.798 0.032 0.017
4 2 38 1491.336 1491.336 18.169 18.169 0.090 0.016
4 2 39 1637.500 1637.500 24.680 24.680 0.011 0.020
4 2 40 1573.504 1573.504 24.534 24.534 0.119 0.019
4 2 41 1564.538 1564.538 21.719 21.719 0.132 0.020
4 2 42 1561.777 1561.777 17.949 17.949 0.032 0.018
4 2 43 1529.029 1529.029 19.391 19.391 0.077 0.023
4 2 44 1596.867 1596.867 17.923 17.923 0.041 0.021
4 2 45 1537.542 1537.542 15.548 15.548 0.032 0.018
4 2 46 1450.879 1450.879 15.155 15.155 0.107 0.023
4 2 47 1494.444 1494.444 22.864 22.864 0.088 0.020
4 2 48 1539.531 1539.531 20.888 20.888 0.029 0.021
4 2 49 1760.356 1760.356 24.110 24.110 0.397 0.027
4 2 50 1525.208 1525.208 16.322 16.322 0.049 0.023
4 2 51 1503.952 1503.952 16.397 16.397 -0.009 0.020
4 2 52 1575.109 1575.109 19.617 19.617 0.084 0.024
4 2 53 1522.487 1522.487 21.209 21.209 0.064 0.023
4 2 54 1594.090 1594.090 21.469 21.469 -0.091 0.026
4 2 55 1559.791 1559.791 28.226 28.226 0.088 0.034
4 2 56 1525.858 1525.858 20.514 20.514 0.036 0.024
4 2 57 1562.478 1562.478 23.033 23.033 0.000 0.016
4 2 58 1559.967 1559.967 15.764 15.764 0.159 0.028
4 2 59 1521.243 1521.243 26.465 26.465 0.093 0.031
4 2 60 1525.297 1525.297 25.368 25.368 0.037 0.027
4 2 61 1436.069 1436.069 24.546 24.546 0.090 0.015
4 2 62 1511.712 1511.712 23.845 23.845 0.104 0.021
4 3 1 12.500 12.500 1.414 1.414 0.000 0.000
4 3 2 724.459 724.459 7.207 7.207 0.107 0.024
4 3 3 560.959 560.959 6.277 6.277 -0.428 0.024
4 3 4 662.682 662.682 6.482 6.482 -0.180 0.028
4 3 5 12.500 12.500 1.414 1.414 0.000 0.000
5 1 1 709.783 709.783 8.836 8.836 0.050 0.005
5 1 2 731.190 731.190 10.152 10.152 0.006 0.007
5 1 3 709.177 709.177 6.773 6.773 0.207 0.006
5 1 4 412.507 412.507 0.080 0.080 5.043 0.011
5 1 5 659.675 659.675 6.901 6.901 -0.104 0.015
5 1 6 680.281 680.281 5.888 5.888 -0.043 0.015
5 1 7 657.409 657.409 5.564 5.564 -0.037 0.018
5 1 8 625.021 625.021 5.051 5.051 -0.051 0.018
5 1 9 679.282 679.282 4.307 4.307 0.058 0.016
5 1 10 710.390 710.390 4.918 4.918 -0.112 0.017
5 1 11 642.395 642.395 4.621 4.621 -0.196 0.018
5 1 12 610.378 610.378 4.911 4.911 -0.086 0.019
5 1 13 643.500 643.500 5.573 5.573 -0.024 0.017
5 1 14 646.121 646.121 4.863 4.863 -0.171 0.023
5 1 15 625.694 625.694 5.026 5.026 -0.020 0.019
5 1 16 668.063 668.063 4.839 4.839 -0.082 0.022
5 1 17 660.378 660.378 4.851 4.851 -0.033 0.024
5 1 18 619.655 619.655 5.160 5.160 -0.133 0.021
5 1 19 548.926 548.926 4.807 4.807 -0.015 0.022
5 1 20 712.344 712.344 6.714 6.714 0.129 0.025
5 1 21 684.781 684.781 6.901 6.901 -0.089 0.023
5 1 22 722.993 722.993 8.613 8.613 -0.134 0.022
5 1 23 616.122 616.122 6.205 6.205 -0.050 0.029
5 2 1 1904.301 1904.301 29.599 29.599 0.019 0.007
5 2 2 1938.623 1938.623 120.566 120.566 -0.024 0.009
5 2 3 2033.749 2033.749 70.354 70.354 -0.023 0.007
5 2 4 2279.618 2279.618 21.920 21.920 0.118 0.006
5 2 5 1843.665 1843.665 58.242 58.242 0.015 0.009
5 2 6 1928.402 1928.402 30.242 30.242 0.023 0.008
5 2 7 1830.051 1830.051 52.328 52.328 0.074 0.008
5 2 8 1855.601 1855.601 24.827 24.827 0.012 0.008
5 2 9 1856.722 1856.722 58.191 58.191 0.007 0.009
5 2 10 1851.352 1851.352 24.173 24.173 -0.011 0.007
5 2 11 1895.901 1895.901 23.787 23.787 -0.051 0.007
5 2 12 1808.420 1808.420 27.749 27.749 0.049 0.007
5 2 13 1790.654 1790.654 20.779 20.779 0.071 0.009
5 2 14 1775.722 1775.722 34.697 34.697 0.071 0.010
5 2 15 1792.914 1792.914 24.823 24.823 0.059 0.012
5 2 16 1754.342 1754.342 18.648 18.648 0.004 0.012
5 2 17 1822.826 1822.826 17.078 17.078 0.046 0.013
5 2 18 1817.359 1817.359 23.818 23.818 0.084 0.015
5 2 19 1800.580 1800.580 22.583 22.583 -0.017 0.013
5 2 20 1806.621 1806.621 21.585 21.585 -0.001 0.013
5 2 21 1754.264 1754.264 15.040 15.040 0.054 0.020
5 2 22 1853.769 1853.769 13.596 13.596 0.037 0.016
5 2 23 1842.320 1842.320 21.138 21.138 0.025 0.014
5 2 24 1887.045 1887.045 18.184 18.184 -0.182 0.019
5 2 25 1780.089 1780.089 17.914 17.914 -0.049 0.016
5 2 26 1746.134 1746.134 15.484 15.484 0.028 0.018
5 2 27 1799.600 1799.600 16.639 16.639 -0.005 0.016
5 2 28 1781.455 1781.455 18.680 18.680 -0.103 0.021
5 2 29 1779.384 1779.384 16.481 16.481 -0.010 0.024
5 2 30 1847.885 1847.885 14.447 14.447 -0.037 0.017
5 2 31 1792.232 1792.232 15.148 15.148 -0.022 0.025
5 2 32 1892.612 1892.612 15.830 15.830 -0.012 0.013
5 2 33 1843.674 1843.674 16.130 16.130 0.012 0.017
5 2 34 1899.383 1899.383 15.359 15.359 -0.027 0.014
5 2 35 1867.323 1867.323 18.236 18.236 -0.029 0.015
5 2 36 1767.556 1767.556 14.558 14.558 0.061 0.015
5 2 37 1902.905 1902.905 16.830 16.830 0.008 0.016
5 2 38 1932.736 1932.736 17.869 17.869 0.040 0.012
5 2 39 1812.500 1812.500 17.560 17.560 0.091 0.021
5 2 40 1834.301 1834.301 15.599 15.599 0.045 0.018
5 2 41 1872.066 1872.066 16.627 16.627 -0.027 0.018
5 2 42 1775.801 1775.801 14.711 14.711 -0.033 0.020
5 2 43 1868.193 1868.193 20.414 20.414 -0.079 0.019
5 2 44 1934.115 1934.115 16.496 16.496 -0.004 0.017
5 2 45 1866.901 1866.901 15.675 15.675 -0.037 0.021
5 2 46 1815.082 1815.082 16.185 16.185 -0.005 0.022
5 2 47 1862.500 1862.500 20.979 20.979 0.042 0.022
5 2 48 2006.941 2006.941 17.862 17.862 -0.011 0.018
5 2 49 1846.507 1846.507 20.544 20.544 0.036 0.023
5 2 50 1935.170 1935.170 21.690 21.690 0.069 0.019
5 2 51 1912.781 1912.781 16.847 16.847 0.017 0.019
5 2 52 1908.763 1908.763 21.742 21.742 0.063 0.017
5 2 53 1974.761 1974.761 19.667 19.667 0.035 0.021
5 2 54 1856.211 1856.211 19.459 19.459 0.013 0.024
5 2 55 1905.550 1905.550 41.960 41.960 -0.044 0.020
5 2 56 1851.995 1851.995 21.249 21.249 0.004 0.026
5 2 57 1944.042 1944.042 23.068 23.068 0.018 0.031
5 2 58 1822.230 1822.230 28.929 28.929 -0.004 0.025
5 2 59 1820.217 1820.217 28.678 28.678 -0.028 0.032
5 2 60 1798.797 1798.797 24.577 24.577 -0.020 0.025
5 2 61 1727.663 1727.663 21.907 21.907 -0.051 0.028
5 2 62 1987.101 1987.101 40.381 40.381 -0.090 0.019
5 3 1 774.688 774.688 8.159 8.159 -0.037 0.023
5 3 2 829.179 829.179 7.507 7.507 -0.344 0.020
5 3 3 540.442 540.442 5.088 5.088 -0.136 0.020
5 3 4 662.779 662.779 7.359 7.359 0.162 0.026
5 3 5 721.475 721.475 7.387 7.387 0.323 0.025
6 1 1 792.589 792.589 20.459 20.459 -0.189 0.008
6 1 2 686.688 686.688 13.253 13.253 -0.184 0.008
6 1 3 703.134 703.134 9.217 9.217 0.032 0.009
6 1 4 621.568 621.568 7.851 7.851 -0.010 0.012
6 1 5 696.973 696.973 9.721 9.721 -0.014 0.015
6 1 6 598.144 598.144 8.657 8.657 -0.101 0.022
6 1 7 708.995 708.995 7.862 7.862 -0.143 0.019
6 1 8 712.622 712.622 7.789 7.789 -0.195 0.014
6 1 9 674.489 674.489 6.484 6.484 -0.334 0.020
6 1 10 669.625 669.625 6.302 6.302 -0.100 0.022
6 1 11 673.142 673.142 7.499 7.499 -0.145 0.022
6 1 12 635.570 635.570 8.245 8.245 -0.209 0.023
6 1 13 648.105 648.105 6.390 6.390 -0.263 0.025
6 1 14 741.845 741.845 7.261 7.261 0.021 0.024
6 1 15 673.284 673.284 6.518 6.518 -0.038 0.025
6 1 16 636.122 636.122 5.543 5.543 -0.047 0.024
6 1 17 637.879 637.879 6.090 6.090 -0.206 0.025
6 1 18 649.351 649.351 7.260 7.260 -0.142 0.024
6 1 19 641.079 641.079 6.826 6.826 -0.296 0.027
6 1 20 643.338 643.338 8.125 8.125 -0.232 0.026
6 1 21 12.500 12.500 1.414 1.414 0.000 0.000
6 1 22 724.519 724.519 8.641 8.641 -0.021 0.028
6 1 23 511.675 511.675 9.150 9.150 -0.118 0.026
6 2 1 1210.921 1210.921 95.085 95.085 -0.016 0.007
6 2 2 775.528 775.528 1.414 1.414 -0.041 0.014
6 2 3 1338.824 1338.824 818.426 818.426 -0.006 0.009
6 2 4 1883.437 1883.437 65.206 65.206 -0.012 0.007
6 2 5 1618.145 1618.145 4158.809 4158.809 -0.017 0.009
6 2 6 1835.631 1835.631 43.533 43.533 -0.050 0.008
6 2 7 1797.777 1797.777 21.941 21.941 -0.026 0.007
6 2 8 1826.781 1826.781 44.852 44.852 -0.010 0.011
6 2 9 1854.923 1854.923 37.151 37.151 -0.051 0.009
6 2 10 1819.861 1819.861 46.888 46.888 -0.006 0.008
6 2 11 1975.695 1975.695 42.716 42.716 -0.030 0.010
6 2 12 1853.116 1853.116 20.208 20.208 -0.103 0.009
6 2 13 -2001.312 -2001.312 1.414 1.414 -0.035 0.011
6 2 14 1250.658 1250.658 185.710 185.710 -0.084 0.015
6 2 15 1515.119 1515.119 43.733 43.733 -0.053 0.014
6 2 16 1830.327 1830.327 35.228 35.228 -0.031 0.015
6 2 17 1883.986 1883.986 33.675 33.675 -0.186 0.015
6 2 18 1759.772 1759.772 37.001 37.001 -0.115 0.019
6 2 19 -451.100 -451.100 2034.065 2034.065 -0.129 0.019
6 2 20 1831.778 1831.778 25.119 25.119 -0.111 0.018
6 2 21 1747.154 1747.154 28.869 28.869 -0.142 0.019
6 2 22 1703.424 1703.424 431.981 431.981 -0.140 0.017
6 2 23 1809.852 1809.852 27.761 27.761 -0.089 0.020
6 2 24 1447.055 1447.055 30.734 30.734 -0.101 0.025
6 2 25 1789.211 1789.211 21.846 21.846 -0.156 0.021
6 2 26 1776.060 1776.060 37.118 37.118 -0.135 0.021
6 2 27 1772.992 1772.992 34.303 34.303 -0.021 0.019
6 2 28 1803.646 1803.646 27.315 27.315 -0.238 0.026
6 2 29 1814.684 1814.684 31.224 31.224 -0.100 0.027
6 2 30 1802.353 1802.353 27.750 27.750 -0.067 0.023
6 2 31 1732.136 1732.136 21.417 21.417 -0.151 0.034
6 2 32 1824.964 1824.964 22.640 22.640 -0.020 0.014
6 2 33 1817.065 1817.065 31.457 31.457 -0.074 0.021
6 2 34 1956.025 1956.025 31.300 31.300 -0.091 0.016
6 2 35 1837.500 1837.500 23.132 23.132 -0.116 0.020
6 2 36 1810.500 1810.500 20.922 20.922 -0.140 0.020
6 2 37 1908.509 1908.509 23.906 23.906 -0.118 0.022
6 2 38 1943.135 1943.135 28.920 28.920 -0.054 0.017
6 2 39 1705.658 1705.658 24.134 24.134 -0.041 0.016
6 2 40 1922.161 1922.161 19.866 19.866 -0.044 0.020
6 2 41 1884.496 1884.496 26.524 26.524 -0.193 0.019
6 2 42 1840.939 1840.939 19.561 19.561 -0.166 0.025
6 2 43 1877.937 1877.937 21.888 21.888 -0.116 0.027
6 2 44 1878.796 1878.796 22.575 22.575 -0.188 0.027
6 2 45 1783.711 1783.711 23.438 23.438 -0.153 0.029
6 2 46 1803.180 1803.180 22.216 22.216 -0.188 0.030
6 2 47 1830.422 1830.422 21.521 21.521 -0.196 0.026
6 2 48 1987.500 1987.500 17.013 17.013 -0.138 0.018
6 2 49 1931.816 1931.816 23.415 23.415 -0.201 0.023
6 2 50 1961.287 1961.287 23.307 23.307 -0.159 0.022
6 2 51 1963.016 1963.016 26.407 26.407 -0.134 0.020
6 2 52 1861.892 1861.892 23.720 23.720 -0.102 0.022
6 2 53 1887.500 1887.500 33.415 33.415 -0.106 0.021
6 2 54 1902.139 1902.139 43.116 43.116 -0.127 0.028
6 2 55 2060.760 2060.760 29.780 29.780 -0.303 0.022
6 2 56 1838.797 1838.797 19.861 19.861 -0.135 0.018
6 2 57 1777.385 1777.385 28.816 28.816 -0.075 0.026
6 2 58 1783.508 1783.508 23.548 23.548 0.011 0.023
6 2 59 1779.137 1779.137 24.944 24.944 -0.016 0.028
6 2 60 1843.962 1843.962 42.898 42.898 0.042 0.031
6 2 61 1808.254 1808.254 38.998 38.998 0.014 0.027
6 2 62 2000.107 2000.107 31.368 31.368 -0.030 0.026
6 3 1 714.922 714.922 703.046 703.046 3.820 0.000
6 3 2 675.466 675.466 8.608 8.608 -0.052 0.023
6 3 3 812.806 812.806 10.100 10.100 0.162 0.023
6 3 4 608.171 608.171 6.817 6.817 0.125 0.022
6 3 5 710.163 710.163 7.982 7.982 -0.045 0.024
