  1   1   1   2.808970e+01    2.571841e-01    0.000000e+00    2.953449e+01    3.063376e-01    0.000000e+00  
  1   1   2   2.516275e+01    2.000012e-01    0.000000e+00    1.000000e+02    3.777219e-01    0.000000e+00  
  1   1   3   2.529626e+01    3.571931e-01    0.000000e+00    2.000038e+01    3.761489e-01    0.000000e+00  
  1   1   4   2.000117e+01    2.216188e-01    0.000000e+00    2.000001e+01    2.671507e-01    0.000000e+00  
  1   1   5   2.000000e+01    8.499999e-01    0.000000e+00    9.999761e+01    7.217981e-01    0.000000e+00  
  1   1   6   9.045584e+01    6.010503e-01    0.000000e+00    4.000000e+01    4.900135e-01    0.000000e+00  
  1   1   7   2.000000e+01    8.500000e-01    0.000000e+00    2.000000e+01    8.500000e-01    0.000000e+00  
  1   1   8   2.000753e+01    2.818436e-01    0.000000e+00    6.553286e+01    4.181461e-01    0.000000e+00  
  1   1   9   4.475787e+01    3.590617e-01    0.000000e+00    2.081732e+01    3.557072e-01    0.000000e+00  
  1   1  10   1.000000e+02    3.818622e-01    0.000000e+00    9.999465e+01    3.836549e-01    0.000000e+00  
  1   1  11   2.876909e+01    3.050741e-01    0.000000e+00    4.218284e+01    2.683418e-01    0.000000e+00  
  1   1  12   7.559701e+01    4.108578e-01    0.000000e+00    1.000000e+02    8.087893e-01    0.000000e+00  
  1   1  13   2.190930e+01    2.000006e-01    0.000000e+00    2.624303e+01    2.000002e-01    0.000000e+00  
  1   1  14   2.640395e+01    2.000001e-01    0.000000e+00    2.404629e+01    2.000030e-01    0.000000e+00  
  1   1  15   1.000000e+02    3.864638e-01    0.000000e+00    2.567529e+01    2.000000e-01    0.000000e+00  
  1   1  16   9.999856e+01    7.086178e-01    0.000000e+00    2.011243e+01    7.156989e-01    0.000000e+00  
  1   1  17   9.999987e+01    3.724824e-01    0.000000e+00    9.999983e+01    3.571084e-01    0.000000e+00  
  1   1  18   2.000000e+01    3.556106e-01    0.000000e+00    2.000001e+01    4.732037e-01    0.000000e+00  
  1   1  19   2.000000e+01    2.124307e-01    0.000000e+00    2.000000e+01    2.239295e-01    0.000000e+00  
  1   1  20   9.999949e+01    3.933395e-01    0.000000e+00    2.376759e+01    2.000003e-01    0.000000e+00  
  1   1  21   2.000000e+01    3.300287e-01    0.000000e+00    2.000001e+01    3.464380e-01    0.000000e+00  
  1   1  22   2.000023e+01    3.484120e-01    0.000000e+00    2.000000e+01    3.949992e-01    0.000000e+00  
  1   1  23   2.587279e+01    2.000003e-01    0.000000e+00    9.999979e+01    3.570227e-01    0.000000e+00  
  1   2   1   9.999999e+01    3.424561e-01    0.000000e+00    9.999999e+01    3.390015e-01    0.000000e+00  
  1   2   2   2.000002e+01    2.285483e-01    0.000000e+00    2.000002e+01    2.185422e-01    0.000000e+00  
  1   2   3   1.000000e+02    3.921943e-01    0.000000e+00    3.665497e+01    5.109369e-01    0.000000e+00  
  1   2   4   2.000000e+01    8.499998e-01    0.000000e+00    2.000000e+01    8.500000e-01    0.000000e+00  
  1   2   5   4.000000e+01    5.000000e-01    0.000000e+00    4.000000e+01    5.000000e-01    0.000000e+00  
  1   2   6   2.067323e+01    2.000018e-01    0.000000e+00    9.999045e+01    3.807512e-01    0.000000e+00  
  1   2   7   1.000000e+02    3.980662e-01    0.000000e+00    9.999999e+01    3.490086e-01    0.000000e+00  
  1   2   8   2.000001e+01    2.231698e-01    0.000000e+00    2.000013e+01    2.411474e-01    0.000000e+00  
  1   2   9   2.000000e+01    2.195325e-01    0.000000e+00    9.999998e+01    3.885422e-01    0.000000e+00  
  1   2  10   2.000058e+01    8.500000e-01    0.000000e+00    2.000000e+01    8.500000e-01    0.000000e+00  
  1   2  11   2.000000e+01    8.500000e-01    0.000000e+00    2.000000e+01    8.500000e-01    0.000000e+00  
  1   2  12   3.020306e+01    3.194475e-01    0.000000e+00    2.000401e+01    3.022789e-01    0.000000e+00  
  1   2  13   2.000000e+01    8.500000e-01    0.000000e+00    2.000000e+01    8.499994e-01    0.000000e+00  
  1   2  14   2.000024e+01    2.806257e-01    0.000000e+00    2.256557e+01    3.343800e-01    0.000000e+00  
  1   2  15   2.000003e+01    2.010863e-01    0.000000e+00    1.000000e+02    3.565528e-01    0.000000e+00  
  1   2  16   9.999999e+01    3.519347e-01    0.000000e+00    2.019536e+01    2.000000e-01    0.000000e+00  
  1   2  17   9.983734e+01    4.816521e-01    0.000000e+00    9.995357e+01    6.049214e-01    0.000000e+00  
  1   2  18   2.000222e+01    4.198103e-01    0.000000e+00    4.216766e+01    3.378294e-01    0.000000e+00  
  1   2  19   9.999996e+01    3.755074e-01    0.000000e+00    9.999999e+01    3.459816e-01    0.000000e+00  
  1   2  20   6.946640e+01    3.719909e-01    0.000000e+00    4.000000e+01    5.000000e-01    0.000000e+00  
  1   2  21   2.000000e+01    8.500000e-01    0.000000e+00    9.999999e+01    3.506090e-01    0.000000e+00  
  1   2  22   2.000008e+01    8.499992e-01    0.000000e+00    9.999989e+01    5.732091e-01    0.000000e+00  
  1   2  23   3.572197e+01    2.793010e-01    0.000000e+00    1.000000e+02    3.903985e-01    0.000000e+00  
  1   2  24   9.999832e+01    3.704346e-01    0.000000e+00    2.000043e+01    2.790840e-01    0.000000e+00  
  1   2  25   9.999994e+01    3.865062e-01    0.000000e+00    1.000000e+02    3.672994e-01    0.000000e+00  
  1   2  26   2.000000e+01    8.500000e-01    0.000000e+00    2.000003e+01    8.499999e-01    0.000000e+00  
  1   2  27   2.000000e+01    8.500000e-01    0.000000e+00    9.999916e+01    4.570754e-01    0.000000e+00  
  1   2  28   2.000000e+01    8.500000e-01    0.000000e+00    2.000000e+01    8.500000e-01    0.000000e+00  
  1   2  29   2.000003e+01    2.377330e-01    0.000000e+00    2.000000e+01    2.445674e-01    0.000000e+00  
  1   2  30   2.000000e+01    2.291423e-01    0.000000e+00    2.000019e+01    2.547490e-01    0.000000e+00  
  1   2  31   9.999566e+01    6.926337e-01    0.000000e+00    9.999994e+01    7.752137e-01    0.000000e+00  
  1   2  32   2.003784e+01    3.004083e-01    0.000000e+00    2.000020e+01    5.356394e-01    0.000000e+00  
  1   2  33   2.000005e+01    2.493422e-01    0.000000e+00    2.056752e+01    2.137746e-01    0.000000e+00  
  1   2  34   9.999999e+01    3.379040e-01    0.000000e+00    9.999622e+01    3.664935e-01    0.000000e+00  
  1   2  35   2.000001e+01    2.170436e-01    0.000000e+00    1.000000e+02    3.959920e-01    0.000000e+00  
  1   2  36   2.000007e+01    2.120039e-01    0.000000e+00    1.000000e+02    3.920747e-01    0.000000e+00  
  1   2  37   2.000000e+01    7.698253e-01    0.000000e+00    2.000057e+01    4.355478e-01    0.000000e+00  
  1   2  38   1.000000e+02    3.616520e-01    0.000000e+00    9.999910e+01    3.687142e-01    0.000000e+00  
  1   2  39   2.000000e+01    2.219406e-01    0.000000e+00    2.000001e+01    2.356618e-01    0.000000e+00  
  1   2  40   2.000000e+01    4.598165e-01    0.000000e+00    2.000001e+01    3.582175e-01    0.000000e+00  
  1   2  41   2.000000e+01    2.584154e-01    0.000000e+00    9.999912e+01    3.820708e-01    0.000000e+00  
  1   2  42   2.000000e+01    4.617374e-01    0.000000e+00    3.070511e+01    2.790309e-01    0.000000e+00  
  1   2  43   9.999999e+01    3.969875e-01    0.000000e+00    2.000002e+01    2.167436e-01    0.000000e+00  
  1   2  44   2.003027e+01    6.757683e-01    0.000000e+00    2.000025e+01    5.771737e-01    0.000000e+00  
  1   2  45   5.942559e+01    5.322385e-01    0.000000e+00    2.074867e+01    3.329235e-01    0.000000e+00  
  1   2  46   2.000000e+01    2.143197e-01    0.000000e+00    2.002288e+01    2.000012e-01    0.000000e+00  
  1   2  47   9.999966e+01    3.761300e-01    0.000000e+00    9.999926e+01    3.830826e-01    0.000000e+00  
  1   2  48   2.000000e+01    5.309307e-01    0.000000e+00    2.004148e+01    6.218337e-01    0.000000e+00  
  1   2  49   9.999999e+01    3.409595e-01    0.000000e+00    9.999999e+01    3.749785e-01    0.000000e+00  
  1   2  50   1.000000e+02    3.970611e-01    0.000000e+00    1.000000e+02    3.925057e-01    0.000000e+00  
  1   2  51   2.000000e+01    2.177998e-01    0.000000e+00    2.000000e+01    2.136495e-01    0.000000e+00  
  1   2  52   9.999858e+01    3.312268e-01    0.000000e+00    2.000000e+01    2.364863e-01    0.000000e+00  
  1   2  53   9.999927e+01    3.773630e-01    0.000000e+00    9.999999e+01    3.745548e-01    0.000000e+00  
  1   2  54   2.000009e+01    2.549924e-01    0.000000e+00    2.000000e+01    2.677054e-01    0.000000e+00  
  1   2  55   2.000000e+01    2.036685e-01    0.000000e+00    2.000000e+01    2.012887e-01    0.000000e+00  
  1   2  56   2.000000e+01    3.651401e-01    0.000000e+00    2.000191e+01    8.499943e-01    0.000000e+00  
  1   2  57   2.000002e+01    7.848259e-01    0.000000e+00    2.000797e+01    6.814576e-01    0.000000e+00  
  1   2  58   2.000004e+01    2.259561e-01    0.000000e+00    2.016211e+01    6.968339e-01    0.000000e+00  
  1   2  59   1.000000e+02    3.934626e-01    0.000000e+00    2.074140e+01    2.000006e-01    0.000000e+00  
  1   2  60   1.000000e+02    3.744052e-01    0.000000e+00    1.000000e+02    3.660044e-01    0.000000e+00  
  1   2  61   2.000000e+01    5.083165e-01    0.000000e+00    2.000000e+01    7.240106e-01    0.000000e+00  
  1   2  62   2.000000e+01    3.035886e-01    0.000000e+00    2.000000e+01    2.996671e-01    0.000000e+00  
  1   3   1   2.000008e+01    2.077309e-01    0.000000e+00    2.320833e+01    2.026256e-01    0.000000e+00  
  1   3   2   2.000041e+01    3.151060e-01    0.000000e+00    2.000000e+01    4.218496e-01    0.000000e+00  
  1   3   3   9.999963e+01    3.917997e-01    0.000000e+00    2.956703e+01    2.207866e-01    0.000000e+00  
  1   3   4   3.377254e+01    3.160947e-01    0.000000e+00    4.148510e+01    3.455681e-01    0.000000e+00  
  1   3   5   6.142655e+01    3.881795e-01    0.000000e+00    2.051636e+01    2.547663e-01    0.000000e+00  
  2   1   1   4.782451e+01    4.325270e-01    0.000000e+00    9.999999e+01    3.328939e-01    0.000000e+00  
  2   1   2   1.000000e+02    7.996115e-01    0.000000e+00    9.999999e+01    3.765607e-01    0.000000e+00  
  2   1   3   2.000000e+01    8.500000e-01    0.000000e+00    9.999969e+01    3.685138e-01    0.000000e+00  
  2   1   4   2.000000e+01    8.500000e-01    0.000000e+00    9.999999e+01    3.282602e-01    0.000000e+00  
  2   1   5   2.000000e+01    8.500000e-01    0.000000e+00    4.000000e+01    5.000000e-01    0.000000e+00  
  2   1   6   9.999989e+01    7.560834e-01    0.000000e+00    9.999482e+01    3.661644e-01    0.000000e+00  
  2   1   7   2.060583e+01    8.471483e-01    0.000000e+00    1.000000e+02    3.471845e-01    0.000000e+00  
  2   1   8   2.025948e+01    6.569912e-01    0.000000e+00    9.999926e+01    3.935384e-01    0.000000e+00  
  2   1   9   2.000000e+01    8.500000e-01    0.000000e+00    9.999999e+01    3.362339e-01    0.000000e+00  
  2   1  10   2.000024e+01    4.334534e-01    0.000000e+00    4.000000e+01    5.000000e-01    0.000000e+00  
  2   1  11   2.068992e+01    6.027498e-01    0.000000e+00    1.000000e+02    3.414997e-01    0.000000e+00  
  2   1  12   4.853954e+01    3.481671e-01    0.000000e+00    9.999999e+01    3.332256e-01    0.000000e+00  
  2   1  13   4.000000e+01    5.000000e-01    0.000000e+00    4.000000e+01    5.000000e-01    0.000000e+00  
  2   1  14   2.000807e+01    6.261833e-01    0.000000e+00    9.999923e+01    3.707041e-01    0.000000e+00  
  2   1  15   9.999999e+01    7.736889e-01    0.000000e+00    9.999995e+01    3.475655e-01    0.000000e+00  
  2   1  16   2.000000e+01    8.500000e-01    0.000000e+00    1.000000e+02    3.506617e-01    0.000000e+00  
  2   1  17   9.999993e+01    5.261662e-01    0.000000e+00    1.000000e+02    3.447442e-01    0.000000e+00  
  2   1  18   2.000003e+01    8.500000e-01    0.000000e+00    4.000000e+01    5.000000e-01    0.000000e+00  
  2   1  19   9.999986e+01    7.259823e-01    0.000000e+00    4.000000e+01    5.000000e-01    0.000000e+00  
  2   1  20   4.000000e+01    5.000000e-01    0.000000e+00    9.999998e+01    3.963805e-01    0.000000e+00  
  2   1  21   2.000000e+01    3.720582e-01    0.000000e+00    4.733075e+01    3.457122e-01    0.000000e+00  
  2   1  22   3.739967e+01    8.499993e-01    0.000000e+00    4.000000e+01    5.000000e-01    0.000000e+00  
  2   1  23   2.000000e+01    8.500000e-01    0.000000e+00    4.000000e+01    5.000000e-01    0.000000e+00  
  2   2   1   2.000000e+01    8.500000e-01    0.000000e+00    1.000000e+02    3.628280e-01    0.000000e+00  
  2   2   2   2.000000e+01    8.500000e-01    0.000000e+00    9.999953e+01    4.044756e-01    0.000000e+00  
  2   2   3   4.000000e+01    5.000000e-01    0.000000e+00    2.000012e+01    2.730383e-01    0.000000e+00  
  2   2   4   2.052685e+01    3.600261e-01    0.000000e+00    9.999999e+01    3.499585e-01    0.000000e+00  
  2   2   5   2.000000e+01    8.499991e-01    0.000000e+00    4.000000e+01    5.000000e-01    0.000000e+00  
  2   2   6   2.000000e+01    8.500000e-01    0.000000e+00    2.010932e+01    2.000005e-01    0.000000e+00  
  2   2   7   4.000000e+01    5.000000e-01    0.000000e+00    9.999995e+01    3.159034e-01    0.000000e+00  
  2   2   8   3.891745e+01    8.500000e-01    0.000000e+00    9.999993e+01    3.107528e-01    0.000000e+00  
  2   2   9   2.000000e+01    8.499998e-01    0.000000e+00    9.999994e+01    3.138498e-01    0.000000e+00  
  2   2  10   2.000001e+01    8.500000e-01    0.000000e+00    9.999999e+01    3.995765e-01    0.000000e+00  
  2   2  11   4.000000e+01    5.000000e-01    0.000000e+00    9.999971e+01    5.579593e-01    0.000000e+00  
  2   2  12   2.000000e+01    8.500000e-01    0.000000e+00    5.366975e+01    3.718037e-01    0.000000e+00  
  2   2  13   2.000794e+01    8.499969e-01    0.000000e+00    9.999985e+01    2.929350e-01    0.000000e+00  
  2   2  14   4.608386e+01    4.740539e-01    0.000000e+00    9.999994e+01    3.121080e-01    0.000000e+00  
  2   2  15   2.000000e+01    8.500000e-01    0.000000e+00    4.000000e+01    5.000000e-01    0.000000e+00  
  2   2  16   5.960480e+01    8.500000e-01    0.000000e+00    9.999993e+01    3.102961e-01    0.000000e+00  
  2   2  17   9.999980e+01    3.915128e-01    0.000000e+00    9.999996e+01    3.244056e-01    0.000000e+00  
  2   2  18   2.000000e+01    8.500000e-01    0.000000e+00    4.000000e+01    5.000000e-01    0.000000e+00  
  2   2  19   2.000000e+01    8.500000e-01    0.000000e+00    9.999994e+01    3.121889e-01    0.000000e+00  
  2   2  20   9.999976e+01    3.892857e-01    0.000000e+00    9.999998e+01    3.313412e-01    0.000000e+00  
  2   2  21   4.000000e+01    5.000000e-01    0.000000e+00    4.000000e+01    5.000000e-01    0.000000e+00  
  2   2  22   4.403108e+01    4.208003e-01    0.000000e+00    9.999994e+01    3.114355e-01    0.000000e+00  
  2   2  23   2.000000e+01    8.500000e-01    0.000000e+00    9.999992e+01    3.081037e-01    0.000000e+00  
  2   2  24   9.999861e+01    3.785610e-01    0.000000e+00    4.000000e+01    5.000000e-01    0.000000e+00  
  2   2  25   4.000000e+01    5.000000e-01    0.000000e+00    1.000000e+02    3.645277e-01    0.000000e+00  
  2   2  26   2.000002e+01    8.499794e-01    0.000000e+00    4.000000e+01    5.000000e-01    0.000000e+00  
  2   2  27   4.000000e+01    5.000000e-01    0.000000e+00    9.999997e+01    3.262722e-01    0.000000e+00  
  2   2  28   2.000000e+01    8.500000e-01    0.000000e+00    4.000000e+01    5.000000e-01    0.000000e+00  
  2   2  29   4.000000e+01    5.000000e-01    0.000000e+00    9.999988e+01    3.007576e-01    0.000000e+00  
  2   2  30   2.000000e+01    8.500000e-01    0.000000e+00    9.999988e+01    2.976693e-01    0.000000e+00  
  2   2  31   2.909465e+01    8.500000e-01    0.000000e+00    4.000000e+01    5.000000e-01    0.000000e+00  
  2   2  32   2.000000e+01    8.500000e-01    0.000000e+00    4.000000e+01    5.000000e-01    0.000000e+00  
  2   2  33   5.047169e+01    3.476048e-01    0.000000e+00    4.000000e+01    5.000000e-01    0.000000e+00  
  2   2  34   2.000000e+01    8.500000e-01    0.000000e+00    4.000000e+01    5.000000e-01    0.000000e+00  
  2   2  35   4.000000e+01    5.000000e-01    0.000000e+00    9.999997e+01    3.161496e-01    0.000000e+00  
  2   2  36   2.000000e+01    8.500000e-01    0.000000e+00    4.000000e+01    5.000000e-01    0.000000e+00  
  2   2  37   5.815529e+01    8.429911e-01    0.000000e+00    4.000000e+01    5.000000e-01    0.000000e+00  
  2   2  38   5.129711e+01    3.817962e-01    0.000000e+00    4.000000e+01    5.000000e-01    0.000000e+00  
  2   2  39   2.000000e+01    8.500000e-01    0.000000e+00    4.000000e+01    5.000000e-01    0.000000e+00  
  2   2  40   2.000000e+01    8.500000e-01    0.000000e+00    4.000000e+01    5.000000e-01    0.000000e+00  
  2   2  41   4.000000e+01    5.000000e-01    0.000000e+00    9.999996e+01    3.213908e-01    0.000000e+00  
  2   2  42   4.000000e+01    5.000000e-01    0.000000e+00    4.658992e+01    4.454119e-01    0.000000e+00  
  2   2  43   4.000000e+01    5.000000e-01    0.000000e+00    9.999991e+01    3.045616e-01    0.000000e+00  
  2   2  44   4.000000e+01    5.000000e-01    0.000000e+00    9.999994e+01    3.120436e-01    0.000000e+00  
  2   2  45   2.000012e+01    8.499998e-01    0.000000e+00    9.999982e+01    3.928280e-01    0.000000e+00  
  2   2  46   4.000000e+01    5.000000e-01    0.000000e+00    9.999996e+01    3.207115e-01    0.000000e+00  
  2   2  47   2.000170e+01    8.500000e-01    0.000000e+00    4.000000e+01    5.000000e-01    0.000000e+00  
  2   2  48   2.051858e+01    6.312839e-01    0.000000e+00    4.000000e+01    5.000000e-01    0.000000e+00  
  2   2  49   2.000001e+01    3.603538e-01    0.000000e+00    4.000000e+01    5.000000e-01    0.000000e+00  
  2   2  50   4.678913e+01    4.610934e-01    0.000000e+00    9.999997e+01    3.293935e-01    0.000000e+00  
  2   2  51   2.000001e+01    8.499950e-01    0.000000e+00    9.999992e+01    3.065203e-01    0.000000e+00  
  2   2  52   2.000000e+01    4.400441e-01    0.000000e+00    4.154963e+01    3.885192e-01    0.000000e+00  
  2   2  53   2.000000e+01    8.500000e-01    0.000000e+00    4.000000e+01    5.000000e-01    0.000000e+00  
  2   2  54   2.000000e+01    8.500000e-01    0.000000e+00    4.000000e+01    5.000000e-01    0.000000e+00  
  2   2  55   2.000000e+01    4.462973e-01    0.000000e+00    4.000000e+01    5.000000e-01    0.000000e+00  
  2   2  56   2.000000e+01    3.665986e-01    0.000000e+00    4.000000e+01    5.000000e-01    0.000000e+00  
  2   2  57   2.000000e+01    8.500000e-01    0.000000e+00    4.000000e+01    5.000000e-01    0.000000e+00  
  2   2  58   9.999870e+01    7.181387e-01    0.000000e+00    4.000000e+01    5.000000e-01    0.000000e+00  
  2   2  59   4.000000e+01    5.000000e-01    0.000000e+00    4.000000e+01    5.000000e-01    0.000000e+00  
  2   2  60   2.000000e+01    8.500000e-01    0.000000e+00    4.000000e+01    5.000000e-01    0.000000e+00  
  2   2  61   2.000019e+01    8.500000e-01    0.000000e+00    4.000000e+01    5.000000e-01    0.000000e+00  
  2   2  62   9.999932e+01    5.505615e-01    0.000000e+00    4.000000e+01    5.000000e-01    0.000000e+00  
  2   3   1   2.000000e+01    8.500000e-01    0.000000e+00    5.104419e+01    3.338403e-01    0.000000e+00  
  2   3   2   2.000000e+01    5.058134e-01    0.000000e+00    9.999999e+01    3.369549e-01    0.000000e+00  
  2   3   3   2.000006e+01    6.623291e-01    0.000000e+00    5.019201e+01    3.452329e-01    0.000000e+00  
  2   3   4   2.000613e+01    7.045687e-01    0.000000e+00    4.608183e+01    4.079262e-01    0.000000e+00  
  2   3   5   2.000000e+01    3.634008e-01    0.000000e+00    4.000000e+01    5.000000e-01    0.000000e+00  
  3   1   1   2.000000e+01    8.500000e-01    0.000000e+00    2.889992e+01    3.256911e-01    0.000000e+00  
  3   1   2   9.999936e+01    5.583802e-01    0.000000e+00    2.457024e+01    2.007630e-01    0.000000e+00  
  3   1   3   2.000000e+01    8.500000e-01    0.000000e+00    9.999953e+01    4.316833e-01    0.000000e+00  
  3   1   4   2.000000e+01    8.499979e-01    0.000000e+00    9.999992e+01    4.266475e-01    0.000000e+00  
  3   1   5   2.000000e+01    8.500000e-01    0.000000e+00    9.999993e+01    3.724721e-01    0.000000e+00  
  3   1   6   2.000026e+01    3.391454e-01    0.000000e+00    9.999999e+01    4.448476e-01    0.000000e+00  
  3   1   7   2.198264e+01    8.496337e-01    0.000000e+00    9.999843e+01    3.523086e-01    0.000000e+00  
  3   1   8   9.999920e+01    7.215447e-01    0.000000e+00    9.999999e+01    4.880675e-01    0.000000e+00  
  3   1   9   2.000109e+01    7.625312e-01    0.000000e+00    2.873846e+01    2.137921e-01    0.000000e+00  
  3   1  10   2.000000e+01    8.500000e-01    0.000000e+00    1.000000e+02    3.430193e-01    0.000000e+00  
  3   1  11   2.000000e+01    5.209966e-01    0.000000e+00    1.000000e+02    3.900946e-01    0.000000e+00  
  3   1  12   1.000000e+02    6.936106e-01    0.000000e+00    9.999987e+01    3.711304e-01    0.000000e+00  
  3   1  13   2.381190e+01    8.496671e-01    0.000000e+00    3.120650e+01    2.000000e-01    0.000000e+00  
  3   1  14   2.000001e+01    6.057951e-01    0.000000e+00    9.999935e+01    3.722294e-01    0.000000e+00  
  3   1  15   2.000000e+01    8.500000e-01    0.000000e+00    9.999999e+01    3.970892e-01    0.000000e+00  
  3   1  16   2.000001e+01    8.500000e-01    0.000000e+00    9.479641e+01    3.572596e-01    0.000000e+00  
  3   1  17   3.796125e+01    8.499999e-01    0.000000e+00    1.000000e+02    3.472584e-01    0.000000e+00  
  3   1  18   5.104434e+01    3.677115e-01    0.000000e+00    1.000000e+02    3.547282e-01    0.000000e+00  
  3   1  19   3.856555e+01    6.650343e-01    0.000000e+00    4.000000e+01    5.000000e-01    0.000000e+00  
  3   1  20   1.000000e+02    6.986826e-01    0.000000e+00    2.012869e+01    2.503831e-01    0.000000e+00  
  3   1  21   9.999998e+01    5.845617e-01    0.000000e+00    4.000000e+01    5.000000e-01    0.000000e+00  
  3   1  22   2.000000e+01    2.723669e-01    0.000000e+00    4.000000e+01    5.000000e-01    0.000000e+00  
  3   1  23   3.328304e+01    8.499998e-01    0.000000e+00    2.000005e+01    3.373980e-01    0.000000e+00  
  3   2   1   9.999840e+01    6.541764e-01    0.000000e+00    2.000002e+01    2.520852e-01    0.000000e+00  
  3   2   2   4.000000e+01    5.000000e-01    0.000000e+00    2.000000e+01    8.500000e-01    0.000000e+00  
  3   2   3   2.000000e+01    8.500000e-01    0.000000e+00    2.029495e+01    2.064373e-01    0.000000e+00  
  3   2   4   2.000003e+01    8.499998e-01    0.000000e+00    2.937434e+01    3.119612e-01    0.000000e+00  
  3   2   5   9.999999e+01    7.971789e-01    0.000000e+00    1.000000e+02    3.756546e-01    0.000000e+00  
  3   2   6   4.000000e+01    5.000000e-01    0.000000e+00    9.999973e+01    4.375223e-01    0.000000e+00  
  3   2   7   2.000000e+01    8.500000e-01    0.000000e+00    9.999999e+01    3.446095e-01    0.000000e+00  
  3   2   8   4.000000e+01    5.000000e-01    0.000000e+00    1.000000e+02    3.581907e-01    0.000000e+00  
  3   2   9   4.000000e+01    5.000000e-01    0.000000e+00    9.999999e+01    5.490685e-01    0.000000e+00  
  3   2  10   9.999995e+01    8.038720e-01    0.000000e+00    9.999996e+01    3.225258e-01    0.000000e+00  
  3   2  11   2.601654e+01    8.226302e-01    0.000000e+00    1.000000e+02    3.615489e-01    0.000000e+00  
  3   2  12   2.000000e+01    8.500000e-01    0.000000e+00    9.999998e+01    3.359573e-01    0.000000e+00  
  3   2  13   2.000000e+01    8.500000e-01    0.000000e+00    9.999988e+01    3.005458e-01    0.000000e+00  
  3   2  14   5.065221e+01    8.226462e-01    0.000000e+00    9.999994e+01    3.133761e-01    0.000000e+00  
  3   2  15   4.000000e+01    5.000000e-01    0.000000e+00    9.999996e+01    4.782372e-01    0.000000e+00  
  3   2  16   2.000000e+01    8.500000e-01    0.000000e+00    9.999993e+01    3.112990e-01    0.000000e+00  
  3   2  17   2.000046e+01    8.499997e-01    0.000000e+00    9.999877e+01    3.685710e-01    0.000000e+00  
  3   2  18   4.000000e+01    5.000000e-01    0.000000e+00    1.000000e+02    4.406261e-01    0.000000e+00  
  3   2  19   2.000000e+01    8.500000e-01    0.000000e+00    9.999999e+01    3.467062e-01    0.000000e+00  
  3   2  20   2.000000e+01    8.500000e-01    0.000000e+00    9.999997e+01    3.266648e-01    0.000000e+00  
  3   2  21   5.118368e+01    3.733213e-01    0.000000e+00    9.999999e+01    3.456679e-01    0.000000e+00  
  3   2  22   2.000000e+01    8.500000e-01    0.000000e+00    9.999999e+01    3.504828e-01    0.000000e+00  
  3   2  23   2.000000e+01    8.500000e-01    0.000000e+00    9.999996e+01    3.200694e-01    0.000000e+00  
  3   2  24   2.000000e+01    8.500000e-01    0.000000e+00    9.999990e+01    3.028219e-01    0.000000e+00  
  3   2  25   4.000000e+01    5.000000e-01    0.000000e+00    9.999999e+01    3.484586e-01    0.000000e+00  
  3   2  26   2.000000e+01    8.500000e-01    0.000000e+00    4.000000e+01    5.000000e-01    0.000000e+00  
  3   2  27   4.000000e+01    5.000000e-01    0.000000e+00    9.999983e+01    3.714880e-01    0.000000e+00  
  3   2  28   2.000000e+01    8.500000e-01    0.000000e+00    9.999996e+01    3.228043e-01    0.000000e+00  
  3   2  29   2.000000e+01    8.500000e-01    0.000000e+00    9.999990e+01    3.024645e-01    0.000000e+00  
  3   2  30   2.000000e+01    8.500000e-01    0.000000e+00    9.999997e+01    3.267839e-01    0.000000e+00  
  3   2  31   4.000000e+01    5.000000e-01    0.000000e+00    9.999993e+01    3.149198e-01    0.000000e+00  
  3   2  32   2.521099e+01    8.500000e-01    0.000000e+00    4.000000e+01    5.000000e-01    0.000000e+00  
  3   2  33   2.000000e+01    8.500000e-01    0.000000e+00    9.999996e+01    3.275436e-01    0.000000e+00  
  3   2  34   7.637129e+01    7.144651e-01    0.000000e+00    9.999989e+01    2.986129e-01    0.000000e+00  
  3   2  35   2.000005e+01    8.499797e-01    0.000000e+00    1.000000e+02    3.655830e-01    0.000000e+00  
  3   2  36   4.000000e+01    5.000000e-01    0.000000e+00    1.000000e+02    3.524945e-01    0.000000e+00  
  3   2  37   2.000000e+01    8.500000e-01    0.000000e+00    9.999998e+01    3.244200e-01    0.000000e+00  
  3   2  38   9.999803e+01    8.390963e-01    0.000000e+00    9.999873e+01    2.938629e-01    0.000000e+00  
  3   2  39   2.000004e+01    8.499999e-01    0.000000e+00    9.999993e+01    3.128176e-01    0.000000e+00  
  3   2  40   4.000000e+01    5.000000e-01    0.000000e+00    1.000000e+02    3.598107e-01    0.000000e+00  
  3   2  41   9.999985e+01    6.561128e-01    0.000000e+00    4.000000e+01    5.000000e-01    0.000000e+00  
  3   2  42   2.000000e+01    8.500000e-01    0.000000e+00    9.999999e+01    3.356543e-01    0.000000e+00  
  3   2  43   2.000006e+01    7.264381e-01    0.000000e+00    9.999993e+01    3.139701e-01    0.000000e+00  
  3   2  44   2.052775e+01    6.627018e-01    0.000000e+00    9.999992e+01    3.100988e-01    0.000000e+00  
  3   2  45   2.000000e+01    8.499999e-01    0.000000e+00    9.999999e+01    3.425751e-01    0.000000e+00  
  3   2  46   2.000001e+01    8.500000e-01    0.000000e+00    9.999947e+01    3.658795e-01    0.000000e+00  
  3   2  47   2.000014e+01    8.500000e-01    0.000000e+00    9.999999e+01    3.446661e-01    0.000000e+00  
  3   2  48   4.000000e+01    4.900135e-01    0.000000e+00    9.999991e+01    3.056101e-01    0.000000e+00  
  3   2  49   2.647036e+01    4.639890e-01    0.000000e+00    9.999998e+01    3.304433e-01    0.000000e+00  
  3   2  50   2.000000e+01    4.752703e-01    0.000000e+00    9.999995e+01    3.193935e-01    0.000000e+00  
  3   2  51   2.001949e+01    6.065877e-01    0.000000e+00    1.000000e+02    3.562816e-01    0.000000e+00  
  3   2  52   2.000000e+01    5.323326e-01    0.000000e+00    4.000000e+01    5.000000e-01    0.000000e+00  
  3   2  53   2.000002e+01    3.699911e-01    0.000000e+00    9.999991e+01    3.081624e-01    0.000000e+00  
  3   2  54   2.000000e+01    3.425676e-01    0.000000e+00    1.000000e+02    3.536967e-01    0.000000e+00  
  3   2  55   2.000000e+01    2.939024e-01    0.000000e+00    4.000000e+01    5.000000e-01    0.000000e+00  
  3   2  56   2.998555e+01    5.937009e-01    0.000000e+00    9.999998e+01    3.286733e-01    0.000000e+00  
  3   2  57   2.000000e+01    3.401551e-01    0.000000e+00    4.000000e+01    5.000000e-01    0.000000e+00  
  3   2  58   2.000000e+01    4.150256e-01    0.000000e+00    9.999997e+01    3.225242e-01    0.000000e+00  
  3   2  59   2.102798e+01    3.355706e-01    0.000000e+00    4.000000e+01    5.000000e-01    0.000000e+00  
  3   2  60   2.000000e+01    4.380418e-01    0.000000e+00    9.999997e+01    3.212301e-01    0.000000e+00  
  3   2  61   2.000005e+01    3.884037e-01    0.000000e+00    4.000000e+01    5.000000e-01    0.000000e+00  
  3   2  62   2.000029e+01    5.897683e-01    0.000000e+00    1.000000e+02    3.335609e-01    0.000000e+00  
  3   3   1   2.000000e+01    3.230969e-01    0.000000e+00    9.958801e+01    3.732171e-01    0.000000e+00  
  3   3   2   2.015617e+01    2.560393e-01    0.000000e+00    9.996394e+01    3.809227e-01    0.000000e+00  
  3   3   3   4.000000e+01    5.000000e-01    0.000000e+00    4.000000e+01    5.000000e-01    0.000000e+00  
  3   3   4   8.531771e+01    5.031804e-01    0.000000e+00    4.000000e+01    5.000000e-01    0.000000e+00  
  3   3   5   2.000001e+01    5.493812e-01    0.000000e+00    9.354699e+01    4.721551e-01    0.000000e+00  
  4   1   1   2.000000e+01    8.500000e-01    0.000000e+00    2.000000e+01    8.500000e-01    0.000000e+00  
  4   1   2   2.000000e+01    8.499999e-01    0.000000e+00    2.000000e+01    8.500000e-01    0.000000e+00  
  4   1   3   2.000000e+01    8.500000e-01    0.000000e+00    7.848280e+01    8.500000e-01    0.000000e+00  
  4   1   4   4.000000e+01    5.000000e-01    0.000000e+00    4.000000e+01    4.900135e-01    0.000000e+00  
  4   1   5   9.987720e+01    3.989537e-01    0.000000e+00    9.999998e+01    4.154440e-01    0.000000e+00  
  4   1   6   9.999999e+01    5.763854e-01    0.000000e+00    9.999980e+01    6.188389e-01    0.000000e+00  
  4   1   7   1.000000e+02    6.120978e-01    0.000000e+00    9.999991e+01    5.368004e-01    0.000000e+00  
  4   1   8   1.000000e+02    5.380676e-01    0.000000e+00    9.999998e+01    5.402140e-01    0.000000e+00  
  4   1   9   4.000000e+01    5.000000e-01    0.000000e+00    9.117214e+01    5.564427e-01    0.000000e+00  
  4   1  10   1.000000e+02    4.695607e-01    0.000000e+00    1.000000e+02    4.641857e-01    0.000000e+00  
  4   1  11   1.000000e+02    6.147776e-01    0.000000e+00    9.999996e+01    5.731953e-01    0.000000e+00  
  4   1  12   1.000000e+02    5.752155e-01    0.000000e+00    1.000000e+02    5.504879e-01    0.000000e+00  
  4   1  13   1.000000e+02    5.010537e-01    0.000000e+00    9.999998e+01    4.651284e-01    0.000000e+00  
  4   1  14   1.000000e+02    4.779132e-01    0.000000e+00    9.999990e+01    4.393602e-01    0.000000e+00  
  4   1  15   9.999994e+01    5.020012e-01    0.000000e+00    9.999993e+01    4.892049e-01    0.000000e+00  
  4   1  16   1.000000e+02    8.500000e-01    0.000000e+00    9.999974e+01    5.424213e-01    0.000000e+00  
  4   1  17   9.999999e+01    4.889026e-01    0.000000e+00    9.999997e+01    4.477328e-01    0.000000e+00  
  4   1  18   1.000000e+02    4.911136e-01    0.000000e+00    9.999987e+01    4.821514e-01    0.000000e+00  
  4   1  19   1.000000e+02    4.519773e-01    0.000000e+00    9.999905e+01    4.623646e-01    0.000000e+00  
  4   1  20   9.999992e+01    4.664468e-01    0.000000e+00    9.999998e+01    4.807945e-01    0.000000e+00  
  4   1  21   5.142551e+01    3.860950e-01    0.000000e+00    2.021115e+01    2.388189e-01    0.000000e+00  
  4   1  22   1.000000e+02    4.560732e-01    0.000000e+00    9.999999e+01    4.652822e-01    0.000000e+00  
  4   1  23   1.000000e+02    4.896813e-01    0.000000e+00    1.000000e+02    5.010388e-01    0.000000e+00  
  4   2   1   2.351984e+01    2.570934e-01    0.000000e+00    2.000047e+01    2.801396e-01    0.000000e+00  
  4   2   2   4.000000e+01    5.000000e-01    0.000000e+00    2.000000e+01    8.500000e-01    0.000000e+00  
  4   2   3   2.003596e+01    2.283450e-01    0.000000e+00    3.319685e+01    2.906374e-01    0.000000e+00  
  4   2   4   9.276099e+01    8.486641e-01    0.000000e+00    9.999962e+01    4.331210e-01    0.000000e+00  
  4   2   5   9.999999e+01    3.439057e-01    0.000000e+00    9.999976e+01    3.732476e-01    0.000000e+00  
  4   2   6   1.000000e+02    3.903612e-01    0.000000e+00    1.000000e+02    4.125442e-01    0.000000e+00  
  4   2   7   2.855829e+01    7.006797e-01    0.000000e+00    3.457306e+01    8.500000e-01    0.000000e+00  
  4   2   8   9.999997e+01    7.401308e-01    0.000000e+00    8.353678e+01    7.247129e-01    0.000000e+00  
  4   2   9   9.999970e+01    3.731124e-01    0.000000e+00    1.000000e+02    3.961079e-01    0.000000e+00  
  4   2  10   1.000000e+02    7.134213e-01    0.000000e+00    1.000000e+02    7.042507e-01    0.000000e+00  
  4   2  11   2.000000e+01    8.499998e-01    0.000000e+00    2.000000e+01    8.500000e-01    0.000000e+00  
  4   2  12   1.000000e+02    4.223235e-01    0.000000e+00    9.999998e+01    4.880001e-01    0.000000e+00  
  4   2  13   9.999954e+01    7.139968e-01    0.000000e+00    2.927891e+01    8.142110e-01    0.000000e+00  
  4   2  14   1.000000e+02    3.929370e-01    0.000000e+00    9.999994e+01    3.775813e-01    0.000000e+00  
  4   2  15   1.000000e+02    4.530582e-01    0.000000e+00    9.999998e+01    4.614129e-01    0.000000e+00  
  4   2  16   9.999974e+01    5.334311e-01    0.000000e+00    6.568797e+01    4.524091e-01    0.000000e+00  
  4   2  17   9.999996e+01    5.971393e-01    0.000000e+00    9.999985e+01    7.204599e-01    0.000000e+00  
  4   2  18   1.000000e+02    4.428202e-01    0.000000e+00    9.987449e+01    3.977298e-01    0.000000e+00  
  4   2  19   1.000000e+02    4.795753e-01    0.000000e+00    1.000000e+02    4.748423e-01    0.000000e+00  
  4   2  20   8.533351e+01    8.076775e-01    0.000000e+00    2.001161e+01    6.838330e-01    0.000000e+00  
  4   2  21   2.000005e+01    8.499996e-01    0.000000e+00    2.049799e+01    6.661687e-01    0.000000e+00  
  4   2  22   8.185195e+01    8.034161e-01    0.000000e+00    9.700315e+01    7.625488e-01    0.000000e+00  
  4   2  23   3.722550e+01    8.499962e-01    0.000000e+00    1.000000e+02    7.095493e-01    0.000000e+00  
  4   2  24   1.000000e+02    4.590038e-01    0.000000e+00    9.999984e+01    4.546001e-01    0.000000e+00  
  4   2  25   1.000000e+02    4.332147e-01    0.000000e+00    1.000000e+02    4.470880e-01    0.000000e+00  
  4   2  26   1.000000e+02    7.438941e-01    0.000000e+00    1.000000e+02    6.963573e-01    0.000000e+00  
  4   2  27   1.000000e+02    6.321338e-01    0.000000e+00    8.018190e+01    7.398799e-01    0.000000e+00  
  4   2  28   3.454198e+01    3.997457e-01    0.000000e+00    9.999999e+01    5.486288e-01    0.000000e+00  
  4   2  29   9.999963e+01    4.696033e-01    0.000000e+00    9.999982e+01    4.979873e-01    0.000000e+00  
  4   2  30   9.999997e+01    4.582205e-01    0.000000e+00    9.999993e+01    6.256290e-01    0.000000e+00  
  4   2  31   1.000000e+02    7.460153e-01    0.000000e+00    1.000000e+02    3.572992e-01    0.000000e+00  
  4   2  32   4.000000e+01    5.000000e-01    0.000000e+00    4.000000e+01    5.000000e-01    0.000000e+00  
  4   2  33   1.000000e+02    5.388544e-01    0.000000e+00    1.000000e+02    5.342292e-01    0.000000e+00  
  4   2  34   9.999999e+01    4.134074e-01    0.000000e+00    1.000000e+02    3.966139e-01    0.000000e+00  
  4   2  35   1.000000e+02    4.461323e-01    0.000000e+00    9.999997e+01    4.118409e-01    0.000000e+00  
  4   2  36   9.999999e+01    4.785503e-01    0.000000e+00    1.000000e+02    6.081375e-01    0.000000e+00  
  4   2  37   9.999999e+01    4.563335e-01    0.000000e+00    1.000000e+02    4.882228e-01    0.000000e+00  
  4   2  38   9.999999e+01    4.516555e-01    0.000000e+00    9.999998e+01    4.319379e-01    0.000000e+00  
  4   2  39   1.000000e+02    4.987229e-01    0.000000e+00    9.999994e+01    4.974782e-01    0.000000e+00  
  4   2  40   2.000339e+01    2.055146e-01    0.000000e+00    9.999781e+01    3.964667e-01    0.000000e+00  
  4   2  41   1.000000e+02    4.051517e-01    0.000000e+00    9.999969e+01    4.156929e-01    0.000000e+00  
  4   2  42   9.999998e+01    4.177446e-01    0.000000e+00    9.999992e+01    4.160775e-01    0.000000e+00  
  4   2  43   9.999999e+01    4.130385e-01    0.000000e+00    7.565335e+01    3.830294e-01    0.000000e+00  
  4   2  44   9.999998e+01    4.486308e-01    0.000000e+00    9.966434e+01    4.621876e-01    0.000000e+00  
  4   2  45   9.999926e+01    4.316956e-01    0.000000e+00    9.933274e+01    4.458506e-01    0.000000e+00  
  4   2  46   2.000000e+01    2.068412e-01    0.000000e+00    3.123327e+01    2.911182e-01    0.000000e+00  
  4   2  47   9.999999e+01    4.422682e-01    0.000000e+00    1.000000e+02    4.230042e-01    0.000000e+00  
  4   2  48   9.999988e+01    4.345201e-01    0.000000e+00    1.000000e+02    4.320187e-01    0.000000e+00  
  4   2  49   1.000000e+02    4.428709e-01    0.000000e+00    9.999991e+01    4.351503e-01    0.000000e+00  
  4   2  50   9.999988e+01    4.279867e-01    0.000000e+00    1.000000e+02    4.315914e-01    0.000000e+00  
  4   2  51   9.999995e+01    4.096067e-01    0.000000e+00    1.000000e+02    4.284502e-01    0.000000e+00  
  4   2  52   5.488926e+01    3.518458e-01    0.000000e+00    1.000000e+02    4.977160e-01    0.000000e+00  
  4   2  53   9.999980e+01    4.308328e-01    0.000000e+00    9.999997e+01    4.353618e-01    0.000000e+00  
  4   2  54   9.999985e+01    4.296301e-01    0.000000e+00    9.999994e+01    4.301965e-01    0.000000e+00  
  4   2  55   9.999893e+01    4.566542e-01    0.000000e+00    1.000000e+02    4.362541e-01    0.000000e+00  
  4   2  56   2.000006e+01    2.437977e-01    0.000000e+00    2.000009e+01    4.479035e-01    0.000000e+00  
  4   2  57   2.000000e+01    2.833061e-01    0.000000e+00    9.999691e+01    4.195948e-01    0.000000e+00  
  4   2  58   1.000000e+02    4.383013e-01    0.000000e+00    1.000000e+02    4.430325e-01    0.000000e+00  
  4   2  59   1.000000e+02    4.536052e-01    0.000000e+00    9.999996e+01    4.402467e-01    0.000000e+00  
  4   2  60   2.182806e+01    2.281049e-01    0.000000e+00    2.000019e+01    2.251536e-01    0.000000e+00  
  4   2  61   9.999963e+01    4.640218e-01    0.000000e+00    2.000000e+01    2.575431e-01    0.000000e+00  
  4   2  62   4.047718e+01    3.025130e-01    0.000000e+00    1.000000e+02    4.397011e-01    0.000000e+00  
  4   3   1   1.000000e+02    5.163466e-01    0.000000e+00    9.999998e+01    5.129441e-01    0.000000e+00  
  4   3   2   6.628969e+01    4.516562e-01    0.000000e+00    9.999999e+01    5.038211e-01    0.000000e+00  
  4   3   3   4.000000e+01    5.000000e-01    0.000000e+00    4.000000e+01    5.000000e-01    0.000000e+00  
  4   3   4   4.000000e+01    4.900135e-01    0.000000e+00    1.000000e+02    6.732254e-01    0.000000e+00  
  4   3   5   1.000000e+02    5.744348e-01    0.000000e+00    1.000000e+02    5.626368e-01    0.000000e+00  
  5   1   1   9.999993e+01    3.717732e-01    0.000000e+00    3.754262e+01    8.500000e-01    0.000000e+00  
  5   1   2   3.101753e+01    2.382521e-01    0.000000e+00    2.000000e+01    8.500000e-01    0.000000e+00  
  5   1   3   9.999996e+01    3.573663e-01    0.000000e+00    2.000000e+01    8.500000e-01    0.000000e+00  
  5   1   4   9.999923e+01    3.686057e-01    0.000000e+00    2.000000e+01    8.500000e-01    0.000000e+00  
  5   1   5   9.999998e+01    4.349260e-01    0.000000e+00    2.000000e+01    8.500000e-01    0.000000e+00  
  5   1   6   1.000000e+02    3.861443e-01    0.000000e+00    2.000000e+01    8.500000e-01    0.000000e+00  
  5   1   7   1.000000e+02    4.089122e-01    0.000000e+00    9.999999e+01    8.121862e-01    0.000000e+00  
  5   1   8   1.000000e+02    3.472650e-01    0.000000e+00    2.000000e+01    8.500000e-01    0.000000e+00  
  5   1   9   9.999999e+01    4.021670e-01    0.000000e+00    2.000000e+01    6.575129e-01    0.000000e+00  
  5   1  10   9.999999e+01    3.375626e-01    0.000000e+00    4.870377e+01    8.500000e-01    0.000000e+00  
  5   1  11   9.999999e+01    3.360559e-01    0.000000e+00    2.000000e+01    8.500000e-01    0.000000e+00  
  5   1  12   1.000000e+02    3.903241e-01    0.000000e+00    9.999997e+01    6.311642e-01    0.000000e+00  
  5   1  13   1.000000e+02    4.028977e-01    0.000000e+00    2.000422e+01    4.339391e-01    0.000000e+00  
  5   1  14   9.999746e+01    3.547202e-01    0.000000e+00    2.000000e+01    8.500000e-01    0.000000e+00  
  5   1  15   9.999939e+01    3.938505e-01    0.000000e+00    2.000122e+01    7.967346e-01    0.000000e+00  
  5   1  16   9.999987e+01    3.695165e-01    0.000000e+00    2.000000e+01    8.500000e-01    0.000000e+00  
  5   1  17   9.999818e+01    3.965647e-01    0.000000e+00    1.000000e+02    7.458340e-01    0.000000e+00  
  5   1  18   9.999976e+01    3.592944e-01    0.000000e+00    2.000000e+01    8.500000e-01    0.000000e+00  
  5   1  19   1.000000e+02    3.395002e-01    0.000000e+00    8.759876e+01    8.499999e-01    0.000000e+00  
  5   1  20   9.965152e+01    3.694657e-01    0.000000e+00    2.003716e+01    7.072336e-01    0.000000e+00  
  5   1  21   9.999873e+01    3.686649e-01    0.000000e+00    2.000001e+01    7.867817e-01    0.000000e+00  
  5   1  22   9.999695e+01    3.677134e-01    0.000000e+00    2.000000e+01    8.500000e-01    0.000000e+00  
  5   1  23   4.000000e+01    5.000000e-01    0.000000e+00    2.038044e+01    2.962747e-01    0.000000e+00  
  5   2   1   9.999357e+01    3.803987e-01    0.000000e+00    9.999737e+01    6.388552e-01    0.000000e+00  
  5   2   2   9.999718e+01    5.038920e-01    0.000000e+00    2.617957e+01    5.511872e-01    0.000000e+00  
  5   2   3   9.999994e+01    3.108991e-01    0.000000e+00    9.998673e+01    4.792453e-01    0.000000e+00  
  5   2   4   9.999998e+01    3.771397e-01    0.000000e+00    3.979377e+01    3.942028e-01    0.000000e+00  
  5   2   5   2.842104e+01    2.785568e-01    0.000000e+00    2.000002e+01    8.500000e-01    0.000000e+00  
  5   2   6   9.999998e+01    3.359028e-01    0.000000e+00    9.999998e+01    6.913967e-01    0.000000e+00  
  5   2   7   9.999996e+01    6.720001e-01    0.000000e+00    4.718566e+01    3.539525e-01    0.000000e+00  
  5   2   8   9.999982e+01    4.845303e-01    0.000000e+00    4.000000e+01    5.000000e-01    0.000000e+00  
  5   2   9   1.000000e+02    6.839317e-01    0.000000e+00    4.000000e+01    5.000000e-01    0.000000e+00  
  5   2  10   9.999954e+01    4.593317e-01    0.000000e+00    4.000000e+01    5.000000e-01    0.000000e+00  
  5   2  11   1.000000e+02    3.982445e-01    0.000000e+00    4.000000e+01    5.000000e-01    0.000000e+00  
  5   2  12   9.999999e+01    3.427669e-01    0.000000e+00    2.000000e+01    8.500000e-01    0.000000e+00  
  5   2  13   1.000000e+02    3.543539e-01    0.000000e+00    2.000000e+01    8.500000e-01    0.000000e+00  
  5   2  14   9.999998e+01    3.316758e-01    0.000000e+00    2.000000e+01    8.500000e-01    0.000000e+00  
  5   2  15   9.999991e+01    4.106176e-01    0.000000e+00    4.000000e+01    5.000000e-01    0.000000e+00  
  5   2  16   9.999997e+01    3.245779e-01    0.000000e+00    2.000000e+01    8.499999e-01    0.000000e+00  
  5   2  17   9.999799e+01    3.684119e-01    0.000000e+00    9.999781e+01    3.455765e-01    0.000000e+00  
  5   2  18   9.999990e+01    3.036831e-01    0.000000e+00    3.778466e+01    8.499997e-01    0.000000e+00  
  5   2  19   9.999883e+01    3.920540e-01    0.000000e+00    4.000000e+01    5.000000e-01    0.000000e+00  
  5   2  20   9.999995e+01    3.132780e-01    0.000000e+00    2.257627e+01    8.499999e-01    0.000000e+00  
  5   2  21   9.999808e+01    3.655265e-01    0.000000e+00    4.530419e+01    4.787697e-01    0.000000e+00  
  5   2  22   1.000000e+02    3.623152e-01    0.000000e+00    2.000000e+01    8.499998e-01    0.000000e+00  
  5   2  23   9.999999e+01    3.403349e-01    0.000000e+00    4.000000e+01    5.000000e-01    0.000000e+00  
  5   2  24   9.999996e+01    3.201522e-01    0.000000e+00    2.000000e+01    8.500000e-01    0.000000e+00  
  5   2  25   9.999992e+01    3.103081e-01    0.000000e+00    2.000000e+01    8.500000e-01    0.000000e+00  
  5   2  26   9.999993e+01    3.117237e-01    0.000000e+00    2.000001e+01    8.499999e-01    0.000000e+00  
  5   2  27   1.000000e+02    3.550137e-01    0.000000e+00    2.000000e+01    8.500000e-01    0.000000e+00  
  5   2  28   9.999991e+01    3.073733e-01    0.000000e+00    2.000000e+01    8.500000e-01    0.000000e+00  
  5   2  29   9.999989e+01    2.986150e-01    0.000000e+00    2.000000e+01    8.500000e-01    0.000000e+00  
  5   2  30   9.999996e+01    3.215007e-01    0.000000e+00    2.000001e+01    8.500000e-01    0.000000e+00  
  5   2  31   9.999989e+01    3.035655e-01    0.000000e+00    2.000000e+01    8.500000e-01    0.000000e+00  
  5   2  32   4.671540e+01    4.509836e-01    0.000000e+00    2.000000e+01    8.500000e-01    0.000000e+00  
  5   2  33   9.999995e+01    3.213264e-01    0.000000e+00    2.000000e+01    8.500000e-01    0.000000e+00  
  5   2  34   9.999997e+01    3.305911e-01    0.000000e+00    2.000000e+01    8.500000e-01    0.000000e+00  
  5   2  35   1.000000e+02    3.644516e-01    0.000000e+00    4.000000e+01    5.000000e-01    0.000000e+00  
  5   2  36   9.999992e+01    3.065606e-01    0.000000e+00    1.000000e+02    7.941498e-01    0.000000e+00  
  5   2  37   9.999995e+01    3.155400e-01    0.000000e+00    2.005595e+01    6.823357e-01    0.000000e+00  
  5   2  38   9.999999e+01    3.479942e-01    0.000000e+00    2.000000e+01    8.500000e-01    0.000000e+00  
  5   2  39   9.999996e+01    3.182398e-01    0.000000e+00    2.000000e+01    8.500000e-01    0.000000e+00  
  5   2  40   9.999999e+01    3.385654e-01    0.000000e+00    2.000000e+01    8.500000e-01    0.000000e+00  
  5   2  41   9.999998e+01    3.334345e-01    0.000000e+00    2.000000e+01    8.500000e-01    0.000000e+00  
  5   2  42   9.999996e+01    3.211595e-01    0.000000e+00    2.000003e+01    7.385553e-01    0.000000e+00  
  5   2  43   9.999998e+01    3.331087e-01    0.000000e+00    2.000009e+01    8.499997e-01    0.000000e+00  
  5   2  44   4.000000e+01    5.000000e-01    0.000000e+00    2.001705e+01    6.159929e-01    0.000000e+00  
  5   2  45   9.999993e+01    3.140021e-01    0.000000e+00    2.000001e+01    8.500000e-01    0.000000e+00  
  5   2  46   9.999998e+01    3.335002e-01    0.000000e+00    2.000005e+01    8.499996e-01    0.000000e+00  
  5   2  47   9.999997e+01    3.259021e-01    0.000000e+00    1.000000e+02    7.212908e-01    0.000000e+00  
  5   2  48   9.999997e+01    3.269627e-01    0.000000e+00    2.009669e+01    6.699026e-01    0.000000e+00  
  5   2  49   4.000000e+01    5.000000e-01    0.000000e+00    4.000000e+01    5.000000e-01    0.000000e+00  
  5   2  50   9.999994e+01    3.180811e-01    0.000000e+00    2.000004e+01    8.500000e-01    0.000000e+00  
  5   2  51   9.999999e+01    3.353153e-01    0.000000e+00    2.000047e+01    7.323886e-01    0.000000e+00  
  5   2  52   9.999999e+01    3.489446e-01    0.000000e+00    2.148098e+01    5.790705e-01    0.000000e+00  
  5   2  53   4.000000e+01    5.000000e-01    0.000000e+00    2.000000e+01    3.632699e-01    0.000000e+00  
  5   2  54   1.000000e+02    3.497725e-01    0.000000e+00    2.000000e+01    5.002187e-01    0.000000e+00  
  5   2  55   4.000000e+01    5.000000e-01    0.000000e+00    2.000000e+01    3.446285e-01    0.000000e+00  
  5   2  56   4.000000e+01    5.000000e-01    0.000000e+00    2.000001e+01    5.583550e-01    0.000000e+00  
  5   2  57   9.999999e+01    3.440436e-01    0.000000e+00    2.000000e+01    3.505989e-01    0.000000e+00  
  5   2  58   4.000000e+01    5.000000e-01    0.000000e+00    2.224955e+01    3.347834e-01    0.000000e+00  
  5   2  59   9.999888e+01    2.936844e-01    0.000000e+00    9.999588e+01    6.566029e-01    0.000000e+00  
  5   2  60   9.999988e+01    3.679713e-01    0.000000e+00    9.999990e+01    6.178244e-01    0.000000e+00  
  5   2  61   4.000000e+01    5.000000e-01    0.000000e+00    2.000049e+01    4.904114e-01    0.000000e+00  
  5   2  62   4.000000e+01    5.000000e-01    0.000000e+00    2.000004e+01    3.446231e-01    0.000000e+00  
  5   3   1   9.999981e+01    3.740548e-01    0.000000e+00    1.000000e+02    8.500000e-01    0.000000e+00  
  5   3   2   9.999999e+01    3.198801e-01    0.000000e+00    2.000000e+01    3.928844e-01    0.000000e+00  
  5   3   3   9.999998e+01    3.247860e-01    0.000000e+00    2.000002e+01    4.589043e-01    0.000000e+00  
  5   3   4   2.000000e+01    2.345682e-01    0.000000e+00    2.000000e+01    4.743701e-01    0.000000e+00  
  5   3   5   2.000002e+01    2.612158e-01    0.000000e+00    9.999999e+01    7.787595e-01    0.000000e+00  
  6   1   1   9.999999e+01    7.703742e-01    0.000000e+00    4.663811e+01    4.388590e-01    0.000000e+00  
  6   1   2   2.468431e+01    2.530912e-01    0.000000e+00    4.000000e+01    5.000000e-01    0.000000e+00  
  6   1   3   9.999879e+01    3.530823e-01    0.000000e+00    1.000000e+02    5.910271e-01    0.000000e+00  
  6   1   4   5.569044e+01    3.465010e-01    0.000000e+00    9.999951e+01    7.155763e-01    0.000000e+00  
  6   1   5   1.000000e+02    3.753291e-01    0.000000e+00    2.000000e+01    8.500000e-01    0.000000e+00  
  6   1   6   1.000000e+02    3.415507e-01    0.000000e+00    2.000002e+01    4.748520e-01    0.000000e+00  
  6   1   7   9.999699e+01    3.657327e-01    0.000000e+00    9.999921e+01    5.385794e-01    0.000000e+00  
  6   1   8   1.000000e+02    3.774634e-01    0.000000e+00    9.999554e+01    6.797837e-01    0.000000e+00  
  6   1   9   4.000000e+01    5.000000e-01    0.000000e+00    2.000002e+01    4.368612e-01    0.000000e+00  
  6   1  10   9.999924e+01    4.070927e-01    0.000000e+00    4.392639e+01    4.834137e-01    0.000000e+00  
  6   1  11   4.000000e+01    5.000000e-01    0.000000e+00    2.000000e+01    8.500000e-01    0.000000e+00  
  6   1  12   4.000000e+01    5.000000e-01    0.000000e+00    9.999996e+01    6.442534e-01    0.000000e+00  
  6   1  13   9.999851e+01    3.477815e-01    0.000000e+00    2.000000e+01    7.316768e-01    0.000000e+00  
  6   1  14   4.000000e+01    5.000000e-01    0.000000e+00    2.000001e+01    8.500000e-01    0.000000e+00  
  6   1  15   4.000000e+01    5.000000e-01    0.000000e+00    2.000000e+01    8.499999e-01    0.000000e+00  
  6   1  16   5.105418e+01    3.675440e-01    0.000000e+00    2.000000e+01    8.500000e-01    0.000000e+00  
  6   1  17   1.000000e+02    3.423417e-01    0.000000e+00    2.008615e+01    6.485573e-01    0.000000e+00  
  6   1  18   9.999988e+01    3.613181e-01    0.000000e+00    9.999994e+01    6.837041e-01    0.000000e+00  
  6   1  19   4.000000e+01    5.000000e-01    0.000000e+00    2.000000e+01    8.500000e-01    0.000000e+00  
  6   1  20   9.991922e+01    3.566303e-01    0.000000e+00    2.000000e+01    8.500000e-01    0.000000e+00  
  6   1  21   4.000000e+01    5.000000e-01    0.000000e+00    2.142534e+01    5.901338e-01    0.000000e+00  
  6   1  22   4.000000e+01    5.000000e-01    0.000000e+00    2.000000e+01    8.500000e-01    0.000000e+00  
  6   1  23   5.597443e+01    3.179595e-01    0.000000e+00    2.485650e+01    8.310252e-01    0.000000e+00  
  6   2   1   2.000000e+01    8.500000e-01    0.000000e+00    4.000000e+01    5.000000e-01    0.000000e+00  
  6   2   2   9.999998e+01    3.315314e-01    0.000000e+00    9.467336e+01    5.902506e-01    0.000000e+00  
  6   2   3   9.999959e+01    4.041941e-01    0.000000e+00    2.000000e+01    8.500000e-01    0.000000e+00  
  6   2   4   2.051044e+01    2.000805e-01    0.000000e+00    2.000003e+01    8.499989e-01    0.000000e+00  
  6   2   5   9.999996e+01    3.212130e-01    0.000000e+00    1.000000e+02    3.917108e-01    0.000000e+00  
  6   2   6   9.999992e+01    3.067104e-01    0.000000e+00    2.000000e+01    8.499999e-01    0.000000e+00  
  6   2   7   9.999994e+01    3.116085e-01    0.000000e+00    2.000000e+01    8.500000e-01    0.000000e+00  
  6   2   8   9.999993e+01    3.082461e-01    0.000000e+00    2.000000e+01    8.500000e-01    0.000000e+00  
  6   2   9   9.999944e+01    4.048909e-01    0.000000e+00    2.000003e+01    8.499999e-01    0.000000e+00  
  6   2  10   3.288867e+01    2.963965e-01    0.000000e+00    4.000000e+01    5.000000e-01    0.000000e+00  
  6   2  11   9.999993e+01    3.095500e-01    0.000000e+00    9.999994e+01    5.921185e-01    0.000000e+00  
  6   2  12   9.999991e+01    3.042511e-01    0.000000e+00    2.000000e+01    8.500000e-01    0.000000e+00  
  6   2  13   1.000000e+02    3.610074e-01    0.000000e+00    4.000000e+01    5.000000e-01    0.000000e+00  
  6   2  14   4.000000e+01    5.000000e-01    0.000000e+00    2.000000e+01    8.500000e-01    0.000000e+00  
  6   2  15   9.999991e+01    3.045754e-01    0.000000e+00    9.999944e+01    5.777491e-01    0.000000e+00  
  6   2  16   5.752900e+01    3.453329e-01    0.000000e+00    4.000000e+01    5.000000e-01    0.000000e+00  
  6   2  17   9.999992e+01    3.080737e-01    0.000000e+00    9.998946e+01    4.115440e-01    0.000000e+00  
  6   2  18   4.000000e+01    5.000000e-01    0.000000e+00    5.227695e+01    8.499998e-01    0.000000e+00  
  6   2  19   9.999994e+01    3.118103e-01    0.000000e+00    2.000000e+01    8.499999e-01    0.000000e+00  
  6   2  20   1.000000e+02    3.587952e-01    0.000000e+00    2.327841e+01    5.633446e-01    0.000000e+00  
  6   2  21   4.000000e+01    5.000000e-01    0.000000e+00    2.000000e+01    8.500000e-01    0.000000e+00  
  6   2  22   9.999992e+01    3.061158e-01    0.000000e+00    9.999755e+01    8.499929e-01    0.000000e+00  
  6   2  23   4.000000e+01    5.000000e-01    0.000000e+00    2.000006e+01    8.500000e-01    0.000000e+00  
  6   2  24   9.999997e+01    3.296731e-01    0.000000e+00    4.000000e+01    5.000000e-01    0.000000e+00  
  6   2  25   4.000000e+01    5.000000e-01    0.000000e+00    2.000000e+01    8.499979e-01    0.000000e+00  
  6   2  26   9.999105e+01    2.919442e-01    0.000000e+00    4.000000e+01    5.000000e-01    0.000000e+00  
  6   2  27   9.999998e+01    3.327001e-01    0.000000e+00    4.000000e+01    5.000000e-01    0.000000e+00  
  6   2  28   9.999993e+01    3.109214e-01    0.000000e+00    4.000000e+01    5.000000e-01    0.000000e+00  
  6   2  29   4.000000e+01    5.000000e-01    0.000000e+00    4.000000e+01    5.000000e-01    0.000000e+00  
  6   2  30   9.999995e+01    3.135186e-01    0.000000e+00    4.000000e+01    5.000000e-01    0.000000e+00  
  6   2  31   9.999994e+01    3.157337e-01    0.000000e+00    4.000000e+01    5.000000e-01    0.000000e+00  
  6   2  32   4.000000e+01    5.000000e-01    0.000000e+00    4.000000e+01    5.000000e-01    0.000000e+00  
  6   2  33   9.999999e+01    3.977371e-01    0.000000e+00    2.000000e+01    8.500000e-01    0.000000e+00  
  6   2  34   9.999753e+01    2.943017e-01    0.000000e+00    4.000000e+01    5.000000e-01    0.000000e+00  
  6   2  35   9.999995e+01    3.165894e-01    0.000000e+00    3.829507e+01    5.057737e-01    0.000000e+00  
  6   2  36   4.000000e+01    5.000000e-01    0.000000e+00    2.000000e+01    8.500000e-01    0.000000e+00  
  6   2  37   9.999992e+01    3.045265e-01    0.000000e+00    4.000000e+01    5.000000e-01    0.000000e+00  
  6   2  38   9.999988e+01    3.007733e-01    0.000000e+00    4.000000e+01    5.000000e-01    0.000000e+00  
  6   2  39   9.999992e+01    3.088859e-01    0.000000e+00    2.000084e+01    4.920307e-01    0.000000e+00  
  6   2  40   4.000000e+01    5.000000e-01    0.000000e+00    2.000000e+01    8.500000e-01    0.000000e+00  
  6   2  41   4.000000e+01    5.000000e-01    0.000000e+00    2.000021e+01    7.505750e-01    0.000000e+00  
  6   2  42   9.999766e+01    3.005566e-01    0.000000e+00    4.000000e+01    5.000000e-01    0.000000e+00  
  6   2  43   4.000000e+01    5.000000e-01    0.000000e+00    2.000000e+01    8.500000e-01    0.000000e+00  
  6   2  44   4.000000e+01    5.000000e-01    0.000000e+00    4.000000e+01    5.000000e-01    0.000000e+00  
  6   2  45   4.000000e+01    5.000000e-01    0.000000e+00    5.096043e+01    3.597267e-01    0.000000e+00  
  6   2  46   4.000000e+01    5.000000e-01    0.000000e+00    4.000000e+01    5.000000e-01    0.000000e+00  
  6   2  47   4.000000e+01    5.000000e-01    0.000000e+00    2.000000e+01    8.500000e-01    0.000000e+00  
  6   2  48   4.000000e+01    5.000000e-01    0.000000e+00    2.000002e+01    8.499999e-01    0.000000e+00  
  6   2  49   4.000000e+01    5.000000e-01    0.000000e+00    4.000000e+01    5.000000e-01    0.000000e+00  
  6   2  50   4.000000e+01    5.000000e-01    0.000000e+00    2.000011e+01    8.499998e-01    0.000000e+00  
  6   2  51   9.999991e+01    3.075492e-01    0.000000e+00    2.000000e+01    8.499998e-01    0.000000e+00  
  6   2  52   4.000000e+01    5.000000e-01    0.000000e+00    4.000000e+01    5.000000e-01    0.000000e+00  
  6   2  53   5.495149e+01    3.314562e-01    0.000000e+00    2.000000e+01    8.500000e-01    0.000000e+00  
  6   2  54   4.000000e+01    5.000000e-01    0.000000e+00    2.000000e+01    8.500000e-01    0.000000e+00  
  6   2  55   4.000000e+01    5.000000e-01    0.000000e+00    9.999919e+01    6.777474e-01    0.000000e+00  
  6   2  56   4.000000e+01    5.000000e-01    0.000000e+00    4.000000e+01    5.000000e-01    0.000000e+00  
  6   2  57   4.000000e+01    5.000000e-01    0.000000e+00    2.000000e+01    8.500000e-01    0.000000e+00  
  6   2  58   4.000000e+01    5.000000e-01    0.000000e+00    4.000000e+01    5.000000e-01    0.000000e+00  
  6   2  59   4.000000e+01    5.000000e-01    0.000000e+00    2.000000e+01    8.500000e-01    0.000000e+00  
  6   2  60   4.000000e+01    5.000000e-01    0.000000e+00    2.071039e+01    3.810363e-01    0.000000e+00  
  6   2  61   4.000000e+01    5.000000e-01    0.000000e+00    4.000000e+01    5.000000e-01    0.000000e+00  
  6   2  62   4.000000e+01    5.000000e-01    0.000000e+00    2.000000e+01    8.500000e-01    0.000000e+00  
  6   3   1   4.649278e+01    4.350016e-01    0.000000e+00    2.000000e+01    4.801653e-01    0.000000e+00  
  6   3   2   2.000014e+01    2.771434e-01    0.000000e+00    2.000006e+01    8.499948e-01    0.000000e+00  
  6   3   3   5.080197e+01    3.419334e-01    0.000000e+00    2.000001e+01    5.850390e-01    0.000000e+00  
  6   3   4   4.000000e+01    5.000000e-01    0.000000e+00    9.999823e+01    5.683730e-01    0.000000e+00  
  6   3   5   2.006348e+01    7.046447e-01    0.000000e+00    2.000000e+01    8.500000e-01    0.000000e+00  
