  1   1   1   4.234595e+01    4.999006e-01    0.000000e+00    3.846203e+01    5.000998e-01    0.000000e+00  
  1   1   2   3.651531e+01    5.000998e-01    0.000000e+00    3.430540e+01    5.000961e-01    0.000000e+00  
  1   1   3   2.157703e+01    5.000999e-01    0.000000e+00    3.589671e+01    4.999106e-01    0.000000e+00  
  1   1   4   3.458318e+01    5.000999e-01    0.000000e+00    3.453126e+01    5.001000e-01    0.000000e+00  
  1   1   5   3.492205e+01    5.001000e-01    0.000000e+00    3.149575e+01    5.001000e-01    0.000000e+00  
  1   1   6   3.168061e+01    5.001000e-01    0.000000e+00    3.348704e+01    5.001000e-01    0.000000e+00  
  1   1   7   1.209242e+01    5.001000e-01    0.000000e+00    7.922484e+00    5.001000e-01    0.000000e+00  
  1   1   8   -4.826272e-01    5.000098e-01    0.000000e+00    -2.011281e-01    5.000752e-01    0.000000e+00  
  1   1   9   2.073230e+01    5.001000e-01    0.000000e+00    -3.317964e+00    4.999000e-01    0.000000e+00  
  1   1  10   -2.228731e+00    4.999087e-01    0.000000e+00    -1.393076e+00    5.000675e-01    0.000000e+00  
  1   1  11   3.257889e+00    5.000999e-01    0.000000e+00    7.360141e+01    5.001000e-01    0.000000e+00  
  1   1  12   -4.546271e+00    4.999000e-01    0.000000e+00    4.695766e+01    5.000992e-01    0.000000e+00  
  1   1  13   2.355379e+01    5.001000e-01    0.000000e+00    1.974572e+01    5.001000e-01    0.000000e+00  
  1   1  14   2.921091e+00    5.001000e-01    0.000000e+00    4.125807e+01    5.000340e-01    0.000000e+00  
  1   1  15   2.492473e+00    5.000932e-01    0.000000e+00    6.254888e+00    4.999000e-01    0.000000e+00  
  1   1  16   4.814215e+00    5.001000e-01    0.000000e+00    6.075319e+01    4.999000e-01    0.000000e+00  
  1   1  17   -1.533387e+00    4.999004e-01    0.000000e+00    1.906323e+01    5.001000e-01    0.000000e+00  
  1   1  18   7.606601e+00    5.001000e-01    0.000000e+00    2.835004e+01    5.000999e-01    0.000000e+00  
  1   1  19   2.025334e+00    4.999041e-01    0.000000e+00    5.685364e+01    5.001000e-01    0.000000e+00  
  1   1  20   1.069094e+01    5.001000e-01    0.000000e+00    3.807520e+01    5.000998e-01    0.000000e+00  
  1   1  21   1.845669e+00    5.000049e-01    0.000000e+00    3.052130e+01    5.001000e-01    0.000000e+00  
  1   1  22   2.651236e+01    5.001000e-01    0.000000e+00    4.998271e+01    5.000203e-01    0.000000e+00  
  1   1  23   3.334092e+01    5.001000e-01    0.000000e+00    8.322787e+01    4.999000e-01    0.000000e+00  
  1   2   1   2.718485e+01    4.999177e-01    0.000000e+00    2.310012e+01    5.001000e-01    0.000000e+00  
  1   2   2   3.530315e+01    5.000999e-01    0.000000e+00    3.326519e+01    5.000896e-01    0.000000e+00  
  1   2   3   5.387698e+00    4.999000e-01    0.000000e+00    -1.641266e+00    5.000712e-01    0.000000e+00  
  1   2   4   3.310829e+01    4.999183e-01    0.000000e+00    3.176125e+01    5.000697e-01    0.000000e+00  
  1   2   5   4.000000e+01    5.000000e-01    0.000000e+00    4.000000e+01    5.000000e-01    0.000000e+00  
  1   2   6   3.197674e+01    5.000993e-01    0.000000e+00    4.249219e+01    5.000089e-01    0.000000e+00  
  1   2   7   3.664168e+01    5.000949e-01    0.000000e+00    3.493875e+01    4.999664e-01    0.000000e+00  
  1   2   8   1.191280e+01    5.000998e-01    0.000000e+00    3.332252e+01    5.000287e-01    0.000000e+00  
  1   2   9   1.978346e+01    5.000999e-01    0.000000e+00    5.200656e+01    5.000634e-01    0.000000e+00  
  1   2  10   2.541844e+01    5.000960e-01    0.000000e+00    2.422720e+01    5.001000e-01    0.000000e+00  
  1   2  11   4.893400e+01    5.000906e-01    0.000000e+00    3.297189e+01    5.000960e-01    0.000000e+00  
  1   2  12   2.040708e+01    5.001000e-01    0.000000e+00    2.084138e+01    5.000983e-01    0.000000e+00  
  1   2  13   2.720668e+01    4.999106e-01    0.000000e+00    2.698855e+01    5.000961e-01    0.000000e+00  
  1   2  14   1.835493e+01    5.000998e-01    0.000000e+00    3.696355e+01    5.000951e-01    0.000000e+00  
  1   2  15   3.052771e+01    5.000998e-01    0.000000e+00    2.029576e+01    5.001000e-01    0.000000e+00  
  1   2  16   7.862346e+00    5.001000e-01    0.000000e+00    2.928751e+01    5.000994e-01    0.000000e+00  
  1   2  17   1.291326e+02    4.999000e-01    0.000000e+00    -7.201350e-02    4.999626e-01    0.000000e+00  
  1   2  18   1.946424e+01    5.000989e-01    0.000000e+00    6.012398e-02    4.999045e-01    0.000000e+00  
  1   2  19   3.365140e+01    5.000994e-01    0.000000e+00    3.199827e+01    5.000992e-01    0.000000e+00  
  1   2  20   8.955307e-01    5.000772e-01    0.000000e+00    -7.286150e-02    5.000852e-01    0.000000e+00  
  1   2  21   2.382674e+01    5.001000e-01    0.000000e+00    1.207583e+02    4.999000e-01    0.000000e+00  
  1   2  22   -6.178763e-01    5.000776e-01    0.000000e+00    6.576054e+01    5.001000e-01    0.000000e+00  
  1   2  23   -1.263732e+00    4.999773e-01    0.000000e+00    3.122391e+01    5.001000e-01    0.000000e+00  
  1   2  24   1.172619e-01    5.000672e-01    0.000000e+00    4.212694e+00    4.999115e-01    0.000000e+00  
  1   2  25   3.601768e-01    5.000954e-01    0.000000e+00    3.119519e+01    5.001000e-01    0.000000e+00  
  1   2  26   2.387412e+00    4.999021e-01    0.000000e+00    7.168909e+00    4.999001e-01    0.000000e+00  
  1   2  27   2.660688e-01    4.999530e-01    0.000000e+00    -3.223066e-01    4.999210e-01    0.000000e+00  
  1   2  28   4.724966e+00    4.999044e-01    0.000000e+00    2.760601e+01    5.001000e-01    0.000000e+00  
  1   2  29   1.827071e+00    5.000986e-01    0.000000e+00    -1.051595e+00    5.000669e-01    0.000000e+00  
  1   2  30   2.230831e+01    5.001000e-01    0.000000e+00    3.296416e+01    5.000998e-01    0.000000e+00  
  1   2  31   7.742935e-01    5.000921e-01    0.000000e+00    1.805372e+01    5.000992e-01    0.000000e+00  
  1   2  32   5.577324e+01    5.001000e-01    0.000000e+00    3.833299e+01    5.000976e-01    0.000000e+00  
  1   2  33   -3.125133e-01    5.000998e-01    0.000000e+00    9.243974e-01    4.999010e-01    0.000000e+00  
  1   2  34   7.694761e+01    5.001000e-01    0.000000e+00    -4.177052e-02    4.999805e-01    0.000000e+00  
  1   2  35   2.189678e+00    4.999984e-01    0.000000e+00    4.288159e+01    5.001000e-01    0.000000e+00  
  1   2  36   1.541908e+01    5.001000e-01    0.000000e+00    4.327570e+01    5.001000e-01    0.000000e+00  
  1   2  37   5.155764e+00    4.999051e-01    0.000000e+00    2.802992e+00    5.000242e-01    0.000000e+00  
  1   2  38   2.753911e+00    4.999883e-01    0.000000e+00    3.422605e+01    5.000994e-01    0.000000e+00  
  1   2  39   5.567490e+00    5.001000e-01    0.000000e+00    3.580381e+00    5.000996e-01    0.000000e+00  
  1   2  40   3.348869e+01    5.001000e-01    0.000000e+00    1.497448e+00    4.999637e-01    0.000000e+00  
  1   2  41   4.056635e+01    5.001000e-01    0.000000e+00    5.750992e+01    5.001000e-01    0.000000e+00  
  1   2  42   2.771441e+01    5.000999e-01    0.000000e+00    9.372133e+00    5.000997e-01    0.000000e+00  
  1   2  43   6.262910e+01    5.001000e-01    0.000000e+00    4.775462e+01    5.000994e-01    0.000000e+00  
  1   2  44   8.048049e+01    4.999000e-01    0.000000e+00    3.988588e+01    5.001000e-01    0.000000e+00  
  1   2  45   3.119433e+00    4.999341e-01    0.000000e+00    2.197947e+01    5.001000e-01    0.000000e+00  
  1   2  46   3.706336e+01    5.000999e-01    0.000000e+00    9.964495e+00    5.000999e-01    0.000000e+00  
  1   2  47   7.172811e+00    5.001000e-01    0.000000e+00    5.683351e+01    5.001000e-01    0.000000e+00  
  1   2  48   1.164918e+01    5.000999e-01    0.000000e+00    1.269963e-01    5.000459e-01    0.000000e+00  
  1   2  49   1.024742e+02    4.999000e-01    0.000000e+00    4.181653e+01    5.001000e-01    0.000000e+00  
  1   2  50   5.422812e+01    5.001000e-01    0.000000e+00    4.775033e+01    5.000971e-01    0.000000e+00  
  1   2  51   6.866998e-01    5.000684e-01    0.000000e+00    4.024709e+00    5.001000e-01    0.000000e+00  
  1   2  52   1.790478e+02    4.999000e-01    0.000000e+00    -2.831433e-01    4.999387e-01    0.000000e+00  
  1   2  53   6.906894e-01    4.999567e-01    0.000000e+00    4.966350e-01    5.000956e-01    0.000000e+00  
  1   2  54   1.100497e+02    4.999000e-01    0.000000e+00    -1.490850e-01    4.999833e-01    0.000000e+00  
  1   2  55   3.584856e+00    4.999192e-01    0.000000e+00    1.880920e+00    5.000801e-01    0.000000e+00  
  1   2  56   7.503016e+01    5.001000e-01    0.000000e+00    4.290205e+01    5.000998e-01    0.000000e+00  
  1   2  57   1.715588e+01    5.000966e-01    0.000000e+00    5.406788e+01    5.000984e-01    0.000000e+00  
  1   2  58   1.191602e+02    4.999000e-01    0.000000e+00    4.123680e+01    5.001000e-01    0.000000e+00  
  1   2  59   1.740570e+01    5.001000e-01    0.000000e+00    4.632017e+01    5.000999e-01    0.000000e+00  
  1   2  60   3.243716e+01    5.001000e-01    0.000000e+00    1.158859e+00    4.999581e-01    0.000000e+00  
  1   2  61   3.640759e+01    5.000999e-01    0.000000e+00    1.638092e+00    5.000986e-01    0.000000e+00  
  1   2  62   6.262097e-01    5.000581e-01    0.000000e+00    1.205262e+00    4.999322e-01    0.000000e+00  
  1   3   1   5.297913e+01    5.000971e-01    0.000000e+00    2.356996e+01    5.001000e-01    0.000000e+00  
  1   3   2   3.937994e+01    5.001000e-01    0.000000e+00    6.245700e+01    4.999001e-01    0.000000e+00  
  1   3   3   9.096782e-01    5.000971e-01    0.000000e+00    -2.431456e+00    4.999001e-01    0.000000e+00  
  1   3   4   -8.961723e-02    5.000238e-01    0.000000e+00    -6.060774e-01    4.999870e-01    0.000000e+00  
  1   3   5   4.016397e+01    5.000999e-01    0.000000e+00    3.285118e+01    5.001000e-01    0.000000e+00  
  2   1   1   3.645184e+01    5.000998e-01    0.000000e+00    2.310854e+01    5.000711e-01    0.000000e+00  
  2   1   2   3.445494e+01    5.001000e-01    0.000000e+00    4.805144e+01    4.999000e-01    0.000000e+00  
  2   1   3   3.863620e+01    5.000988e-01    0.000000e+00    3.535457e+01    5.000995e-01    0.000000e+00  
  2   1   4   1.581052e+00    5.000553e-01    0.000000e+00    2.245324e+01    5.000998e-01    0.000000e+00  
  2   1   5   3.194048e+01    5.001000e-01    0.000000e+00    4.501088e+01    5.000997e-01    0.000000e+00  
  2   1   6   2.650677e+01    5.000996e-01    0.000000e+00    3.696961e+00    5.001000e-01    0.000000e+00  
  2   1   7   3.774227e+01    5.001000e-01    0.000000e+00    4.714007e+01    4.999000e-01    0.000000e+00  
  2   1   8   -7.527651e-02    5.000718e-01    0.000000e+00    1.197749e+01    5.001000e-01    0.000000e+00  
  2   1   9   2.929543e+01    5.000975e-01    0.000000e+00    3.632144e+01    5.001000e-01    0.000000e+00  
  2   1  10   1.141700e+00    5.000962e-01    0.000000e+00    -4.318825e+00    4.999000e-01    0.000000e+00  
  2   1  11   -2.451270e-01    4.999897e-01    0.000000e+00    6.780910e-01    4.999266e-01    0.000000e+00  
  2   1  12   -6.947589e-02    4.999627e-01    0.000000e+00    -3.754116e+00    4.999001e-01    0.000000e+00  
  2   1  13   4.000000e+01    5.000000e-01    0.000000e+00    4.000000e+01    5.000000e-01    0.000000e+00  
  2   1  14   1.920864e-01    5.000374e-01    0.000000e+00    5.939905e+01    5.001000e-01    0.000000e+00  
  2   1  15   3.760025e+00    5.001000e-01    0.000000e+00    1.596189e+00    4.999155e-01    0.000000e+00  
  2   1  16   1.350914e+01    5.001000e-01    0.000000e+00    3.666534e+01    5.001000e-01    0.000000e+00  
  2   1  17   3.527651e+02    4.999000e-01    0.000000e+00    4.746923e+01    4.999000e-01    0.000000e+00  
  2   1  18   3.818885e+01    5.001000e-01    0.000000e+00    3.140980e+00    5.000968e-01    0.000000e+00  
  2   1  19   2.893453e+01    5.001000e-01    0.000000e+00    1.064750e+00    5.000853e-01    0.000000e+00  
  2   1  20   2.235880e+00    5.001000e-01    0.000000e+00    -4.836269e+00    4.999000e-01    0.000000e+00  
  2   1  21   2.295866e-01    5.000098e-01    0.000000e+00    1.549580e+00    5.000999e-01    0.000000e+00  
  2   1  22   7.769967e+01    5.001000e-01    0.000000e+00    6.142463e+01    5.000987e-01    0.000000e+00  
  2   1  23   4.631931e+01    5.000999e-01    0.000000e+00    6.193461e+01    4.999000e-01    0.000000e+00  
  2   2   1   4.950932e+01    4.999001e-01    0.000000e+00    -2.688781e-02    5.000620e-01    0.000000e+00  
  2   2   2   2.760477e+01    5.001000e-01    0.000000e+00    3.338807e+01    4.999000e-01    0.000000e+00  
  2   2   3   3.031992e+01    4.999231e-01    0.000000e+00    3.144519e+01    5.000998e-01    0.000000e+00  
  2   2   4   3.845136e+01    5.000950e-01    0.000000e+00    3.701194e+01    4.999984e-01    0.000000e+00  
  2   2   5   4.790911e-01    5.000843e-01    0.000000e+00    9.117057e+00    4.999002e-01    0.000000e+00  
  2   2   6   2.738266e+01    5.000991e-01    0.000000e+00    3.660793e+01    5.000392e-01    0.000000e+00  
  2   2   7   2.548060e+01    5.000999e-01    0.000000e+00    1.126766e+01    5.000977e-01    0.000000e+00  
  2   2   8   3.519852e+01    5.000999e-01    0.000000e+00    2.562032e+01    5.000996e-01    0.000000e+00  
  2   2   9   2.838303e+01    5.000999e-01    0.000000e+00    2.529059e+01    5.000996e-01    0.000000e+00  
  2   2  10   2.823732e+01    4.999004e-01    0.000000e+00    3.131260e+01    5.001000e-01    0.000000e+00  
  2   2  11   3.860595e+01    5.000998e-01    0.000000e+00    6.239877e+00    5.000998e-01    0.000000e+00  
  2   2  12   3.490343e+01    5.000939e-01    0.000000e+00    3.110109e+01    5.000986e-01    0.000000e+00  
  2   2  13   3.207248e+01    5.000999e-01    0.000000e+00    -3.446364e-01    4.999004e-01    0.000000e+00  
  2   2  14   1.884362e-01    4.999003e-01    0.000000e+00    1.163503e+01    5.000993e-01    0.000000e+00  
  2   2  15   3.824088e+01    5.001000e-01    0.000000e+00    -5.850244e-01    5.000068e-01    0.000000e+00  
  2   2  16   3.546750e+01    5.000947e-01    0.000000e+00    3.255563e+01    5.000996e-01    0.000000e+00  
  2   2  17   2.342245e-01    5.000786e-01    0.000000e+00    -6.640128e-01    5.000957e-01    0.000000e+00  
  2   2  18   -4.478200e-01    5.000785e-01    0.000000e+00    2.185331e+00    4.999790e-01    0.000000e+00  
  2   2  19   2.870658e+01    5.000996e-01    0.000000e+00    3.080113e+01    5.000999e-01    0.000000e+00  
  2   2  20   4.243821e+01    5.000206e-01    0.000000e+00    -3.767328e-01    4.999708e-01    0.000000e+00  
  2   2  21   1.193492e+00    4.999007e-01    0.000000e+00    3.038697e-01    4.999116e-01    0.000000e+00  
  2   2  22   2.439396e+00    4.999088e-01    0.000000e+00    -3.886580e+00    4.999000e-01    0.000000e+00  
  2   2  23   3.794978e+01    5.000998e-01    0.000000e+00    1.709548e+01    5.000993e-01    0.000000e+00  
  2   2  24   3.285651e+01    5.001000e-01    0.000000e+00    1.122152e-01    4.999025e-01    0.000000e+00  
  2   2  25   3.738442e-01    4.999145e-01    0.000000e+00    -7.175291e-01    5.000998e-01    0.000000e+00  
  2   2  26   4.280336e+01    5.000998e-01    0.000000e+00    5.013368e-02    4.999034e-01    0.000000e+00  
  2   2  27   7.699577e-01    5.000908e-01    0.000000e+00    -3.875518e+00    4.999001e-01    0.000000e+00  
  2   2  28   1.821682e+00    4.999107e-01    0.000000e+00    -2.141315e+00    5.000407e-01    0.000000e+00  
  2   2  29   -1.082101e+00    4.999748e-01    0.000000e+00    5.268466e+01    5.001000e-01    0.000000e+00  
  2   2  30   5.598538e+01    5.000997e-01    0.000000e+00    4.342569e+01    5.001000e-01    0.000000e+00  
  2   2  31   2.686113e+00    5.000991e-01    0.000000e+00    1.547407e+01    5.001000e-01    0.000000e+00  
  2   2  32   -1.015754e+01    4.999000e-01    0.000000e+00    9.243874e+00    5.000991e-01    0.000000e+00  
  2   2  33   3.763503e+01    5.001000e-01    0.000000e+00    3.379770e+01    5.001000e-01    0.000000e+00  
  2   2  34   4.363653e+01    5.000999e-01    0.000000e+00    8.852860e+01    4.999000e-01    0.000000e+00  
  2   2  35   3.968102e+01    5.000866e-01    0.000000e+00    1.020236e+01    5.001000e-01    0.000000e+00  
  2   2  36   9.493029e+00    4.999002e-01    0.000000e+00    3.000887e+01    5.000972e-01    0.000000e+00  
  2   2  37   3.433382e+01    5.001000e-01    0.000000e+00    3.262959e+01    5.001000e-01    0.000000e+00  
  2   2  38   3.597813e+01    5.001000e-01    0.000000e+00    5.025671e+01    5.000998e-01    0.000000e+00  
  2   2  39   4.551142e+01    5.001000e-01    0.000000e+00    3.214099e+01    5.000973e-01    0.000000e+00  
  2   2  40   2.279319e+01    5.001000e-01    0.000000e+00    9.467437e+00    5.001000e-01    0.000000e+00  
  2   2  41   5.296074e+01    5.000999e-01    0.000000e+00    3.557579e+01    5.000978e-01    0.000000e+00  
  2   2  42   2.058585e+01    5.001000e-01    0.000000e+00    5.021126e+01    5.000983e-01    0.000000e+00  
  2   2  43   5.164566e+01    5.001000e-01    0.000000e+00    4.510178e+01    5.001000e-01    0.000000e+00  
  2   2  44   3.090222e+01    5.001000e-01    0.000000e+00    4.316059e+01    5.001000e-01    0.000000e+00  
  2   2  45   3.743751e+00    5.000951e-01    0.000000e+00    -7.465673e-02    5.000254e-01    0.000000e+00  
  2   2  46   2.407163e+01    5.001000e-01    0.000000e+00    -4.862628e-01    5.000602e-01    0.000000e+00  
  2   2  47   3.031917e+01    5.001000e-01    0.000000e+00    1.044023e+02    4.999000e-01    0.000000e+00  
  2   2  48   2.555104e-01    5.000668e-01    0.000000e+00    2.370795e+00    4.999146e-01    0.000000e+00  
  2   2  49   3.521008e+01    5.001000e-01    0.000000e+00    5.580901e+01    5.001000e-01    0.000000e+00  
  2   2  50   4.375196e+01    5.000964e-01    0.000000e+00    4.471177e+01    5.001000e-01    0.000000e+00  
  2   2  51   5.183211e+01    5.001000e-01    0.000000e+00    5.487493e+01    5.000999e-01    0.000000e+00  
  2   2  52   8.696579e+00    5.000997e-01    0.000000e+00    4.462421e+01    5.001000e-01    0.000000e+00  
  2   2  53   4.390258e+01    4.999092e-01    0.000000e+00    1.160837e+01    5.001000e-01    0.000000e+00  
  2   2  54   3.272571e+00    5.000319e-01    0.000000e+00    3.932094e-01    4.999224e-01    0.000000e+00  
  2   2  55   2.238688e+01    5.001000e-01    0.000000e+00    3.206837e+01    5.001000e-01    0.000000e+00  
  2   2  56   4.614588e+01    5.001000e-01    0.000000e+00    9.939559e+01    4.999000e-01    0.000000e+00  
  2   2  57   8.636203e+01    4.999000e-01    0.000000e+00    -5.844718e-01    4.999550e-01    0.000000e+00  
  2   2  58   -1.245960e+00    4.999080e-01    0.000000e+00    2.266857e+01    5.000996e-01    0.000000e+00  
  2   2  59   6.724920e+01    5.000994e-01    0.000000e+00    7.195426e+01    4.999789e-01    0.000000e+00  
  2   2  60   8.785989e-01    5.000320e-01    0.000000e+00    2.930415e+01    5.001000e-01    0.000000e+00  
  2   2  61   2.953230e+01    5.000995e-01    0.000000e+00    6.613526e+01    5.000559e-01    0.000000e+00  
  2   2  62   5.086443e+01    4.999357e-01    0.000000e+00    6.996902e+01    4.999016e-01    0.000000e+00  
  2   3   1   6.025156e+01    5.000999e-01    0.000000e+00    8.145165e+01    4.999000e-01    0.000000e+00  
  2   3   2   3.953745e+01    5.001000e-01    0.000000e+00    4.183641e+01    5.001000e-01    0.000000e+00  
  2   3   3   1.618862e+00    5.001000e-01    0.000000e+00    6.110844e+01    4.999001e-01    0.000000e+00  
  2   3   4   4.129643e-01    5.000621e-01    0.000000e+00    -2.588922e-02    5.000293e-01    0.000000e+00  
  2   3   5   5.793916e+01    4.999000e-01    0.000000e+00    1.789767e+01    5.001000e-01    0.000000e+00  
  3   1   1   2.531322e+01    4.999014e-01    0.000000e+00    3.802216e+01    5.000992e-01    0.000000e+00  
  3   1   2   4.213448e+01    4.999019e-01    0.000000e+00    4.008776e+01    5.000997e-01    0.000000e+00  
  3   1   3   3.360315e+01    5.001000e-01    0.000000e+00    3.661541e+01    5.000998e-01    0.000000e+00  
  3   1   4   3.780820e+01    5.000654e-01    0.000000e+00    3.013386e+01    5.001000e-01    0.000000e+00  
  3   1   5   4.932194e+01    5.001000e-01    0.000000e+00    1.444653e+01    5.001000e-01    0.000000e+00  
  3   1   6   1.501645e+00    4.999376e-01    0.000000e+00    2.516731e+01    5.001000e-01    0.000000e+00  
  3   1   7   2.552749e+01    5.001000e-01    0.000000e+00    1.004569e+00    4.999717e-01    0.000000e+00  
  3   1   8   3.021671e+01    5.001000e-01    0.000000e+00    3.897111e+01    4.999056e-01    0.000000e+00  
  3   1   9   7.397355e-01    4.999054e-01    0.000000e+00    1.766750e+01    5.001000e-01    0.000000e+00  
  3   1  10   9.288123e+00    5.001000e-01    0.000000e+00    2.344485e+01    5.000999e-01    0.000000e+00  
  3   1  11   3.191333e-01    4.999941e-01    0.000000e+00    -2.881016e-02    4.999001e-01    0.000000e+00  
  3   1  12   1.823653e+00    5.001000e-01    0.000000e+00    8.636630e+01    4.999000e-01    0.000000e+00  
  3   1  13   3.696364e+00    5.000997e-01    0.000000e+00    4.559607e-01    4.999320e-01    0.000000e+00  
  3   1  14   -3.368794e+00    4.999003e-01    0.000000e+00    2.056090e+00    5.001000e-01    0.000000e+00  
  3   1  15   8.286852e+01    4.999000e-01    0.000000e+00    -3.769051e-01    5.000170e-01    0.000000e+00  
  3   1  16   4.716381e+01    4.999002e-01    0.000000e+00    4.204058e+01    5.001000e-01    0.000000e+00  
  3   1  17   2.219062e+01    5.000997e-01    0.000000e+00    2.663670e+01    5.001000e-01    0.000000e+00  
  3   1  18   1.761232e+00    5.001000e-01    0.000000e+00    -3.600092e+00    4.999049e-01    0.000000e+00  
  3   1  19   1.054405e+00    4.999346e-01    0.000000e+00    4.218789e-01    5.000333e-01    0.000000e+00  
  3   1  20   2.666168e+00    5.001000e-01    0.000000e+00    4.097238e+01    5.001000e-01    0.000000e+00  
  3   1  21   4.731662e+01    5.001000e-01    0.000000e+00    5.189213e+01    5.000769e-01    0.000000e+00  
  3   1  22   2.664725e+01    5.000993e-01    0.000000e+00    3.684154e+00    5.001000e-01    0.000000e+00  
  3   1  23   7.866342e+01    4.999004e-01    0.000000e+00    5.390917e+01    4.999000e-01    0.000000e+00  
  3   2   1   3.381139e+01    4.999005e-01    0.000000e+00    3.140108e+01    5.000997e-01    0.000000e+00  
  3   2   2   3.833688e+01    5.000232e-01    0.000000e+00    3.710984e+01    5.001000e-01    0.000000e+00  
  3   2   3   5.985006e+01    4.999000e-01    0.000000e+00    -1.886657e-01    4.999020e-01    0.000000e+00  
  3   2   4   3.668062e+01    5.000954e-01    0.000000e+00    3.568932e+01    5.000314e-01    0.000000e+00  
  3   2   5   2.554657e+00    5.000643e-01    0.000000e+00    3.362808e+01    5.001000e-01    0.000000e+00  
  3   2   6   3.433260e+01    5.000995e-01    0.000000e+00    3.834786e+01    4.999001e-01    0.000000e+00  
  3   2   7   3.227242e+01    5.000990e-01    0.000000e+00    3.352755e+01    5.000978e-01    0.000000e+00  
  3   2   8   3.123005e+01    5.001000e-01    0.000000e+00    1.582571e+01    5.001000e-01    0.000000e+00  
  3   2   9   3.884217e+01    5.000889e-01    0.000000e+00    4.715574e+01    5.000977e-01    0.000000e+00  
  3   2  10   3.632327e+01    5.000928e-01    0.000000e+00    2.745089e+01    5.001000e-01    0.000000e+00  
  3   2  11   1.614198e+01    5.000990e-01    0.000000e+00    1.826741e+00    4.999331e-01    0.000000e+00  
  3   2  12   2.264543e+01    5.000999e-01    0.000000e+00    1.006319e-01    5.000033e-01    0.000000e+00  
  3   2  13   1.818508e+01    5.000998e-01    0.000000e+00    -7.257076e-01    5.000026e-01    0.000000e+00  
  3   2  14   3.036459e+01    4.999445e-01    0.000000e+00    4.392069e+01    5.000994e-01    0.000000e+00  
  3   2  15   1.970117e+01    5.000998e-01    0.000000e+00    7.890393e+00    5.001000e-01    0.000000e+00  
  3   2  16   2.157439e+01    5.001000e-01    0.000000e+00    9.849656e-01    5.000333e-01    0.000000e+00  
  3   2  17   -1.533433e+00    5.000529e-01    0.000000e+00    -4.877488e-01    5.000432e-01    0.000000e+00  
  3   2  18   2.803574e+00    4.999709e-01    0.000000e+00    9.566257e-02    4.999345e-01    0.000000e+00  
  3   2  19   -1.141934e+00    4.999039e-01    0.000000e+00    1.962082e+00    4.999162e-01    0.000000e+00  
  3   2  20   4.923151e+01    5.000664e-01    0.000000e+00    2.881027e+01    4.999062e-01    0.000000e+00  
  3   2  21   2.648693e-01    4.999204e-01    0.000000e+00    4.500221e+01    5.000951e-01    0.000000e+00  
  3   2  22   2.781284e+00    5.000434e-01    0.000000e+00    2.892413e+01    5.000980e-01    0.000000e+00  
  3   2  23   1.082421e+00    4.999084e-01    0.000000e+00    1.938611e+01    5.001000e-01    0.000000e+00  
  3   2  24   2.559043e+01    5.001000e-01    0.000000e+00    6.401660e+00    4.999037e-01    0.000000e+00  
  3   2  25   -1.481809e+00    4.999000e-01    0.000000e+00    1.163719e+00    4.999293e-01    0.000000e+00  
  3   2  26   -1.640980e+00    4.999751e-01    0.000000e+00    5.590307e+01    5.001000e-01    0.000000e+00  
  3   2  27   5.042086e+00    4.999009e-01    0.000000e+00    6.797787e-01    4.999000e-01    0.000000e+00  
  3   2  28   -1.697635e+00    4.999304e-01    0.000000e+00    8.435171e-01    5.000434e-01    0.000000e+00  
  3   2  29   1.476044e+01    5.001000e-01    0.000000e+00    -1.322301e+00    4.999000e-01    0.000000e+00  
  3   2  30   4.157284e+01    5.000978e-01    0.000000e+00    2.860518e+00    5.000683e-01    0.000000e+00  
  3   2  31   1.363370e+00    5.000927e-01    0.000000e+00    7.384043e-01    5.000946e-01    0.000000e+00  
  3   2  32   -6.795697e-02    4.999949e-01    0.000000e+00    7.475116e+01    5.001000e-01    0.000000e+00  
  3   2  33   8.331722e+01    4.999000e-01    0.000000e+00    -4.548867e-03    4.999755e-01    0.000000e+00  
  3   2  34   3.483584e+01    5.001000e-01    0.000000e+00    -2.177450e-02    5.000292e-01    0.000000e+00  
  3   2  35   4.854340e+01    5.001000e-01    0.000000e+00    4.483595e+01    4.999627e-01    0.000000e+00  
  3   2  36   3.949953e+00    5.001000e-01    0.000000e+00    -1.412134e+00    4.999000e-01    0.000000e+00  
  3   2  37   2.231318e+01    5.001000e-01    0.000000e+00    2.979602e+01    5.000998e-01    0.000000e+00  
  3   2  38   6.303041e+01    5.001000e-01    0.000000e+00    4.676975e+01    5.000987e-01    0.000000e+00  
  3   2  39   -1.063625e+00    5.000694e-01    0.000000e+00    1.313944e+00    5.000184e-01    0.000000e+00  
  3   2  40   1.831306e+00    5.000973e-01    0.000000e+00    -4.807287e-01    4.999981e-01    0.000000e+00  
  3   2  41   1.028230e+02    4.999000e-01    0.000000e+00    4.478771e+01    5.001000e-01    0.000000e+00  
  3   2  42   1.206959e+01    5.001000e-01    0.000000e+00    3.945952e-02    5.000375e-01    0.000000e+00  
  3   2  43   4.190670e+01    5.001000e-01    0.000000e+00    7.042220e+01    5.001000e-01    0.000000e+00  
  3   2  44   7.388115e+01    5.001000e-01    0.000000e+00    2.788946e+00    5.000941e-01    0.000000e+00  
  3   2  45   4.918206e+01    5.000999e-01    0.000000e+00    2.040235e+00    5.000838e-01    0.000000e+00  
  3   2  46   1.595140e+01    5.001000e-01    0.000000e+00    3.151653e+01    5.001000e-01    0.000000e+00  
  3   2  47   5.473826e+01    5.001000e-01    0.000000e+00    4.368742e+01    5.001000e-01    0.000000e+00  
  3   2  48   3.424272e+01    5.001000e-01    0.000000e+00    5.035666e+01    5.001000e-01    0.000000e+00  
  3   2  49   1.247996e+02    4.999000e-01    0.000000e+00    3.564137e+01    5.001000e-01    0.000000e+00  
  3   2  50   3.088482e+01    5.000999e-01    0.000000e+00    6.612686e+01    4.999000e-01    0.000000e+00  
  3   2  51   3.396061e+01    5.000958e-01    0.000000e+00    1.408390e+01    5.000999e-01    0.000000e+00  
  3   2  52   5.183965e+00    4.999104e-01    0.000000e+00    3.317822e+01    5.001000e-01    0.000000e+00  
  3   2  53   4.951529e+01    5.001000e-01    0.000000e+00    4.161294e+01    5.001000e-01    0.000000e+00  
  3   2  54   2.117543e+01    5.001000e-01    0.000000e+00    4.291223e+01    5.001000e-01    0.000000e+00  
  3   2  55   3.332719e+01    5.000988e-01    0.000000e+00    2.352714e+00    4.999197e-01    0.000000e+00  
  3   2  56   9.932074e+00    5.001000e-01    0.000000e+00    -6.120153e-01    4.999002e-01    0.000000e+00  
  3   2  57   3.064272e+00    4.999079e-01    0.000000e+00    2.865768e+00    4.999261e-01    0.000000e+00  
  3   2  58   9.492916e+01    4.999000e-01    0.000000e+00    9.007672e+00    5.000990e-01    0.000000e+00  
  3   2  59   5.911229e+00    5.001000e-01    0.000000e+00    -4.313387e-01    5.000999e-01    0.000000e+00  
  3   2  60   3.233273e+01    5.001000e-01    0.000000e+00    -1.410930e+01    4.999000e-01    0.000000e+00  
  3   2  61   2.367083e-01    5.000798e-01    0.000000e+00    3.493655e+00    4.999010e-01    0.000000e+00  
  3   2  62   5.094115e+01    5.001000e-01    0.000000e+00    2.935623e+01    5.000999e-01    0.000000e+00  
  3   3   1   3.212948e+01    5.000999e-01    0.000000e+00    4.962302e+01    5.000994e-01    0.000000e+00  
  3   3   2   1.242363e+02    4.999000e-01    0.000000e+00    6.349377e+01    4.999000e-01    0.000000e+00  
  3   3   3   4.000000e+01    5.000000e-01    0.000000e+00    4.000000e+01    5.000000e-01    0.000000e+00  
  3   3   4   7.511421e+01    5.000958e-01    0.000000e+00    7.386332e+01    4.999000e-01    0.000000e+00  
  3   3   5   6.180216e+00    5.001000e-01    0.000000e+00    -4.401992e+00    4.999000e-01    0.000000e+00  
  4   1   1   3.611021e+01    5.000947e-01    0.000000e+00    3.865770e+01    5.000944e-01    0.000000e+00  
  4   1   2   3.835863e+01    5.000999e-01    0.000000e+00    4.194135e+01    4.999001e-01    0.000000e+00  
  4   1   3   3.870640e+01    5.001000e-01    0.000000e+00    5.368719e+01    4.999015e-01    0.000000e+00  
  4   1   4   3.318043e+01    5.000996e-01    0.000000e+00    2.027382e+01    5.001000e-01    0.000000e+00  
  4   1   5   2.853715e+01    5.001000e-01    0.000000e+00    3.851565e+01    5.001000e-01    0.000000e+00  
  4   1   6   8.446478e+00    5.001000e-01    0.000000e+00    7.495225e+00    5.000980e-01    0.000000e+00  
  4   1   7   -4.284279e-01    4.999267e-01    0.000000e+00    5.892175e+01    5.000992e-01    0.000000e+00  
  4   1   8   3.643145e+01    5.000935e-01    0.000000e+00    3.476170e+01    5.000984e-01    0.000000e+00  
  4   1   9   -2.326569e+00    4.999029e-01    0.000000e+00    -2.907064e+00    4.999038e-01    0.000000e+00  
  4   1  10   -2.876846e+00    4.999003e-01    0.000000e+00    5.813299e-01    4.999029e-01    0.000000e+00  
  4   1  11   4.981256e-01    4.999953e-01    0.000000e+00    1.995786e+00    4.999015e-01    0.000000e+00  
  4   1  12   -6.470915e-01    4.999922e-01    0.000000e+00    -4.493663e-01    4.999059e-01    0.000000e+00  
  4   1  13   -1.014854e+00    4.999233e-01    0.000000e+00    -2.985756e+00    4.999000e-01    0.000000e+00  
  4   1  14   4.135823e+01    4.999258e-01    0.000000e+00    -6.548987e-01    5.000574e-01    0.000000e+00  
  4   1  15   1.211450e+01    5.000999e-01    0.000000e+00    1.555747e+01    5.000999e-01    0.000000e+00  
  4   1  16   -9.442046e-01    5.000880e-01    0.000000e+00    -6.921211e-01    4.999088e-01    0.000000e+00  
  4   1  17   -9.865227e-02    5.000957e-01    0.000000e+00    1.103587e+00    5.000451e-01    0.000000e+00  
  4   1  18   7.056115e-02    4.999005e-01    0.000000e+00    7.661884e+00    5.001000e-01    0.000000e+00  
  4   1  19   1.004868e+00    5.000982e-01    0.000000e+00    3.375552e+01    5.000999e-01    0.000000e+00  
  4   1  20   8.481873e+01    4.999000e-01    0.000000e+00    4.965752e+01    4.999008e-01    0.000000e+00  
  4   1  21   -2.066349e-01    5.000671e-01    0.000000e+00    1.599081e+00    4.999066e-01    0.000000e+00  
  4   1  22   5.762032e+01    5.001000e-01    0.000000e+00    4.619357e+01    5.000992e-01    0.000000e+00  
  4   1  23   3.318377e+00    5.001000e-01    0.000000e+00    2.985581e+01    5.001000e-01    0.000000e+00  
  4   2   1   4.282845e+01    4.999844e-01    0.000000e+00    3.578258e+01    5.000997e-01    0.000000e+00  
  4   2   2   3.775174e+01    5.000941e-01    0.000000e+00    4.316137e+01    4.999452e-01    0.000000e+00  
  4   2   3   3.850587e+01    4.999991e-01    0.000000e+00    3.781569e+01    4.999703e-01    0.000000e+00  
  4   2   4   1.455803e+01    5.001000e-01    0.000000e+00    2.935781e+01    4.999000e-01    0.000000e+00  
  4   2   5   3.756447e+01    4.999954e-01    0.000000e+00    3.506187e+01    5.000992e-01    0.000000e+00  
  4   2   6   2.926789e+01    5.000989e-01    0.000000e+00    1.431338e+01    5.001000e-01    0.000000e+00  
  4   2   7   3.365924e+01    5.000999e-01    0.000000e+00    3.276472e+01    5.001000e-01    0.000000e+00  
  4   2   8   1.514203e+00    4.999065e-01    0.000000e+00    -7.865896e-01    4.999002e-01    0.000000e+00  
  4   2   9   4.445756e+01    4.999593e-01    0.000000e+00    4.204546e+01    5.000934e-01    0.000000e+00  
  4   2  10   2.187172e+01    5.000989e-01    0.000000e+00    4.571711e+00    5.000997e-01    0.000000e+00  
  4   2  11   1.681355e+01    5.000999e-01    0.000000e+00    1.785860e+00    4.999087e-01    0.000000e+00  
  4   2  12   5.411560e+01    5.000994e-01    0.000000e+00    1.634683e+01    5.001000e-01    0.000000e+00  
  4   2  13   5.142590e+01    5.000973e-01    0.000000e+00    3.759728e+01    5.001000e-01    0.000000e+00  
  4   2  14   3.600540e+01    5.000717e-01    0.000000e+00    2.777334e+01    5.000450e-01    0.000000e+00  
  4   2  15   6.662973e-01    4.999779e-01    0.000000e+00    2.057894e+01    5.001000e-01    0.000000e+00  
  4   2  16   1.782975e+01    5.001000e-01    0.000000e+00    5.746186e+01    5.000995e-01    0.000000e+00  
  4   2  17   3.356185e+01    5.001000e-01    0.000000e+00    1.699248e+01    5.000974e-01    0.000000e+00  
  4   2  18   2.156946e+01    4.999019e-01    0.000000e+00    4.240649e-01    5.000934e-01    0.000000e+00  
  4   2  19   2.214236e+01    5.001000e-01    0.000000e+00    2.864621e+01    5.000992e-01    0.000000e+00  
  4   2  20   4.288328e+01    4.999208e-01    0.000000e+00    4.679994e+01    5.000978e-01    0.000000e+00  
  4   2  21   2.804976e+01    5.000997e-01    0.000000e+00    2.606472e+01    5.000998e-01    0.000000e+00  
  4   2  22   2.282922e-02    4.999184e-01    0.000000e+00    -4.602768e-01    4.999035e-01    0.000000e+00  
  4   2  23   1.329814e+01    5.000999e-01    0.000000e+00    6.226247e+01    5.000997e-01    0.000000e+00  
  4   2  24   1.402859e+01    5.001000e-01    0.000000e+00    1.888314e+00    5.000223e-01    0.000000e+00  
  4   2  25   8.995012e+00    5.001000e-01    0.000000e+00    -1.069818e+01    4.999000e-01    0.000000e+00  
  4   2  26   -1.045095e+00    4.999071e-01    0.000000e+00    5.284690e-01    4.999218e-01    0.000000e+00  
  4   2  27   -1.231447e-01    4.999022e-01    0.000000e+00    -6.299126e-01    4.999196e-01    0.000000e+00  
  4   2  28   2.268179e-02    5.000627e-01    0.000000e+00    2.651343e-01    4.999881e-01    0.000000e+00  
  4   2  29   2.319137e-01    5.000976e-01    0.000000e+00    -4.470206e-01    5.000992e-01    0.000000e+00  
  4   2  30   -2.301790e-01    4.999171e-01    0.000000e+00    5.081563e+01    4.999012e-01    0.000000e+00  
  4   2  31   -6.759664e-01    4.999021e-01    0.000000e+00    6.570080e+02    4.999000e-01    0.000000e+00  
  4   2  32   4.000000e+01    5.000000e-01    0.000000e+00    4.000000e+01    5.000000e-01    0.000000e+00  
  4   2  33   4.298818e+00    5.001000e-01    0.000000e+00    4.717727e+01    4.999090e-01    0.000000e+00  
  4   2  34   8.117412e+00    5.001000e-01    0.000000e+00    5.931320e+01    5.000999e-01    0.000000e+00  
  4   2  35   1.306542e+01    5.001000e-01    0.000000e+00    2.765318e+01    5.001000e-01    0.000000e+00  
  4   2  36   4.879561e-01    4.999820e-01    0.000000e+00    5.085992e-01    4.999036e-01    0.000000e+00  
  4   2  37   8.267442e+01    4.999000e-01    0.000000e+00    -1.279543e-01    4.999724e-01    0.000000e+00  
  4   2  38   1.401490e+01    5.001000e-01    0.000000e+00    7.539051e+00    5.000998e-01    0.000000e+00  
  4   2  39   2.234748e+00    4.999020e-01    0.000000e+00    -9.496790e-02    5.000105e-01    0.000000e+00  
  4   2  40   4.664127e+01    5.001000e-01    0.000000e+00    7.769342e+01    5.000999e-01    0.000000e+00  
  4   2  41   8.568870e-01    5.000013e-01    0.000000e+00    2.401285e+00    4.999339e-01    0.000000e+00  
  4   2  42   3.108347e+01    5.000999e-01    0.000000e+00    2.939367e+01    5.001000e-01    0.000000e+00  
  4   2  43   2.981565e+01    5.001000e-01    0.000000e+00    7.433830e+01    5.001000e-01    0.000000e+00  
  4   2  44   6.509670e+01    5.000991e-01    0.000000e+00    4.775708e+01    4.999000e-01    0.000000e+00  
  4   2  45   1.016154e+02    4.999000e-01    0.000000e+00    3.548431e+01    5.001000e-01    0.000000e+00  
  4   2  46   1.107643e+01    5.001000e-01    0.000000e+00    7.568079e+01    4.999442e-01    0.000000e+00  
  4   2  47   4.006264e+00    5.000959e-01    0.000000e+00    4.881723e+01    5.000988e-01    0.000000e+00  
  4   2  48   3.129497e+01    5.000994e-01    0.000000e+00    3.895858e+01    5.000997e-01    0.000000e+00  
  4   2  49   6.918503e+01    5.001000e-01    0.000000e+00    4.139843e+01    5.001000e-01    0.000000e+00  
  4   2  50   4.830523e+01    5.000999e-01    0.000000e+00    8.797688e+00    5.001000e-01    0.000000e+00  
  4   2  51   9.049548e+01    4.999000e-01    0.000000e+00    3.575547e+01    5.000994e-01    0.000000e+00  
  4   2  52   3.350034e+01    5.001000e-01    0.000000e+00    2.803653e+01    5.001000e-01    0.000000e+00  
  4   2  53   2.604973e+00    5.000826e-01    0.000000e+00    -1.237561e+00    5.000898e-01    0.000000e+00  
  4   2  54   3.719742e+01    5.000996e-01    0.000000e+00    5.419974e+01    5.001000e-01    0.000000e+00  
  4   2  55   5.751844e+01    5.001000e-01    0.000000e+00    7.266883e+00    5.001000e-01    0.000000e+00  
  4   2  56   3.074965e+00    5.001000e-01    0.000000e+00    1.176973e+02    4.999000e-01    0.000000e+00  
  4   2  57   4.036455e+00    5.000988e-01    0.000000e+00    3.164574e+01    5.000998e-01    0.000000e+00  
  4   2  58   3.255548e+01    5.000997e-01    0.000000e+00    5.422597e+00    5.001000e-01    0.000000e+00  
  4   2  59   4.431934e+01    5.001000e-01    0.000000e+00    2.919316e+01    5.000993e-01    0.000000e+00  
  4   2  60   1.030323e+00    5.000983e-01    0.000000e+00    2.222131e+00    4.999586e-01    0.000000e+00  
  4   2  61   4.875751e+01    5.001000e-01    0.000000e+00    9.902391e+01    4.999000e-01    0.000000e+00  
  4   2  62   1.749689e+01    5.000998e-01    0.000000e+00    3.770759e+01    5.000998e-01    0.000000e+00  
  4   3   1   3.136025e+01    5.001000e-01    0.000000e+00    3.759783e+01    5.001000e-01    0.000000e+00  
  4   3   2   6.149812e+01    4.999000e-01    0.000000e+00    -2.833166e-01    4.999050e-01    0.000000e+00  
  4   3   3   7.036357e+00    5.001000e-01    0.000000e+00    4.425018e+01    5.000997e-01    0.000000e+00  
  4   3   4   1.911326e+01    5.001000e-01    0.000000e+00    6.066657e+01    4.999239e-01    0.000000e+00  
  4   3   5   -1.950609e-01    4.999911e-01    0.000000e+00    -3.874895e-02    5.000594e-01    0.000000e+00  
  5   1   1   2.951468e+01    4.999795e-01    0.000000e+00    3.872816e+01    5.001000e-01    0.000000e+00  
  5   1   2   3.879151e+01    5.000145e-01    0.000000e+00    3.799878e+01    5.000957e-01    0.000000e+00  
  5   1   3   3.431053e+01    5.001000e-01    0.000000e+00    3.540844e+01    5.000999e-01    0.000000e+00  
  5   1   4   1.659501e+01    5.001000e-01    0.000000e+00    2.643526e+01    5.000995e-01    0.000000e+00  
  5   1   5   3.477921e+01    5.000922e-01    0.000000e+00    3.454843e+01    5.000562e-01    0.000000e+00  
  5   1   6   8.437348e+00    5.001000e-01    0.000000e+00    3.589491e+01    5.000998e-01    0.000000e+00  
  5   1   7   -2.787169e+00    4.999061e-01    0.000000e+00    -5.567794e-01    4.999023e-01    0.000000e+00  
  5   1   8   1.279026e+00    4.999152e-01    0.000000e+00    -5.838395e+00    4.999000e-01    0.000000e+00  
  5   1   9   5.584966e+01    5.001000e-01    0.000000e+00    3.006279e+01    5.000994e-01    0.000000e+00  
  5   1  10   -3.318620e+00    4.999017e-01    0.000000e+00    1.464226e+00    4.999814e-01    0.000000e+00  
  5   1  11   3.147318e+01    5.001000e-01    0.000000e+00    -1.978175e+00    4.999003e-01    0.000000e+00  
  5   1  12   -7.679721e-01    4.999661e-01    0.000000e+00    1.054890e+00    4.999002e-01    0.000000e+00  
  5   1  13   -5.810344e-01    5.000312e-01    0.000000e+00    3.307780e+01    5.001000e-01    0.000000e+00  
  5   1  14   4.022064e+01    4.999569e-01    0.000000e+00    1.465270e+00    5.000967e-01    0.000000e+00  
  5   1  15   2.788851e+00    4.999015e-01    0.000000e+00    3.804163e+01    5.000022e-01    0.000000e+00  
  5   1  16   6.533724e+00    5.001000e-01    0.000000e+00    4.638438e+01    4.999768e-01    0.000000e+00  
  5   1  17   -4.688287e+00    4.999000e-01    0.000000e+00    7.399375e+00    5.001000e-01    0.000000e+00  
  5   1  18   3.222690e-01    5.000898e-01    0.000000e+00    4.426611e+01    4.999004e-01    0.000000e+00  
  5   1  19   2.056329e+01    5.001000e-01    0.000000e+00    4.168839e+01    5.000999e-01    0.000000e+00  
  5   1  20   4.512039e+01    5.001000e-01    0.000000e+00    3.629396e+01    5.000994e-01    0.000000e+00  
  5   1  21   2.287030e+01    5.001000e-01    0.000000e+00    4.499164e+01    5.000996e-01    0.000000e+00  
  5   1  22   4.911328e+01    5.001000e-01    0.000000e+00    4.108430e+01    5.000999e-01    0.000000e+00  
  5   1  23   4.240029e+01    5.001000e-01    0.000000e+00    7.681421e+01    5.001000e-01    0.000000e+00  
  5   2   1   3.193207e+01    4.999036e-01    0.000000e+00    3.699683e+01    5.000999e-01    0.000000e+00  
  5   2   2   2.782145e+01    5.000984e-01    0.000000e+00    2.975927e+01    5.000999e-01    0.000000e+00  
  5   2   3   3.876681e+01    4.999007e-01    0.000000e+00    3.259505e+01    5.000998e-01    0.000000e+00  
  5   2   4   3.019454e+01    5.000994e-01    0.000000e+00    3.349638e+01    5.001000e-01    0.000000e+00  
  5   2   5   3.813150e+01    5.000371e-01    0.000000e+00    4.432508e+01    5.000985e-01    0.000000e+00  
  5   2   6   4.119694e+01    4.999870e-01    0.000000e+00    3.876332e+01    5.000652e-01    0.000000e+00  
  5   2   7   3.309654e+01    5.000959e-01    0.000000e+00    2.996957e+01    5.000993e-01    0.000000e+00  
  5   2   8   3.241308e+01    5.000254e-01    0.000000e+00    1.888651e+01    5.001000e-01    0.000000e+00  
  5   2   9   3.837693e+01    5.000787e-01    0.000000e+00    3.729176e+01    5.000964e-01    0.000000e+00  
  5   2  10   3.155446e+01    5.000989e-01    0.000000e+00    2.966860e+01    5.001000e-01    0.000000e+00  
  5   2  11   1.749655e+01    5.000998e-01    0.000000e+00    3.372803e+01    5.000998e-01    0.000000e+00  
  5   2  12   1.119617e+01    5.001000e-01    0.000000e+00    2.994228e+01    5.000998e-01    0.000000e+00  
  5   2  13   2.909666e-01    4.999193e-01    0.000000e+00    -1.278249e-02    4.999817e-01    0.000000e+00  
  5   2  14   2.282932e+01    5.001000e-01    0.000000e+00    3.179033e+01    4.999000e-01    0.000000e+00  
  5   2  15   4.537004e+01    5.001000e-01    0.000000e+00    2.636128e+01    5.000997e-01    0.000000e+00  
  5   2  16   -1.301365e-01    4.999019e-01    0.000000e+00    3.353815e+01    5.000998e-01    0.000000e+00  
  5   2  17   -1.363151e+00    5.000488e-01    0.000000e+00    1.336776e+01    5.001000e-01    0.000000e+00  
  5   2  18   -1.510655e+00    4.999652e-01    0.000000e+00    9.339193e+00    4.999057e-01    0.000000e+00  
  5   2  19   1.655753e+00    4.999240e-01    0.000000e+00    1.890455e+01    5.001000e-01    0.000000e+00  
  5   2  20   3.012064e+01    5.001000e-01    0.000000e+00    -4.632269e-01    5.000614e-01    0.000000e+00  
  5   2  21   -4.318143e+01    4.999001e-01    0.000000e+00    6.558016e-01    5.000176e-01    0.000000e+00  
  5   2  22   1.951581e+01    5.000997e-01    0.000000e+00    3.345271e+01    5.001000e-01    0.000000e+00  
  5   2  23   6.791617e-01    4.999102e-01    0.000000e+00    3.457668e+01    5.001000e-01    0.000000e+00  
  5   2  24   6.709444e+01    5.001000e-01    0.000000e+00    1.452455e-01    5.000916e-01    0.000000e+00  
  5   2  25   3.492438e+01    5.001000e-01    0.000000e+00    -1.449980e+00    5.000424e-01    0.000000e+00  
  5   2  26   2.750938e+01    5.001000e-01    0.000000e+00    -4.749455e-01    4.999006e-01    0.000000e+00  
  5   2  27   4.109360e+01    5.000947e-01    0.000000e+00    -1.439890e-01    5.000043e-01    0.000000e+00  
  5   2  28   1.299559e+01    5.001000e-01    0.000000e+00    2.251697e+00    5.000005e-01    0.000000e+00  
  5   2  29   4.514952e+01    5.001000e-01    0.000000e+00    -1.294334e-01    5.000810e-01    0.000000e+00  
  5   2  30   2.922022e+01    5.000994e-01    0.000000e+00    6.102449e+01    5.001000e-01    0.000000e+00  
  5   2  31   2.889292e+01    5.001000e-01    0.000000e+00    6.769516e+01    5.001000e-01    0.000000e+00  
  5   2  32   7.837394e-01    5.000964e-01    0.000000e+00    8.083594e-01    5.000228e-01    0.000000e+00  
  5   2  33   3.935488e+00    5.001000e-01    0.000000e+00    -1.187967e+00    4.999557e-01    0.000000e+00  
  5   2  34   3.331466e+01    5.000993e-01    0.000000e+00    4.213202e+01    5.001000e-01    0.000000e+00  
  5   2  35   1.106040e+00    4.999018e-01    0.000000e+00    -3.780756e-01    5.000877e-01    0.000000e+00  
  5   2  36   1.405699e+00    4.999580e-01    0.000000e+00    2.488900e+01    5.001000e-01    0.000000e+00  
  5   2  37   4.150676e+01    5.000995e-01    0.000000e+00    4.907922e+01    5.000999e-01    0.000000e+00  
  5   2  38   1.859406e+00    5.000527e-01    0.000000e+00    1.290978e+00    5.000070e-01    0.000000e+00  
  5   2  39   1.647286e+00    5.000926e-01    0.000000e+00    1.514874e+01    5.001000e-01    0.000000e+00  
  5   2  40   3.216013e+01    5.001000e-01    0.000000e+00    5.120415e+01    5.001000e-01    0.000000e+00  
  5   2  41   3.700297e+01    5.001000e-01    0.000000e+00    2.680634e+01    5.001000e-01    0.000000e+00  
  5   2  42   1.938916e+01    5.001000e-01    0.000000e+00    3.410394e+01    5.001000e-01    0.000000e+00  
  5   2  43   2.214092e+01    5.001000e-01    0.000000e+00    3.566042e+01    5.000999e-01    0.000000e+00  
  5   2  44   6.653613e+01    5.001000e-01    0.000000e+00    2.841074e+01    5.000994e-01    0.000000e+00  
  5   2  45   1.106819e+02    4.999000e-01    0.000000e+00    2.900457e+01    5.000999e-01    0.000000e+00  
  5   2  46   8.786115e+01    4.999000e-01    0.000000e+00    3.961408e+01    5.000999e-01    0.000000e+00  
  5   2  47   4.346639e+01    5.001000e-01    0.000000e+00    3.613829e+01    5.001000e-01    0.000000e+00  
  5   2  48   5.111821e+01    5.001000e-01    0.000000e+00    3.894177e+01    5.001000e-01    0.000000e+00  
  5   2  49   4.000000e+01    5.000000e-01    0.000000e+00    4.000000e+01    5.000000e-01    0.000000e+00  
  5   2  50   5.014069e+01    5.001000e-01    0.000000e+00    5.444337e+01    5.001000e-01    0.000000e+00  
  5   2  51   1.572374e+00    5.000990e-01    0.000000e+00    5.878376e-01    4.999713e-01    0.000000e+00  
  5   2  52   2.156452e+01    5.000999e-01    0.000000e+00    3.086749e+00    4.999000e-01    0.000000e+00  
  5   2  53   8.693329e-01    5.000633e-01    0.000000e+00    2.074359e-01    4.999146e-01    0.000000e+00  
  5   2  54   4.016171e+00    5.000938e-01    0.000000e+00    7.573098e+01    5.000779e-01    0.000000e+00  
  5   2  55   3.743288e+00    5.000893e-01    0.000000e+00    1.778223e+00    5.000621e-01    0.000000e+00  
  5   2  56   4.315970e+00    5.000864e-01    0.000000e+00    5.642707e+01    5.000369e-01    0.000000e+00  
  5   2  57   7.874420e-01    4.999005e-01    0.000000e+00    7.516939e+00    5.000999e-01    0.000000e+00  
  5   2  58   5.060646e+01    5.001000e-01    0.000000e+00    1.023694e+01    5.001000e-01    0.000000e+00  
  5   2  59   3.795721e+01    5.001000e-01    0.000000e+00    8.507001e+00    5.001000e-01    0.000000e+00  
  5   2  60   4.183141e+01    5.001000e-01    0.000000e+00    7.505720e+01    5.001000e-01    0.000000e+00  
  5   2  61   2.952682e+01    5.001000e-01    0.000000e+00    3.740711e+01    5.001000e-01    0.000000e+00  
  5   2  62   2.265858e+00    4.999194e-01    0.000000e+00    7.899043e+00    4.999013e-01    0.000000e+00  
  5   3   1   5.375818e+01    5.000999e-01    0.000000e+00    9.523440e+00    5.000998e-01    0.000000e+00  
  5   3   2   3.101123e+01    5.001000e-01    0.000000e+00    2.666066e+01    5.000898e-01    0.000000e+00  
  5   3   3   4.579606e+01    5.000990e-01    0.000000e+00    2.498519e+00    5.001000e-01    0.000000e+00  
  5   3   4   6.614192e+01    4.999000e-01    0.000000e+00    3.460859e+01    5.001000e-01    0.000000e+00  
  5   3   5   4.439365e+01    5.001000e-01    0.000000e+00    1.615444e+00    5.000097e-01    0.000000e+00  
  6   1   1   3.117836e+01    5.000909e-01    0.000000e+00    3.805894e+01    5.000985e-01    0.000000e+00  
  6   1   2   3.748124e+01    5.000994e-01    0.000000e+00    3.497993e+01    5.000984e-01    0.000000e+00  
  6   1   3   4.105818e+01    5.000999e-01    0.000000e+00    3.153296e+01    5.000980e-01    0.000000e+00  
  6   1   4   3.786178e+01    4.999125e-01    0.000000e+00    3.696083e+01    5.000975e-01    0.000000e+00  
  6   1   5   3.512802e+01    5.000999e-01    0.000000e+00    1.740772e+01    5.001000e-01    0.000000e+00  
  6   1   6   4.480466e+01    4.999029e-01    0.000000e+00    2.490130e+01    5.001000e-01    0.000000e+00  
  6   1   7   2.530855e+01    5.000994e-01    0.000000e+00    1.063867e+01    5.000999e-01    0.000000e+00  
  6   1   8   2.942226e+01    5.001000e-01    0.000000e+00    8.894074e+00    4.999017e-01    0.000000e+00  
  6   1   9   -1.140161e+00    5.000908e-01    0.000000e+00    3.338732e-02    5.000293e-01    0.000000e+00  
  6   1  10   5.285507e+01    5.001000e-01    0.000000e+00    3.868065e+01    4.999954e-01    0.000000e+00  
  6   1  11   -7.390570e-01    5.000200e-01    0.000000e+00    -1.752835e+00    5.000637e-01    0.000000e+00  
  6   1  12   -4.148088e-01    5.000986e-01    0.000000e+00    7.023555e+01    4.999000e-01    0.000000e+00  
  6   1  13   -2.797234e-01    5.000980e-01    0.000000e+00    -5.903794e-01    5.000926e-01    0.000000e+00  
  6   1  14   1.177210e+00    5.000732e-01    0.000000e+00    -6.731212e+00    4.999000e-01    0.000000e+00  
  6   1  15   -1.129423e+00    4.999199e-01    0.000000e+00    -5.446550e-01    5.000095e-01    0.000000e+00  
  6   1  16   5.206483e+01    5.001000e-01    0.000000e+00    -3.699832e-01    5.000410e-01    0.000000e+00  
  6   1  17   4.592793e+01    5.001000e-01    0.000000e+00    2.472502e+01    5.001000e-01    0.000000e+00  
  6   1  18   3.349135e+01    5.001000e-01    0.000000e+00    4.361899e+01    4.999497e-01    0.000000e+00  
  6   1  19   3.799777e+01    5.001000e-01    0.000000e+00    4.240864e+00    5.001000e-01    0.000000e+00  
  6   1  20   3.183378e-01    5.000999e-01    0.000000e+00    1.887012e-01    4.999001e-01    0.000000e+00  
  6   1  21   3.658882e+01    5.001000e-01    0.000000e+00    4.920758e+01    4.999000e-01    0.000000e+00  
  6   1  22   5.305516e+01    5.001000e-01    0.000000e+00    4.614750e+01    5.001000e-01    0.000000e+00  
  6   1  23   3.719537e+01    5.001000e-01    0.000000e+00    4.979385e+01    5.001000e-01    0.000000e+00  
  6   2   1   4.039253e+01    4.999309e-01    0.000000e+00    3.436006e+01    5.000998e-01    0.000000e+00  
  6   2   2   4.117696e+01    4.999500e-01    0.000000e+00    3.165470e+01    5.000992e-01    0.000000e+00  
  6   2   3   3.397828e+01    5.000971e-01    0.000000e+00    3.922411e+01    5.000007e-01    0.000000e+00  
  6   2   4   2.500897e+01    5.000999e-01    0.000000e+00    2.848544e+01    5.000953e-01    0.000000e+00  
  6   2   5   3.227443e+01    5.000999e-01    0.000000e+00    3.251433e+01    4.999002e-01    0.000000e+00  
  6   2   6   2.909983e+01    5.000976e-01    0.000000e+00    2.748141e+01    5.000997e-01    0.000000e+00  
  6   2   7   3.270435e+01    5.000950e-01    0.000000e+00    3.403961e+01    5.000991e-01    0.000000e+00  
  6   2   8   2.273119e+01    5.000992e-01    0.000000e+00    2.973286e+01    5.001000e-01    0.000000e+00  
  6   2   9   2.925816e+01    5.000980e-01    0.000000e+00    8.488309e-02    4.999354e-01    0.000000e+00  
  6   2  10   2.730575e+01    5.000974e-01    0.000000e+00    2.819157e+01    4.999004e-01    0.000000e+00  
  6   2  11   3.977166e+01    5.000995e-01    0.000000e+00    3.841749e+01    5.000569e-01    0.000000e+00  
  6   2  12   7.163028e+00    4.999054e-01    0.000000e+00    9.063493e-01    4.999103e-01    0.000000e+00  
  6   2  13   1.270784e-01    4.999122e-01    0.000000e+00    2.889172e+00    5.000994e-01    0.000000e+00  
  6   2  14   8.793681e-02    5.000552e-01    0.000000e+00    7.726423e+00    5.001000e-01    0.000000e+00  
  6   2  15   1.487833e+01    5.001000e-01    0.000000e+00    -6.576294e-01    4.999026e-01    0.000000e+00  
  6   2  16   3.072701e+01    5.000211e-01    0.000000e+00    3.934278e+01    5.001000e-01    0.000000e+00  
  6   2  17   1.719054e+00    5.000980e-01    0.000000e+00    -2.092647e+01    4.999000e-01    0.000000e+00  
  6   2  18   -2.065355e+00    5.000606e-01    0.000000e+00    -4.144245e-01    4.999276e-01    0.000000e+00  
  6   2  19   3.343925e+01    5.001000e-01    0.000000e+00    1.193977e+00    4.999742e-01    0.000000e+00  
  6   2  20   1.265624e+01    5.001000e-01    0.000000e+00    8.923442e-01    4.999403e-01    0.000000e+00  
  6   2  21   8.425151e+00    5.001000e-01    0.000000e+00    5.980215e+01    5.001000e-01    0.000000e+00  
  6   2  22   2.011818e+01    5.001000e-01    0.000000e+00    2.783116e-01    5.000956e-01    0.000000e+00  
  6   2  23   -9.086794e-01    4.999630e-01    0.000000e+00    3.215535e+01    4.999000e-01    0.000000e+00  
  6   2  24   4.999363e+01    5.001000e-01    0.000000e+00    -5.075626e-01    5.000223e-01    0.000000e+00  
  6   2  25   4.543697e+01    5.000947e-01    0.000000e+00    -1.722542e+00    4.999251e-01    0.000000e+00  
  6   2  26   1.266038e+01    5.001000e-01    0.000000e+00    -5.852563e-01    4.999258e-01    0.000000e+00  
  6   2  27   1.243175e-01    4.999875e-01    0.000000e+00    -2.072237e+00    4.999154e-01    0.000000e+00  
  6   2  28   4.002893e+01    5.001000e-01    0.000000e+00    3.536261e+01    5.000997e-01    0.000000e+00  
  6   2  29   2.609676e+00    4.999018e-01    0.000000e+00    2.913606e+00    5.000261e-01    0.000000e+00  
  6   2  30   8.647712e-01    4.999713e-01    0.000000e+00    -2.622313e+00    5.000831e-01    0.000000e+00  
  6   2  31   4.233871e+01    5.001000e-01    0.000000e+00    -5.898671e-01    4.999111e-01    0.000000e+00  
  6   2  32   2.231522e+01    5.001000e-01    0.000000e+00    3.063783e+01    5.000999e-01    0.000000e+00  
  6   2  33   1.386693e+01    5.001000e-01    0.000000e+00    -5.518369e-01    4.999037e-01    0.000000e+00  
  6   2  34   2.661542e-01    4.999301e-01    0.000000e+00    1.083012e-01    4.999047e-01    0.000000e+00  
  6   2  35   4.858828e+00    5.000964e-01    0.000000e+00    2.797698e+01    5.001000e-01    0.000000e+00  
  6   2  36   3.380958e+01    5.000992e-01    0.000000e+00    3.223185e+00    5.001000e-01    0.000000e+00  
  6   2  37   -6.311788e+00    4.999000e-01    0.000000e+00    9.812533e+00    5.001000e-01    0.000000e+00  
  6   2  38   3.508952e+01    4.999298e-01    0.000000e+00    2.835029e+00    4.999010e-01    0.000000e+00  
  6   2  39   1.277279e+01    5.001000e-01    0.000000e+00    4.160645e+01    5.000994e-01    0.000000e+00  
  6   2  40   5.202932e+01    5.001000e-01    0.000000e+00    4.840819e+01    4.999330e-01    0.000000e+00  
  6   2  41   3.032010e+01    5.000999e-01    0.000000e+00    5.704920e+01    5.001000e-01    0.000000e+00  
  6   2  42   4.295104e+00    5.001000e-01    0.000000e+00    1.902008e+01    5.001000e-01    0.000000e+00  
  6   2  43   2.499242e+01    5.001000e-01    0.000000e+00    3.072131e+01    5.000992e-01    0.000000e+00  
  6   2  44   4.143375e+01    5.000999e-01    0.000000e+00    4.936040e+01    5.000966e-01    0.000000e+00  
  6   2  45   -3.857461e-01    4.999202e-01    0.000000e+00    3.388149e+01    5.001000e-01    0.000000e+00  
  6   2  46   1.342750e+02    4.999000e-01    0.000000e+00    1.343946e+00    5.000822e-01    0.000000e+00  
  6   2  47   1.250173e+02    4.999000e-01    0.000000e+00    -1.904643e-01    4.999682e-01    0.000000e+00  
  6   2  48   4.969830e+01    5.001000e-01    0.000000e+00    5.514604e+01    5.001000e-01    0.000000e+00  
  6   2  49   3.329779e+01    5.000775e-01    0.000000e+00    -2.944242e-01    4.999159e-01    0.000000e+00  
  6   2  50   1.897429e+00    4.999036e-01    0.000000e+00    5.535096e-01    5.000978e-01    0.000000e+00  
  6   2  51   4.457406e+01    5.001000e-01    0.000000e+00    5.683531e+01    5.000999e-01    0.000000e+00  
  6   2  52   1.894834e+01    5.000994e-01    0.000000e+00    3.181945e+01    5.000998e-01    0.000000e+00  
  6   2  53   8.174961e+01    4.999000e-01    0.000000e+00    5.120788e+00    5.001000e-01    0.000000e+00  
  6   2  54   1.199555e+02    4.999000e-01    0.000000e+00    8.614426e+00    5.000992e-01    0.000000e+00  
  6   2  55   6.707813e+00    5.001000e-01    0.000000e+00    -3.519301e+00    5.001000e-01    0.000000e+00  
  6   2  56   1.101180e+01    5.000998e-01    0.000000e+00    2.364463e+00    4.999818e-01    0.000000e+00  
  6   2  57   -3.270616e+00    4.999144e-01    0.000000e+00    1.389392e+01    5.000999e-01    0.000000e+00  
  6   2  58   1.007708e+01    5.000989e-01    0.000000e+00    4.284283e+01    5.001000e-01    0.000000e+00  
  6   2  59   1.475859e+01    5.000997e-01    0.000000e+00    5.274841e+01    5.000998e-01    0.000000e+00  
  6   2  60   5.835734e-01    4.999477e-01    0.000000e+00    8.825433e+01    4.999000e-01    0.000000e+00  
  6   2  61   8.168883e+01    4.999000e-01    0.000000e+00    3.761755e+01    5.001000e-01    0.000000e+00  
  6   2  62   5.214677e+01    4.999000e-01    0.000000e+00    4.442765e+01    5.001000e-01    0.000000e+00  
  6   3   1   2.233753e+02    4.999000e-01    0.000000e+00    6.266097e+01    4.999001e-01    0.000000e+00  
  6   3   2   4.239119e+01    5.000998e-01    0.000000e+00    4.773243e+01    4.999818e-01    0.000000e+00  
  6   3   3   3.184340e+01    5.001000e-01    0.000000e+00    5.429708e+01    5.001000e-01    0.000000e+00  
  6   3   4   2.500095e-01    4.999224e-01    0.000000e+00    -1.151997e+00    4.999911e-01    0.000000e+00  
  6   3   5   -1.484716e-01    5.000982e-01    0.000000e+00    5.453013e-01    5.000041e-01    0.000000e+00  
