1 1 1 40.000 0.500 0.000 40.000 0.500 0.000
1 1 2 40.000 0.500 0.000 40.000 0.500 0.000
1 1 3 40.000 0.500 0.000 40.000 0.500 0.000
1 1 4 40.000 0.500 0.000 40.000 0.500 0.000
1 1 5 40.000 0.500 0.000 40.000 0.500 0.000
1 1 6 40.000 0.500 0.000 40.000 0.500 0.000
1 1 7 40.000 0.500 0.000 40.000 0.500 0.000
1 1 8 40.000 0.500 0.000 40.000 0.500 0.000
1 1 9 40.000 0.500 0.000 40.000 0.500 0.000
1 1 10 40.000 0.500 0.000 40.000 0.500 0.000
1 1 11 40.000 0.500 0.000 40.000 0.500 0.000
1 1 12 40.000 0.500 0.000 40.000 0.500 0.000
1 1 13 40.000 0.500 0.000 40.000 0.500 0.000
1 1 14 40.000 0.500 0.000 40.000 0.500 0.000
1 1 15 40.000 0.500 0.000 40.000 0.500 0.000
1 1 16 40.000 0.500 0.000 40.000 0.500 0.000
1 1 17 40.000 0.500 0.000 40.000 0.500 0.000
1 1 18 40.000 0.500 0.000 40.000 0.500 0.000
1 1 19 40.000 0.500 0.000 40.000 0.500 0.000
1 1 20 40.000 0.500 0.000 40.000 0.500 0.000
1 1 21 40.000 0.500 0.000 40.000 0.500 0.000
1 1 22 40.000 0.500 0.000 40.000 0.500 0.000
1 1 23 40.000 0.500 0.000 40.000 0.500 0.000
1 2 1 40.000 0.500 0.000 40.000 0.500 0.000
1 2 2 40.000 0.500 0.000 40.000 0.500 0.000
1 2 3 40.000 0.500 0.000 40.000 0.500 0.000
1 2 4 40.000 0.500 0.000 40.000 0.500 0.000
1 2 5 40.000 0.500 0.000 40.000 0.500 0.000
1 2 6 40.000 0.500 0.000 40.000 0.500 0.000
1 2 7 40.000 0.500 0.000 40.000 0.500 0.000
1 2 8 40.000 0.500 0.000 40.000 0.500 0.000
1 2 9 40.000 0.500 0.000 40.000 0.500 0.000
1 2 10 40.000 0.500 0.000 40.000 0.500 0.000
1 2 11 40.000 0.500 0.000 40.000 0.500 0.000
1 2 12 40.000 0.500 0.000 40.000 0.500 0.000
1 2 13 40.000 0.500 0.000 40.000 0.500 0.000
1 2 14 40.000 0.500 0.000 40.000 0.500 0.000
1 2 15 40.000 0.500 0.000 40.000 0.500 0.000
1 2 16 40.000 0.500 0.000 40.000 0.500 0.000
1 2 17 40.000 0.500 0.000 40.000 0.500 0.000
1 2 18 40.000 0.500 0.000 40.000 0.500 0.000
1 2 19 40.000 0.500 0.000 40.000 0.500 0.000
1 2 20 40.000 0.500 0.000 40.000 0.500 0.000
1 2 21 40.000 0.500 0.000 40.000 0.500 0.000
1 2 22 40.000 0.500 0.000 40.000 0.500 0.000
1 2 23 40.000 0.500 0.000 40.000 0.500 0.000
1 2 24 40.000 0.500 0.000 40.000 0.500 0.000
1 2 25 40.000 0.500 0.000 40.000 0.500 0.000
1 2 26 40.000 0.500 0.000 40.000 0.500 0.000
1 2 27 40.000 0.500 0.000 40.000 0.500 0.000
1 2 28 40.000 0.500 0.000 40.000 0.500 0.000
1 2 29 40.000 0.500 0.000 40.000 0.500 0.000
1 2 30 40.000 0.500 0.000 40.000 0.500 0.000
1 2 31 40.000 0.500 0.000 40.000 0.500 0.000
1 2 32 40.000 0.500 0.000 40.000 0.500 0.000
1 2 33 40.000 0.500 0.000 40.000 0.500 0.000
1 2 34 40.000 0.500 0.000 40.000 0.500 0.000
1 2 35 40.000 0.500 0.000 40.000 0.500 0.000
1 2 36 40.000 0.500 0.000 40.000 0.500 0.000
1 2 37 40.000 0.500 0.000 40.000 0.500 0.000
1 2 38 40.000 0.500 0.000 40.000 0.500 0.000
1 2 39 40.000 0.500 0.000 40.000 0.500 0.000
1 2 40 40.000 0.500 0.000 40.000 0.500 0.000
1 2 41 40.000 0.500 0.000 40.000 0.500 0.000
1 2 42 40.000 0.500 0.000 40.000 0.500 0.000
1 2 43 40.000 0.500 0.000 40.000 0.500 0.000
1 2 44 40.000 0.500 0.000 40.000 0.500 0.000
1 2 45 40.000 0.500 0.000 40.000 0.500 0.000
1 2 46 40.000 0.500 0.000 40.000 0.500 0.000
1 2 47 40.000 0.500 0.000 40.000 0.500 0.000
1 2 48 40.000 0.500 0.000 40.000 0.500 0.000
1 2 49 40.000 0.500 0.000 40.000 0.500 0.000
1 2 50 40.000 0.500 0.000 40.000 0.500 0.000
1 2 51 40.000 0.500 0.000 40.000 0.500 0.000
1 2 52 40.000 0.500 0.000 40.000 0.500 0.000
1 2 53 40.000 0.500 0.000 40.000 0.500 0.000
1 2 54 40.000 0.500 0.000 40.000 0.500 0.000
1 2 55 40.000 0.500 0.000 40.000 0.500 0.000
1 2 56 40.000 0.500 0.000 40.000 0.500 0.000
1 2 57 40.000 0.500 0.000 40.000 0.500 0.000
1 2 58 40.000 0.500 0.000 40.000 0.500 0.000
1 2 59 40.000 0.500 0.000 40.000 0.500 0.000
1 2 60 40.000 0.500 0.000 40.000 0.500 0.000
1 2 61 40.000 0.500 0.000 40.000 0.500 0.000
1 2 62 40.000 0.500 0.000 40.000 0.500 0.000
1 3 1 40.000 0.500 0.000 40.000 0.500 0.000
1 3 2 40.000 0.500 0.000 40.000 0.500 0.000
1 3 3 40.000 0.500 0.000 40.000 0.500 0.000
1 3 4 40.000 0.500 0.000 40.000 0.500 0.000
1 3 5 40.000 0.500 0.000 40.000 0.500 0.000
2 1 1 43.494 0.517 0.000 38.755 0.522 0.000
2 1 2 31.585 0.527 0.000 40.937 0.516 0.000
2 1 3 40.738 0.517 0.000 32.553 0.524 0.000
2 1 4 47.993 0.510 0.000 40.287 0.517 0.000
2 1 5 40.000 0.500 0.000 40.000 0.500 0.000
2 1 6 31.882 0.527 0.000 40.000 0.500 0.000
2 1 7 45.913 0.511 0.000 42.253 0.515 0.000
2 1 8 40.000 0.500 0.000 40.000 0.500 0.000
2 1 9 43.837 0.514 0.000 43.279 0.515 0.000
2 1 10 40.000 0.500 0.000 40.000 0.500 0.000
2 1 11 32.447 0.525 0.000 41.284 0.515 0.000
2 1 12 32.580 0.524 0.000 32.296 0.525 0.000
2 1 13 32.570 0.524 0.000 42.001 0.515 0.000
2 1 14 32.461 0.525 0.000 40.335 0.516 0.000
2 1 15 32.643 0.524 0.000 32.335 0.525 0.000
2 1 16 19.555 0.538 0.000 23.478 0.534 0.000
2 1 17 26.998 0.530 0.000 27.284 0.530 0.000
2 1 18 3.401 0.549 0.000 24.215 0.533 0.000
2 1 19 80.682 0.537 0.000 24.916 0.532 0.000
2 1 20 6.194 0.548 0.000 17.969 0.539 0.000
2 1 21 40.000 0.500 0.000 40.000 0.500 0.000
2 1 22 25.812 0.532 0.000 1.561 0.550 0.000
2 1 23 32.845 0.524 0.000 40.000 0.500 0.000
2 2 1 55.291 0.484 0.000 48.963 0.490 0.000
2 2 2 0.081 0.547 0.000 75.794 0.474 0.000
2 2 3 66.289 0.478 0.000 20.188 0.526 0.000
2 2 4 39.791 0.501 0.000 38.934 0.503 0.000
2 2 5 54.922 0.487 0.000 26.129 0.517 0.000
2 2 6 39.268 0.502 0.000 67.987 0.479 0.000
2 2 7 40.406 0.499 0.000 38.781 0.504 0.000
2 2 8 40.597 0.498 0.000 68.214 0.477 0.000
2 2 9 17.514 0.528 0.000 56.693 0.483 0.000
2 2 10 54.887 0.485 0.000 61.641 0.483 0.000
2 2 11 56.707 0.483 0.000 49.372 0.491 0.000
2 2 12 40.947 0.497 0.000 58.069 0.483 0.000
2 2 13 39.116 0.503 0.000 60.204 0.483 0.000
2 2 14 53.858 0.485 0.000 65.196 0.479 0.000
2 2 15 55.347 0.485 0.000 65.849 0.479 0.000
2 2 16 40.641 0.498 0.000 53.551 0.485 0.000
2 2 17 53.485 0.485 0.000 55.292 0.484 0.000
2 2 18 56.986 0.483 0.000 39.402 0.502 0.000
2 2 19 51.510 0.489 0.000 57.579 0.484 0.000
2 2 20 40.000 0.500 0.000 40.000 0.500 0.000
2 2 21 58.360 0.482 0.000 51.904 0.486 0.000
2 2 22 39.369 0.502 0.000 52.279 0.486 0.000
2 2 23 51.338 0.489 0.000 64.745 0.478 0.000
2 2 24 54.697 0.484 0.000 59.789 0.481 0.000
2 2 25 41.133 0.496 0.000 49.188 0.491 0.000
2 2 26 41.327 0.495 0.000 53.849 0.486 0.000
2 2 27 40.757 0.497 0.000 55.686 0.485 0.000
2 2 28 52.980 0.487 0.000 40.563 0.498 0.000
2 2 29 54.737 0.485 0.000 39.447 0.502 0.000
2 2 30 52.598 0.488 0.000 41.023 0.496 0.000
2 2 31 53.212 0.485 0.000 53.792 0.487 0.000
2 2 32 39.540 0.502 0.000 41.082 0.496 0.000
2 2 33 41.339 0.495 0.000 53.315 0.486 0.000
2 2 34 39.107 0.503 0.000 59.100 0.482 0.000
2 2 35 40.879 0.497 0.000 53.652 0.486 0.000
2 2 36 40.764 0.497 0.000 55.460 0.483 0.000
2 2 37 55.852 0.484 0.000 39.436 0.502 0.000
2 2 38 39.812 0.501 0.000 40.702 0.498 0.000
2 2 39 40.771 0.497 0.000 49.547 0.491 0.000
2 2 40 41.110 0.496 0.000 41.469 0.495 0.000
2 2 41 5.330 0.544 0.000 40.691 0.498 0.000
2 2 42 52.454 0.490 0.000 53.232 0.489 0.000
2 2 43 40.812 0.497 0.000 59.732 0.481 0.000
2 2 44 41.213 0.496 0.000 16.367 0.531 0.000
2 2 45 11.278 0.537 0.000 40.689 0.498 0.000
2 2 46 25.415 0.516 0.000 41.521 0.494 0.000
2 2 47 15.132 0.537 0.000 41.335 0.495 0.000
2 2 48 0.066 0.550 0.000 14.596 0.536 0.000
2 2 49 41.061 0.496 0.000 41.117 0.496 0.000
2 2 50 23.325 0.525 0.000 20.951 0.525 0.000
2 2 51 39.249 0.502 0.000 39.016 0.503 0.000
2 2 52 0.035 0.548 0.000 38.941 0.503 0.000
2 2 53 42.290 0.491 0.000 41.187 0.496 0.000
2 2 54 39.032 0.503 0.000 64.757 0.481 0.000
2 2 55 0.003 0.550 0.000 0.029 0.550 0.000
2 2 56 41.241 0.496 0.000 102.015 0.468 0.000
2 2 57 38.785 0.504 0.000 40.803 0.497 0.000
2 2 58 39.252 0.502 0.000 40.000 0.500 0.000
2 2 59 40.000 0.500 0.000 40.682 0.498 0.000
2 2 60 39.623 0.501 0.000 40.000 0.500 0.000
2 2 61 40.000 0.500 0.000 40.000 0.500 0.000
2 2 62 40.000 0.500 0.000 40.000 0.500 0.000
2 3 1 36.733 0.512 0.000 2.738 0.550 0.000
2 3 2 50.649 0.499 0.000 0.000 0.550 0.000
2 3 3 40.000 0.500 0.000 0.000 0.550 0.000
2 3 4 40.000 0.500 0.000 40.000 0.500 0.000
2 3 5 40.000 0.500 0.000 40.000 0.500 0.000
3 1 1 40.000 0.500 0.000 40.000 0.500 0.000
3 1 2 40.000 0.500 0.000 40.000 0.500 0.000
3 1 3 40.000 0.500 0.000 40.000 0.500 0.000
3 1 4 40.000 0.500 0.000 40.000 0.500 0.000
3 1 5 40.000 0.500 0.000 40.000 0.500 0.000
3 1 6 40.000 0.500 0.000 40.000 0.500 0.000
3 1 7 40.000 0.500 0.000 40.000 0.500 0.000
3 1 8 40.000 0.500 0.000 40.000 0.500 0.000
3 1 9 40.000 0.500 0.000 40.000 0.500 0.000
3 1 10 40.000 0.500 0.000 40.000 0.500 0.000
3 1 11 40.000 0.500 0.000 40.000 0.500 0.000
3 1 12 40.000 0.500 0.000 40.000 0.500 0.000
3 1 13 40.000 0.500 0.000 40.000 0.500 0.000
3 1 14 40.000 0.500 0.000 40.000 0.500 0.000
3 1 15 40.000 0.500 0.000 40.000 0.500 0.000
3 1 16 40.000 0.500 0.000 40.000 0.500 0.000
3 1 17 40.000 0.500 0.000 40.000 0.500 0.000
3 1 18 40.000 0.500 0.000 40.000 0.500 0.000
3 1 19 40.000 0.500 0.000 40.000 0.500 0.000
3 1 20 40.000 0.500 0.000 40.000 0.500 0.000
3 1 21 40.000 0.500 0.000 40.000 0.500 0.000
3 1 22 40.000 0.500 0.000 40.000 0.500 0.000
3 1 23 40.000 0.500 0.000 40.000 0.500 0.000
3 2 1 40.000 0.500 0.000 40.000 0.500 0.000
3 2 2 40.000 0.500 0.000 40.000 0.500 0.000
3 2 3 40.000 0.500 0.000 40.000 0.500 0.000
3 2 4 40.000 0.500 0.000 40.000 0.500 0.000
3 2 5 40.000 0.500 0.000 40.000 0.500 0.000
3 2 6 40.000 0.500 0.000 40.000 0.500 0.000
3 2 7 40.000 0.500 0.000 40.000 0.500 0.000
3 2 8 40.000 0.500 0.000 40.000 0.500 0.000
3 2 9 40.000 0.500 0.000 40.000 0.500 0.000
3 2 10 40.000 0.500 0.000 40.000 0.500 0.000
3 2 11 40.000 0.500 0.000 40.000 0.500 0.000
3 2 12 40.000 0.500 0.000 40.000 0.500 0.000
3 2 13 40.000 0.500 0.000 40.000 0.500 0.000
3 2 14 40.000 0.500 0.000 40.000 0.500 0.000
3 2 15 40.000 0.500 0.000 40.000 0.500 0.000
3 2 16 40.000 0.500 0.000 40.000 0.500 0.000
3 2 17 40.000 0.500 0.000 40.000 0.500 0.000
3 2 18 40.000 0.500 0.000 40.000 0.500 0.000
3 2 19 40.000 0.500 0.000 40.000 0.500 0.000
3 2 20 40.000 0.500 0.000 40.000 0.500 0.000
3 2 21 40.000 0.500 0.000 40.000 0.500 0.000
3 2 22 40.000 0.500 0.000 40.000 0.500 0.000
3 2 23 40.000 0.500 0.000 40.000 0.500 0.000
3 2 24 40.000 0.500 0.000 40.000 0.500 0.000
3 2 25 40.000 0.500 0.000 40.000 0.500 0.000
3 2 26 40.000 0.500 0.000 40.000 0.500 0.000
3 2 27 40.000 0.500 0.000 40.000 0.500 0.000
3 2 28 40.000 0.500 0.000 40.000 0.500 0.000
3 2 29 40.000 0.500 0.000 40.000 0.500 0.000
3 2 30 40.000 0.500 0.000 40.000 0.500 0.000
3 2 31 40.000 0.500 0.000 40.000 0.500 0.000
3 2 32 40.000 0.500 0.000 40.000 0.500 0.000
3 2 33 40.000 0.500 0.000 40.000 0.500 0.000
3 2 34 40.000 0.500 0.000 40.000 0.500 0.000
3 2 35 40.000 0.500 0.000 40.000 0.500 0.000
3 2 36 40.000 0.500 0.000 40.000 0.500 0.000
3 2 37 40.000 0.500 0.000 40.000 0.500 0.000
3 2 38 40.000 0.500 0.000 40.000 0.500 0.000
3 2 39 40.000 0.500 0.000 40.000 0.500 0.000
3 2 40 40.000 0.500 0.000 40.000 0.500 0.000
3 2 41 40.000 0.500 0.000 40.000 0.500 0.000
3 2 42 40.000 0.500 0.000 40.000 0.500 0.000
3 2 43 40.000 0.500 0.000 40.000 0.500 0.000
3 2 44 40.000 0.500 0.000 40.000 0.500 0.000
3 2 45 40.000 0.500 0.000 40.000 0.500 0.000
3 2 46 40.000 0.500 0.000 40.000 0.500 0.000
3 2 47 40.000 0.500 0.000 40.000 0.500 0.000
3 2 48 40.000 0.500 0.000 40.000 0.500 0.000
3 2 49 40.000 0.500 0.000 40.000 0.500 0.000
3 2 50 40.000 0.500 0.000 40.000 0.500 0.000
3 2 51 40.000 0.500 0.000 40.000 0.500 0.000
3 2 52 40.000 0.500 0.000 40.000 0.500 0.000
3 2 53 40.000 0.500 0.000 40.000 0.500 0.000
3 2 54 40.000 0.500 0.000 40.000 0.500 0.000
3 2 55 40.000 0.500 0.000 40.000 0.500 0.000
3 2 56 40.000 0.500 0.000 40.000 0.500 0.000
3 2 57 40.000 0.500 0.000 40.000 0.500 0.000
3 2 58 40.000 0.500 0.000 40.000 0.500 0.000
3 2 59 40.000 0.500 0.000 40.000 0.500 0.000
3 2 60 40.000 0.500 0.000 40.000 0.500 0.000
3 2 61 40.000 0.500 0.000 40.000 0.500 0.000
3 2 62 40.000 0.500 0.000 40.000 0.500 0.000
3 3 1 40.000 0.500 0.000 40.000 0.500 0.000
3 3 2 40.000 0.500 0.000 40.000 0.500 0.000
3 3 3 40.000 0.500 0.000 40.000 0.500 0.000
3 3 4 40.000 0.500 0.000 40.000 0.500 0.000
3 3 5 40.000 0.500 0.000 40.000 0.500 0.000
4 1 1 40.000 0.500 0.000 40.000 0.500 0.000
4 1 2 40.000 0.500 0.000 40.000 0.500 0.000
4 1 3 40.000 0.500 0.000 40.000 0.500 0.000
4 1 4 40.000 0.500 0.000 40.000 0.500 0.000
4 1 5 40.000 0.500 0.000 40.000 0.500 0.000
4 1 6 40.000 0.500 0.000 40.000 0.500 0.000
4 1 7 40.000 0.500 0.000 40.000 0.500 0.000
4 1 8 40.000 0.500 0.000 40.000 0.500 0.000
4 1 9 40.000 0.500 0.000 40.000 0.500 0.000
4 1 10 40.000 0.500 0.000 40.000 0.500 0.000
4 1 11 40.000 0.500 0.000 40.000 0.500 0.000
4 1 12 40.000 0.500 0.000 40.000 0.500 0.000
4 1 13 40.000 0.500 0.000 40.000 0.500 0.000
4 1 14 40.000 0.500 0.000 40.000 0.500 0.000
4 1 15 40.000 0.500 0.000 40.000 0.500 0.000
4 1 16 40.000 0.500 0.000 40.000 0.500 0.000
4 1 17 40.000 0.500 0.000 40.000 0.500 0.000
4 1 18 40.000 0.500 0.000 40.000 0.500 0.000
4 1 19 40.000 0.500 0.000 40.000 0.500 0.000
4 1 20 40.000 0.500 0.000 40.000 0.500 0.000
4 1 21 40.000 0.500 0.000 40.000 0.500 0.000
4 1 22 40.000 0.500 0.000 40.000 0.500 0.000
4 1 23 40.000 0.500 0.000 40.000 0.500 0.000
4 2 1 40.000 0.500 0.000 40.000 0.500 0.000
4 2 2 40.000 0.500 0.000 40.000 0.500 0.000
4 2 3 40.000 0.500 0.000 40.000 0.500 0.000
4 2 4 40.000 0.500 0.000 40.000 0.500 0.000
4 2 5 40.000 0.500 0.000 40.000 0.500 0.000
4 2 6 40.000 0.500 0.000 40.000 0.500 0.000
4 2 7 40.000 0.500 0.000 40.000 0.500 0.000
4 2 8 40.000 0.500 0.000 40.000 0.500 0.000
4 2 9 40.000 0.500 0.000 40.000 0.500 0.000
4 2 10 40.000 0.500 0.000 40.000 0.500 0.000
4 2 11 40.000 0.500 0.000 40.000 0.500 0.000
4 2 12 40.000 0.500 0.000 40.000 0.500 0.000
4 2 13 40.000 0.500 0.000 40.000 0.500 0.000
4 2 14 40.000 0.500 0.000 40.000 0.500 0.000
4 2 15 40.000 0.500 0.000 40.000 0.500 0.000
4 2 16 40.000 0.500 0.000 40.000 0.500 0.000
4 2 17 40.000 0.500 0.000 40.000 0.500 0.000
4 2 18 40.000 0.500 0.000 40.000 0.500 0.000
4 2 19 40.000 0.500 0.000 40.000 0.500 0.000
4 2 20 40.000 0.500 0.000 40.000 0.500 0.000
4 2 21 40.000 0.500 0.000 40.000 0.500 0.000
4 2 22 40.000 0.500 0.000 40.000 0.500 0.000
4 2 23 40.000 0.500 0.000 40.000 0.500 0.000
4 2 24 40.000 0.500 0.000 40.000 0.500 0.000
4 2 25 40.000 0.500 0.000 40.000 0.500 0.000
4 2 26 40.000 0.500 0.000 40.000 0.500 0.000
4 2 27 40.000 0.500 0.000 40.000 0.500 0.000
4 2 28 40.000 0.500 0.000 40.000 0.500 0.000
4 2 29 40.000 0.500 0.000 40.000 0.500 0.000
4 2 30 40.000 0.500 0.000 40.000 0.500 0.000
4 2 31 40.000 0.500 0.000 40.000 0.500 0.000
4 2 32 40.000 0.500 0.000 40.000 0.500 0.000
4 2 33 40.000 0.500 0.000 40.000 0.500 0.000
4 2 34 40.000 0.500 0.000 40.000 0.500 0.000
4 2 35 40.000 0.500 0.000 40.000 0.500 0.000
4 2 36 40.000 0.500 0.000 40.000 0.500 0.000
4 2 37 40.000 0.500 0.000 40.000 0.500 0.000
4 2 38 40.000 0.500 0.000 40.000 0.500 0.000
4 2 39 40.000 0.500 0.000 40.000 0.500 0.000
4 2 40 40.000 0.500 0.000 40.000 0.500 0.000
4 2 41 40.000 0.500 0.000 40.000 0.500 0.000
4 2 42 40.000 0.500 0.000 40.000 0.500 0.000
4 2 43 40.000 0.500 0.000 40.000 0.500 0.000
4 2 44 40.000 0.500 0.000 40.000 0.500 0.000
4 2 45 40.000 0.500 0.000 40.000 0.500 0.000
4 2 46 40.000 0.500 0.000 40.000 0.500 0.000
4 2 47 40.000 0.500 0.000 40.000 0.500 0.000
4 2 48 40.000 0.500 0.000 40.000 0.500 0.000
4 2 49 40.000 0.500 0.000 40.000 0.500 0.000
4 2 50 40.000 0.500 0.000 40.000 0.500 0.000
4 2 51 40.000 0.500 0.000 40.000 0.500 0.000
4 2 52 40.000 0.500 0.000 40.000 0.500 0.000
4 2 53 40.000 0.500 0.000 40.000 0.500 0.000
4 2 54 40.000 0.500 0.000 40.000 0.500 0.000
4 2 55 40.000 0.500 0.000 40.000 0.500 0.000
4 2 56 40.000 0.500 0.000 40.000 0.500 0.000
4 2 57 40.000 0.500 0.000 40.000 0.500 0.000
4 2 58 40.000 0.500 0.000 40.000 0.500 0.000
4 2 59 40.000 0.500 0.000 40.000 0.500 0.000
4 2 60 40.000 0.500 0.000 40.000 0.500 0.000
4 2 61 40.000 0.500 0.000 40.000 0.500 0.000
4 2 62 40.000 0.500 0.000 40.000 0.500 0.000
4 3 1 40.000 0.500 0.000 40.000 0.500 0.000
4 3 2 40.000 0.500 0.000 40.000 0.500 0.000
4 3 3 40.000 0.500 0.000 40.000 0.500 0.000
4 3 4 40.000 0.500 0.000 40.000 0.500 0.000
4 3 5 40.000 0.500 0.000 40.000 0.500 0.000
5 1 1 40.000 0.500 0.000 40.000 0.500 0.000
5 1 2 40.000 0.500 0.000 40.000 0.500 0.000
5 1 3 40.000 0.500 0.000 40.000 0.500 0.000
5 1 4 40.000 0.500 0.000 40.000 0.500 0.000
5 1 5 40.000 0.500 0.000 40.000 0.500 0.000
5 1 6 40.000 0.500 0.000 40.000 0.500 0.000
5 1 7 40.000 0.500 0.000 40.000 0.500 0.000
5 1 8 40.000 0.500 0.000 40.000 0.500 0.000
5 1 9 40.000 0.500 0.000 40.000 0.500 0.000
5 1 10 40.000 0.500 0.000 40.000 0.500 0.000
5 1 11 40.000 0.500 0.000 40.000 0.500 0.000
5 1 12 40.000 0.500 0.000 40.000 0.500 0.000
5 1 13 40.000 0.500 0.000 40.000 0.500 0.000
5 1 14 40.000 0.500 0.000 40.000 0.500 0.000
5 1 15 40.000 0.500 0.000 40.000 0.500 0.000
5 1 16 40.000 0.500 0.000 40.000 0.500 0.000
5 1 17 40.000 0.500 0.000 40.000 0.500 0.000
5 1 18 40.000 0.500 0.000 40.000 0.500 0.000
5 1 19 40.000 0.500 0.000 40.000 0.500 0.000
5 1 20 40.000 0.500 0.000 40.000 0.500 0.000
5 1 21 40.000 0.500 0.000 40.000 0.500 0.000
5 1 22 40.000 0.500 0.000 40.000 0.500 0.000
5 1 23 40.000 0.500 0.000 40.000 0.500 0.000
5 2 1 40.000 0.500 0.000 40.000 0.500 0.000
5 2 2 40.000 0.500 0.000 40.000 0.500 0.000
5 2 3 40.000 0.500 0.000 40.000 0.500 0.000
5 2 4 40.000 0.500 0.000 40.000 0.500 0.000
5 2 5 40.000 0.500 0.000 40.000 0.500 0.000
5 2 6 40.000 0.500 0.000 40.000 0.500 0.000
5 2 7 40.000 0.500 0.000 40.000 0.500 0.000
5 2 8 40.000 0.500 0.000 40.000 0.500 0.000
5 2 9 40.000 0.500 0.000 40.000 0.500 0.000
5 2 10 40.000 0.500 0.000 40.000 0.500 0.000
5 2 11 40.000 0.500 0.000 40.000 0.500 0.000
5 2 12 40.000 0.500 0.000 40.000 0.500 0.000
5 2 13 40.000 0.500 0.000 40.000 0.500 0.000
5 2 14 40.000 0.500 0.000 40.000 0.500 0.000
5 2 15 40.000 0.500 0.000 40.000 0.500 0.000
5 2 16 40.000 0.500 0.000 40.000 0.500 0.000
5 2 17 40.000 0.500 0.000 40.000 0.500 0.000
5 2 18 40.000 0.500 0.000 40.000 0.500 0.000
5 2 19 40.000 0.500 0.000 40.000 0.500 0.000
5 2 20 40.000 0.500 0.000 40.000 0.500 0.000
5 2 21 40.000 0.500 0.000 40.000 0.500 0.000
5 2 22 40.000 0.500 0.000 40.000 0.500 0.000
5 2 23 40.000 0.500 0.000 40.000 0.500 0.000
5 2 24 40.000 0.500 0.000 40.000 0.500 0.000
5 2 25 40.000 0.500 0.000 40.000 0.500 0.000
5 2 26 40.000 0.500 0.000 40.000 0.500 0.000
5 2 27 40.000 0.500 0.000 40.000 0.500 0.000
5 2 28 40.000 0.500 0.000 40.000 0.500 0.000
5 2 29 40.000 0.500 0.000 40.000 0.500 0.000
5 2 30 40.000 0.500 0.000 40.000 0.500 0.000
5 2 31 40.000 0.500 0.000 40.000 0.500 0.000
5 2 32 40.000 0.500 0.000 40.000 0.500 0.000
5 2 33 40.000 0.500 0.000 40.000 0.500 0.000
5 2 34 40.000 0.500 0.000 40.000 0.500 0.000
5 2 35 40.000 0.500 0.000 40.000 0.500 0.000
5 2 36 40.000 0.500 0.000 40.000 0.500 0.000
5 2 37 40.000 0.500 0.000 40.000 0.500 0.000
5 2 38 40.000 0.500 0.000 40.000 0.500 0.000
5 2 39 40.000 0.500 0.000 40.000 0.500 0.000
5 2 40 40.000 0.500 0.000 40.000 0.500 0.000
5 2 41 40.000 0.500 0.000 40.000 0.500 0.000
5 2 42 40.000 0.500 0.000 40.000 0.500 0.000
5 2 43 40.000 0.500 0.000 40.000 0.500 0.000
5 2 44 40.000 0.500 0.000 40.000 0.500 0.000
5 2 45 40.000 0.500 0.000 40.000 0.500 0.000
5 2 46 40.000 0.500 0.000 40.000 0.500 0.000
5 2 47 40.000 0.500 0.000 40.000 0.500 0.000
5 2 48 40.000 0.500 0.000 40.000 0.500 0.000
5 2 49 40.000 0.500 0.000 40.000 0.500 0.000
5 2 50 40.000 0.500 0.000 40.000 0.500 0.000
5 2 51 40.000 0.500 0.000 40.000 0.500 0.000
5 2 52 40.000 0.500 0.000 40.000 0.500 0.000
5 2 53 40.000 0.500 0.000 40.000 0.500 0.000
5 2 54 40.000 0.500 0.000 40.000 0.500 0.000
5 2 55 40.000 0.500 0.000 40.000 0.500 0.000
5 2 56 40.000 0.500 0.000 40.000 0.500 0.000
5 2 57 40.000 0.500 0.000 40.000 0.500 0.000
5 2 58 40.000 0.500 0.000 40.000 0.500 0.000
5 2 59 40.000 0.500 0.000 40.000 0.500 0.000
5 2 60 40.000 0.500 0.000 40.000 0.500 0.000
5 2 61 40.000 0.500 0.000 40.000 0.500 0.000
5 2 62 40.000 0.500 0.000 40.000 0.500 0.000
5 3 1 40.000 0.500 0.000 40.000 0.500 0.000
5 3 2 40.000 0.500 0.000 40.000 0.500 0.000
5 3 3 40.000 0.500 0.000 40.000 0.500 0.000
5 3 4 40.000 0.500 0.000 40.000 0.500 0.000
5 3 5 40.000 0.500 0.000 40.000 0.500 0.000
6 1 1 40.000 0.500 0.000 40.000 0.500 0.000
6 1 2 40.000 0.500 0.000 40.000 0.500 0.000
6 1 3 40.000 0.500 0.000 40.000 0.500 0.000
6 1 4 40.000 0.500 0.000 40.000 0.500 0.000
6 1 5 40.000 0.500 0.000 40.000 0.500 0.000
6 1 6 40.000 0.500 0.000 40.000 0.500 0.000
6 1 7 40.000 0.500 0.000 40.000 0.500 0.000
6 1 8 40.000 0.500 0.000 40.000 0.500 0.000
6 1 9 40.000 0.500 0.000 40.000 0.500 0.000
6 1 10 40.000 0.500 0.000 40.000 0.500 0.000
6 1 11 40.000 0.500 0.000 40.000 0.500 0.000
6 1 12 40.000 0.500 0.000 40.000 0.500 0.000
6 1 13 40.000 0.500 0.000 40.000 0.500 0.000
6 1 14 40.000 0.500 0.000 40.000 0.500 0.000
6 1 15 40.000 0.500 0.000 40.000 0.500 0.000
6 1 16 40.000 0.500 0.000 40.000 0.500 0.000
6 1 17 40.000 0.500 0.000 40.000 0.500 0.000
6 1 18 40.000 0.500 0.000 40.000 0.500 0.000
6 1 19 40.000 0.500 0.000 40.000 0.500 0.000
6 1 20 40.000 0.500 0.000 40.000 0.500 0.000
6 1 21 40.000 0.500 0.000 40.000 0.500 0.000
6 1 22 40.000 0.500 0.000 40.000 0.500 0.000
6 1 23 40.000 0.500 0.000 40.000 0.500 0.000
6 2 1 40.000 0.500 0.000 40.000 0.500 0.000
6 2 2 40.000 0.500 0.000 40.000 0.500 0.000
6 2 3 40.000 0.500 0.000 40.000 0.500 0.000
6 2 4 40.000 0.500 0.000 40.000 0.500 0.000
6 2 5 40.000 0.500 0.000 40.000 0.500 0.000
6 2 6 40.000 0.500 0.000 40.000 0.500 0.000
6 2 7 40.000 0.500 0.000 40.000 0.500 0.000
6 2 8 40.000 0.500 0.000 40.000 0.500 0.000
6 2 9 40.000 0.500 0.000 40.000 0.500 0.000
6 2 10 40.000 0.500 0.000 40.000 0.500 0.000
6 2 11 40.000 0.500 0.000 40.000 0.500 0.000
6 2 12 40.000 0.500 0.000 40.000 0.500 0.000
6 2 13 40.000 0.500 0.000 40.000 0.500 0.000
6 2 14 40.000 0.500 0.000 40.000 0.500 0.000
6 2 15 40.000 0.500 0.000 40.000 0.500 0.000
6 2 16 40.000 0.500 0.000 40.000 0.500 0.000
6 2 17 40.000 0.500 0.000 40.000 0.500 0.000
6 2 18 40.000 0.500 0.000 40.000 0.500 0.000
6 2 19 40.000 0.500 0.000 40.000 0.500 0.000
6 2 20 40.000 0.500 0.000 40.000 0.500 0.000
6 2 21 40.000 0.500 0.000 40.000 0.500 0.000
6 2 22 40.000 0.500 0.000 40.000 0.500 0.000
6 2 23 40.000 0.500 0.000 40.000 0.500 0.000
6 2 24 40.000 0.500 0.000 40.000 0.500 0.000
6 2 25 40.000 0.500 0.000 40.000 0.500 0.000
6 2 26 40.000 0.500 0.000 40.000 0.500 0.000
6 2 27 40.000 0.500 0.000 40.000 0.500 0.000
6 2 28 40.000 0.500 0.000 40.000 0.500 0.000
6 2 29 40.000 0.500 0.000 40.000 0.500 0.000
6 2 30 40.000 0.500 0.000 40.000 0.500 0.000
6 2 31 40.000 0.500 0.000 40.000 0.500 0.000
6 2 32 40.000 0.500 0.000 40.000 0.500 0.000
6 2 33 40.000 0.500 0.000 40.000 0.500 0.000
6 2 34 40.000 0.500 0.000 40.000 0.500 0.000
6 2 35 40.000 0.500 0.000 40.000 0.500 0.000
6 2 36 40.000 0.500 0.000 40.000 0.500 0.000
6 2 37 40.000 0.500 0.000 40.000 0.500 0.000
6 2 38 40.000 0.500 0.000 40.000 0.500 0.000
6 2 39 40.000 0.500 0.000 40.000 0.500 0.000
6 2 40 40.000 0.500 0.000 40.000 0.500 0.000
6 2 41 40.000 0.500 0.000 40.000 0.500 0.000
6 2 42 40.000 0.500 0.000 40.000 0.500 0.000
6 2 43 40.000 0.500 0.000 40.000 0.500 0.000
6 2 44 40.000 0.500 0.000 40.000 0.500 0.000
6 2 45 40.000 0.500 0.000 40.000 0.500 0.000
6 2 46 40.000 0.500 0.000 40.000 0.500 0.000
6 2 47 40.000 0.500 0.000 40.000 0.500 0.000
6 2 48 40.000 0.500 0.000 40.000 0.500 0.000
6 2 49 40.000 0.500 0.000 40.000 0.500 0.000
6 2 50 40.000 0.500 0.000 40.000 0.500 0.000
6 2 51 40.000 0.500 0.000 40.000 0.500 0.000
6 2 52 40.000 0.500 0.000 40.000 0.500 0.000
6 2 53 40.000 0.500 0.000 40.000 0.500 0.000
6 2 54 40.000 0.500 0.000 40.000 0.500 0.000
6 2 55 40.000 0.500 0.000 40.000 0.500 0.000
6 2 56 40.000 0.500 0.000 40.000 0.500 0.000
6 2 57 40.000 0.500 0.000 40.000 0.500 0.000
6 2 58 40.000 0.500 0.000 40.000 0.500 0.000
6 2 59 40.000 0.500 0.000 40.000 0.500 0.000
6 2 60 40.000 0.500 0.000 40.000 0.500 0.000
6 2 61 40.000 0.500 0.000 40.000 0.500 0.000
6 2 62 40.000 0.500 0.000 40.000 0.500 0.000
6 3 1 40.000 0.500 0.000 40.000 0.500 0.000
6 3 2 40.000 0.500 0.000 40.000 0.500 0.000
6 3 3 40.000 0.500 0.000 40.000 0.500 0.000
6 3 4 40.000 0.500 0.000 40.000 0.500 0.000
6 3 5 40.000 0.500 0.000 40.000 0.500 0.000
