  1   1   1   1.600000e+01    1.600000e+01    3.620387e+02    3.620387e+02  
  1   1   2   1.600000e+01    1.600000e+01    3.620387e+02    3.620387e+02  
  1   1   3   1.600000e+01    1.600000e+01    3.620387e+02    3.620387e+02  
  1   1   4   1.600000e+01    1.600000e+01    3.620387e+02    3.620387e+02  
  1   1   5   1.600000e+01    1.600000e+01    3.620387e+02    3.620387e+02  
  1   1   6   5.541713e+00    5.541713e+00    3.636219e+01    3.636219e+01  
  1   1   7   5.280629e+00    5.280629e+00    3.071475e+01    3.071475e+01  
  1   1   8   1.511628e+01    1.511628e+01    2.469580e+01    2.469580e+01  
  1   1   9   1.974621e+01    1.974621e+01    2.064490e+01    2.064490e+01  
  1   1  10   1.694503e+01    1.694503e+01    6.621933e+00    6.621933e+00  
  1   1  11   1.708987e+01    1.708987e+01    7.280739e+00    7.280739e+00  
  1   1  12   1.591073e+01    1.591073e+01    4.772193e+00    4.772193e+00  
  1   1  13   1.350842e+01    1.350842e+01    1.995877e+00    1.995877e+00  
  1   1  14   1.655335e+01    1.655335e+01    2.721003e+00    2.721003e+00  
  1   1  15   1.636249e+01    1.636249e+01    2.636409e+00    2.636409e+00  
  1   1  16   1.748716e+01    1.748716e+01    3.301867e+00    3.301867e+00  
  1   1  17   1.721939e+01    1.721939e+01    2.443789e+00    2.443789e+00  
  1   1  18   1.521468e+01    1.521468e+01    2.126759e+00    2.126759e+00  
  1   1  19   1.578840e+01    1.578840e+01    1.850345e+00    1.850345e+00  
  1   1  20   1.606385e+01    1.606385e+01    1.797435e+00    1.797435e+00  
  1   1  21   1.717092e+01    1.717092e+01    2.769789e+00    2.769789e+00  
  1   1  22   1.592986e+01    1.592986e+01    1.933436e+00    1.933436e+00  
  1   1  23   1.694516e+01    1.694516e+01    1.432179e+00    1.432179e+00  
  1   2   1   1.920644e+00    1.920644e+00    1.858109e+01    1.858109e+01  
  1   2   2   1.350857e+01    1.350857e+01    5.184989e+01    5.184989e+01  
  1   2   3   5.671378e-01    5.671378e-01    4.731968e+00    4.731968e+00  
  1   2   4   1.600000e+01    1.600000e+01    3.620387e+02    3.620387e+02  
  1   2   5   1.600000e+01    1.600000e+01    3.620387e+02    3.620387e+02  
  1   2   6   1.600000e+01    1.600000e+01    3.620387e+02    3.620387e+02  
  1   2   7   1.600000e+01    1.600000e+01    3.620387e+02    3.620387e+02  
  1   2   8   1.600000e+01    1.600000e+01    3.620387e+02    3.620387e+02  
  1   2   9   1.600000e+01    1.600000e+01    3.620387e+02    3.620387e+02  
  1   2  10   1.600000e+01    1.600000e+01    3.620387e+02    3.620387e+02  
  1   2  11   1.600000e+01    1.600000e+01    3.620387e+02    3.620387e+02  
  1   2  12   4.565325e+00    4.565325e+00    3.333606e+01    3.333606e+01  
  1   2  13   1.600000e+01    1.600000e+01    3.620387e+02    3.620387e+02  
  1   2  14   1.488000e+01    1.488000e+01    1.169083e+02    1.169083e+02  
  1   2  15   7.055879e+00    7.055879e+00    5.018341e+01    5.018341e+01  
  1   2  16   1.728339e+01    1.728339e+01    3.498196e+01    3.498196e+01  
  1   2  17   1.671976e+01    1.671976e+01    3.701382e+01    3.701382e+01  
  1   2  18   1.648013e+01    1.648013e+01    1.971856e+01    1.971856e+01  
  1   2  19   1.730952e+01    1.730952e+01    1.137735e+01    1.137735e+01  
  1   2  20   4.435011e+01    4.435011e+01    1.312104e+02    1.312104e+02  
  1   2  21   1.589522e+01    1.589522e+01    1.334786e+01    1.334786e+01  
  1   2  22   1.601984e+01    1.601984e+01    1.069494e+01    1.069494e+01  
  1   2  23   1.584928e+01    1.584928e+01    7.532234e+00    7.532234e+00  
  1   2  24   1.638510e+01    1.638510e+01    7.204842e+00    7.204842e+00  
  1   2  25   1.668698e+01    1.668698e+01    5.877358e+00    5.877358e+00  
  1   2  26   1.614839e+01    1.614839e+01    6.276221e+00    6.276221e+00  
  1   2  27   1.643280e+01    1.643280e+01    7.380569e+00    7.380569e+00  
  1   2  28   1.616744e+01    1.616744e+01    4.760974e+00    4.760974e+00  
  1   2  29   1.576731e+01    1.576731e+01    3.678530e+00    3.678530e+00  
  1   2  30   1.609764e+01    1.609764e+01    4.161910e+00    4.161910e+00  
  1   2  31   1.637449e+01    1.637449e+01    3.519213e+00    3.519213e+00  
  1   2  32   1.596319e+01    1.596319e+01    3.040499e+00    3.040499e+00  
  1   2  33   1.638045e+01    1.638045e+01    2.848038e+00    2.848038e+00  
  1   2  34   1.603584e+01    1.603584e+01    2.353929e+00    2.353929e+00  
  1   2  35   1.608443e+01    1.608443e+01    2.364947e+00    2.364947e+00  
  1   2  36   1.627938e+01    1.627938e+01    2.147294e+00    2.147294e+00  
  1   2  37   1.614104e+01    1.614104e+01    2.751551e+00    2.751551e+00  
  1   2  38   1.618274e+01    1.618274e+01    1.747529e+00    1.747529e+00  
  1   2  39   1.607898e+01    1.607898e+01    2.010087e+00    2.010087e+00  
  1   2  40   1.576510e+01    1.576510e+01    1.928028e+00    1.928028e+00  
  1   2  41   1.594799e+01    1.594799e+01    1.888110e+00    1.888110e+00  
  1   2  42   1.603301e+01    1.603301e+01    1.991145e+00    1.991145e+00  
  1   2  43   1.596664e+01    1.596664e+01    1.552291e+00    1.552291e+00  
  1   2  44   1.598657e+01    1.598657e+01    2.156531e+00    2.156531e+00  
  1   2  45   1.593405e+01    1.593405e+01    1.705152e+00    1.705152e+00  
  1   2  46   1.608115e+01    1.608115e+01    1.622359e+00    1.622359e+00  
  1   2  47   1.624744e+01    1.624744e+01    1.402041e+00    1.402041e+00  
  1   2  48   1.615636e+01    1.615636e+01    1.570862e+00    1.570862e+00  
  1   2  49   1.624743e+01    1.624743e+01    1.577394e+00    1.577394e+00  
  1   2  50   1.602864e+01    1.602864e+01    1.275031e+00    1.275031e+00  
  1   2  51   1.582978e+01    1.582978e+01    1.505499e+00    1.505499e+00  
  1   2  52   1.592036e+01    1.592036e+01    1.615638e+00    1.615638e+00  
  1   2  53   1.599249e+01    1.599249e+01    1.138004e+00    1.138004e+00  
  1   2  54   1.596244e+01    1.596244e+01    1.533164e+00    1.533164e+00  
  1   2  55   1.604624e+01    1.604624e+01    1.216777e+00    1.216777e+00  
  1   2  56   1.600947e+01    1.600947e+01    1.529204e+00    1.529204e+00  
  1   2  57   1.614031e+01    1.614031e+01    1.801351e+00    1.801351e+00  
  1   2  58   1.568264e+01    1.568264e+01    1.351145e+00    1.351145e+00  
  1   2  59   1.617376e+01    1.617376e+01    1.213769e+00    1.213769e+00  
  1   2  60   1.633510e+01    1.633510e+01    1.207706e+00    1.207706e+00  
  1   2  61   1.608083e+01    1.608083e+01    1.307044e+00    1.307044e+00  
  1   2  62   1.613362e+01    1.613362e+01    1.082257e+00    1.082257e+00  
  1   3   1   1.637583e+01    1.637583e+01    9.427837e-01    9.427837e-01  
  1   3   2   1.592933e+01    1.592933e+01    9.438727e-01    9.438727e-01  
  1   3   3   1.616494e+01    1.616494e+01    7.788373e-01    7.788373e-01  
  1   3   4   1.624008e+01    1.624008e+01    9.255117e-01    9.255117e-01  
  1   3   5   1.592311e+01    1.592311e+01    1.184885e+00    1.184885e+00  
  2   1   1   1.600000e+01    1.600000e+01    3.620387e+02    3.620387e+02  
  2   1   2   1.600000e+01    1.600000e+01    3.620387e+02    3.620387e+02  
  2   1   3   1.600000e+01    1.600000e+01    3.620387e+02    3.620387e+02  
  2   1   4   1.600000e+01    1.600000e+01    3.620387e+02    3.620387e+02  
  2   1   5   1.600000e+01    1.600000e+01    3.620387e+02    3.620387e+02  
  2   1   6   6.021982e+00    6.021982e+00    3.740413e+01    3.740413e+01  
  2   1   7   1.673166e+01    1.673166e+01    5.102877e+01    5.102877e+01  
  2   1   8   1.603965e+01    1.603965e+01    4.315809e+01    4.315809e+01  
  2   1   9   2.107015e+01    2.107015e+01    1.637547e+01    1.637547e+01  
  2   1  10   1.373263e+01    1.373263e+01    5.697560e+00    5.697560e+00  
  2   1  11   1.606954e+01    1.606954e+01    6.007768e+00    6.007768e+00  
  2   1  12   1.631604e+01    1.631604e+01    5.481344e+00    5.481344e+00  
  2   1  13   1.581873e+01    1.581873e+01    3.025622e+00    3.025622e+00  
  2   1  14   1.592439e+01    1.592439e+01    2.743402e+00    2.743402e+00  
  2   1  15   1.647353e+01    1.647353e+01    2.884724e+00    2.884724e+00  
  2   1  16   1.597829e+01    1.597829e+01    2.490778e+00    2.490778e+00  
  2   1  17   1.571759e+01    1.571759e+01    2.251215e+00    2.251215e+00  
  2   1  18   1.562873e+01    1.562873e+01    1.694736e+00    1.694736e+00  
  2   1  19   1.597630e+01    1.597630e+01    1.886901e+00    1.886901e+00  
  2   1  20   1.566808e+01    1.566808e+01    1.618516e+00    1.618516e+00  
  2   1  21   1.610845e+01    1.610845e+01    1.604281e+00    1.604281e+00  
  2   1  22   1.675250e+01    1.675250e+01    1.981121e+00    1.981121e+00  
  2   1  23   1.643928e+01    1.643928e+01    1.520181e+00    1.520181e+00  
  2   2   1   9.694288e-01    9.694288e-01    7.634720e+00    7.634720e+00  
  2   2   2   2.364000e+01    2.364000e+01    2.041589e+02    2.041589e+02  
  2   2   3   1.600000e+01    1.600000e+01    3.620387e+02    3.620387e+02  
  2   2   4   1.600000e+01    1.600000e+01    3.620387e+02    3.620387e+02  
  2   2   5   1.600000e+01    1.600000e+01    3.620387e+02    3.620387e+02  
  2   2   6   3.149886e+00    3.149886e+00    2.216779e+01    2.216779e+01  
  2   2   7   1.600000e+01    1.600000e+01    3.620387e+02    3.620387e+02  
  2   2   8   1.600000e+01    1.600000e+01    3.620387e+02    3.620387e+02  
  2   2   9   1.600000e+01    1.600000e+01    3.620387e+02    3.620387e+02  
  2   2  10   1.600000e+01    1.600000e+01    3.620387e+02    3.620387e+02  
  2   2  11   1.600000e+01    1.600000e+01    3.620387e+02    3.620387e+02  
  2   2  12   4.941996e+00    4.941996e+00    3.232791e+01    3.232791e+01  
  2   2  13   6.934869e+00    6.934869e+00    4.743647e+01    4.743647e+01  
  2   2  14   4.415602e+00    4.415602e+00    3.250484e+01    3.250484e+01  
  2   2  15   1.600000e+01    1.600000e+01    3.620387e+02    3.620387e+02  
  2   2  16   1.611199e+01    1.611199e+01    5.485114e+01    5.485114e+01  
  2   2  17   1.738019e+01    1.738019e+01    9.026254e+01    9.026254e+01  
  2   2  18   1.779357e+01    1.779357e+01    2.552400e+01    2.552400e+01  
  2   2  19   1.613166e+01    1.613166e+01    1.310405e+01    1.310405e+01  
  2   2  20   1.662863e+01    1.662863e+01    2.316768e+01    2.316768e+01  
  2   2  21   1.630416e+01    1.630416e+01    8.922536e+00    8.922536e+00  
  2   2  22   1.586337e+01    1.586337e+01    9.453862e+00    9.453862e+00  
  2   2  23   1.587654e+01    1.587654e+01    7.684232e+00    7.684232e+00  
  2   2  24   1.801661e+01    1.801661e+01    9.631791e+00    9.631791e+00  
  2   2  25   1.479797e+01    1.479797e+01    6.025904e+00    6.025904e+00  
  2   2  26   1.635392e+01    1.635392e+01    4.213349e+00    4.213349e+00  
  2   2  27   1.604145e+01    1.604145e+01    4.387181e+00    4.387181e+00  
  2   2  28   1.702234e+01    1.702234e+01    4.293223e+00    4.293223e+00  
  2   2  29   1.614704e+01    1.614704e+01    3.725548e+00    3.725548e+00  
  2   2  30   1.571611e+01    1.571611e+01    3.574075e+00    3.574075e+00  
  2   2  31   1.719847e+01    1.719847e+01    3.163668e+00    3.163668e+00  
  2   2  32   1.635616e+01    1.635616e+01    2.700450e+00    2.700450e+00  
  2   2  33   1.603857e+01    1.603857e+01    2.694721e+00    2.694721e+00  
  2   2  34   1.612437e+01    1.612437e+01    1.979221e+00    1.979221e+00  
  2   2  35   1.641377e+01    1.641377e+01    3.096525e+00    3.096525e+00  
  2   2  36   1.599075e+01    1.599075e+01    1.918656e+00    1.918656e+00  
  2   2  37   1.615419e+01    1.615419e+01    2.044058e+00    2.044058e+00  
  2   2  38   1.585694e+01    1.585694e+01    2.084617e+00    2.084617e+00  
  2   2  39   1.630696e+01    1.630696e+01    1.767699e+00    1.767699e+00  
  2   2  40   1.601602e+01    1.601602e+01    1.562436e+00    1.562436e+00  
  2   2  41   1.587774e+01    1.587774e+01    2.205926e+00    2.205926e+00  
  2   2  42   1.573830e+01    1.573830e+01    2.144831e+00    2.144831e+00  
  2   2  43   1.610421e+01    1.610421e+01    1.760255e+00    1.760255e+00  
  2   2  44   1.553862e+01    1.553862e+01    1.856984e+00    1.856984e+00  
  2   2  45   1.574933e+01    1.574933e+01    1.384943e+00    1.384943e+00  
  2   2  46   1.622370e+01    1.622370e+01    1.765329e+00    1.765329e+00  
  2   2  47   1.625034e+01    1.625034e+01    1.333590e+00    1.333590e+00  
  2   2  48   1.603186e+01    1.603186e+01    1.360343e+00    1.360343e+00  
  2   2  49   1.617359e+01    1.617359e+01    1.371693e+00    1.371693e+00  
  2   2  50   1.594342e+01    1.594342e+01    1.895610e+00    1.895610e+00  
  2   2  51   1.595525e+01    1.595525e+01    1.626383e+00    1.626383e+00  
  2   2  52   1.591759e+01    1.591759e+01    1.214376e+00    1.214376e+00  
  2   2  53   1.602039e+01    1.602039e+01    1.347766e+00    1.347766e+00  
  2   2  54   1.609532e+01    1.609532e+01    1.215409e+00    1.215409e+00  
  2   2  55   1.590777e+01    1.590777e+01    1.147303e+00    1.147303e+00  
  2   2  56   1.617813e+01    1.617813e+01    1.130257e+00    1.130257e+00  
  2   2  57   1.594727e+01    1.594727e+01    1.306013e+00    1.306013e+00  
  2   2  58   1.664076e+01    1.664076e+01    1.084544e+00    1.084544e+00  
  2   2  59   1.648369e+01    1.648369e+01    1.439905e+00    1.439905e+00  
  2   2  60   1.584778e+01    1.584778e+01    1.404051e+00    1.404051e+00  
  2   2  61   1.595347e+01    1.595347e+01    1.312839e+00    1.312839e+00  
  2   2  62   1.608182e+01    1.608182e+01    9.898910e-01    9.898910e-01  
  2   3   1   1.630237e+01    1.630237e+01    1.052276e+00    1.052276e+00  
  2   3   2   1.599902e+01    1.599902e+01    9.870673e-01    9.870673e-01  
  2   3   3   1.589552e+01    1.589552e+01    6.326968e-01    6.326968e-01  
  2   3   4   1.604643e+01    1.604643e+01    1.132203e+00    1.132203e+00  
  2   3   5   1.554855e+01    1.554855e+01    9.567578e-01    9.567578e-01  
  3   1   1   1.600000e+01    1.600000e+01    3.620387e+02    3.620387e+02  
  3   1   2   1.600000e+01    1.600000e+01    3.620387e+02    3.620387e+02  
  3   1   3   1.600000e+01    1.600000e+01    3.620387e+02    3.620387e+02  
  3   1   4   1.600000e+01    1.600000e+01    3.620387e+02    3.620387e+02  
  3   1   5   1.600000e+01    1.600000e+01    3.620387e+02    3.620387e+02  
  3   1   6   5.003518e+00    5.003518e+00    2.985410e+01    2.985410e+01  
  3   1   7   -3.963006e+01    -3.963006e+01    5.204936e+02    5.204936e+02  
  3   1   8   2.059188e+01    2.059188e+01    4.050386e+01    4.050386e+01  
  3   1   9   1.234405e+01    1.234405e+01    9.734739e+00    9.734739e+00  
  3   1  10   1.626584e+01    1.626584e+01    5.563695e+00    5.563695e+00  
  3   1  11   1.703798e+01    1.703798e+01    5.757096e+00    5.757096e+00  
  3   1  12   1.538638e+01    1.538638e+01    3.658810e+00    3.658810e+00  
  3   1  13   1.544932e+01    1.544932e+01    3.527575e+00    3.527575e+00  
  3   1  14   1.615205e+01    1.615205e+01    3.421785e+00    3.421785e+00  
  3   1  15   1.640380e+01    1.640380e+01    3.289032e+00    3.289032e+00  
  3   1  16   1.618022e+01    1.618022e+01    2.624386e+00    2.624386e+00  
  3   1  17   1.680803e+01    1.680803e+01    2.372713e+00    2.372713e+00  
  3   1  18   1.591901e+01    1.591901e+01    2.629015e+00    2.629015e+00  
  3   1  19   1.626180e+01    1.626180e+01    1.638237e+00    1.638237e+00  
  3   1  20   1.515771e+01    1.515771e+01    1.555747e+00    1.555747e+00  
  3   1  21   1.612406e+01    1.612406e+01    1.298018e+00    1.298018e+00  
  3   1  22   1.585800e+01    1.585800e+01    1.418922e+00    1.418922e+00  
  3   1  23   1.632799e+01    1.632799e+01    1.879028e+00    1.879028e+00  
  3   2   1   7.719043e-01    7.719043e-01    6.381365e+00    6.381365e+00  
  3   2   2   1.600000e+01    1.600000e+01    3.620387e+02    3.620387e+02  
  3   2   3   1.600000e+01    1.600000e+01    3.620387e+02    3.620387e+02  
  3   2   4   1.600000e+01    1.600000e+01    3.620387e+02    3.620387e+02  
  3   2   5   1.600000e+01    1.600000e+01    3.620387e+02    3.620387e+02  
  3   2   6   1.600000e+01    1.600000e+01    3.620387e+02    3.620387e+02  
  3   2   7   1.600000e+01    1.600000e+01    3.620387e+02    3.620387e+02  
  3   2   8   1.600000e+01    1.600000e+01    3.620387e+02    3.620387e+02  
  3   2   9   1.600000e+01    1.600000e+01    3.620387e+02    3.620387e+02  
  3   2  10   1.600000e+01    1.600000e+01    3.620387e+02    3.620387e+02  
  3   2  11   1.600000e+01    1.600000e+01    3.620387e+02    3.620387e+02  
  3   2  12   4.355633e+00    4.355633e+00    5.271016e+01    5.271016e+01  
  3   2  13   1.600000e+01    1.600000e+01    3.620387e+02    3.620387e+02  
  3   2  14   8.249114e+00    8.249114e+00    5.833835e+01    5.833835e+01  
  3   2  15   1.602600e+01    1.602600e+01    6.529489e+01    6.529489e+01  
  3   2  16   1.261703e+01    1.261703e+01    1.653659e+01    1.653659e+01  
  3   2  17   1.619993e+01    1.619993e+01    3.013956e+01    3.013956e+01  
  3   2  18   1.732908e+01    1.732908e+01    4.257381e+01    4.257381e+01  
  3   2  19   1.692766e+01    1.692766e+01    2.460449e+01    2.460449e+01  
  3   2  20   1.673318e+01    1.673318e+01    1.567797e+01    1.567797e+01  
  3   2  21   1.848960e+01    1.848960e+01    1.330630e+01    1.330630e+01  
  3   2  22   1.654710e+01    1.654710e+01    1.166545e+01    1.166545e+01  
  3   2  23   1.597075e+01    1.597075e+01    6.643926e+00    6.643926e+00  
  3   2  24   1.578420e+01    1.578420e+01    5.206604e+00    5.206604e+00  
  3   2  25   1.445426e+01    1.445426e+01    6.640676e+00    6.640676e+00  
  3   2  26   1.667944e+01    1.667944e+01    5.042493e+00    5.042493e+00  
  3   2  27   1.560682e+01    1.560682e+01    5.359282e+00    5.359282e+00  
  3   2  28   1.614116e+01    1.614116e+01    3.980786e+00    3.980786e+00  
  3   2  29   1.641774e+01    1.641774e+01    4.122509e+00    4.122509e+00  
  3   2  30   1.637178e+01    1.637178e+01    3.528930e+00    3.528930e+00  
  3   2  31   1.587385e+01    1.587385e+01    3.429100e+00    3.429100e+00  
  3   2  32   1.615273e+01    1.615273e+01    2.750980e+00    2.750980e+00  
  3   2  33   1.626678e+01    1.626678e+01    3.088981e+00    3.088981e+00  
  3   2  34   1.599078e+01    1.599078e+01    2.207379e+00    2.207379e+00  
  3   2  35   1.622404e+01    1.622404e+01    2.867271e+00    2.867271e+00  
  3   2  36   1.634232e+01    1.634232e+01    2.589569e+00    2.589569e+00  
  3   2  37   1.691559e+01    1.691559e+01    2.750627e+00    2.750627e+00  
  3   2  38   1.606482e+01    1.606482e+01    1.702683e+00    1.702683e+00  
  3   2  39   1.581441e+01    1.581441e+01    1.889353e+00    1.889353e+00  
  3   2  40   1.703308e+01    1.703308e+01    2.486773e+00    2.486773e+00  
  3   2  41   1.630548e+01    1.630548e+01    1.500234e+00    1.500234e+00  
  3   2  42   1.645476e+01    1.645476e+01    2.042070e+00    2.042070e+00  
  3   2  43   1.608891e+01    1.608891e+01    1.593972e+00    1.593972e+00  
  3   2  44   1.631360e+01    1.631360e+01    1.744182e+00    1.744182e+00  
  3   2  45   1.593947e+01    1.593947e+01    1.729189e+00    1.729189e+00  
  3   2  46   1.613368e+01    1.613368e+01    1.804392e+00    1.804392e+00  
  3   2  47   1.614839e+01    1.614839e+01    1.750808e+00    1.750808e+00  
  3   2  48   1.619184e+01    1.619184e+01    1.210042e+00    1.210042e+00  
  3   2  49   1.681850e+01    1.681850e+01    1.832613e+00    1.832613e+00  
  3   2  50   1.597951e+01    1.597951e+01    1.328499e+00    1.328499e+00  
  3   2  51   1.634164e+01    1.634164e+01    1.678994e+00    1.678994e+00  
  3   2  52   1.617513e+01    1.617513e+01    1.104083e+00    1.104083e+00  
  3   2  53   1.604664e+01    1.604664e+01    1.336610e+00    1.336610e+00  
  3   2  54   1.635843e+01    1.635843e+01    1.588582e+00    1.588582e+00  
  3   2  55   1.604237e+01    1.604237e+01    9.069699e-01    9.069699e-01  
  3   2  56   1.599352e+01    1.599352e+01    1.439634e+00    1.439634e+00  
  3   2  57   1.616307e+01    1.616307e+01    1.183908e+00    1.183908e+00  
  3   2  58   1.582160e+01    1.582160e+01    1.224637e+00    1.224637e+00  
  3   2  59   1.599633e+01    1.599633e+01    1.060965e+00    1.060965e+00  
  3   2  60   1.581188e+01    1.581188e+01    1.066431e+00    1.066431e+00  
  3   2  61   1.634021e+01    1.634021e+01    1.163967e+00    1.163967e+00  
  3   2  62   1.615153e+01    1.615153e+01    7.832818e-01    7.832818e-01  
  3   3   1   1.633944e+01    1.633944e+01    9.918378e-01    9.918378e-01  
  3   3   2   1.617049e+01    1.617049e+01    9.490237e-01    9.490237e-01  
  3   3   3   1.611886e+01    1.611886e+01    6.232708e-01    6.232708e-01  
  3   3   4   1.666929e+01    1.666929e+01    9.269946e-01    9.269946e-01  
  3   3   5   1.702437e+01    1.702437e+01    1.000660e+00    1.000660e+00  
  4   1   1   1.600000e+01    1.600000e+01    3.620387e+02    3.620387e+02  
  4   1   2   1.600000e+01    1.600000e+01    3.620387e+02    3.620387e+02  
  4   1   3   1.600000e+01    1.600000e+01    3.620387e+02    3.620387e+02  
  4   1   4   1.600000e+01    1.600000e+01    3.620387e+02    3.620387e+02  
  4   1   5   1.600000e+01    1.600000e+01    3.620387e+02    3.620387e+02  
  4   1   6   1.600000e+01    1.600000e+01    3.620387e+02    3.620387e+02  
  4   1   7   6.439541e+00    6.439541e+00    3.623290e+01    3.623290e+01  
  4   1   8   1.661293e+01    1.661293e+01    3.893191e+01    3.893191e+01  
  4   1   9   1.283005e+01    1.283005e+01    7.993373e+00    7.993373e+00  
  4   1  10   1.523636e+01    1.523636e+01    5.553946e+00    5.553946e+00  
  4   1  11   1.530076e+01    1.530076e+01    6.424279e+00    6.424279e+00  
  4   1  12   1.506921e+01    1.506921e+01    3.533769e+00    3.533769e+00  
  4   1  13   1.818998e+01    1.818998e+01    4.077226e+00    4.077226e+00  
  4   1  14   1.812746e+01    1.812746e+01    3.386573e+00    3.386573e+00  
  4   1  15   1.595081e+01    1.595081e+01    2.403485e+00    2.403485e+00  
  4   1  16   1.667808e+01    1.667808e+01    2.722542e+00    2.722542e+00  
  4   1  17   1.846542e+01    1.846542e+01    2.923881e+00    2.923881e+00  
  4   1  18   1.658994e+01    1.658994e+01    2.607254e+00    2.607254e+00  
  4   1  19   1.610911e+01    1.610911e+01    1.736929e+00    1.736929e+00  
  4   1  20   1.589399e+01    1.589399e+01    1.575523e+00    1.575523e+00  
  4   1  21   1.641309e+01    1.641309e+01    2.236726e+00    2.236726e+00  
  4   1  22   1.629662e+01    1.629662e+01    1.335492e+00    1.335492e+00  
  4   1  23   1.766508e+01    1.766508e+01    2.104199e+00    2.104199e+00  
  4   2   1   1.600000e+01    1.600000e+01    3.620387e+02    3.620387e+02  
  4   2   2   1.279759e+01    1.279759e+01    1.665745e+02    1.665745e+02  
  4   2   3   1.600000e+01    1.600000e+01    3.620387e+02    3.620387e+02  
  4   2   4   1.600000e+01    1.600000e+01    3.620387e+02    3.620387e+02  
  4   2   5   1.600000e+01    1.600000e+01    3.620387e+02    3.620387e+02  
  4   2   6   1.600000e+01    1.600000e+01    3.620387e+02    3.620387e+02  
  4   2   7   1.600000e+01    1.600000e+01    3.620387e+02    3.620387e+02  
  4   2   8   1.600000e+01    1.600000e+01    3.620387e+02    3.620387e+02  
  4   2   9   1.600000e+01    1.600000e+01    3.620387e+02    3.620387e+02  
  4   2  10   1.600000e+01    1.600000e+01    3.620387e+02    3.620387e+02  
  4   2  11   3.365352e+00    3.365352e+00    2.191446e+01    2.191446e+01  
  4   2  12   5.576943e+00    5.576943e+00    3.998672e+01    3.998672e+01  
  4   2  13   1.600000e+01    1.600000e+01    3.620387e+02    3.620387e+02  
  4   2  14   1.460945e+01    1.460945e+01    8.187157e+01    8.187157e+01  
  4   2  15   1.565627e+01    1.565627e+01    3.288542e+01    3.288542e+01  
  4   2  16   1.749700e+01    1.749700e+01    7.154523e+01    7.154523e+01  
  4   2  17   1.806918e+01    1.806918e+01    4.236240e+01    4.236240e+01  
  4   2  18   1.570767e+01    1.570767e+01    1.459240e+01    1.459240e+01  
  4   2  19   1.616450e+01    1.616450e+01    1.736488e+01    1.736488e+01  
  4   2  20   1.653840e+01    1.653840e+01    1.667536e+01    1.667536e+01  
  4   2  21   1.639171e+01    1.639171e+01    1.070767e+01    1.070767e+01  
  4   2  22   1.601408e+01    1.601408e+01    1.012845e+01    1.012845e+01  
  4   2  23   1.546209e+01    1.546209e+01    7.859981e+00    7.859981e+00  
  4   2  24   1.546828e+01    1.546828e+01    6.168960e+00    6.168960e+00  
  4   2  25   1.583752e+01    1.583752e+01    4.805901e+00    4.805901e+00  
  4   2  26   1.658377e+01    1.658377e+01    5.999593e+00    5.999593e+00  
  4   2  27   1.621738e+01    1.621738e+01    6.867280e+00    6.867280e+00  
  4   2  28   1.649561e+01    1.649561e+01    5.542005e+00    5.542005e+00  
  4   2  29   1.633471e+01    1.633471e+01    4.394624e+00    4.394624e+00  
  4   2  30   1.615526e+01    1.615526e+01    4.024644e+00    4.024644e+00  
  4   2  31   1.573000e+01    1.573000e+01    3.608403e+00    3.608403e+00  
  4   2  32   1.639275e+01    1.639275e+01    3.217201e+00    3.217201e+00  
  4   2  33   1.617859e+01    1.617859e+01    2.762294e+00    2.762294e+00  
  4   2  34   1.625970e+01    1.625970e+01    2.290083e+00    2.290083e+00  
  4   2  35   1.599712e+01    1.599712e+01    2.461821e+00    2.461821e+00  
  4   2  36   1.614851e+01    1.614851e+01    2.297627e+00    2.297627e+00  
  4   2  37   1.719763e+01    1.719763e+01    3.071941e+00    3.071941e+00  
  4   2  38   1.586094e+01    1.586094e+01    2.089143e+00    2.089143e+00  
  4   2  39   1.589747e+01    1.589747e+01    2.573148e+00    2.573148e+00  
  4   2  40   1.598015e+01    1.598015e+01    1.587324e+00    1.587324e+00  
  4   2  41   1.577461e+01    1.577461e+01    1.620626e+00    1.620626e+00  
  4   2  42   1.614906e+01    1.614906e+01    2.042535e+00    2.042535e+00  
  4   2  43   1.598582e+01    1.598582e+01    1.441207e+00    1.441207e+00  
  4   2  44   1.619948e+01    1.619948e+01    1.847026e+00    1.847026e+00  
  4   2  45   1.645715e+01    1.645715e+01    1.971957e+00    1.971957e+00  
  4   2  46   1.601202e+01    1.601202e+01    1.704160e+00    1.704160e+00  
  4   2  47   1.630841e+01    1.630841e+01    1.703774e+00    1.703774e+00  
  4   2  48   1.590560e+01    1.590560e+01    1.451755e+00    1.451755e+00  
  4   2  49   1.623805e+01    1.623805e+01    1.943669e+00    1.943669e+00  
  4   2  50   1.616608e+01    1.616608e+01    1.566263e+00    1.566263e+00  
  4   2  51   1.589623e+01    1.589623e+01    1.462065e+00    1.462065e+00  
  4   2  52   1.591008e+01    1.591008e+01    1.618317e+00    1.618317e+00  
  4   2  53   1.619435e+01    1.619435e+01    1.561359e+00    1.561359e+00  
  4   2  54   1.603218e+01    1.603218e+01    1.128040e+00    1.128040e+00  
  4   2  55   1.625985e+01    1.625985e+01    1.658912e+00    1.658912e+00  
  4   2  56   1.604035e+01    1.604035e+01    1.224146e+00    1.224146e+00  
  4   2  57   1.615691e+01    1.615691e+01    1.115185e+00    1.115185e+00  
  4   2  58   1.632231e+01    1.632231e+01    1.320190e+00    1.320190e+00  
  4   2  59   1.602649e+01    1.602649e+01    1.267613e+00    1.267613e+00  
  4   2  60   1.590261e+01    1.590261e+01    1.039784e+00    1.039784e+00  
  4   2  61   1.610639e+01    1.610639e+01    9.156126e-01    9.156126e-01  
  4   2  62   1.674270e+01    1.674270e+01    1.074686e+00    1.074686e+00  
  4   3   1   1.640399e+01    1.640399e+01    1.008926e+00    1.008926e+00  
  4   3   2   1.621447e+01    1.621447e+01    9.994131e-01    9.994131e-01  
  4   3   3   1.622038e+01    1.622038e+01    9.666041e-01    9.666041e-01  
  4   3   4   1.612411e+01    1.612411e+01    7.287504e-01    7.287504e-01  
  4   3   5   1.626100e+01    1.626100e+01    1.607790e+00    1.607790e+00  
  5   1   1   1.600000e+01    1.600000e+01    3.620387e+02    3.620387e+02  
  5   1   2   1.600000e+01    1.600000e+01    3.620387e+02    3.620387e+02  
  5   1   3   1.600000e+01    1.600000e+01    3.620387e+02    3.620387e+02  
  5   1   4   1.600000e+01    1.600000e+01    3.620387e+02    3.620387e+02  
  5   1   5   1.600000e+01    1.600000e+01    3.620387e+02    3.620387e+02  
  5   1   6   6.669412e+00    6.669412e+00    4.111963e+01    4.111963e+01  
  5   1   7   -8.559907e+00    -8.559907e+00    1.873759e+01    1.873759e+01  
  5   1   8   1.452985e+01    1.452985e+01    1.066203e+02    1.066203e+02  
  5   1   9   1.359444e+01    1.359444e+01    7.291706e+00    7.291706e+00  
  5   1  10   1.742693e+01    1.742693e+01    1.002155e+01    1.002155e+01  
  5   1  11   1.821652e+01    1.821652e+01    7.986186e+00    7.986186e+00  
  5   1  12   1.642588e+01    1.642588e+01    4.869528e+00    4.869528e+00  
  5   1  13   1.625428e+01    1.625428e+01    3.902538e+00    3.902538e+00  
  5   1  14   1.688368e+01    1.688368e+01    3.168735e+00    3.168735e+00  
  5   1  15   1.671643e+01    1.671643e+01    3.512593e+00    3.512593e+00  
  5   1  16   1.593970e+01    1.593970e+01    2.052373e+00    2.052373e+00  
  5   1  17   1.661456e+01    1.661456e+01    1.750397e+00    1.750397e+00  
  5   1  18   1.623804e+01    1.623804e+01    2.416457e+00    2.416457e+00  
  5   1  19   1.593945e+01    1.593945e+01    1.647232e+00    1.647232e+00  
  5   1  20   1.735729e+01    1.735729e+01    2.439711e+00    2.439711e+00  
  5   1  21   1.639369e+01    1.639369e+01    1.734336e+00    1.734336e+00  
  5   1  22   1.669362e+01    1.669362e+01    2.360300e+00    2.360300e+00  
  5   1  23   1.632423e+01    1.632423e+01    1.526498e+00    1.526498e+00  
  5   2   1   2.364343e+01    2.364343e+01    3.503633e+02    3.503633e+02  
  5   2   2   1.600000e+01    1.600000e+01    3.620387e+02    3.620387e+02  
  5   2   3   1.600000e+01    1.600000e+01    3.620387e+02    3.620387e+02  
  5   2   4   1.600000e+01    1.600000e+01    3.620387e+02    3.620387e+02  
  5   2   5   1.600000e+01    1.600000e+01    3.620387e+02    3.620387e+02  
  5   2   6   1.600000e+01    1.600000e+01    3.620387e+02    3.620387e+02  
  5   2   7   1.600000e+01    1.600000e+01    3.620387e+02    3.620387e+02  
  5   2   8   1.600000e+01    1.600000e+01    3.620387e+02    3.620387e+02  
  5   2   9   1.600000e+01    1.600000e+01    3.620387e+02    3.620387e+02  
  5   2  10   1.600000e+01    1.600000e+01    3.620387e+02    3.620387e+02  
  5   2  11   1.600000e+01    1.600000e+01    3.620387e+02    3.620387e+02  
  5   2  12   1.600000e+01    1.600000e+01    3.620387e+02    3.620387e+02  
  5   2  13   5.248139e+00    5.248139e+00    3.548563e+01    3.548563e+01  
  5   2  14   1.600000e+01    1.600000e+01    3.620387e+02    3.620387e+02  
  5   2  15   4.125565e+00    4.125565e+00    2.625540e+01    2.625540e+01  
  5   2  16   1.398744e+01    1.398744e+01    5.113561e+01    5.113561e+01  
  5   2  17   1.621589e+01    1.621589e+01    1.138556e+02    1.138556e+02  
  5   2  18   1.481205e+01    1.481205e+01    1.726574e+01    1.726574e+01  
  5   2  19   1.601580e+01    1.601580e+01    1.845400e+01    1.845400e+01  
  5   2  20   1.655695e+01    1.655695e+01    1.479402e+01    1.479402e+01  
  5   2  21   1.626066e+01    1.626066e+01    1.425968e+01    1.425968e+01  
  5   2  22   1.943594e+01    1.943594e+01    1.666958e+01    1.666958e+01  
  5   2  23   1.663475e+01    1.663475e+01    9.384531e+00    9.384531e+00  
  5   2  24   1.602265e+01    1.602265e+01    6.623230e+00    6.623230e+00  
  5   2  25   1.627786e+01    1.627786e+01    6.639731e+00    6.639731e+00  
  5   2  26   1.803190e+01    1.803190e+01    5.681880e+00    5.681880e+00  
  5   2  27   1.791154e+01    1.791154e+01    6.233426e+00    6.233426e+00  
  5   2  28   1.607702e+01    1.607702e+01    3.830576e+00    3.830576e+00  
  5   2  29   1.623101e+01    1.623101e+01    3.418533e+00    3.418533e+00  
  5   2  30   1.615491e+01    1.615491e+01    4.283239e+00    4.283239e+00  
  5   2  31   1.566435e+01    1.566435e+01    2.758504e+00    2.758504e+00  
  5   2  32   1.557353e+01    1.557353e+01    2.989586e+00    2.989586e+00  
  5   2  33   1.636608e+01    1.636608e+01    2.963708e+00    2.963708e+00  
  5   2  34   1.621826e+01    1.621826e+01    3.038391e+00    3.038391e+00  
  5   2  35   1.573108e+01    1.573108e+01    3.121928e+00    3.121928e+00  
  5   2  36   1.587600e+01    1.587600e+01    1.808780e+00    1.808780e+00  
  5   2  37   1.669230e+01    1.669230e+01    2.107418e+00    2.107418e+00  
  5   2  38   1.599489e+01    1.599489e+01    2.121515e+00    2.121515e+00  
  5   2  39   1.624555e+01    1.624555e+01    1.951583e+00    1.951583e+00  
  5   2  40   1.584442e+01    1.584442e+01    1.938598e+00    1.938598e+00  
  5   2  41   1.610051e+01    1.610051e+01    1.986305e+00    1.986305e+00  
  5   2  42   1.594006e+01    1.594006e+01    1.695182e+00    1.695182e+00  
  5   2  43   1.630546e+01    1.630546e+01    1.622016e+00    1.622016e+00  
  5   2  44   1.611048e+01    1.611048e+01    1.558634e+00    1.558634e+00  
  5   2  45   1.588446e+01    1.588446e+01    1.626914e+00    1.626914e+00  
  5   2  46   1.580170e+01    1.580170e+01    1.552701e+00    1.552701e+00  
  5   2  47   1.620017e+01    1.620017e+01    1.664313e+00    1.664313e+00  
  5   2  48   1.610718e+01    1.610718e+01    1.465674e+00    1.465674e+00  
  5   2  49   1.628143e+01    1.628143e+01    1.343402e+00    1.343402e+00  
  5   2  50   1.564902e+01    1.564902e+01    1.347683e+00    1.347683e+00  
  5   2  51   1.626894e+01    1.626894e+01    1.523453e+00    1.523453e+00  
  5   2  52   1.620785e+01    1.620785e+01    1.462031e+00    1.462031e+00  
  5   2  53   1.605584e+01    1.605584e+01    1.184579e+00    1.184579e+00  
  5   2  54   1.598912e+01    1.598912e+01    1.507094e+00    1.507094e+00  
  5   2  55   1.600509e+01    1.600509e+01    1.061747e+00    1.061747e+00  
  5   2  56   1.599990e+01    1.599990e+01    1.209454e+00    1.209454e+00  
  5   2  57   1.592527e+01    1.592527e+01    1.267539e+00    1.267539e+00  
  5   2  58   1.631349e+01    1.631349e+01    1.114290e+00    1.114290e+00  
  5   2  59   1.616689e+01    1.616689e+01    1.178093e+00    1.178093e+00  
  5   2  60   1.594940e+01    1.594940e+01    1.360150e+00    1.360150e+00  
  5   2  61   1.642399e+01    1.642399e+01    1.242686e+00    1.242686e+00  
  5   2  62   1.612899e+01    1.612899e+01    1.048342e+00    1.048342e+00  
  5   3   1   1.622764e+01    1.622764e+01    9.564393e-01    9.564393e-01  
  5   3   2   1.697986e+01    1.697986e+01    7.913622e-01    7.913622e-01  
  5   3   3   1.661721e+01    1.661721e+01    8.953071e-01    8.953071e-01  
  5   3   4   1.663845e+01    1.663845e+01    1.107985e+00    1.107985e+00  
  5   3   5   1.705415e+01    1.705415e+01    1.454246e+00    1.454246e+00  
  6   1   1   1.600000e+01    1.600000e+01    3.620387e+02    3.620387e+02  
  6   1   2   1.600000e+01    1.600000e+01    3.620387e+02    3.620387e+02  
  6   1   3   1.600000e+01    1.600000e+01    3.620387e+02    3.620387e+02  
  6   1   4   1.600000e+01    1.600000e+01    3.620387e+02    3.620387e+02  
  6   1   5   1.600000e+01    1.600000e+01    3.620387e+02    3.620387e+02  
  6   1   6   1.600000e+01    1.600000e+01    3.620387e+02    3.620387e+02  
  6   1   7   1.513090e+01    1.513090e+01    4.734459e+01    4.734459e+01  
  6   1   8   1.639710e+01    1.639710e+01    2.602787e+01    2.602787e+01  
  6   1   9   1.124410e+01    1.124410e+01    7.395517e+00    7.395517e+00  
  6   1  10   2.099564e+01    2.099564e+01    1.531703e+01    1.531703e+01  
  6   1  11   1.762057e+01    1.762057e+01    5.839549e+00    5.839549e+00  
  6   1  12   1.472957e+01    1.472957e+01    2.831144e+00    2.831144e+00  
  6   1  13   1.675614e+01    1.675614e+01    3.918349e+00    3.918349e+00  
  6   1  14   1.747215e+01    1.747215e+01    3.145252e+00    3.145252e+00  
  6   1  15   1.611552e+01    1.611552e+01    2.139202e+00    2.139202e+00  
  6   1  16   1.588484e+01    1.588484e+01    1.884235e+00    1.884235e+00  
  6   1  17   1.554539e+01    1.554539e+01    2.291454e+00    2.291454e+00  
  6   1  18   1.638214e+01    1.638214e+01    2.456388e+00    2.456388e+00  
  6   1  19   1.621212e+01    1.621212e+01    1.725718e+00    1.725718e+00  
  6   1  20   1.581780e+01    1.581780e+01    1.781126e+00    1.781126e+00  
  6   1  21   1.755910e+01    1.755910e+01    2.400954e+00    2.400954e+00  
  6   1  22   1.600568e+01    1.600568e+01    2.092731e+00    2.092731e+00  
  6   1  23   1.656949e+01    1.656949e+01    2.320455e+00    2.320455e+00  
  6   2   1   7.769409e-01    7.769409e-01    5.494401e+00    5.494401e+00  
  6   2   2   -1.617026e+01    -1.617026e+01    3.340138e+02    3.340138e+02  
  6   2   3   1.600000e+01    1.600000e+01    3.620387e+02    3.620387e+02  
  6   2   4   1.600000e+01    1.600000e+01    3.620387e+02    3.620387e+02  
  6   2   5   1.600000e+01    1.600000e+01    3.620387e+02    3.620387e+02  
  6   2   6   1.600000e+01    1.600000e+01    3.620387e+02    3.620387e+02  
  6   2   7   1.600000e+01    1.600000e+01    3.620387e+02    3.620387e+02  
  6   2   8   1.600000e+01    1.600000e+01    3.620387e+02    3.620387e+02  
  6   2   9   1.600000e+01    1.600000e+01    3.620387e+02    3.620387e+02  
  6   2  10   1.600000e+01    1.600000e+01    3.620387e+02    3.620387e+02  
  6   2  11   1.600000e+01    1.600000e+01    3.620387e+02    3.620387e+02  
  6   2  12   1.600000e+01    1.600000e+01    3.620387e+02    3.620387e+02  
  6   2  13   1.600000e+01    1.600000e+01    3.620387e+02    3.620387e+02  
  6   2  14   7.062294e+00    7.062294e+00    5.513352e+01    5.513352e+01  
  6   2  15   1.573203e+01    1.573203e+01    6.800375e+01    6.800375e+01  
  6   2  16   1.747111e+01    1.747111e+01    5.260449e+01    5.260449e+01  
  6   2  17   1.649883e+01    1.649883e+01    5.894683e+01    5.894683e+01  
  6   2  18   1.813574e+01    1.813574e+01    3.437801e+01    3.437801e+01  
  6   2  19   1.649679e+01    1.649679e+01    2.166822e+01    2.166822e+01  
  6   2  20   1.253606e+01    1.253606e+01    8.150817e+00    8.150817e+00  
  6   2  21   1.526520e+01    1.526520e+01    7.059534e+00    7.059534e+00  
  6   2  22   1.603946e+01    1.603946e+01    8.260441e+00    8.260441e+00  
  6   2  23   1.609610e+01    1.609610e+01    6.286732e+00    6.286732e+00  
  6   2  24   1.598989e+01    1.598989e+01    7.261362e+00    7.261362e+00  
  6   2  25   1.644013e+01    1.644013e+01    6.779773e+00    6.779773e+00  
  6   2  26   1.619569e+01    1.619569e+01    5.246183e+00    5.246183e+00  
  6   2  27   1.658757e+01    1.658757e+01    5.461979e+00    5.461979e+00  
  6   2  28   1.828903e+01    1.828903e+01    6.200598e+00    6.200598e+00  
  6   2  29   1.566675e+01    1.566675e+01    4.045901e+00    4.045901e+00  
  6   2  30   1.621822e+01    1.621822e+01    4.300753e+00    4.300753e+00  
  6   2  31   1.620015e+01    1.620015e+01    3.471187e+00    3.471187e+00  
  6   2  32   1.619345e+01    1.619345e+01    2.714239e+00    2.714239e+00  
  6   2  33   1.663950e+01    1.663950e+01    2.257364e+00    2.257364e+00  
  6   2  34   1.617486e+01    1.617486e+01    2.793801e+00    2.793801e+00  
  6   2  35   1.633618e+01    1.633618e+01    3.247648e+00    3.247648e+00  
  6   2  36   1.604830e+01    1.604830e+01    1.927441e+00    1.927441e+00  
  6   2  37   1.624114e+01    1.624114e+01    2.461025e+00    2.461025e+00  
  6   2  38   1.636567e+01    1.636567e+01    2.349003e+00    2.349003e+00  
  6   2  39   1.592227e+01    1.592227e+01    2.272634e+00    2.272634e+00  
  6   2  40   1.569825e+01    1.569825e+01    1.593413e+00    1.593413e+00  
  6   2  41   1.613809e+01    1.613809e+01    1.545286e+00    1.545286e+00  
  6   2  42   1.602780e+01    1.602780e+01    2.146430e+00    2.146430e+00  
  6   2  43   1.597135e+01    1.597135e+01    1.733596e+00    1.733596e+00  
  6   2  44   1.608287e+01    1.608287e+01    1.717210e+00    1.717210e+00  
  6   2  45   1.583806e+01    1.583806e+01    1.651604e+00    1.651604e+00  
  6   2  46   1.597484e+01    1.597484e+01    1.612050e+00    1.612050e+00  
  6   2  47   1.635494e+01    1.635494e+01    1.767775e+00    1.767775e+00  
  6   2  48   1.619183e+01    1.619183e+01    1.263599e+00    1.263599e+00  
  6   2  49   1.626468e+01    1.626468e+01    1.479774e+00    1.479774e+00  
  6   2  50   1.584193e+01    1.584193e+01    1.048320e+00    1.048320e+00  
  6   2  51   1.611977e+01    1.611977e+01    1.648805e+00    1.648805e+00  
  6   2  52   1.601643e+01    1.601643e+01    1.688374e+00    1.688374e+00  
  6   2  53   1.617162e+01    1.617162e+01    1.066520e+00    1.066520e+00  
  6   2  54   1.593064e+01    1.593064e+01    1.485432e+00    1.485432e+00  
  6   2  55   1.606764e+01    1.606764e+01    1.244376e+00    1.244376e+00  
  6   2  56   1.622591e+01    1.622591e+01    1.553699e+00    1.553699e+00  
  6   2  57   1.594365e+01    1.594365e+01    1.567814e+00    1.567814e+00  
  6   2  58   1.618131e+01    1.618131e+01    1.133624e+00    1.133624e+00  
  6   2  59   1.616308e+01    1.616308e+01    1.322681e+00    1.322681e+00  
  6   2  60   1.607748e+01    1.607748e+01    1.073781e+00    1.073781e+00  
  6   2  61   1.629588e+01    1.629588e+01    1.427645e+00    1.427645e+00  
  6   2  62   1.625265e+01    1.625265e+01    1.229551e+00    1.229551e+00  
  6   3   1   1.607920e+01    1.607920e+01    9.442763e-01    9.442763e-01  
  6   3   2   1.631117e+01    1.631117e+01    9.891438e-01    9.891438e-01  
  6   3   3   1.687128e+01    1.687128e+01    9.928174e-01    9.928174e-01  
  6   3   4   1.644478e+01    1.644478e+01    1.075445e+00    1.075445e+00  
  6   3   5   1.644924e+01    1.644924e+01    1.251235e+00    1.251235e+00  
