  1   1   1   8.430269e+02    8.430269e+02    3.222995e+00    3.222995e+00    8.874509e-04    1.891215e-03  
  1   1   2   8.435274e+02    8.435274e+02    3.948431e+00    3.948431e+00    2.355451e-03    3.143566e-03  
  1   1   3   8.364132e+02    8.364132e+02    4.125277e+00    4.125277e+00    2.188552e-03    3.103879e-03  
  1   1   4   8.262873e+02    8.262873e+02    4.572986e+00    4.572986e+00    -1.521175e-03    4.376567e-03  
  1   1   5   8.204978e+02    8.204978e+02    4.267969e+00    4.267969e+00    3.402807e-03    4.314174e-03  
  1   1   6   8.125265e+02    8.125265e+02    4.061961e+00    4.061961e+00    -7.787460e-03    5.493041e-03  
  1   1   7   7.958982e+02    7.958982e+02    5.252480e+00    5.252480e+00    -1.895767e-02    7.319808e-03  
  1   1   8   7.792362e+02    7.792362e+02    6.570539e+00    6.570539e+00    3.017657e-03    6.417032e-03  
  1   1   9   7.792436e+02    7.792436e+02    5.014682e+00    5.014682e+00    5.659947e-03    6.619722e-03  
  1   1  10   7.767803e+02    7.767803e+02    7.266963e+00    7.266963e+00    1.194852e-02    7.518222e-03  
  1   1  11   7.787384e+02    7.787384e+02    4.637530e+00    4.637530e+00    -8.000000e-03    5.636513e-03  
  1   1  12   7.664332e+02    7.664332e+02    4.260198e+00    4.260198e+00    4.343418e-03    9.175742e-03  
  1   1  13   7.886589e+02    7.886589e+02    4.537253e+00    4.537253e+00    -1.025200e-02    7.567897e-03  
  1   1  14   7.811513e+02    7.811513e+02    4.621280e+00    4.621280e+00    7.882006e-03    1.082806e-02  
  1   1  15   7.906569e+02    7.906569e+02    4.581886e+00    4.581886e+00    -1.867723e-02    1.014146e-02  
  1   1  16   7.939559e+02    7.939559e+02    4.172657e+00    4.172657e+00    -1.266600e-02    1.142802e-02  
  1   1  17   8.139595e+02    8.139595e+02    4.678608e+00    4.678608e+00    -1.484654e-02    7.365132e-03  
  1   1  18   8.200613e+02    8.200613e+02    5.409822e+00    5.409822e+00    4.963758e-03    1.037015e-02  
  1   1  19   8.412284e+02    8.412284e+02    7.413661e+00    7.413661e+00    3.523500e-03    8.389330e-03  
  1   1  20   8.431139e+02    8.431139e+02    7.306724e+00    7.306724e+00    -1.426156e-03    1.067888e-02  
  1   1  21   8.426710e+02    8.426710e+02    8.393262e+00    8.393262e+00    1.376126e-02    7.176575e-03  
  1   1  22   8.711044e+02    8.711044e+02    9.445657e+00    9.445657e+00    -1.359375e-02    1.409276e-02  
  1   1  23   8.516519e+02    8.516519e+02    9.658246e+00    9.658246e+00    -4.744692e-03    9.198229e-03  
  1   2   1   2.075884e+03    2.075884e+03    2.260198e+01    2.260198e+01    2.168823e-03    2.618859e-03  
  1   2   2   2.071475e+03    2.071475e+03    1.246165e+01    1.246165e+01    5.471349e-03    2.558556e-03  
  1   2   3   2.048212e+03    2.048212e+03    1.605698e+01    1.605698e+01    4.097130e-03    2.931793e-03  
  1   2   4   2.028834e+03    2.028834e+03    1.351571e+01    1.351571e+01    9.309542e-04    3.048652e-03  
  1   2   5   1.333333e+01    1.333333e+01    1.414214e+00    1.414214e+00    0.000000e+00    0.000000e+00  
  1   2   6   2.010302e+03    2.010302e+03    1.790424e+01    1.790424e+01    7.937633e-04    3.568752e-03  
  1   2   7   2.018523e+03    2.018523e+03    1.363003e+01    1.363003e+01    -3.239092e-03    2.728134e-03  
  1   2   8   2.024936e+03    2.024936e+03    1.491324e+01    1.491324e+01    -1.925134e-03    3.895681e-03  
  1   2   9   2.044994e+03    2.044994e+03    1.713789e+01    1.713789e+01    5.136348e-03    4.570026e-03  
  1   2  10   2.032686e+03    2.032686e+03    1.833270e+01    1.833270e+01    4.510964e-03    3.483562e-03  
  1   2  11   1.998161e+03    1.998161e+03    1.507744e+01    1.507744e+01    -1.904095e-03    4.661800e-03  
  1   2  12   1.999752e+03    1.999752e+03    1.746494e+01    1.746494e+01    2.389719e-03    3.910969e-03  
  1   2  13   1.998878e+03    1.998878e+03    1.551241e+01    1.551241e+01    -4.056184e-03    4.112655e-03  
  1   2  14   1.969602e+03    1.969602e+03    1.848949e+01    1.848949e+01    3.175653e-03    5.316206e-03  
  1   2  15   1.938451e+03    1.938451e+03    1.801473e+01    1.801473e+01    -4.713584e-04    5.679470e-03  
  1   2  16   1.973988e+03    1.973988e+03    1.741511e+01    1.741511e+01    -4.761600e-03    5.903125e-03  
  1   2  17   1.979281e+03    1.979281e+03    2.102870e+01    2.102870e+01    -7.532957e-03    5.734880e-03  
  1   2  18   1.964303e+03    1.964303e+03    1.763816e+01    1.763816e+01    -1.077960e-03    7.626966e-03  
  1   2  19   1.937429e+03    1.937429e+03    1.678203e+01    1.678203e+01    -1.631865e-02    5.896793e-03  
  1   2  20   1.934712e+03    1.934712e+03    1.870006e+01    1.870006e+01    7.990373e-03    6.117419e-03  
  1   2  21   1.897785e+03    1.897785e+03    1.352835e+01    1.352835e+01    -1.889945e-03    6.039576e-03  
  1   2  22   1.923693e+03    1.923693e+03    1.816762e+01    1.816762e+01    1.399032e-02    8.256701e-03  
  1   2  23   1.938960e+03    1.938960e+03    1.472916e+01    1.472916e+01    4.833837e-03    4.661822e-03  
  1   2  24   1.925020e+03    1.925020e+03    1.281286e+01    1.281286e+01    1.212981e-02    6.624118e-03  
  1   2  25   1.911368e+03    1.911368e+03    1.284381e+01    1.284381e+01    -1.908802e-03    6.526186e-03  
  1   2  26   1.899913e+03    1.899913e+03    1.304350e+01    1.304350e+01    1.079280e-02    8.290368e-03  
  1   2  27   1.897390e+03    1.897390e+03    9.860633e+00    9.860633e+00    8.764940e-04    8.131383e-03  
  1   2  28   1.918245e+03    1.918245e+03    1.154885e+01    1.154885e+01    -5.695262e-03    1.069496e-02  
  1   2  29   1.920525e+03    1.920525e+03    1.158705e+01    1.158705e+01    -6.684689e-03    4.941398e-03  
  1   2  30   1.920922e+03    1.920922e+03    1.147642e+01    1.147642e+01    8.742346e-03    5.813783e-03  
  1   2  31   1.923290e+03    1.923290e+03    1.037942e+01    1.037942e+01    4.774436e-03    6.103839e-03  
  1   2  32   1.939067e+03    1.939067e+03    1.042389e+01    1.042389e+01    7.711728e-04    6.090349e-03  
  1   2  33   1.979213e+03    1.979213e+03    1.106428e+01    1.106428e+01    -8.054920e-04    8.241705e-03  
  1   2  34   1.950158e+03    1.950158e+03    1.175659e+01    1.175659e+01    3.155819e-04    7.335248e-03  
  1   2  35   1.954617e+03    1.954617e+03    1.097023e+01    1.097023e+01    4.572403e-03    7.624196e-03  
  1   2  36   1.967837e+03    1.967837e+03    1.268470e+01    1.268470e+01    1.738752e-03    1.347671e-02  
  1   2  37   1.971248e+03    1.971248e+03    1.176259e+01    1.176259e+01    1.918788e-03    8.523954e-03  
  1   2  38   1.983475e+03    1.983475e+03    1.396408e+01    1.396408e+01    1.245568e-02    8.539180e-03  
  1   2  39   1.996025e+03    1.996025e+03    1.424650e+01    1.424650e+01    3.084416e-03    6.839316e-03  
  1   2  40   2.018229e+03    2.018229e+03    1.447873e+01    1.447873e+01    -3.003469e-03    4.907860e-03  
  1   2  41   2.040173e+03    2.040173e+03    1.829244e+01    1.829244e+01    -1.275435e-03    7.511672e-03  
  1   2  42   2.015537e+03    2.015537e+03    1.621690e+01    1.621690e+01    4.136538e-03    1.207945e-02  
  1   2  43   1.991753e+03    1.991753e+03    1.712341e+01    1.712341e+01    9.347301e-04    7.141450e-03  
  1   2  44   2.021040e+03    2.021040e+03    1.805766e+01    1.805766e+01    6.058906e-03    5.035595e-03  
  1   2  45   2.022431e+03    2.022431e+03    1.872142e+01    1.872142e+01    -1.270244e-02    8.233992e-03  
  1   2  46   2.069960e+03    2.069960e+03    2.324228e+01    2.324228e+01    1.254902e-03    6.488515e-03  
  1   2  47   2.060243e+03    2.060243e+03    2.044091e+01    2.044091e+01    -9.965952e-03    7.496891e-03  
  1   2  48   2.103058e+03    2.103058e+03    2.807655e+01    2.807655e+01    -1.184840e-02    8.024755e-03  
  1   2  49   2.108461e+03    2.108461e+03    2.743979e+01    2.743979e+01    9.729516e-03    7.588891e-03  
  1   2  50   2.106571e+03    2.106571e+03    2.613151e+01    2.613151e+01    -8.393136e-03    7.474304e-03  
  1   2  51   2.116658e+03    2.116658e+03    2.253205e+01    2.253205e+01    -5.481799e-03    7.287101e-03  
  1   2  52   2.088516e+03    2.088516e+03    2.897752e+01    2.897752e+01    3.345281e-03    6.077011e-03  
  1   2  53   2.151736e+03    2.151736e+03    2.909261e+01    2.909261e+01    -3.932854e-03    6.639053e-03  
  1   2  54   2.152065e+03    2.152065e+03    3.778822e+01    3.778822e+01    -1.667348e-03    7.390698e-03  
  1   2  55   2.066749e+03    2.066749e+03    3.362621e+01    3.362621e+01    2.785114e-03    5.986950e-03  
  1   2  56   2.065096e+03    2.065096e+03    3.152861e+01    3.152861e+01    6.733730e-03    7.050063e-03  
  1   2  57   2.053139e+03    2.053139e+03    3.370232e+01    3.370232e+01    1.218174e-02    8.489956e-03  
  1   2  58   2.042674e+03    2.042674e+03    2.422158e+01    2.422158e+01    -3.569417e-03    6.546929e-03  
  1   2  59   2.069147e+03    2.069147e+03    2.773128e+01    2.773128e+01    -1.470714e-03    6.143029e-03  
  1   2  60   2.084739e+03    2.084739e+03    2.572011e+01    2.572011e+01    -5.013488e-03    6.521643e-03  
  1   2  61   2.052315e+03    2.052315e+03    2.496673e+01    2.496673e+01    -1.586885e-02    9.214079e-03  
  1   2  62   2.075424e+03    2.075424e+03    2.699769e+01    2.699769e+01    -4.976313e-03    7.375119e-03  
  1   3   1   7.627353e+02    7.627353e+02    3.906845e+00    3.906845e+00    -3.562978e-03    1.119606e-02  
  1   3   2   7.583519e+02    7.583519e+02    3.045156e+00    3.045156e+00    -2.840909e-04    1.111480e-02  
  1   3   3   7.729184e+02    7.729184e+02    5.532586e+00    5.532586e+00    1.050261e-02    1.456117e-02  
  1   3   4   7.889624e+02    7.889624e+02    3.712641e+00    3.712641e+00    -6.258752e-03    9.617969e-03  
  1   3   5   5.519578e+02    5.519578e+02    7.663129e+01    7.663129e+01    1.674894e-02    1.182174e-02  
  2   1   1   8.417834e+02    8.417834e+02    3.599614e+00    3.599614e+00    8.789197e-04    3.038465e-03  
  2   1   2   8.490019e+02    8.490019e+02    3.696446e+00    3.696446e+00    1.663837e-03    2.290571e-03  
  2   1   3   8.435249e+02    8.435249e+02    4.403603e+00    4.403603e+00    -3.018868e-04    3.413697e-03  
  2   1   4   8.293047e+02    8.293047e+02    4.386769e+00    4.386769e+00    -5.583756e-03    4.420260e-03  
  2   1   5   8.236118e+02    8.236118e+02    4.275324e+00    4.275324e+00    -2.465175e-03    5.316086e-03  
  2   1   6   8.049328e+02    8.049328e+02    3.666634e+00    3.666634e+00    6.127514e-03    5.058703e-03  
  2   1   7   7.902758e+02    7.902758e+02    4.728488e+00    4.728488e+00    5.454919e-03    6.501185e-03  
  2   1   8   7.875985e+02    7.875985e+02    4.384337e+00    4.384337e+00    -3.158934e-05    4.847188e-03  
  2   1   9   7.863796e+02    7.863796e+02    3.888081e+00    3.888081e+00    4.256937e-03    6.688421e-03  
  2   1  10   7.632229e+02    7.632229e+02    4.909032e+00    4.909032e+00    1.982301e-02    6.836760e-03  
  2   1  11   7.581414e+02    7.581414e+02    5.471921e+00    5.471921e+00    5.270524e-03    5.872810e-03  
  2   1  12   7.686297e+02    7.686297e+02    5.521478e+00    5.521478e+00    -1.568371e-03    6.237901e-03  
  2   1  13   1.000000e+01    1.000000e+01    1.414214e+00    1.414214e+00    0.000000e+00    0.000000e+00  
  2   1  14   7.873266e+02    7.873266e+02    4.901787e+00    4.901787e+00    -4.770037e-03    7.335405e-03  
  2   1  15   7.877212e+02    7.877212e+02    3.962117e+00    3.962117e+00    -1.116604e-03    8.455591e-03  
  2   1  16   8.003565e+02    8.003565e+02    4.432719e+00    4.432719e+00    -1.413857e-02    9.438358e-03  
  2   1  17   8.056533e+02    8.056533e+02    4.420609e+00    4.420609e+00    -1.377558e-03    6.206809e-03  
  2   1  18   8.223724e+02    8.223724e+02    5.730654e+00    5.730654e+00    -9.773808e-03    8.930522e-03  
  2   1  19   8.351015e+02    8.351015e+02    6.686407e+00    6.686407e+00    -3.334326e-03    9.505685e-03  
  2   1  20   8.526081e+02    8.526081e+02    8.415606e+00    8.415606e+00    9.789998e-03    1.063651e-02  
  2   1  21   8.437546e+02    8.437546e+02    8.397414e+00    8.397414e+00    5.593353e-03    8.616682e-03  
  2   1  22   8.377301e+02    8.377301e+02    8.784329e+00    8.784329e+00    -2.116639e-02    1.583724e-02  
  2   1  23   8.276570e+02    8.276570e+02    6.971852e+00    6.971852e+00    -2.528108e-02    1.884852e-02  
  2   2   1   2.093070e+03    2.093070e+03    1.846295e+01    1.846295e+01    1.399126e-03    2.418979e-03  
  2   2   2   2.089849e+03    2.089849e+03    1.452602e+01    1.452602e+01    2.551957e-03    3.647314e-03  
  2   2   3   2.063128e+03    2.063128e+03    1.652655e+01    1.652655e+01    5.403509e-03    3.262708e-03  
  2   2   4   2.017390e+03    2.017390e+03    1.508947e+01    1.508947e+01    4.320838e-03    3.334944e-03  
  2   2   5   2.050653e+03    2.050653e+03    1.575099e+01    1.575099e+01    -8.938547e-04    3.323685e-03  
  2   2   6   2.015278e+03    2.015278e+03    1.475029e+01    1.475029e+01    5.885323e-03    3.958289e-03  
  2   2   7   2.029964e+03    2.029964e+03    1.547976e+01    1.547976e+01    2.095107e-03    3.191849e-03  
  2   2   8   2.017200e+03    2.017200e+03    1.623363e+01    1.623363e+01    4.729345e-03    6.940991e-03  
  2   2   9   2.007714e+03    2.007714e+03    1.526103e+01    1.526103e+01    4.613742e-03    4.309022e-03  
  2   2  10   2.023395e+03    2.023395e+03    1.635302e+01    1.635302e+01    1.262436e-03    5.154501e-03  
  2   2  11   2.031291e+03    2.031291e+03    1.641723e+01    1.641723e+01    -2.600745e-03    4.914064e-03  
  2   2  12   1.972535e+03    1.972535e+03    1.582384e+01    1.582384e+01    -7.012379e-03    4.248904e-03  
  2   2  13   2.006300e+03    2.006300e+03    1.961569e+01    1.961569e+01    -1.659418e-02    7.291724e-03  
  2   2  14   2.010181e+03    2.010181e+03    1.675596e+01    1.675596e+01    -4.520686e-03    4.332865e-03  
  2   2  15   1.971084e+03    1.971084e+03    1.842135e+01    1.842135e+01    6.908734e-03    5.786297e-03  
  2   2  16   1.977255e+03    1.977255e+03    2.163023e+01    2.163023e+01    -4.266667e-03    4.658527e-03  
  2   2  17   1.960430e+03    1.960430e+03    1.708723e+01    1.708723e+01    1.224490e-03    5.373836e-03  
  2   2  18   1.960680e+03    1.960680e+03    1.738332e+01    1.738332e+01    2.515723e-03    5.896245e-03  
  2   2  19   1.918249e+03    1.918249e+03    1.509248e+01    1.509248e+01    4.977348e-03    7.085896e-03  
  2   2  20   1.950361e+03    1.950361e+03    1.647972e+01    1.647972e+01    9.106487e-03    8.523907e-03  
  2   2  21   1.908757e+03    1.908757e+03    1.471758e+01    1.471758e+01    4.689165e-03    4.778992e-03  
  2   2  22   1.909920e+03    1.909920e+03    1.346874e+01    1.346874e+01    -7.210496e-03    7.705806e-03  
  2   2  23   1.911629e+03    1.911629e+03    1.317921e+01    1.317921e+01    -5.106868e-03    6.520608e-03  
  2   2  24   1.928424e+03    1.928424e+03    1.385852e+01    1.385852e+01    1.366640e-02    9.520042e-03  
  2   2  25   1.908884e+03    1.908884e+03    1.161665e+01    1.161665e+01    1.063852e-02    8.303924e-03  
  2   2  26   1.917496e+03    1.917496e+03    1.216180e+01    1.216180e+01    5.313808e-03    6.059218e-03  
  2   2  27   1.909111e+03    1.909111e+03    1.136297e+01    1.136297e+01    5.132832e-03    6.915664e-03  
  2   2  28   1.887938e+03    1.887938e+03    1.026216e+01    1.026216e+01    6.728411e-03    5.193087e-03  
  2   2  29   1.928495e+03    1.928495e+03    1.126945e+01    1.126945e+01    -1.225467e-03    6.809313e-03  
  2   2  30   1.916739e+03    1.916739e+03    1.073332e+01    1.073332e+01    -3.630220e-03    7.092623e-03  
  2   2  31   1.917643e+03    1.917643e+03    1.153925e+01    1.153925e+01    1.857873e-02    1.272011e-02  
  2   2  32   1.944225e+03    1.944225e+03    9.987504e+00    9.987504e+00    -9.829352e-04    6.746562e-03  
  2   2  33   1.914007e+03    1.914007e+03    1.087080e+01    1.087080e+01    -8.632054e-03    4.555542e-03  
  2   2  34   1.954590e+03    1.954590e+03    1.178752e+01    1.178752e+01    3.109225e-03    6.910580e-03  
  2   2  35   1.959713e+03    1.959713e+03    1.076135e+01    1.076135e+01    -4.083369e-04    6.596881e-03  
  2   2  36   1.939304e+03    1.939304e+03    1.176443e+01    1.176443e+01    -4.012002e-03    5.547808e-03  
  2   2  37   1.980098e+03    1.980098e+03    1.290045e+01    1.290045e+01    -3.423537e-03    6.769053e-03  
  2   2  38   1.993318e+03    1.993318e+03    1.398698e+01    1.398698e+01    2.018503e-04    7.811301e-03  
  2   2  39   1.991411e+03    1.991411e+03    1.361524e+01    1.361524e+01    -2.165266e-03    7.019804e-03  
  2   2  40   1.982124e+03    1.982124e+03    1.520938e+01    1.520938e+01    -1.180849e-02    5.864065e-03  
  2   2  41   2.004869e+03    2.004869e+03    1.334886e+01    1.334886e+01    5.829308e-03    7.672487e-03  
  2   2  42   2.018305e+03    2.018305e+03    1.495768e+01    1.495768e+01    -4.619340e-03    6.495272e-03  
  2   2  43   1.988611e+03    1.988611e+03    1.471713e+01    1.471713e+01    6.678708e-03    5.954093e-03  
  2   2  44   2.044408e+03    2.044408e+03    1.746157e+01    1.746157e+01    -5.219813e-03    7.395137e-03  
  2   2  45   2.029179e+03    2.029179e+03    2.048278e+01    2.048278e+01    8.508265e-03    7.339793e-03  
  2   2  46   2.049760e+03    2.049760e+03    2.136454e+01    2.136454e+01    1.051187e-02    7.982075e-03  
  2   2  47   2.062995e+03    2.062995e+03    2.465118e+01    2.465118e+01    8.702140e-03    5.963371e-03  
  2   2  48   2.086849e+03    2.086849e+03    2.170601e+01    2.170601e+01    7.343750e-03    7.388183e-03  
  2   2  49   2.128509e+03    2.128509e+03    2.943461e+01    2.943461e+01    1.136767e-03    6.167258e-03  
  2   2  50   2.081223e+03    2.081223e+03    3.028442e+01    3.028442e+01    -1.003528e-02    6.748682e-03  
  2   2  51   2.130653e+03    2.130653e+03    3.778428e+01    3.778428e+01    -6.498109e-03    6.172710e-03  
  2   2  52   2.134934e+03    2.134934e+03    3.630039e+01    3.630039e+01    1.263574e-03    6.039680e-03  
  2   2  53   2.162437e+03    2.162437e+03    4.892702e+01    4.892702e+01    -3.973133e-03    5.809610e-03  
  2   2  54   2.091987e+03    2.091987e+03    3.033960e+01    3.033960e+01    -1.260073e-02    1.323939e-02  
  2   2  55   2.094116e+03    2.094116e+03    2.885829e+01    2.885829e+01    7.203407e-03    8.507617e-03  
  2   2  56   2.136564e+03    2.136564e+03    3.278614e+01    3.278614e+01    -8.496439e-03    7.887709e-03  
  2   2  57   2.011759e+03    2.011759e+03    2.323632e+01    2.323632e+01    -1.216605e-03    5.589512e-03  
  2   2  58   2.092292e+03    2.092292e+03    2.497667e+01    2.497667e+01    1.472187e-03    6.080818e-03  
  2   2  59   2.103975e+03    2.103975e+03    3.449990e+01    3.449990e+01    -3.461618e-03    8.539198e-03  
  2   2  60   2.040171e+03    2.040171e+03    2.663282e+01    2.663282e+01    -7.749679e-03    1.098133e-02  
  2   2  61   2.050579e+03    2.050579e+03    2.959554e+01    2.959554e+01    -4.397818e-03    1.267101e-02  
  2   2  62   2.039506e+03    2.039506e+03    2.542930e+01    2.542930e+01    5.790664e-03    5.535217e-03  
  2   3   1   7.633875e+02    7.633875e+02    6.062589e+00    6.062589e+00    -7.508484e-03    8.595530e-03  
  2   3   2   7.632084e+02    7.632084e+02    3.556084e+00    3.556084e+00    -7.662725e-03    9.889608e-03  
  2   3   3   7.576967e+02    7.576967e+02    4.092461e+00    4.092461e+00    -3.726089e-02    1.708549e-02  
  2   3   4   7.850154e+02    7.850154e+02    3.502144e+00    3.502144e+00    -1.879563e-02    1.174464e-02  
  2   3   5   7.984388e+02    7.984388e+02    4.115775e+00    4.115775e+00    -6.333673e-03    1.719567e-02  
  3   1   1   8.421565e+02    8.421565e+02    3.595690e+00    3.595690e+00    2.396313e-03    2.606852e-03  
  3   1   2   8.397504e+02    8.397504e+02    4.120748e+00    4.120748e+00    2.021846e-03    3.132953e-03  
  3   1   3   8.402694e+02    8.402694e+02    4.065993e+00    4.065993e+00    1.391599e-03    6.301662e-03  
  3   1   4   8.320379e+02    8.320379e+02    4.657179e+00    4.657179e+00    -6.726929e-05    3.336787e-03  
  3   1   5   8.204641e+02    8.204641e+02    4.302245e+00    4.302245e+00    -4.913034e-03    5.663012e-03  
  3   1   6   8.060764e+02    8.060764e+02    4.575082e+00    4.575082e+00    -1.164698e-02    1.048137e-02  
  3   1   7   7.943282e+02    7.943282e+02    4.400008e+00    4.400008e+00    6.582593e-03    6.456537e-03  
  3   1   8   7.893927e+02    7.893927e+02    5.256970e+00    5.256970e+00    4.280618e-03    5.947597e-03  
  3   1   9   7.682588e+02    7.682588e+02    5.376933e+00    5.376933e+00    -4.647303e-03    6.991338e-03  
  3   1  10   7.650951e+02    7.650951e+02    5.226806e+00    5.226806e+00    9.839194e-03    8.002802e-03  
  3   1  11   7.734404e+02    7.734404e+02    7.638895e+00    7.638895e+00    -7.666780e-03    7.733994e-03  
  3   1  12   7.619620e+02    7.619620e+02    4.142811e+00    4.142811e+00    1.551261e-02    8.903942e-03  
  3   1  13   7.757799e+02    7.757799e+02    4.328277e+00    4.328277e+00    5.978820e-03    1.110867e-02  
  3   1  14   7.817778e+02    7.817778e+02    4.484353e+00    4.484353e+00    1.430914e-03    6.395216e-03  
  3   1  15   7.976783e+02    7.976783e+02    4.189296e+00    4.189296e+00    1.370300e-03    9.309829e-03  
  3   1  16   7.982442e+02    7.982442e+02    4.182363e+00    4.182363e+00    -1.432022e-03    9.023694e-03  
  3   1  17   8.124453e+02    8.124453e+02    4.501166e+00    4.501166e+00    7.182045e-03    9.975200e-03  
  3   1  18   8.207573e+02    8.207573e+02    5.759929e+00    5.759929e+00    -5.852521e-03    6.099669e-03  
  3   1  19   8.374693e+02    8.374693e+02    6.945753e+00    6.945753e+00    -1.151248e-03    8.316989e-03  
  3   1  20   8.406729e+02    8.406729e+02    7.221032e+00    7.221032e+00    -4.381885e-03    9.652388e-03  
  3   1  21   8.649354e+02    8.649354e+02    1.035136e+01    1.035136e+01    -2.125732e-02    1.168105e-02  
  3   1  22   8.718584e+02    8.718584e+02    1.067159e+01    1.067159e+01    -1.518770e-02    1.519836e-02  
  3   1  23   8.648142e+02    8.648142e+02    9.756117e+00    9.756117e+00    -1.625504e-03    1.760310e-02  
  3   2   1   2.081519e+03    2.081519e+03    1.841207e+01    1.841207e+01    3.950617e-03    2.592498e-03  
  3   2   2   2.058904e+03    2.058904e+03    1.652788e+01    1.652788e+01    -1.064639e-03    2.445203e-03  
  3   2   3   2.045167e+03    2.045167e+03    1.420563e+01    1.420563e+01    3.393725e-03    2.520607e-03  
  3   2   4   2.080454e+03    2.080454e+03    1.560455e+01    1.560455e+01    -5.333333e-03    2.947165e-03  
  3   2   5   2.041340e+03    2.041340e+03    1.559100e+01    1.559100e+01    -5.658972e-03    5.902635e-03  
  3   2   6   2.040601e+03    2.040601e+03    1.609323e+01    1.609323e+01    3.064691e-03    3.180857e-03  
  3   2   7   2.039843e+03    2.039843e+03    1.722524e+01    1.722524e+01    2.895671e-03    3.157215e-03  
  3   2   8   2.034238e+03    2.034238e+03    2.150363e+01    2.150363e+01    -2.538787e-03    4.045683e-03  
  3   2   9   2.005981e+03    2.005981e+03    1.459123e+01    1.459123e+01    -5.081157e-03    5.337871e-03  
  3   2  10   2.020766e+03    2.020766e+03    1.455216e+01    1.455216e+01    -1.972526e-03    4.360614e-03  
  3   2  11   2.018166e+03    2.018166e+03    1.712170e+01    1.712170e+01    6.236633e-03    4.466134e-03  
  3   2  12   1.988813e+03    1.988813e+03    1.919488e+01    1.919488e+01    8.244068e-03    6.345106e-03  
  3   2  13   2.000458e+03    2.000458e+03    1.637631e+01    1.637631e+01    7.019499e-03    5.941746e-03  
  3   2  14   1.954821e+03    1.954821e+03    1.681495e+01    1.681495e+01    8.521031e-03    5.254404e-03  
  3   2  15   1.999615e+03    1.999615e+03    1.694058e+01    1.694058e+01    1.277445e-03    5.239485e-03  
  3   2  16   1.969389e+03    1.969389e+03    1.756088e+01    1.756088e+01    -1.081777e-03    7.393763e-03  
  3   2  17   1.982101e+03    1.982101e+03    1.533890e+01    1.533890e+01    2.319588e-03    5.533988e-03  
  3   2  18   1.968540e+03    1.968540e+03    1.712555e+01    1.712555e+01    -7.752877e-04    5.378286e-03  
  3   2  19   1.961969e+03    1.961969e+03    2.192371e+01    2.192371e+01    9.962640e-04    6.558578e-03  
  3   2  20   1.912110e+03    1.912110e+03    1.234522e+01    1.234522e+01    1.184133e-02    5.002530e-03  
  3   2  21   1.944312e+03    1.944312e+03    1.564165e+01    1.564165e+01    4.512230e-03    4.877187e-03  
  3   2  22   1.924192e+03    1.924192e+03    1.473161e+01    1.473161e+01    -5.061043e-03    5.715497e-03  
  3   2  23   1.906182e+03    1.906182e+03    1.457219e+01    1.457219e+01    3.132867e-03    7.748040e-03  
  3   2  24   1.911111e+03    1.911111e+03    1.264242e+01    1.264242e+01    2.448322e-03    6.422921e-03  
  3   2  25   1.917927e+03    1.917927e+03    1.195369e+01    1.195369e+01    9.296896e-03    6.174928e-03  
  3   2  26   1.937110e+03    1.937110e+03    1.205162e+01    1.205162e+01    -4.393782e-03    9.277399e-03  
  3   2  27   1.909184e+03    1.909184e+03    1.296707e+01    1.296707e+01    -1.415571e-03    6.709674e-03  
  3   2  28   1.910151e+03    1.910151e+03    1.097888e+01    1.097888e+01    -1.972387e-04    6.047041e-03  
  3   2  29   1.925162e+03    1.925162e+03    1.113034e+01    1.113034e+01    1.273632e-03    6.190284e-03  
  3   2  30   1.912753e+03    1.912753e+03    1.060355e+01    1.060355e+01    2.987715e-03    4.703860e-03  
  3   2  31   1.928985e+03    1.928985e+03    9.605815e+00    9.605815e+00    -2.063565e-03    6.229271e-03  
  3   2  32   1.928003e+03    1.928003e+03    9.499293e+00    9.499293e+00    -8.095776e-03    5.926128e-03  
  3   2  33   1.920728e+03    1.920728e+03    1.100708e+01    1.100708e+01    -3.690397e-03    5.100359e-03  
  3   2  34   1.967519e+03    1.967519e+03    1.176580e+01    1.176580e+01    3.637985e-03    5.622091e-03  
  3   2  35   1.945515e+03    1.945515e+03    1.152927e+01    1.152927e+01    -1.579399e-03    7.690727e-03  
  3   2  36   1.962256e+03    1.962256e+03    1.220978e+01    1.220978e+01    1.146331e-03    6.781223e-03  
  3   2  37   1.984941e+03    1.984941e+03    1.267100e+01    1.267100e+01    -3.381234e-04    6.087722e-03  
  3   2  38   2.003582e+03    2.003582e+03    1.289037e+01    1.289037e+01    -9.989559e-03    8.368655e-03  
  3   2  39   1.996970e+03    1.996970e+03    1.408296e+01    1.408296e+01    9.809584e-03    5.750163e-03  
  3   2  40   1.994913e+03    1.994913e+03    1.430228e+01    1.430228e+01    -1.723281e-03    6.774387e-03  
  3   2  41   1.993097e+03    1.993097e+03    1.472912e+01    1.472912e+01    2.113565e-03    5.586403e-03  
  3   2  42   2.026024e+03    2.026024e+03    1.760468e+01    1.760468e+01    -1.872307e-02    8.716536e-03  
  3   2  43   2.031190e+03    2.031190e+03    1.639240e+01    1.639240e+01    4.188482e-04    4.776877e-03  
  3   2  44   2.017639e+03    2.017639e+03    1.659740e+01    1.659740e+01    -4.963446e-03    5.513281e-03  
  3   2  45   2.049238e+03    2.049238e+03    1.947295e+01    1.947295e+01    -1.624851e-03    6.610701e-03  
  3   2  46   2.096453e+03    2.096453e+03    2.161778e+01    2.161778e+01    1.025964e-02    5.814195e-03  
  3   2  47   2.064495e+03    2.064495e+03    2.547724e+01    2.547724e+01    6.357616e-03    5.767456e-03  
  3   2  48   2.083873e+03    2.083873e+03    2.458942e+01    2.458942e+01    -1.846399e-03    6.133506e-03  
  3   2  49   2.059096e+03    2.059096e+03    2.365937e+01    2.365937e+01    -6.922008e-03    8.712101e-03  
  3   2  50   2.112109e+03    2.112109e+03    3.319124e+01    3.319124e+01    9.391509e-04    5.287235e-03  
  3   2  51   2.125380e+03    2.125380e+03    3.112599e+01    3.112599e+01    -9.596162e-04    5.083434e-03  
  3   2  52   2.121992e+03    2.121992e+03    3.781267e+01    3.781267e+01    1.413602e-03    6.617280e-03  
  3   2  53   2.105028e+03    2.105028e+03    3.371992e+01    3.371992e+01    -5.331139e-03    5.900279e-03  
  3   2  54   2.104325e+03    2.104325e+03    3.697752e+01    3.697752e+01    1.566069e-03    8.911207e-03  
  3   2  55   2.130262e+03    2.130262e+03    3.135853e+01    3.135853e+01    1.329221e-02    7.567166e-03  
  3   2  56   2.096614e+03    2.096614e+03    5.472293e+01    5.472293e+01    -3.301692e-04    7.172214e-03  
  3   2  57   2.074030e+03    2.074030e+03    2.798983e+01    2.798983e+01    -1.152542e-03    9.228372e-03  
  3   2  58   2.028449e+03    2.028449e+03    2.715713e+01    2.715713e+01    7.389691e-03    6.430676e-03  
  3   2  59   2.005944e+03    2.005944e+03    3.608815e+01    3.608815e+01    1.286432e-02    9.487879e-03  
  3   2  60   2.062233e+03    2.062233e+03    3.518724e+01    3.518724e+01    7.628910e-03    7.016405e-03  
  3   2  61   2.040798e+03    2.040798e+03    2.408842e+01    2.408842e+01    -2.688511e-04    7.875600e-03  
  3   2  62   2.079281e+03    2.079281e+03    2.544083e+01    2.544083e+01    -3.732768e-03    6.400328e-03  
  3   3   1   7.571883e+02    7.571883e+02    4.057297e+00    4.057297e+00    -2.053892e-03    7.778071e-03  
  3   3   2   7.674043e+02    7.674043e+02    3.355585e+00    3.355585e+00    3.606805e-02    1.685687e-02  
  3   3   3   1.000000e+01    1.000000e+01    1.414214e+00    1.414214e+00    0.000000e+00    0.000000e+00  
  3   3   4   7.889601e+02    7.889601e+02    2.137962e+00    2.137962e+00    -3.241390e-04    1.525291e-02  
  3   3   5   8.024845e+02    8.024845e+02    4.065968e+00    4.065968e+00    -3.029856e-02    1.137979e-02  
  4   1   1   8.461677e+02    8.461677e+02    3.702668e+00    3.702668e+00    5.158913e-04    2.352005e-03  
  4   1   2   8.436382e+02    8.436382e+02    4.168401e+00    4.168401e+00    -1.616502e-03    3.274399e-03  
  4   1   3   8.314324e+02    8.314324e+02    3.901965e+00    3.901965e+00    -4.907975e-03    3.207919e-03  
  4   1   4   8.258890e+02    8.258890e+02    4.612004e+00    4.612004e+00    -2.769231e-03    4.642062e-03  
  4   1   5   8.223419e+02    8.223419e+02    4.383078e+00    4.383078e+00    -1.412061e-03    4.608295e-03  
  4   1   6   8.078469e+02    8.078469e+02    4.497778e+00    4.497778e+00    3.932730e-03    5.338021e-03  
  4   1   7   7.898088e+02    7.898088e+02    5.739767e+00    5.739767e+00    -1.865593e-03    4.773963e-03  
  4   1   8   7.805008e+02    7.805008e+02    6.075834e+00    6.075834e+00    -5.808897e-03    5.090478e-03  
  4   1   9   7.690453e+02    7.690453e+02    6.236555e+00    6.236555e+00    7.806401e-04    6.088663e-03  
  4   1  10   7.664267e+02    7.664267e+02    5.970934e+00    5.970934e+00    -7.791822e-03    7.016775e-03  
  4   1  11   7.827121e+02    7.827121e+02    4.049248e+00    4.049248e+00    -9.231301e-03    5.698702e-03  
  4   1  12   7.823904e+02    7.823904e+02    3.528564e+00    3.528564e+00    -2.801556e-03    6.899804e-03  
  4   1  13   7.910178e+02    7.910178e+02    3.052768e+00    3.052768e+00    -5.883453e-03    7.521062e-03  
  4   1  14   7.786509e+02    7.786509e+02    4.180198e+00    4.180198e+00    -1.807012e-02    8.449391e-03  
  4   1  15   7.937008e+02    7.937008e+02    4.219436e+00    4.219436e+00    -6.114502e-03    8.070569e-03  
  4   1  16   8.057809e+02    8.057809e+02    4.325331e+00    4.325331e+00    -8.341014e-03    7.135686e-03  
  4   1  17   8.072635e+02    8.072635e+02    4.788003e+00    4.788003e+00    9.818689e-04    9.179347e-03  
  4   1  18   8.216514e+02    8.216514e+02    5.166592e+00    5.166592e+00    -3.953523e-03    7.218378e-03  
  4   1  19   8.461934e+02    8.461934e+02    7.221703e+00    7.221703e+00    -7.237752e-03    1.095714e-02  
  4   1  20   8.435140e+02    8.435140e+02    7.785133e+00    7.785133e+00    -1.018736e-02    1.358186e-02  
  4   1  21   8.638563e+02    8.638563e+02    7.881894e+00    7.881894e+00    -7.517798e-03    1.006860e-02  
  4   1  22   8.484978e+02    8.484978e+02    9.145219e+00    9.145219e+00    3.272196e-03    1.020976e-02  
  4   1  23   8.382443e+02    8.382443e+02    7.567474e+00    7.567474e+00    1.454296e-03    1.046683e-02  
  4   2   1   2.082614e+03    2.082614e+03    2.510141e+01    2.510141e+01    1.735986e-03    2.668902e-03  
  4   2   2   2.063994e+03    2.063994e+03    1.345280e+01    1.345280e+01    3.350785e-03    2.526987e-03  
  4   2   3   2.033581e+03    2.033581e+03    1.378746e+01    1.378746e+01    1.549978e-03    2.538076e-03  
  4   2   4   2.050436e+03    2.050436e+03    1.699855e+01    1.699855e+01    -5.120000e-04    2.588620e-03  
  4   2   5   2.043885e+03    2.043885e+03    1.500454e+01    1.500454e+01    -1.042545e-03    3.292759e-03  
  4   2   6   2.046596e+03    2.046596e+03    1.351550e+01    1.351550e+01    -1.933878e-03    5.232102e-03  
  4   2   7   2.058297e+03    2.058297e+03    1.496339e+01    1.496339e+01    -4.140481e-04    3.705711e-03  
  4   2   8   2.024329e+03    2.024329e+03    1.668020e+01    1.668020e+01    -5.116441e-03    3.771277e-03  
  4   2   9   2.003785e+03    2.003785e+03    1.828070e+01    1.828070e+01    2.872928e-03    3.820180e-03  
  4   2  10   2.017047e+03    2.017047e+03    1.995024e+01    1.995024e+01    3.195435e-03    4.281912e-03  
  4   2  11   1.996462e+03    1.996462e+03    1.616528e+01    1.616528e+01    1.408947e-02    6.674539e-03  
  4   2  12   2.015611e+03    2.015611e+03    1.570637e+01    1.570637e+01    -1.329180e-03    5.335665e-03  
  4   2  13   1.993385e+03    1.993385e+03    1.564834e+01    1.564834e+01    5.457616e-03    5.130145e-03  
  4   2  14   2.007567e+03    2.007567e+03    1.971316e+01    1.971316e+01    2.151261e-04    5.700974e-03  
  4   2  15   1.985783e+03    1.985783e+03    1.628676e+01    1.628676e+01    -1.732091e-02    1.035945e-02  
  4   2  16   1.948499e+03    1.948499e+03    1.632220e+01    1.632220e+01    3.762835e-03    3.969651e-03  
  4   2  17   1.968498e+03    1.968498e+03    1.625441e+01    1.625441e+01    1.153605e-03    5.086110e-03  
  4   2  18   1.941877e+03    1.941877e+03    1.371499e+01    1.371499e+01    8.167730e-03    7.617815e-03  
  4   2  19   1.934118e+03    1.934118e+03    1.773476e+01    1.773476e+01    -5.933251e-03    5.056487e-03  
  4   2  20   1.948379e+03    1.948379e+03    1.503494e+01    1.503494e+01    -3.054187e-03    6.361226e-03  
  4   2  21   1.930699e+03    1.930699e+03    1.197113e+01    1.197113e+01    -2.993277e-03    4.640089e-03  
  4   2  22   1.927490e+03    1.927490e+03    1.517910e+01    1.517910e+01    1.376541e-04    8.648693e-03  
  4   2  23   1.920525e+03    1.920525e+03    1.075933e+01    1.075933e+01    7.690557e-03    5.659792e-03  
  4   2  24   1.921659e+03    1.921659e+03    1.280163e+01    1.280163e+01    -6.607143e-03    7.959218e-03  
  4   2  25   1.921709e+03    1.921709e+03    1.388580e+01    1.388580e+01    6.037736e-03    4.444501e-03  
  4   2  26   1.911020e+03    1.911020e+03    1.247000e+01    1.247000e+01    1.727862e-03    5.392829e-03  
  4   2  27   1.889120e+03    1.889120e+03    1.146938e+01    1.146938e+01    -2.879177e-04    4.923673e-03  
  4   2  28   1.937488e+03    1.937488e+03    1.205639e+01    1.205639e+01    7.586723e-04    5.693216e-03  
  4   2  29   1.904081e+03    1.904081e+03    1.124002e+01    1.124002e+01    -9.657170e-03    5.067091e-03  
  4   2  30   1.921321e+03    1.921321e+03    1.108255e+01    1.108255e+01    1.180729e-02    9.089616e-03  
  4   2  31   1.924947e+03    1.924947e+03    1.120772e+01    1.120772e+01    2.176118e-03    5.015541e-03  
  4   2  32   1.333333e+01    1.333333e+01    1.414214e+00    1.414214e+00    0.000000e+00    0.000000e+00  
  4   2  33   1.937556e+03    1.937556e+03    1.017850e+01    1.017850e+01    -1.311949e-02    1.234318e-02  
  4   2  34   1.941910e+03    1.941910e+03    1.203022e+01    1.203022e+01    -1.175039e-02    6.030322e-03  
  4   2  35   1.960224e+03    1.960224e+03    1.206927e+01    1.206927e+01    2.552274e-03    6.088380e-03  
  4   2  36   1.973353e+03    1.973353e+03    1.293201e+01    1.293201e+01    8.892646e-03    6.891590e-03  
  4   2  37   1.968963e+03    1.968963e+03    1.137237e+01    1.137237e+01    -4.005006e-03    5.569391e-03  
  4   2  38   1.962463e+03    1.962463e+03    1.292536e+01    1.292536e+01    -8.503218e-03    4.896445e-03  
  4   2  39   2.007158e+03    2.007158e+03    1.451895e+01    1.451895e+01    2.341785e-03    5.743996e-03  
  4   2  40   2.000712e+03    2.000712e+03    1.393941e+01    1.393941e+01    -6.348178e-03    5.404615e-03  
  4   2  41   1.987448e+03    1.987448e+03    1.544597e+01    1.544597e+01    1.956835e-02    9.041092e-03  
  4   2  42   2.021604e+03    2.021604e+03    1.491137e+01    1.491137e+01    2.846412e-03    6.259281e-03  
  4   2  43   2.040048e+03    2.040048e+03    1.854815e+01    1.854815e+01    7.649026e-03    8.292590e-03  
  4   2  44   2.055229e+03    2.055229e+03    1.742454e+01    1.742454e+01    1.049540e-02    1.192947e-02  
  4   2  45   2.049322e+03    2.049322e+03    2.016495e+01    2.016495e+01    -2.481633e-03    7.417035e-03  
  4   2  46   2.051342e+03    2.051342e+03    2.517927e+01    2.517927e+01    7.688933e-03    6.401038e-03  
  4   2  47   2.064608e+03    2.064608e+03    2.439245e+01    2.439245e+01    -1.502197e-03    1.037394e-02  
  4   2  48   2.089045e+03    2.089045e+03    2.126240e+01    2.126240e+01    -1.407718e-03    5.793900e-03  
  4   2  49   2.083446e+03    2.083446e+03    2.673446e+01    2.673446e+01    -6.755989e-03    9.868389e-03  
  4   2  50   2.115798e+03    2.115798e+03    2.560151e+01    2.560151e+01    -1.066040e-03    6.917417e-03  
  4   2  51   2.089219e+03    2.089219e+03    2.836660e+01    2.836660e+01    -4.514309e-04    5.748447e-03  
  4   2  52   2.099897e+03    2.099897e+03    3.487353e+01    3.487353e+01    -1.776368e-03    4.729640e-03  
  4   2  53   2.111292e+03    2.111292e+03    3.410887e+01    3.410887e+01    8.699462e-03    6.531712e-03  
  4   2  54   2.109330e+03    2.109330e+03    3.208376e+01    3.208376e+01    4.806324e-03    7.708037e-03  
  4   2  55   2.104525e+03    2.104525e+03    3.188844e+01    3.188844e+01    -1.332797e-02    9.855149e-03  
  4   2  56   2.073236e+03    2.073236e+03    3.049255e+01    3.049255e+01    9.388013e-03    5.668185e-03  
  4   2  57   2.062126e+03    2.062126e+03    3.588579e+01    3.588579e+01    -6.632632e-03    8.225474e-03  
  4   2  58   2.047400e+03    2.047400e+03    2.410196e+01    2.410196e+01    -2.718199e-03    6.973346e-03  
  4   2  59   2.037677e+03    2.037677e+03    2.324744e+01    2.324744e+01    1.718653e-03    5.950227e-03  
  4   2  60   2.048702e+03    2.048702e+03    2.789968e+01    2.789968e+01    2.904890e-03    6.349484e-03  
  4   2  61   2.106549e+03    2.106549e+03    3.885227e+01    3.885227e+01    -3.336113e-04    6.936072e-03  
  4   2  62   2.071563e+03    2.071563e+03    2.209789e+01    2.209789e+01    1.210829e-02    8.229511e-03  
  4   3   1   7.500000e+02    7.500000e+02    2.251431e+01    2.251431e+01    1.037828e-02    1.151939e-02  
  4   3   2   7.602593e+02    7.602593e+02    3.244517e+01    3.244517e+01    1.225199e-02    1.058425e-02  
  4   3   3   7.561929e+02    7.561929e+02    5.006283e+00    5.006283e+00    6.858395e-03    1.194734e-02  
  4   3   4   7.884854e+02    7.884854e+02    3.124948e+00    3.124948e+00    4.686717e-03    1.530769e-02  
  4   3   5   7.967541e+02    7.967541e+02    4.583845e+00    4.583845e+00    6.262231e-03    1.173834e-02  
  5   1   1   8.422704e+02    8.422704e+02    3.656665e+00    3.656665e+00    -6.177606e-04    2.150737e-03  
  5   1   2   8.378441e+02    8.378441e+02    3.838934e+00    3.838934e+00    7.411444e-03    2.840628e-03  
  5   1   3   8.394286e+02    8.394286e+02    3.977102e+00    3.977102e+00    4.688770e-03    3.395485e-03  
  5   1   4   8.239492e+02    8.239492e+02    3.911971e+00    3.911971e+00    -1.152542e-03    3.893402e-03  
  5   1   5   8.228781e+02    8.228781e+02    4.211711e+00    4.211711e+00    -5.561954e-03    4.941990e-03  
  5   1   6   8.132175e+02    8.132175e+02    5.192009e+00    5.192009e+00    -4.182095e-03    3.859616e-03  
  5   1   7   8.002409e+02    8.002409e+02    3.900294e+00    3.900294e+00    -1.464789e-02    8.978559e-03  
  5   1   8   7.908492e+02    7.908492e+02    3.644686e+00    3.644686e+00    2.585278e-03    6.822267e-03  
  5   1   9   7.760681e+02    7.760681e+02    6.702291e+00    6.702291e+00    -1.174920e-03    9.431974e-03  
  5   1  10   7.665588e+02    7.665588e+02    5.770203e+00    5.770203e+00    1.298730e-02    5.944398e-03  
  5   1  11   7.698449e+02    7.698449e+02    6.073886e+00    6.073886e+00    1.316066e-02    7.312522e-03  
  5   1  12   7.653303e+02    7.653303e+02    4.421744e+00    4.421744e+00    2.474764e-03    7.453326e-03  
  5   1  13   7.705835e+02    7.705835e+02    4.328371e+00    4.328371e+00    3.197071e-03    6.697576e-03  
  5   1  14   7.971767e+02    7.971767e+02    2.681399e+00    2.681399e+00    -2.505798e-02    1.005443e-02  
  5   1  15   7.938287e+02    7.938287e+02    3.917916e+00    3.917916e+00    -9.820254e-04    1.120999e-02  
  5   1  16   8.021455e+02    8.021455e+02    4.148774e+00    4.148774e+00    -2.974582e-03    5.853215e-03  
  5   1  17   8.081512e+02    8.081512e+02    4.698480e+00    4.698480e+00    -2.951434e-03    1.076581e-02  
  5   1  18   8.314886e+02    8.314886e+02    6.078351e+00    6.078351e+00    6.308492e-03    8.667470e-03  
  5   1  19   8.465055e+02    8.465055e+02    6.875602e+00    6.875602e+00    -9.604333e-03    7.575408e-03  
  5   1  20   8.382569e+02    8.382569e+02    6.855793e+00    6.855793e+00    -2.163415e-02    2.032264e-02  
  5   1  21   8.426948e+02    8.426948e+02    9.186487e+00    9.186487e+00    -1.294548e-02    8.131968e-03  
  5   1  22   8.378952e+02    8.378952e+02    9.128310e+00    9.128310e+00    -7.532808e-03    1.002299e-02  
  5   1  23   8.473395e+02    8.473395e+02    8.235480e+00    8.235480e+00    1.284159e-02    9.913931e-03  
  5   2   1   2.081377e+03    2.081377e+03    2.219770e+01    2.219770e+01    5.134189e-03    2.374872e-03  
  5   2   2   2.060213e+03    2.060213e+03    1.592247e+01    1.592247e+01    1.627907e-03    5.225915e-03  
  5   2   3   2.053839e+03    2.053839e+03    1.689574e+01    1.689574e+01    3.282409e-03    2.714259e-03  
  5   2   4   2.045164e+03    2.045164e+03    1.420415e+01    1.420415e+01    4.534161e-03    3.706431e-03  
  5   2   5   2.028621e+03    2.028621e+03    1.342342e+01    1.342342e+01    1.570909e-03    2.914169e-03  
  5   2   6   1.992422e+03    1.992422e+03    1.727513e+01    1.727513e+01    -3.202287e-03    2.975508e-03  
  5   2   7   2.034575e+03    2.034575e+03    1.410352e+01    1.410352e+01    7.542687e-03    4.272327e-03  
  5   2   8   2.030628e+03    2.030628e+03    1.522674e+01    1.522674e+01    6.039886e-03    4.174004e-03  
  5   2   9   2.043156e+03    2.043156e+03    1.783199e+01    1.783199e+01    2.052705e-03    3.555183e-03  
  5   2  10   2.026988e+03    2.026988e+03    1.743895e+01    1.743895e+01    1.221798e-03    3.809736e-03  
  5   2  11   1.983725e+03    1.983725e+03    2.407026e+01    2.407026e+01    1.705757e-03    5.059991e-03  
  5   2  12   2.000117e+03    2.000117e+03    1.816690e+01    1.816690e+01    1.685340e-02    7.270686e-03  
  5   2  13   2.000955e+03    2.000955e+03    2.108096e+01    2.108096e+01    -1.787709e-03    5.105024e-03  
  5   2  14   1.975853e+03    1.975853e+03    1.875950e+01    1.875950e+01    -2.099448e-03    5.429425e-03  
  5   2  15   1.986973e+03    1.986973e+03    1.727623e+01    1.727623e+01    -2.403204e-03    5.480247e-03  
  5   2  16   1.955325e+03    1.955325e+03    1.854727e+01    1.854727e+01    -5.849802e-03    6.627947e-03  
  5   2  17   1.972807e+03    1.972807e+03    1.729132e+01    1.729132e+01    2.539683e-03    5.881805e-03  
  5   2  18   1.950796e+03    1.950796e+03    1.637337e+01    1.637337e+01    -1.348115e-02    5.022177e-03  
  5   2  19   1.899607e+03    1.899607e+03    1.692803e+01    1.692803e+01    -3.065513e-03    5.921045e-03  
  5   2  20   1.922034e+03    1.922034e+03    1.527534e+01    1.527534e+01    -1.236991e-02    5.556002e-03  
  5   2  21   1.971179e+03    1.971179e+03    1.928463e+01    1.928463e+01    2.252199e-03    5.203205e-03  
  5   2  22   1.909680e+03    1.909680e+03    1.430180e+01    1.430180e+01    -4.618938e-04    6.175568e-03  
  5   2  23   1.922156e+03    1.922156e+03    1.451445e+01    1.451445e+01    -7.870319e-03    9.443337e-03  
  5   2  24   1.930565e+03    1.930565e+03    1.395182e+01    1.395182e+01    2.670376e-04    6.133794e-03  
  5   2  25   1.926774e+03    1.926774e+03    1.142866e+01    1.142866e+01    1.151079e-03    6.117083e-03  
  5   2  26   1.906301e+03    1.906301e+03    1.282381e+01    1.282381e+01    3.475428e-03    5.931874e-03  
  5   2  27   1.906411e+03    1.906411e+03    1.117078e+01    1.117078e+01    5.849640e-03    7.355488e-03  
  5   2  28   1.942032e+03    1.942032e+03    1.189191e+01    1.189191e+01    6.296114e-04    7.492655e-03  
  5   2  29   1.944399e+03    1.944399e+03    1.173319e+01    1.173319e+01    4.777859e-03    6.411763e-03  
  5   2  30   1.920192e+03    1.920192e+03    1.026828e+01    1.026828e+01    -3.639003e-03    6.548057e-03  
  5   2  31   1.950178e+03    1.950178e+03    1.109826e+01    1.109826e+01    3.389988e-03    7.724361e-03  
  5   2  32   1.912307e+03    1.912307e+03    1.058421e+01    1.058421e+01    5.975555e-03    5.865311e-03  
  5   2  33   1.925081e+03    1.925081e+03    1.016216e+01    1.016216e+01    -2.458152e-03    9.748974e-03  
  5   2  34   1.929165e+03    1.929165e+03    1.190238e+01    1.190238e+01    -1.638833e-03    7.873710e-03  
  5   2  35   1.953307e+03    1.953307e+03    1.215210e+01    1.215210e+01    -6.412615e-03    5.147858e-03  
  5   2  36   1.968799e+03    1.968799e+03    1.324245e+01    1.324245e+01    -1.610623e-03    5.907099e-03  
  5   2  37   1.968908e+03    1.968908e+03    1.162566e+01    1.162566e+01    2.241912e-03    6.521440e-03  
  5   2  38   1.987006e+03    1.987006e+03    1.196498e+01    1.196498e+01    -9.109836e-03    4.910480e-03  
  5   2  39   1.990670e+03    1.990670e+03    1.361388e+01    1.361388e+01    -6.957955e-03    6.240673e-03  
  5   2  40   1.972653e+03    1.972653e+03    1.497060e+01    1.497060e+01    -1.187222e-02    7.784133e-03  
  5   2  41   1.999959e+03    1.999959e+03    1.389645e+01    1.389645e+01    4.090909e-03    6.912026e-03  
  5   2  42   2.026146e+03    2.026146e+03    1.711901e+01    1.711901e+01    -5.507246e-03    7.394014e-03  
  5   2  43   2.032414e+03    2.032414e+03    1.579050e+01    1.579050e+01    1.131661e-02    5.532658e-03  
  5   2  44   2.065914e+03    2.065914e+03    1.822621e+01    1.822621e+01    7.711232e-03    5.904122e-03  
  5   2  45   2.053628e+03    2.053628e+03    2.230698e+01    2.230698e+01    -1.352336e-02    9.336638e-03  
  5   2  46   2.068448e+03    2.068448e+03    2.410772e+01    2.410772e+01    -7.578254e-03    5.813209e-03  
  5   2  47   2.080938e+03    2.080938e+03    2.467470e+01    2.467470e+01    -5.732484e-03    8.106767e-03  
  5   2  48   2.059427e+03    2.059427e+03    2.472629e+01    2.472629e+01    6.654895e-03    6.531556e-03  
  5   2  49   1.333333e+01    1.333333e+01    1.414214e+00    1.414214e+00    0.000000e+00    0.000000e+00  
  5   2  50   2.089428e+03    2.089428e+03    3.460702e+01    3.460702e+01    6.513106e-03    7.999010e-03  
  5   2  51   2.080389e+03    2.080389e+03    3.336864e+01    3.336864e+01    -8.201709e-03    7.785740e-03  
  5   2  52   2.083750e+03    2.083750e+03    3.684934e+01    3.684934e+01    9.229501e-03    8.370723e-03  
  5   2  53   2.065057e+03    2.065057e+03    2.954678e+01    2.954678e+01    6.144298e-03    6.711930e-03  
  5   2  54   2.162165e+03    2.162165e+03    3.207178e+01    3.207178e+01    1.171208e-03    9.381115e-03  
  5   2  55   2.171215e+03    2.171215e+03    4.765456e+01    4.765456e+01    -3.092741e-03    1.003179e-02  
  5   2  56   2.067482e+03    2.067482e+03    3.275830e+01    3.275830e+01    -6.309403e-03    6.074586e-03  
  5   2  57   2.035077e+03    2.035077e+03    2.708534e+01    2.708534e+01    8.145212e-03    6.086666e-03  
  5   2  58   2.059023e+03    2.059023e+03    3.211377e+01    3.211377e+01    -6.055509e-03    6.174045e-03  
  5   2  59   2.011487e+03    2.011487e+03    2.281863e+01    2.281863e+01    -6.642414e-03    8.451460e-03  
  5   2  60   2.024124e+03    2.024124e+03    2.614729e+01    2.614729e+01    -2.849873e-03    7.725726e-03  
  5   2  61   2.026494e+03    2.026494e+03    2.337557e+01    2.337557e+01    -1.522549e-03    1.011086e-02  
  5   2  62   2.072146e+03    2.072146e+03    3.747688e+01    3.747688e+01    -5.540684e-03    6.876603e-03  
  5   3   1   7.587095e+02    7.587095e+02    3.693831e+00    3.693831e+00    -1.759202e-02    1.019575e-02  
  5   3   2   7.578384e+02    7.578384e+02    3.476010e+00    3.476010e+00    -3.373035e-03    7.880143e-03  
  5   3   3   7.761985e+02    7.761985e+02    4.530013e+00    4.530013e+00    -9.251101e-04    1.192890e-02  
  5   3   4   7.878249e+02    7.878249e+02    5.108669e+00    5.108669e+00    1.632959e-02    1.229254e-02  
  5   3   5   8.500000e+02    8.500000e+02    1.027771e+01    1.027771e+01    1.451351e-02    1.321736e-02  
  6   1   1   8.484248e+02    8.484248e+02    3.689631e+00    3.689631e+00    3.600360e-04    2.109202e-03  
  6   1   2   8.485919e+02    8.485919e+02    4.238402e+00    4.238402e+00    -1.424031e-03    2.150695e-03  
  6   1   3   8.370921e+02    8.370921e+02    4.291640e+00    4.291640e+00    2.315485e-03    2.462724e-03  
  6   1   4   8.270658e+02    8.270658e+02    4.128059e+00    4.128059e+00    -6.083524e-03    3.860239e-03  
  6   1   5   8.196158e+02    8.196158e+02    4.734088e+00    4.734088e+00    6.778225e-05    3.951478e-03  
  6   1   6   8.093510e+02    8.093510e+02    4.411022e+00    4.411022e+00    -1.756697e-04    3.949561e-03  
  6   1   7   8.036859e+02    8.036859e+02    3.557725e+00    3.557725e+00    6.677686e-03    6.908978e-03  
  6   1   8   7.815305e+02    7.815305e+02    6.426179e+00    6.426179e+00    3.379833e-03    5.314583e-03  
  6   1   9   7.811861e+02    7.811861e+02    3.957325e+00    3.957325e+00    -1.285141e-03    5.843742e-03  
  6   1  10   7.637710e+02    7.637710e+02    5.049937e+00    5.049937e+00    -8.375451e-04    6.911454e-03  
  6   1  11   7.760949e+02    7.760949e+02    6.564434e+00    6.564434e+00    9.019197e-03    9.572491e-03  
  6   1  12   7.652982e+02    7.652982e+02    4.461921e+00    4.461921e+00    -4.519404e-02    3.024960e-02  
  6   1  13   7.888760e+02    7.888760e+02    2.754535e+00    2.754535e+00    -2.132669e-02    9.416305e-03  
  6   1  14   7.824945e+02    7.824945e+02    4.217908e+00    4.217908e+00    2.665477e-03    8.192843e-03  
  6   1  15   7.910724e+02    7.910724e+02    4.009922e+00    4.009922e+00    3.465204e-04    7.921967e-03  
  6   1  16   7.976073e+02    7.976073e+02    4.282407e+00    4.282407e+00    1.538506e-02    9.058637e-03  
  6   1  17   8.166690e+02    8.166690e+02    4.674966e+00    4.674966e+00    -2.548794e-03    7.352798e-03  
  6   1  18   8.197913e+02    8.197913e+02    5.208094e+00    5.208094e+00    4.525714e-03    8.601021e-03  
  6   1  19   8.318158e+02    8.318158e+02    6.382480e+00    6.382480e+00    4.039930e-03    8.524721e-03  
  6   1  20   8.465966e+02    8.465966e+02    7.666403e+00    7.666403e+00    5.550239e-03    6.881184e-03  
  6   1  21   8.611274e+02    8.611274e+02    9.064400e+00    9.064400e+00    6.615312e-03    1.077755e-02  
  6   1  22   8.683126e+02    8.683126e+02    1.081296e+01    1.081296e+01    -9.620746e-03    1.015215e-02  
  6   1  23   8.546953e+02    8.546953e+02    9.897974e+00    9.897974e+00    -1.585790e-02    1.254161e-02  
  6   2   1   2.087304e+03    2.087304e+03    2.357867e+01    2.357867e+01    4.289277e-03    3.188663e-03  
  6   2   2   2.039187e+03    2.039187e+03    1.382902e+01    1.382902e+01    4.390698e-03    2.449470e-03  
  6   2   3   2.034206e+03    2.034206e+03    1.372447e+01    1.372447e+01    4.134624e-17    3.595479e-03  
  6   2   4   2.060799e+03    2.060799e+03    1.441349e+01    1.441349e+01    -5.837583e-03    3.100672e-03  
  6   2   5   2.038950e+03    2.038950e+03    1.355501e+01    1.355501e+01    -3.664122e-03    3.534937e-03  
  6   2   6   2.024789e+03    2.024789e+03    1.718853e+01    1.718853e+01    3.105636e-03    3.765436e-03  
  6   2   7   2.009511e+03    2.009511e+03    1.636400e+01    1.636400e+01    5.362477e-03    2.903833e-03  
  6   2   8   2.039482e+03    2.039482e+03    1.643780e+01    1.643780e+01    3.103448e-03    4.453650e-03  
  6   2   9   2.023457e+03    2.023457e+03    1.382649e+01    1.382649e+01    -1.721624e-03    3.681626e-03  
  6   2  10   2.019010e+03    2.019010e+03    1.619464e+01    1.619464e+01    4.083021e-03    3.796439e-03  
  6   2  11   2.018246e+03    2.018246e+03    1.596302e+01    1.596302e+01    2.237381e-03    3.552699e-03  
  6   2  12   1.987864e+03    1.987864e+03    1.332507e+01    1.332507e+01    -3.193158e-03    3.997234e-03  
  6   2  13   1.999815e+03    1.999815e+03    2.239219e+01    2.239219e+01    -5.997974e-03    4.213407e-03  
  6   2  14   1.943628e+03    1.943628e+03    1.851080e+01    1.851080e+01    -3.219645e-03    5.521944e-03  
  6   2  15   2.010237e+03    2.010237e+03    1.825145e+01    1.825145e+01    5.006729e-03    6.950052e-03  
  6   2  16   1.987608e+03    1.987608e+03    1.798511e+01    1.798511e+01    7.811358e-03    5.691259e-03  
  6   2  17   1.992298e+03    1.992298e+03    1.995091e+01    1.995091e+01    1.190744e-02    6.125570e-03  
  6   2  18   2.005115e+03    2.005115e+03    1.624594e+01    1.624594e+01    1.334957e-02    5.960150e-03  
  6   2  19   1.928989e+03    1.928989e+03    1.241197e+01    1.241197e+01    -3.663396e-03    5.080955e-03  
  6   2  20   1.930442e+03    1.930442e+03    1.474438e+01    1.474438e+01    -1.444478e-04    8.477147e-03  
  6   2  21   1.925277e+03    1.925277e+03    1.593914e+01    1.593914e+01    1.025581e-02    5.371087e-03  
  6   2  22   1.940265e+03    1.940265e+03    1.362434e+01    1.362434e+01    -6.459054e-04    5.722354e-03  
  6   2  23   1.921630e+03    1.921630e+03    1.376906e+01    1.376906e+01    5.218884e-03    6.776076e-03  
  6   2  24   1.901735e+03    1.901735e+03    1.376568e+01    1.376568e+01    3.363762e-03    5.751488e-03  
  6   2  25   1.905169e+03    1.905169e+03    1.213691e+01    1.213691e+01    4.745578e-03    6.970579e-03  
  6   2  26   1.918822e+03    1.918822e+03    1.223076e+01    1.223076e+01    -1.049802e-02    9.265074e-03  
  6   2  27   1.906239e+03    1.906239e+03    1.050297e+01    1.050297e+01    -5.252003e-03    4.576123e-03  
  6   2  28   1.931986e+03    1.931986e+03    1.185003e+01    1.185003e+01    6.942563e-03    7.081935e-03  
  6   2  29   1.907574e+03    1.907574e+03    1.078496e+01    1.078496e+01    -1.331036e-02    6.676222e-03  
  6   2  30   1.916829e+03    1.916829e+03    9.856141e+00    9.856141e+00    -1.316235e-03    7.266261e-03  
  6   2  31   1.930708e+03    1.930708e+03    1.068459e+01    1.068459e+01    3.790571e-03    6.643307e-03  
  6   2  32   1.932430e+03    1.932430e+03    1.100760e+01    1.100760e+01    7.368179e-05    5.726965e-03  
  6   2  33   1.941034e+03    1.941034e+03    1.093849e+01    1.093849e+01    -3.426510e-03    6.689440e-03  
  6   2  34   1.935380e+03    1.935380e+03    1.092337e+01    1.092337e+01    1.636205e-03    5.795047e-03  
  6   2  35   1.949214e+03    1.949214e+03    1.146196e+01    1.146196e+01    -4.224082e-03    6.885549e-03  
  6   2  36   1.982150e+03    1.982150e+03    1.234438e+01    1.234438e+01    -2.657463e-03    9.347395e-03  
  6   2  37   1.954033e+03    1.954033e+03    1.207650e+01    1.207650e+01    -6.269956e-03    1.357230e-02  
  6   2  38   1.969971e+03    1.969971e+03    1.247060e+01    1.247060e+01    5.139476e-03    7.461513e-03  
  6   2  39   2.021455e+03    2.021455e+03    1.386856e+01    1.386856e+01    7.021944e-03    7.811562e-03  
  6   2  40   2.007296e+03    2.007296e+03    1.443970e+01    1.443970e+01    9.828010e-05    7.502974e-03  
  6   2  41   2.001090e+03    2.001090e+03    1.543593e+01    1.543593e+01    1.407290e-02    6.868248e-03  
  6   2  42   2.002696e+03    2.002696e+03    1.541389e+01    1.541389e+01    -1.120978e-02    7.549090e-03  
  6   2  43   1.993639e+03    1.993639e+03    1.561061e+01    1.561061e+01    -6.805112e-03    5.034554e-03  
  6   2  44   2.028729e+03    2.028729e+03    1.469005e+01    1.469005e+01    -5.151033e-03    6.014798e-03  
  6   2  45   2.053993e+03    2.053993e+03    1.855755e+01    1.855755e+01    -1.035693e-02    6.958060e-03  
  6   2  46   2.030121e+03    2.030121e+03    2.229447e+01    2.229447e+01    -3.857671e-03    6.276062e-03  
  6   2  47   2.085811e+03    2.085811e+03    2.161375e+01    2.161375e+01    1.155698e-03    6.948221e-03  
  6   2  48   2.078214e+03    2.078214e+03    2.136596e+01    2.136596e+01    2.699627e-03    6.636591e-03  
  6   2  49   2.079153e+03    2.079153e+03    2.436247e+01    2.436247e+01    9.704510e-03    7.881145e-03  
  6   2  50   2.127007e+03    2.127007e+03    3.547486e+01    3.547486e+01    9.091637e-03    8.490087e-03  
  6   2  51   2.073489e+03    2.073489e+03    2.412828e+01    2.412828e+01    -6.403842e-05    6.642055e-03  
  6   2  52   2.064371e+03    2.064371e+03    3.244817e+01    3.244817e+01    -8.144289e-03    1.257267e-02  
  6   2  53   2.059153e+03    2.059153e+03    2.719211e+01    2.719211e+01    3.876092e-03    6.069144e-03  
  6   2  54   2.058969e+03    2.058969e+03    2.596700e+01    2.596700e+01    -1.494998e-02    8.729088e-03  
  6   2  55   2.098837e+03    2.098837e+03    4.438270e+01    4.438270e+01    1.308793e-03    5.891496e-03  
  6   2  56   2.099176e+03    2.099176e+03    2.806496e+01    2.806496e+01    -1.194030e-03    8.538556e-03  
  6   2  57   2.068272e+03    2.068272e+03    2.574071e+01    2.574071e+01    1.525747e-03    6.158545e-03  
  6   2  58   2.015667e+03    2.015667e+03    2.942568e+01    2.942568e+01    -5.609959e-03    7.342474e-03  
  6   2  59   2.085495e+03    2.085495e+03    2.563662e+01    2.563662e+01    -7.080537e-03    5.354195e-03  
  6   2  60   2.086348e+03    2.086348e+03    2.681026e+01    2.681026e+01    -1.296203e-02    9.115524e-03  
  6   2  61   2.059503e+03    2.059503e+03    3.543680e+01    3.543680e+01    2.148102e-03    6.617442e-03  
  6   2  62   2.090774e+03    2.090774e+03    3.084960e+01    3.084960e+01    2.158516e-03    6.916782e-03  
  6   3   1   7.589474e+02    7.589474e+02    3.535734e+00    3.535734e+00    -1.058587e-02    1.008827e-02  
  6   3   2   7.794696e+02    7.794696e+02    3.301789e+01    3.301789e+01    7.259701e-04    6.455895e-03  
  6   3   3   7.708572e+02    7.708572e+02    5.926826e+00    5.926826e+00    5.769550e-03    8.459426e-03  
  6   3   4   7.903847e+02    7.903847e+02    2.934296e+00    2.934296e+00    1.085778e-02    1.190600e-02  
  6   3   5   7.976378e+02    7.976378e+02    3.938417e+00    3.938417e+00    2.320819e-03    1.331139e-02  
