  1   1   1   -1.362584e+00    0.000000e+00  
  1   1   2   1.633405e+00    0.000000e+00  
  1   1   3   2.089382e+00    0.000000e+00  
  1   1   4   -9.851088e-02    0.000000e+00  
  1   1   5   1.593824e+00    0.000000e+00  
  1   1   6   5.926154e+00    0.000000e+00  
  1   1   7   -4.670995e-01    0.000000e+00  
  1   1   8   -3.982779e-01    0.000000e+00  
  1   1   9   -2.999300e+00    0.000000e+00  
  1   1  10   1.567049e+00    0.000000e+00  
  1   1  11   8.582013e+00    0.000000e+00  
  1   1  12   -2.311786e+00    0.000000e+00  
  1   1  13   -1.565008e+00    0.000000e+00  
  1   1  14   -3.683323e-01    0.000000e+00  
  1   1  15   -3.738164e-01    0.000000e+00  
  1   1  16   -5.740468e-01    0.000000e+00  
  1   1  17   -1.709970e+00    0.000000e+00  
  1   1  18   4.561018e-01    0.000000e+00  
  1   1  19   -4.657953e-01    0.000000e+00  
  1   1  20   -5.113545e-01    0.000000e+00  
  1   1  21   6.061121e-02    0.000000e+00  
  1   1  22   -2.853077e+00    0.000000e+00  
  1   1  23   2.073357e+00    0.000000e+00  
  1   2   1   7.285600e-01    0.000000e+00  
  1   2   2   7.354535e-01    0.000000e+00  
  1   2   3   -4.404100e+00    0.000000e+00  
  1   2   4   1.553671e+00    0.000000e+00  
  1   2   5   -4.933228e+00    0.000000e+00  
  1   2   6   9.349585e-01    0.000000e+00  
  1   2   7   2.908353e+00    0.000000e+00  
  1   2   8   -1.587742e+00    0.000000e+00  
  1   2   9   8.767960e-01    0.000000e+00  
  1   2  10   -3.970982e-01    0.000000e+00  
  1   2  11   -1.374938e+00    0.000000e+00  
  1   2  12   6.911377e-01    0.000000e+00  
  1   2  13   -3.419375e-01    0.000000e+00  
  1   2  14   -1.270413e+00    0.000000e+00  
  1   2  15   4.126007e+00    0.000000e+00  
  1   2  16   -4.911879e+00    0.000000e+00  
  1   2  17   -2.249858e+00    0.000000e+00  
  1   2  18   5.734832e+00    0.000000e+00  
  1   2  19   2.225171e+00    0.000000e+00  
  1   2  20   -3.449480e+00    0.000000e+00  
  1   2  21   1.363376e+01    0.000000e+00  
  1   2  22   1.425507e+00    0.000000e+00  
  1   2  23   6.227027e-01    0.000000e+00  
  1   2  24   -5.105059e+00    0.000000e+00  
  1   2  25   2.891356e+00    0.000000e+00  
  1   2  26   3.442332e+00    0.000000e+00  
  1   2  27   8.978209e+00    0.000000e+00  
  1   2  28   1.332961e+00    0.000000e+00  
  1   2  29   -4.166038e-01    0.000000e+00  
  1   2  30   -8.892749e-01    0.000000e+00  
  1   2  31   2.308126e-01    0.000000e+00  
  1   2  32   -1.442346e+00    0.000000e+00  
  1   2  33   4.224322e+00    0.000000e+00  
  1   2  34   -2.079559e+00    0.000000e+00  
  1   2  35   1.154403e+00    0.000000e+00  
  1   2  36   1.306491e+00    0.000000e+00  
  1   2  37   -8.772548e-02    0.000000e+00  
  1   2  38   -5.527461e-01    0.000000e+00  
  1   2  39   -2.161106e+00    0.000000e+00  
  1   2  40   -1.038309e+00    0.000000e+00  
  1   2  41   6.360468e+00    0.000000e+00  
  1   2  42   4.409104e+00    0.000000e+00  
  1   2  43   -1.933714e+00    0.000000e+00  
  1   2  44   -2.500019e+00    0.000000e+00  
  1   2  45   -8.176179e-01    0.000000e+00  
  1   2  46   1.977126e+00    0.000000e+00  
  1   2  47   -1.579549e-01    0.000000e+00  
  1   2  48   9.663776e-01    0.000000e+00  
  1   2  49   -3.331547e-01    0.000000e+00  
  1   2  50   4.422171e-01    0.000000e+00  
  1   2  51   8.081263e-01    0.000000e+00  
  1   2  52   -1.135314e+01    0.000000e+00  
  1   2  53   -6.716054e-02    0.000000e+00  
  1   2  54   -1.298777e+00    0.000000e+00  
  1   2  55   3.153921e-01    0.000000e+00  
  1   2  56   -2.539720e+00    0.000000e+00  
  1   2  57   -3.163708e-01    0.000000e+00  
  1   2  58   -6.582347e+00    0.000000e+00  
  1   2  59   -1.884189e+00    0.000000e+00  
  1   2  60   1.296534e+00    0.000000e+00  
  1   2  61   2.149325e+00    0.000000e+00  
  1   2  62   1.324452e+00    0.000000e+00  
  1   3   1   1.419434e+01    0.000000e+00  
  1   3   2   -1.002633e+01    0.000000e+00  
  1   3   3   -9.963710e+00    0.000000e+00  
  1   3   4   -7.100824e+00    0.000000e+00  
  1   3   5   1.104194e+00    0.000000e+00  
  2   1   1   -2.864257e+00    0.000000e+00  
  2   1   2   3.419648e+00    0.000000e+00  
  2   1   3   1.584916e+00    0.000000e+00  
  2   1   4   -2.474319e+00    0.000000e+00  
  2   1   5   0.000000e+00    0.000000e+00  
  2   1   6   -1.652383e+00    0.000000e+00  
  2   1   7   -9.621074e-01    0.000000e+00  
  2   1   8   -3.608498e-01    0.000000e+00  
  2   1   9   -3.010523e+00    0.000000e+00  
  2   1  10   0.000000e+00    0.000000e+00  
  2   1  11   3.286953e-01    0.000000e+00  
  2   1  12   2.039340e+00    0.000000e+00  
  2   1  13   -5.812862e-01    0.000000e+00  
  2   1  14   4.722950e+00    0.000000e+00  
  2   1  15   1.699558e+00    0.000000e+00  
  2   1  16   -9.857833e-01    0.000000e+00  
  2   1  17   -9.508297e+00    0.000000e+00  
  2   1  18   -2.365567e-01    0.000000e+00  
  2   1  19   -3.877694e+00    0.000000e+00  
  2   1  20   1.444196e+00    0.000000e+00  
  2   1  21   0.000000e+00    0.000000e+00  
  2   1  22   -2.198591e+00    0.000000e+00  
  2   1  23   -2.943686e+00    0.000000e+00  
  2   2   1   3.410231e+00    0.000000e+00  
  2   2   2   -6.769038e-01    0.000000e+00  
  2   2   3   4.161452e-01    0.000000e+00  
  2   2   4   1.957473e+00    0.000000e+00  
  2   2   5   1.087653e+01    0.000000e+00  
  2   2   6   -3.032471e+00    0.000000e+00  
  2   2   7   1.036562e+00    0.000000e+00  
  2   2   8   1.359873e-01    0.000000e+00  
  2   2   9   2.233701e+00    0.000000e+00  
  2   2  10   -2.073598e+00    0.000000e+00  
  2   2  11   -2.959072e-01    0.000000e+00  
  2   2  12   -1.347390e+00    0.000000e+00  
  2   2  13   4.757856e+00    0.000000e+00  
  2   2  14   1.207442e+00    0.000000e+00  
  2   2  15   -2.737288e+00    0.000000e+00  
  2   2  16   -2.202377e+00    0.000000e+00  
  2   2  17   2.948118e+00    0.000000e+00  
  2   2  18   8.227403e-01    0.000000e+00  
  2   2  19   -4.803952e-01    0.000000e+00  
  2   2  20   5.069477e+00    0.000000e+00  
  2   2  21   4.518947e+00    0.000000e+00  
  2   2  22   -2.117702e-01    0.000000e+00  
  2   2  23   -3.237231e+00    0.000000e+00  
  2   2  24   7.168575e+00    0.000000e+00  
  2   2  25   -7.142811e-01    0.000000e+00  
  2   2  26   7.719528e+00    0.000000e+00  
  2   2  27   1.045793e+00    0.000000e+00  
  2   2  28   -1.032211e-01    0.000000e+00  
  2   2  29   3.883867e+00    0.000000e+00  
  2   2  30   3.598125e-01    0.000000e+00  
  2   2  31   -4.640437e+00    0.000000e+00  
  2   2  32   3.603449e+00    0.000000e+00  
  2   2  33   3.774850e+00    0.000000e+00  
  2   2  34   3.621643e+00    0.000000e+00  
  2   2  35   5.193813e+00    0.000000e+00  
  2   2  36   -1.788092e-01    0.000000e+00  
  2   2  37   -2.194858e+00    0.000000e+00  
  2   2  38   2.806474e+00    0.000000e+00  
  2   2  39   -5.925900e-02    0.000000e+00  
  2   2  40   1.635040e+00    0.000000e+00  
  2   2  41   5.060261e-01    0.000000e+00  
  2   2  42   5.848066e-02    0.000000e+00  
  2   2  43   1.262481e+00    0.000000e+00  
  2   2  44   9.597810e-01    0.000000e+00  
  2   2  45   1.851302e+00    0.000000e+00  
  2   2  46   -2.531334e-01    0.000000e+00  
  2   2  47   7.025558e+00    0.000000e+00  
  2   2  48   3.012668e+00    0.000000e+00  
  2   2  49   1.130938e+00    0.000000e+00  
  2   2  50   3.681119e+00    0.000000e+00  
  2   2  51   -2.134661e+00    0.000000e+00  
  2   2  52   1.178874e-01    0.000000e+00  
  2   2  53   2.634205e+00    0.000000e+00  
  2   2  54   -1.846725e-01    0.000000e+00  
  2   2  55   7.540800e-01    0.000000e+00  
  2   2  56   3.652995e+00    0.000000e+00  
  2   2  57   6.844159e-01    0.000000e+00  
  2   2  58   1.988797e+00    0.000000e+00  
  2   2  59   5.124533e+00    0.000000e+00  
  2   2  60   -2.801397e-01    0.000000e+00  
  2   2  61   1.038774e+00    0.000000e+00  
  2   2  62   2.641364e+00    0.000000e+00  
  2   3   1   1.513081e+01    0.000000e+00  
  2   3   2   -2.637547e+00    0.000000e+00  
  2   3   3   -4.400581e+00    0.000000e+00  
  2   3   4   0.000000e+00    0.000000e+00  
  2   3   5   9.036033e+00    0.000000e+00  
  3   1   1   0.000000e+00    0.000000e+00  
  3   1   2   0.000000e+00    0.000000e+00  
  3   1   3   0.000000e+00    0.000000e+00  
  3   1   4   0.000000e+00    0.000000e+00  
  3   1   5   0.000000e+00    0.000000e+00  
  3   1   6   0.000000e+00    0.000000e+00  
  3   1   7   0.000000e+00    0.000000e+00  
  3   1   8   0.000000e+00    0.000000e+00  
  3   1   9   0.000000e+00    0.000000e+00  
  3   1  10   0.000000e+00    0.000000e+00  
  3   1  11   0.000000e+00    0.000000e+00  
  3   1  12   0.000000e+00    0.000000e+00  
  3   1  13   0.000000e+00    0.000000e+00  
  3   1  14   0.000000e+00    0.000000e+00  
  3   1  15   0.000000e+00    0.000000e+00  
  3   1  16   0.000000e+00    0.000000e+00  
  3   1  17   -8.460554e+00    0.000000e+00  
  3   1  18   -2.359608e+00    0.000000e+00  
  3   1  19   -5.962013e-01    0.000000e+00  
  3   1  20   1.512368e+00    0.000000e+00  
  3   1  21   -1.843488e+00    0.000000e+00  
  3   1  22   -3.021503e+00    0.000000e+00  
  3   1  23   -6.568913e-01    0.000000e+00  
  3   2   1   0.000000e+00    0.000000e+00  
  3   2   2   0.000000e+00    0.000000e+00  
  3   2   3   0.000000e+00    0.000000e+00  
  3   2   4   0.000000e+00    0.000000e+00  
  3   2   5   0.000000e+00    0.000000e+00  
  3   2   6   0.000000e+00    0.000000e+00  
  3   2   7   0.000000e+00    0.000000e+00  
  3   2   8   0.000000e+00    0.000000e+00  
  3   2   9   0.000000e+00    0.000000e+00  
  3   2  10   0.000000e+00    0.000000e+00  
  3   2  11   0.000000e+00    0.000000e+00  
  3   2  12   0.000000e+00    0.000000e+00  
  3   2  13   0.000000e+00    0.000000e+00  
  3   2  14   0.000000e+00    0.000000e+00  
  3   2  15   0.000000e+00    0.000000e+00  
  3   2  16   0.000000e+00    0.000000e+00  
  3   2  17   -2.994284e+00    0.000000e+00  
  3   2  18   -1.877553e+00    0.000000e+00  
  3   2  19   -2.849258e-02    0.000000e+00  
  3   2  20   -2.157062e+00    0.000000e+00  
  3   2  21   2.821232e+00    0.000000e+00  
  3   2  22   8.189891e-01    0.000000e+00  
  3   2  23   -5.884473e-02    0.000000e+00  
  3   2  24   2.254429e+00    0.000000e+00  
  3   2  25   1.401249e+00    0.000000e+00  
  3   2  26   3.798957e+00    0.000000e+00  
  3   2  27   -6.885055e-01    0.000000e+00  
  3   2  28   5.294243e-01    0.000000e+00  
  3   2  29   1.182062e+00    0.000000e+00  
  3   2  30   0.000000e+00    0.000000e+00  
  3   2  31   5.375544e+00    0.000000e+00  
  3   2  32   0.000000e+00    0.000000e+00  
  3   2  33   0.000000e+00    0.000000e+00  
  3   2  34   0.000000e+00    0.000000e+00  
  3   2  35   0.000000e+00    0.000000e+00  
  3   2  36   0.000000e+00    0.000000e+00  
  3   2  37   0.000000e+00    0.000000e+00  
  3   2  38   0.000000e+00    0.000000e+00  
  3   2  39   0.000000e+00    0.000000e+00  
  3   2  40   0.000000e+00    0.000000e+00  
  3   2  41   0.000000e+00    0.000000e+00  
  3   2  42   0.000000e+00    0.000000e+00  
  3   2  43   0.000000e+00    0.000000e+00  
  3   2  44   0.000000e+00    0.000000e+00  
  3   2  45   0.000000e+00    0.000000e+00  
  3   2  46   0.000000e+00    0.000000e+00  
  3   2  47   0.000000e+00    0.000000e+00  
  3   2  48   0.000000e+00    0.000000e+00  
  3   2  49   -6.985546e+00    0.000000e+00  
  3   2  50   -3.713378e+00    0.000000e+00  
  3   2  51   -4.010699e+00    0.000000e+00  
  3   2  52   1.135784e-01    0.000000e+00  
  3   2  53   1.732733e+00    0.000000e+00  
  3   2  54   -2.521886e+00    0.000000e+00  
  3   2  55   1.151875e+00    0.000000e+00  
  3   2  56   -4.325671e-01    0.000000e+00  
  3   2  57   -6.176075e-01    0.000000e+00  
  3   2  58   -4.143832e+00    0.000000e+00  
  3   2  59   -2.061770e+00    0.000000e+00  
  3   2  60   -2.068948e+00    0.000000e+00  
  3   2  61   1.147349e-01    0.000000e+00  
  3   2  62   1.359211e-03    0.000000e+00  
  3   3   1   2.654355e+00    0.000000e+00  
  3   3   2   -1.049820e+01    0.000000e+00  
  3   3   3   -5.390316e+00    0.000000e+00  
  3   3   4   -4.464596e+00    0.000000e+00  
  3   3   5   -5.212421e+00    0.000000e+00  
  4   1   1   1.040576e+00    0.000000e+00  
  4   1   2   4.571430e+00    0.000000e+00  
  4   1   3   4.155755e+00    0.000000e+00  
  4   1   4   -1.000236e+00    0.000000e+00  
  4   1   5   -1.950336e+00    0.000000e+00  
  4   1   6   1.468000e+00    0.000000e+00  
  4   1   7   4.635929e+00    0.000000e+00  
  4   1   8   -9.564964e-01    0.000000e+00  
  4   1   9   -1.085790e+00    0.000000e+00  
  4   1  10   9.393529e-01    0.000000e+00  
  4   1  11   3.654145e+00    0.000000e+00  
  4   1  12   -8.793179e-01    0.000000e+00  
  4   1  13   4.308772e+00    0.000000e+00  
  4   1  14   2.520954e+00    0.000000e+00  
  4   1  15   5.226547e+00    0.000000e+00  
  4   1  16   1.648649e+00    0.000000e+00  
  4   1  17   2.714844e+00    0.000000e+00  
  4   1  18   0.000000e+00    0.000000e+00  
  4   1  19   -7.470435e+00    0.000000e+00  
  4   1  20   -3.039944e+00    0.000000e+00  
  4   1  21   -6.097795e-01    0.000000e+00  
  4   1  22   -1.826287e+00    0.000000e+00  
  4   1  23   5.192704e-01    0.000000e+00  
  4   2   1   -2.157075e+00    0.000000e+00  
  4   2   2   6.229788e-01    0.000000e+00  
  4   2   3   -1.265903e+00    0.000000e+00  
  4   2   4   4.898932e+00    0.000000e+00  
  4   2   5   -1.490523e+00    0.000000e+00  
  4   2   6   -2.125274e+00    0.000000e+00  
  4   2   7   6.706036e-02    0.000000e+00  
  4   2   8   -6.356363e-01    0.000000e+00  
  4   2   9   5.089740e-01    0.000000e+00  
  4   2  10   1.551509e+00    0.000000e+00  
  4   2  11   4.429361e+00    0.000000e+00  
  4   2  12   -6.701964e-01    0.000000e+00  
  4   2  13   -1.819885e+00    0.000000e+00  
  4   2  14   1.337564e+00    0.000000e+00  
  4   2  15   -7.960230e-01    0.000000e+00  
  4   2  16   1.698436e+00    0.000000e+00  
  4   2  17   1.158832e+00    0.000000e+00  
  4   2  18   3.670468e+00    0.000000e+00  
  4   2  19   1.394977e+00    0.000000e+00  
  4   2  20   4.144893e+00    0.000000e+00  
  4   2  21   1.284474e+00    0.000000e+00  
  4   2  22   2.135379e-01    0.000000e+00  
  4   2  23   2.358844e+00    0.000000e+00  
  4   2  24   8.165381e-01    0.000000e+00  
  4   2  25   -4.921872e-01    0.000000e+00  
  4   2  26   3.806748e+00    0.000000e+00  
  4   2  27   1.332371e+00    0.000000e+00  
  4   2  28   1.959348e-01    0.000000e+00  
  4   2  29   1.461619e+00    0.000000e+00  
  4   2  30   -7.066820e+00    0.000000e+00  
  4   2  31   0.000000e+00    0.000000e+00  
  4   2  32   -1.593921e+00    0.000000e+00  
  4   2  33   1.717599e-01    0.000000e+00  
  4   2  34   4.036624e+00    0.000000e+00  
  4   2  35   4.536514e+00    0.000000e+00  
  4   2  36   1.560803e+00    0.000000e+00  
  4   2  37   -3.318810e-01    0.000000e+00  
  4   2  38   2.130072e+00    0.000000e+00  
  4   2  39   -4.509547e-01    0.000000e+00  
  4   2  40   1.576527e+00    0.000000e+00  
  4   2  41   -6.397220e-01    0.000000e+00  
  4   2  42   5.488837e-02    0.000000e+00  
  4   2  43   3.935681e+00    0.000000e+00  
  4   2  44   -1.913109e+00    0.000000e+00  
  4   2  45   -1.740689e+00    0.000000e+00  
  4   2  46   1.325941e+00    0.000000e+00  
  4   2  47   -4.045126e-01    0.000000e+00  
  4   2  48   1.318521e+00    0.000000e+00  
  4   2  49   -1.172634e+00    0.000000e+00  
  4   2  50   -6.646284e-01    0.000000e+00  
  4   2  51   -2.629979e+00    0.000000e+00  
  4   2  52   3.490204e+00    0.000000e+00  
  4   2  53   6.435052e-01    0.000000e+00  
  4   2  54   -2.436410e+00    0.000000e+00  
  4   2  55   1.325556e+00    0.000000e+00  
  4   2  56   5.395415e-01    0.000000e+00  
  4   2  57   1.709170e+00    0.000000e+00  
  4   2  58   -2.575885e-01    0.000000e+00  
  4   2  59   -1.798630e+00    0.000000e+00  
  4   2  60   2.419510e+00    0.000000e+00  
  4   2  61   1.864637e+00    0.000000e+00  
  4   2  62   -1.740497e+00    0.000000e+00  
  4   3   1   0.000000e+00    0.000000e+00  
  4   3   2   7.255544e+00    0.000000e+00  
  4   3   3   -5.560666e+00    0.000000e+00  
  4   3   4   1.159250e+01    0.000000e+00  
  4   3   5   0.000000e+00    0.000000e+00  
  5   1   1   -1.986802e+00    0.000000e+00  
  5   1   2   2.914974e+00    0.000000e+00  
  5   1   3   -8.878169e-01    0.000000e+00  
  5   1   4   -1.149519e+01    0.000000e+00  
  5   1   5   -1.354543e-01    0.000000e+00  
  5   1   6   7.472659e+00    0.000000e+00  
  5   1   7   -1.813304e+00    0.000000e+00  
  5   1   8   -1.358544e-01    0.000000e+00  
  5   1   9   -1.731746e+00    0.000000e+00  
  5   1  10   2.467910e+00    0.000000e+00  
  5   1  11   -2.126647e+00    0.000000e+00  
  5   1  12   -8.853327e-01    0.000000e+00  
  5   1  13   4.044298e+00    0.000000e+00  
  5   1  14   2.742165e+00    0.000000e+00  
  5   1  15   -4.612287e+00    0.000000e+00  
  5   1  16   7.750887e+00    0.000000e+00  
  5   1  17   4.858910e+00    0.000000e+00  
  5   1  18   -3.323686e+00    0.000000e+00  
  5   1  19   -1.480009e+00    0.000000e+00  
  5   1  20   -1.392880e+00    0.000000e+00  
  5   1  21   -1.205252e+00    0.000000e+00  
  5   1  22   -2.584052e+00    0.000000e+00  
  5   1  23   2.360574e+00    0.000000e+00  
  5   2   1   6.916168e-01    0.000000e+00  
  5   2   2   -2.205982e+00    0.000000e+00  
  5   2   3   -1.739213e+00    0.000000e+00  
  5   2   4   -3.170404e+00    0.000000e+00  
  5   2   5   1.701676e+00    0.000000e+00  
  5   2   6   2.261665e+00    0.000000e+00  
  5   2   7   -1.246193e+00    0.000000e+00  
  5   2   8   1.124408e+00    0.000000e+00  
  5   2   9   1.016241e+00    0.000000e+00  
  5   2  10   1.749127e+00    0.000000e+00  
  5   2  11   1.366903e+00    0.000000e+00  
  5   2  12   2.056267e-01    0.000000e+00  
  5   2  13   -8.626961e-01    0.000000e+00  
  5   2  14   -1.714034e+00    0.000000e+00  
  5   2  15   -1.194461e+00    0.000000e+00  
  5   2  16   -1.222238e+00    0.000000e+00  
  5   2  17   9.190748e-01    0.000000e+00  
  5   2  18   1.758116e+00    0.000000e+00  
  5   2  19   1.120056e+00    0.000000e+00  
  5   2  20   -9.474704e-01    0.000000e+00  
  5   2  21   2.483214e+00    0.000000e+00  
  5   2  22   2.040771e+00    0.000000e+00  
  5   2  23   -5.925136e+00    0.000000e+00  
  5   2  24   -2.513850e+00    0.000000e+00  
  5   2  25   -2.958968e-01    0.000000e+00  
  5   2  26   -1.371697e+00    0.000000e+00  
  5   2  27   9.540515e+00    0.000000e+00  
  5   2  28   9.256826e-01    0.000000e+00  
  5   2  29   -8.172670e-01    0.000000e+00  
  5   2  30   3.888796e+00    0.000000e+00  
  5   2  31   4.118657e+00    0.000000e+00  
  5   2  32   -7.760019e+00    0.000000e+00  
  5   2  33   9.149423e-01    0.000000e+00  
  5   2  34   2.312480e+00    0.000000e+00  
  5   2  35   -8.287545e-02    0.000000e+00  
  5   2  36   -1.655014e+00    0.000000e+00  
  5   2  37   4.111326e+00    0.000000e+00  
  5   2  38   -1.086123e+00    0.000000e+00  
  5   2  39   -7.043099e-02    0.000000e+00  
  5   2  40   2.515983e+00    0.000000e+00  
  5   2  41   1.055242e-01    0.000000e+00  
  5   2  42   2.613822e+00    0.000000e+00  
  5   2  43   -8.386163e-01    0.000000e+00  
  5   2  44   -5.733339e+00    0.000000e+00  
  5   2  45   2.064623e+00    0.000000e+00  
  5   2  46   -3.896140e+00    0.000000e+00  
  5   2  47   5.773528e+00    0.000000e+00  
  5   2  48   4.884808e-01    0.000000e+00  
  5   2  49   1.995009e+00    0.000000e+00  
  5   2  50   1.260178e+00    0.000000e+00  
  5   2  51   3.600924e-01    0.000000e+00  
  5   2  52   6.364904e-01    0.000000e+00  
  5   2  53   -3.402776e-01    0.000000e+00  
  5   2  54   3.272994e+00    0.000000e+00  
  5   2  55   -6.312759e-01    0.000000e+00  
  5   2  56   2.489987e+00    0.000000e+00  
  5   2  57   -8.322683e-01    0.000000e+00  
  5   2  58   -1.418273e+00    0.000000e+00  
  5   2  59   -7.308371e-01    0.000000e+00  
  5   2  60   3.045424e+00    0.000000e+00  
  5   2  61   1.288046e+00    0.000000e+00  
  5   2  62   -1.589534e+00    0.000000e+00  
  5   3   1   1.853947e+00    0.000000e+00  
  5   3   2   2.123488e+00    0.000000e+00  
  5   3   3   3.656388e+00    0.000000e+00  
  5   3   4   3.369923e+00    0.000000e+00  
  5   3   5   -9.429635e+00    0.000000e+00  
  6   1   1   2.501721e+00    0.000000e+00  
  6   1   2   6.453774e-01    0.000000e+00  
  6   1   3   -1.486882e+00    0.000000e+00  
  6   1   4   -1.700550e+00    0.000000e+00  
  6   1   5   3.288883e+00    0.000000e+00  
  6   1   6   -8.885592e+00    0.000000e+00  
  6   1   7   8.461342e-01    0.000000e+00  
  6   1   8   3.016940e+00    0.000000e+00  
  6   1   9   1.865523e+00    0.000000e+00  
  6   1  10   -2.504632e+00    0.000000e+00  
  6   1  11   -5.195638e-01    0.000000e+00  
  6   1  12   -6.534532e-02    0.000000e+00  
  6   1  13   1.796354e+00    0.000000e+00  
  6   1  14   -6.142392e+00    0.000000e+00  
  6   1  15   -2.874867e+00    0.000000e+00  
  6   1  16   -2.362695e+00    0.000000e+00  
  6   1  17   1.343076e+00    0.000000e+00  
  6   1  18   -6.504900e-01    0.000000e+00  
  6   1  19   1.608547e+00    0.000000e+00  
  6   1  20   3.702932e+00    0.000000e+00  
  6   1  21   -1.266566e+01    0.000000e+00  
  6   1  22   -3.738230e+00    0.000000e+00  
  6   1  23   -3.217080e+00    0.000000e+00  
  6   2   1   -3.208197e+00    0.000000e+00  
  6   2   2   -1.335886e+00    0.000000e+00  
  6   2   3   -1.027418e+00    0.000000e+00  
  6   2   4   1.956305e+00    0.000000e+00  
  6   2   5   4.499476e+00    0.000000e+00  
  6   2   6   -1.492978e+00    0.000000e+00  
  6   2   7   -6.897261e-01    0.000000e+00  
  6   2   8   -5.587064e+00    0.000000e+00  
  6   2   9   2.179793e+00    0.000000e+00  
  6   2  10   1.872191e+00    0.000000e+00  
  6   2  11   4.019213e+00    0.000000e+00  
  6   2  12   1.126353e+00    0.000000e+00  
  6   2  13   6.556497e-01    0.000000e+00  
  6   2  14   -6.431397e+00    0.000000e+00  
  6   2  15   3.084631e+00    0.000000e+00  
  6   2  16   -1.509026e+00    0.000000e+00  
  6   2  17   -1.940309e+00    0.000000e+00  
  6   2  18   3.726554e+00    0.000000e+00  
  6   2  19   7.309748e+00    0.000000e+00  
  6   2  20   -9.075799e-01    0.000000e+00  
  6   2  21   3.591404e+00    0.000000e+00  
  6   2  22   6.193858e+00    0.000000e+00  
  6   2  23   3.752931e+00    0.000000e+00  
  6   2  24   -6.192097e-01    0.000000e+00  
  6   2  25   -1.059284e+00    0.000000e+00  
  6   2  26   -1.229322e+00    0.000000e+00  
  6   2  27   8.539852e-01    0.000000e+00  
  6   2  28   -3.271743e+00    0.000000e+00  
  6   2  29   3.935459e-01    0.000000e+00  
  6   2  30   -7.930360e-01    0.000000e+00  
  6   2  31   -2.060875e+00    0.000000e+00  
  6   2  32   -4.837032e-01    0.000000e+00  
  6   2  33   -2.324648e+00    0.000000e+00  
  6   2  34   -5.744700e+00    0.000000e+00  
  6   2  35   1.537296e+00    0.000000e+00  
  6   2  36   4.188221e+00    0.000000e+00  
  6   2  37   1.190050e+00    0.000000e+00  
  6   2  38   4.190954e+00    0.000000e+00  
  6   2  39   -1.788063e+00    0.000000e+00  
  6   2  40   -1.708194e+00    0.000000e+00  
  6   2  41   6.749442e+00    0.000000e+00  
  6   2  42   2.127405e+00    0.000000e+00  
  6   2  43   1.039401e+00    0.000000e+00  
  6   2  44   -2.515159e+00    0.000000e+00  
  6   2  45   2.071916e+00    0.000000e+00  
  6   2  46   -2.266910e-01    0.000000e+00  
  6   2  47   2.346443e+00    0.000000e+00  
  6   2  48   1.959591e+00    0.000000e+00  
  6   2  49   -2.492122e+00    0.000000e+00  
  6   2  50   2.318040e+00    0.000000e+00  
  6   2  51   -5.214480e-01    0.000000e+00  
  6   2  52   -1.321404e+00    0.000000e+00  
  6   2  53   -2.265952e+00    0.000000e+00  
  6   2  54   1.538004e+00    0.000000e+00  
  6   2  55   1.067011e+00    0.000000e+00  
  6   2  56   -3.217318e-01    0.000000e+00  
  6   2  57   1.738130e+00    0.000000e+00  
  6   2  58   -1.301156e+00    0.000000e+00  
  6   2  59   -5.393311e-01    0.000000e+00  
  6   2  60   3.754026e+00    0.000000e+00  
  6   2  61   -2.059530e+00    0.000000e+00  
  6   2  62   -2.720315e+00    0.000000e+00  
  6   3   1   -4.057500e+01    0.000000e+00  
  6   3   2   1.863475e+00    0.000000e+00  
  6   3   3   5.454912e+00    0.000000e+00  
  6   3   4   -9.999318e+00    0.000000e+00  
  6   3   5   3.935083e+00    0.000000e+00  
