1 1 1 40.000 0.500 0.000 40.000 0.500 0.000
1 1 2 40.000 0.500 0.000 40.000 0.500 0.000
1 1 3 40.000 0.500 0.000 40.000 0.500 0.000
1 1 4 40.000 0.500 0.000 40.000 0.500 0.000
1 1 5 40.000 0.500 0.000 40.000 0.500 0.000
1 1 6 40.000 0.500 0.000 40.000 0.500 0.000
1 1 7 40.000 0.500 0.000 40.000 0.500 0.000
1 1 8 40.000 0.500 0.000 40.000 0.500 0.000
1 1 9 40.000 0.500 0.000 40.000 0.500 0.000
1 1 10 40.000 0.500 0.000 40.000 0.500 0.000
1 1 11 40.000 0.500 0.000 40.000 0.500 0.000
1 1 12 40.000 0.500 0.000 40.000 0.500 0.000
1 1 13 40.000 0.500 0.000 40.000 0.500 0.000
1 1 14 40.000 0.500 0.000 40.000 0.500 0.000
1 1 15 40.000 0.500 0.000 40.000 0.500 0.000
1 1 16 40.000 0.500 0.000 40.000 0.500 0.000
1 1 17 40.000 0.500 0.000 40.000 0.500 0.000
1 1 18 40.000 0.500 0.000 40.000 0.500 0.000
1 1 19 40.000 0.500 0.000 40.000 0.500 0.000
1 1 20 40.000 0.500 0.000 40.000 0.500 0.000
1 1 21 40.000 0.500 0.000 40.000 0.500 0.000
1 1 22 40.000 0.500 0.000 40.000 0.500 0.000
1 1 23 40.000 0.500 0.000 40.000 0.500 0.000
1 2 1 40.000 0.500 0.000 40.000 0.500 0.000
1 2 2 40.000 0.500 0.000 40.000 0.500 0.000
1 2 3 40.000 0.500 0.000 40.000 0.500 0.000
1 2 4 40.000 0.500 0.000 40.000 0.500 0.000
1 2 5 40.000 0.500 0.000 40.000 0.500 0.000
1 2 6 40.000 0.500 0.000 40.000 0.500 0.000
1 2 7 40.000 0.500 0.000 40.000 0.500 0.000
1 2 8 40.000 0.500 0.000 40.000 0.500 0.000
1 2 9 40.000 0.500 0.000 40.000 0.500 0.000
1 2 10 40.000 0.500 0.000 40.000 0.500 0.000
1 2 11 40.000 0.500 0.000 40.000 0.500 0.000
1 2 12 40.000 0.500 0.000 40.000 0.500 0.000
1 2 13 40.000 0.500 0.000 40.000 0.500 0.000
1 2 14 40.000 0.500 0.000 40.000 0.500 0.000
1 2 15 40.000 0.500 0.000 40.000 0.500 0.000
1 2 16 40.000 0.500 0.000 40.000 0.500 0.000
1 2 17 40.000 0.500 0.000 40.000 0.500 0.000
1 2 18 40.000 0.500 0.000 40.000 0.500 0.000
1 2 19 40.000 0.500 0.000 40.000 0.500 0.000
1 2 20 40.000 0.500 0.000 40.000 0.500 0.000
1 2 21 40.000 0.500 0.000 40.000 0.500 0.000
1 2 22 40.000 0.500 0.000 40.000 0.500 0.000
1 2 23 40.000 0.500 0.000 40.000 0.500 0.000
1 2 24 40.000 0.500 0.000 40.000 0.500 0.000
1 2 25 40.000 0.500 0.000 40.000 0.500 0.000
1 2 26 40.000 0.500 0.000 40.000 0.500 0.000
1 2 27 40.000 0.500 0.000 40.000 0.500 0.000
1 2 28 40.000 0.500 0.000 40.000 0.500 0.000
1 2 29 40.000 0.500 0.000 40.000 0.500 0.000
1 2 30 40.000 0.500 0.000 40.000 0.500 0.000
1 2 31 40.000 0.500 0.000 40.000 0.500 0.000
1 2 32 40.000 0.500 0.000 40.000 0.500 0.000
1 2 33 40.000 0.500 0.000 40.000 0.500 0.000
1 2 34 40.000 0.500 0.000 40.000 0.500 0.000
1 2 35 40.000 0.500 0.000 40.000 0.500 0.000
1 2 36 40.000 0.500 0.000 40.000 0.500 0.000
1 2 37 40.000 0.500 0.000 40.000 0.500 0.000
1 2 38 40.000 0.500 0.000 40.000 0.500 0.000
1 2 39 40.000 0.500 0.000 40.000 0.500 0.000
1 2 40 40.000 0.500 0.000 40.000 0.500 0.000
1 2 41 40.000 0.500 0.000 40.000 0.500 0.000
1 2 42 40.000 0.500 0.000 40.000 0.500 0.000
1 2 43 40.000 0.500 0.000 40.000 0.500 0.000
1 2 44 40.000 0.500 0.000 40.000 0.500 0.000
1 2 45 40.000 0.500 0.000 40.000 0.500 0.000
1 2 46 40.000 0.500 0.000 40.000 0.500 0.000
1 2 47 40.000 0.500 0.000 40.000 0.500 0.000
1 2 48 40.000 0.500 0.000 40.000 0.500 0.000
1 2 49 40.000 0.500 0.000 40.000 0.500 0.000
1 2 50 40.000 0.500 0.000 40.000 0.500 0.000
1 2 51 40.000 0.500 0.000 40.000 0.500 0.000
1 2 52 40.000 0.500 0.000 40.000 0.500 0.000
1 2 53 40.000 0.500 0.000 40.000 0.500 0.000
1 2 54 40.000 0.500 0.000 40.000 0.500 0.000
1 2 55 40.000 0.500 0.000 40.000 0.500 0.000
1 2 56 40.000 0.500 0.000 40.000 0.500 0.000
1 2 57 40.000 0.500 0.000 40.000 0.500 0.000
1 2 58 40.000 0.500 0.000 40.000 0.500 0.000
1 2 59 40.000 0.500 0.000 40.000 0.500 0.000
1 2 60 40.000 0.500 0.000 40.000 0.500 0.000
1 2 61 40.000 0.500 0.000 40.000 0.500 0.000
1 2 62 40.000 0.500 0.000 40.000 0.500 0.000
1 3 1 40.000 0.500 0.000 40.000 0.500 0.000
1 3 2 40.000 0.500 0.000 40.000 0.500 0.000
1 3 3 40.000 0.500 0.000 40.000 0.500 0.000
1 3 4 40.000 0.500 0.000 40.000 0.500 0.000
1 3 5 40.000 0.500 0.000 40.000 0.500 0.000
2 1 1 27.963 0.526 0.000 24.911 0.531 0.000
2 1 2 25.618 0.530 0.000 27.240 0.527 0.000
2 1 3 26.605 0.529 0.000 26.094 0.530 0.000
2 1 4 26.181 0.530 0.000 25.795 0.530 0.000
2 1 5 40.000 0.500 0.000 40.000 0.500 0.000
2 1 6 29.941 0.521 0.000 30.985 0.527 0.000
2 1 7 20.968 0.536 0.000 23.131 0.533 0.000
2 1 8 23.450 0.533 0.000 20.513 0.537 0.000
2 1 9 22.433 0.535 0.000 20.540 0.537 0.000
2 1 10 40.000 0.500 0.000 40.000 0.500 0.000
2 1 11 20.244 0.537 0.000 18.542 0.539 0.000
2 1 12 18.886 0.539 0.000 21.384 0.536 0.000
2 1 13 20.039 0.538 0.000 16.620 0.541 0.000
2 1 14 16.541 0.541 0.000 17.087 0.540 0.000
2 1 15 16.472 0.541 0.000 15.627 0.541 0.000
2 1 16 15.971 0.541 0.000 16.592 0.541 0.000
2 1 17 10.837 0.545 0.000 16.405 0.541 0.000
2 1 18 13.852 0.543 0.000 16.537 0.541 0.000
2 1 19 13.191 0.543 0.000 15.371 0.542 0.000
2 1 20 16.135 0.541 0.000 14.222 0.543 0.000
2 1 21 40.000 0.500 0.000 40.000 0.500 0.000
2 1 22 10.833 0.545 0.000 11.497 0.546 0.000
2 1 23 19.937 0.542 0.000 4.012 0.468 0.000
2 2 1 74.870 0.487 0.000 78.990 0.498 0.000
2 2 2 44.114 0.490 0.000 36.249 0.487 0.000
2 2 3 44.073 0.483 0.000 33.428 0.478 0.000
2 2 4 39.379 0.502 0.000 88.650 0.549 0.000
2 2 5 45.823 0.492 0.000 43.810 0.484 0.000
2 2 6 42.205 0.497 0.000 44.032 0.483 0.000
2 2 7 43.256 0.487 0.000 44.874 0.487 0.000
2 2 8 45.621 0.470 0.000 74.894 0.534 0.000
2 2 9 41.669 0.501 0.000 51.089 0.479 0.000
2 2 10 40.894 0.489 0.000 47.414 0.474 0.000
2 2 11 45.454 0.473 0.000 41.054 0.496 0.000
2 2 12 50.457 0.485 0.000 49.302 0.473 0.000
2 2 13 45.247 0.482 0.000 68.568 0.512 0.000
2 2 14 84.387 0.536 0.000 48.666 0.474 0.000
2 2 15 54.173 0.474 0.000 87.381 0.546 0.000
2 2 16 77.096 0.549 0.000 46.220 0.479 0.000
2 2 17 40.000 0.500 0.000 46.459 0.475 0.000
2 2 18 49.578 0.469 0.000 83.711 0.545 0.000
2 2 19 49.212 0.470 0.000 54.648 0.469 0.000
2 2 20 46.263 0.481 0.000 80.812 0.550 0.000
2 2 21 49.500 0.471 0.000 52.839 0.468 0.000
2 2 22 47.109 0.476 0.000 79.405 0.549 0.000
2 2 23 44.011 0.491 0.000 88.989 0.550 0.000
2 2 24 49.623 0.471 0.000 53.547 0.477 0.000
2 2 25 46.036 0.489 0.000 74.917 0.545 0.000
2 2 26 42.836 0.489 0.000 47.029 0.473 0.000
2 2 27 45.890 0.483 0.000 79.132 0.550 0.000
2 2 28 44.290 0.487 0.000 48.625 0.472 0.000
2 2 29 42.537 0.490 0.000 49.367 0.470 0.000
2 2 30 44.522 0.480 0.000 46.822 0.476 0.000
2 2 31 43.643 0.491 0.000 48.550 0.488 0.000
2 2 32 40.000 0.500 0.000 44.319 0.475 0.000
2 2 33 44.868 0.488 0.000 78.390 0.536 0.000
2 2 34 43.370 0.494 0.000 55.987 0.475 0.000
2 2 35 42.039 0.498 0.000 50.906 0.479 0.000
2 2 36 40.309 0.499 0.000 52.003 0.479 0.000
2 2 37 41.248 0.496 0.000 53.360 0.476 0.000
2 2 38 40.401 0.499 0.000 50.240 0.477 0.000
2 2 39 28.426 0.524 0.000 45.132 0.495 0.000
2 2 40 36.964 0.505 0.000 49.605 0.472 0.000
2 2 41 32.541 0.514 0.000 42.775 0.496 0.000
2 2 42 35.110 0.514 0.000 39.170 0.503 0.000
2 2 43 35.599 0.513 0.000 48.307 0.474 0.000
2 2 44 28.187 0.524 0.000 34.125 0.514 0.000
2 2 45 36.785 0.510 0.000 28.327 0.524 0.000
2 2 46 27.929 0.523 0.000 37.358 0.508 0.000
2 2 47 25.659 0.527 0.000 36.634 0.505 0.000
2 2 48 33.637 0.514 0.000 31.254 0.520 0.000
2 2 49 30.706 0.522 0.000 31.459 0.526 0.000
2 2 50 28.854 0.521 0.000 33.903 0.517 0.000
2 2 51 19.857 0.535 0.000 26.761 0.528 0.000
2 2 52 31.376 0.515 0.000 34.920 0.515 0.000
2 2 53 28.950 0.523 0.000 30.263 0.520 0.000
2 2 54 39.084 0.514 0.000 19.788 0.535 0.000
2 2 55 23.610 0.530 0.000 14.074 0.541 0.000
2 2 56 35.212 0.517 0.000 0.000 0.549 0.000
2 2 57 0.000 0.502 0.000 0.656 0.550 0.000
2 2 58 104.751 0.450 0.000 40.064 0.500 0.000
2 2 59 40.380 0.499 0.000 39.843 0.501 0.000
2 2 60 40.699 0.498 0.000 40.000 0.500 0.000
2 2 61 40.000 0.500 0.000 40.000 0.500 0.000
2 2 62 40.000 0.500 0.000 40.000 0.500 0.000
2 3 1 12.338 0.541 0.000 6.687 0.467 0.000
2 3 2 78.902 0.483 0.000 39.284 0.503 0.000
2 3 3 39.185 0.503 0.000 38.396 0.506 0.000
2 3 4 40.000 0.500 0.000 40.000 0.500 0.000
2 3 5 40.000 0.500 0.000 40.000 0.500 0.000
3 1 1 40.000 0.500 0.000 40.000 0.500 0.000
3 1 2 40.000 0.500 0.000 40.000 0.500 0.000
3 1 3 40.000 0.500 0.000 40.000 0.500 0.000
3 1 4 40.000 0.500 0.000 40.000 0.500 0.000
3 1 5 40.000 0.500 0.000 40.000 0.500 0.000
3 1 6 40.000 0.500 0.000 40.000 0.500 0.000
3 1 7 40.000 0.500 0.000 40.000 0.500 0.000
3 1 8 40.000 0.500 0.000 40.000 0.500 0.000
3 1 9 40.000 0.500 0.000 40.000 0.500 0.000
3 1 10 40.000 0.500 0.000 40.000 0.500 0.000
3 1 11 40.000 0.500 0.000 40.000 0.500 0.000
3 1 12 40.000 0.500 0.000 40.000 0.500 0.000
3 1 13 40.000 0.500 0.000 40.000 0.500 0.000
3 1 14 40.000 0.500 0.000 40.000 0.500 0.000
3 1 15 40.000 0.500 0.000 40.000 0.500 0.000
3 1 16 40.000 0.500 0.000 40.000 0.500 0.000
3 1 17 40.000 0.500 0.000 40.000 0.500 0.000
3 1 18 40.000 0.500 0.000 40.000 0.500 0.000
3 1 19 40.000 0.500 0.000 40.000 0.500 0.000
3 1 20 40.000 0.500 0.000 40.000 0.500 0.000
3 1 21 40.000 0.500 0.000 40.000 0.500 0.000
3 1 22 40.000 0.500 0.000 40.000 0.500 0.000
3 1 23 40.000 0.500 0.000 40.000 0.500 0.000
3 2 1 40.000 0.500 0.000 40.000 0.500 0.000
3 2 2 40.000 0.500 0.000 40.000 0.500 0.000
3 2 3 40.000 0.500 0.000 40.000 0.500 0.000
3 2 4 40.000 0.500 0.000 40.000 0.500 0.000
3 2 5 40.000 0.500 0.000 40.000 0.500 0.000
3 2 6 40.000 0.500 0.000 40.000 0.500 0.000
3 2 7 40.000 0.500 0.000 40.000 0.500 0.000
3 2 8 40.000 0.500 0.000 40.000 0.500 0.000
3 2 9 40.000 0.500 0.000 40.000 0.500 0.000
3 2 10 40.000 0.500 0.000 40.000 0.500 0.000
3 2 11 40.000 0.500 0.000 40.000 0.500 0.000
3 2 12 40.000 0.500 0.000 40.000 0.500 0.000
3 2 13 40.000 0.500 0.000 40.000 0.500 0.000
3 2 14 40.000 0.500 0.000 40.000 0.500 0.000
3 2 15 40.000 0.500 0.000 40.000 0.500 0.000
3 2 16 40.000 0.500 0.000 40.000 0.500 0.000
3 2 17 40.000 0.500 0.000 40.000 0.500 0.000
3 2 18 40.000 0.500 0.000 40.000 0.500 0.000
3 2 19 40.000 0.500 0.000 40.000 0.500 0.000
3 2 20 40.000 0.500 0.000 40.000 0.500 0.000
3 2 21 40.000 0.500 0.000 40.000 0.500 0.000
3 2 22 40.000 0.500 0.000 40.000 0.500 0.000
3 2 23 40.000 0.500 0.000 40.000 0.500 0.000
3 2 24 40.000 0.500 0.000 40.000 0.500 0.000
3 2 25 40.000 0.500 0.000 40.000 0.500 0.000
3 2 26 40.000 0.500 0.000 40.000 0.500 0.000
3 2 27 40.000 0.500 0.000 40.000 0.500 0.000
3 2 28 40.000 0.500 0.000 40.000 0.500 0.000
3 2 29 40.000 0.500 0.000 40.000 0.500 0.000
3 2 30 40.000 0.500 0.000 40.000 0.500 0.000
3 2 31 40.000 0.500 0.000 40.000 0.500 0.000
3 2 32 40.000 0.500 0.000 40.000 0.500 0.000
3 2 33 40.000 0.500 0.000 40.000 0.500 0.000
3 2 34 40.000 0.500 0.000 40.000 0.500 0.000
3 2 35 40.000 0.500 0.000 40.000 0.500 0.000
3 2 36 40.000 0.500 0.000 40.000 0.500 0.000
3 2 37 40.000 0.500 0.000 40.000 0.500 0.000
3 2 38 40.000 0.500 0.000 40.000 0.500 0.000
3 2 39 40.000 0.500 0.000 40.000 0.500 0.000
3 2 40 40.000 0.500 0.000 40.000 0.500 0.000
3 2 41 40.000 0.500 0.000 40.000 0.500 0.000
3 2 42 40.000 0.500 0.000 40.000 0.500 0.000
3 2 43 40.000 0.500 0.000 40.000 0.500 0.000
3 2 44 40.000 0.500 0.000 40.000 0.500 0.000
3 2 45 40.000 0.500 0.000 40.000 0.500 0.000
3 2 46 40.000 0.500 0.000 40.000 0.500 0.000
3 2 47 40.000 0.500 0.000 40.000 0.500 0.000
3 2 48 40.000 0.500 0.000 40.000 0.500 0.000
3 2 49 40.000 0.500 0.000 40.000 0.500 0.000
3 2 50 40.000 0.500 0.000 40.000 0.500 0.000
3 2 51 40.000 0.500 0.000 40.000 0.500 0.000
3 2 52 40.000 0.500 0.000 40.000 0.500 0.000
3 2 53 40.000 0.500 0.000 40.000 0.500 0.000
3 2 54 40.000 0.500 0.000 40.000 0.500 0.000
3 2 55 40.000 0.500 0.000 40.000 0.500 0.000
3 2 56 40.000 0.500 0.000 40.000 0.500 0.000
3 2 57 40.000 0.500 0.000 40.000 0.500 0.000
3 2 58 40.000 0.500 0.000 40.000 0.500 0.000
3 2 59 40.000 0.500 0.000 40.000 0.500 0.000
3 2 60 40.000 0.500 0.000 40.000 0.500 0.000
3 2 61 40.000 0.500 0.000 40.000 0.500 0.000
3 2 62 40.000 0.500 0.000 40.000 0.500 0.000
3 3 1 40.000 0.500 0.000 40.000 0.500 0.000
3 3 2 40.000 0.500 0.000 40.000 0.500 0.000
3 3 3 40.000 0.500 0.000 40.000 0.500 0.000
3 3 4 40.000 0.500 0.000 40.000 0.500 0.000
3 3 5 40.000 0.500 0.000 40.000 0.500 0.000
4 1 1 40.000 0.500 0.000 40.000 0.500 0.000
4 1 2 40.000 0.500 0.000 40.000 0.500 0.000
4 1 3 40.000 0.500 0.000 40.000 0.500 0.000
4 1 4 40.000 0.500 0.000 40.000 0.500 0.000
4 1 5 40.000 0.500 0.000 40.000 0.500 0.000
4 1 6 40.000 0.500 0.000 40.000 0.500 0.000
4 1 7 40.000 0.500 0.000 40.000 0.500 0.000
4 1 8 40.000 0.500 0.000 40.000 0.500 0.000
4 1 9 40.000 0.500 0.000 40.000 0.500 0.000
4 1 10 40.000 0.500 0.000 40.000 0.500 0.000
4 1 11 40.000 0.500 0.000 40.000 0.500 0.000
4 1 12 40.000 0.500 0.000 40.000 0.500 0.000
4 1 13 40.000 0.500 0.000 40.000 0.500 0.000
4 1 14 40.000 0.500 0.000 40.000 0.500 0.000
4 1 15 40.000 0.500 0.000 40.000 0.500 0.000
4 1 16 40.000 0.500 0.000 40.000 0.500 0.000
4 1 17 40.000 0.500 0.000 40.000 0.500 0.000
4 1 18 40.000 0.500 0.000 40.000 0.500 0.000
4 1 19 40.000 0.500 0.000 40.000 0.500 0.000
4 1 20 40.000 0.500 0.000 40.000 0.500 0.000
4 1 21 40.000 0.500 0.000 40.000 0.500 0.000
4 1 22 40.000 0.500 0.000 40.000 0.500 0.000
4 1 23 40.000 0.500 0.000 40.000 0.500 0.000
4 2 1 40.000 0.500 0.000 40.000 0.500 0.000
4 2 2 40.000 0.500 0.000 40.000 0.500 0.000
4 2 3 40.000 0.500 0.000 40.000 0.500 0.000
4 2 4 40.000 0.500 0.000 40.000 0.500 0.000
4 2 5 40.000 0.500 0.000 40.000 0.500 0.000
4 2 6 40.000 0.500 0.000 40.000 0.500 0.000
4 2 7 40.000 0.500 0.000 40.000 0.500 0.000
4 2 8 40.000 0.500 0.000 40.000 0.500 0.000
4 2 9 40.000 0.500 0.000 40.000 0.500 0.000
4 2 10 40.000 0.500 0.000 40.000 0.500 0.000
4 2 11 40.000 0.500 0.000 40.000 0.500 0.000
4 2 12 40.000 0.500 0.000 40.000 0.500 0.000
4 2 13 40.000 0.500 0.000 40.000 0.500 0.000
4 2 14 40.000 0.500 0.000 40.000 0.500 0.000
4 2 15 40.000 0.500 0.000 40.000 0.500 0.000
4 2 16 40.000 0.500 0.000 40.000 0.500 0.000
4 2 17 40.000 0.500 0.000 40.000 0.500 0.000
4 2 18 40.000 0.500 0.000 40.000 0.500 0.000
4 2 19 40.000 0.500 0.000 40.000 0.500 0.000
4 2 20 40.000 0.500 0.000 40.000 0.500 0.000
4 2 21 40.000 0.500 0.000 40.000 0.500 0.000
4 2 22 40.000 0.500 0.000 40.000 0.500 0.000
4 2 23 40.000 0.500 0.000 40.000 0.500 0.000
4 2 24 40.000 0.500 0.000 40.000 0.500 0.000
4 2 25 40.000 0.500 0.000 40.000 0.500 0.000
4 2 26 40.000 0.500 0.000 40.000 0.500 0.000
4 2 27 40.000 0.500 0.000 40.000 0.500 0.000
4 2 28 40.000 0.500 0.000 40.000 0.500 0.000
4 2 29 40.000 0.500 0.000 40.000 0.500 0.000
4 2 30 40.000 0.500 0.000 40.000 0.500 0.000
4 2 31 40.000 0.500 0.000 40.000 0.500 0.000
4 2 32 40.000 0.500 0.000 40.000 0.500 0.000
4 2 33 40.000 0.500 0.000 40.000 0.500 0.000
4 2 34 40.000 0.500 0.000 40.000 0.500 0.000
4 2 35 40.000 0.500 0.000 40.000 0.500 0.000
4 2 36 40.000 0.500 0.000 40.000 0.500 0.000
4 2 37 40.000 0.500 0.000 40.000 0.500 0.000
4 2 38 40.000 0.500 0.000 40.000 0.500 0.000
4 2 39 40.000 0.500 0.000 40.000 0.500 0.000
4 2 40 40.000 0.500 0.000 40.000 0.500 0.000
4 2 41 40.000 0.500 0.000 40.000 0.500 0.000
4 2 42 40.000 0.500 0.000 40.000 0.500 0.000
4 2 43 40.000 0.500 0.000 40.000 0.500 0.000
4 2 44 40.000 0.500 0.000 40.000 0.500 0.000
4 2 45 40.000 0.500 0.000 40.000 0.500 0.000
4 2 46 40.000 0.500 0.000 40.000 0.500 0.000
4 2 47 40.000 0.500 0.000 40.000 0.500 0.000
4 2 48 40.000 0.500 0.000 40.000 0.500 0.000
4 2 49 40.000 0.500 0.000 40.000 0.500 0.000
4 2 50 40.000 0.500 0.000 40.000 0.500 0.000
4 2 51 40.000 0.500 0.000 40.000 0.500 0.000
4 2 52 40.000 0.500 0.000 40.000 0.500 0.000
4 2 53 40.000 0.500 0.000 40.000 0.500 0.000
4 2 54 40.000 0.500 0.000 40.000 0.500 0.000
4 2 55 40.000 0.500 0.000 40.000 0.500 0.000
4 2 56 40.000 0.500 0.000 40.000 0.500 0.000
4 2 57 40.000 0.500 0.000 40.000 0.500 0.000
4 2 58 40.000 0.500 0.000 40.000 0.500 0.000
4 2 59 40.000 0.500 0.000 40.000 0.500 0.000
4 2 60 40.000 0.500 0.000 40.000 0.500 0.000
4 2 61 40.000 0.500 0.000 40.000 0.500 0.000
4 2 62 40.000 0.500 0.000 40.000 0.500 0.000
4 3 1 40.000 0.500 0.000 40.000 0.500 0.000
4 3 2 40.000 0.500 0.000 40.000 0.500 0.000
4 3 3 40.000 0.500 0.000 40.000 0.500 0.000
4 3 4 40.000 0.500 0.000 40.000 0.500 0.000
4 3 5 40.000 0.500 0.000 40.000 0.500 0.000
5 1 1 40.000 0.500 0.000 40.000 0.500 0.000
5 1 2 40.000 0.500 0.000 40.000 0.500 0.000
5 1 3 40.000 0.500 0.000 40.000 0.500 0.000
5 1 4 40.000 0.500 0.000 40.000 0.500 0.000
5 1 5 40.000 0.500 0.000 40.000 0.500 0.000
5 1 6 40.000 0.500 0.000 40.000 0.500 0.000
5 1 7 40.000 0.500 0.000 40.000 0.500 0.000
5 1 8 40.000 0.500 0.000 40.000 0.500 0.000
5 1 9 40.000 0.500 0.000 40.000 0.500 0.000
5 1 10 40.000 0.500 0.000 40.000 0.500 0.000
5 1 11 40.000 0.500 0.000 40.000 0.500 0.000
5 1 12 40.000 0.500 0.000 40.000 0.500 0.000
5 1 13 40.000 0.500 0.000 40.000 0.500 0.000
5 1 14 40.000 0.500 0.000 40.000 0.500 0.000
5 1 15 40.000 0.500 0.000 40.000 0.500 0.000
5 1 16 40.000 0.500 0.000 40.000 0.500 0.000
5 1 17 40.000 0.500 0.000 40.000 0.500 0.000
5 1 18 40.000 0.500 0.000 40.000 0.500 0.000
5 1 19 40.000 0.500 0.000 40.000 0.500 0.000
5 1 20 40.000 0.500 0.000 40.000 0.500 0.000
5 1 21 40.000 0.500 0.000 40.000 0.500 0.000
5 1 22 40.000 0.500 0.000 40.000 0.500 0.000
5 1 23 40.000 0.500 0.000 40.000 0.500 0.000
5 2 1 40.000 0.500 0.000 40.000 0.500 0.000
5 2 2 40.000 0.500 0.000 40.000 0.500 0.000
5 2 3 40.000 0.500 0.000 40.000 0.500 0.000
5 2 4 40.000 0.500 0.000 40.000 0.500 0.000
5 2 5 40.000 0.500 0.000 40.000 0.500 0.000
5 2 6 40.000 0.500 0.000 40.000 0.500 0.000
5 2 7 40.000 0.500 0.000 40.000 0.500 0.000
5 2 8 40.000 0.500 0.000 40.000 0.500 0.000
5 2 9 40.000 0.500 0.000 40.000 0.500 0.000
5 2 10 40.000 0.500 0.000 40.000 0.500 0.000
5 2 11 40.000 0.500 0.000 40.000 0.500 0.000
5 2 12 40.000 0.500 0.000 40.000 0.500 0.000
5 2 13 40.000 0.500 0.000 40.000 0.500 0.000
5 2 14 40.000 0.500 0.000 40.000 0.500 0.000
5 2 15 40.000 0.500 0.000 40.000 0.500 0.000
5 2 16 40.000 0.500 0.000 40.000 0.500 0.000
5 2 17 40.000 0.500 0.000 40.000 0.500 0.000
5 2 18 40.000 0.500 0.000 40.000 0.500 0.000
5 2 19 40.000 0.500 0.000 40.000 0.500 0.000
5 2 20 40.000 0.500 0.000 40.000 0.500 0.000
5 2 21 40.000 0.500 0.000 40.000 0.500 0.000
5 2 22 40.000 0.500 0.000 40.000 0.500 0.000
5 2 23 40.000 0.500 0.000 40.000 0.500 0.000
5 2 24 40.000 0.500 0.000 40.000 0.500 0.000
5 2 25 40.000 0.500 0.000 40.000 0.500 0.000
5 2 26 40.000 0.500 0.000 40.000 0.500 0.000
5 2 27 40.000 0.500 0.000 40.000 0.500 0.000
5 2 28 40.000 0.500 0.000 40.000 0.500 0.000
5 2 29 40.000 0.500 0.000 40.000 0.500 0.000
5 2 30 40.000 0.500 0.000 40.000 0.500 0.000
5 2 31 40.000 0.500 0.000 40.000 0.500 0.000
5 2 32 40.000 0.500 0.000 40.000 0.500 0.000
5 2 33 40.000 0.500 0.000 40.000 0.500 0.000
5 2 34 40.000 0.500 0.000 40.000 0.500 0.000
5 2 35 40.000 0.500 0.000 40.000 0.500 0.000
5 2 36 40.000 0.500 0.000 40.000 0.500 0.000
5 2 37 40.000 0.500 0.000 40.000 0.500 0.000
5 2 38 40.000 0.500 0.000 40.000 0.500 0.000
5 2 39 40.000 0.500 0.000 40.000 0.500 0.000
5 2 40 40.000 0.500 0.000 40.000 0.500 0.000
5 2 41 40.000 0.500 0.000 40.000 0.500 0.000
5 2 42 40.000 0.500 0.000 40.000 0.500 0.000
5 2 43 40.000 0.500 0.000 40.000 0.500 0.000
5 2 44 40.000 0.500 0.000 40.000 0.500 0.000
5 2 45 40.000 0.500 0.000 40.000 0.500 0.000
5 2 46 40.000 0.500 0.000 40.000 0.500 0.000
5 2 47 40.000 0.500 0.000 40.000 0.500 0.000
5 2 48 40.000 0.500 0.000 40.000 0.500 0.000
5 2 49 40.000 0.500 0.000 40.000 0.500 0.000
5 2 50 40.000 0.500 0.000 40.000 0.500 0.000
5 2 51 40.000 0.500 0.000 40.000 0.500 0.000
5 2 52 40.000 0.500 0.000 40.000 0.500 0.000
5 2 53 40.000 0.500 0.000 40.000 0.500 0.000
5 2 54 40.000 0.500 0.000 40.000 0.500 0.000
5 2 55 40.000 0.500 0.000 40.000 0.500 0.000
5 2 56 40.000 0.500 0.000 40.000 0.500 0.000
5 2 57 40.000 0.500 0.000 40.000 0.500 0.000
5 2 58 40.000 0.500 0.000 40.000 0.500 0.000
5 2 59 40.000 0.500 0.000 40.000 0.500 0.000
5 2 60 40.000 0.500 0.000 40.000 0.500 0.000
5 2 61 40.000 0.500 0.000 40.000 0.500 0.000
5 2 62 40.000 0.500 0.000 40.000 0.500 0.000
5 3 1 40.000 0.500 0.000 40.000 0.500 0.000
5 3 2 40.000 0.500 0.000 40.000 0.500 0.000
5 3 3 40.000 0.500 0.000 40.000 0.500 0.000
5 3 4 40.000 0.500 0.000 40.000 0.500 0.000
5 3 5 40.000 0.500 0.000 40.000 0.500 0.000
6 1 1 40.000 0.500 0.000 40.000 0.500 0.000
6 1 2 40.000 0.500 0.000 40.000 0.500 0.000
6 1 3 40.000 0.500 0.000 40.000 0.500 0.000
6 1 4 40.000 0.500 0.000 40.000 0.500 0.000
6 1 5 40.000 0.500 0.000 40.000 0.500 0.000
6 1 6 40.000 0.500 0.000 40.000 0.500 0.000
6 1 7 40.000 0.500 0.000 40.000 0.500 0.000
6 1 8 40.000 0.500 0.000 40.000 0.500 0.000
6 1 9 40.000 0.500 0.000 40.000 0.500 0.000
6 1 10 40.000 0.500 0.000 40.000 0.500 0.000
6 1 11 40.000 0.500 0.000 40.000 0.500 0.000
6 1 12 40.000 0.500 0.000 40.000 0.500 0.000
6 1 13 40.000 0.500 0.000 40.000 0.500 0.000
6 1 14 40.000 0.500 0.000 40.000 0.500 0.000
6 1 15 40.000 0.500 0.000 40.000 0.500 0.000
6 1 16 40.000 0.500 0.000 40.000 0.500 0.000
6 1 17 40.000 0.500 0.000 40.000 0.500 0.000
6 1 18 40.000 0.500 0.000 40.000 0.500 0.000
6 1 19 40.000 0.500 0.000 40.000 0.500 0.000
6 1 20 40.000 0.500 0.000 40.000 0.500 0.000
6 1 21 40.000 0.500 0.000 40.000 0.500 0.000
6 1 22 40.000 0.500 0.000 40.000 0.500 0.000
6 1 23 40.000 0.500 0.000 40.000 0.500 0.000
6 2 1 40.000 0.500 0.000 40.000 0.500 0.000
6 2 2 40.000 0.500 0.000 40.000 0.500 0.000
6 2 3 40.000 0.500 0.000 40.000 0.500 0.000
6 2 4 40.000 0.500 0.000 40.000 0.500 0.000
6 2 5 40.000 0.500 0.000 40.000 0.500 0.000
6 2 6 40.000 0.500 0.000 40.000 0.500 0.000
6 2 7 40.000 0.500 0.000 40.000 0.500 0.000
6 2 8 40.000 0.500 0.000 40.000 0.500 0.000
6 2 9 40.000 0.500 0.000 40.000 0.500 0.000
6 2 10 40.000 0.500 0.000 40.000 0.500 0.000
6 2 11 40.000 0.500 0.000 40.000 0.500 0.000
6 2 12 40.000 0.500 0.000 40.000 0.500 0.000
6 2 13 40.000 0.500 0.000 40.000 0.500 0.000
6 2 14 40.000 0.500 0.000 40.000 0.500 0.000
6 2 15 40.000 0.500 0.000 40.000 0.500 0.000
6 2 16 40.000 0.500 0.000 40.000 0.500 0.000
6 2 17 40.000 0.500 0.000 40.000 0.500 0.000
6 2 18 40.000 0.500 0.000 40.000 0.500 0.000
6 2 19 40.000 0.500 0.000 40.000 0.500 0.000
6 2 20 40.000 0.500 0.000 40.000 0.500 0.000
6 2 21 40.000 0.500 0.000 40.000 0.500 0.000
6 2 22 40.000 0.500 0.000 40.000 0.500 0.000
6 2 23 40.000 0.500 0.000 40.000 0.500 0.000
6 2 24 40.000 0.500 0.000 40.000 0.500 0.000
6 2 25 40.000 0.500 0.000 40.000 0.500 0.000
6 2 26 40.000 0.500 0.000 40.000 0.500 0.000
6 2 27 40.000 0.500 0.000 40.000 0.500 0.000
6 2 28 40.000 0.500 0.000 40.000 0.500 0.000
6 2 29 40.000 0.500 0.000 40.000 0.500 0.000
6 2 30 40.000 0.500 0.000 40.000 0.500 0.000
6 2 31 40.000 0.500 0.000 40.000 0.500 0.000
6 2 32 40.000 0.500 0.000 40.000 0.500 0.000
6 2 33 40.000 0.500 0.000 40.000 0.500 0.000
6 2 34 40.000 0.500 0.000 40.000 0.500 0.000
6 2 35 40.000 0.500 0.000 40.000 0.500 0.000
6 2 36 40.000 0.500 0.000 40.000 0.500 0.000
6 2 37 40.000 0.500 0.000 40.000 0.500 0.000
6 2 38 40.000 0.500 0.000 40.000 0.500 0.000
6 2 39 40.000 0.500 0.000 40.000 0.500 0.000
6 2 40 40.000 0.500 0.000 40.000 0.500 0.000
6 2 41 40.000 0.500 0.000 40.000 0.500 0.000
6 2 42 40.000 0.500 0.000 40.000 0.500 0.000
6 2 43 40.000 0.500 0.000 40.000 0.500 0.000
6 2 44 40.000 0.500 0.000 40.000 0.500 0.000
6 2 45 40.000 0.500 0.000 40.000 0.500 0.000
6 2 46 40.000 0.500 0.000 40.000 0.500 0.000
6 2 47 40.000 0.500 0.000 40.000 0.500 0.000
6 2 48 40.000 0.500 0.000 40.000 0.500 0.000
6 2 49 40.000 0.500 0.000 40.000 0.500 0.000
6 2 50 40.000 0.500 0.000 40.000 0.500 0.000
6 2 51 40.000 0.500 0.000 40.000 0.500 0.000
6 2 52 40.000 0.500 0.000 40.000 0.500 0.000
6 2 53 40.000 0.500 0.000 40.000 0.500 0.000
6 2 54 40.000 0.500 0.000 40.000 0.500 0.000
6 2 55 40.000 0.500 0.000 40.000 0.500 0.000
6 2 56 40.000 0.500 0.000 40.000 0.500 0.000
6 2 57 40.000 0.500 0.000 40.000 0.500 0.000
6 2 58 40.000 0.500 0.000 40.000 0.500 0.000
6 2 59 40.000 0.500 0.000 40.000 0.500 0.000
6 2 60 40.000 0.500 0.000 40.000 0.500 0.000
6 2 61 40.000 0.500 0.000 40.000 0.500 0.000
6 2 62 40.000 0.500 0.000 40.000 0.500 0.000
6 3 1 40.000 0.500 0.000 40.000 0.500 0.000
6 3 2 40.000 0.500 0.000 40.000 0.500 0.000
6 3 3 40.000 0.500 0.000 40.000 0.500 0.000
6 3 4 40.000 0.500 0.000 40.000 0.500 0.000
6 3 5 40.000 0.500 0.000 40.000 0.500 0.000
