  1   1   1   8.478673e+02    8.478673e+02    6.155571e+00    6.155571e+00    2.048050e-03    9.294348e-04  
  1   1   2   1.002272e+03    1.002272e+03    1.414214e+00    1.414214e+00    2.970379e-03    1.309392e-03  
  1   1   3   8.426266e+02    8.426266e+02    1.768901e+00    1.768901e+00    7.158052e-03    1.278358e-03  
  1   1   4   8.400899e+02    8.400899e+02    2.517765e+00    2.517765e+00    -3.033212e-03    2.027902e-03  
  1   1   5   8.274170e+02    8.274170e+02    2.267540e+00    2.267540e+00    2.028904e-02    1.991585e-03  
  1   1   6   8.120582e+02    8.120582e+02    1.963125e+00    1.963125e+00    -1.588260e-02    2.604700e-03  
  1   1   7   1.626782e+04    1.626782e+04    2.247812e+02    2.247812e+02    -1.741082e-02    4.027683e-03  
  1   1   8   7.845439e+02    7.845439e+02    1.954228e+00    1.954228e+00    -1.591035e-02    3.122757e-03  
  1   1   9   7.712270e+02    7.712270e+02    1.717489e+00    1.717489e+00    -7.740827e-03    3.098406e-03  
  1   1  10   7.646506e+02    7.646506e+02    3.495249e+00    3.495249e+00    2.725937e-02    4.237755e-03  
  1   1  11   7.692028e+02    7.692028e+02    1.316334e+00    1.316334e+00    -8.541811e-03    2.597607e-03  
  1   1  12   7.616891e+02    7.616891e+02    2.416946e+00    2.416946e+00    -3.608407e-02    5.031731e-03  
  1   1  13   8.703760e+02    8.703760e+02    5.684058e+00    5.684058e+00    3.680975e-03    4.349288e-03  
  1   1  14   7.773568e+02    7.773568e+02    2.709654e+00    2.709654e+00    -4.670515e-02    6.107674e-03  
  1   1  15   7.892633e+02    7.892633e+02    2.584228e+00    2.584228e+00    6.376433e-02    5.611623e-03  
  1   1  16   8.681580e+02    8.681580e+02    1.414214e+00    1.414214e+00    5.294843e-02    6.518496e-03  
  1   1  17   8.021911e+02    8.021911e+02    5.382963e+00    5.382963e+00    -6.777004e-03    4.397815e-03  
  1   1  18   8.348272e+02    8.348272e+02    3.401489e+00    3.401489e+00    5.837186e-02    5.776279e-03  
  1   1  19   8.948330e+02    8.948330e+02    6.843299e+01    6.843299e+01    -7.444461e-02    4.252426e-03  
  1   1  20   8.551329e+02    8.551329e+02    3.758548e+00    3.758548e+00    7.996144e-02    5.393154e-03  
  1   1  21   8.327287e+02    8.327287e+02    9.211912e+00    9.211912e+00    -3.509467e-03    4.291511e-03  
  1   1  22   8.612189e+02    8.612189e+02    1.016232e+01    1.016232e+01    -3.595065e-02    8.497222e-03  
  1   1  23   9.852638e+02    9.852638e+02    2.843530e-03    2.843530e-03    -1.166359e-01    5.072786e-03  
  1   2   1   2.098664e+03    2.098664e+03    7.735501e+00    7.735501e+00    1.889483e-03    9.742191e-04  
  1   2   2   2.074320e+03    2.074320e+03    6.402222e+00    6.402222e+00    -1.853297e-03    9.507868e-04  
  1   2   3   2.072623e+03    2.072623e+03    6.959461e+00    6.959461e+00    2.870968e-04    1.145678e-03  
  1   2   4   2.056086e+03    2.056086e+03    6.006656e+00    6.006656e+00    -6.640793e-04    1.331173e-03  
  1   2   5   1.008354e+03    1.008354e+03    1.981668e+02    1.981668e+02    -3.648596e-04    1.282512e-03  
  1   2   6   2.036399e+03    2.036399e+03    3.905077e+01    3.905077e+01    -5.239481e-04    2.034077e-03  
  1   2   7   1.951121e+03    1.951121e+03    2.332959e+01    2.332959e+01    4.086752e-03    1.518133e-03  
  1   2   8   1.981388e+03    1.981388e+03    2.560095e+01    2.560095e+01    -9.131710e-03    2.233582e-03  
  1   2   9   1.791336e+03    1.791336e+03    4.256311e+02    4.256311e+02    2.946726e-03    2.638878e-03  
  1   2  10   1.955538e+03    1.955538e+03    2.736644e+01    2.736644e+01    1.159847e-02    1.972139e-03  
  1   2  11   2.002978e+03    2.002978e+03    9.381695e+00    9.381695e+00    -7.802568e-04    2.477250e-03  
  1   2  12   2.016472e+03    2.016472e+03    7.566945e+00    7.566945e+00    -8.888889e-03    1.828131e-03  
  1   2  13   2.036338e+03    2.036338e+03    3.525417e+01    3.525417e+01    1.272440e-03    2.467141e-03  
  1   2  14   1.986034e+03    1.986034e+03    9.304248e+00    9.304248e+00    -5.238863e-03    2.993303e-03  
  1   2  15   2.029237e+03    2.029237e+03    2.724080e+01    2.724080e+01    -1.016525e-02    3.445369e-03  
  1   2  16   1.900576e+03    1.900576e+03    3.357092e+01    3.357092e+01    4.065273e-04    3.639226e-03  
  1   2  17   1.970003e+03    1.970003e+03    6.560332e+00    6.560332e+00    6.820144e-03    3.055156e-03  
  1   2  18   1.942778e+03    1.942778e+03    6.185746e+00    6.185746e+00    -2.771582e-03    3.837991e-03  
  1   2  19   1.956203e+03    1.956203e+03    7.590933e+00    7.590933e+00    1.499064e-02    3.369486e-03  
  1   2  20   1.939621e+03    1.939621e+03    7.043399e+00    7.043399e+00    3.014925e-02    3.242459e-03  
  1   2  21   1.865398e+03    1.865398e+03    1.931679e+01    1.931679e+01    1.595261e-03    3.863129e-03  
  1   2  22   1.887442e+03    1.887442e+03    1.720147e+01    1.720147e+01    -8.784355e-03    5.221498e-03  
  1   2  23   1.901991e+03    1.901991e+03    1.063522e+01    1.063522e+01    1.396789e-02    2.864060e-03  
  1   2  24   1.889579e+03    1.889579e+03    5.336189e+00    5.336189e+00    3.839918e-03    3.700429e-03  
  1   2  25   1.903112e+03    1.903112e+03    5.326946e+00    5.326946e+00    -2.393226e-02    3.606345e-03  
  1   2  26   1.914851e+03    1.914851e+03    5.556990e+00    5.556990e+00    1.564281e-03    4.686405e-03  
  1   2  27   1.893261e+03    1.893261e+03    1.132169e+01    1.132169e+01    -4.184252e-03    5.131330e-03  
  1   2  28   1.878366e+03    1.878366e+03    1.204221e+01    1.204221e+01    -2.468538e-03    6.654123e-03  
  1   2  29   1.912303e+03    1.912303e+03    4.417097e+00    4.417097e+00    1.085138e-02    2.712384e-03  
  1   2  30   1.915642e+03    1.915642e+03    4.157197e+00    4.157197e+00    6.567164e-03    2.956018e-03  
  1   2  31   1.926232e+03    1.926232e+03    4.305875e+00    4.305875e+00    1.504444e-02    3.274041e-03  
  1   2  32   1.925146e+03    1.925146e+03    3.979319e+00    3.979319e+00    7.086422e-04    3.145502e-03  
  1   2  33   1.939266e+03    1.939266e+03    4.183157e+00    4.183157e+00    -4.411080e-03    4.193882e-03  
  1   2  34   1.942079e+03    1.942079e+03    5.584882e+00    5.584882e+00    3.348985e-02    4.037604e-03  
  1   2  35   1.948447e+03    1.948447e+03    4.298973e+00    4.298973e+00    2.401261e-03    4.087875e-03  
  1   2  36   1.951724e+03    1.951724e+03    4.598481e+00    4.598481e+00    -8.676414e-03    6.907086e-03  
  1   2  37   1.963219e+03    1.963219e+03    5.530319e+00    5.530319e+00    -4.101876e-02    4.673523e-03  
  1   2  38   1.972500e+03    1.972500e+03    5.961115e+00    5.961115e+00    -6.773167e-02    4.938889e-03  
  1   2  39   1.977733e+03    1.977733e+03    5.276727e+00    5.276727e+00    -1.617332e-02    3.556817e-03  
  1   2  40   1.987253e+03    1.987253e+03    5.879402e+00    5.879402e+00    -2.305057e-02    2.661969e-03  
  1   2  41   2.000972e+03    2.000972e+03    6.253507e+00    6.253507e+00    -1.002901e-02    3.946095e-03  
  1   2  42   2.012518e+03    2.012518e+03    6.249778e+00    6.249778e+00    -1.632257e-02    6.586427e-03  
  1   2  43   2.019772e+03    2.019772e+03    6.857172e+00    6.857172e+00    -3.288661e-03    3.791465e-03  
  1   2  44   2.045972e+03    2.045972e+03    1.118836e+01    1.118836e+01    -4.023930e-02    3.159667e-03  
  1   2  45   2.044158e+03    2.044158e+03    8.018666e+00    8.018666e+00    -1.265508e-02    4.555105e-03  
  1   2  46   1.962500e+03    1.962500e+03    6.792230e+00    6.792230e+00    -3.517435e-03    3.525316e-03  
  1   2  47   2.079340e+03    2.079340e+03    1.367497e+01    1.367497e+01    5.565947e-02    4.881778e-03  
  1   2  48   2.023069e+03    2.023069e+03    1.903798e+01    1.903798e+01    1.047412e-02    5.456965e-03  
  1   2  49   2.055228e+03    2.055228e+03    1.222402e+01    1.222402e+01    -8.155828e-02    4.375344e-03  
  1   2  50   2.113919e+03    2.113919e+03    1.449889e+01    1.449889e+01    -4.014522e-02    4.538989e-03  
  1   2  51   2.096494e+03    2.096494e+03    1.163780e+01    1.163780e+01    -4.411095e-03    3.983741e-03  
  1   2  52   2.099850e+03    2.099850e+03    1.158818e+01    1.158818e+01    -4.354033e-03    3.433143e-03  
  1   2  53   2.126691e+03    2.126691e+03    1.290673e+01    1.290673e+01    -4.674945e-04    3.939512e-03  
  1   2  54   2.120167e+03    2.120167e+03    1.330960e+01    1.330960e+01    -4.161008e-03    4.114964e-03  
  1   2  55   2.102020e+03    2.102020e+03    1.481335e+01    1.481335e+01    2.920234e-02    3.417913e-03  
  1   2  56   2.063194e+03    2.063194e+03    1.527988e+01    1.527988e+01    4.583669e-02    4.296009e-03  
  1   2  57   2.077094e+03    2.077094e+03    1.257149e+01    1.257149e+01    3.906838e-02    5.043395e-03  
  1   2  58   2.045315e+03    2.045315e+03    1.119487e+01    1.119487e+01    -5.146157e-03    3.705952e-03  
  1   2  59   2.060359e+03    2.060359e+03    1.068787e+01    1.068787e+01    1.872337e-02    3.487314e-03  
  1   2  60   2.088619e+03    2.088619e+03    1.113502e+01    1.113502e+01    -2.443340e-02    3.755091e-03  
  1   2  61   2.089437e+03    2.089437e+03    1.156447e+01    1.156447e+01    9.670225e-02    5.470550e-03  
  1   2  62   2.056018e+03    2.056018e+03    1.278169e+01    1.278169e+01    -5.905372e-04    4.183934e-03  
  1   3   1   7.776144e+02    7.776144e+02    1.516640e+00    1.516640e+00    -2.080415e-03    5.330417e-03  
  1   3   2   7.742604e+02    7.742604e+02    1.316515e+00    1.316515e+00    1.323993e-02    5.187818e-03  
  1   3   3   7.707276e+02    7.707276e+02    1.068976e+00    1.068976e+00    -5.995220e-03    7.103045e-03  
  1   3   4   7.836825e+02    7.836825e+02    1.325018e+00    1.325018e+00    2.157558e-02    5.357169e-03  
  1   3   5   8.000046e+02    8.000046e+02    1.683026e+00    1.683026e+00    1.496268e-02    6.777304e-03  
  2   1   1   8.352612e+02    8.352612e+02    8.396888e+00    8.396888e+00    -4.384862e-04    1.666826e-03  
  2   1   2   8.717330e+02    8.717330e+02    3.386237e+00    3.386237e+00    -4.398249e-04    1.100177e-03  
  2   1   3   9.347712e+02    9.347712e+02    1.184071e+01    1.184071e+01    6.544973e-03    1.534388e-03  
  2   1   4   8.437445e+02    8.437445e+02    3.079349e+00    3.079349e+00    2.610212e-04    2.225347e-03  
  2   1   5   8.680110e+02    8.680110e+02    1.198799e+01    1.198799e+01    2.692015e-03    2.878037e-03  
  2   1   6   8.108596e+02    8.108596e+02    2.098754e+00    2.098754e+00    3.711307e-03    2.413523e-03  
  2   1   7   8.044410e+02    8.044410e+02    2.200885e+00    2.200885e+00    -1.653816e-04    3.223131e-03  
  2   1   8   7.638314e+02    7.638314e+02    5.703240e+00    5.703240e+00    -5.359459e-03    2.759118e-03  
  2   1   9   7.679501e+02    7.679501e+02    7.067337e+00    7.067337e+00    -4.023605e-05    3.868444e-03  
  2   1  10   7.766729e+02    7.766729e+02    1.741111e+00    1.741111e+00    -2.469644e-03    3.445580e-03  
  2   1  11   7.677570e+02    7.677570e+02    1.381603e+00    1.381603e+00    -1.086976e-03    2.723282e-03  
  2   1  12   8.551244e+02    8.551244e+02    1.414214e+00    1.414214e+00    7.350266e-03    3.627803e-03  
  2   1  13   7.754893e+02    7.754893e+02    1.224358e+00    1.224358e+00    -2.262537e-02    4.947874e-03  
  2   1  14   7.821968e+02    7.821968e+02    1.265320e+00    1.265320e+00    -9.665011e-03    3.488182e-03  
  2   1  15   7.927072e+02    7.927072e+02    1.588576e+00    1.588576e+00    -6.933356e-02    4.199999e-03  
  2   1  16   8.016660e+02    8.016660e+02    1.687505e+00    1.687505e+00    -1.377731e-02    4.848287e-03  
  2   1  17   8.129051e+02    8.129051e+02    1.720497e+00    1.720497e+00    -3.497439e-02    2.979211e-03  
  2   1  18   8.000050e+02    8.000050e+02    5.400469e+00    5.400469e+00    5.846410e-03    5.412161e-03  
  2   1  19   8.431809e+02    8.431809e+02    2.287884e+00    2.287884e+00    -1.431472e-02    4.452847e-03  
  2   1  20   8.459601e+02    8.459601e+02    3.549645e+00    3.549645e+00    9.704066e-02    5.591582e-03  
  2   1  21   8.780617e+02    8.780617e+02    4.260546e+00    4.260546e+00    4.894453e-02    4.533235e-03  
  2   1  22   8.791329e+02    8.791329e+02    3.908050e+00    3.908050e+00    -1.769357e-02    7.873386e-03  
  2   1  23   8.664175e+02    8.664175e+02    4.492606e+00    4.492606e+00    -1.824282e-01    9.466220e-03  
  2   2   1   2.060295e+03    2.060295e+03    1.087620e+01    1.087620e+01    2.812500e-03    7.658403e-04  
  2   2   2   2.079183e+03    2.079183e+03    6.219827e+00    6.219827e+00    3.716027e-03    1.510745e-03  
  2   2   3   2.066374e+03    2.066374e+03    5.588656e+00    5.588656e+00    1.833024e-03    1.422124e-03  
  2   2   4   2.076973e+03    2.076973e+03    5.325014e+00    5.325014e+00    1.063458e-03    1.548517e-03  
  2   2   5   2.047136e+03    2.047136e+03    5.824895e+00    5.824895e+00    2.284871e-03    1.387963e-03  
  2   2   6   2.037691e+03    2.037691e+03    7.266869e+00    7.266869e+00    1.083366e-02    1.890810e-03  
  2   2   7   2.012500e+03    2.012500e+03    9.272597e+00    9.272597e+00    -1.520621e-02    1.520510e-03  
  2   2   8   2.056002e+03    2.056002e+03    6.912490e+01    6.912490e+01    -9.675615e-04    4.107712e-03  
  2   2   9   2.252061e+03    2.252061e+03    1.140329e+02    1.140329e+02    4.005727e-03    2.537304e-03  
  2   2  10   2.014585e+03    2.014585e+03    6.261209e+00    6.261209e+00    4.772537e-03    2.428318e-03  
  2   2  11   1.958826e+03    1.958826e+03    4.943910e+01    4.943910e+01    5.238860e-03    2.950207e-03  
  2   2  12   2.005020e+03    2.005020e+03    6.637347e+00    6.637347e+00    -6.369200e-03    2.012594e-03  
  2   2  13   1.985141e+03    1.985141e+03    6.132054e+00    6.132054e+00    1.354512e-02    3.703679e-03  
  2   2  14   2.004878e+03    2.004878e+03    7.622919e+00    7.622919e+00    -2.337541e-04    2.253760e-03  
  2   2  15   1.970098e+03    1.970098e+03    2.987349e+01    2.987349e+01    5.659396e-03    3.589085e-03  
  2   2  16   1.999780e+03    1.999780e+03    1.039774e+02    1.039774e+02    -1.111603e-03    2.811848e-03  
  2   2  17   1.958319e+03    1.958319e+03    6.376869e+00    6.376869e+00    -4.190156e-03    2.667101e-03  
  2   2  18   1.969264e+03    1.969264e+03    8.082429e+01    8.082429e+01    -4.965557e-03    3.646862e-03  
  2   2  19   1.873195e+03    1.873195e+03    9.431699e+00    9.431699e+00    1.132018e-02    4.444559e-03  
  2   2  20   1.933582e+03    1.933582e+03    5.644281e+00    5.644281e+00    -6.526038e-03    4.448685e-03  
  2   2  21   1.919121e+03    1.919121e+03    5.436510e+00    5.436510e+00    1.106524e-03    2.465399e-03  
  2   2  22   1.913153e+03    1.913153e+03    5.275640e+00    5.275640e+00    -4.909017e-03    4.091311e-03  
  2   2  23   1.914374e+03    1.914374e+03    5.259265e+00    5.259265e+00    -1.146192e-04    3.486929e-03  
  2   2  24   1.907903e+03    1.907903e+03    4.963877e+00    4.963877e+00    8.683571e-03    4.964232e-03  
  2   2  25   1.912223e+03    1.912223e+03    1.312802e+01    1.312802e+01    2.752294e-03    5.187941e-03  
  2   2  26   1.878582e+03    1.878582e+03    1.298720e+01    1.298720e+01    -2.971501e-03    3.837949e-03  
  2   2  27   1.912794e+03    1.912794e+03    1.252374e+01    1.252374e+01    -1.833044e-03    4.385493e-03  
  2   2  28   1.901529e+03    1.901529e+03    9.198732e+00    9.198732e+00    8.443208e-04    3.342559e-03  
  2   2  29   1.905486e+03    1.905486e+03    4.243077e+00    4.243077e+00    -6.468888e-03    3.691238e-03  
  2   2  30   1.916342e+03    1.916342e+03    4.037676e+00    4.037676e+00    -8.752542e-04    3.729180e-03  
  2   2  31   1.904506e+03    1.904506e+03    5.914342e+00    5.914342e+00    -3.239194e-02    7.536319e-03  
  2   2  32   1.906755e+03    1.906755e+03    1.366695e+01    1.366695e+01    -6.625173e-03    4.415285e-03  
  2   2  33   1.943576e+03    1.943576e+03    6.561385e+00    6.561385e+00    3.728187e-03    2.727139e-03  
  2   2  34   1.947633e+03    1.947633e+03    1.534300e+01    1.534300e+01    -5.409269e-03    4.531601e-03  
  2   2  35   1.920868e+03    1.920868e+03    1.494282e+01    1.494282e+01    -1.470755e-02    4.457577e-03  
  2   2  36   1.922527e+03    1.922527e+03    1.445986e+01    1.445986e+01    1.390994e-03    3.623009e-03  
  2   2  37   1.957606e+03    1.957606e+03    7.070531e+00    7.070531e+00    4.996586e-02    4.191355e-03  
  2   2  38   1.972760e+03    1.972760e+03    5.698068e+00    5.698068e+00    2.664566e-02    4.252029e-03  
  2   2  39   1.983472e+03    1.983472e+03    1.628131e+01    1.628131e+01    -4.563713e-03    4.778196e-03  
  2   2  40   1.985327e+03    1.985327e+03    1.218970e+01    1.218970e+01    7.826087e-03    3.546957e-03  
  2   2  41   1.961234e+03    1.961234e+03    1.238083e+01    1.238083e+01    -2.360357e-02    5.061567e-03  
  2   2  42   2.018375e+03    2.018375e+03    1.182203e+01    1.182203e+01    4.201733e-02    4.425369e-03  
  2   2  43   2.035872e+03    2.035872e+03    9.627294e+00    9.627294e+00    7.080952e-03    3.607549e-03  
  2   2  44   2.022416e+03    2.022416e+03    5.927983e+00    5.927983e+00    -2.170922e-02    3.960174e-03  
  2   2  45   2.036919e+03    2.036919e+03    8.651997e+00    8.651997e+00    -8.074766e-03    4.360763e-03  
  2   2  46   1.982248e+03    1.982248e+03    1.697637e+01    1.697637e+01    -9.145951e-03    5.439996e-03  
  2   2  47   1.971677e+03    1.971677e+03    2.197168e+01    2.197168e+01    -1.392351e-02    4.177986e-03  
  2   2  48   2.066275e+03    2.066275e+03    1.063861e+01    1.063861e+01    3.640276e-04    4.436226e-03  
  2   2  49   2.081617e+03    2.081617e+03    1.438342e+01    1.438342e+01    -2.891413e-02    4.021601e-03  
  2   2  50   2.097793e+03    2.097793e+03    2.023645e+01    2.023645e+01    -6.062480e-02    4.590558e-03  
  2   2  51   2.077391e+03    2.077391e+03    1.663571e+01    1.663571e+01    -5.739195e-02    3.609894e-03  
  2   2  52   1.961560e+03    1.961560e+03    2.754868e+01    2.754868e+01    -7.236604e-03    4.353382e-03  
  2   2  53   2.047197e+03    2.047197e+03    1.304538e+01    1.304538e+01    -7.261073e-03    3.424745e-03  
  2   2  54   2.023017e+03    2.023017e+03    2.879225e+01    2.879225e+01    -9.007830e-03    9.717669e-03  
  2   2  55   1.987500e+03    1.987500e+03    2.351139e+01    2.351139e+01    2.257129e-02    6.209199e-03  
  2   2  56   2.050842e+03    2.050842e+03    2.192865e+01    2.192865e+01    5.117373e-02    5.740329e-03  
  2   2  57   2.072316e+03    2.072316e+03    1.357148e+01    1.357148e+01    2.383630e-02    3.089423e-03  
  2   2  58   2.072616e+03    2.072616e+03    1.228200e+01    1.228200e+01    4.896128e-04    3.674014e-03  
  2   2  59   2.068689e+03    2.068689e+03    1.000493e+01    1.000493e+01    -1.044317e-02    5.276918e-03  
  2   2  60   2.054646e+03    2.054646e+03    1.178291e+01    1.178291e+01    -8.389815e-03    6.131910e-03  
  2   2  61   2.096788e+03    2.096788e+03    1.076955e+01    1.076955e+01    -1.295214e-02    7.985677e-03  
  2   2  62   2.056414e+03    2.056414e+03    1.072900e+01    1.072900e+01    9.790080e-03    3.276514e-03  
  2   3   1   7.787716e+02    7.787716e+02    1.560950e+00    1.560950e+00    2.103751e-03    4.147657e-03  
  2   3   2   7.677587e+02    7.677587e+02    1.055165e+00    1.055165e+00    -4.260926e-03    4.750816e-03  
  2   3   3   7.741911e+02    7.741911e+02    1.156894e+00    1.156894e+00    -7.227727e-03    8.306434e-03  
  2   3   4   7.851969e+02    7.851969e+02    1.369354e+00    1.369354e+00    5.378377e-02    6.367944e-03  
  2   3   5   8.009134e+02    8.009134e+02    1.737055e+00    1.737055e+00    7.605762e-03    9.862685e-03  
  3   1   1   8.380332e+02    8.380332e+02    1.904703e+00    1.904703e+00    2.624212e-03    1.211178e-03  
  3   1   2   8.584132e+02    8.584132e+02    2.952565e+00    2.952565e+00    8.139010e-03    1.524337e-03  
  3   1   3   8.439636e+02    8.439636e+02    1.927169e+00    1.927169e+00    -1.715022e-02    2.659952e-03  
  3   1   4   8.250022e+02    8.250022e+02    4.316660e+00    4.316660e+00    8.859544e-03    1.791348e-03  
  3   1   5   8.331375e+02    8.331375e+02    2.367986e+00    2.367986e+00    1.272965e-02    2.631979e-03  
  3   1   6   8.039977e+02    8.039977e+02    9.400244e+00    9.400244e+00    -2.267858e-03    6.038842e-03  
  3   1   7   8.022162e+02    8.022162e+02    2.709323e+00    2.709323e+00    3.234117e-03    3.434833e-03  
  3   1   8   7.865342e+02    7.865342e+02    2.614194e+00    2.614194e+00    -3.389873e-02    3.205851e-03  
  3   1   9   7.749537e+02    7.749537e+02    1.707123e+00    1.707123e+00    1.486242e-02    3.513654e-03  
  3   1  10   7.633803e+02    7.633803e+02    2.242213e+00    2.242213e+00    2.136762e-02    4.460882e-03  
  3   1  11   7.715903e+02    7.715903e+02    2.514639e+00    2.514639e+00    2.830541e-02    4.246245e-03  
  3   1  12   7.698498e+02    7.698498e+02    1.325069e+00    1.325069e+00    2.007907e-02    4.334434e-03  
  3   1  13   7.740615e+02    7.740615e+02    1.292569e+00    1.292569e+00    -5.900102e-02    5.519498e-03  
  3   1  14   7.797749e+02    7.797749e+02    1.525715e+00    1.525715e+00    5.448212e-02    3.312935e-03  
  3   1  15   7.938108e+02    7.938108e+02    2.479344e+00    2.479344e+00    -1.218067e-02    5.649875e-03  
  3   1  16   7.997961e+02    7.997961e+02    1.610547e+00    1.610547e+00    3.670629e-02    4.571993e-03  
  3   1  17   8.120241e+02    8.120241e+02    2.268144e+00    2.268144e+00    7.945759e-02    5.306993e-03  
  3   1  18   8.219320e+02    8.219320e+02    3.313423e+00    3.313423e+00    8.081852e-02    3.547260e-03  
  3   1  19   8.340811e+02    8.340811e+02    3.707562e+00    3.707562e+00    -1.660986e-01    4.817001e-03  
  3   1  20   8.454134e+02    8.454134e+02    5.177353e+00    5.177353e+00    -1.559860e-02    5.647079e-03  
  3   1  21   8.562373e+02    8.562373e+02    4.663402e+00    4.663402e+00    -1.088667e-02    6.614748e-03  
  3   1  22   8.489722e+02    8.489722e+02    6.158740e+00    6.158740e+00    7.220198e-02    9.362346e-03  
  3   1  23   1.012060e+03    1.012060e+03    7.574334e-01    7.574334e-01    7.548676e-03    8.280550e-03  
  3   2   1   2.069223e+03    2.069223e+03    8.514027e+00    8.514027e+00    3.533795e-03    8.806353e-04  
  3   2   2   2.093073e+03    2.093073e+03    7.380217e+00    7.380217e+00    4.133938e-03    1.003891e-03  
  3   2   3   2.082985e+03    2.082985e+03    6.887108e+00    6.887108e+00    6.479726e-03    9.723444e-04  
  3   2   4   2.065165e+03    2.065165e+03    8.211409e+00    8.211409e+00    -3.331818e-03    1.494557e-03  
  3   2   5   2.044952e+03    2.044952e+03    6.535487e+00    6.535487e+00    -2.611789e-03    2.664488e-03  
  3   2   6   2.012803e+03    2.012803e+03    9.182557e+01    9.182557e+01    -3.820192e-04    1.803448e-03  
  3   2   7   2.041843e+03    2.041843e+03    9.737345e+00    9.737345e+00    -8.413308e-03    1.513591e-03  
  3   2   8   2.003506e+03    2.003506e+03    1.424017e+01    1.424017e+01    2.613867e-02    2.302937e-03  
  3   2   9   1.990637e+03    1.990637e+03    2.358492e+01    2.358492e+01    1.937962e-03    3.188596e-03  
  3   2  10   2.037411e+03    2.037411e+03    7.481020e+00    7.481020e+00    -1.117912e-02    2.400634e-03  
  3   2  11   2.002886e+03    2.002886e+03    6.871352e+00    6.871352e+00    8.014640e-03    2.086243e-03  
  3   2  12   2.020208e+03    2.020208e+03    6.448110e+00    6.448110e+00    -1.455077e-03    3.327300e-03  
  3   2  13   1.998553e+03    1.998553e+03    1.613174e+01    1.613174e+01    -2.396768e-02    3.512450e-03  
  3   2  14   1.920527e+03    1.920527e+03    5.912816e+01    5.912816e+01    4.648280e-04    3.284763e-03  
  3   2  15   1.959100e+03    1.959100e+03    7.160214e+00    7.160214e+00    -3.328619e-03    2.810432e-03  
  3   2  16   1.971950e+03    1.971950e+03    7.034242e+00    7.034242e+00    -1.057504e-02    4.029414e-03  
  3   2  17   1.973862e+03    1.973862e+03    7.744971e+00    7.744971e+00    1.378907e-03    3.017704e-03  
  3   2  18   1.959271e+03    1.959271e+03    3.023757e+01    3.023757e+01    -1.672340e-03    3.532857e-03  
  3   2  19   1.940051e+03    1.940051e+03    6.445078e+00    6.445078e+00    8.711249e-03    3.526683e-03  
  3   2  20   1.955596e+03    1.955596e+03    3.470428e+00    3.470428e+00    1.620127e-02    3.162217e-03  
  3   2  21   1.937354e+03    1.937354e+03    6.166366e+00    6.166366e+00    1.408198e-02    2.652851e-03  
  3   2  22   1.916333e+03    1.916333e+03    6.595380e+00    6.595380e+00    -2.088183e-02    3.086325e-03  
  3   2  23   1.908302e+03    1.908302e+03    2.480064e+01    2.480064e+01    -1.001964e-02    5.058331e-03  
  3   2  24   1.979222e+03    1.979222e+03    1.183926e+01    1.183926e+01    5.878444e-03    4.259807e-03  
  3   2  25   1.901858e+03    1.901858e+03    4.503044e+00    4.503044e+00    8.446128e-03    3.354910e-03  
  3   2  26   1.905309e+03    1.905309e+03    5.672053e+00    5.672053e+00    -6.367729e-02    5.352860e-03  
  3   2  27   1.903053e+03    1.903053e+03    5.310571e+00    5.310571e+00    -3.398690e-02    3.959611e-03  
  3   2  28   1.915249e+03    1.915249e+03    4.467305e+00    4.467305e+00    6.241824e-04    3.279773e-03  
  3   2  29   1.886765e+03    1.886765e+03    9.870299e+00    9.870299e+00    -1.083947e-02    4.080385e-03  
  3   2  30   1.926884e+03    1.926884e+03    5.362053e+00    5.362053e+00    -1.723345e-02    2.778794e-03  
  3   2  31   1.888648e+03    1.888648e+03    1.038087e+01    1.038087e+01    1.225911e-03    4.189849e-03  
  3   2  32   1.907216e+03    1.907216e+03    1.550794e+01    1.550794e+01    -5.686322e-03    4.034583e-03  
  3   2  33   1.928997e+03    1.928997e+03    5.415067e+00    5.415067e+00    2.673430e-02    3.031153e-03  
  3   2  34   1.943483e+03    1.943483e+03    7.815211e+00    7.815211e+00    -3.317110e-02    3.639952e-03  
  3   2  35   1.938516e+03    1.938516e+03    5.937180e+00    5.937180e+00    -7.162183e-02    4.493821e-03  
  3   2  36   1.964574e+03    1.964574e+03    5.981516e+00    5.981516e+00    1.178550e-02    4.009232e-03  
  3   2  37   1.963507e+03    1.963507e+03    4.730201e+00    4.730201e+00    -8.691116e-03    3.333545e-03  
  3   2  38   1.955473e+03    1.955473e+03    6.250181e+00    6.250181e+00    -4.339940e-02    5.162574e-03  
  3   2  39   1.970357e+03    1.970357e+03    6.827427e+00    6.827427e+00    -4.831498e-02    3.382089e-03  
  3   2  40   2.014335e+03    2.014335e+03    1.700181e+01    1.700181e+01    -9.900469e-03    4.717931e-03  
  3   2  41   2.013461e+03    2.013461e+03    1.193097e+01    1.193097e+01    -2.892609e-02    3.978564e-03  
  3   2  42   2.012357e+03    2.012357e+03    8.175831e+00    8.175831e+00    -7.429722e-02    5.088902e-03  
  3   2  43   2.011097e+03    2.011097e+03    6.523380e+00    6.523380e+00    2.388854e-03    2.607031e-03  
  3   2  44   2.030109e+03    2.030109e+03    7.138506e+00    7.138506e+00    -4.606227e-02    3.160179e-03  
  3   2  45   2.060090e+03    2.060090e+03    9.653755e+00    9.653755e+00    -2.886606e-02    3.986925e-03  
  3   2  46   2.077892e+03    2.077892e+03    9.641591e+00    9.641591e+00    3.011138e-02    3.534039e-03  
  3   2  47   2.060211e+03    2.060211e+03    8.053928e+00    8.053928e+00    2.126166e-02    3.175115e-03  
  3   2  48   2.090539e+03    2.090539e+03    3.171795e+01    3.171795e+01    3.177128e-02    4.034493e-03  
  3   2  49   2.067814e+03    2.067814e+03    9.025247e+00    9.025247e+00    -4.636237e-03    4.968864e-03  
  3   2  50   2.085625e+03    2.085625e+03    9.630829e+00    9.630829e+00    -1.052459e-02    3.120629e-03  
  3   2  51   2.090364e+03    2.090364e+03    1.384553e+01    1.384553e+01    2.354175e-02    3.044494e-03  
  3   2  52   2.083166e+03    2.083166e+03    2.320080e+01    2.320080e+01    -5.167219e-02    4.690520e-03  
  3   2  53   2.086686e+03    2.086686e+03    1.243602e+01    1.243602e+01    -4.572011e-03    3.527899e-03  
  3   2  54   2.101588e+03    2.101588e+03    1.348672e+01    1.348672e+01    -7.491812e-03    5.023272e-03  
  3   2  55   2.073243e+03    2.073243e+03    2.279943e+01    2.279943e+01    -3.337103e-02    5.506818e-03  
  3   2  56   1.956122e+03    1.956122e+03    2.949157e+01    2.949157e+01    -3.866722e-04    5.357549e-03  
  3   2  57   2.097089e+03    2.097089e+03    3.537397e+01    3.537397e+01    4.108417e-03    7.069576e-03  
  3   2  58   2.093621e+03    2.093621e+03    1.521308e+01    1.521308e+01    -6.645013e-03    3.732647e-03  
  3   2  59   2.099099e+03    2.099099e+03    1.047872e+01    1.047872e+01    -5.994143e-03    6.073640e-03  
  3   2  60   2.053389e+03    2.053389e+03    1.105951e+01    1.105951e+01    8.808573e-03    4.229647e-03  
  3   2  61   2.058735e+03    2.058735e+03    1.124633e+01    1.124633e+01    -1.342621e-02    4.708871e-03  
  3   2  62   2.084747e+03    2.084747e+03    1.041700e+01    1.041700e+01    -5.022532e-03    3.885663e-03  
  3   3   1   7.788909e+02    7.788909e+02    1.470557e+00    1.470557e+00    -5.115441e-04    3.844137e-03  
  3   3   2   7.811144e+02    7.811144e+02    3.742794e-01    3.742794e-01    1.007403e-01    7.858475e-03  
  3   3   3   7.699052e+02    7.699052e+02    1.052888e+00    1.052888e+00    1.042249e-02    6.117955e-03  
  3   3   4   7.851980e+02    7.851980e+02    1.307009e+00    1.307009e+00    5.110373e-03    8.357514e-03  
  3   3   5   8.053859e+02    8.053859e+02    1.831541e+00    1.831541e+00    -1.135096e-01    6.369392e-03  
  4   1   1   8.521926e+02    8.521926e+02    3.756401e+00    3.756401e+00    -3.325329e-03    1.277397e-03  
  4   1   2   8.385263e+02    8.385263e+02    3.507090e+00    3.507090e+00    -1.200170e-03    1.822948e-03  
  4   1   3   8.594790e+02    8.594790e+02    4.088613e+00    4.088613e+00    -2.219742e-03    1.762201e-03  
  4   1   4   8.347259e+02    8.347259e+02    2.010826e+00    2.010826e+00    -3.200273e-02    2.092218e-03  
  4   1   5   8.315430e+02    8.315430e+02    3.450590e+00    3.450590e+00    -8.535898e-03    2.540659e-03  
  4   1   6   8.120068e+02    8.120068e+02    2.114311e+00    2.114311e+00    -1.563708e-03    2.607022e-03  
  4   1   7   8.023283e+02    8.023283e+02    3.667261e+00    3.667261e+00    4.169914e-03    2.779538e-03  
  4   1   8   7.853160e+02    7.853160e+02    1.854319e+00    1.854319e+00    1.783458e-02    2.558126e-03  
  4   1   9   7.572535e+02    7.572535e+02    4.646272e+00    4.646272e+00    1.036107e-03    3.814426e-03  
  4   1  10   7.608774e+02    7.608774e+02    2.364505e+00    2.364505e+00    2.771549e-02    4.157861e-03  
  4   1  11   7.677304e+02    7.677304e+02    2.183560e+00    2.183560e+00    -1.762930e-02    3.390410e-03  
  4   1  12   7.723535e+02    7.723535e+02    1.496581e+00    1.496581e+00    -3.919928e-03    3.750966e-03  
  4   1  13   7.752671e+02    7.752671e+02    1.495786e+00    1.495786e+00    1.096038e-02    4.085247e-03  
  4   1  14   7.785046e+02    7.785046e+02    1.841238e+00    1.841238e+00    1.630931e-03    4.934220e-03  
  4   1  15   7.877243e+02    7.877243e+02    2.577038e+00    2.577038e+00    -4.241159e-02    5.047446e-03  
  4   1  16   8.036451e+02    8.036451e+02    1.546919e+00    1.546919e+00    -5.971390e-02    3.546019e-03  
  4   1  17   8.103234e+02    8.103234e+02    1.905336e+00    1.905336e+00    1.813927e-02    4.932095e-03  
  4   1  18   8.226316e+02    8.226316e+02    2.188771e+00    2.188771e+00    4.441571e-02    3.889863e-03  
  4   1  19   1.012031e+03    1.012031e+03    1.161168e+00    1.161168e+00    -1.330908e-01    6.031567e-03  
  4   1  20   9.452995e+02    9.452995e+02    3.764729e+01    3.764729e+01    1.089714e-01    7.435474e-03  
  4   1  21   8.720517e+02    8.720517e+02    5.136784e+00    5.136784e+00    -9.123643e-02    6.222447e-03  
  4   1  22   8.780782e+02    8.780782e+02    6.547799e+00    6.547799e+00    9.638132e-02    6.638132e-03  
  4   1  23   8.848082e+02    8.848082e+02    4.863268e+00    4.863268e+00    2.024473e-02    5.706789e-03  
  4   2   1   2.082100e+03    2.082100e+03    8.461850e+00    8.461850e+00    4.622984e-03    1.014876e-03  
  4   2   2   2.108206e+03    2.108206e+03    7.311731e+00    7.311731e+00    3.799759e-04    1.193926e-03  
  4   2   3   2.064231e+03    2.064231e+03    8.780218e+00    8.780218e+00    1.258630e-03    1.178899e-03  
  4   2   4   2.064624e+03    2.064624e+03    6.482793e+00    6.482793e+00    -7.581227e-05    1.070509e-03  
  4   2   5   2.022333e+03    2.022333e+03    4.376262e+01    4.376262e+01    -4.392089e-03    2.060154e-03  
  4   2   6   2.035766e+03    2.035766e+03    5.977875e+00    5.977875e+00    -5.134021e-03    2.577144e-03  
  4   2   7   2.026935e+03    2.026935e+03    5.882127e+00    5.882127e+00    1.170488e-04    1.695914e-03  
  4   2   8   2.035413e+03    2.035413e+03    6.368980e+00    6.368980e+00    3.761176e-04    1.812320e-03  
  4   2   9   2.138466e+03    2.138466e+03    7.267145e+01    7.267145e+01    -4.929577e-05    2.451555e-03  
  4   2  10   1.995720e+03    1.995720e+03    2.024307e+01    2.024307e+01    2.356233e-02    2.560825e-03  
  4   2  11   2.156705e+03    2.156705e+03    8.567259e+01    8.567259e+01    -1.413550e-02    4.460249e-03  
  4   2  12   1.990955e+03    1.990955e+03    8.054401e+00    8.054401e+00    2.300575e-02    3.207241e-03  
  4   2  13   2.002288e+03    2.002288e+03    6.848901e+00    6.848901e+00    -1.031985e-03    2.622885e-03  
  4   2  14   2.069259e+03    2.069259e+03    5.359170e+01    5.359170e+01    4.882943e-03    3.791947e-03  
  4   2  15   1.964490e+03    1.964490e+03    2.981401e+01    2.981401e+01    7.870968e-04    6.768216e-03  
  4   2  16   2.017601e+03    2.017601e+03    1.742444e+02    1.742444e+02    1.208697e-03    2.597049e-03  
  4   2  17   1.963207e+03    1.963207e+03    6.088687e+00    6.088687e+00    -1.017806e-03    2.720679e-03  
  4   2  18   1.954450e+03    1.954450e+03    8.862551e+00    8.862551e+00    -4.119154e-02    4.858303e-03  
  4   2  19   1.938416e+03    1.938416e+03    6.781336e+00    6.781336e+00    -1.064635e-02    2.870866e-03  
  4   2  20   1.947190e+03    1.947190e+03    9.491081e+00    9.491081e+00    -3.188380e-02    4.135267e-03  
  4   2  21   1.917547e+03    1.917547e+03    1.578729e+01    1.578729e+01    -8.218309e-04    3.113000e-03  
  4   2  22   1.900093e+03    1.900093e+03    5.390816e+00    5.390816e+00    -1.030883e-02    5.099408e-03  
  4   2  23   1.913577e+03    1.913577e+03    5.048433e+00    5.048433e+00    -2.185632e-03    3.273979e-03  
  4   2  24   1.911750e+03    1.911750e+03    5.316116e+00    5.316116e+00    1.326877e-02    4.516360e-03  
  4   2  25   1.900154e+03    1.900154e+03    5.713818e+00    5.713818e+00    -3.390785e-02    2.613274e-03  
  4   2  26   1.907356e+03    1.907356e+03    4.762795e+00    4.762795e+00    5.790409e-03    3.090246e-03  
  4   2  27   1.910117e+03    1.910117e+03    4.589872e+00    4.589872e+00    -5.226337e-04    2.762386e-03  
  4   2  28   1.912561e+03    1.912561e+03    8.626116e+00    8.626116e+00    1.943750e-02    3.792317e-03  
  4   2  29   1.909441e+03    1.909441e+03    4.000774e+00    4.000774e+00    -1.496131e-03    2.806586e-03  
  4   2  30   1.918526e+03    1.918526e+03    1.471557e+01    1.471557e+01    -1.594549e-02    6.695489e-03  
  4   2  31   1.921289e+03    1.921289e+03    8.079661e+00    8.079661e+00    5.725133e-03    3.381695e-03  
  4   2  32   1.931677e+03    1.931677e+03    1.004305e+01    1.004305e+01    -2.925170e-02    5.313925e-03  
  4   2  33   1.938095e+03    1.938095e+03    4.356636e+00    4.356636e+00    -1.886931e-02    6.777603e-03  
  4   2  34   1.940141e+03    1.940141e+03    9.946999e+00    9.946999e+00    -1.620836e-02    4.331313e-03  
  4   2  35   1.939130e+03    1.939130e+03    4.118968e+00    4.118968e+00    -3.729469e-03    3.380747e-03  
  4   2  36   1.965211e+03    1.965211e+03    4.732881e+00    4.732881e+00    -9.441525e-05    3.950541e-03  
  4   2  37   1.963031e+03    1.963031e+03    4.739135e+00    4.739135e+00    -6.188654e-04    3.135346e-03  
  4   2  38   1.982091e+03    1.982091e+03    6.964338e+00    6.964338e+00    3.215291e-02    3.140732e-03  
  4   2  39   1.960018e+03    1.960018e+03    1.217043e+01    1.217043e+01    1.370393e-02    4.227124e-03  
  4   2  40   1.980554e+03    1.980554e+03    9.567295e+00    9.567295e+00    3.102348e-02    3.838797e-03  
  4   2  41   1.962468e+03    1.962468e+03    1.140668e+01    1.140668e+01    1.787300e-02    6.537744e-03  
  4   2  42   1.995417e+03    1.995417e+03    6.786244e+00    6.786244e+00    -1.775809e-02    3.760959e-03  
  4   2  43   2.058863e+03    2.058863e+03    3.967352e+01    3.967352e+01    -1.644222e-02    6.150340e-03  
  4   2  44   2.027083e+03    2.027083e+03    8.618771e+00    8.618771e+00    -1.278582e-01    7.072356e-03  
  4   2  45   1.934331e+03    1.934331e+03    2.217149e+01    2.217149e+01    -1.009595e-02    5.513813e-03  
  4   2  46   2.043213e+03    2.043213e+03    1.224299e+01    1.224299e+01    7.782819e-02    3.975060e-03  
  4   2  47   2.063317e+03    2.063317e+03    1.224597e+01    1.224597e+01    8.672525e-02    6.905194e-03  
  4   2  48   2.057991e+03    2.057991e+03    9.417979e+00    9.417979e+00    -3.314810e-02    3.427234e-03  
  4   2  49   1.926769e+03    1.926769e+03    1.952788e+01    1.952788e+01    -2.444506e-02    7.553411e-03  
  4   2  50   2.094011e+03    2.094011e+03    1.355554e+01    1.355554e+01    -6.220113e-02    4.253557e-03  
  4   2  51   2.103396e+03    2.103396e+03    1.291773e+01    1.291773e+01    3.090875e-02    3.299313e-03  
  4   2  52   2.072181e+03    2.072181e+03    1.728951e+01    1.728951e+01    4.309623e-02    3.496885e-03  
  4   2  53   2.097311e+03    2.097311e+03    1.462172e+01    1.462172e+01    -2.214876e-02    3.810244e-03  
  4   2  54   1.937500e+03    1.937500e+03    1.525120e+01    1.525120e+01    -6.043797e-02    5.158125e-03  
  4   2  55   2.055022e+03    2.055022e+03    1.678159e+01    1.678159e+01    -4.588974e-02    6.984262e-03  
  4   2  56   2.011691e+03    2.011691e+03    1.556638e+01    1.556638e+01    -9.300350e-02    3.515961e-03  
  4   2  57   2.024876e+03    2.024876e+03    2.427048e+01    2.427048e+01    -1.302763e-02    6.428052e-03  
  4   2  58   2.099658e+03    2.099658e+03    1.223208e+01    1.223208e+01    4.200553e-03    4.193411e-03  
  4   2  59   2.076700e+03    2.076700e+03    1.064417e+01    1.064417e+01    1.033305e-02    3.768482e-03  
  4   2  60   2.091582e+03    2.091582e+03    1.235571e+01    1.235571e+01    -1.967379e-02    3.976314e-03  
  4   2  61   2.054595e+03    2.054595e+03    1.084476e+01    1.084476e+01    -7.124104e-02    4.034045e-03  
  4   2  62   2.067802e+03    2.067802e+03    1.056787e+01    1.056787e+01    -4.661958e-02    5.175399e-03  
  4   3   1   7.760589e+02    7.760589e+02    1.412967e+00    1.412967e+00    -2.907446e-03    5.764234e-03  
  4   3   2   7.845616e+02    7.845616e+02    6.044393e+00    6.044393e+00    5.545373e-03    5.195930e-03  
  4   3   3   7.711637e+02    7.711637e+02    1.048307e+00    1.048307e+00    -4.682846e-03    6.183862e-03  
  4   3   4   7.852119e+02    7.852119e+02    1.317661e+00    1.317661e+00    1.838850e-02    8.833975e-03  
  4   3   5   8.016910e+02    8.016910e+02    1.674595e+00    1.674595e+00    4.080398e-02    7.013186e-03  
  5   1   1   8.523949e+02    8.523949e+02    1.765550e+00    1.765550e+00    1.719015e-04    9.983379e-04  
  5   1   2   8.526785e+02    8.526785e+02    1.817374e+00    1.817374e+00    3.581860e-03    1.443233e-03  
  5   1   3   8.729594e+02    8.729594e+02    6.930254e+00    6.930254e+00    4.061522e-03    1.800149e-03  
  5   1   4   8.330786e+02    8.330786e+02    1.928812e+00    1.928812e+00    -1.622460e-02    1.887683e-03  
  5   1   5   8.323212e+02    8.323212e+02    3.498943e+00    3.498943e+00    -2.397372e-02    2.815389e-03  
  5   1   6   8.154993e+02    8.154993e+02    2.140798e+00    2.140798e+00    1.679055e-02    1.921765e-03  
  5   1   7   8.069302e+02    8.069302e+02    2.402356e+00    2.402356e+00    -2.632260e-03    4.828734e-03  
  5   1   8   7.804845e+02    7.804845e+02    1.885166e+00    1.885166e+00    -2.179784e-02    3.687936e-03  
  5   1   9   7.715052e+02    7.715052e+02    2.492509e+00    2.492509e+00    -1.993275e-02    5.774015e-03  
  5   1  10   7.681388e+02    7.681388e+02    2.296256e+00    2.296256e+00    5.732686e-02    3.603955e-03  
  5   1  11   7.678388e+02    7.678388e+02    1.645336e+00    1.645336e+00    4.666373e-04    4.217748e-03  
  5   1  12   7.694084e+02    7.694084e+02    2.199293e+00    2.199293e+00    3.340245e-02    4.705354e-03  
  5   1  13   7.772789e+02    7.772789e+02    4.552024e+00    4.552024e+00    1.269017e-03    4.718271e-03  
  5   1  14   8.136129e+02    8.136129e+02    2.418387e+01    2.418387e+01    -7.928361e-03    5.116857e-03  
  5   1  15   7.913372e+02    7.913372e+02    2.189895e+00    2.189895e+00    -9.484999e-02    7.091767e-03  
  5   1  16   7.907581e+02    7.907581e+02    4.681791e+00    4.681791e+00    1.207125e-02    4.066914e-03  
  5   1  17   7.982153e+02    7.982153e+02    4.685019e+00    4.685019e+00    6.705053e-03    7.696413e-03  
  5   1  18   8.877326e+02    8.877326e+02    5.672091e+00    5.672091e+00    -9.736385e-02    4.907535e-03  
  5   1  19   8.431392e+02    8.431392e+02    4.296510e+00    4.296510e+00    -5.781662e-02    5.074226e-03  
  5   1  20   8.628830e+02    8.628830e+02    3.008961e+00    3.008961e+00    -1.077136e-01    1.119985e-02  
  5   1  21   8.611617e+02    8.611617e+02    3.510913e+00    3.510913e+00    -6.895140e-02    4.579630e-03  
  5   1  22   8.701409e+02    8.701409e+02    7.819486e+00    7.819486e+00    9.599587e-02    6.690539e-03  
  5   1  23   1.089765e+03    1.089765e+03    5.322499e+02    5.322499e+02    -6.821368e-02    6.493014e-03  
  5   2   1   2.089385e+03    2.089385e+03    9.559948e+00    9.559948e+00    -2.352941e-04    8.998341e-04  
  5   2   2   2.076982e+03    2.076982e+03    7.299033e+00    7.299033e+00    9.154598e-03    3.072684e-03  
  5   2   3   2.173534e+03    2.173534e+03    1.203107e+03    1.203107e+03    7.856949e-04    2.022614e-03  
  5   2   4   2.009628e+03    2.009628e+03    1.848804e+01    1.848804e+01    -7.378302e-04    2.761971e-03  
  5   2   5   2.052897e+03    2.052897e+03    6.366069e+00    6.366069e+00    -1.199493e-02    1.636582e-03  
  5   2   6   2.030420e+03    2.030420e+03    8.900506e+01    8.900506e+01    1.060606e-03    2.286868e-03  
  5   2   7   2.069235e+03    2.069235e+03    1.295482e+01    1.295482e+01    -7.898881e-03    3.107346e-03  
  5   2   8   2.012627e+03    2.012627e+03    2.292620e+01    2.292620e+01    5.555556e-03    2.893849e-03  
  5   2   9   2.039449e+03    2.039449e+03    7.177139e+00    7.177139e+00    -3.284449e-03    2.062098e-03  
  5   2  10   2.034270e+03    2.034270e+03    2.255292e+01    2.255292e+01    -3.353270e-03    2.564625e-03  
  5   2  11   1.955270e+03    1.955270e+03    5.409178e+01    5.409178e+01    2.511406e-03    3.664722e-03  
  5   2  12   1.980214e+03    1.980214e+03    8.118565e+00    8.118565e+00    5.252182e-02    4.544369e-03  
  5   2  13   1.999013e+03    1.999013e+03    6.462375e+00    6.462375e+00    -2.310362e-03    2.761267e-03  
  5   2  14   1.979484e+03    1.979484e+03    1.044335e+01    1.044335e+01    2.779466e-02    3.599679e-03  
  5   2  15   1.884230e+03    1.884230e+03    4.368883e+01    4.368883e+01    -2.639183e-03    4.049176e-03  
  5   2  16   1.966544e+03    1.966544e+03    1.104552e+01    1.104552e+01    -3.897014e-02    4.426313e-03  
  5   2  17   1.937668e+03    1.937668e+03    7.671120e+00    7.671120e+00    -1.457284e-02    3.610165e-03  
  5   2  18   1.861071e+03    1.861071e+03    2.790997e+01    2.790997e+01    -5.356083e-03    3.596619e-03  
  5   2  19   1.872195e+03    1.872195e+03    2.219793e+01    2.219793e+01    3.042449e-03    4.257411e-03  
  5   2  20   1.873852e+03    1.873852e+03    3.246763e+01    3.246763e+01    -1.706078e-03    4.045299e-03  
  5   2  21   1.907333e+03    1.907333e+03    8.101610e+00    8.101610e+00    3.027027e-02    3.504626e-03  
  5   2  22   1.909371e+03    1.909371e+03    5.235298e+00    5.235298e+00    2.403756e-03    3.536552e-03  
  5   2  23   1.915582e+03    1.915582e+03    9.645722e+00    9.645722e+00    4.108321e-02    6.822886e-03  
  5   2  24   1.906805e+03    1.906805e+03    4.465296e+00    4.465296e+00    -6.178272e-03    3.485010e-03  
  5   2  25   1.909516e+03    1.909516e+03    6.614923e+00    6.614923e+00    -3.900521e-02    4.108576e-03  
  5   2  26   1.902330e+03    1.902330e+03    5.496587e+00    5.496587e+00    -3.563936e-02    3.587361e-03  
  5   2  27   1.901609e+03    1.901609e+03    4.281938e+00    4.281938e+00    8.393358e-03    4.228706e-03  
  5   2  28   1.871611e+03    1.871611e+03    1.192072e+01    1.192072e+01    -1.022451e-02    5.453572e-03  
  5   2  29   1.886433e+03    1.886433e+03    5.753629e+00    5.753629e+00    -2.670576e-02    4.331399e-03  
  5   2  30   1.914261e+03    1.914261e+03    4.026800e+00    4.026800e+00    -7.623373e-03    3.672741e-03  
  5   2  31   1.919083e+03    1.919083e+03    4.304566e+00    4.304566e+00    -2.598614e-02    4.546043e-03  
  5   2  32   1.930153e+03    1.930153e+03    3.931441e+00    3.931441e+00    -4.879753e-03    3.432309e-03  
  5   2  33   1.924850e+03    1.924850e+03    4.130846e+00    4.130846e+00    3.075412e-03    5.656851e-03  
  5   2  34   1.913805e+03    1.913805e+03    9.264124e+00    9.264124e+00    8.045377e-03    5.579307e-03  
  5   2  35   1.985073e+03    1.985073e+03    1.612968e+01    1.612968e+01    3.859649e-03    3.879820e-03  
  5   2  36   1.970124e+03    1.970124e+03    7.596180e+00    7.596180e+00    3.521886e-02    4.295136e-03  
  5   2  37   1.953083e+03    1.953083e+03    5.154358e+00    5.154358e+00    3.037213e-02    3.942266e-03  
  5   2  38   1.972170e+03    1.972170e+03    4.897933e+00    4.897933e+00    -5.579754e-03    2.820747e-03  
  5   2  39   1.971437e+03    1.971437e+03    4.836326e+00    4.836326e+00    4.184352e-03    3.727419e-03  
  5   2  40   1.995945e+03    1.995945e+03    5.829323e+00    5.829323e+00    -1.139823e-02    4.566186e-03  
  5   2  41   2.004022e+03    2.004022e+03    5.701477e+00    5.701477e+00    -3.317972e-04    4.203682e-03  
  5   2  42   2.013115e+03    2.013115e+03    5.754688e+00    5.754688e+00    -1.682701e-03    4.263854e-03  
  5   2  43   2.005688e+03    2.005688e+03    6.867207e+00    6.867207e+00    3.314862e-02    3.573374e-03  
  5   2  44   2.020886e+03    2.020886e+03    1.378423e+01    1.378423e+01    2.572269e-02    4.543434e-03  
  5   2  45   2.030455e+03    2.030455e+03    8.363749e+00    8.363749e+00    6.169833e-02    5.496183e-03  
  5   2  46   2.053929e+03    2.053929e+03    9.710464e+00    9.710464e+00    4.044977e-02    3.914932e-03  
  5   2  47   2.058853e+03    2.058853e+03    7.358350e+00    7.358350e+00    -7.314225e-03    4.824170e-03  
  5   2  48   2.055521e+03    2.055521e+03    1.139200e+01    1.139200e+01    4.721566e-02    4.468518e-03  
  5   2  49   2.042929e+03    2.042929e+03    2.959284e+01    2.959284e+01    6.599307e-03    5.773679e-03  
  5   2  50   2.104541e+03    2.104541e+03    1.950147e+01    1.950147e+01    5.038973e-02    5.224469e-03  
  5   2  51   2.117287e+03    2.117287e+03    1.603699e+01    1.603699e+01    5.849988e-02    5.203573e-03  
  5   2  52   1.931168e+03    1.931168e+03    2.382947e+01    2.382947e+01    1.324571e-02    6.869553e-03  
  5   2  53   2.122269e+03    2.122269e+03    2.089406e+01    2.089406e+01    -4.634755e-02    4.902707e-03  
  5   2  54   2.089595e+03    2.089595e+03    1.210958e+01    1.210958e+01    6.066724e-03    5.625968e-03  
  5   2  55   2.012500e+03    2.012500e+03    1.358345e+01    1.358345e+01    -8.115210e-03    7.041315e-03  
  5   2  56   2.050672e+03    2.050672e+03    1.553889e+01    1.553889e+01    -6.184993e-02    3.788358e-03  
  5   2  57   2.088858e+03    2.088858e+03    1.354649e+01    1.354649e+01    1.138740e-02    3.667167e-03  
  5   2  58   2.117625e+03    2.117625e+03    1.475562e+01    1.475562e+01    -7.063270e-03    4.281196e-03  
  5   2  59   2.049208e+03    2.049208e+03    1.061825e+01    1.061825e+01    4.106837e-02    5.109194e-03  
  5   2  60   2.085239e+03    2.085239e+03    9.803411e+00    9.803411e+00    -1.702421e-02    5.281379e-03  
  5   2  61   2.071342e+03    2.071342e+03    1.306246e+01    1.306246e+01    1.183738e-02    6.402452e-03  
  5   2  62   2.097537e+03    2.097537e+03    1.190636e+01    1.190636e+01    2.477827e-03    3.882743e-03  
  5   3   1   7.773126e+02    7.773126e+02    1.455927e+00    1.455927e+00    -2.754224e-03    5.468184e-03  
  5   3   2   7.866915e+02    7.866915e+02    1.599397e+00    1.599397e+00    -1.170603e-02    4.112200e-03  
  5   3   3   7.710401e+02    7.710401e+02    1.005511e+00    1.005511e+00    7.609103e-03    6.486999e-03  
  5   3   4   7.858954e+02    7.858954e+02    1.392894e+00    1.392894e+00    4.587900e-02    7.378549e-03  
  5   3   5   8.039027e+02    8.039027e+02    1.648434e+00    1.648434e+00    1.592580e-02    8.301023e-03  
  6   1   1   8.536008e+02    8.536008e+02    7.565677e+00    7.565677e+00    4.248183e-04    1.763060e-03  
  6   1   2   8.376272e+02    8.376272e+02    2.256471e+00    2.256471e+00    1.958664e-02    1.251654e-03  
  6   1   3   8.698500e+02    8.698500e+02    1.088640e+01    1.088640e+01    1.781430e-03    1.730872e-03  
  6   1   4   8.401085e+02    8.401085e+02    1.728204e+00    1.728204e+00    3.813849e-03    1.978928e-03  
  6   1   5   8.244726e+02    8.244726e+02    1.793633e+00    1.793633e+00    -2.033594e-03    1.975325e-03  
  6   1   6   8.162983e+02    8.162983e+02    5.838182e+00    5.838182e+00    5.982575e-03    2.584091e-03  
  6   1   7   8.017294e+02    8.017294e+02    2.604244e+00    2.604244e+00    1.284340e-02    4.312101e-03  
  6   1   8   7.936323e+02    7.936323e+02    1.940741e+00    1.940741e+00    -1.698459e-02    2.985159e-03  
  6   1   9   7.771614e+02    7.771614e+02    1.538213e+00    1.538213e+00    -4.128079e-04    3.052054e-03  
  6   1  10   8.238765e+02    8.238765e+02    7.817619e+00    7.817619e+00    -1.986158e-02    4.786471e-03  
  6   1  11   7.627420e+02    7.627420e+02    1.811604e+00    1.811604e+00    7.420885e-03    5.900805e-03  
  6   1  12   7.694117e+02    7.694117e+02    3.079909e+00    3.079909e+00    -1.022572e-01    1.932368e-02  
  6   1  13   7.758019e+02    7.758019e+02    1.195861e+00    1.195861e+00    -9.316175e-04    4.896105e-03  
  6   1  14   8.637846e+02    8.637846e+02    4.837631e+01    4.837631e+01    -4.126289e-02    5.575989e-03  
  6   1  15   7.909230e+02    7.909230e+02    3.715126e+00    3.715126e+00    8.653997e-03    5.797316e-03  
  6   1  16   8.025823e+02    8.025823e+02    1.833845e+00    1.833845e+00    2.780347e-02    5.677036e-03  
  6   1  17   8.484564e+02    8.484564e+02    1.414214e+00    1.414214e+00    -4.812697e-02    5.358289e-03  
  6   1  18   8.099123e+02    8.099123e+02    4.418202e+00    4.418202e+00    -5.020506e-02    6.780611e-03  
  6   1  19   8.125975e+02    8.125975e+02    4.676947e+00    4.676947e+00    -5.924211e-02    6.664458e-03  
  6   1  20   8.527483e+02    8.527483e+02    3.951257e+00    3.951257e+00    -3.937788e-02    4.699205e-03  
  6   1  21   8.650916e+02    8.650916e+02    3.263262e+00    3.263262e+00    -2.407069e-02    5.780436e-03  
  6   1  22   8.825501e+02    8.825501e+02    6.679159e+00    6.679159e+00    -4.527959e-02    7.228650e-03  
  6   1  23   8.497914e+02    8.497914e+02    9.245491e+00    9.245491e+00    6.051360e-02    9.815977e-03  
  6   2   1   2.074983e+03    2.074983e+03    7.224668e+00    7.224668e+00    4.309392e-03    1.700707e-03  
  6   2   2   2.072214e+03    2.072214e+03    6.111267e+00    6.111267e+00    -1.263127e-03    1.125075e-03  
  6   2   3   2.062017e+03    2.062017e+03    6.661940e+00    6.661940e+00    -1.317919e-03    1.683768e-03  
  6   2   4   2.060560e+03    2.060560e+03    5.749253e+00    5.749253e+00    6.953764e-04    1.637678e-03  
  6   2   5   2.056406e+03    2.056406e+03    6.399092e+01    6.399092e+01    -5.312265e-03    2.684661e-03  
  6   2   6   2.040324e+03    2.040324e+03    6.863268e+00    6.863268e+00    -2.258065e-02    1.986325e-03  
  6   2   7   2.060126e+03    2.060126e+03    6.589530e+00    6.589530e+00    -1.572160e-02    1.793544e-03  
  6   2   8   2.026098e+03    2.026098e+03    6.719038e+00    6.719038e+00    2.298609e-03    2.302886e-03  
  6   2   9   2.039615e+03    2.039615e+03    6.106028e+00    6.106028e+00    2.258548e-03    2.059728e-03  
  6   2  10   2.097823e+03    2.097823e+03    7.060465e+01    7.060465e+01    4.421925e-04    2.889464e-03  
  6   2  11   1.952642e+03    1.952642e+03    6.900519e+01    6.900519e+01    5.708400e-03    2.646866e-03  
  6   2  12   2.071037e+03    2.071037e+03    9.942033e+01    9.942033e+01    5.569051e-03    3.051154e-03  
  6   2  13   1.997375e+03    1.997375e+03    1.123206e+01    1.123206e+01    1.489861e-03    3.183340e-03  
  6   2  14   2.060934e+03    2.060934e+03    6.164162e+01    6.164162e+01    -6.809697e-03    4.256250e-03  
  6   2  15   1.974194e+03    1.974194e+03    6.539055e+00    6.539055e+00    9.028772e-03    4.303171e-03  
  6   2  16   1.985214e+03    1.985214e+03    7.004734e+00    7.004734e+00    -1.584139e-02    3.618555e-03  
  6   2  17   1.957115e+03    1.957115e+03    6.598107e+00    6.598107e+00    4.095140e-03    3.489923e-03  
  6   2  18   1.952481e+03    1.952481e+03    4.623245e+01    4.623245e+01    5.301751e-03    4.682748e-03  
  6   2  19   1.930109e+03    1.930109e+03    6.679293e+00    6.679293e+00    -4.075602e-03    3.033396e-03  
  6   2  20   1.886934e+03    1.886934e+03    2.153878e+01    2.153878e+01    -2.033999e-02    6.597291e-03  
  6   2  21   1.891878e+03    1.891878e+03    1.648139e+01    1.648139e+01    3.026410e-03    3.929488e-03  
  6   2  22   1.918540e+03    1.918540e+03    2.537959e+01    2.537959e+01    7.687308e-03    4.425331e-03  
  6   2  23   1.894958e+03    1.894958e+03    2.563481e+01    2.563481e+01    -4.900614e-03    5.181858e-03  
  6   2  24   1.895147e+03    1.895147e+03    6.732798e+00    6.732798e+00    1.322306e-02    4.033661e-03  
  6   2  25   1.909160e+03    1.909160e+03    4.615051e+00    4.615051e+00    -7.365836e-03    4.236154e-03  
  6   2  26   1.907048e+03    1.907048e+03    4.484833e+00    4.484833e+00    -2.347418e-05    5.565507e-03  
  6   2  27   1.919894e+03    1.919894e+03    1.395456e+01    1.395456e+01    -2.970459e-04    3.440466e-03  
  6   2  28   1.909433e+03    1.909433e+03    4.417732e+00    4.417732e+00    -1.486766e-02    4.358321e-03  
  6   2  29   1.915215e+03    1.915215e+03    4.030047e+00    4.030047e+00    1.473371e-03    3.920007e-03  
  6   2  30   1.916706e+03    1.916706e+03    3.856614e+00    3.856614e+00    -1.296177e-02    4.263004e-03  
  6   2  31   1.920974e+03    1.920974e+03    1.711271e+00    1.711271e+00    1.720717e-02    4.883601e-03  
  6   2  32   1.935482e+03    1.935482e+03    1.203130e+01    1.203130e+01    8.916616e-03    4.433241e-03  
  6   2  33   1.935252e+03    1.935252e+03    1.313347e+01    1.313347e+01    1.086519e-03    5.339108e-03  
  6   2  34   1.939969e+03    1.939969e+03    4.336993e+00    4.336993e+00    -5.843475e-03    3.486780e-03  
  6   2  35   1.947496e+03    1.947496e+03    4.641084e+00    4.641084e+00    2.034112e-02    4.290989e-03  
  6   2  36   1.968091e+03    1.968091e+03    5.250477e+00    5.250477e+00    1.182699e-02    5.898552e-03  
  6   2  37   1.973295e+03    1.973295e+03    4.587198e+00    4.587198e+00    -8.846457e-03    8.321279e-03  
  6   2  38   1.975986e+03    1.975986e+03    4.918694e+00    4.918694e+00    -2.757625e-03    4.463633e-03  
  6   2  39   1.971161e+03    1.971161e+03    5.368486e+00    5.368486e+00    -4.556517e-02    4.707758e-03  
  6   2  40   1.991424e+03    1.991424e+03    1.678110e+01    1.678110e+01    -3.988330e-03    5.896364e-03  
  6   2  41   2.010812e+03    2.010812e+03    6.689559e+00    6.689559e+00    4.142695e-02    4.566006e-03  
  6   2  42   2.006863e+03    2.006863e+03    6.000961e+00    6.000961e+00    -2.054404e-04    4.576389e-03  
  6   2  43   2.004716e+03    2.004716e+03    6.237818e+00    6.237818e+00    1.616892e-03    3.060876e-03  
  6   2  44   2.032534e+03    2.032534e+03    6.106677e+00    6.106677e+00    -9.549884e-03    3.648793e-03  
  6   2  45   2.039966e+03    2.039966e+03    7.742319e+00    7.742319e+00    4.403144e-02    4.504821e-03  
  6   2  46   2.027278e+03    2.027278e+03    7.920720e+00    7.920720e+00    3.177899e-02    3.831575e-03  
  6   2  47   2.062549e+03    2.062549e+03    8.022580e+00    8.022580e+00    -8.032508e-03    4.262011e-03  
  6   2  48   2.086932e+03    2.086932e+03    1.257149e+01    1.257149e+01    7.151940e-02    4.857065e-03  
  6   2  49   2.083854e+03    2.083854e+03    9.211647e+00    9.211647e+00    -4.624277e-03    4.841500e-03  
  6   2  50   1.975470e+03    1.975470e+03    3.544962e+01    3.544962e+01    -1.178323e-02    7.345438e-03  
  6   2  51   2.010711e+03    2.010711e+03    2.210948e+01    2.210948e+01    -1.939129e-02    5.731534e-03  
  6   2  52   2.087500e+03    2.087500e+03    1.281091e+01    1.281091e+01    1.233634e-01    1.054765e-02  
  6   2  53   2.030722e+03    2.030722e+03    2.869686e+01    2.869686e+01    1.101566e-02    5.173185e-03  
  6   2  54   2.100408e+03    2.100408e+03    1.329052e+01    1.329052e+01    -1.185894e-02    5.380165e-03  
  6   2  55   2.084291e+03    2.084291e+03    1.296342e+01    1.296342e+01    2.236049e-02    3.916907e-03  
  6   2  56   2.095517e+03    2.095517e+03    1.183441e+01    1.183441e+01    -2.385271e-02    5.842012e-03  
  6   2  57   2.113983e+03    2.113983e+03    1.374186e+01    1.374186e+01    1.282252e-02    3.939027e-03  
  6   2  58   2.082105e+03    2.082105e+03    1.071773e+01    1.071773e+01    -2.907944e-02    4.847139e-03  
  6   2  59   2.090105e+03    2.090105e+03    1.102629e+01    1.102629e+01    3.962848e-03    3.655362e-03  
  6   2  60   2.053704e+03    2.053704e+03    9.722280e+00    9.722280e+00    2.998975e-03    5.951133e-03  
  6   2  61   2.068573e+03    2.068573e+03    9.729759e+00    9.729759e+00    1.620486e-02    4.755814e-03  
  6   2  62   2.075335e+03    2.075335e+03    1.133476e+01    1.133476e+01    -1.269333e-02    4.535834e-03  
  6   3   1   7.808020e+02    7.808020e+02    1.539896e+00    1.539896e+00    -4.627167e-03    5.556876e-03  
  6   3   2   8.012211e+02    8.012211e+02    3.131195e-01    3.131195e-01    -3.261523e-03    3.570841e-03  
  6   3   3   7.723424e+02    7.723424e+02    9.981509e-01    9.981509e-01    -4.288254e-04    4.802537e-03  
  6   3   4   7.836019e+02    7.836019e+02    1.329244e+00    1.329244e+00    1.148440e-01    6.818912e-03  
  6   3   5   8.027980e+02    8.027980e+02    1.601639e+00    1.601639e+00    1.638017e-02    8.572614e-03  
