  1   1   1   1.477530e+01    1.477530e+01    1.611216e+01    1.611216e+01  
  1   1   2   1.491249e+01    1.491249e+01    8.871828e+00    8.871828e+00  
  1   1   3   1.578819e+01    1.578819e+01    1.100108e+01    1.100108e+01  
  1   1   4   1.529979e+01    1.529979e+01    6.871580e+00    6.871580e+00  
  1   1   5   1.474108e+01    1.474108e+01    6.589996e+00    6.589996e+00  
  1   1   6   1.481502e+01    1.481502e+01    5.861840e+00    5.861840e+00  
  1   1   7   1.710450e+01    1.710450e+01    6.789676e+00    6.789676e+00  
  1   1   8   1.529565e+01    1.529565e+01    4.292468e+00    4.292468e+00  
  1   1   9   1.391932e+01    1.391932e+01    2.425604e+00    2.425604e+00  
  1   1  10   1.481277e+01    1.481277e+01    3.374524e+00    3.374524e+00  
  1   1  11   1.503138e+01    1.503138e+01    2.513213e+00    2.513213e+00  
  1   1  12   1.465582e+01    1.465582e+01    2.157804e+00    2.157804e+00  
  1   1  13   1.573568e+01    1.573568e+01    2.220064e+00    2.220064e+00  
  1   1  14   1.551115e+01    1.551115e+01    2.067984e+00    2.067984e+00  
  1   1  15   1.493663e+01    1.493663e+01    1.852707e+00    1.852707e+00  
  1   1  16   1.499190e+01    1.499190e+01    1.928725e+00    1.928725e+00  
  1   1  17   1.537492e+01    1.537492e+01    1.832126e+00    1.832126e+00  
  1   1  18   1.531108e+01    1.531108e+01    1.395784e+00    1.395784e+00  
  1   1  19   1.546771e+01    1.546771e+01    2.129633e+00    2.129633e+00  
  1   1  20   1.538490e+01    1.538490e+01    1.898093e+00    1.898093e+00  
  1   1  21   1.546296e+01    1.546296e+01    1.591486e+00    1.591486e+00  
  1   1  22   1.586606e+01    1.586606e+01    1.610625e+00    1.610625e+00  
  1   1  23   1.540210e+01    1.540210e+01    1.634526e+00    1.634526e+00  
  1   2   1   1.547617e+01    1.547617e+01    3.971347e+01    3.971347e+01  
  1   2   2   1.359710e+01    1.359710e+01    1.494933e+01    1.494933e+01  
  1   2   3   1.812039e+01    1.812039e+01    3.526979e+01    3.526979e+01  
  1   2   4   1.609527e+01    1.609527e+01    1.679319e+01    1.679319e+01  
  1   2   5   1.660601e+01    1.660601e+01    1.485108e+01    1.485108e+01  
  1   2   6   1.516184e+01    1.516184e+01    1.093708e+01    1.093708e+01  
  1   2   7   1.409082e+01    1.409082e+01    9.961436e+00    9.961436e+00  
  1   2   8   1.546376e+01    1.546376e+01    1.421541e+01    1.421541e+01  
  1   2   9   1.633685e+01    1.633685e+01    8.671106e+00    8.671106e+00  
  1   2  10   1.399424e+01    1.399424e+01    7.994223e+00    7.994223e+00  
  1   2  11   1.426946e+01    1.426946e+01    1.112522e+01    1.112522e+01  
  1   2  12   1.579640e+01    1.579640e+01    1.089805e+01    1.089805e+01  
  1   2  13   1.501589e+01    1.501589e+01    1.062566e+01    1.062566e+01  
  1   2  14   1.387942e+01    1.387942e+01    1.111937e+01    1.111937e+01  
  1   2  15   1.380182e+01    1.380182e+01    7.228914e+00    7.228914e+00  
  1   2  16   1.869129e+01    1.869129e+01    1.519911e+01    1.519911e+01  
  1   2  17   1.671534e+01    1.671534e+01    8.664507e+00    8.664507e+00  
  1   2  18   1.574757e+01    1.574757e+01    8.463332e+00    8.463332e+00  
  1   2  19   1.588951e+01    1.588951e+01    9.309796e+00    9.309796e+00  
  1   2  20   1.474562e+01    1.474562e+01    8.811993e+00    8.811993e+00  
  1   2  21   1.593807e+01    1.593807e+01    6.643059e+00    6.643059e+00  
  1   2  22   1.509734e+01    1.509734e+01    5.865362e+00    5.865362e+00  
  1   2  23   1.504974e+01    1.504974e+01    6.854880e+00    6.854880e+00  
  1   2  24   1.523034e+01    1.523034e+01    5.584357e+00    5.584357e+00  
  1   2  25   1.534253e+01    1.534253e+01    4.327023e+00    4.327023e+00  
  1   2  26   1.450425e+01    1.450425e+01    5.502460e+00    5.502460e+00  
  1   2  27   1.631568e+01    1.631568e+01    4.141289e+00    4.141289e+00  
  1   2  28   1.544960e+01    1.544960e+01    4.413313e+00    4.413313e+00  
  1   2  29   1.582900e+01    1.582900e+01    3.624145e+00    3.624145e+00  
  1   2  30   1.564057e+01    1.564057e+01    3.592533e+00    3.592533e+00  
  1   2  31   1.578500e+01    1.578500e+01    3.767341e+00    3.767341e+00  
  1   2  32   1.557315e+01    1.557315e+01    4.238133e+00    4.238133e+00  
  1   2  33   1.621520e+01    1.621520e+01    3.847285e+00    3.847285e+00  
  1   2  34   1.670203e+01    1.670203e+01    4.298478e+00    4.298478e+00  
  1   2  35   1.697447e+01    1.697447e+01    4.480700e+00    4.480700e+00  
  1   2  36   1.539718e+01    1.539718e+01    2.863817e+00    2.863817e+00  
  1   2  37   1.507078e+01    1.507078e+01    3.448609e+00    3.448609e+00  
  1   2  38   1.567624e+01    1.567624e+01    3.387914e+00    3.387914e+00  
  1   2  39   1.552039e+01    1.552039e+01    2.532927e+00    2.532927e+00  
  1   2  40   1.597002e+01    1.597002e+01    2.917945e+00    2.917945e+00  
  1   2  41   1.573449e+01    1.573449e+01    3.611617e+00    3.611617e+00  
  1   2  42   1.615294e+01    1.615294e+01    2.349159e+00    2.349159e+00  
  1   2  43   1.534896e+01    1.534896e+01    2.978555e+00    2.978555e+00  
  1   2  44   1.563810e+01    1.563810e+01    2.488900e+00    2.488900e+00  
  1   2  45   1.609603e+01    1.609603e+01    2.847803e+00    2.847803e+00  
  1   2  46   1.632391e+01    1.632391e+01    4.216547e+00    4.216547e+00  
  1   2  47   1.611833e+01    1.611833e+01    3.484945e+00    3.484945e+00  
  1   2  48   1.592143e+01    1.592143e+01    3.819371e+00    3.819371e+00  
  1   2  49   1.634701e+01    1.634701e+01    4.014661e+00    4.014661e+00  
  1   2  50   1.608592e+01    1.608592e+01    5.048818e+00    5.048818e+00  
  1   2  51   1.599419e+01    1.599419e+01    3.578024e+00    3.578024e+00  
  1   2  52   1.557720e+01    1.557720e+01    2.583238e+00    2.583238e+00  
  1   2  53   1.716621e+01    1.716621e+01    4.677434e+00    4.677434e+00  
  1   2  54   1.625814e+01    1.625814e+01    3.214726e+00    3.214726e+00  
  1   2  55   1.659903e+01    1.659903e+01    4.456777e+00    4.456777e+00  
  1   2  56   1.659535e+01    1.659535e+01    5.628741e+00    5.628741e+00  
  1   2  57   1.576474e+01    1.576474e+01    3.542201e+00    3.542201e+00  
  1   2  58   1.629979e+01    1.629979e+01    4.180652e+00    4.180652e+00  
  1   2  59   1.676637e+01    1.676637e+01    5.207244e+00    5.207244e+00  
  1   2  60   1.669493e+01    1.669493e+01    3.107692e+00    3.107692e+00  
  1   2  61   1.593674e+01    1.593674e+01    3.376227e+00    3.376227e+00  
  1   2  62   1.623549e+01    1.623549e+01    3.805616e+00    3.805616e+00  
  1   3   1   1.594753e+01    1.594753e+01    1.417642e+00    1.417642e+00  
  1   3   2   1.576183e+01    1.576183e+01    1.470530e+00    1.470530e+00  
  1   3   3   1.560191e+01    1.560191e+01    1.545889e+00    1.545889e+00  
  1   3   4   1.619926e+01    1.619926e+01    1.789325e+00    1.789325e+00  
  1   3   5   1.576936e+01    1.576936e+01    3.432131e+00    3.432131e+00  
  2   1   1   1.566159e+01    1.566159e+01    1.825341e+01    1.825341e+01  
  2   1   2   1.466147e+01    1.466147e+01    8.614581e+00    8.614581e+00  
  2   1   3   1.581270e+01    1.581270e+01    7.208573e+00    7.208573e+00  
  2   1   4   1.372577e+01    1.372577e+01    7.635050e+00    7.635050e+00  
  2   1   5   1.465151e+01    1.465151e+01    4.201458e+00    4.201458e+00  
  2   1   6   1.579735e+01    1.579735e+01    6.508573e+00    6.508573e+00  
  2   1   7   1.495565e+01    1.495565e+01    4.231422e+00    4.231422e+00  
  2   1   8   1.550836e+01    1.550836e+01    5.431329e+00    5.431329e+00  
  2   1   9   1.522349e+01    1.522349e+01    3.348158e+00    3.348158e+00  
  2   1  10   1.412999e+01    1.412999e+01    2.071213e+00    2.071213e+00  
  2   1  11   1.581609e+01    1.581609e+01    2.720193e+00    2.720193e+00  
  2   1  12   1.500149e+01    1.500149e+01    2.379773e+00    2.379773e+00  
  2   1  13   1.498546e+01    1.498546e+01    2.014346e+00    2.014346e+00  
  2   1  14   1.511099e+01    1.511099e+01    2.055674e+00    2.055674e+00  
  2   1  15   1.496236e+01    1.496236e+01    1.656239e+00    1.656239e+00  
  2   1  16   1.497225e+01    1.497225e+01    1.638009e+00    1.638009e+00  
  2   1  17   1.539768e+01    1.539768e+01    1.868255e+00    1.868255e+00  
  2   1  18   1.562601e+01    1.562601e+01    1.709134e+00    1.709134e+00  
  2   1  19   1.510297e+01    1.510297e+01    1.469210e+00    1.469210e+00  
  2   1  20   1.556137e+01    1.556137e+01    1.894809e+00    1.894809e+00  
  2   1  21   1.511177e+01    1.511177e+01    1.650324e+00    1.650324e+00  
  2   1  22   1.575514e+01    1.575514e+01    1.671736e+00    1.671736e+00  
  2   1  23   1.591027e+01    1.591027e+01    1.534526e+00    1.534526e+00  
  2   2   1   1.679026e+01    1.679026e+01    4.570594e+01    4.570594e+01  
  2   2   2   1.586711e+01    1.586711e+01    1.945066e+01    1.945066e+01  
  2   2   3   1.802611e+01    1.802611e+01    3.276777e+01    3.276777e+01  
  2   2   4   1.777716e+01    1.777716e+01    1.890592e+01    1.890592e+01  
  2   2   5   1.371768e+01    1.371768e+01    8.815552e+00    8.815552e+00  
  2   2   6   1.276718e+01    1.276718e+01    6.944401e+00    6.944401e+00  
  2   2   7   1.592338e+01    1.592338e+01    9.761027e+00    9.761027e+00  
  2   2   8   1.398586e+01    1.398586e+01    7.773988e+00    7.773988e+00  
  2   2   9   1.521030e+01    1.521030e+01    1.389314e+01    1.389314e+01  
  2   2  10   1.495010e+01    1.495010e+01    1.054037e+01    1.054037e+01  
  2   2  11   1.389516e+01    1.389516e+01    1.230401e+01    1.230401e+01  
  2   2  12   1.568638e+01    1.568638e+01    1.045429e+01    1.045429e+01  
  2   2  13   1.789819e+01    1.789819e+01    1.136193e+01    1.136193e+01  
  2   2  14   1.702126e+01    1.702126e+01    1.400755e+01    1.400755e+01  
  2   2  15   1.506630e+01    1.506630e+01    5.777749e+00    5.777749e+00  
  2   2  16   1.637854e+01    1.637854e+01    1.351886e+01    1.351886e+01  
  2   2  17   1.560176e+01    1.560176e+01    6.202935e+00    6.202935e+00  
  2   2  18   1.453970e+01    1.453970e+01    7.982114e+00    7.982114e+00  
  2   2  19   1.623883e+01    1.623883e+01    1.483388e+01    1.483388e+01  
  2   2  20   1.563420e+01    1.563420e+01    1.000072e+01    1.000072e+01  
  2   2  21   1.515100e+01    1.515100e+01    1.047025e+01    1.047025e+01  
  2   2  22   1.678457e+01    1.678457e+01    7.271209e+00    7.271209e+00  
  2   2  23   1.598104e+01    1.598104e+01    6.653822e+00    6.653822e+00  
  2   2  24   1.624858e+01    1.624858e+01    5.432024e+00    5.432024e+00  
  2   2  25   1.560247e+01    1.560247e+01    5.697115e+00    5.697115e+00  
  2   2  26   1.573872e+01    1.573872e+01    3.592202e+00    3.592202e+00  
  2   2  27   1.550455e+01    1.550455e+01    3.895959e+00    3.895959e+00  
  2   2  28   1.552753e+01    1.552753e+01    4.287755e+00    4.287755e+00  
  2   2  29   1.416437e+01    1.416437e+01    3.422778e+00    3.422778e+00  
  2   2  30   1.598285e+01    1.598285e+01    3.563974e+00    3.563974e+00  
  2   2  31   1.497385e+01    1.497385e+01    4.188923e+00    4.188923e+00  
  2   2  32   1.566139e+01    1.566139e+01    3.961810e+00    3.961810e+00  
  2   2  33   1.592094e+01    1.592094e+01    3.975953e+00    3.975953e+00  
  2   2  34   1.601038e+01    1.601038e+01    2.764028e+00    2.764028e+00  
  2   2  35   1.584029e+01    1.584029e+01    3.983856e+00    3.983856e+00  
  2   2  36   1.631787e+01    1.631787e+01    2.881326e+00    2.881326e+00  
  2   2  37   1.515873e+01    1.515873e+01    2.356946e+00    2.356946e+00  
  2   2  38   1.586952e+01    1.586952e+01    3.869554e+00    3.869554e+00  
  2   2  39   1.594934e+01    1.594934e+01    2.506005e+00    2.506005e+00  
  2   2  40   1.602738e+01    1.602738e+01    3.274929e+00    3.274929e+00  
  2   2  41   1.540272e+01    1.540272e+01    2.897698e+00    2.897698e+00  
  2   2  42   1.561090e+01    1.561090e+01    2.474381e+00    2.474381e+00  
  2   2  43   1.615557e+01    1.615557e+01    2.883138e+00    2.883138e+00  
  2   2  44   1.608011e+01    1.608011e+01    2.812093e+00    2.812093e+00  
  2   2  45   1.583264e+01    1.583264e+01    2.427748e+00    2.427748e+00  
  2   2  46   1.563330e+01    1.563330e+01    2.345523e+00    2.345523e+00  
  2   2  47   1.513015e+01    1.513015e+01    2.185848e+00    2.185848e+00  
  2   2  48   1.598903e+01    1.598903e+01    3.389387e+00    3.389387e+00  
  2   2  49   1.628123e+01    1.628123e+01    2.665628e+00    2.665628e+00  
  2   2  50   1.613038e+01    1.613038e+01    3.015833e+00    3.015833e+00  
  2   2  51   1.584835e+01    1.584835e+01    3.071810e+00    3.071810e+00  
  2   2  52   1.571240e+01    1.571240e+01    3.199381e+00    3.199381e+00  
  2   2  53   1.508578e+01    1.508578e+01    1.995437e+00    1.995437e+00  
  2   2  54   1.630547e+01    1.630547e+01    3.292496e+00    3.292496e+00  
  2   2  55   1.690052e+01    1.690052e+01    3.226257e+00    3.226257e+00  
  2   2  56   1.639994e+01    1.639994e+01    2.602788e+00    2.602788e+00  
  2   2  57   1.638479e+01    1.638479e+01    2.420311e+00    2.420311e+00  
  2   2  58   1.598533e+01    1.598533e+01    2.722337e+00    2.722337e+00  
  2   2  59   1.641793e+01    1.641793e+01    2.868349e+00    2.868349e+00  
  2   2  60   1.637931e+01    1.637931e+01    2.342822e+00    2.342822e+00  
  2   2  61   1.619998e+01    1.619998e+01    2.853049e+00    2.853049e+00  
  2   2  62   1.679629e+01    1.679629e+01    3.051110e+00    3.051110e+00  
  2   3   1   1.568118e+01    1.568118e+01    1.291824e+00    1.291824e+00  
  2   3   2   1.565802e+01    1.565802e+01    1.256842e+00    1.256842e+00  
  2   3   3   1.568742e+01    1.568742e+01    1.396571e+00    1.396571e+00  
  2   3   4   1.580402e+01    1.580402e+01    1.757803e+00    1.757803e+00  
  2   3   5   1.580802e+01    1.580802e+01    2.004590e+00    2.004590e+00  
  3   1   1   1.620930e+01    1.620930e+01    1.353229e+01    1.353229e+01  
  3   1   2   1.763002e+01    1.763002e+01    1.776097e+01    1.776097e+01  
  3   1   3   1.624035e+01    1.624035e+01    1.014014e+01    1.014014e+01  
  3   1   4   1.619679e+01    1.619679e+01    7.139324e+00    7.139324e+00  
  3   1   5   1.439123e+01    1.439123e+01    5.355179e+00    5.355179e+00  
  3   1   6   1.519494e+01    1.519494e+01    4.391505e+00    4.391505e+00  
  3   1   7   1.578046e+01    1.578046e+01    5.221236e+00    5.221236e+00  
  3   1   8   1.474263e+01    1.474263e+01    2.824540e+00    2.824540e+00  
  3   1   9   1.535016e+01    1.535016e+01    3.969366e+00    3.969366e+00  
  3   1  10   1.505689e+01    1.505689e+01    2.936702e+00    2.936702e+00  
  3   1  11   1.533174e+01    1.533174e+01    2.596924e+00    2.596924e+00  
  3   1  12   1.559663e+01    1.559663e+01    2.610670e+00    2.610670e+00  
  3   1  13   1.509089e+01    1.509089e+01    2.023672e+00    2.023672e+00  
  3   1  14   1.512135e+01    1.512135e+01    1.766003e+00    1.766003e+00  
  3   1  15   1.502779e+01    1.502779e+01    1.822190e+00    1.822190e+00  
  3   1  16   1.530241e+01    1.530241e+01    1.533089e+00    1.533089e+00  
  3   1  17   1.493926e+01    1.493926e+01    1.518800e+00    1.518800e+00  
  3   1  18   1.506708e+01    1.506708e+01    1.534937e+00    1.534937e+00  
  3   1  19   1.542880e+01    1.542880e+01    1.390855e+00    1.390855e+00  
  3   1  20   1.524206e+01    1.524206e+01    1.374527e+00    1.374527e+00  
  3   1  21   1.548761e+01    1.548761e+01    1.546560e+00    1.546560e+00  
  3   1  22   1.526048e+01    1.526048e+01    1.412194e+00    1.412194e+00  
  3   1  23   1.577067e+01    1.577067e+01    1.456640e+00    1.456640e+00  
  3   2   1   2.287454e+01    2.287454e+01    8.510930e+01    8.510930e+01  
  3   2   2   1.559960e+01    1.559960e+01    1.981119e+01    1.981119e+01  
  3   2   3   1.789863e+01    1.789863e+01    2.355027e+01    2.355027e+01  
  3   2   4   1.706191e+01    1.706191e+01    1.881849e+01    1.881849e+01  
  3   2   5   1.859416e+01    1.859416e+01    1.851006e+01    1.851006e+01  
  3   2   6   1.662957e+01    1.662957e+01    1.261580e+01    1.261580e+01  
  3   2   7   1.637294e+01    1.637294e+01    1.245500e+01    1.245500e+01  
  3   2   8   1.505227e+01    1.505227e+01    9.209991e+00    9.209991e+00  
  3   2   9   1.811978e+01    1.811978e+01    1.313797e+01    1.313797e+01  
  3   2  10   1.531025e+01    1.531025e+01    8.270502e+00    8.270502e+00  
  3   2  11   1.621295e+01    1.621295e+01    8.798894e+00    8.798894e+00  
  3   2  12   1.593169e+01    1.593169e+01    1.205330e+01    1.205330e+01  
  3   2  13   1.451440e+01    1.451440e+01    6.655196e+00    6.655196e+00  
  3   2  14   1.577041e+01    1.577041e+01    1.369770e+01    1.369770e+01  
  3   2  15   1.621075e+01    1.621075e+01    7.887184e+00    7.887184e+00  
  3   2  16   1.713649e+01    1.713649e+01    8.790645e+00    8.790645e+00  
  3   2  17   1.659065e+01    1.659065e+01    6.447247e+00    6.447247e+00  
  3   2  18   1.523790e+01    1.523790e+01    5.676433e+00    5.676433e+00  
  3   2  19   1.508896e+01    1.508896e+01    3.555447e+00    3.555447e+00  
  3   2  20   1.585726e+01    1.585726e+01    6.233556e+00    6.233556e+00  
  3   2  21   1.537448e+01    1.537448e+01    5.320690e+00    5.320690e+00  
  3   2  22   1.647250e+01    1.647250e+01    5.487585e+00    5.487585e+00  
  3   2  23   1.623442e+01    1.623442e+01    5.126835e+00    5.126835e+00  
  3   2  24   1.509319e+01    1.509319e+01    3.211289e+00    3.211289e+00  
  3   2  25   1.599367e+01    1.599367e+01    4.201068e+00    4.201068e+00  
  3   2  26   1.613079e+01    1.613079e+01    4.257697e+00    4.257697e+00  
  3   2  27   1.670034e+01    1.670034e+01    3.638655e+00    3.638655e+00  
  3   2  28   1.586989e+01    1.586989e+01    3.074912e+00    3.074912e+00  
  3   2  29   1.489556e+01    1.489556e+01    2.471449e+00    2.471449e+00  
  3   2  30   1.605168e+01    1.605168e+01    3.279442e+00    3.279442e+00  
  3   2  31   1.627366e+01    1.627366e+01    3.078480e+00    3.078480e+00  
  3   2  32   1.577883e+01    1.577883e+01    2.805992e+00    2.805992e+00  
  3   2  33   1.541304e+01    1.541304e+01    2.643710e+00    2.643710e+00  
  3   2  34   1.562745e+01    1.562745e+01    2.733192e+00    2.733192e+00  
  3   2  35   1.566047e+01    1.566047e+01    2.470583e+00    2.470583e+00  
  3   2  36   1.517695e+01    1.517695e+01    2.691223e+00    2.691223e+00  
  3   2  37   1.571331e+01    1.571331e+01    2.289870e+00    2.289870e+00  
  3   2  38   1.589179e+01    1.589179e+01    2.654575e+00    2.654575e+00  
  3   2  39   1.557460e+01    1.557460e+01    2.134821e+00    2.134821e+00  
  3   2  40   1.624546e+01    1.624546e+01    2.600250e+00    2.600250e+00  
  3   2  41   1.597137e+01    1.597137e+01    2.035466e+00    2.035466e+00  
  3   2  42   1.539360e+01    1.539360e+01    2.074612e+00    2.074612e+00  
  3   2  43   1.560960e+01    1.560960e+01    2.127318e+00    2.127318e+00  
  3   2  44   1.571162e+01    1.571162e+01    1.850757e+00    1.850757e+00  
  3   2  45   1.534131e+01    1.534131e+01    2.932129e+00    2.932129e+00  
  3   2  46   1.571877e+01    1.571877e+01    2.415024e+00    2.415024e+00  
  3   2  47   1.662102e+01    1.662102e+01    2.648446e+00    2.648446e+00  
  3   2  48   1.585152e+01    1.585152e+01    2.061754e+00    2.061754e+00  
  3   2  49   1.601495e+01    1.601495e+01    2.371372e+00    2.371372e+00  
  3   2  50   1.578417e+01    1.578417e+01    2.404131e+00    2.404131e+00  
  3   2  51   1.583293e+01    1.583293e+01    1.800069e+00    1.800069e+00  
  3   2  52   1.575930e+01    1.575930e+01    1.707366e+00    1.707366e+00  
  3   2  53   1.626588e+01    1.626588e+01    2.097699e+00    2.097699e+00  
  3   2  54   1.605292e+01    1.605292e+01    2.210940e+00    2.210940e+00  
  3   2  55   1.602807e+01    1.602807e+01    2.130860e+00    2.130860e+00  
  3   2  56   1.582211e+01    1.582211e+01    2.080002e+00    2.080002e+00  
  3   2  57   1.605036e+01    1.605036e+01    2.112377e+00    2.112377e+00  
  3   2  58   1.571219e+01    1.571219e+01    1.409908e+00    1.409908e+00  
  3   2  59   1.687091e+01    1.687091e+01    2.629465e+00    2.629465e+00  
  3   2  60   1.625709e+01    1.625709e+01    2.169893e+00    2.169893e+00  
  3   2  61   1.558694e+01    1.558694e+01    1.766104e+00    1.766104e+00  
  3   2  62   1.601785e+01    1.601785e+01    1.764400e+00    1.764400e+00  
  3   3   1   1.556689e+01    1.556689e+01    1.160068e+00    1.160068e+00  
  3   3   2   1.553823e+01    1.553823e+01    1.147128e+00    1.147128e+00  
  3   3   3   1.567012e+01    1.567012e+01    1.429838e+00    1.429838e+00  
  3   3   4   1.566465e+01    1.566465e+01    1.270600e+00    1.270600e+00  
  3   3   5   1.595553e+01    1.595553e+01    1.625939e+00    1.625939e+00  
  4   1   1   1.432400e+01    1.432400e+01    1.573711e+01    1.573711e+01  
  4   1   2   1.694632e+01    1.694632e+01    1.270785e+01    1.270785e+01  
  4   1   3   1.585917e+01    1.585917e+01    7.220294e+00    7.220294e+00  
  4   1   4   1.518970e+01    1.518970e+01    6.026951e+00    6.026951e+00  
  4   1   5   1.576983e+01    1.576983e+01    5.976611e+00    5.976611e+00  
  4   1   6   1.510956e+01    1.510956e+01    5.102077e+00    5.102077e+00  
  4   1   7   1.501648e+01    1.501648e+01    3.421493e+00    3.421493e+00  
  4   1   8   1.584001e+01    1.584001e+01    3.416982e+00    3.416982e+00  
  4   1   9   1.499584e+01    1.499584e+01    2.484215e+00    2.484215e+00  
  4   1  10   1.492435e+01    1.492435e+01    2.322945e+00    2.322945e+00  
  4   1  11   1.524407e+01    1.524407e+01    2.612012e+00    2.612012e+00  
  4   1  12   1.521930e+01    1.521930e+01    2.257782e+00    2.257782e+00  
  4   1  13   1.466984e+01    1.466984e+01    1.851872e+00    1.851872e+00  
  4   1  14   1.510827e+01    1.510827e+01    1.660232e+00    1.660232e+00  
  4   1  15   1.499994e+01    1.499994e+01    1.592963e+00    1.592963e+00  
  4   1  16   1.499231e+01    1.499231e+01    1.459473e+00    1.459473e+00  
  4   1  17   1.533552e+01    1.533552e+01    1.677778e+00    1.677778e+00  
  4   1  18   1.538828e+01    1.538828e+01    1.475011e+00    1.475011e+00  
  4   1  19   1.516372e+01    1.516372e+01    1.374972e+00    1.374972e+00  
  4   1  20   1.548133e+01    1.548133e+01    1.369286e+00    1.369286e+00  
  4   1  21   1.565194e+01    1.565194e+01    1.411108e+00    1.411108e+00  
  4   1  22   1.536606e+01    1.536606e+01    1.278591e+00    1.278591e+00  
  4   1  23   1.576179e+01    1.576179e+01    1.342110e+00    1.342110e+00  
  4   2   1   1.404226e+01    1.404226e+01    2.916025e+01    2.916025e+01  
  4   2   2   1.456740e+01    1.456740e+01    1.780743e+01    1.780743e+01  
  4   2   3   1.534726e+01    1.534726e+01    1.612469e+01    1.612469e+01  
  4   2   4   1.610523e+01    1.610523e+01    1.587169e+01    1.587169e+01  
  4   2   5   1.597871e+01    1.597871e+01    9.835856e+00    9.835856e+00  
  4   2   6   1.574985e+01    1.574985e+01    1.160943e+01    1.160943e+01  
  4   2   7   1.556441e+01    1.556441e+01    6.092443e+00    6.092443e+00  
  4   2   8   1.485642e+01    1.485642e+01    7.205048e+00    7.205048e+00  
  4   2   9   1.532372e+01    1.532372e+01    6.986928e+00    6.986928e+00  
  4   2  10   1.613457e+01    1.613457e+01    7.999801e+00    7.999801e+00  
  4   2  11   1.532525e+01    1.532525e+01    7.054816e+00    7.054816e+00  
  4   2  12   1.515783e+01    1.515783e+01    5.681859e+00    5.681859e+00  
  4   2  13   1.563058e+01    1.563058e+01    6.520884e+00    6.520884e+00  
  4   2  14   1.453228e+01    1.453228e+01    4.561278e+00    4.561278e+00  
  4   2  15   1.479197e+01    1.479197e+01    5.243288e+00    5.243288e+00  
  4   2  16   1.554310e+01    1.554310e+01    4.757694e+00    4.757694e+00  
  4   2  17   1.489066e+01    1.489066e+01    3.422359e+00    3.422359e+00  
  4   2  18   1.568493e+01    1.568493e+01    3.686446e+00    3.686446e+00  
  4   2  19   1.548439e+01    1.548439e+01    3.954005e+00    3.954005e+00  
  4   2  20   1.645172e+01    1.645172e+01    4.855943e+00    4.855943e+00  
  4   2  21   1.580670e+01    1.580670e+01    3.403872e+00    3.403872e+00  
  4   2  22   1.578798e+01    1.578798e+01    3.491148e+00    3.491148e+00  
  4   2  23   1.563849e+01    1.563849e+01    3.455858e+00    3.455858e+00  
  4   2  24   1.579567e+01    1.579567e+01    2.869369e+00    2.869369e+00  
  4   2  25   1.589237e+01    1.589237e+01    3.221388e+00    3.221388e+00  
  4   2  26   1.626342e+01    1.626342e+01    4.023715e+00    4.023715e+00  
  4   2  27   1.594354e+01    1.594354e+01    2.847306e+00    2.847306e+00  
  4   2  28   1.532485e+01    1.532485e+01    2.332292e+00    2.332292e+00  
  4   2  29   1.571844e+01    1.571844e+01    2.909493e+00    2.909493e+00  
  4   2  30   1.564971e+01    1.564971e+01    2.745963e+00    2.745963e+00  
  4   2  31   1.575351e+01    1.575351e+01    2.117741e+00    2.117741e+00  
  4   2  32   1.605643e+01    1.605643e+01    2.537359e+00    2.537359e+00  
  4   2  33   1.595865e+01    1.595865e+01    2.268364e+00    2.268364e+00  
  4   2  34   1.603984e+01    1.603984e+01    2.005758e+00    2.005758e+00  
  4   2  35   1.596533e+01    1.596533e+01    2.482219e+00    2.482219e+00  
  4   2  36   1.561460e+01    1.561460e+01    2.345495e+00    2.345495e+00  
  4   2  37   1.543598e+01    1.543598e+01    2.285229e+00    2.285229e+00  
  4   2  38   1.577477e+01    1.577477e+01    1.991491e+00    1.991491e+00  
  4   2  39   1.587536e+01    1.587536e+01    1.892659e+00    1.892659e+00  
  4   2  40   1.624126e+01    1.624126e+01    2.296387e+00    2.296387e+00  
  4   2  41   1.605161e+01    1.605161e+01    2.180619e+00    2.180619e+00  
  4   2  42   1.592495e+01    1.592495e+01    2.108707e+00    2.108707e+00  
  4   2  43   1.607437e+01    1.607437e+01    2.126709e+00    2.126709e+00  
  4   2  44   1.636899e+01    1.636899e+01    2.147279e+00    2.147279e+00  
  4   2  45   1.591621e+01    1.591621e+01    1.709507e+00    1.709507e+00  
  4   2  46   1.579634e+01    1.579634e+01    1.849218e+00    1.849218e+00  
  4   2  47   1.587205e+01    1.587205e+01    1.987683e+00    1.987683e+00  
  4   2  48   1.621342e+01    1.621342e+01    1.740678e+00    1.740678e+00  
  4   2  49   1.602675e+01    1.602675e+01    1.656542e+00    1.656542e+00  
  4   2  50   1.598876e+01    1.598876e+01    1.759267e+00    1.759267e+00  
  4   2  51   1.546841e+01    1.546841e+01    1.694896e+00    1.694896e+00  
  4   2  52   1.625073e+01    1.625073e+01    2.000860e+00    2.000860e+00  
  4   2  53   1.613549e+01    1.613549e+01    1.557556e+00    1.557556e+00  
  4   2  54   1.621059e+01    1.621059e+01    1.894280e+00    1.894280e+00  
  4   2  55   1.633739e+01    1.633739e+01    1.766073e+00    1.766073e+00  
  4   2  56   1.606183e+01    1.606183e+01    2.175720e+00    2.175720e+00  
  4   2  57   1.611737e+01    1.611737e+01    1.887179e+00    1.887179e+00  
  4   2  58   1.648675e+01    1.648675e+01    1.595275e+00    1.595275e+00  
  4   2  59   1.621659e+01    1.621659e+01    1.588846e+00    1.588846e+00  
  4   2  60   1.640798e+01    1.640798e+01    1.659116e+00    1.659116e+00  
  4   2  61   1.617557e+01    1.617557e+01    1.826547e+00    1.826547e+00  
  4   2  62   1.617771e+01    1.617771e+01    1.697936e+00    1.697936e+00  
  4   3   1   1.569104e+01    1.569104e+01    1.107214e+00    1.107214e+00  
  4   3   2   1.551315e+01    1.551315e+01    9.914292e-01    9.914292e-01  
  4   3   3   1.569272e+01    1.569272e+01    1.117418e+00    1.117418e+00  
  4   3   4   1.595031e+01    1.595031e+01    1.387649e+00    1.387649e+00  
  4   3   5   1.641933e+01    1.641933e+01    1.510550e+00    1.510550e+00  
  5   1   1   1.476572e+01    1.476572e+01    9.731673e+00    9.731673e+00  
  5   1   2   1.567504e+01    1.567504e+01    1.015325e+01    1.015325e+01  
  5   1   3   1.567987e+01    1.567987e+01    7.178755e+00    7.178755e+00  
  5   1   4   1.498350e+01    1.498350e+01    5.872524e+00    5.872524e+00  
  5   1   5   1.545277e+01    1.545277e+01    4.673555e+00    4.673555e+00  
  5   1   6   1.535778e+01    1.535778e+01    3.696289e+00    3.696289e+00  
  5   1   7   1.531226e+01    1.531226e+01    3.751143e+00    3.751143e+00  
  5   1   8   1.508122e+01    1.508122e+01    2.955242e+00    2.955242e+00  
  5   1   9   1.508218e+01    1.508218e+01    2.901223e+00    2.901223e+00  
  5   1  10   1.498068e+01    1.498068e+01    2.520179e+00    2.520179e+00  
  5   1  11   1.471199e+01    1.471199e+01    2.107932e+00    2.107932e+00  
  5   1  12   1.499143e+01    1.499143e+01    2.182477e+00    2.182477e+00  
  5   1  13   1.490027e+01    1.490027e+01    1.760786e+00    1.760786e+00  
  5   1  14   1.505944e+01    1.505944e+01    1.664544e+00    1.664544e+00  
  5   1  15   1.494445e+01    1.494445e+01    1.578051e+00    1.578051e+00  
  5   1  16   1.517120e+01    1.517120e+01    1.540469e+00    1.540469e+00  
  5   1  17   1.503421e+01    1.503421e+01    1.329801e+00    1.329801e+00  
  5   1  18   1.525474e+01    1.525474e+01    1.418284e+00    1.418284e+00  
  5   1  19   1.540458e+01    1.540458e+01    1.458541e+00    1.458541e+00  
  5   1  20   1.528106e+01    1.528106e+01    1.215391e+00    1.215391e+00  
  5   1  21   1.554139e+01    1.554139e+01    1.263851e+00    1.263851e+00  
  5   1  22   1.560274e+01    1.560274e+01    1.224545e+00    1.224545e+00  
  5   1  23   1.568910e+01    1.568910e+01    1.170605e+00    1.170605e+00  
  5   2   1   1.433583e+01    1.433583e+01    3.302691e+01    3.302691e+01  
  5   2   2   1.478344e+01    1.478344e+01    1.788262e+01    1.788262e+01  
  5   2   3   1.481569e+01    1.481569e+01    1.410646e+01    1.410646e+01  
  5   2   4   1.501113e+01    1.501113e+01    8.711763e+00    8.711763e+00  
  5   2   5   1.603250e+01    1.603250e+01    9.246184e+00    9.246184e+00  
  5   2   6   1.528675e+01    1.528675e+01    7.149701e+00    7.149701e+00  
  5   2   7   1.569916e+01    1.569916e+01    9.261286e+00    9.261286e+00  
  5   2   8   1.580125e+01    1.580125e+01    8.523934e+00    8.523934e+00  
  5   2   9   1.549764e+01    1.549764e+01    7.322112e+00    7.322112e+00  
  5   2  10   1.536659e+01    1.536659e+01    7.073681e+00    7.073681e+00  
  5   2  11   1.616888e+01    1.616888e+01    6.330755e+00    6.330755e+00  
  5   2  12   1.549545e+01    1.549545e+01    6.482952e+00    6.482952e+00  
  5   2  13   1.558639e+01    1.558639e+01    4.480233e+00    4.480233e+00  
  5   2  14   1.602273e+01    1.602273e+01    5.540426e+00    5.540426e+00  
  5   2  15   1.537121e+01    1.537121e+01    4.909938e+00    4.909938e+00  
  5   2  16   1.506284e+01    1.506284e+01    3.482401e+00    3.482401e+00  
  5   2  17   1.524738e+01    1.524738e+01    4.416005e+00    4.416005e+00  
  5   2  18   1.525800e+01    1.525800e+01    3.366085e+00    3.366085e+00  
  5   2  19   1.504517e+01    1.504517e+01    3.141715e+00    3.141715e+00  
  5   2  20   1.569029e+01    1.569029e+01    3.340271e+00    3.340271e+00  
  5   2  21   1.534470e+01    1.534470e+01    3.083244e+00    3.083244e+00  
  5   2  22   1.567031e+01    1.567031e+01    3.138507e+00    3.138507e+00  
  5   2  23   1.554702e+01    1.554702e+01    2.741588e+00    2.741588e+00  
  5   2  24   1.507722e+01    1.507722e+01    2.373918e+00    2.373918e+00  
  5   2  25   1.605976e+01    1.605976e+01    3.043044e+00    3.043044e+00  
  5   2  26   1.577134e+01    1.577134e+01    3.027512e+00    3.027512e+00  
  5   2  27   1.536486e+01    1.536486e+01    2.586388e+00    2.586388e+00  
  5   2  28   1.555902e+01    1.555902e+01    2.750776e+00    2.750776e+00  
  5   2  29   1.577249e+01    1.577249e+01    2.270466e+00    2.270466e+00  
  5   2  30   1.585088e+01    1.585088e+01    2.542910e+00    2.542910e+00  
  5   2  31   1.543800e+01    1.543800e+01    2.326100e+00    2.326100e+00  
  5   2  32   1.573648e+01    1.573648e+01    1.993876e+00    1.993876e+00  
  5   2  33   1.566592e+01    1.566592e+01    2.227705e+00    2.227705e+00  
  5   2  34   1.634401e+01    1.634401e+01    2.421073e+00    2.421073e+00  
  5   2  35   1.575251e+01    1.575251e+01    2.297415e+00    2.297415e+00  
  5   2  36   1.629346e+01    1.629346e+01    2.105954e+00    2.105954e+00  
  5   2  37   1.588655e+01    1.588655e+01    2.025156e+00    2.025156e+00  
  5   2  38   1.573513e+01    1.573513e+01    1.964129e+00    1.964129e+00  
  5   2  39   1.599668e+01    1.599668e+01    1.978762e+00    1.978762e+00  
  5   2  40   1.598908e+01    1.598908e+01    1.915889e+00    1.915889e+00  
  5   2  41   1.545176e+01    1.545176e+01    1.500943e+00    1.500943e+00  
  5   2  42   1.601116e+01    1.601116e+01    1.928413e+00    1.928413e+00  
  5   2  43   1.572909e+01    1.572909e+01    1.950125e+00    1.950125e+00  
  5   2  44   1.575031e+01    1.575031e+01    1.631247e+00    1.631247e+00  
  5   2  45   1.610916e+01    1.610916e+01    1.599181e+00    1.599181e+00  
  5   2  46   1.613213e+01    1.613213e+01    1.764891e+00    1.764891e+00  
  5   2  47   1.591915e+01    1.591915e+01    1.702556e+00    1.702556e+00  
  5   2  48   1.587642e+01    1.587642e+01    1.849624e+00    1.849624e+00  
  5   2  49   1.599813e+01    1.599813e+01    1.792678e+00    1.792678e+00  
  5   2  50   1.584718e+01    1.584718e+01    1.368793e+00    1.368793e+00  
  5   2  51   1.582693e+01    1.582693e+01    1.435049e+00    1.435049e+00  
  5   2  52   1.579884e+01    1.579884e+01    1.634243e+00    1.634243e+00  
  5   2  53   1.570282e+01    1.570282e+01    1.404376e+00    1.404376e+00  
  5   2  54   1.621138e+01    1.621138e+01    1.687496e+00    1.687496e+00  
  5   2  55   1.640041e+01    1.640041e+01    1.847130e+00    1.847130e+00  
  5   2  56   1.606822e+01    1.606822e+01    1.498556e+00    1.498556e+00  
  5   2  57   1.598672e+01    1.598672e+01    1.429598e+00    1.429598e+00  
  5   2  58   1.621230e+01    1.621230e+01    1.746090e+00    1.746090e+00  
  5   2  59   1.618074e+01    1.618074e+01    1.478326e+00    1.478326e+00  
  5   2  60   1.610215e+01    1.610215e+01    1.181799e+00    1.181799e+00  
  5   2  61   1.615868e+01    1.615868e+01    1.421654e+00    1.421654e+00  
  5   2  62   1.628808e+01    1.628808e+01    1.602565e+00    1.602565e+00  
  5   3   1   1.561968e+01    1.561968e+01    1.223310e+00    1.223310e+00  
  5   3   2   1.559361e+01    1.559361e+01    9.683366e-01    9.683366e-01  
  5   3   3   1.588195e+01    1.588195e+01    1.139732e+00    1.139732e+00  
  5   3   4   1.583074e+01    1.583074e+01    1.064214e+00    1.064214e+00  
  5   3   5   1.580237e+01    1.580237e+01    1.252991e+00    1.252991e+00  
  6   1   1   1.471615e+01    1.471615e+01    9.687381e+00    9.687381e+00  
  6   1   2   1.532455e+01    1.532455e+01    9.574183e+00    9.574183e+00  
  6   1   3   1.531432e+01    1.531432e+01    6.510730e+00    6.510730e+00  
  6   1   4   1.565635e+01    1.565635e+01    5.109487e+00    5.109487e+00  
  6   1   5   1.591846e+01    1.591846e+01    5.364700e+00    5.364700e+00  
  6   1   6   1.523858e+01    1.523858e+01    4.301321e+00    4.301321e+00  
  6   1   7   1.508649e+01    1.508649e+01    3.438168e+00    3.438168e+00  
  6   1   8   1.492432e+01    1.492432e+01    2.739493e+00    2.739493e+00  
  6   1   9   1.490006e+01    1.490006e+01    2.850472e+00    2.850472e+00  
  6   1  10   1.509761e+01    1.509761e+01    2.533652e+00    2.533652e+00  
  6   1  11   1.509911e+01    1.509911e+01    2.310986e+00    2.310986e+00  
  6   1  12   1.482133e+01    1.482133e+01    1.903042e+00    1.903042e+00  
  6   1  13   1.504701e+01    1.504701e+01    1.849143e+00    1.849143e+00  
  6   1  14   1.486042e+01    1.486042e+01    1.745875e+00    1.745875e+00  
  6   1  15   1.495566e+01    1.495566e+01    1.604869e+00    1.604869e+00  
  6   1  16   1.525553e+01    1.525553e+01    1.548380e+00    1.548380e+00  
  6   1  17   1.541747e+01    1.541747e+01    1.574423e+00    1.574423e+00  
  6   1  18   1.535317e+01    1.535317e+01    1.430533e+00    1.430533e+00  
  6   1  19   1.521137e+01    1.521137e+01    1.270939e+00    1.270939e+00  
  6   1  20   1.543446e+01    1.543446e+01    1.273378e+00    1.273378e+00  
  6   1  21   1.577246e+01    1.577246e+01    1.404450e+00    1.404450e+00  
  6   1  22   1.581888e+01    1.581888e+01    1.240117e+00    1.240117e+00  
  6   1  23   1.581916e+01    1.581916e+01    1.224233e+00    1.224233e+00  
  6   2   1   1.612288e+01    1.612288e+01    4.054079e+01    4.054079e+01  
  6   2   2   1.676535e+01    1.676535e+01    2.447517e+01    2.447517e+01  
  6   2   3   1.626447e+01    1.626447e+01    1.801557e+01    1.801557e+01  
  6   2   4   1.531570e+01    1.531570e+01    8.586487e+00    8.586487e+00  
  6   2   5   1.579566e+01    1.579566e+01    8.803860e+00    8.803860e+00  
  6   2   6   1.581941e+01    1.581941e+01    1.142876e+01    1.142876e+01  
  6   2   7   1.578501e+01    1.578501e+01    9.284444e+00    9.284444e+00  
  6   2   8   1.592302e+01    1.592302e+01    6.086887e+00    6.086887e+00  
  6   2   9   1.505802e+01    1.505802e+01    6.771970e+00    6.771970e+00  
  6   2  10   1.583559e+01    1.583559e+01    6.219162e+00    6.219162e+00  
  6   2  11   1.563378e+01    1.563378e+01    5.177638e+00    5.177638e+00  
  6   2  12   1.571950e+01    1.571950e+01    5.228386e+00    5.228386e+00  
  6   2  13   1.629040e+01    1.629040e+01    6.370990e+00    6.370990e+00  
  6   2  14   1.555271e+01    1.555271e+01    4.066260e+00    4.066260e+00  
  6   2  15   1.569533e+01    1.569533e+01    4.175755e+00    4.175755e+00  
  6   2  16   1.529754e+01    1.529754e+01    3.891402e+00    3.891402e+00  
  6   2  17   1.511130e+01    1.511130e+01    3.521748e+00    3.521748e+00  
  6   2  18   1.571800e+01    1.571800e+01    4.232545e+00    4.232545e+00  
  6   2  19   1.499679e+01    1.499679e+01    2.895999e+00    2.895999e+00  
  6   2  20   1.586280e+01    1.586280e+01    3.426879e+00    3.426879e+00  
  6   2  21   1.569359e+01    1.569359e+01    3.459873e+00    3.459873e+00  
  6   2  22   1.572414e+01    1.572414e+01    3.493848e+00    3.493848e+00  
  6   2  23   1.559525e+01    1.559525e+01    3.534150e+00    3.534150e+00  
  6   2  24   1.545814e+01    1.545814e+01    2.900386e+00    2.900386e+00  
  6   2  25   1.552442e+01    1.552442e+01    2.854507e+00    2.854507e+00  
  6   2  26   1.529726e+01    1.529726e+01    2.678915e+00    2.678915e+00  
  6   2  27   1.630561e+01    1.630561e+01    3.064872e+00    3.064872e+00  
  6   2  28   1.580520e+01    1.580520e+01    2.275837e+00    2.275837e+00  
  6   2  29   1.552823e+01    1.552823e+01    2.306898e+00    2.306898e+00  
  6   2  30   1.517789e+01    1.517789e+01    1.672152e+00    1.672152e+00  
  6   2  31   1.573243e+01    1.573243e+01    2.554793e+00    2.554793e+00  
  6   2  32   1.582190e+01    1.582190e+01    2.242702e+00    2.242702e+00  
  6   2  33   1.574812e+01    1.574812e+01    2.047500e+00    2.047500e+00  
  6   2  34   1.560238e+01    1.560238e+01    2.159039e+00    2.159039e+00  
  6   2  35   1.530775e+01    1.530775e+01    1.874441e+00    1.874441e+00  
  6   2  36   1.639676e+01    1.639676e+01    2.085961e+00    2.085961e+00  
  6   2  37   1.567714e+01    1.567714e+01    2.023409e+00    2.023409e+00  
  6   2  38   1.594147e+01    1.594147e+01    1.936542e+00    1.936542e+00  
  6   2  39   1.565548e+01    1.565548e+01    1.839168e+00    1.839168e+00  
  6   2  40   1.637010e+01    1.637010e+01    2.095445e+00    2.095445e+00  
  6   2  41   1.582920e+01    1.582920e+01    1.875160e+00    1.875160e+00  
  6   2  42   1.575379e+01    1.575379e+01    1.690643e+00    1.690643e+00  
  6   2  43   1.576237e+01    1.576237e+01    1.601763e+00    1.601763e+00  
  6   2  44   1.639797e+01    1.639797e+01    1.824751e+00    1.824751e+00  
  6   2  45   1.613326e+01    1.613326e+01    1.642361e+00    1.642361e+00  
  6   2  46   1.582014e+01    1.582014e+01    1.607214e+00    1.607214e+00  
  6   2  47   1.610925e+01    1.610925e+01    1.617818e+00    1.617818e+00  
  6   2  48   1.597897e+01    1.597897e+01    1.599260e+00    1.599260e+00  
  6   2  49   1.619142e+01    1.619142e+01    1.624377e+00    1.624377e+00  
  6   2  50   1.622488e+01    1.622488e+01    1.600382e+00    1.600382e+00  
  6   2  51   1.595231e+01    1.595231e+01    1.258965e+00    1.258965e+00  
  6   2  52   1.619130e+01    1.619130e+01    1.450104e+00    1.450104e+00  
  6   2  53   1.600622e+01    1.600622e+01    1.286413e+00    1.286413e+00  
  6   2  54   1.634206e+01    1.634206e+01    1.608320e+00    1.608320e+00  
  6   2  55   1.599502e+01    1.599502e+01    1.456007e+00    1.456007e+00  
  6   2  56   1.628838e+01    1.628838e+01    1.415197e+00    1.415197e+00  
  6   2  57   1.610658e+01    1.610658e+01    1.447513e+00    1.447513e+00  
  6   2  58   1.612655e+01    1.612655e+01    1.377156e+00    1.377156e+00  
  6   2  59   1.610143e+01    1.610143e+01    1.395437e+00    1.395437e+00  
  6   2  60   1.641438e+01    1.641438e+01    1.431932e+00    1.431932e+00  
  6   2  61   1.597396e+01    1.597396e+01    1.334706e+00    1.334706e+00  
  6   2  62   1.620493e+01    1.620493e+01    1.443947e+00    1.443947e+00  
  6   3   1   1.573586e+01    1.573586e+01    1.096911e+00    1.096911e+00  
  6   3   2   1.568656e+01    1.568656e+01    1.060440e+00    1.060440e+00  
  6   3   3   1.572852e+01    1.572852e+01    9.650144e-01    9.650144e-01  
  6   3   4   1.583412e+01    1.583412e+01    1.088031e+00    1.088031e+00  
  6   3   5   1.579477e+01    1.579477e+01    1.243766e+00    1.243766e+00  
