  1   1   1   4.961239e+00  
  1   1   2   3.405418e+00  
  1   1   3   1.327422e+00  
  1   1   4   -4.967847e+00  
  1   1   5   2.962170e-01  
  1   1   6   4.030358e+00  
  1   1   7   -9.140811e+00  
  1   1   8   3.522235e-01  
  1   1   9   -2.909107e+00  
  1   1  10   1.088042e+00  
  1   1  11   -2.113142e-01  
  1   1  12   6.866143e+00  
  1   1  13   1.027765e+01  
  1   1  14   3.670738e-03  
  1   1  15   -7.145630e+00  
  1   1  16   3.179751e+00  
  1   1  17   6.906978e+00  
  1   1  18   3.649469e+00  
  1   1  19   1.393076e+01  
  1   1  20   5.259722e-01  
  1   1  21   -1.025628e+01  
  1   1  22   9.879241e-01  
  1   1  23   1.058646e+01  
  1   2   1   2.334838e+00  
  1   2   2   1.805420e+00  
  1   2   3   7.592120e+00  
  1   2   4   -8.414860e+00  
  1   2   5   -1.983720e+02  
  1   2   6   -7.313758e+00  
  1   2   7   7.201423e+00  
  1   2   8   1.778394e+00  
  1   2   9   3.837940e+00  
  1   2  10   -2.959647e+00  
  1   2  11   -7.922884e+00  
  1   2  12   1.022788e+00  
  1   2  13   -9.157567e+00  
  1   2  14   -9.633970e+00  
  1   2  15   -7.149617e+00  
  1   2  16   -8.265000e+00  
  1   2  17   -6.141898e+00  
  1   2  18   -4.675694e+00  
  1   2  19   0.000000e+00  
  1   2  20   6.806697e-01  
  1   2  21   -3.958156e+00  
  1   2  22   -1.620765e+00  
  1   2  23   -8.093966e+00  
  1   2  24   -7.781082e+00  
  1   2  25   5.785535e+00  
  1   2  26   -1.023438e+01  
  1   2  27   3.619224e-01  
  1   2  28   -1.202011e+01  
  1   2  29   3.559894e+00  
  1   2  30   -8.079192e+00  
  1   2  31   -1.282290e+01  
  1   2  32   -8.140778e+00  
  1   2  33   2.896888e+00  
  1   2  34   2.915429e-02  
  1   2  35   -1.079580e+01  
  1   2  36   -4.852881e+00  
  1   2  37   -3.180943e+00  
  1   2  38   1.054912e+00  
  1   2  39   -8.751660e+00  
  1   2  40   2.808806e+00  
  1   2  41   -8.476395e+00  
  1   2  42   -4.546796e+00  
  1   2  43   -1.125051e+01  
  1   2  44   -1.095780e+01  
  1   2  45   2.578655e+00  
  1   2  46   -4.655552e+00  
  1   2  47   7.307021e+00  
  1   2  48   -1.116429e+01  
  1   2  49   5.480899e+00  
  1   2  50   6.097929e+00  
  1   2  51   -5.573508e+00  
  1   2  52   1.048278e+01  
  1   2  53   1.120944e+01  
  1   2  54   2.809132e+00  
  1   2  55   -8.471999e+00  
  1   2  56   -4.690118e+00  
  1   2  57   1.437464e+00  
  1   2  58   -7.960903e+00  
  1   2  59   -9.321235e+00  
  1   2  60   4.343274e+00  
  1   2  61   6.445925e+00  
  1   2  62   -1.377329e+01  
  1   3   1   5.501987e+00  
  1   3   2   -5.379776e-01  
  1   3   3   -4.628000e+00  
  1   3   4   -4.244690e+00  
  1   3   5   -1.669038e+01  
  2   1   1   3.442858e+00  
  2   1   2   -7.175957e+00  
  2   1   3   -3.647363e+00  
  2   1   4   2.022718e+00  
  2   1   5   -6.574249e+00  
  2   1   6   -6.772679e+00  
  2   1   7   -1.308595e+01  
  2   1   8   1.604572e+00  
  2   1   9   -3.384010e+00  
  2   1  10   2.627611e+00  
  2   1  11   -5.730081e+00  
  2   1  12   1.739773e-01  
  2   1  13   -1.081920e+02  
  2   1  14   -6.118629e+00  
  2   1  15   -2.236736e+00  
  2   1  16   -4.659760e+00  
  2   1  17   -6.767265e+00  
  2   1  18   -2.854266e+00  
  2   1  19   -1.020967e+01  
  2   1  20   -7.685248e+00  
  2   1  21   -1.221692e+01  
  2   1  22   6.785640e+00  
  2   1  23   1.293693e+00  
  2   2   1   -9.916054e+00  
  2   2   2   -1.173750e+01  
  2   2   3   -1.057243e+01  
  2   2   4   -1.180465e+01  
  2   2   5   4.842709e+00  
  2   2   6   -3.885669e+00  
  2   2   7   -7.196455e+00  
  2   2   8   -1.135042e+01  
  2   2   9   -1.799295e-01  
  2   2  10   2.443429e+00  
  2   2  11   -4.928311e+00  
  2   2  12   -9.183918e+00  
  2   2  13   -5.740201e-01  
  2   2  14   -1.773935e+00  
  2   2  15   9.709079e+00  
  2   2  16   -9.236667e+00  
  2   2  17   -5.911147e+00  
  2   2  18   8.541976e+00  
  2   2  19   3.078457e+00  
  2   2  20   -9.129671e+00  
  2   2  21   -1.098844e+02  
  2   2  22   1.031226e+00  
  2   2  23   6.799919e+00  
  2   2  24   -7.700891e+00  
  2   2  25   -9.937050e+00  
  2   2  26   1.141202e+01  
  2   2  27   -7.256968e+00  
  2   2  28   -7.451501e-01  
  2   2  29   -1.120372e+01  
  2   2  30   -2.199756e+00  
  2   2  31   -7.462419e-01  
  2   2  32   1.093142e+01  
  2   2  33   -1.391695e+00  
  2   2  34   -1.147688e+00  
  2   2  35   5.436143e+00  
  2   2  36   3.468454e+00  
  2   2  37   4.440070e+00  
  2   2  38   2.206543e+00  
  2   2  39   5.432575e-01  
  2   2  40   -9.029010e-01  
  2   2  41   -1.502407e+01  
  2   2  42   -6.987737e+00  
  2   2  43   -3.398925e-01  
  2   2  44   -1.492607e+01  
  2   2  45   -4.420534e+00  
  2   2  46   -2.876838e+00  
  2   2  47   4.018642e+00  
  2   2  48   -5.210365e+00  
  2   2  49   7.052962e-01  
  2   2  50   -1.947525e+01  
  2   2  51   -4.682036e+00  
  2   2  52   8.908632e-01  
  2   2  53   -3.601719e+00  
  2   2  54   -7.809836e+00  
  2   2  55   -6.013633e+00  
  2   2  56   9.013086e-01  
  2   2  57   -1.182354e+01  
  2   2  58   8.588742e+00  
  2   2  59   -1.708609e+01  
  2   2  60   7.938442e+00  
  2   2  61   -1.573008e+01  
  2   2  62   2.419551e-01  
  2   3   1   -4.908919e+00  
  2   3   2   -1.584213e+01  
  2   3   3   -9.225730e+00  
  2   3   4   -7.429398e+00  
  2   3   5   1.230039e+00  
  3   1   1   -3.610174e+00  
  3   1   2   5.881033e+00  
  3   1   3   5.062524e-01  
  3   1   4   5.050802e+00  
  3   1   5   9.820627e+00  
  3   1   6   1.798816e+00  
  3   1   7   -7.096301e-01  
  3   1   8   -1.500677e+01  
  3   1   9   -2.916912e+00  
  3   1  10   -3.977373e+00  
  3   1  11   -9.816937e-01  
  3   1  12   -1.079346e+01  
  3   1  13   -1.564995e+01  
  3   1  14   -1.307686e+01  
  3   1  15   -3.189220e+00  
  3   1  16   -2.839517e+00  
  3   1  17   2.835030e+00  
  3   1  18   -5.889661e+00  
  3   1  19   3.296800e+00  
  3   1  20   -3.212960e-02  
  3   1  21   -3.248114e+00  
  3   1  22   -9.766333e+00  
  3   1  23   -1.127284e+01  
  3   2   1   5.549955e+00  
  3   2   2   -1.536277e+01  
  3   2   3   -1.020645e+01  
  3   2   4   1.423368e+00  
  3   2   5   -9.106897e+00  
  3   2   6   2.534101e+00  
  3   2   7   2.005277e+00  
  3   2   8   -1.311529e+01  
  3   2   9   2.131628e-14  
  3   2  10   -7.983058e+01  
  3   2  11   -5.978319e+00  
  3   2  12   4.300831e+00  
  3   2  13   3.004392e+00  
  3   2  14   3.454959e+00  
  3   2  15   -6.762889e+00  
  3   2  16   -9.591195e+00  
  3   2  17   -1.127771e+01  
  3   2  18   -1.193592e+01  
  3   2  19   -1.283867e+01  
  3   2  20   -1.127967e+01  
  3   2  21   -8.811694e+01  
  3   2  22   -1.427853e+01  
  3   2  23   3.835373e-02  
  3   2  24   -3.367079e+00  
  3   2  25   -1.243641e+01  
  3   2  26   9.179476e-01  
  3   2  27   -1.511635e+00  
  3   2  28   2.389620e+00  
  3   2  29   -4.800001e+04  
  3   2  30   2.991087e+00  
  3   2  31   -2.916051e+00  
  3   2  32   7.400093e-01  
  3   2  33   -7.627882e-01  
  3   2  34   8.068373e-01  
  3   2  35   -1.597313e+01  
  3   2  36   -3.674844e+00  
  3   2  37   6.757364e+00  
  3   2  38   1.118000e+00  
  3   2  39   6.641416e+00  
  3   2  40   3.136935e+00  
  3   2  41   -5.179654e+00  
  3   2  42   -1.346908e+00  
  3   2  43   -5.124834e+00  
  3   2  44   7.838648e+00  
  3   2  45   -1.261128e+01  
  3   2  46   -1.153020e+01  
  3   2  47   1.068012e+00  
  3   2  48   7.640081e+00  
  3   2  49   1.587320e+00  
  3   2  50   -2.127355e+00  
  3   2  51   -9.501918e+00  
  3   2  52   2.597270e+00  
  3   2  53   5.125006e+00  
  3   2  54   -8.423177e+00  
  3   2  55   -1.399576e+00  
  3   2  56   -1.109183e+00  
  3   2  57   -4.248312e-01  
  3   2  58   -6.035117e+00  
  3   2  59   8.901675e-02  
  3   2  60   1.471267e+00  
  3   2  61   -5.607288e-01  
  3   2  62   6.479685e+00  
  3   3   1   2.019904e+00  
  3   3   2   1.824000e+00  
  3   3   3   -1.122000e+02  
  3   3   4   -7.981395e+00  
  3   3   5   7.369582e+00  
  4   1   1   2.538658e+00  
  4   1   2   -1.469964e+01  
  4   1   3   4.190517e+00  
  4   1   4   -1.259310e+01  
  4   1   5   1.253158e+01  
  4   1   6   -1.002542e+01  
  4   1   7   3.470045e+00  
  4   1   8   -7.519146e+00  
  4   1   9   2.057425e+00  
  4   1  10   -4.974404e+00  
  4   1  11   -1.493587e+01  
  4   1  12   -2.768938e+00  
  4   1  13   2.017906e+00  
  4   1  14   -5.862276e+00  
  4   1  15   7.800000e-01  
  4   1  16   1.678391e-01  
  4   1  17   -6.581805e+00  
  4   1  18   -5.048105e+00  
  4   1  19   1.282474e+00  
  4   1  20   -1.460100e+01  
  4   1  21   -1.557012e+01  
  4   1  22   -3.490379e+00  
  4   1  23   -1.338183e+01  
  4   2   1   3.964500e+00  
  4   2   2   -1.407147e+00  
  4   2   3   -8.494604e+00  
  4   2   4   -7.934862e+00  
  4   2   5   9.704985e+00  
  4   2   6   -6.384734e-02  
  4   2   7   -3.074980e+00  
  4   2   8   -5.681061e+00  
  4   2   9   -4.619933e+00  
  4   2  10   -6.155293e+00  
  4   2  11   -9.929484e+00  
  4   2  12   6.027053e+00  
  4   2  13   3.071110e+00  
  4   2  14   -2.688090e+00  
  4   2  15   -7.153118e+00  
  4   2  16   -4.507294e+00  
  4   2  17   -5.864469e+00  
  4   2  18   1.068490e+01  
  4   2  19   -1.012284e-01  
  4   2  20   3.482290e+00  
  4   2  21   -4.116095e+00  
  4   2  22   -3.413701e+00  
  4   2  23   -6.491361e+00  
  4   2  24   6.703326e+00  
  4   2  25   -4.212868e-02  
  4   2  26   -1.245304e+01  
  4   2  27   8.426633e+00  
  4   2  28   -1.143714e+01  
  4   2  29   -7.852979e+00  
  4   2  30   -1.247025e+00  
  4   2  31   1.370576e+00  
  4   2  32   -1.001760e+02  
  4   2  33   3.113681e+00  
  4   2  34   -5.511889e+02  
  4   2  35   -1.386133e+00  
  4   2  36   1.299506e+01  
  4   2  37   3.988667e-01  
  4   2  38   -2.002005e+00  
  4   2  39   -1.264733e+01  
  4   2  40   -1.419071e+00  
  4   2  41   2.796015e+00  
  4   2  42   5.744923e+00  
  4   2  43   5.541011e+00  
  4   2  44   -9.823149e+00  
  4   2  45   -1.774983e+01  
  4   2  46   -1.226633e+00  
  4   2  47   -6.397077e+00  
  4   2  48   -9.155174e+00  
  4   2  49   -1.225603e+01  
  4   2  50   -1.139057e+01  
  4   2  51   -7.869602e+00  
  4   2  52   3.453943e+00  
  4   2  53   -1.445112e+01  
  4   2  54   7.534717e+00  
  4   2  55   -1.145352e+01  
  4   2  56   2.830207e+00  
  4   2  57   7.493226e+00  
  4   2  58   -7.029201e+00  
  4   2  59   -1.669951e+01  
  4   2  60   -1.601588e+00  
  4   2  61   1.717410e+00  
  4   2  62   -2.477807e+00  
  4   3   1   -1.134854e+01  
  4   3   2   -4.154666e+00  
  4   3   3   -4.491163e+00  
  4   3   4   -9.660287e+00  
  4   3   5   -5.182799e+00  
  5   1   1   1.107016e+00  
  5   1   2   4.051739e+00  
  5   1   3   -5.796247e+00  
  5   1   4   -1.141524e+01  
  5   1   5   2.106920e+00  
  5   1   6   -7.094153e+00  
  5   1   7   -1.215532e+01  
  5   1   8   -7.568404e+00  
  5   1   9   -1.772380e+01  
  5   1  10   6.210725e+00  
  5   1  11   4.958276e+00  
  5   1  12   -1.445441e+01  
  5   1  13   -1.159741e+01  
  5   1  14   9.180615e-01  
  5   1  15   -6.908111e+00  
  5   1  16   -4.462300e+00  
  5   1  17   8.705351e+00  
  5   1  18   -1.150176e+01  
  5   1  19   1.698641e+00  
  5   1  20   1.664043e+00  
  5   1  21   -9.412051e+00  
  5   1  22   2.750780e-01  
  5   1  23   8.577971e+00  
  5   2   1   8.156427e+00  
  5   2   2   2.818279e+00  
  5   2   3   6.188542e+00  
  5   2   4   -7.594165e+00  
  5   2   5   -5.078434e-01  
  5   2   6   7.978673e+00  
  5   2   7   -1.239525e+01  
  5   2   8   -1.610791e+00  
  5   2   9   -2.953758e+00  
  5   2  10   -3.083830e+00  
  5   2  11   -1.648760e+01  
  5   2  12   -8.588410e+00  
  5   2  13   -7.911114e+00  
  5   2  14   3.096149e-01  
  5   2  15   -1.416126e+01  
  5   2  16   7.035238e-01  
  5   2  17   -3.870429e-01  
  5   2  18   8.183283e+00  
  5   2  19   -1.719936e+01  
  5   2  20   3.022531e+00  
  5   2  21   -1.426947e+01  
  5   2  22   4.802988e-01  
  5   2  23   -6.461978e+00  
  5   2  24   2.950921e+00  
  5   2  25   -8.012128e+00  
  5   2  26   3.501837e-01  
  5   2  27   -9.025044e+00  
  5   2  28   -1.066829e+01  
  5   2  29   -5.417474e+00  
  5   2  30   -7.690304e+00  
  5   2  31   -5.323088e+00  
  5   2  32   4.619318e+00  
  5   2  33   1.421085e-14  
  5   2  34   -3.056816e+00  
  5   2  35   -7.995886e+00  
  5   2  36   -5.522162e+00  
  5   2  37   -8.595472e+00  
  5   2  38   -1.418369e+01  
  5   2  39   1.227529e+00  
  5   2  40   -2.074688e-01  
  5   2  41   -4.117928e+00  
  5   2  42   -1.176377e+01  
  5   2  43   -1.240112e+01  
  5   2  44   -4.446935e+00  
  5   2  45   -5.752709e+00  
  5   2  46   -3.418975e+00  
  5   2  47   2.681992e+00  
  5   2  48   -4.537868e+00  
  5   2  49   -9.616800e+01  
  5   2  50   -9.032969e+00  
  5   2  51   -1.312219e+01  
  5   2  52   -9.903603e+00  
  5   2  53   1.023221e+01  
  5   2  54   -1.411122e+01  
  5   2  55   -3.573492e+00  
  5   2  56   8.216907e+00  
  5   2  57   -8.863638e+00  
  5   2  58   -1.490020e+00  
  5   2  59   2.533477e-01  
  5   2  60   -1.743060e+01  
  5   2  61   -5.484774e-01  
  5   2  62   1.894062e+01  
  5   3   1   6.223766e+00  
  5   3   2   -3.155300e+00  
  5   3   3   -2.133395e+00  
  5   3   4   -3.512701e+00  
  5   3   5   -5.551684e+00  
  6   1   1   -1.585536e+00  
  6   1   2   2.388351e+00  
  6   1   3   -4.855303e+00  
  6   1   4   1.409896e+00  
  6   1   5   3.202473e+00  
  6   1   6   -8.057049e+00  
  6   1   7   -7.254563e+00  
  6   1   8   -6.353877e+00  
  6   1   9   3.768927e+00  
  6   1  10   -1.770191e+01  
  6   1  11   -4.039305e+00  
  6   1  12   2.926190e+00  
  6   1  13   -1.308819e+01  
  6   1  14   4.988000e+00  
  6   1  15   3.877070e+00  
  6   1  16   4.748000e+00  
  6   1  17   -1.646899e+01  
  6   1  18   -1.553693e+01  
  6   1  19   6.046260e+00  
  6   1  20   -3.546498e+00  
  6   1  21   4.163644e-01  
  6   1  22   1.442765e+00  
  6   1  23   -1.032000e+01  
  6   2   1   -1.810247e+00  
  6   2   2   -3.699515e+00  
  6   2   3   -1.190444e+01  
  6   2   4   -1.329010e+01  
  6   2   5   2.937202e+00  
  6   2   6   9.087634e-01  
  6   2   7   -1.209084e+01  
  6   2   8   -1.267356e+01  
  6   2   9   -6.227049e-01  
  6   2  10   -1.187903e+01  
  6   2  11   -1.202400e+01  
  6   2  12   2.824515e+00  
  6   2  13   -5.019640e+00  
  6   2  14   -1.859900e+01  
  6   2  15   6.157346e+00  
  6   2  16   -1.264116e+01  
  6   2  17   7.092549e-01  
  6   2  18   -2.935113e+01  
  6   2  19   4.084096e+00  
  6   2  20   -1.111807e+01  
  6   2  21   -1.132090e+01  
  6   2  22   2.073383e+00  
  6   2  23   1.088069e+01  
  6   2  24   5.032489e-01  
  6   2  25   -4.703595e+01  
  6   2  26   2.782264e+00  
  6   2  27   -1.603200e+01  
  6   2  28   -7.742472e+00  
  6   2  29   -3.637000e+00  
  6   2  30   4.470224e+00  
  6   2  31   8.102132e-01  
  6   2  32   9.064989e+00  
  6   2  33   4.505309e-01  
  6   2  34   -1.023003e+01  
  6   2  35   -7.171352e+02  
  6   2  36   -6.509581e+00  
  6   2  37   2.172155e+00  
  6   2  38   4.402305e-02  
  6   2  39   -4.944011e+00  
  6   2  40   -3.285681e+00  
  6   2  41   -3.003903e+00  
  6   2  42   -5.870303e+00  
  6   2  43   -1.103099e+01  
  6   2  44   -1.610163e+00  
  6   2  45   -1.132254e+01  
  6   2  46   1.066122e+01  
  6   2  47   -1.235399e+01  
  6   2  48   7.449416e+00  
  6   2  49   -1.338607e+01  
  6   2  50   3.046860e+00  
  6   2  51   1.057346e+00  
  6   2  52   -9.665197e+00  
  6   2  53   3.144264e+00  
  6   2  54   -3.770751e+00  
  6   2  55   -4.636850e+00  
  6   2  56   1.043852e+00  
  6   2  57   -1.181551e+01  
  6   2  58   1.923021e+00  
  6   2  59   2.209080e+00  
  6   2  60   2.250930e+00  
  6   2  61   -4.806754e+00  
  6   2  62   -6.076920e+00  
  6   3   1   -4.655176e+00  
  6   3   2   -8.353577e+00  
  6   3   3   4.447534e+00  
  6   3   4   -1.096534e+00  
  6   3   5   -5.614403e-01  
