1 1 1 16.000 16.000 362.039 362.039
1 1 2 16.000 16.000 362.039 362.039
1 1 3 16.000 16.000 362.039 362.039
1 1 4 16.000 16.000 362.039 362.039
1 1 5 16.000 16.000 362.039 362.039
1 1 6 16.000 16.000 362.039 362.039
1 1 7 16.000 16.000 362.039 362.039
1 1 8 16.000 16.000 362.039 362.039
1 1 9 16.000 16.000 362.039 362.039
1 1 10 16.000 16.000 362.039 362.039
1 1 11 16.000 16.000 362.039 362.039
1 1 12 16.000 16.000 362.039 362.039
1 1 13 16.000 16.000 362.039 362.039
1 1 14 16.000 16.000 362.039 362.039
1 1 15 16.000 16.000 362.039 362.039
1 1 16 16.000 16.000 362.039 362.039
1 1 17 16.000 16.000 362.039 362.039
1 1 18 16.000 16.000 362.039 362.039
1 1 19 16.000 16.000 362.039 362.039
1 1 20 16.000 16.000 362.039 362.039
1 1 21 16.000 16.000 362.039 362.039
1 1 22 16.000 16.000 362.039 362.039
1 1 23 16.000 16.000 362.039 362.039
1 2 1 16.000 16.000 362.039 362.039
1 2 2 16.000 16.000 362.039 362.039
1 2 3 16.000 16.000 362.039 362.039
1 2 4 16.000 16.000 362.039 362.039
1 2 5 16.000 16.000 362.039 362.039
1 2 6 16.000 16.000 362.039 362.039
1 2 7 16.000 16.000 362.039 362.039
1 2 8 16.000 16.000 362.039 362.039
1 2 9 16.000 16.000 362.039 362.039
1 2 10 16.000 16.000 362.039 362.039
1 2 11 16.000 16.000 362.039 362.039
1 2 12 16.000 16.000 362.039 362.039
1 2 13 16.000 16.000 362.039 362.039
1 2 14 16.000 16.000 362.039 362.039
1 2 15 16.000 16.000 362.039 362.039
1 2 16 16.000 16.000 362.039 362.039
1 2 17 16.000 16.000 362.039 362.039
1 2 18 16.000 16.000 362.039 362.039
1 2 19 16.000 16.000 362.039 362.039
1 2 20 16.000 16.000 362.039 362.039
1 2 21 16.000 16.000 362.039 362.039
1 2 22 16.000 16.000 362.039 362.039
1 2 23 16.000 16.000 362.039 362.039
1 2 24 16.000 16.000 362.039 362.039
1 2 25 16.000 16.000 362.039 362.039
1 2 26 16.000 16.000 362.039 362.039
1 2 27 16.000 16.000 362.039 362.039
1 2 28 16.000 16.000 362.039 362.039
1 2 29 16.000 16.000 362.039 362.039
1 2 30 16.000 16.000 362.039 362.039
1 2 31 16.000 16.000 362.039 362.039
1 2 32 16.000 16.000 362.039 362.039
1 2 33 16.000 16.000 362.039 362.039
1 2 34 16.000 16.000 362.039 362.039
1 2 35 16.000 16.000 362.039 362.039
1 2 36 16.000 16.000 362.039 362.039
1 2 37 16.000 16.000 362.039 362.039
1 2 38 16.000 16.000 362.039 362.039
1 2 39 16.000 16.000 362.039 362.039
1 2 40 16.000 16.000 362.039 362.039
1 2 41 16.000 16.000 362.039 362.039
1 2 42 16.000 16.000 362.039 362.039
1 2 43 16.000 16.000 362.039 362.039
1 2 44 16.000 16.000 362.039 362.039
1 2 45 16.000 16.000 362.039 362.039
1 2 46 16.000 16.000 362.039 362.039
1 2 47 16.000 16.000 362.039 362.039
1 2 48 16.000 16.000 362.039 362.039
1 2 49 16.000 16.000 362.039 362.039
1 2 50 16.000 16.000 362.039 362.039
1 2 51 16.000 16.000 362.039 362.039
1 2 52 16.000 16.000 362.039 362.039
1 2 53 16.000 16.000 362.039 362.039
1 2 54 16.000 16.000 362.039 362.039
1 2 55 16.000 16.000 362.039 362.039
1 2 56 16.000 16.000 362.039 362.039
1 2 57 16.000 16.000 362.039 362.039
1 2 58 16.000 16.000 362.039 362.039
1 2 59 16.000 16.000 362.039 362.039
1 2 60 16.000 16.000 362.039 362.039
1 2 61 16.000 16.000 362.039 362.039
1 2 62 16.000 16.000 362.039 362.039
1 3 1 16.000 16.000 362.039 362.039
1 3 2 16.000 16.000 362.039 362.039
1 3 3 16.000 16.000 362.039 362.039
1 3 4 16.000 16.000 362.039 362.039
1 3 5 16.000 16.000 362.039 362.039
2 1 1 13.639 13.639 31.631 31.631
2 1 2 13.519 13.519 18.973 18.973
2 1 3 13.554 13.554 11.992 11.992
2 1 4 14.398 14.398 9.362 9.362
2 1 5 16.000 16.000 362.039 362.039
2 1 6 24.911 24.911 25.185 25.185
2 1 7 14.433 14.433 4.889 4.889
2 1 8 14.421 14.421 4.042 4.042
2 1 9 14.682 14.682 3.588 3.588
2 1 10 16.000 16.000 362.039 362.039
2 1 11 14.601 14.601 2.691 2.691
2 1 12 15.031 15.031 2.621 2.621
2 1 13 14.836 14.836 2.203 2.203
2 1 14 15.032 15.032 2.067 2.067
2 1 15 15.244 15.244 1.884 1.884
2 1 16 15.265 15.265 1.690 1.690
2 1 17 15.237 15.237 1.679 1.679
2 1 18 15.512 15.512 1.446 1.446
2 1 19 14.076 14.076 1.209 1.209
2 1 20 15.781 15.781 1.344 1.344
2 1 21 16.000 16.000 362.039 362.039
2 1 22 16.059 16.059 1.289 1.289
2 1 23 13.781 13.781 1.033 1.033
2 2 1 14.235 14.235 88.367 88.367
2 2 2 11.328 11.328 37.706 37.706
2 2 3 11.745 11.745 29.599 29.599
2 2 4 12.483 12.483 21.900 21.900
2 2 5 12.398 12.398 17.198 17.198
2 2 6 13.648 13.648 17.012 17.012
2 2 7 13.900 13.900 15.613 15.613
2 2 8 13.502 13.502 12.384 12.384
2 2 9 13.761 13.761 11.827 11.827
2 2 10 14.205 14.205 10.222 10.222
2 2 11 14.167 14.167 9.180 9.180
2 2 12 14.345 14.345 8.389 8.389
2 2 13 14.143 14.143 7.261 7.261
2 2 14 14.202 14.202 6.841 6.841
2 2 15 14.481 14.481 5.906 5.906
2 2 16 14.775 14.775 5.971 5.971
2 2 17 14.737 14.737 5.531 5.531
2 2 18 14.552 14.552 5.019 5.019
2 2 19 14.678 14.678 4.436 4.436
2 2 20 15.022 15.022 4.364 4.364
2 2 21 14.950 14.950 4.063 4.063
2 2 22 15.089 15.089 3.990 3.990
2 2 23 15.013 15.013 3.718 3.718
2 2 24 14.946 14.946 3.306 3.306
2 2 25 15.044 15.044 3.205 3.205
2 2 26 15.252 15.252 3.178 3.178
2 2 27 15.151 15.151 3.061 3.061
2 2 28 15.287 15.287 2.910 2.910
2 2 29 15.136 15.136 2.710 2.710
2 2 30 15.098 15.098 2.594 2.594
2 2 31 15.205 15.205 2.459 2.459
2 2 32 15.421 15.421 2.528 2.528
2 2 33 15.459 15.459 2.337 2.337
2 2 34 15.516 15.516 2.270 2.270
2 2 35 15.589 15.589 2.167 2.167
2 2 36 15.497 15.497 2.052 2.052
2 2 37 15.496 15.496 1.945 1.945
2 2 38 15.657 15.657 1.958 1.958
2 2 39 15.643 15.643 1.806 1.806
2 2 40 15.594 15.594 1.755 1.755
2 2 41 15.744 15.744 1.806 1.806
2 2 42 15.781 15.781 1.714 1.714
2 2 43 15.850 15.850 1.674 1.674
2 2 44 15.868 15.868 1.596 1.596
2 2 45 15.792 15.792 1.549 1.549
2 2 46 15.994 15.994 1.510 1.510
2 2 47 15.920 15.920 1.441 1.441
2 2 48 15.842 15.842 1.456 1.456
2 2 49 15.831 15.831 1.356 1.356
2 2 50 15.864 15.864 1.341 1.341
2 2 51 16.367 16.367 1.320 1.320
2 2 52 15.976 15.976 1.254 1.254
2 2 53 16.092 16.092 1.291 1.291
2 2 54 15.982 15.982 1.171 1.171
2 2 55 16.111 16.111 1.274 1.274
2 2 56 16.050 16.050 1.607 1.607
2 2 57 17.446 17.446 1.870 1.870
2 2 58 15.881 15.881 1.821 1.821
2 2 59 16.012 16.012 1.982 1.982
2 2 60 15.619 15.619 1.692 1.692
2 2 61 15.403 15.403 2.032 2.032
2 2 62 15.844 15.844 1.957 1.957
2 3 1 16.034 16.034 2.324 2.324
2 3 2 15.557 15.557 1.742 1.742
2 3 3 15.713 15.713 3.548 3.548
2 3 4 16.000 16.000 362.039 362.039
2 3 5 15.784 15.784 5.770 5.770
3 1 1 16.000 16.000 362.039 362.039
3 1 2 16.000 16.000 362.039 362.039
3 1 3 16.000 16.000 362.039 362.039
3 1 4 16.000 16.000 362.039 362.039
3 1 5 16.000 16.000 362.039 362.039
3 1 6 16.000 16.000 362.039 362.039
3 1 7 16.000 16.000 362.039 362.039
3 1 8 16.000 16.000 362.039 362.039
3 1 9 16.000 16.000 362.039 362.039
3 1 10 16.000 16.000 362.039 362.039
3 1 11 16.000 16.000 362.039 362.039
3 1 12 16.000 16.000 362.039 362.039
3 1 13 16.000 16.000 362.039 362.039
3 1 14 16.000 16.000 362.039 362.039
3 1 15 16.000 16.000 362.039 362.039
3 1 16 16.000 16.000 362.039 362.039
3 1 17 16.000 16.000 362.039 362.039
3 1 18 16.000 16.000 362.039 362.039
3 1 19 16.000 16.000 362.039 362.039
3 1 20 16.000 16.000 362.039 362.039
3 1 21 16.000 16.000 362.039 362.039
3 1 22 16.000 16.000 362.039 362.039
3 1 23 16.000 16.000 362.039 362.039
3 2 1 16.000 16.000 362.039 362.039
3 2 2 16.000 16.000 362.039 362.039
3 2 3 16.000 16.000 362.039 362.039
3 2 4 16.000 16.000 362.039 362.039
3 2 5 16.000 16.000 362.039 362.039
3 2 6 16.000 16.000 362.039 362.039
3 2 7 16.000 16.000 362.039 362.039
3 2 8 16.000 16.000 362.039 362.039
3 2 9 16.000 16.000 362.039 362.039
3 2 10 16.000 16.000 362.039 362.039
3 2 11 16.000 16.000 362.039 362.039
3 2 12 16.000 16.000 362.039 362.039
3 2 13 16.000 16.000 362.039 362.039
3 2 14 16.000 16.000 362.039 362.039
3 2 15 16.000 16.000 362.039 362.039
3 2 16 16.000 16.000 362.039 362.039
3 2 17 16.000 16.000 362.039 362.039
3 2 18 16.000 16.000 362.039 362.039
3 2 19 16.000 16.000 362.039 362.039
3 2 20 16.000 16.000 362.039 362.039
3 2 21 16.000 16.000 362.039 362.039
3 2 22 16.000 16.000 362.039 362.039
3 2 23 16.000 16.000 362.039 362.039
3 2 24 16.000 16.000 362.039 362.039
3 2 25 16.000 16.000 362.039 362.039
3 2 26 16.000 16.000 362.039 362.039
3 2 27 16.000 16.000 362.039 362.039
3 2 28 16.000 16.000 362.039 362.039
3 2 29 16.000 16.000 362.039 362.039
3 2 30 16.000 16.000 362.039 362.039
3 2 31 16.000 16.000 362.039 362.039
3 2 32 16.000 16.000 362.039 362.039
3 2 33 16.000 16.000 362.039 362.039
3 2 34 16.000 16.000 362.039 362.039
3 2 35 16.000 16.000 362.039 362.039
3 2 36 16.000 16.000 362.039 362.039
3 2 37 16.000 16.000 362.039 362.039
3 2 38 16.000 16.000 362.039 362.039
3 2 39 16.000 16.000 362.039 362.039
3 2 40 16.000 16.000 362.039 362.039
3 2 41 16.000 16.000 362.039 362.039
3 2 42 16.000 16.000 362.039 362.039
3 2 43 16.000 16.000 362.039 362.039
3 2 44 16.000 16.000 362.039 362.039
3 2 45 16.000 16.000 362.039 362.039
3 2 46 16.000 16.000 362.039 362.039
3 2 47 16.000 16.000 362.039 362.039
3 2 48 16.000 16.000 362.039 362.039
3 2 49 16.000 16.000 362.039 362.039
3 2 50 16.000 16.000 362.039 362.039
3 2 51 16.000 16.000 362.039 362.039
3 2 52 16.000 16.000 362.039 362.039
3 2 53 16.000 16.000 362.039 362.039
3 2 54 16.000 16.000 362.039 362.039
3 2 55 16.000 16.000 362.039 362.039
3 2 56 16.000 16.000 362.039 362.039
3 2 57 16.000 16.000 362.039 362.039
3 2 58 16.000 16.000 362.039 362.039
3 2 59 16.000 16.000 362.039 362.039
3 2 60 16.000 16.000 362.039 362.039
3 2 61 16.000 16.000 362.039 362.039
3 2 62 16.000 16.000 362.039 362.039
3 3 1 16.000 16.000 362.039 362.039
3 3 2 16.000 16.000 362.039 362.039
3 3 3 16.000 16.000 362.039 362.039
3 3 4 16.000 16.000 362.039 362.039
3 3 5 16.000 16.000 362.039 362.039
4 1 1 16.000 16.000 362.039 362.039
4 1 2 16.000 16.000 362.039 362.039
4 1 3 16.000 16.000 362.039 362.039
4 1 4 16.000 16.000 362.039 362.039
4 1 5 16.000 16.000 362.039 362.039
4 1 6 16.000 16.000 362.039 362.039
4 1 7 16.000 16.000 362.039 362.039
4 1 8 16.000 16.000 362.039 362.039
4 1 9 16.000 16.000 362.039 362.039
4 1 10 16.000 16.000 362.039 362.039
4 1 11 16.000 16.000 362.039 362.039
4 1 12 16.000 16.000 362.039 362.039
4 1 13 16.000 16.000 362.039 362.039
4 1 14 16.000 16.000 362.039 362.039
4 1 15 16.000 16.000 362.039 362.039
4 1 16 16.000 16.000 362.039 362.039
4 1 17 16.000 16.000 362.039 362.039
4 1 18 16.000 16.000 362.039 362.039
4 1 19 16.000 16.000 362.039 362.039
4 1 20 16.000 16.000 362.039 362.039
4 1 21 16.000 16.000 362.039 362.039
4 1 22 16.000 16.000 362.039 362.039
4 1 23 16.000 16.000 362.039 362.039
4 2 1 16.000 16.000 362.039 362.039
4 2 2 16.000 16.000 362.039 362.039
4 2 3 16.000 16.000 362.039 362.039
4 2 4 16.000 16.000 362.039 362.039
4 2 5 16.000 16.000 362.039 362.039
4 2 6 16.000 16.000 362.039 362.039
4 2 7 16.000 16.000 362.039 362.039
4 2 8 16.000 16.000 362.039 362.039
4 2 9 16.000 16.000 362.039 362.039
4 2 10 16.000 16.000 362.039 362.039
4 2 11 16.000 16.000 362.039 362.039
4 2 12 16.000 16.000 362.039 362.039
4 2 13 16.000 16.000 362.039 362.039
4 2 14 16.000 16.000 362.039 362.039
4 2 15 16.000 16.000 362.039 362.039
4 2 16 16.000 16.000 362.039 362.039
4 2 17 16.000 16.000 362.039 362.039
4 2 18 16.000 16.000 362.039 362.039
4 2 19 16.000 16.000 362.039 362.039
4 2 20 16.000 16.000 362.039 362.039
4 2 21 16.000 16.000 362.039 362.039
4 2 22 16.000 16.000 362.039 362.039
4 2 23 16.000 16.000 362.039 362.039
4 2 24 16.000 16.000 362.039 362.039
4 2 25 16.000 16.000 362.039 362.039
4 2 26 16.000 16.000 362.039 362.039
4 2 27 16.000 16.000 362.039 362.039
4 2 28 16.000 16.000 362.039 362.039
4 2 29 16.000 16.000 362.039 362.039
4 2 30 16.000 16.000 362.039 362.039
4 2 31 16.000 16.000 362.039 362.039
4 2 32 16.000 16.000 362.039 362.039
4 2 33 16.000 16.000 362.039 362.039
4 2 34 16.000 16.000 362.039 362.039
4 2 35 16.000 16.000 362.039 362.039
4 2 36 16.000 16.000 362.039 362.039
4 2 37 16.000 16.000 362.039 362.039
4 2 38 16.000 16.000 362.039 362.039
4 2 39 16.000 16.000 362.039 362.039
4 2 40 16.000 16.000 362.039 362.039
4 2 41 16.000 16.000 362.039 362.039
4 2 42 16.000 16.000 362.039 362.039
4 2 43 16.000 16.000 362.039 362.039
4 2 44 16.000 16.000 362.039 362.039
4 2 45 16.000 16.000 362.039 362.039
4 2 46 16.000 16.000 362.039 362.039
4 2 47 16.000 16.000 362.039 362.039
4 2 48 16.000 16.000 362.039 362.039
4 2 49 16.000 16.000 362.039 362.039
4 2 50 16.000 16.000 362.039 362.039
4 2 51 16.000 16.000 362.039 362.039
4 2 52 16.000 16.000 362.039 362.039
4 2 53 16.000 16.000 362.039 362.039
4 2 54 16.000 16.000 362.039 362.039
4 2 55 16.000 16.000 362.039 362.039
4 2 56 16.000 16.000 362.039 362.039
4 2 57 16.000 16.000 362.039 362.039
4 2 58 16.000 16.000 362.039 362.039
4 2 59 16.000 16.000 362.039 362.039
4 2 60 16.000 16.000 362.039 362.039
4 2 61 16.000 16.000 362.039 362.039
4 2 62 16.000 16.000 362.039 362.039
4 3 1 16.000 16.000 362.039 362.039
4 3 2 16.000 16.000 362.039 362.039
4 3 3 16.000 16.000 362.039 362.039
4 3 4 16.000 16.000 362.039 362.039
4 3 5 16.000 16.000 362.039 362.039
5 1 1 16.000 16.000 362.039 362.039
5 1 2 16.000 16.000 362.039 362.039
5 1 3 16.000 16.000 362.039 362.039
5 1 4 16.000 16.000 362.039 362.039
5 1 5 16.000 16.000 362.039 362.039
5 1 6 16.000 16.000 362.039 362.039
5 1 7 16.000 16.000 362.039 362.039
5 1 8 16.000 16.000 362.039 362.039
5 1 9 16.000 16.000 362.039 362.039
5 1 10 16.000 16.000 362.039 362.039
5 1 11 16.000 16.000 362.039 362.039
5 1 12 16.000 16.000 362.039 362.039
5 1 13 16.000 16.000 362.039 362.039
5 1 14 16.000 16.000 362.039 362.039
5 1 15 16.000 16.000 362.039 362.039
5 1 16 16.000 16.000 362.039 362.039
5 1 17 16.000 16.000 362.039 362.039
5 1 18 16.000 16.000 362.039 362.039
5 1 19 16.000 16.000 362.039 362.039
5 1 20 16.000 16.000 362.039 362.039
5 1 21 16.000 16.000 362.039 362.039
5 1 22 16.000 16.000 362.039 362.039
5 1 23 16.000 16.000 362.039 362.039
5 2 1 16.000 16.000 362.039 362.039
5 2 2 16.000 16.000 362.039 362.039
5 2 3 16.000 16.000 362.039 362.039
5 2 4 16.000 16.000 362.039 362.039
5 2 5 16.000 16.000 362.039 362.039
5 2 6 16.000 16.000 362.039 362.039
5 2 7 16.000 16.000 362.039 362.039
5 2 8 16.000 16.000 362.039 362.039
5 2 9 16.000 16.000 362.039 362.039
5 2 10 16.000 16.000 362.039 362.039
5 2 11 16.000 16.000 362.039 362.039
5 2 12 16.000 16.000 362.039 362.039
5 2 13 16.000 16.000 362.039 362.039
5 2 14 16.000 16.000 362.039 362.039
5 2 15 16.000 16.000 362.039 362.039
5 2 16 16.000 16.000 362.039 362.039
5 2 17 16.000 16.000 362.039 362.039
5 2 18 16.000 16.000 362.039 362.039
5 2 19 16.000 16.000 362.039 362.039
5 2 20 16.000 16.000 362.039 362.039
5 2 21 16.000 16.000 362.039 362.039
5 2 22 16.000 16.000 362.039 362.039
5 2 23 16.000 16.000 362.039 362.039
5 2 24 16.000 16.000 362.039 362.039
5 2 25 16.000 16.000 362.039 362.039
5 2 26 16.000 16.000 362.039 362.039
5 2 27 16.000 16.000 362.039 362.039
5 2 28 16.000 16.000 362.039 362.039
5 2 29 16.000 16.000 362.039 362.039
5 2 30 16.000 16.000 362.039 362.039
5 2 31 16.000 16.000 362.039 362.039
5 2 32 16.000 16.000 362.039 362.039
5 2 33 16.000 16.000 362.039 362.039
5 2 34 16.000 16.000 362.039 362.039
5 2 35 16.000 16.000 362.039 362.039
5 2 36 16.000 16.000 362.039 362.039
5 2 37 16.000 16.000 362.039 362.039
5 2 38 16.000 16.000 362.039 362.039
5 2 39 16.000 16.000 362.039 362.039
5 2 40 16.000 16.000 362.039 362.039
5 2 41 16.000 16.000 362.039 362.039
5 2 42 16.000 16.000 362.039 362.039
5 2 43 16.000 16.000 362.039 362.039
5 2 44 16.000 16.000 362.039 362.039
5 2 45 16.000 16.000 362.039 362.039
5 2 46 16.000 16.000 362.039 362.039
5 2 47 16.000 16.000 362.039 362.039
5 2 48 16.000 16.000 362.039 362.039
5 2 49 16.000 16.000 362.039 362.039
5 2 50 16.000 16.000 362.039 362.039
5 2 51 16.000 16.000 362.039 362.039
5 2 52 16.000 16.000 362.039 362.039
5 2 53 16.000 16.000 362.039 362.039
5 2 54 16.000 16.000 362.039 362.039
5 2 55 16.000 16.000 362.039 362.039
5 2 56 16.000 16.000 362.039 362.039
5 2 57 16.000 16.000 362.039 362.039
5 2 58 16.000 16.000 362.039 362.039
5 2 59 16.000 16.000 362.039 362.039
5 2 60 16.000 16.000 362.039 362.039
5 2 61 16.000 16.000 362.039 362.039
5 2 62 16.000 16.000 362.039 362.039
5 3 1 16.000 16.000 362.039 362.039
5 3 2 16.000 16.000 362.039 362.039
5 3 3 16.000 16.000 362.039 362.039
5 3 4 16.000 16.000 362.039 362.039
5 3 5 16.000 16.000 362.039 362.039
6 1 1 16.000 16.000 362.039 362.039
6 1 2 16.000 16.000 362.039 362.039
6 1 3 16.000 16.000 362.039 362.039
6 1 4 16.000 16.000 362.039 362.039
6 1 5 16.000 16.000 362.039 362.039
6 1 6 16.000 16.000 362.039 362.039
6 1 7 16.000 16.000 362.039 362.039
6 1 8 16.000 16.000 362.039 362.039
6 1 9 16.000 16.000 362.039 362.039
6 1 10 16.000 16.000 362.039 362.039
6 1 11 16.000 16.000 362.039 362.039
6 1 12 16.000 16.000 362.039 362.039
6 1 13 16.000 16.000 362.039 362.039
6 1 14 16.000 16.000 362.039 362.039
6 1 15 16.000 16.000 362.039 362.039
6 1 16 16.000 16.000 362.039 362.039
6 1 17 16.000 16.000 362.039 362.039
6 1 18 16.000 16.000 362.039 362.039
6 1 19 16.000 16.000 362.039 362.039
6 1 20 16.000 16.000 362.039 362.039
6 1 21 16.000 16.000 362.039 362.039
6 1 22 16.000 16.000 362.039 362.039
6 1 23 16.000 16.000 362.039 362.039
6 2 1 16.000 16.000 362.039 362.039
6 2 2 16.000 16.000 362.039 362.039
6 2 3 16.000 16.000 362.039 362.039
6 2 4 16.000 16.000 362.039 362.039
6 2 5 16.000 16.000 362.039 362.039
6 2 6 16.000 16.000 362.039 362.039
6 2 7 16.000 16.000 362.039 362.039
6 2 8 16.000 16.000 362.039 362.039
6 2 9 16.000 16.000 362.039 362.039
6 2 10 16.000 16.000 362.039 362.039
6 2 11 16.000 16.000 362.039 362.039
6 2 12 16.000 16.000 362.039 362.039
6 2 13 16.000 16.000 362.039 362.039
6 2 14 16.000 16.000 362.039 362.039
6 2 15 16.000 16.000 362.039 362.039
6 2 16 16.000 16.000 362.039 362.039
6 2 17 16.000 16.000 362.039 362.039
6 2 18 16.000 16.000 362.039 362.039
6 2 19 16.000 16.000 362.039 362.039
6 2 20 16.000 16.000 362.039 362.039
6 2 21 16.000 16.000 362.039 362.039
6 2 22 16.000 16.000 362.039 362.039
6 2 23 16.000 16.000 362.039 362.039
6 2 24 16.000 16.000 362.039 362.039
6 2 25 16.000 16.000 362.039 362.039
6 2 26 16.000 16.000 362.039 362.039
6 2 27 16.000 16.000 362.039 362.039
6 2 28 16.000 16.000 362.039 362.039
6 2 29 16.000 16.000 362.039 362.039
6 2 30 16.000 16.000 362.039 362.039
6 2 31 16.000 16.000 362.039 362.039
6 2 32 16.000 16.000 362.039 362.039
6 2 33 16.000 16.000 362.039 362.039
6 2 34 16.000 16.000 362.039 362.039
6 2 35 16.000 16.000 362.039 362.039
6 2 36 16.000 16.000 362.039 362.039
6 2 37 16.000 16.000 362.039 362.039
6 2 38 16.000 16.000 362.039 362.039
6 2 39 16.000 16.000 362.039 362.039
6 2 40 16.000 16.000 362.039 362.039
6 2 41 16.000 16.000 362.039 362.039
6 2 42 16.000 16.000 362.039 362.039
6 2 43 16.000 16.000 362.039 362.039
6 2 44 16.000 16.000 362.039 362.039
6 2 45 16.000 16.000 362.039 362.039
6 2 46 16.000 16.000 362.039 362.039
6 2 47 16.000 16.000 362.039 362.039
6 2 48 16.000 16.000 362.039 362.039
6 2 49 16.000 16.000 362.039 362.039
6 2 50 16.000 16.000 362.039 362.039
6 2 51 16.000 16.000 362.039 362.039
6 2 52 16.000 16.000 362.039 362.039
6 2 53 16.000 16.000 362.039 362.039
6 2 54 16.000 16.000 362.039 362.039
6 2 55 16.000 16.000 362.039 362.039
6 2 56 16.000 16.000 362.039 362.039
6 2 57 16.000 16.000 362.039 362.039
6 2 58 16.000 16.000 362.039 362.039
6 2 59 16.000 16.000 362.039 362.039
6 2 60 16.000 16.000 362.039 362.039
6 2 61 16.000 16.000 362.039 362.039
6 2 62 16.000 16.000 362.039 362.039
6 3 1 16.000 16.000 362.039 362.039
6 3 2 16.000 16.000 362.039 362.039
6 3 3 16.000 16.000 362.039 362.039
6 3 4 16.000 16.000 362.039 362.039
6 3 5 16.000 16.000 362.039 362.039
