  1   1   1   1.573202e+02    1.573202e+02    3.593935e+02    3.593935e+02    5.269671e-03  
  1   1   2   1.530203e+02    1.530203e+02    1.961806e+02    1.961806e+02    4.385902e-04  
  1   1   3   1.636075e+02    1.636075e+02    1.581262e+02    1.581262e+02    2.939604e-03  
  1   1   4   1.670001e+02    1.670001e+02    1.543554e+02    1.543554e+02    6.665310e-03  
  1   1   5   1.703978e+02    1.703978e+02    1.181905e+02    1.181905e+02    2.751371e-03  
  1   1   6   1.735424e+02    1.735424e+02    1.205782e+02    1.205782e+02    4.989901e-03  
  1   1   7   1.737016e+02    1.737016e+02    7.069265e+01    7.069265e+01    1.604045e-03  
  1   1   8   1.781280e+02    1.781280e+02    8.284541e+01    8.284541e+01    -1.451952e-04  
  1   1   9   1.842529e+02    1.842529e+02    7.346372e+01    7.346372e+01    1.347529e-03  
  1   1  10   1.879899e+02    1.879899e+02    6.526351e+01    6.526351e+01    4.020063e-03  
  1   1  11   1.869884e+02    1.869884e+02    6.144459e+01    6.144459e+01    -8.319875e-03  
  1   1  12   1.949791e+02    1.949791e+02    6.951738e+01    6.951738e+01    -9.445674e-04  
  1   1  13   1.981662e+02    1.981662e+02    5.659998e+01    5.659998e+01    1.623089e-03  
  1   1  14   1.997368e+02    1.997368e+02    4.986167e+01    4.986167e+01    -4.891694e-03  
  1   1  15   2.078184e+02    2.078184e+02    5.253897e+01    5.253897e+01    3.548565e-03  
  1   1  16   2.105344e+02    2.105344e+02    5.598671e+01    5.598671e+01    3.437041e-03  
  1   1  17   2.126439e+02    2.126439e+02    4.390122e+01    4.390122e+01    -6.987485e-03  
  1   1  18   2.141904e+02    2.141904e+02    4.586258e+01    4.586258e+01    -1.021350e-02  
  1   1  19   2.192319e+02    2.192319e+02    4.647553e+01    4.647553e+01    -5.256669e-03  
  1   1  20   2.283310e+02    2.283310e+02    4.274277e+01    4.274277e+01    6.232745e-03  
  1   1  21   2.303667e+02    2.303667e+02    4.503874e+01    4.503874e+01    -1.937512e-03  
  1   1  22   2.342982e+02    2.342982e+02    4.919575e+01    4.919575e+01    3.725647e-03  
  1   1  23   2.419226e+02    2.419226e+02    3.924300e+01    3.924300e+01    9.404844e-03  
  1   2   1   1.685111e+02    1.685111e+02    1.871780e+03    1.871780e+03    5.841684e-03  
  1   2   2   1.845141e+02    1.845141e+02    1.770656e+03    1.770656e+03    7.059399e-03  
  1   2   3   1.693069e+02    1.693069e+02    3.483034e+02    3.483034e+02    1.485428e-03  
  1   2   4   1.661833e+02    1.661833e+02    3.019691e+02    3.019691e+02    -6.007742e-03  
  1   2   5   1.785721e+02    1.785721e+02    3.261463e+02    3.261463e+02    -1.976925e-03  
  1   2   6   1.859602e+02    1.859602e+02    2.063326e+02    2.063326e+02    3.767152e-03  
  1   2   7   1.967096e+02    1.967096e+02    2.220960e+02    2.220960e+02    9.902248e-03  
  1   2   8   1.902753e+02    1.902753e+02    1.750026e+02    1.750026e+02    -1.038024e-03  
  1   2   9   1.834353e+02    1.834353e+02    1.903830e+02    1.903830e+02    -1.676304e-03  
  1   2  10   1.934694e+02    1.934694e+02    2.132811e+02    2.132811e+02    3.417242e-03  
  1   2  11   2.164938e+02    2.164938e+02    1.670664e+02    1.670664e+02    1.481643e-02  
  1   2  12   1.951692e+02    1.951692e+02    1.373817e+02    1.373817e+02    -3.138634e-03  
  1   2  13   2.198278e+02    2.198278e+02    1.423805e+02    1.423805e+02    6.729021e-03  
  1   2  14   2.179503e+02    2.179503e+02    1.473286e+02    1.473286e+02    1.045702e-03  
  1   2  15   2.154057e+02    2.154057e+02    1.447513e+02    1.447513e+02    -6.156674e-04  
  1   2  16   2.166107e+02    2.166107e+02    1.132829e+02    1.132829e+02    -2.953349e-03  
  1   2  17   2.282792e+02    2.282792e+02    1.260391e+02    1.260391e+02    5.150058e-03  
  1   2  18   2.324395e+02    2.324395e+02    1.132013e+02    1.132013e+02    4.270194e-03  
  1   2  19   2.211850e+02    2.211850e+02    1.178097e+02    1.178097e+02    -1.310278e-02  
  1   2  20   2.428473e+02    2.428473e+02    1.054996e+02    1.054996e+02    5.151912e-04  
  1   2  21   2.306356e+02    2.306356e+02    9.253092e+01    9.253092e+01    -1.414093e-02  
  1   2  22   2.573889e+02    2.573889e+02    1.556692e+02    1.556692e+02    1.049328e-02  
  1   2  23   2.385634e+02    2.385634e+02    1.017795e+02    1.017795e+02    -1.497978e-02  
  1   2  24   2.593823e+02    2.593823e+02    1.223630e+02    1.223630e+02    4.407861e-04  
  1   2  25   2.543808e+02    2.543808e+02    1.235068e+02    1.235068e+02    -1.545117e-03  
  1   2  26   2.660412e+02    2.660412e+02    1.215184e+02    1.215184e+02    4.583110e-03  
  1   2  27   2.471509e+02    2.471509e+02    9.419271e+01    9.419271e+01    -1.964103e-02  
  1   2  28   2.745077e+02    2.745077e+02    1.220442e+02    1.220442e+02    9.803812e-03  
  1   2  29   2.771582e+02    2.771582e+02    1.081101e+02    1.081101e+02    9.690509e-03  
  1   2  30   2.748666e+02    2.748666e+02    8.663735e+01    8.663735e+01    1.546611e-03  
  1   2  31   2.836215e+02    2.836215e+02    1.164804e+02    1.164804e+02    4.834119e-04  
  1   2  32   2.864182e+02    2.864182e+02    1.207639e+02    1.207639e+02    -8.291653e-04  
  1   2  33   2.796617e+02    2.796617e+02    9.689578e+01    9.689578e+01    -8.488493e-03  
  1   2  34   2.884982e+02    2.884982e+02    8.842494e+01    8.842494e+01    -6.838586e-04  
  1   2  35   2.904439e+02    2.904439e+02    9.384737e+01    9.384737e+01    -8.607633e-03  
  1   2  36   3.037940e+02    3.037940e+02    1.081543e+02    1.081543e+02    2.835750e-04  
  1   2  37   3.160132e+02    3.160132e+02    1.024797e+02    1.024797e+02    8.141336e-03  
  1   2  38   3.253559e+02    3.253559e+02    1.022864e+02    1.022864e+02    1.397943e-02  
  1   2  39   3.086094e+02    3.086094e+02    9.545924e+01    9.545924e+01    -9.402415e-03  
  1   2  40   3.135655e+02    3.135655e+02    8.913308e+01    8.913308e+01    -7.177326e-04  
  1   2  41   3.323454e+02    3.323454e+02    9.221808e+01    9.221808e+01    4.399511e-03  
  1   2  42   3.249936e+02    3.249936e+02    8.181227e+01    8.181227e+01    -4.368674e-03  
  1   2  43   3.315157e+02    3.315157e+02    9.292410e+01    9.292410e+01    4.107118e-03  
  1   2  44   3.357545e+02    3.357545e+02    1.049360e+02    1.049360e+02    3.022157e-04  
  1   2  45   3.445896e+02    3.445896e+02    9.519768e+01    9.519768e+01    -2.397780e-03  
  1   2  46   3.469625e+02    3.469625e+02    9.224326e+01    9.224326e+01    8.755629e-03  
  1   2  47   3.543149e+02    3.543149e+02    9.228754e+01    9.228754e+01    2.903027e-03  
  1   2  48   3.479271e+02    3.479271e+02    9.871981e+01    9.871981e+01    2.233998e-03  
  1   2  49   3.630620e+02    3.630620e+02    9.237294e+01    9.237294e+01    2.797009e-03  
  1   2  50   3.610652e+02    3.610652e+02    8.289508e+01    8.289508e+01    2.659240e-03  
  1   2  51   3.664963e+02    3.664963e+02    9.406904e+01    9.406904e+01    6.051928e-03  
  1   2  52   3.873973e+02    3.873973e+02    1.180460e+02    1.180460e+02    1.587059e-02  
  1   2  53   3.706144e+02    3.706144e+02    9.862626e+01    9.862626e+01    2.345149e-03  
  1   2  54   3.937000e+02    3.937000e+02    1.052333e+02    1.052333e+02    1.592572e-02  
  1   2  55   3.762312e+02    3.762312e+02    9.984491e+01    9.984491e+01    -9.394738e-03  
  1   2  56   3.863917e+02    3.863917e+02    1.036227e+02    1.036227e+02    -3.282964e-03  
  1   2  57   3.947203e+02    3.947203e+02    1.045628e+02    1.045628e+02    7.772946e-03  
  1   2  58   3.868293e+02    3.868293e+02    9.157662e+01    9.157662e+01    -1.305692e-02  
  1   2  59   3.908900e+02    3.908900e+02    9.664346e+01    9.664346e+01    -3.310160e-03  
  1   2  60   4.032639e+02    4.032639e+02    9.941648e+01    9.941648e+01    3.920443e-03  
  1   2  61   4.060372e+02    4.060372e+02    9.572126e+01    9.572126e+01    -3.826567e-03  
  1   2  62   4.239897e+02    4.239897e+02    9.575099e+01    9.575099e+01    1.065715e-02  
  1   3   1   2.369440e+02    2.369440e+02    3.942464e+01    3.942464e+01    -3.743396e-03  
  1   3   2   2.460829e+02    2.460829e+02    4.330017e+01    4.330017e+01    1.234161e-02  
  1   3   3   2.433817e+02    2.433817e+02    4.378259e+01    4.378259e+01    -2.419753e-03  
  1   3   4   2.566557e+02    2.566557e+02    4.441136e+01    4.441136e+01    1.357502e-02  
  1   3   5   2.552528e+02    2.552528e+02    4.453253e+01    4.453253e+01    2.237876e-03  
  2   1   1   1.520540e+02    1.520540e+02    3.472567e+02    3.472567e+02    2.374847e-03  
  2   1   2   1.599760e+02    1.599760e+02    2.208946e+02    2.208946e+02    7.241614e-04  
  2   1   3   1.616726e+02    1.616726e+02    1.509904e+02    1.509904e+02    2.269876e-03  
  2   1   4   1.641094e+02    1.641094e+02    9.875282e+01    9.875282e+01    1.296337e-03  
  2   1   5   1.610282e+02    1.610282e+02    9.809558e+01    9.809558e+01    -9.739977e-03  
  2   1   6   1.689866e+02    1.689866e+02    1.077102e+02    1.077102e+02    -2.969233e-03  
  2   1   7   1.751542e+02    1.751542e+02    6.897214e+01    6.897214e+01    6.835958e-04  
  2   1   8   1.785871e+02    1.785871e+02    9.343407e+01    9.343407e+01    -4.457889e-04  
  2   1   9   1.795596e+02    1.795596e+02    6.318940e+01    6.318940e+01    -4.877328e-03  
  2   1  10   1.895917e+02    1.895917e+02    7.849362e+01    7.849362e+01    5.127219e-03  
  2   1  11   1.881763e+02    1.881763e+02    6.810242e+01    6.810242e+01    -3.678334e-03  
  2   1  12   1.971993e+02    1.971993e+02    5.116188e+01    5.116188e+01    9.150979e-03  
  2   1  13   1.987847e+02    1.987847e+02    5.925777e+01    5.925777e+01    -1.691086e-03  
  2   1  14   2.013277e+02    2.013277e+02    5.220160e+01    5.220160e+01    -2.752601e-03  
  2   1  15   2.052006e+02    2.052006e+02    4.666307e+01    4.666307e+01    2.709693e-03  
  2   1  16   2.135458e+02    2.135458e+02    4.746965e+01    4.746965e+01    6.750649e-03  
  2   1  17   2.102765e+02    2.102765e+02    4.405588e+01    4.405588e+01    -5.336448e-03  
  2   1  18   2.157606e+02    2.157606e+02    4.794393e+01    4.794393e+01    -2.186220e-03  
  2   1  19   2.334452e+02    2.334452e+02    4.460953e+01    4.460953e+01    2.524342e-02  
  2   1  20   2.289518e+02    2.289518e+02    4.661961e+01    4.661961e+01    4.440526e-03  
  2   1  21   2.279160e+02    2.279160e+02    3.889899e+01    3.889899e+01    -5.102274e-03  
  2   1  22   2.355590e+02    2.355590e+02    4.195730e+01    4.195730e+01    -4.540244e-03  
  2   1  23   2.386245e+02    2.386245e+02    4.554973e+01    4.554973e+01    1.719552e-03  
  2   2   1   1.955625e+02    1.955625e+02    2.756002e+03    2.756002e+03    7.470235e-03  
  2   2   2   1.703448e+02    1.703448e+02    5.060222e+02    5.060222e+02    3.744715e-03  
  2   2   3   1.689708e+02    1.689708e+02    3.531057e+02    3.531057e+02    1.346887e-03  
  2   2   4   1.825035e+02    1.825035e+02    4.034235e+02    4.034235e+02    8.849652e-03  
  2   2   5   1.892133e+02    1.892133e+02    3.797674e+02    3.797674e+02    1.174824e-02  
  2   2   6   1.870275e+02    1.870275e+02    3.007095e+02    3.007095e+02    2.815098e-03  
  2   2   7   1.815716e+02    1.815716e+02    2.410205e+02    2.410205e+02    3.029265e-03  
  2   2   8   1.816372e+02    1.816372e+02    1.420441e+02    1.420441e+02    8.553272e-04  
  2   2   9   1.783349e+02    1.783349e+02    1.665214e+02    1.665214e+02    -1.064029e-02  
  2   2  10   1.944388e+02    1.944388e+02    2.109734e+02    2.109734e+02    -9.219766e-04  
  2   2  11   1.972559e+02    1.972559e+02    1.679611e+02    1.679611e+02    2.201968e-03  
  2   2  12   2.196073e+02    2.196073e+02    1.419430e+02    1.419430e+02    1.041086e-02  
  2   2  13   2.110281e+02    2.110281e+02    1.858890e+02    1.858890e+02    -5.097402e-04  
  2   2  14   2.019179e+02    2.019179e+02    1.503535e+02    1.503535e+02    -1.080835e-02  
  2   2  15   2.085065e+02    2.085065e+02    1.214313e+02    1.214313e+02    -4.175034e-03  
  2   2  16   2.090137e+02    2.090137e+02    1.144715e+02    1.144715e+02    -1.174598e-02  
  2   2  17   2.082923e+02    2.082923e+02    1.335651e+02    1.335651e+02    -1.393098e-02  
  2   2  18   2.241809e+02    2.241809e+02    1.348836e+02    1.348836e+02    -5.845628e-04  
  2   2  19   2.523760e+02    2.523760e+02    1.513814e+02    1.513814e+02    1.289987e-02  
  2   2  20   2.421534e+02    2.421534e+02    1.434506e+02    1.434506e+02    9.085463e-04  
  2   2  21   2.419282e+02    2.419282e+02    1.047442e+02    1.047442e+02    1.708561e-03  
  2   2  22   2.302886e+02    2.302886e+02    1.041174e+02    1.041174e+02    -1.723718e-02  
  2   2  23   2.413936e+02    2.413936e+02    1.021626e+02    1.021626e+02    -4.693322e-03  
  2   2  24   2.551714e+02    2.551714e+02    1.137990e+02    1.137990e+02    -3.644165e-04  
  2   2  25   2.475430e+02    2.475430e+02    9.782736e+01    9.782736e+01    -1.776228e-02  
  2   2  26   2.634323e+02    2.634323e+02    1.311672e+02    1.311672e+02    1.815272e-03  
  2   2  27   2.608706e+02    2.608706e+02    1.013758e+02    1.013758e+02    -8.497568e-03  
  2   2  28   2.784055e+02    2.784055e+02    1.172512e+02    1.172512e+02    6.520020e-03  
  2   2  29   2.792362e+02    2.792362e+02    1.190765e+02    1.190765e+02    5.372085e-03  
  2   2  30   2.782310e+02    2.782310e+02    9.411493e+01    9.411493e+01    2.701047e-03  
  2   2  31   2.834467e+02    2.834467e+02    9.711905e+01    9.711905e+01    3.481142e-03  
  2   2  32   2.846907e+02    2.846907e+02    8.666772e+01    8.666772e+01    1.510006e-03  
  2   2  33   2.978922e+02    2.978922e+02    1.121853e+02    1.121853e+02    1.790335e-03  
  2   2  34   2.944606e+02    2.944606e+02    9.610196e+01    9.610196e+01    -1.189875e-05  
  2   2  35   3.137538e+02    3.137538e+02    9.887877e+01    9.887877e+01    1.514022e-02  
  2   2  36   3.056327e+02    3.056327e+02    1.048796e+02    1.048796e+02    2.672544e-03  
  2   2  37   3.075067e+02    3.075067e+02    1.033903e+02    1.033903e+02    2.811529e-03  
  2   2  38   3.195702e+02    3.195702e+02    9.451049e+01    9.451049e+01    1.020659e-02  
  2   2  39   3.093492e+02    3.093492e+02    8.953840e+01    8.953840e+01    -8.537731e-03  
  2   2  40   3.387620e+02    3.387620e+02    1.076039e+02    1.076039e+02    2.008704e-02  
  2   2  41   3.257454e+02    3.257454e+02    1.130665e+02    1.130665e+02    3.611052e-03  
  2   2  42   3.407226e+02    3.407226e+02    1.101844e+02    1.101844e+02    1.448850e-02  
  2   2  43   3.204671e+02    3.204671e+02    8.419731e+01    8.419731e+01    -9.626413e-03  
  2   2  44   3.312216e+02    3.312216e+02    8.936967e+01    8.936967e+01    -1.864355e-03  
  2   2  45   3.341402e+02    3.341402e+02    9.977451e+01    9.977451e+01    -2.456451e-03  
  2   2  46   3.361608e+02    3.361608e+02    9.816814e+01    9.816814e+01    -1.495848e-02  
  2   2  47   3.374800e+02    3.374800e+02    9.394794e+01    9.394794e+01    -7.305373e-03  
  2   2  48   3.478749e+02    3.478749e+02    9.625844e+01    9.625844e+01    -4.145457e-03  
  2   2  49   3.578455e+02    3.578455e+02    9.131077e+01    9.131077e+01    1.952247e-03  
  2   2  50   3.594616e+02    3.594616e+02    9.582734e+01    9.582734e+01    -1.241956e-03  
  2   2  51   3.670796e+02    3.670796e+02    1.007273e+02    1.007273e+02    4.186104e-03  
  2   2  52   3.640827e+02    3.640827e+02    1.031805e+02    1.031805e+02    5.241408e-04  
  2   2  53   3.756647e+02    3.756647e+02    9.167136e+01    9.167136e+01    6.599175e-03  
  2   2  54   3.804198e+02    3.804198e+02    8.980564e+01    8.980564e+01    -4.412694e-03  
  2   2  55   3.885182e+02    3.885182e+02    9.959124e+01    9.959124e+01    4.509212e-03  
  2   2  56   4.020466e+02    4.020466e+02    9.531042e+01    9.531042e+01    1.399099e-02  
  2   2  57   3.870443e+02    3.870443e+02    9.655463e+01    9.655463e+01    -1.449244e-03  
  2   2  58   3.900774e+02    3.900774e+02    9.316713e+01    9.316713e+01    -4.392338e-03  
  2   2  59   3.890086e+02    3.890086e+02    9.394927e+01    9.394927e+01    -7.802835e-03  
  2   2  60   4.011307e+02    4.011307e+02    9.485149e+01    9.485149e+01    -5.817345e-03  
  2   2  61   4.416660e+02    4.416660e+02    1.130516e+02    1.130516e+02    2.278610e-02  
  2   2  62   4.390930e+02    4.390930e+02    9.408844e+01    9.408844e+01    2.359214e-02  
  2   3   1   2.399976e+02    2.399976e+02    4.631595e+01    4.631595e+01    4.595038e-03  
  2   3   2   2.407965e+02    2.407965e+02    4.407639e+01    4.407639e+01    -1.534301e-03  
  2   3   3   2.465723e+02    2.465723e+02    4.668651e+01    4.668651e+01    3.567180e-03  
  2   3   4   2.500080e+02    2.500080e+02    4.179314e+01    4.179314e+01    -7.040685e-03  
  2   3   5   2.543854e+02    2.543854e+02    5.013762e+01    5.013762e+01    -4.335855e-04  
  3   1   1   1.492942e+02    1.492942e+02    3.213873e+02    3.213873e+02    -2.483473e-03  
  3   1   2   1.559181e+02    1.559181e+02    2.058256e+02    2.058256e+02    8.189309e-04  
  3   1   3   1.599383e+02    1.599383e+02    1.430463e+02    1.430463e+02    -9.580593e-04  
  3   1   4   1.637789e+02    1.637789e+02    1.407753e+02    1.407753e+02    -2.588641e-04  
  3   1   5   1.686678e+02    1.686678e+02    1.145396e+02    1.145396e+02    2.368525e-03  
  3   1   6   1.684540e+02    1.684540e+02    1.023665e+02    1.023665e+02    -5.899424e-03  
  3   1   7   1.756500e+02    1.756500e+02    8.194134e+01    8.194134e+01    6.072542e-03  
  3   1   8   1.770069e+02    1.770069e+02    7.268528e+01    7.268528e+01    -4.050109e-03  
  3   1   9   1.820265e+02    1.820265e+02    7.115292e+01    7.115292e+01    5.117253e-04  
  3   1  10   1.872833e+02    1.872833e+02    7.479080e+01    7.479080e+01    3.019649e-03  
  3   1  11   1.908721e+02    1.908721e+02    6.973871e+01    6.973871e+01    3.224239e-04  
  3   1  12   1.936943e+02    1.936943e+02    5.776087e+01    5.776087e+01    -4.842885e-05  
  3   1  13   1.992144e+02    1.992144e+02    5.952148e+01    5.952148e+01    3.632162e-03  
  3   1  14   2.014934e+02    2.014934e+02    5.527953e+01    5.527953e+01    -9.806240e-04  
  3   1  15   2.047422e+02    2.047422e+02    5.307706e+01    5.307706e+01    -3.169727e-03  
  3   1  16   2.107645e+02    2.107645e+02    5.533660e+01    5.533660e+01    4.632980e-03  
  3   1  17   2.100588e+02    2.100588e+02    4.901020e+01    4.901020e+01    -9.472774e-03  
  3   1  18   2.161572e+02    2.161572e+02    4.687777e+01    4.687777e+01    -4.403031e-03  
  3   1  19   2.248283e+02    2.248283e+02    5.645575e+01    5.645575e+01    3.479104e-03  
  3   1  20   2.300296e+02    2.300296e+02    4.186681e+01    4.186681e+01    7.485721e-03  
  3   1  21   2.334320e+02    2.334320e+02    4.582102e+01    4.582102e+01    4.596278e-03  
  3   1  22   2.378299e+02    2.378299e+02    4.105623e+01    4.105623e+01    7.626455e-03  
  3   1  23   2.366884e+02    2.366884e+02    4.176097e+01    4.176097e+01    -5.208916e-03  
  3   2   1   1.505787e+02    1.505787e+02    1.323884e+03    1.323884e+03    -2.953125e-03  
  3   2   2   1.580784e+02    1.580784e+02    4.151201e+02    4.151201e+02    8.932838e-04  
  3   2   3   1.492146e+02    1.492146e+02    2.482559e+02    2.482559e+02    -8.969795e-03  
  3   2   4   1.711442e+02    1.711442e+02    3.395654e+02    3.395654e+02    1.455543e-03  
  3   2   5   1.899466e+02    1.899466e+02    2.715893e+02    2.715893e+02    6.020722e-03  
  3   2   6   1.879696e+02    1.879696e+02    1.952761e+02    1.952761e+02    8.272230e-04  
  3   2   7   1.660246e+02    1.660246e+02    1.717703e+02    1.717703e+02    -1.387245e-02  
  3   2   8   1.960043e+02    1.960043e+02    1.926482e+02    1.926482e+02    6.784993e-03  
  3   2   9   1.841305e+02    1.841305e+02    1.917543e+02    1.917543e+02    -1.861824e-03  
  3   2  10   1.881885e+02    1.881885e+02    1.500323e+02    1.500323e+02    -3.978673e-03  
  3   2  11   2.076068e+02    2.076068e+02    2.313451e+02    2.313451e+02    8.577749e-03  
  3   2  12   1.991768e+02    1.991768e+02    1.486714e+02    1.486714e+02    -1.154583e-03  
  3   2  13   2.069251e+02    2.069251e+02    1.541290e+02    1.541290e+02    4.473249e-04  
  3   2  14   2.216137e+02    2.216137e+02    1.694364e+02    1.694364e+02    1.134724e-02  
  3   2  15   2.211572e+02    2.211572e+02    1.484049e+02    1.484049e+02    2.214363e-03  
  3   2  16   2.127081e+02    2.127081e+02    1.386386e+02    1.386386e+02    -3.547530e-03  
  3   2  17   2.280242e+02    2.280242e+02    1.279908e+02    1.279908e+02    2.472444e-03  
  3   2  18   2.250060e+02    2.250060e+02    1.303784e+02    1.303784e+02    -1.211420e-03  
  3   2  19   2.359693e+02    2.359693e+02    1.230339e+02    1.230339e+02    9.685431e-03  
  3   2  20   2.421448e+02    2.421448e+02    1.416467e+02    1.416467e+02    3.045711e-03  
  3   2  21   2.409329e+02    2.409329e+02    1.283468e+02    1.283468e+02    4.560332e-03  
  3   2  22   2.657296e+02    2.657296e+02    1.080684e+02    1.080684e+02    2.036898e-02  
  3   2  23   2.342692e+02    2.342692e+02    1.071133e+02    1.071133e+02    -1.136922e-02  
  3   2  24   2.573096e+02    2.573096e+02    1.058458e+02    1.058458e+02    -9.166136e-04  
  3   2  25   2.737922e+02    2.737922e+02    1.362121e+02    1.362121e+02    1.378938e-02  
  3   2  26   2.555620e+02    2.555620e+02    1.171326e+02    1.171326e+02    -1.064741e-02  
  3   2  27   2.581857e+02    2.581857e+02    8.640957e+01    8.640957e+01    -6.558447e-03  
  3   2  28   2.710680e+02    2.710680e+02    1.040508e+02    1.040508e+02    2.682914e-03  
  3   2  29   2.701993e+02    2.701993e+02    9.145582e+01    9.145582e+01    -2.789713e-03  
  3   2  30   2.734896e+02    2.734896e+02    9.164225e+01    9.164225e+01    3.937253e-03  
  3   2  31   2.888995e+02    2.888995e+02    1.042728e+02    1.042728e+02    8.098477e-03  
  3   2  32   2.807323e+02    2.807323e+02    9.733819e+01    9.733819e+01    -4.018815e-03  
  3   2  33   2.860117e+02    2.860117e+02    8.816767e+01    8.816767e+01    -4.605388e-03  
  3   2  34   3.015891e+02    3.015891e+02    1.142492e+02    1.142492e+02    7.891593e-03  
  3   2  35   3.047573e+02    3.047573e+02    9.525694e+01    9.525694e+01    5.815433e-03  
  3   2  36   3.155091e+02    3.155091e+02    8.819244e+01    8.819244e+01    9.021015e-03  
  3   2  37   3.150665e+02    3.150665e+02    1.130640e+02    1.130640e+02    4.370221e-03  
  3   2  38   3.232004e+02    3.232004e+02    1.035997e+02    1.035997e+02    1.690582e-02  
  3   2  39   3.066212e+02    3.066212e+02    8.455364e+01    8.455364e+01    -5.942447e-03  
  3   2  40   3.236397e+02    3.236397e+02    1.137916e+02    1.137916e+02    7.111607e-05  
  3   2  41   3.171880e+02    3.171880e+02    1.003776e+02    1.003776e+02    -5.085914e-03  
  3   2  42   3.239879e+02    3.239879e+02    9.489512e+01    9.489512e+01    -4.414378e-03  
  3   2  43   3.259242e+02    3.259242e+02    8.806718e+01    8.806718e+01    -9.193353e-03  
  3   2  44   3.347479e+02    3.347479e+02    1.032073e+02    1.032073e+02    2.830344e-03  
  3   2  45   3.493723e+02    3.493723e+02    1.127543e+02    1.127543e+02    6.205859e-03  
  3   2  46   3.524554e+02    3.524554e+02    1.079088e+02    1.079088e+02    2.637629e-03  
  3   2  47   3.430309e+02    3.430309e+02    9.515191e+01    9.515191e+01    -1.728700e-03  
  3   2  48   3.548120e+02    3.548120e+02    1.030013e+02    1.030013e+02    2.707804e-03  
  3   2  49   3.525664e+02    3.525664e+02    9.453884e+01    9.453884e+01    -4.431995e-03  
  3   2  50   3.685518e+02    3.685518e+02    9.860094e+01    9.860094e+01    9.749144e-03  
  3   2  51   3.625112e+02    3.625112e+02    9.264406e+01    9.264406e+01    2.191849e-03  
  3   2  52   3.712173e+02    3.712173e+02    1.049667e+02    1.049667e+02    1.842362e-03  
  3   2  53   3.674125e+02    3.674125e+02    8.186687e+01    8.186687e+01    -1.039763e-02  
  3   2  54   3.814215e+02    3.814215e+02    1.124864e+02    1.124864e+02    5.156726e-03  
  3   2  55   3.765531e+02    3.765531e+02    9.444023e+01    9.444023e+01    -9.122670e-03  
  3   2  56   3.855012e+02    3.855012e+02    1.050183e+02    1.050183e+02    -1.073737e-03  
  3   2  57   4.020079e+02    4.020079e+02    9.198814e+01    9.198814e+01    9.342581e-03  
  3   2  58   3.977450e+02    3.977450e+02    9.839451e+01    9.839451e+01    9.301555e-03  
  3   2  59   4.021555e+02    4.021555e+02    1.168266e+02    1.168266e+02    9.042677e-04  
  3   2  60   4.355894e+02    4.355894e+02    1.053750e+02    1.053750e+02    1.089428e-02  
  3   2  61   4.010198e+02    4.010198e+02    1.013729e+02    1.013729e+02    -2.302265e-03  
  3   2  62   4.212708e+02    4.212708e+02    1.023330e+02    1.023330e+02    1.093382e-02  
  3   3   1   2.370312e+02    2.370312e+02    3.987785e+01    3.987785e+01    -1.728135e-03  
  3   3   2   2.376578e+02    2.376578e+02    3.993272e+01    3.993272e+01    -7.654581e-03  
  3   3   3   2.452211e+02    2.452211e+02    4.426188e+01    4.426188e+01    -6.026128e-04  
  3   3   4   2.544707e+02    2.544707e+02    5.175635e+01    5.175635e+01    8.804967e-03  
  3   3   5   2.566415e+02    2.566415e+02    4.973826e+01    4.973826e+01    9.826960e-03  
  4   1   1   1.525133e+02    1.525133e+02    2.017848e+02    2.017848e+02    6.402618e-04  
  4   1   2   1.538117e+02    1.538117e+02    1.957514e+02    1.957514e+02    -1.668854e-03  
  4   1   3   1.491303e+02    1.491303e+02    1.053840e+02    1.053840e+02    -1.218479e-02  
  4   1   4   1.634055e+02    1.634055e+02    1.419661e+02    1.419661e+02    4.576909e-04  
  4   1   5   1.695847e+02    1.695847e+02    8.774313e+01    8.774313e+01    2.398123e-03  
  4   1   6   1.721118e+02    1.721118e+02    8.409581e+01    8.409581e+01    2.085820e-03  
  4   1   7   1.761166e+02    1.761166e+02    9.759837e+01    9.759837e+01    1.623324e-03  
  4   1   8   1.798113e+02    1.798113e+02    8.258139e+01    8.258139e+01    4.273202e-03  
  4   1   9   1.876784e+02    1.876784e+02    6.113541e+01    6.113541e+01    1.071434e-02  
  4   1  10   1.897686e+02    1.897686e+02    6.526560e+01    6.526560e+01    2.503358e-04  
  4   1  11   1.915363e+02    1.915363e+02    5.503344e+01    5.503344e+01    -1.376324e-04  
  4   1  12   1.997469e+02    1.997469e+02    6.670565e+01    6.670565e+01    8.284893e-03  
  4   1  13   1.997432e+02    1.997432e+02    5.975438e+01    5.975438e+01    5.453916e-03  
  4   1  14   2.049567e+02    2.049567e+02    5.837211e+01    5.837211e+01    8.392042e-03  
  4   1  15   2.093347e+02    2.093347e+02    5.267835e+01    5.267835e+01    6.175797e-03  
  4   1  16   2.109239e+02    2.109239e+02    5.419638e+01    5.419638e+01    1.057037e-03  
  4   1  17   2.126539e+02    2.126539e+02    4.937816e+01    4.937816e+01    -2.145418e-03  
  4   1  18   2.174341e+02    2.174341e+02    5.165690e+01    5.165690e+01    -1.992565e-03  
  4   1  19   2.231771e+02    2.231771e+02    4.548921e+01    4.548921e+01    1.437861e-03  
  4   1  20   2.201773e+02    2.201773e+02    3.914658e+01    3.914658e+01    -1.292026e-02  
  4   1  21   2.312597e+02    2.312597e+02    4.136607e+01    4.136607e+01    6.031412e-03  
  4   1  22   2.354295e+02    2.354295e+02    4.254394e+01    4.254394e+01    4.053719e-03  
  4   1  23   2.356910e+02    2.356910e+02    4.305745e+01    4.305745e+01    -2.536846e-03  
  4   2   1   1.763545e+02    1.763545e+02    2.092552e+03    2.092552e+03    2.378370e-03  
  4   2   2   1.789155e+02    1.789155e+02    5.222466e+02    5.222466e+02    -5.109471e-04  
  4   2   3   1.594571e+02    1.594571e+02    2.759221e+02    2.759221e+02    -8.592847e-03  
  4   2   4   1.507886e+02    1.507886e+02    2.494990e+02    2.494990e+02    -1.076623e-02  
  4   2   5   1.895788e+02    1.895788e+02    2.655170e+02    2.655170e+02    6.489418e-03  
  4   2   6   1.785133e+02    1.785133e+02    2.772008e+02    2.772008e+02    -1.716646e-03  
  4   2   7   1.840618e+02    1.840618e+02    2.418873e+02    2.418873e+02    1.919192e-03  
  4   2   8   1.956259e+02    1.956259e+02    2.579214e+02    2.579214e+02    9.778706e-03  
  4   2   9   2.021476e+02    2.021476e+02    1.682608e+02    1.682608e+02    6.120394e-04  
  4   2  10   2.090042e+02    2.090042e+02    1.563759e+02    1.563759e+02    4.491471e-03  
  4   2  11   2.065517e+02    2.065517e+02    2.208906e+02    2.208906e+02    2.688954e-03  
  4   2  12   1.961668e+02    1.961668e+02    1.338793e+02    1.338793e+02    -4.871118e-03  
  4   2  13   1.945677e+02    1.945677e+02    1.207425e+02    1.207425e+02    -1.773159e-02  
  4   2  14   2.193801e+02    2.193801e+02    1.624174e+02    1.624174e+02    5.187645e-03  
  4   2  15   2.389738e+02    2.389738e+02    1.352612e+02    1.352612e+02    1.924703e-02  
  4   2  16   2.160928e+02    2.160928e+02    1.358153e+02    1.358153e+02    -7.874571e-03  
  4   2  17   2.286385e+02    2.286385e+02    1.534211e+02    1.534211e+02    3.403866e-03  
  4   2  18   2.387634e+02    2.387634e+02    1.366827e+02    1.366827e+02    7.960277e-03  
  4   2  19   2.422712e+02    2.422712e+02    1.321418e+02    1.321418e+02    8.158804e-03  
  4   2  20   2.416510e+02    2.416510e+02    1.176626e+02    1.176626e+02    2.108638e-04  
  4   2  21   2.383537e+02    2.383537e+02    1.174132e+02    1.174132e+02    -6.490152e-03  
  4   2  22   2.424883e+02    2.424883e+02    1.320641e+02    1.320641e+02    -5.292068e-04  
  4   2  23   2.550395e+02    2.550395e+02    1.211286e+02    1.211286e+02    4.939608e-03  
  4   2  24   2.507124e+02    2.507124e+02    1.091804e+02    1.091804e+02    1.033155e-03  
  4   2  25   2.550865e+02    2.550865e+02    1.110779e+02    1.110779e+02    -2.131648e-03  
  4   2  26   2.598446e+02    2.598446e+02    1.378447e+02    1.378447e+02    -6.078255e-04  
  4   2  27   2.759263e+02    2.759263e+02    1.239002e+02    1.239002e+02    1.054624e-02  
  4   2  28   2.670680e+02    2.670680e+02    1.157808e+02    1.157808e+02    -1.546297e-03  
  4   2  29   2.790953e+02    2.790953e+02    1.185121e+02    1.185121e+02    2.155993e-03  
  4   2  30   2.720837e+02    2.720837e+02    9.693504e+01    9.693504e+01    -1.227796e-02  
  4   2  31   2.946229e+02    2.946229e+02    9.383954e+01    9.383954e+01    1.068884e-02  
  4   2  32   2.881941e+02    2.881941e+02    9.486967e+01    9.486967e+01    2.189366e-03  
  4   2  33   2.906708e+02    2.906708e+02    1.005627e+02    1.005627e+02    -5.956105e-03  
  4   2  34   3.036662e+02    3.036662e+02    9.199008e+01    9.199008e+01    1.026337e-02  
  4   2  35   2.985464e+02    2.985464e+02    8.394841e+01    8.394841e+01    6.446177e-03  
  4   2  36   3.023236e+02    3.023236e+02    9.014528e+01    9.014528e+01    -7.919521e-04  
  4   2  37   3.018100e+02    3.018100e+02    8.644337e+01    8.644337e+01    7.420308e-04  
  4   2  38   3.115145e+02    3.115145e+02    9.193164e+01    9.193164e+01    -3.889428e-03  
  4   2  39   3.177298e+02    3.177298e+02    8.728737e+01    8.728737e+01    4.287213e-03  
  4   2  40   3.136056e+02    3.136056e+02    9.738363e+01    9.738363e+01    -1.318556e-03  
  4   2  41   3.131853e+02    3.131853e+02    8.433180e+01    8.433180e+01    -1.093685e-02  
  4   2  42   3.275396e+02    3.275396e+02    9.516126e+01    9.516126e+01    1.423483e-03  
  4   2  43   3.243682e+02    3.243682e+02    9.466313e+01    9.466313e+01    -5.387395e-03  
  4   2  44   3.454833e+02    3.454833e+02    9.436014e+01    9.436014e+01    1.037037e-02  
  4   2  45   3.334837e+02    3.334837e+02    8.820376e+01    8.820376e+01    -1.402681e-02  
  4   2  46   3.410168e+02    3.410168e+02    8.705927e+01    8.705927e+01    9.775441e-04  
  4   2  47   3.479193e+02    3.479193e+02    9.489447e+01    9.489447e+01    -3.840112e-03  
  4   2  48   3.522395e+02    3.522395e+02    8.884366e+01    8.884366e+01    -7.095688e-03  
  4   2  49   3.530460e+02    3.530460e+02    8.442980e+01    8.442980e+01    1.298387e-03  
  4   2  50   3.707734e+02    3.707734e+02    1.037663e+02    1.037663e+02    9.571879e-03  
  4   2  51   3.651308e+02    3.651308e+02    9.532412e+01    9.532412e+01    -4.693874e-03  
  4   2  52   3.698528e+02    3.698528e+02    9.383979e+01    9.383979e+01    9.292678e-03  
  4   2  53   3.611911e+02    3.611911e+02    8.907866e+01    8.907866e+01    -1.474652e-02  
  4   2  54   3.888166e+02    3.888166e+02    1.030496e+02    1.030496e+02    7.871680e-03  
  4   2  55   3.809028e+02    3.809028e+02    9.216256e+01    9.216256e+01    -3.002530e-03  
  4   2  56   3.855847e+02    3.855847e+02    9.084404e+01    9.084404e+01    -1.012267e-03  
  4   2  57   3.862330e+02    3.862330e+02    9.648063e+01    9.648063e+01    -3.407229e-03  
  4   2  58   3.957904e+02    3.957904e+02    1.095920e+02    1.095920e+02    -1.337476e-03  
  4   2  59   4.174552e+02    4.174552e+02    1.096668e+02    1.096668e+02    1.434885e-02  
  4   2  60   4.039349e+02    4.039349e+02    1.082067e+02    1.082067e+02    1.877657e-03  
  4   2  61   4.186373e+02    4.186373e+02    9.207715e+01    9.207715e+01    8.252849e-03  
  4   2  62   4.026530e+02    4.026530e+02    9.470526e+01    9.470526e+01    -5.509137e-03  
  4   3   1   2.415290e+02    2.415290e+02    4.075613e+01    4.075613e+01    3.830860e-03  
  4   3   2   2.423163e+02    2.423163e+02    4.311788e+01    4.311788e+01    6.033043e-04  
  4   3   3   2.457407e+02    2.457407e+02    4.080872e+01    4.080872e+01    -1.081850e-03  
  4   3   4   2.528267e+02    2.528267e+02    4.693918e+01    4.693918e+01    5.967361e-03  
  4   3   5   2.554019e+02    2.554019e+02    4.028693e+01    4.028693e+01    2.413422e-03  
  5   1   1   1.495821e+02    1.495821e+02    1.945255e+02    1.945255e+02    3.998224e-04  
  5   1   2   1.452592e+02    1.452592e+02    1.584109e+02    1.584109e+02    -9.788901e-03  
  5   1   3   1.568265e+02    1.568265e+02    1.315218e+02    1.315218e+02    -4.316745e-03  
  5   1   4   1.673941e+02    1.673941e+02    1.141093e+02    1.141093e+02    4.986661e-03  
  5   1   5   1.689397e+02    1.689397e+02    8.628841e+01    8.628841e+01    2.221081e-03  
  5   1   6   1.727171e+02    1.727171e+02    9.012877e+01    9.012877e+01    4.340298e-03  
  5   1   7   1.713400e+02    1.713400e+02    8.734357e+01    8.734357e+01    -5.741295e-03  
  5   1   8   1.791646e+02    1.791646e+02    8.027957e+01    8.027957e+01    1.630409e-03  
  5   1   9   1.791856e+02    1.791856e+02    6.313417e+01    6.313417e+01    -7.502228e-03  
  5   1  10   1.890344e+02    1.890344e+02    6.700993e+01    6.700993e+01    9.175213e-03  
  5   1  11   1.932563e+02    1.932563e+02    5.941510e+01    5.941510e+01    2.547030e-03  
  5   1  12   1.968980e+02    1.968980e+02    7.251862e+01    7.251862e+01    7.131412e-03  
  5   1  13   1.957636e+02    1.957636e+02    6.289662e+01    6.289662e+01    -4.272299e-03  
  5   1  14   2.027933e+02    2.027933e+02    5.717451e+01    5.717451e+01    -5.376958e-04  
  5   1  15   2.070395e+02    2.070395e+02    4.969562e+01    4.969562e+01    3.189241e-03  
  5   1  16   2.090708e+02    2.090708e+02    5.363351e+01    5.363351e+01    2.033496e-04  
  5   1  17   2.137158e+02    2.137158e+02    5.021041e+01    5.021041e+01    4.672861e-04  
  5   1  18   2.172778e+02    2.172778e+02    5.430975e+01    5.430975e+01    -3.811642e-04  
  5   1  19   2.234297e+02    2.234297e+02    4.633118e+01    4.633118e+01    8.970059e-04  
  5   1  20   2.212185e+02    2.212185e+02    4.037889e+01    4.037889e+01    -1.890647e-02  
  5   1  21   2.330964e+02    2.330964e+02    4.469324e+01    4.469324e+01    1.001471e-02  
  5   1  22   2.382159e+02    2.382159e+02    3.956777e+01    3.956777e+01    9.612513e-03  
  5   1  23   2.357238e+02    2.357238e+02    4.374784e+01    4.374784e+01    -7.606621e-04  
  5   2   1   1.649075e+02    1.649075e+02    1.662503e+03    1.662503e+03    2.614138e-04  
  5   2   2   1.625288e+02    1.625288e+02    4.085420e+02    4.085420e+02    4.984033e-04  
  5   2   3   1.697394e+02    1.697394e+02    3.668306e+02    3.668306e+02    1.636857e-03  
  5   2   4   1.747478e+02    1.747478e+02    3.676041e+02    3.676041e+02    4.537211e-03  
  5   2   5   1.734241e+02    1.734241e+02    2.117467e+02    2.117467e+02    3.808034e-03  
  5   2   6   1.824806e+02    1.824806e+02    2.939305e+02    2.939305e+02    2.051593e-03  
  5   2   7   1.896540e+02    1.896540e+02    2.052860e+02    2.052860e+02    5.833933e-03  
  5   2   8   1.722214e+02    1.722214e+02    1.703263e+02    1.703263e+02    -1.062535e-02  
  5   2   9   1.886764e+02    1.886764e+02    2.031758e+02    2.031758e+02    -3.377342e-03  
  5   2  10   1.961922e+02    1.961922e+02    1.816031e+02    1.816031e+02    4.891327e-03  
  5   2  11   2.102838e+02    2.102838e+02    1.990514e+02    1.990514e+02    1.058410e-02  
  5   2  12   1.990924e+02    1.990924e+02    1.440291e+02    1.440291e+02    -3.373039e-03  
  5   2  13   2.217981e+02    2.217981e+02    1.430859e+02    1.430859e+02    9.054513e-03  
  5   2  14   2.073624e+02    2.073624e+02    1.652627e+02    1.652627e+02    -2.626738e-03  
  5   2  15   2.121806e+02    2.121806e+02    1.212315e+02    1.212315e+02    -5.043609e-03  
  5   2  16   2.295666e+02    2.295666e+02    1.227961e+02    1.227961e+02    5.665827e-03  
  5   2  17   2.251589e+02    2.251589e+02    1.129516e+02    1.129516e+02    -6.930090e-04  
  5   2  18   2.355698e+02    2.355698e+02    1.270732e+02    1.270732e+02    4.710805e-03  
  5   2  19   2.251860e+02    2.251860e+02    1.371062e+02    1.371062e+02    -5.469260e-03  
  5   2  20   2.334758e+02    2.334758e+02    1.092943e+02    1.092943e+02    1.609077e-03  
  5   2  21   2.468157e+02    2.468157e+02    1.196314e+02    1.196314e+02    8.985394e-03  
  5   2  22   2.358166e+02    2.358166e+02    1.010450e+02    1.010450e+02    -6.242269e-03  
  5   2  23   2.405408e+02    2.405408e+02    1.261213e+02    1.261213e+02    -4.503570e-03  
  5   2  24   2.577095e+02    2.577095e+02    1.194386e+02    1.194386e+02    3.118276e-03  
  5   2  25   2.591966e+02    2.591966e+02    1.246830e+02    1.246830e+02    6.372960e-03  
  5   2  26   2.674342e+02    2.674342e+02    1.075637e+02    1.075637e+02    8.319831e-03  
  5   2  27   2.639877e+02    2.639877e+02    1.205411e+02    1.205411e+02    -2.287506e-04  
  5   2  28   2.761887e+02    2.761887e+02    1.151866e+02    1.151866e+02    3.722897e-03  
  5   2  29   2.788655e+02    2.788655e+02    1.042787e+02    1.042787e+02    5.603774e-03  
  5   2  30   2.619143e+02    2.619143e+02    9.649662e+01    9.649662e+01    -1.818666e-02  
  5   2  31   2.842961e+02    2.842961e+02    1.051569e+02    1.051569e+02    5.689730e-03  
  5   2  32   2.933726e+02    2.933726e+02    8.897454e+01    8.897454e+01    1.164310e-02  
  5   2  33   2.961457e+02    2.961457e+02    1.126914e+02    1.126914e+02    1.029669e-02  
  5   2  34   3.017679e+02    3.017679e+02    9.032341e+01    9.032341e+01    1.035453e-02  
  5   2  35   3.037045e+02    3.037045e+02    9.638892e+01    9.638892e+01    2.717927e-03  
  5   2  36   3.017006e+02    3.017006e+02    8.773352e+01    8.773352e+01    -8.557442e-04  
  5   2  37   3.061279e+02    3.061279e+02    1.073763e+02    1.073763e+02    3.891975e-03  
  5   2  38   3.111719e+02    3.111719e+02    8.263924e+01    8.263924e+01    6.414187e-03  
  5   2  39   3.211164e+02    3.211164e+02    1.054699e+02    1.054699e+02    5.893923e-03  
  5   2  40   3.272740e+02    3.272740e+02    8.528295e+01    8.528295e+01    2.447764e-03  
  5   2  41   3.175336e+02    3.175336e+02    1.022680e+02    1.022680e+02    -3.718881e-06  
  5   2  42   3.227323e+02    3.227323e+02    9.577274e+01    9.577274e+01    -1.030169e-02  
  5   2  43   3.217546e+02    3.217546e+02    9.477028e+01    9.477028e+01    -1.092711e-02  
  5   2  44   3.324852e+02    3.324852e+02    9.801142e+01    9.801142e+01    -9.535583e-03  
  5   2  45   3.404440e+02    3.404440e+02    9.546330e+01    9.546330e+01    9.315132e-04  
  5   2  46   3.347940e+02    3.347940e+02    8.016398e+01    8.016398e+01    -3.151208e-03  
  5   2  47   3.456804e+02    3.456804e+02    9.043333e+01    9.043333e+01    1.484987e-03  
  5   2  48   3.565314e+02    3.565314e+02    9.625154e+01    9.625154e+01    2.618258e-03  
  5   2  49   3.694409e+02    3.694409e+02    9.771251e+01    9.771251e+01    1.017500e-02  
  5   2  50   3.649778e+02    3.649778e+02    9.220971e+01    9.220971e+01    2.123838e-03  
  5   2  51   3.538779e+02    3.538779e+02    8.769911e+01    8.769911e+01    -1.128674e-02  
  5   2  52   3.779611e+02    3.779611e+02    1.060742e+02    1.060742e+02    1.424503e-02  
  5   2  53   3.843858e+02    3.843858e+02    9.536769e+01    9.536769e+01    8.916229e-03  
  5   2  54   3.731398e+02    3.731398e+02    1.003566e+02    1.003566e+02    -3.379870e-03  
  5   2  55   3.891523e+02    3.891523e+02    1.183584e+02    1.183584e+02    8.097262e-03  
  5   2  56   3.856373e+02    3.856373e+02    9.923207e+01    9.923207e+01    3.042799e-03  
  5   2  57   4.027880e+02    4.027880e+02    8.872861e+01    8.872861e+01    5.681394e-03  
  5   2  58   3.888261e+02    3.888261e+02    9.478262e+01    9.478262e+01    -1.693379e-03  
  5   2  59   4.042526e+02    4.042526e+02    9.076753e+01    9.076753e+01    9.218162e-03  
  5   2  60   4.023050e+02    4.023050e+02    9.158169e+01    9.158169e+01    -2.945364e-03  
  5   2  61   4.242266e+02    4.242266e+02    9.338702e+01    9.338702e+01    9.869820e-03  
  5   2  62   4.163755e+02    4.163755e+02    1.056999e+02    1.056999e+02    8.289470e-03  
  5   3   1   2.346431e+02    2.346431e+02    4.523466e+01    4.523466e+01    -7.362576e-03  
  5   3   2   2.420056e+02    2.420056e+02    4.785158e+01    4.785158e+01    -6.548144e-04  
  5   3   3   2.528196e+02    2.528196e+02    4.412162e+01    4.412162e+01    1.619845e-02  
  5   3   4   2.514740e+02    2.514740e+02    4.456947e+01    4.456947e+01    4.739516e-03  
  5   3   5   2.530659e+02    2.530659e+02    4.762484e+01    4.762484e+01    -1.133729e-03  
  6   1   1   1.660464e+02    1.660464e+02    2.668311e+02    2.668311e+02    4.892951e-03  
  6   1   2   1.582334e+02    1.582334e+02    2.130718e+02    2.130718e+02    1.615471e-04  
  6   1   3   1.548160e+02    1.548160e+02    1.242830e+02    1.242830e+02    -7.013343e-03  
  6   1   4   1.640266e+02    1.640266e+02    1.419946e+02    1.419946e+02    1.164039e-03  
  6   1   5   1.695662e+02    1.695662e+02    8.934928e+01    8.934928e+01    2.811188e-03  
  6   1   6   1.735027e+02    1.735027e+02    8.367176e+01    8.367176e+01    1.753840e-03  
  6   1   7   1.718383e+02    1.718383e+02    8.634641e+01    8.634641e+01    -4.404567e-03  
  6   1   8   1.771452e+02    1.771452e+02    7.759361e+01    7.759361e+01    -7.359195e-04  
  6   1   9   1.868167e+02    1.868167e+02    6.580715e+01    6.580715e+01    2.639668e-03  
  6   1  10   1.875928e+02    1.875928e+02    7.540120e+01    7.540120e+01    2.396398e-03  
  6   1  11   1.883311e+02    1.883311e+02    6.813145e+01    6.813145e+01    -2.083013e-04  
  6   1  12   1.918572e+02    1.918572e+02    5.831519e+01    5.831519e+01    -5.533558e-03  
  6   1  13   2.010001e+02    2.010001e+02    6.198725e+01    6.198725e+01    5.684728e-03  
  6   1  14   2.020344e+02    2.020344e+02    5.467978e+01    5.467978e+01    8.475723e-04  
  6   1  15   2.052156e+02    2.052156e+02    5.643793e+01    5.643793e+01    6.109633e-04  
  6   1  16   2.105423e+02    2.105423e+02    4.639091e+01    4.639091e+01    4.193741e-03  
  6   1  17   2.133801e+02    2.133801e+02    5.595414e+01    5.595414e+01    -5.611926e-04  
  6   1  18   2.164913e+02    2.164913e+02    4.508305e+01    4.508305e+01    -3.782351e-03  
  6   1  19   2.241498e+02    2.241498e+02    5.536826e+01    5.536826e+01    2.318503e-03  
  6   1  20   2.247007e+02    2.247007e+02    4.995058e+01    4.995058e+01    -4.640461e-03  
  6   1  21   2.364525e+02    2.364525e+02    4.372924e+01    4.372924e+01    1.884943e-02  
  6   1  22   2.382713e+02    2.382713e+02    4.150546e+01    4.150546e+01    1.113855e-02  
  6   1  23   2.376928e+02    2.376928e+02    4.617574e+01    4.617574e+01    -2.021999e-03  
  6   2   1   1.398062e+02    1.398062e+02    1.099224e+03    1.099224e+03    -4.960592e-03  
  6   2   2   1.565607e+02    1.565607e+02    3.520557e+02    3.520557e+02    -2.335638e-03  
  6   2   3   1.553324e+02    1.553324e+02    2.970875e+02    2.970875e+02    -2.014151e-03  
  6   2   4   1.681314e+02    1.681314e+02    3.318501e+02    3.318501e+02    9.319221e-04  
  6   2   5   1.975757e+02    1.975757e+02    3.073104e+02    3.073104e+02    1.308883e-02  
  6   2   6   1.783424e+02    1.783424e+02    1.921446e+02    1.921446e+02    -4.612722e-04  
  6   2   7   1.832255e+02    1.832255e+02    1.619183e+02    1.619183e+02    -1.026967e-03  
  6   2   8   1.878957e+02    1.878957e+02    1.602272e+02    1.602272e+02    3.325358e-04  
  6   2   9   1.930021e+02    1.930021e+02    1.540611e+02    1.540611e+02    1.162637e-03  
  6   2  10   2.017500e+02    2.017500e+02    2.335254e+02    2.335254e+02    8.509213e-03  
  6   2  11   1.971127e+02    1.971127e+02    1.499151e+02    1.499151e+02    -3.975181e-03  
  6   2  12   2.102818e+02    2.102818e+02    1.433297e+02    1.433297e+02    6.320543e-03  
  6   2  13   2.128480e+02    2.128480e+02    1.439859e+02    1.439859e+02    -1.134234e-03  
  6   2  14   2.186471e+02    2.186471e+02    1.260524e+02    1.260524e+02    -7.051784e-04  
  6   2  15   2.153498e+02    2.153498e+02    1.724144e+02    1.724144e+02    1.610400e-03  
  6   2  16   2.180688e+02    2.180688e+02    1.426405e+02    1.426405e+02    -4.904307e-03  
  6   2  17   2.250985e+02    2.250985e+02    1.521650e+02    1.521650e+02    1.980740e-03  
  6   2  18   2.282851e+02    2.282851e+02    1.335391e+02    1.335391e+02    3.302409e-04  
  6   2  19   2.380845e+02    2.380845e+02    1.476532e+02    1.476532e+02    7.148957e-03  
  6   2  20   2.411981e+02    2.411981e+02    1.290160e+02    1.290160e+02    1.249271e-02  
  6   2  21   2.502378e+02    2.502378e+02    1.312003e+02    1.312003e+02    8.970325e-03  
  6   2  22   2.319654e+02    2.319654e+02    9.514541e+01    9.514541e+01    -1.778310e-02  
  6   2  23   2.579957e+02    2.579957e+02    1.098983e+02    1.098983e+02    9.753511e-03  
  6   2  24   2.611827e+02    2.611827e+02    1.223630e+02    1.223630e+02    4.407901e-03  
  6   2  25   2.588643e+02    2.588643e+02    1.282232e+02    1.282232e+02    1.416746e-03  
  6   2  26   2.522400e+02    2.522400e+02    9.846252e+01    9.846252e+01    -9.475183e-03  
  6   2  27   2.731617e+02    2.731617e+02    1.265345e+02    1.265345e+02    3.658814e-03  
  6   2  28   2.653598e+02    2.653598e+02    9.166767e+01    9.166767e+01    -2.143773e-03  
  6   2  29   2.799880e+02    2.799880e+02    1.096125e+02    1.096125e+02    1.061922e-02  
  6   2  30   2.690430e+02    2.690430e+02    1.036834e+02    1.036834e+02    -9.400994e-03  
  6   2  31   2.777651e+02    2.777651e+02    9.725796e+01    9.725796e+01    -5.778566e-03  
  6   2  32   2.808060e+02    2.808060e+02    9.617806e+01    9.617806e+01    -4.867195e-03  
  6   2  33   2.893201e+02    2.893201e+02    1.006105e+02    1.006105e+02    5.072879e-04  
  6   2  34   2.835108e+02    2.835108e+02    9.375416e+01    9.375416e+01    -1.342371e-02  
  6   2  35   2.994627e+02    2.994627e+02    8.975894e+01    8.975894e+01    -4.940408e-04  
  6   2  36   2.995547e+02    2.995547e+02    1.065736e+02    1.065736e+02    -3.245354e-04  
  6   2  37   3.177205e+02    3.177205e+02    1.010758e+02    1.010758e+02    1.495493e-02  
  6   2  38   2.991969e+02    2.991969e+02    1.027354e+02    1.027354e+02    -8.910773e-03  
  6   2  39   3.240417e+02    3.240417e+02    8.892933e+01    8.892933e+01    1.581082e-02  
  6   2  40   3.033046e+02    3.033046e+02    8.199585e+01    8.199585e+01    -1.891371e-02  
  6   2  41   3.233504e+02    3.233504e+02    1.002739e+02    1.002739e+02    -1.941298e-03  
  6   2  42   3.209464e+02    3.209464e+02    9.473492e+01    9.473492e+01    -4.507508e-03  
  6   2  43   3.345805e+02    3.345805e+02    8.958696e+01    8.958696e+01    1.265629e-03  
  6   2  44   3.261977e+02    3.261977e+02    9.450048e+01    9.450048e+01    -6.208171e-03  
  6   2  45   3.423590e+02    3.423590e+02    1.126717e+02    1.126717e+02    1.886432e-03  
  6   2  46   3.464325e+02    3.464325e+02    8.667239e+01    8.667239e+01    4.221729e-03  
  6   2  47   3.505725e+02    3.505725e+02    1.025963e+02    1.025963e+02    6.593447e-03  
  6   2  48   3.593475e+02    3.593475e+02    9.090175e+01    9.090175e+01    8.454681e-03  
  6   2  49   3.399890e+02    3.399890e+02    9.101174e+01    9.101174e+01    -1.517998e-02  
  6   2  50   3.473097e+02    3.473097e+02    9.365971e+01    9.365971e+01    -1.041135e-02  
  6   2  51   3.678186e+02    3.678186e+02    8.933647e+01    8.933647e+01    4.026126e-03  
  6   2  52   3.753340e+02    3.753340e+02    8.912503e+01    8.912503e+01    1.217100e-03  
  6   2  53   3.678886e+02    3.678886e+02    1.003259e+02    1.003259e+02    -5.375720e-03  
  6   2  54   4.049046e+02    4.049046e+02    9.230683e+01    9.230683e+01    2.232322e-02  
  6   2  55   3.711814e+02    3.711814e+02    8.654609e+01    8.654609e+01    -1.393276e-02  
  6   2  56   3.934189e+02    3.934189e+02    9.643617e+01    9.643617e+01    6.330997e-03  
  6   2  57   4.049199e+02    4.049199e+02    1.138877e+02    1.138877e+02    1.024537e-02  
  6   2  58   4.062095e+02    4.062095e+02    9.259869e+01    9.259869e+01    1.224017e-02  
  6   2  59   3.914200e+02    3.914200e+02    9.659355e+01    9.659355e+01    -5.924615e-03  
  6   2  60   3.887978e+02    3.887978e+02    9.941449e+01    9.941449e+01    -8.070088e-03  
  6   2  61   4.155588e+02    4.155588e+02    1.055577e+02    1.055577e+02    8.114102e-03  
  6   2  62   4.101768e+02    4.101768e+02    9.323192e+01    9.323192e+01    -7.556112e-03  
  6   3   1   2.370744e+02    2.370744e+02    3.851624e+01    3.851624e+01    -6.435542e-03  
  6   3   2   2.419636e+02    2.419636e+02    3.724729e+01    3.724729e+01    1.511839e-03  
  6   3   3   2.467624e+02    2.467624e+02    4.635237e+01    4.635237e+01    8.635684e-03  
  6   3   4   2.505939e+02    2.505939e+02    4.609358e+01    4.609358e+01    -2.732824e-03  
  6   3   5   2.494222e+02    2.494222e+02    3.970788e+01    3.970788e+01    -1.326207e-02  
