1 1 1 1.295
1 1 2 0.096
1 1 3 2.891
1 1 4 1.348
1 1 5 0.015
1 1 6 4.209
1 1 7 0.166
1 1 8 -0.209
1 1 9 -1.473
1 1 10 1.467
1 1 11 4.664
1 1 12 2.317
1 1 13 -2.824
1 1 14 0.293
1 1 15 0.765
1 1 16 0.402
1 1 17 -3.838
1 1 18 1.634
1 1 19 -0.886
1 1 20 0.353
1 1 21 -0.204
1 1 22 -2.499
1 1 23 -0.874
1 2 1 0.309
1 2 2 0.485
1 2 3 1.346
1 2 4 1.240
1 2 5 1.985
1 2 6 -0.561
1 2 7 -1.001
1 2 8 -0.614
1 2 9 -1.755
1 2 10 0.746
1 2 11 0.841
1 2 12 1.684
1 2 13 0.393
1 2 14 -0.063
1 2 15 0.688
1 2 16 -1.085
1 2 17 0.737
1 2 18 1.324
1 2 19 -0.252
1 2 20 0.171
1 2 21 0.263
1 2 22 -0.443
1 2 23 -0.687
1 2 24 0.556
1 2 25 1.159
1 2 26 0.499
1 2 27 1.095
1 2 28 2.083
1 2 29 -0.175
1 2 30 0.335
1 2 31 0.554
1 2 32 0.815
1 2 33 1.708
1 2 34 0.465
1 2 35 -0.686
1 2 36 -0.766
1 2 37 -1.345
1 2 38 -0.602
1 2 39 -1.622
1 2 40 -1.816
1 2 41 0.760
1 2 42 0.127
1 2 43 0.213
1 2 44 -0.229
1 2 45 -0.955
1 2 46 -0.185
1 2 47 0.190
1 2 48 1.444
1 2 49 1.969
1 2 50 -0.162
1 2 51 0.283
1 2 52 -0.668
1 2 53 -0.598
1 2 54 -1.100
1 2 55 -0.547
1 2 56 -0.071
1 2 57 -0.347
1 2 58 -0.856
1 2 59 -1.410
1 2 60 -0.416
1 2 61 1.595
1 2 62 0.577
1 3 1 11.811
1 3 2 -8.324
1 3 3 -9.620
1 3 4 -7.508
1 3 5 2.953
2 1 1 -3.169
2 1 2 1.314
2 1 3 0.786
2 1 4 -2.162
2 1 5 0.000
2 1 6 3.181
2 1 7 -0.442
2 1 8 -1.266
2 1 9 0.070
2 1 10 0.000
2 1 11 0.553
2 1 12 2.205
2 1 13 1.054
2 1 14 1.794
2 1 15 0.966
2 1 16 0.710
2 1 17 5.507
2 1 18 -0.398
2 1 19 -0.292
2 1 20 1.893
2 1 21 0.000
2 1 22 -1.546
2 1 23 -1.749
2 2 1 -1.666
2 2 2 0.273
2 2 3 0.812
2 2 4 1.576
2 2 5 -0.237
2 2 6 -1.258
2 2 7 0.831
2 2 8 -1.032
2 2 9 1.699
2 2 10 1.239
2 2 11 1.691
2 2 12 0.513
2 2 13 -0.294
2 2 14 0.370
2 2 15 -0.457
2 2 16 0.436
2 2 17 0.564
2 2 18 0.372
2 2 19 -0.034
2 2 20 -0.019
2 2 21 -0.172
2 2 22 -0.244
2 2 23 -0.064
2 2 24 -0.229
2 2 25 -0.412
2 2 26 0.508
2 2 27 2.095
2 2 28 0.404
2 2 29 1.913
2 2 30 2.142
2 2 31 0.697
2 2 32 3.110
2 2 33 0.226
2 2 34 0.361
2 2 35 1.291
2 2 36 0.181
2 2 37 -0.689
2 2 38 0.660
2 2 39 0.533
2 2 40 0.950
2 2 41 2.466
2 2 42 1.954
2 2 43 1.984
2 2 44 1.930
2 2 45 2.606
2 2 46 1.082
2 2 47 0.279
2 2 48 3.592
2 2 49 2.271
2 2 50 2.152
2 2 51 1.190
2 2 52 1.098
2 2 53 0.302
2 2 54 -1.427
2 2 55 -1.177
2 2 56 -1.096
2 2 57 -0.056
2 2 58 1.257
2 2 59 2.204
2 2 60 3.461
2 2 61 2.121
2 2 62 1.422
2 3 1 8.776
2 3 2 -1.068
2 3 3 2.703
2 3 4 0.000
2 3 5 8.883
3 1 1 0.000
3 1 2 0.000
3 1 3 0.000
3 1 4 0.000
3 1 5 0.000
3 1 6 0.000
3 1 7 0.000
3 1 8 0.000
3 1 9 0.000
3 1 10 0.000
3 1 11 0.000
3 1 12 0.000
3 1 13 0.000
3 1 14 0.000
3 1 15 0.000
3 1 16 0.000
3 1 17 -7.714
3 1 18 -1.205
3 1 19 0.106
3 1 20 2.232
3 1 21 -1.258
3 1 22 -3.509
3 1 23 1.198
3 2 1 0.000
3 2 2 0.000
3 2 3 0.000
3 2 4 0.000
3 2 5 0.000
3 2 6 0.000
3 2 7 0.000
3 2 8 0.000
3 2 9 0.000
3 2 10 0.000
3 2 11 0.000
3 2 12 0.000
3 2 13 0.000
3 2 14 0.000
3 2 15 0.000
3 2 16 0.000
3 2 17 0.365
3 2 18 -1.920
3 2 19 -0.635
3 2 20 0.104
3 2 21 1.002
3 2 22 -0.492
3 2 23 0.048
3 2 24 0.663
3 2 25 1.177
3 2 26 0.893
3 2 27 -0.936
3 2 28 0.098
3 2 29 2.340
3 2 30 0.000
3 2 31 -0.342
3 2 32 0.000
3 2 33 0.000
3 2 34 0.000
3 2 35 0.000
3 2 36 0.000
3 2 37 0.000
3 2 38 0.000
3 2 39 0.000
3 2 40 0.000
3 2 41 0.000
3 2 42 0.000
3 2 43 0.000
3 2 44 0.000
3 2 45 0.000
3 2 46 0.000
3 2 47 0.000
3 2 48 0.000
3 2 49 -0.116
3 2 50 -2.460
3 2 51 0.526
3 2 52 0.734
3 2 53 1.635
3 2 54 -1.031
3 2 55 0.799
3 2 56 0.066
3 2 57 -0.187
3 2 58 -0.218
3 2 59 -0.955
3 2 60 -0.160
3 2 61 -0.836
3 2 62 -1.655
3 3 1 4.598
3 3 2 0.882
3 3 3 -4.291
3 3 4 -0.745
3 3 5 -2.345
4 1 1 2.137
4 1 2 2.995
4 1 3 1.830
4 1 4 -1.349
4 1 5 -0.602
4 1 6 2.499
4 1 7 0.953
4 1 8 -0.859
4 1 9 -0.622
4 1 10 0.880
4 1 11 3.320
4 1 12 -0.403
4 1 13 0.852
4 1 14 -0.080
4 1 15 4.054
4 1 16 2.330
4 1 17 -2.011
4 1 18 0.000
4 1 19 -0.054
4 1 20 1.325
4 1 21 0.108
4 1 22 1.459
4 1 23 2.081
4 2 1 -0.451
4 2 2 -0.946
4 2 3 -1.559
4 2 4 0.336
4 2 5 0.700
4 2 6 -1.145
4 2 7 0.066
4 2 8 0.651
4 2 9 2.201
4 2 10 1.134
4 2 11 1.088
4 2 12 1.384
4 2 13 0.750
4 2 14 0.641
4 2 15 0.559
4 2 16 -0.421
4 2 17 0.728
4 2 18 -0.705
4 2 19 0.220
4 2 20 2.423
4 2 21 -0.089
4 2 22 0.561
4 2 23 0.288
4 2 24 0.336
4 2 25 1.147
4 2 26 1.294
4 2 27 1.695
4 2 28 0.762
4 2 29 1.851
4 2 30 1.032
4 2 31 0.000
4 2 32 0.096
4 2 33 0.001
4 2 34 1.184
4 2 35 0.920
4 2 36 2.030
4 2 37 0.751
4 2 38 1.450
4 2 39 0.003
4 2 40 -1.197
4 2 41 0.759
4 2 42 1.596
4 2 43 1.467
4 2 44 1.438
4 2 45 1.936
4 2 46 -0.460
4 2 47 0.600
4 2 48 0.344
4 2 49 1.158
4 2 50 -0.266
4 2 51 1.287
4 2 52 0.536
4 2 53 1.684
4 2 54 -0.433
4 2 55 0.811
4 2 56 0.473
4 2 57 0.227
4 2 58 -0.512
4 2 59 0.734
4 2 60 1.717
4 2 61 1.673
4 2 62 -0.704
4 3 1 0.000
4 3 2 1.739
4 3 3 -3.621
4 3 4 12.100
4 3 5 0.000
5 1 1 -0.747
5 1 2 2.432
5 1 3 -0.420
5 1 4 -9.457
5 1 5 -0.114
5 1 6 3.740
5 1 7 -1.659
5 1 8 0.754
5 1 9 1.152
5 1 10 1.599
5 1 11 -0.543
5 1 12 -1.092
5 1 13 2.189
5 1 14 0.927
5 1 15 -3.791
5 1 16 8.398
5 1 17 3.494
5 1 18 0.016
5 1 19 -1.048
5 1 20 0.562
5 1 21 -0.110
5 1 22 -0.997
5 1 23 -0.020
5 2 1 1.595
5 2 2 -0.975
5 2 3 0.175
5 2 4 1.216
5 2 5 0.114
5 2 6 1.500
5 2 7 1.046
5 2 8 0.274
5 2 9 0.680
5 2 10 1.392
5 2 11 0.092
5 2 12 0.829
5 2 13 0.534
5 2 14 0.925
5 2 15 0.665
5 2 16 2.289
5 2 17 -0.068
5 2 18 0.647
5 2 19 1.364
5 2 20 0.382
5 2 21 0.512
5 2 22 -0.496
5 2 23 -0.276
5 2 24 0.414
5 2 25 1.257
5 2 26 0.153
5 2 27 1.083
5 2 28 1.840
5 2 29 1.168
5 2 30 0.908
5 2 31 1.382
5 2 32 0.427
5 2 33 1.615
5 2 34 0.245
5 2 35 0.431
5 2 36 -0.834
5 2 37 0.193
5 2 38 -1.249
5 2 39 -0.669
5 2 40 0.027
5 2 41 0.725
5 2 42 1.138
5 2 43 0.319
5 2 44 0.753
5 2 45 1.763
5 2 46 0.517
5 2 47 1.039
5 2 48 -0.186
5 2 49 -1.048
5 2 50 0.916
5 2 51 1.075
5 2 52 0.252
5 2 53 -0.222
5 2 54 0.519
5 2 55 -1.047
5 2 56 1.658
5 2 57 -0.989
5 2 58 0.619
5 2 59 -0.490
5 2 60 0.007
5 2 61 1.818
5 2 62 -0.799
5 3 1 0.771
5 3 2 0.521
5 3 3 2.981
5 3 4 1.489
5 3 5 -9.465
6 1 1 3.512
6 1 2 -0.241
6 1 3 -2.948
6 1 4 1.501
6 1 5 1.907
6 1 6 -2.664
6 1 7 -0.479
6 1 8 1.970
6 1 9 0.903
6 1 10 -0.102
6 1 11 -1.074
6 1 12 -0.266
6 1 13 1.264
6 1 14 -5.998
6 1 15 -3.583
6 1 16 -0.640
6 1 17 2.914
6 1 18 -0.098
6 1 19 -0.103
6 1 20 1.621
6 1 21 -17.234
6 1 22 -2.528
6 1 23 -1.958
6 2 1 -1.464
6 2 2 -0.072
6 2 3 -0.027
6 2 4 2.103
6 2 5 0.807
6 2 6 1.375
6 2 7 -0.657
6 2 8 -1.858
6 2 9 -0.830
6 2 10 0.313
6 2 11 0.492
6 2 12 0.629
6 2 13 -0.121
6 2 14 0.536
6 2 15 0.052
6 2 16 -1.291
6 2 17 -1.809
6 2 18 -0.575
6 2 19 1.023
6 2 20 -1.170
6 2 21 0.661
6 2 22 -0.354
6 2 23 -0.531
6 2 24 1.058
6 2 25 0.525
6 2 26 -0.176
6 2 27 0.493
6 2 28 -0.799
6 2 29 0.729
6 2 30 -0.514
6 2 31 -0.073
6 2 32 -0.075
6 2 33 -1.604
6 2 34 -0.505
6 2 35 -0.527
6 2 36 -0.000
6 2 37 -0.393
6 2 38 -2.016
6 2 39 -1.209
6 2 40 0.087
6 2 41 1.827
6 2 42 0.472
6 2 43 -0.286
6 2 44 -1.161
6 2 45 -0.105
6 2 46 -0.451
6 2 47 -0.378
6 2 48 -0.465
6 2 49 -0.325
6 2 50 1.688
6 2 51 0.206
6 2 52 -0.903
6 2 53 0.531
6 2 54 0.185
6 2 55 0.921
6 2 56 0.074
6 2 57 -0.734
6 2 58 -1.194
6 2 59 -0.292
6 2 60 -0.956
6 2 61 -0.014
6 2 62 -1.135
6 3 1 -18.268
6 3 2 1.811
6 3 3 2.380
6 3 4 -10.058
6 3 5 3.495
