  1   1   1   2.658459e+01    4.921215e-01    0.000000e+00    -1.221466e+00    1.066668e-01    0.000000e+00  
  1   1   2   4.989043e-02    5.754770e-01    0.000000e+00    3.531587e+01    5.632195e-01    0.000000e+00  
  1   1   3   1.667513e+01    4.999528e-01    0.000000e+00    -3.815408e-01    5.799975e-01    0.000000e+00  
  1   1   4   6.170704e+02    1.108131e+00    0.000000e+00    5.746037e-02    5.761992e-01    0.000000e+00  
  1   1   5   8.004331e+04    2.244822e+00    0.000000e+00    4.818885e+01    5.627960e-01    0.000000e+00  
  1   1   6   -7.953971e-01    5.816006e-01    0.000000e+00    7.723883e+00    2.914742e-01    0.000000e+00  
  1   1   7   1.295509e+01    5.203609e-01    0.000000e+00    1.578321e+04    1.683689e+00    0.000000e+00  
  1   1   8   5.231608e-01    5.749519e-01    0.000000e+00    -3.513388e-01    5.815351e-01    0.000000e+00  
  1   1   9   8.833722e+01    6.889916e-01    0.000000e+00    7.049003e-01    5.793691e-01    0.000000e+00  
  1   1  10   -1.322439e-01    5.767589e-01    0.000000e+00    1.098274e+00    5.795864e-01    0.000000e+00  
  1   1  11   -2.752698e-03    -9.530447e-01    0.000000e+00    4.000000e+01    4.900000e-01    0.000000e+00  
  1   1  12   3.341623e+01    3.421939e-01    0.000000e+00    -3.947073e-06    -1.738188e+00    0.000000e+00  
  1   1  13   -1.459378e+00    2.516191e-01    0.000000e+00    7.959599e+03    1.632044e+00    0.000000e+00  
  1   1  14   1.326044e+03    1.295954e+00    0.000000e+00    4.360096e-01    5.810004e-01    0.000000e+00  
  1   1  15   5.047692e+02    1.035907e+00    0.000000e+00    -9.105690e-02    5.785541e-01    0.000000e+00  
  1   1  16   2.443485e+03    1.319022e+00    0.000000e+00    -1.675944e-01    5.803019e-01    0.000000e+00  
  1   1  17   4.171399e-01    5.798935e-01    0.000000e+00    2.332993e+02    8.374350e-01    0.000000e+00  
  1   1  18   3.189025e+03    1.326176e+00    0.000000e+00    -6.495558e-03    5.844024e-01    0.000000e+00  
  1   1  19   1.417514e+02    8.858571e-01    0.000000e+00    3.859725e+06    3.012325e+00    0.000000e+00  
  1   1  20   1.429687e+03    1.201214e+00    0.000000e+00    1.409615e+05    2.066657e+00    0.000000e+00  
  1   1  21   2.241912e+04    1.685275e+00    0.000000e+00    5.971917e-01    5.721025e-01    0.000000e+00  
  1   1  22   5.537134e+02    8.873864e-01    0.000000e+00    7.187265e+04    1.966199e+00    0.000000e+00  
  1   1  23   1.314721e+04    1.645388e+00    0.000000e+00    8.383662e+03    1.474455e+00    0.000000e+00  
  1   2   1   -7.962542e-03    5.729993e-01    0.000000e+00    2.348661e+01    6.646251e-01    0.000000e+00  
  1   2   2   4.605716e-01    5.764970e-01    0.000000e+00    5.511198e-01    9.029151e-02    0.000000e+00  
  1   2   3   2.190633e+01    2.648063e-01    0.000000e+00    -5.660950e+00    1.005287e-01    0.000000e+00  
  1   2   4   -1.233507e-02    5.727023e-01    0.000000e+00    5.044322e+00    4.681376e-01    0.000000e+00  
  1   2   5   4.000000e+01    5.000000e-01    0.000000e+00    4.000000e+01    5.000000e-01    0.000000e+00  
  1   2   6   -8.325043e-01    5.748590e-01    0.000000e+00    1.545710e+01    4.378990e-01    0.000000e+00  
  1   2   7   -2.075258e+01    4.737086e-01    0.000000e+00    1.400518e+01    3.557575e-01    0.000000e+00  
  1   2   8   1.620177e+01    4.642999e-01    0.000000e+00    5.020972e-01    5.754836e-01    0.000000e+00  
  1   2   9   -7.111624e-01    5.711928e-01    0.000000e+00    4.744819e+01    5.475351e-01    0.000000e+00  
  1   2  10   2.315190e+01    5.018591e-01    0.000000e+00    1.066386e-02    5.703429e-01    0.000000e+00  
  1   2  11   3.464618e+01    5.502781e-01    0.000000e+00    -9.091810e-02    -6.482474e-02    0.000000e+00  
  1   2  12   5.677159e+00    2.920629e-01    0.000000e+00    -1.445035e-01    5.811038e-01    0.000000e+00  
  1   2  13   1.285894e+01    5.566472e-01    0.000000e+00    -2.609868e+00    5.722151e-01    0.000000e+00  
  1   2  14   2.706692e-04    -9.454519e-01    0.000000e+00    -3.763929e+00    5.761546e-01    0.000000e+00  
  1   2  15   -2.414727e+00    1.167843e-01    0.000000e+00    9.741361e+00    2.911716e-01    0.000000e+00  
  1   2  16   2.172436e+01    4.070076e-01    0.000000e+00    -1.181925e+01    4.129658e-01    0.000000e+00  
  1   2  17   2.501679e+01    2.854776e-01    0.000000e+00    -2.074479e+01    2.521489e-01    0.000000e+00  
  1   2  18   -2.307308e-01    -2.191051e-01    0.000000e+00    4.188281e+01    3.991345e-01    0.000000e+00  
  1   2  19   -7.348375e-01    5.743641e-01    0.000000e+00    1.943453e+01    3.890707e-01    0.000000e+00  
  1   2  20   1.569201e+00    -1.040377e-01    0.000000e+00    -3.994569e-01    -1.936993e-01    0.000000e+00  
  1   2  21   -1.853983e+00    -7.734701e-02    0.000000e+00    3.561467e+02    6.507648e-01    0.000000e+00  
  1   2  22   5.698529e-01    5.752779e-01    0.000000e+00    2.643837e+00    6.852198e-02    0.000000e+00  
  1   2  23   -1.666948e+00    5.715883e-01    0.000000e+00    2.028667e+00    1.598648e-01    0.000000e+00  
  1   2  24   5.467372e+01    3.288658e-01    0.000000e+00    -5.916321e-05    -1.086847e+00    0.000000e+00  
  1   2  25   -4.748201e+00    5.774283e-01    0.000000e+00    8.847100e+00    4.653931e-01    0.000000e+00  
  1   2  26   9.714662e-01    5.744331e-01    0.000000e+00    1.786126e+01    2.959996e-01    0.000000e+00  
  1   2  27   -1.464813e-01    -4.053837e-01    0.000000e+00    8.152028e+01    4.220259e-01    0.000000e+00  
  1   2  28   1.978179e+03    1.372880e+00    0.000000e+00    1.344519e-02    5.745767e-01    0.000000e+00  
  1   2  29   1.322961e+03    1.498403e+00    0.000000e+00    4.750430e-01    5.739837e-01    0.000000e+00  
  1   2  30   1.392824e+01    4.129766e-01    0.000000e+00    1.744759e+00    5.705729e-01    0.000000e+00  
  1   2  31   8.084415e+03    1.747746e+00    0.000000e+00    -1.323148e+00    5.787667e-01    0.000000e+00  
  1   2  32   1.749837e+01    3.586247e-01    0.000000e+00    6.505017e-01    5.690512e-01    0.000000e+00  
  1   2  33   3.211195e+00    5.732031e-01    0.000000e+00    5.736044e+03    1.504531e+00    0.000000e+00  
  1   2  34   8.261274e+00    2.268139e-01    0.000000e+00    -3.107719e+00    5.756348e-01    0.000000e+00  
  1   2  35   5.257388e-01    5.738969e-01    0.000000e+00    1.039762e+01    2.988412e-01    0.000000e+00  
  1   2  36   -7.561142e-01    5.715801e-01    0.000000e+00    3.690452e-02    -4.693541e-01    0.000000e+00  
  1   2  37   1.068224e-01    5.666561e-01    0.000000e+00    8.804538e+00    4.186615e-01    0.000000e+00  
  1   2  38   1.053944e+01    4.635296e-01    0.000000e+00    2.142491e+05    2.317973e+00    0.000000e+00  
  1   2  39   3.816494e+00    3.441403e-01    0.000000e+00    1.616098e+00    5.715563e-01    0.000000e+00  
  1   2  40   2.716881e+05    2.358463e+00    0.000000e+00    1.976725e+02    8.605055e-01    0.000000e+00  
  1   2  41   2.332128e+00    5.663262e-01    0.000000e+00    2.675210e+01    2.979361e-01    0.000000e+00  
  1   2  42   -3.680157e-01    -1.014710e-01    0.000000e+00    1.278680e+01    1.849227e-01    0.000000e+00  
  1   2  43   2.006218e+01    3.445890e-01    0.000000e+00    6.016533e+03    1.629227e+00    0.000000e+00  
  1   2  44   3.663593e+01    3.972468e-01    0.000000e+00    5.802595e-01    5.654910e-01    0.000000e+00  
  1   2  45   1.305009e+03    1.295464e+00    0.000000e+00    2.940221e+00    5.701209e-01    0.000000e+00  
  1   2  46   -4.132994e-04    -7.937563e-01    0.000000e+00    1.312523e+02    7.628802e-01    0.000000e+00  
  1   2  47   1.418344e+04    1.759448e+00    0.000000e+00    5.949985e-01    5.720249e-01    0.000000e+00  
  1   2  48   1.101810e+00    1.143617e-01    0.000000e+00    5.668690e+00    6.561188e-01    0.000000e+00  
  1   2  49   9.846070e+00    1.779545e-01    0.000000e+00    5.609416e+00    4.347955e-01    0.000000e+00  
  1   2  50   3.261136e+04    1.792430e+00    0.000000e+00    1.256314e+03    1.174276e+00    0.000000e+00  
  1   2  51   1.118921e+03    1.366665e+00    0.000000e+00    3.614326e+04    1.886611e+00    0.000000e+00  
  1   2  52   1.427885e+01    1.024526e-01    0.000000e+00    -7.572097e+00    4.468200e-01    0.000000e+00  
  1   2  53   1.578121e+05    2.081535e+00    0.000000e+00    5.796075e+01    8.529089e-01    0.000000e+00  
  1   2  54   8.355457e+00    4.633783e-02    0.000000e+00    -1.067082e+00    1.564404e-03    0.000000e+00  
  1   2  55   7.928740e-01    5.770604e-01    0.000000e+00    3.010723e+00    5.721108e-01    0.000000e+00  
  1   2  56   2.479379e+01    3.501740e-01    0.000000e+00    3.291981e+00    5.702367e-01    0.000000e+00  
  1   2  57   2.923390e+02    9.105270e-01    0.000000e+00    7.330827e+04    2.049550e+00    0.000000e+00  
  1   2  58   2.704830e+01    2.850407e-01    0.000000e+00    1.658341e+00    5.749655e-01    0.000000e+00  
  1   2  59   6.820372e+01    6.522749e-01    0.000000e+00    3.893467e+02    1.152351e+00    0.000000e+00  
  1   2  60   1.799019e+00    5.744026e-01    0.000000e+00    1.196917e+02    7.959002e-01    0.000000e+00  
  1   2  61   2.805549e+01    5.005051e-01    0.000000e+00    5.395250e-01    5.812663e-01    0.000000e+00  
  1   2  62   1.610608e+00    5.754384e-01    0.000000e+00    5.634546e+03    1.599967e+00    0.000000e+00  
  1   3   1   1.662375e+04    1.600790e+00    0.000000e+00    6.989133e+02    9.239491e-01    0.000000e+00  
  1   3   2   3.073490e+02    7.763830e-01    0.000000e+00    1.336432e+04    1.642035e+00    0.000000e+00  
  1   3   3   1.665304e+04    1.570244e+00    0.000000e+00    8.083908e+04    1.915713e+00    0.000000e+00  
  1   3   4   1.569307e+05    2.022428e+00    0.000000e+00    2.314794e+05    2.211110e+00    0.000000e+00  
  1   3   5   1.921841e+02    7.050068e-01    0.000000e+00    9.432346e+04    2.139110e+00    0.000000e+00  
  2   1   1   4.253710e-02    5.826871e-01    0.000000e+00    3.809296e+00    2.406569e-01    0.000000e+00  
  2   1   2   -1.810159e+00    5.805813e-01    0.000000e+00    1.226132e+01    3.747614e-01    0.000000e+00  
  2   1   3   2.787884e-01    5.836581e-01    0.000000e+00    1.773572e+01    5.531587e-01    0.000000e+00  
  2   1   4   1.062595e+00    5.833469e-01    0.000000e+00    -1.235038e-01    -4.433893e-03    0.000000e+00  
  2   1   5   7.093771e-01    5.791066e-01    0.000000e+00    3.407772e+01    4.816454e-01    0.000000e+00  
  2   1   6   -1.350209e+00    5.822417e-01    0.000000e+00    2.924271e+00    5.787186e-01    0.000000e+00  
  2   1   7   9.531634e+01    7.982415e-01    0.000000e+00    -5.019798e-01    5.792475e-01    0.000000e+00  
  2   1   8   -2.223550e+00    5.097037e-01    0.000000e+00    1.436865e-01    -1.085759e-01    0.000000e+00  
  2   1   9   2.627032e+03    1.275657e+00    0.000000e+00    -2.811249e-03    -8.576916e-01    0.000000e+00  
  2   1  10   6.974647e+02    1.304378e+00    0.000000e+00    -3.834220e-01    5.905622e-01    0.000000e+00  
  2   1  11   8.784217e-02    5.729964e-01    0.000000e+00    2.178681e+00    5.787718e-01    0.000000e+00  
  2   1  12   4.180173e+06    3.125880e+00    0.000000e+00    1.498113e+00    6.024525e-01    0.000000e+00  
  2   1  13   4.000000e+01    5.000000e-01    0.000000e+00    4.000000e+01    5.000000e-01    0.000000e+00  
  2   1  14   9.840199e-01    5.787009e-01    0.000000e+00    5.537087e+01    5.069682e-01    0.000000e+00  
  2   1  15   -7.779023e-01    5.829776e-01    0.000000e+00    1.610152e+04    1.764359e+00    0.000000e+00  
  2   1  16   1.214554e+02    7.222704e-01    0.000000e+00    2.346818e+00    7.480647e-01    0.000000e+00  
  2   1  17   7.511366e+01    3.235095e-01    0.000000e+00    -1.135289e+00    -1.819500e-01    0.000000e+00  
  2   1  18   1.336912e+05    2.099993e+00    0.000000e+00    2.654878e+03    1.469054e+00    0.000000e+00  
  2   1  19   4.212388e+04    1.840477e+00    0.000000e+00    1.652507e+04    1.594275e+00    0.000000e+00  
  2   1  20   8.024615e+03    1.458975e+00    0.000000e+00    7.372907e+04    1.893957e+00    0.000000e+00  
  2   1  21   6.865387e+04    1.926892e+00    0.000000e+00    3.459621e+04    1.779673e+00    0.000000e+00  
  2   1  22   4.000000e+01    4.900000e-01    0.000000e+00    6.523341e+04    1.923220e+00    0.000000e+00  
  2   1  23   1.367610e+02    6.286486e-01    0.000000e+00    5.241346e+03    1.457524e+00    0.000000e+00  
  2   2   1   1.355330e+00    1.144150e-01    0.000000e+00    1.239593e+00    5.791347e-01    0.000000e+00  
  2   2   2   1.154663e+01    4.718974e-01    0.000000e+00    2.711648e-01    5.727973e-01    0.000000e+00  
  2   2   3   3.911715e-01    5.807666e-01    0.000000e+00    -6.005638e-03    6.008954e-01    0.000000e+00  
  2   2   4   2.074770e-01    5.775112e-01    0.000000e+00    1.796588e+01    5.495654e-01    0.000000e+00  
  2   2   5   -1.150794e+01    2.176469e-01    0.000000e+00    5.370769e+01    4.057044e-01    0.000000e+00  
  2   2   6   5.865091e+01    6.907281e-01    0.000000e+00    -2.137486e-02    -1.945705e-01    0.000000e+00  
  2   2   7   -6.440244e-01    5.785879e-01    0.000000e+00    1.363241e+02    9.798752e-01    0.000000e+00  
  2   2   8   1.303122e+00    5.723568e-01    0.000000e+00    1.885583e+01    4.419699e-01    0.000000e+00  
  2   2   9   -7.213288e-02    5.773379e-01    0.000000e+00    2.005754e+02    1.138536e+00    0.000000e+00  
  2   2  10   2.044096e+01    3.556754e-01    0.000000e+00    -1.432818e+00    5.570505e-02    0.000000e+00  
  2   2  11   2.547239e+01    4.429686e-01    0.000000e+00    -1.153661e+00    5.714540e-01    0.000000e+00  
  2   2  12   3.600234e+01    5.393641e-01    0.000000e+00    -8.220756e-03    -4.631014e-01    0.000000e+00  
  2   2  13   -2.340173e+00    1.619982e-01    0.000000e+00    4.497496e+01    4.410896e-01    0.000000e+00  
  2   2  14   -1.969571e+00    5.797576e-01    0.000000e+00    3.566860e+00    5.672380e-01    0.000000e+00  
  2   2  15   5.144837e+01    5.832259e-01    0.000000e+00    -5.406971e-01    2.500973e-01    0.000000e+00  
  2   2  16   4.492688e+01    5.375873e-01    0.000000e+00    -2.039085e-03    -6.422640e-01    0.000000e+00  
  2   2  17   2.514605e-01    -3.380892e-01    0.000000e+00    -1.087598e+01    2.634917e-01    0.000000e+00  
  2   2  18   -1.161134e+00    5.707887e-01    0.000000e+00    6.630787e-01    5.810167e-01    0.000000e+00  
  2   2  19   7.632528e+02    1.307970e+00    0.000000e+00    9.824527e-03    5.720917e-01    0.000000e+00  
  2   2  20   -6.676152e-02    -3.048817e-01    0.000000e+00    3.017847e+01    3.928665e-01    0.000000e+00  
  2   2  21   -7.127179e-04    -8.577303e-01    0.000000e+00    1.447469e+02    6.345680e-01    0.000000e+00  
  2   2  22   4.438683e+00    5.666823e-01    0.000000e+00    -2.601308e-01    5.760579e-01    0.000000e+00  
  2   2  23   8.187279e+00    1.996332e-01    0.000000e+00    9.141949e-01    5.698684e-01    0.000000e+00  
  2   2  24   -1.435041e+00    3.460539e-01    0.000000e+00    1.816721e+02    5.697939e-01    0.000000e+00  
  2   2  25   5.599914e-02    -1.869406e-01    0.000000e+00    -7.503814e-01    5.822176e-01    0.000000e+00  
  2   2  26   1.944648e-01    5.710325e-01    0.000000e+00    5.093286e+01    3.232509e-01    0.000000e+00  
  2   2  27   3.211419e+03    1.453664e+00    0.000000e+00    -5.530864e-02    5.680051e-01    0.000000e+00  
  2   2  28   1.028320e+01    5.591840e-01    0.000000e+00    5.732261e-01    5.776845e-01    0.000000e+00  
  2   2  29   -4.742932e-04    -1.011880e+00    0.000000e+00    1.258723e+02    7.234008e-01    0.000000e+00  
  2   2  30   4.384870e+03    1.552118e+00    0.000000e+00    -1.294100e+03    1.364114e+00    0.000000e+00  
  2   2  31   1.450531e+01    1.655666e-01    0.000000e+00    1.372225e-01    1.224984e-02    0.000000e+00  
  2   2  32   -2.702027e+00    5.734421e-01    0.000000e+00    7.495210e-03    -5.373027e-01    0.000000e+00  
  2   2  33   -4.170550e+00    1.992680e-01    0.000000e+00    2.302792e+01    3.229959e-01    0.000000e+00  
  2   2  34   -4.882093e+00    3.161823e-01    0.000000e+00    6.280055e+01    4.736523e-01    0.000000e+00  
  2   2  35   -3.905947e-01    2.028212e-01    0.000000e+00    6.313601e+01    3.729470e-01    0.000000e+00  
  2   2  36   3.005210e+00    2.570838e-01    0.000000e+00    4.184507e-01    5.712871e-01    0.000000e+00  
  2   2  37   6.971921e+00    2.536028e-01    0.000000e+00    1.874079e+00    5.688045e-01    0.000000e+00  
  2   2  38   1.577820e+00    5.660832e-01    0.000000e+00    3.053527e+01    4.237467e-01    0.000000e+00  
  2   2  39   6.966632e+02    1.095704e+00    0.000000e+00    -1.092344e+00    5.711949e-01    0.000000e+00  
  2   2  40   5.519086e-01    5.736405e-01    0.000000e+00    3.861675e-02    -3.206672e-01    0.000000e+00  
  2   2  41   1.448181e+01    3.373278e-01    0.000000e+00    -2.241417e+00    5.733201e-01    0.000000e+00  
  2   2  42   6.977187e+00    3.069249e-01    0.000000e+00    1.974169e+00    5.661166e-01    0.000000e+00  
  2   2  43   2.846632e+01    4.222070e-01    0.000000e+00    2.280244e+04    1.923803e+00    0.000000e+00  
  2   2  44   3.810963e+01    5.391562e-01    0.000000e+00    2.788833e+03    1.484872e+00    0.000000e+00  
  2   2  45   8.581947e-01    2.318229e-01    0.000000e+00    1.812481e+00    5.734193e-01    0.000000e+00  
  2   2  46   1.917956e+02    7.995380e-01    0.000000e+00    2.958560e+05    2.357649e+00    0.000000e+00  
  2   2  47   -7.906064e-01    5.738809e-01    0.000000e+00    6.155861e+01    3.942091e-01    0.000000e+00  
  2   2  48   6.189308e+05    2.389755e+00    0.000000e+00    9.427036e+01    9.656919e-01    0.000000e+00  
  2   2  49   1.676136e+02    7.985911e-01    0.000000e+00    2.438939e+04    1.750568e+00    0.000000e+00  
  2   2  50   1.510405e+05    2.245240e+00    0.000000e+00    4.154096e+01    4.937647e-01    0.000000e+00  
  2   2  51   5.087202e+01    4.945008e-01    0.000000e+00    1.609982e+03    1.317098e+00    0.000000e+00  
  2   2  52   3.610186e+01    5.544753e-01    0.000000e+00    4.477863e+04    1.874427e+00    0.000000e+00  
  2   2  53   4.156646e-01    5.654317e-01    0.000000e+00    6.088618e+00    3.221801e-01    0.000000e+00  
  2   2  54   2.729366e+01    6.282012e-01    0.000000e+00    3.217429e+02    1.148687e+00    0.000000e+00  
  2   2  55   2.075352e+03    1.476333e+00    0.000000e+00    4.237207e+01    5.058116e-01    0.000000e+00  
  2   2  56   -1.843821e-03    -8.182718e-01    0.000000e+00    2.561353e+01    3.175234e-01    0.000000e+00  
  2   2  57   4.738421e+00    3.864187e-02    0.000000e+00    2.412840e+02    1.180777e+00    0.000000e+00  
  2   2  58   1.339362e+04    1.801159e+00    0.000000e+00    2.253847e+02    7.790307e-01    0.000000e+00  
  2   2  59   2.691457e+01    6.832215e-01    0.000000e+00    3.395733e+01    4.055991e-01    0.000000e+00  
  2   2  60   3.027921e+03    1.325910e+00    0.000000e+00    2.760944e-01    -1.247112e-01    0.000000e+00  
  2   2  61   1.212805e+02    6.535948e-01    0.000000e+00    1.741533e+03    1.261459e+00    0.000000e+00  
  2   2  62   1.206742e+00    5.735639e-01    0.000000e+00    8.910607e+01    5.889351e-01    0.000000e+00  
  2   3   1   2.093486e+04    1.737809e+00    0.000000e+00    1.430751e+02    6.148058e-01    0.000000e+00  
  2   3   2   4.186228e+02    8.208553e-01    0.000000e+00    7.206361e+04    1.895829e+00    0.000000e+00  
  2   3   3   9.354441e+01    4.327499e-01    0.000000e+00    1.469399e+05    2.099289e+00    0.000000e+00  
  2   3   4   3.044457e+04    1.742747e+00    0.000000e+00    1.101835e+04    1.538502e+00    0.000000e+00  
  2   3   5   1.094375e+00    5.761824e-01    0.000000e+00    1.342630e+02    7.943654e-01    0.000000e+00  
  3   1   1   4.169991e+00    2.986931e-01    0.000000e+00    -3.176724e-01    5.802878e-01    0.000000e+00  
  3   1   2   9.141690e+01    6.531666e-01    0.000000e+00    -7.367044e-03    -6.913933e-01    0.000000e+00  
  3   1   3   3.631515e+01    5.125379e-01    0.000000e+00    4.562689e-01    5.812238e-01    0.000000e+00  
  3   1   4   1.101948e+01    3.216790e-01    0.000000e+00    1.193515e-01    5.713062e-01    0.000000e+00  
  3   1   5   1.934438e+01    3.666431e-01    0.000000e+00    -9.414191e-01    5.832350e-01    0.000000e+00  
  3   1   6   7.738069e+03    1.567538e+00    0.000000e+00    1.743074e+06    2.966336e+00    0.000000e+00  
  3   1   7   -1.109392e-01    -7.391453e-02    0.000000e+00    2.259493e+03    1.677049e+00    0.000000e+00  
  3   1   8   7.734708e+02    1.144021e+00    0.000000e+00    -7.884292e-03    -6.298722e-01    0.000000e+00  
  3   1   9   6.449806e+03    1.586878e+00    0.000000e+00    -9.517018e-03    -4.116539e-01    0.000000e+00  
  3   1  10   1.642932e+01    5.288302e-01    0.000000e+00    -5.131646e-02    5.828809e-01    0.000000e+00  
  3   1  11   2.317075e+04    1.970535e+00    0.000000e+00    3.814713e-01    5.789315e-01    0.000000e+00  
  3   1  12   2.447347e+01    3.178859e-01    0.000000e+00    -6.545724e-01    -2.724618e-01    0.000000e+00  
  3   1  13   1.439610e+05    2.077861e+00    0.000000e+00    3.232893e+04    1.734595e+00    0.000000e+00  
  3   1  14   -1.340691e-01    5.774080e-01    0.000000e+00    2.951819e+03    1.469664e+00    0.000000e+00  
  3   1  15   6.708416e-01    5.795079e-01    0.000000e+00    2.624645e+01    3.300872e-01    0.000000e+00  
  3   1  16   2.696356e-01    5.836759e-01    0.000000e+00    2.094925e+01    4.008601e-01    0.000000e+00  
  3   1  17   1.103303e+00    5.705103e-01    0.000000e+00    6.181944e-01    5.789732e-01    0.000000e+00  
  3   1  18   4.730242e+04    2.007854e+00    0.000000e+00    3.740935e-01    5.814167e-01    0.000000e+00  
  3   1  19   2.892790e+04    1.717658e+00    0.000000e+00    4.675841e+04    1.827358e+00    0.000000e+00  
  3   1  20   1.186677e+05    2.036615e+00    0.000000e+00    6.489855e+04    2.011503e+00    0.000000e+00  
  3   1  21   4.968747e+03    1.371106e+00    0.000000e+00    1.015750e+05    1.999625e+00    0.000000e+00  
  3   1  22   3.812001e+04    1.847241e+00    0.000000e+00    1.756503e+04    1.610314e+00    0.000000e+00  
  3   1  23   1.594884e+01    2.866710e-01    0.000000e+00    1.864469e+05    2.233211e+00    0.000000e+00  
  3   2   1   2.315635e+01    4.269039e-01    0.000000e+00    -7.203409e+00    3.232709e-01    0.000000e+00  
  3   2   2   1.457038e-01    5.742741e-01    0.000000e+00    7.410587e+00    4.445808e-01    0.000000e+00  
  3   2   3   8.767015e+00    1.099448e-01    0.000000e+00    -8.639903e+00    1.052944e-01    0.000000e+00  
  3   2   4   3.149865e-01    5.735970e-01    0.000000e+00    1.023025e+01    5.591583e-01    0.000000e+00  
  3   2   5   1.932912e+01    3.690623e-01    0.000000e+00    -6.039821e-01    -1.212658e-02    0.000000e+00  
  3   2   6   -4.574807e-02    -2.466474e-01    0.000000e+00    7.250402e+00    3.013387e-01    0.000000e+00  
  3   2   7   1.420237e+01    6.418673e-01    0.000000e+00    -1.909317e-01    5.704133e-01    0.000000e+00  
  3   2   8   5.485781e-02    5.731229e-01    0.000000e+00    1.518962e+01    4.841966e-01    0.000000e+00  
  3   2   9   -3.418182e+02    1.285148e+00    0.000000e+00    1.602821e+01    4.344459e-01    0.000000e+00  
  3   2  10   3.781249e+01    5.554559e-01    0.000000e+00    4.734093e-02    5.711201e-01    0.000000e+00  
  3   2  11   -5.763180e-01    5.728956e-01    0.000000e+00    3.077867e+00    5.716205e-01    0.000000e+00  
  3   2  12   -2.458035e+00    5.764300e-01    0.000000e+00    2.871194e+01    4.135381e-01    0.000000e+00  
  3   2  13   -9.393247e-01    -6.466612e-02    0.000000e+00    3.829950e+01    4.289619e-01    0.000000e+00  
  3   2  14   1.224962e-01    5.769954e-01    0.000000e+00    8.097353e+01    6.268317e-01    0.000000e+00  
  3   2  15   -1.412699e+00    5.757004e-01    0.000000e+00    3.476149e-01    8.761187e-02    0.000000e+00  
  3   2  16   -3.441881e-01    5.759146e-01    0.000000e+00    7.928813e+01    6.081953e-01    0.000000e+00  
  3   2  17   9.232123e+00    3.360430e-01    0.000000e+00    -1.699713e+00    5.745433e-01    0.000000e+00  
  3   2  18   1.722244e-01    5.733765e-01    0.000000e+00    2.128917e-01    5.711426e-01    0.000000e+00  
  3   2  19   -2.050565e-02    5.711221e-01    0.000000e+00    9.668298e+00    5.607053e-01    0.000000e+00  
  3   2  20   7.400239e+01    6.040547e-01    0.000000e+00    -8.957128e-01    2.992183e-01    0.000000e+00  
  3   2  21   5.933758e-01    5.723932e-01    0.000000e+00    1.899835e+01    3.935642e-01    0.000000e+00  
  3   2  22   5.067143e-01    5.723637e-01    0.000000e+00    3.769084e+00    2.162324e-01    0.000000e+00  
  3   2  23   1.914060e+00    5.732956e-01    0.000000e+00    1.252651e-01    5.675513e-01    0.000000e+00  
  3   2  24   -1.517593e-01    5.703264e-01    0.000000e+00    1.348765e+01    3.808921e-01    0.000000e+00  
  3   2  25   2.875695e-01    5.848526e-01    0.000000e+00    7.160821e-01    5.879191e-01    0.000000e+00  
  3   2  26   2.200722e+00    5.702970e-01    0.000000e+00    1.909557e+01    3.697756e-01    0.000000e+00  
  3   2  27   -1.245716e+00    5.752726e-01    0.000000e+00    3.026903e+00    5.674001e-01    0.000000e+00  
  3   2  28   1.512740e-01    5.716480e-01    0.000000e+00    6.154228e+00    5.646480e-01    0.000000e+00  
  3   2  29   7.368585e+01    6.011772e-01    0.000000e+00    1.257237e+05    2.142476e+00    0.000000e+00  
  3   2  30   1.982624e+01    2.189643e-01    0.000000e+00    -2.209260e-01    -1.801353e-01    0.000000e+00  
  3   2  31   7.421822e-01    5.759367e-01    0.000000e+00    8.918680e+01    5.961338e-01    0.000000e+00  
  3   2  32   -2.084797e+00    5.209861e-01    0.000000e+00    4.907647e+00    1.746542e-01    0.000000e+00  
  3   2  33   9.742231e+02    9.361051e-01    0.000000e+00    1.387855e+00    5.696449e-01    0.000000e+00  
  3   2  34   9.935096e-01    3.013886e-02    0.000000e+00    6.056301e-01    5.745610e-01    0.000000e+00  
  3   2  35   4.392387e+01    4.779329e-01    0.000000e+00    3.657800e-01    5.796953e-01    0.000000e+00  
  3   2  36   1.470317e+01    5.013590e-01    0.000000e+00    2.718073e+00    5.723217e-01    0.000000e+00  
  3   2  37   2.223786e-01    5.678400e-01    0.000000e+00    2.251151e+01    4.806562e-01    0.000000e+00  
  3   2  38   4.661513e+01    4.502540e-01    0.000000e+00    3.812609e+03    1.491877e+00    0.000000e+00  
  3   2  39   6.338346e+04    1.975267e+00    0.000000e+00    4.835685e+00    5.648920e-01    0.000000e+00  
  3   2  40   2.730004e+04    1.774405e+00    0.000000e+00    2.228566e+05    2.151108e+00    0.000000e+00  
  3   2  41   4.574077e+01    3.848495e-01    0.000000e+00    1.229075e+04    1.685444e+00    0.000000e+00  
  3   2  42   3.457731e-01    -1.017486e-01    0.000000e+00    3.165288e+00    5.703829e-01    0.000000e+00  
  3   2  43   4.430025e+03    1.456982e+00    0.000000e+00    1.640032e+01    3.074178e-01    0.000000e+00  
  3   2  44   2.423554e+01    3.524188e-01    0.000000e+00    1.991616e+03    1.493453e+00    0.000000e+00  
  3   2  45   6.837596e+01    5.475212e-01    0.000000e+00    2.163777e+04    1.816812e+00    0.000000e+00  
  3   2  46   8.747075e+02    1.256034e+00    0.000000e+00    2.059884e+00    5.728474e-01    0.000000e+00  
  3   2  47   1.600512e+01    3.425834e-01    0.000000e+00    4.672750e+00    5.700017e-01    0.000000e+00  
  3   2  48   3.507913e+01    5.555920e-01    0.000000e+00    1.144442e+00    5.727396e-01    0.000000e+00  
  3   2  49   2.690480e+01    2.482524e-01    0.000000e+00    7.412454e-03    -4.067234e-01    0.000000e+00  
  3   2  50   2.006480e+02    7.932450e-01    0.000000e+00    2.131946e+05    2.273439e+00    0.000000e+00  
  3   2  51   3.720814e+01    3.402677e-01    0.000000e+00    2.399882e+00    5.682022e-01    0.000000e+00  
  3   2  52   1.058114e+03    1.133550e+00    0.000000e+00    2.956294e+05    2.371212e+00    0.000000e+00  
  3   2  53   9.194341e-01    5.716533e-01    0.000000e+00    2.147899e+00    5.699449e-01    0.000000e+00  
  3   2  54   2.004649e+02    7.672557e-01    0.000000e+00    3.895923e+03    1.366909e+00    0.000000e+00  
  3   2  55   7.168306e+00    2.673126e-01    0.000000e+00    9.959465e-01    5.071041e-01    0.000000e+00  
  3   2  56   4.606882e+04    1.805080e+00    0.000000e+00    4.014725e+05    2.288852e+00    0.000000e+00  
  3   2  57   2.481112e-02    -3.887336e-01    0.000000e+00    2.464549e+02    8.459327e-01    0.000000e+00  
  3   2  58   3.547281e+01    3.698420e-01    0.000000e+00    -1.105201e-01    -5.232212e-03    0.000000e+00  
  3   2  59   4.494417e+03    1.581785e+00    0.000000e+00    8.685352e+05    2.386789e+00    0.000000e+00  
  3   2  60   1.941904e+01    3.628864e-01    0.000000e+00    4.879244e+03    1.517376e+00    0.000000e+00  
  3   2  61   1.404577e+05    2.043149e+00    0.000000e+00    2.943844e+04    1.701089e+00    0.000000e+00  
  3   2  62   2.106527e+04    1.825602e+00    0.000000e+00    9.121741e+01    6.198199e-01    0.000000e+00  
  3   3   1   9.280760e+02    9.620628e-01    0.000000e+00    1.060732e+05    2.132782e+00    0.000000e+00  
  3   3   2   6.388288e+01    2.910063e-01    0.000000e+00    -5.400401e-03    -9.676179e-01    0.000000e+00  
  3   3   3   4.000000e+01    5.000000e-01    0.000000e+00    4.000000e+01    5.000000e-01    0.000000e+00  
  3   3   4   1.412704e+02    5.821432e-01    0.000000e+00    7.431365e+04    1.966384e+00    0.000000e+00  
  3   3   5   1.950410e+02    8.095112e-01    0.000000e+00    9.249335e-02    5.818006e-01    0.000000e+00  
  4   1   1   6.770955e+01    7.249482e-01    0.000000e+00    1.143236e-01    5.838749e-01    0.000000e+00  
  4   1   2   -7.936722e-02    -6.686119e-02    0.000000e+00    8.478091e+00    2.808119e-01    0.000000e+00  
  4   1   3   -1.186102e-01    5.800312e-01    0.000000e+00    8.122703e+01    6.628692e-01    0.000000e+00  
  4   1   4   -1.244467e-01    5.818172e-01    0.000000e+00    2.533786e+03    1.472793e+00    0.000000e+00  
  4   1   5   1.420562e+01    4.694199e-01    0.000000e+00    -2.483834e-01    5.733670e-01    0.000000e+00  
  4   1   6   1.155093e+00    2.238674e-01    0.000000e+00    -6.981171e-01    5.865956e-01    0.000000e+00  
  4   1   7   -2.177793e-01    8.205704e-02    0.000000e+00    1.439071e+01    2.262342e-01    0.000000e+00  
  4   1   8   -3.076523e+00    5.768087e-01    0.000000e+00    5.361416e-01    5.739726e-01    0.000000e+00  
  4   1   9   1.315719e+03    1.625197e+00    0.000000e+00    6.717658e+05    2.454746e+00    0.000000e+00  
  4   1  10   -1.013908e+00    5.460615e-01    0.000000e+00    3.670529e+05    2.585820e+00    0.000000e+00  
  4   1  11   -1.004141e+00    5.909393e-01    0.000000e+00    1.162603e+04    1.715715e+00    0.000000e+00  
  4   1  12   -3.637869e-01    5.831500e-01    0.000000e+00    4.893928e+01    1.137007e+00    0.000000e+00  
  4   1  13   -2.266207e-03    -1.021752e+00    0.000000e+00    9.885425e+01    5.483508e-01    0.000000e+00  
  4   1  14   1.152898e+00    5.942926e-01    0.000000e+00    4.327732e+01    4.179340e-01    0.000000e+00  
  4   1  15   8.596968e-01    5.821453e-01    0.000000e+00    1.107650e+03    1.121330e+00    0.000000e+00  
  4   1  16   5.932714e-01    5.798536e-01    0.000000e+00    1.293101e+00    5.791605e-01    0.000000e+00  
  4   1  17   1.394940e+05    2.280727e+00    0.000000e+00    4.404469e+02    8.342364e-01    0.000000e+00  
  4   1  18   7.458436e-01    5.815219e-01    0.000000e+00    2.406003e+02    9.373713e-01    0.000000e+00  
  4   1  19   7.985711e+02    9.127001e-01    0.000000e+00    3.789720e+04    1.854371e+00    0.000000e+00  
  4   1  20   4.604329e+01    4.128768e-01    0.000000e+00    -2.165916e+00    2.893922e-01    0.000000e+00  
  4   1  21   9.249648e-01    5.714708e-01    0.000000e+00    1.075814e+04    1.509460e+00    0.000000e+00  
  4   1  22   3.417985e+01    4.291447e-01    0.000000e+00    1.876267e+04    1.821176e+00    0.000000e+00  
  4   1  23   6.209606e+03    1.390366e+00    0.000000e+00    6.791817e+04    1.947726e+00    0.000000e+00  
  4   2   1   1.403856e+01    4.433844e-01    0.000000e+00    -4.607795e+00    4.648782e-01    0.000000e+00  
  4   2   2   -2.441608e-01    -7.435511e-03    0.000000e+00    9.804046e+00    3.810456e-01    0.000000e+00  
  4   2   3   3.641790e-02    5.789086e-01    0.000000e+00    9.655577e+00    5.597152e-01    0.000000e+00  
  4   2   4   -5.091717e+00    2.148374e-01    0.000000e+00    1.483562e+01    3.158700e-01    0.000000e+00  
  4   2   5   2.259385e+01    4.777493e-01    0.000000e+00    -3.872375e-01    6.129489e-02    0.000000e+00  
  4   2   6   9.850172e+00    3.530981e-01    0.000000e+00    9.332340e-01    5.756604e-01    0.000000e+00  
  4   2   7   2.704757e-01    5.740514e-01    0.000000e+00    1.381287e-03    -5.762367e-01    0.000000e+00  
  4   2   8   6.418210e+00    1.966652e-01    0.000000e+00    -8.053064e-01    -1.636280e-01    0.000000e+00  
  4   2   9   2.984928e+01    4.245495e-01    0.000000e+00    -8.039371e-01    5.710129e-01    0.000000e+00  
  4   2  10   -2.941088e-01    1.788962e-01    0.000000e+00    3.625116e+00    5.726590e-01    0.000000e+00  
  4   2  11   -4.865605e-01    3.944805e-02    0.000000e+00    4.391508e+01    5.077670e-01    0.000000e+00  
  4   2  12   2.236625e+01    4.546247e-01    0.000000e+00    -1.461597e+00    5.732528e-01    0.000000e+00  
  4   2  13   4.876332e+00    2.008660e-01    0.000000e+00    -2.949979e-01    9.613373e-02    0.000000e+00  
  4   2  14   1.183437e-01    5.730838e-01    0.000000e+00    1.243326e+01    4.442703e-01    0.000000e+00  
  4   2  15   2.797611e+01    5.307076e-01    0.000000e+00    1.128818e+00    5.766310e-01    0.000000e+00  
  4   2  16   -1.269289e-01    5.735515e-01    0.000000e+00    1.447930e+02    7.319964e-01    0.000000e+00  
  4   2  17   -2.110584e+00    5.740590e-01    0.000000e+00    3.218835e+00    4.437602e-01    0.000000e+00  
  4   2  18   -4.536638e-03    -3.851840e-01    0.000000e+00    3.539933e+01    3.434704e-01    0.000000e+00  
  4   2  19   -9.526796e-01    5.793731e-01    0.000000e+00    3.705917e-01    -8.386423e-02    0.000000e+00  
  4   2  20   -3.649634e-01    5.703745e-01    0.000000e+00    4.911297e+01    5.847188e-01    0.000000e+00  
  4   2  21   -1.931397e+00    5.733725e-01    0.000000e+00    8.269420e+01    6.663186e-01    0.000000e+00  
  4   2  22   1.006004e+00    5.727229e-01    0.000000e+00    -5.678504e-01    5.710369e-01    0.000000e+00  
  4   2  23   -4.390364e-01    5.794308e-01    0.000000e+00    1.806509e+01    3.419261e-01    0.000000e+00  
  4   2  24   -8.061970e-01    5.742562e-01    0.000000e+00    8.815362e-02    -1.773508e-01    0.000000e+00  
  4   2  25   1.601668e+01    4.347305e-01    0.000000e+00    3.859080e-02    5.946424e-01    0.000000e+00  
  4   2  26   6.528044e-01    5.747131e-01    0.000000e+00    8.936752e+00    2.105494e-01    0.000000e+00  
  4   2  27   1.167880e+00    5.716497e-01    0.000000e+00    1.352886e+00    5.767250e-01    0.000000e+00  
  4   2  28   3.010263e+04    1.904550e+00    0.000000e+00    6.727839e-01    5.679345e-01    0.000000e+00  
  4   2  29   2.475360e+00    1.074361e-02    0.000000e+00    -6.009105e-05    -1.260274e+00    0.000000e+00  
  4   2  30   1.578583e+01    1.816163e-01    0.000000e+00    -7.320145e+00    3.777527e-01    0.000000e+00  
  4   2  31   -1.160787e+01    1.917433e-01    0.000000e+00    4.638524e+01    1.966994e-01    0.000000e+00  
  4   2  32   4.000000e+01    5.000000e-01    0.000000e+00    4.000000e+01    5.000000e-01    0.000000e+00  
  4   2  33   1.166152e+00    -1.627876e-01    0.000000e+00    2.125622e+00    5.769794e-01    0.000000e+00  
  4   2  34   1.038754e+00    5.733804e-01    0.000000e+00    1.613437e+01    2.767987e-01    0.000000e+00  
  4   2  35   8.507855e+02    1.463548e+00    0.000000e+00    6.632196e+01    4.927383e-01    0.000000e+00  
  4   2  36   3.807483e+02    1.238323e+00    0.000000e+00    2.445901e+00    5.737466e-01    0.000000e+00  
  4   2  37   7.300014e+02    8.481907e-01    0.000000e+00    -4.502863e-01    4.178280e-02    0.000000e+00  
  4   2  38   1.686605e-01    5.690084e-01    0.000000e+00    4.825597e+00    3.318443e-01    0.000000e+00  
  4   2  39   2.827727e+04    1.681927e+00    0.000000e+00    2.749536e+06    2.602766e+00    0.000000e+00  
  4   2  40   -6.400700e+00    3.792135e-01    0.000000e+00    4.000000e+01    5.000000e-01    0.000000e+00  
  4   2  41   1.380162e+02    7.263538e-01    0.000000e+00    2.448424e+05    2.308943e+00    0.000000e+00  
  4   2  42   2.197491e+01    4.239757e-01    0.000000e+00    2.255137e+03    1.329616e+00    0.000000e+00  
  4   2  43   8.233276e+00    5.621669e-01    0.000000e+00    3.108144e+01    3.756286e-01    0.000000e+00  
  4   2  44   4.010540e+01    4.299194e-01    0.000000e+00    1.057502e+01    5.581386e-01    0.000000e+00  
  4   2  45   1.680208e+01    2.656102e-01    0.000000e+00    1.206223e+00    5.837859e-01    0.000000e+00  
  4   2  46   8.980186e-01    5.675697e-01    0.000000e+00    9.227486e+00    2.161196e-01    0.000000e+00  
  4   2  47   2.849602e+03    1.213975e+00    0.000000e+00    4.354592e+04    1.764450e+00    0.000000e+00  
  4   2  48   6.662993e-01    5.674977e-01    0.000000e+00    3.181035e+01    4.730543e-01    0.000000e+00  
  4   2  49   1.427450e+01    2.775892e-01    0.000000e+00    1.415543e+02    7.223059e-01    0.000000e+00  
  4   2  50   4.734691e-01    5.691561e-01    0.000000e+00    6.646840e+02    1.205646e+00    0.000000e+00  
  4   2  51   1.110905e+01    1.951404e-01    0.000000e+00    1.559046e+00    5.756894e-01    0.000000e+00  
  4   2  52   -1.706697e-01    -1.360376e-01    0.000000e+00    4.404974e+01    4.376734e-01    0.000000e+00  
  4   2  53   1.678970e+04    1.694168e+00    0.000000e+00    8.101755e-01    5.722767e-01    0.000000e+00  
  4   2  54   2.650739e+01    4.512473e-01    0.000000e+00    3.837886e-01    1.104822e-01    0.000000e+00  
  4   2  55   8.146215e-01    5.706130e-01    0.000000e+00    3.498069e+02    9.381071e-01    0.000000e+00  
  4   2  56   2.098357e+02    9.828925e-01    0.000000e+00    1.576280e+01    2.336518e-01    0.000000e+00  
  4   2  57   1.315330e+00    5.850915e-01    0.000000e+00    4.975570e+01    5.269513e-01    0.000000e+00  
  4   2  58   2.750792e-01    5.683065e-01    0.000000e+00    9.253845e-01    5.706147e-02    0.000000e+00  
  4   2  59   3.552050e+01    4.519845e-01    0.000000e+00    6.158736e+00    6.503689e-01    0.000000e+00  
  4   2  60   4.351923e+00    5.858864e-01    0.000000e+00    2.629381e+04    1.721832e+00    0.000000e+00  
  4   2  61   6.789307e+03    1.536928e+00    0.000000e+00    2.285325e+01    3.135271e-01    0.000000e+00  
  4   2  62   2.976447e-01    5.854896e-01    0.000000e+00    5.958618e-01    -4.716697e-02    0.000000e+00  
  4   3   1   3.710924e+04    1.773649e+00    0.000000e+00    6.210082e+04    1.846789e+00    0.000000e+00  
  4   3   2   1.332481e+05    2.134656e+00    0.000000e+00    6.550167e+01    4.148615e-01    0.000000e+00  
  4   3   3   7.786281e+02    1.005203e+00    0.000000e+00    9.852710e+06    3.033267e+00    0.000000e+00  
  4   3   4   2.576175e+04    1.670200e+00    0.000000e+00    1.188967e+05    2.094128e+00    0.000000e+00  
  4   3   5   1.628289e+07    3.089966e+00    0.000000e+00    2.245812e+04    1.691716e+00    0.000000e+00  
  5   1   1   3.974505e+01    6.347686e-01    0.000000e+00    1.417572e-02    5.833895e-01    0.000000e+00  
  5   1   2   -6.676188e-02    5.763115e-01    0.000000e+00    1.699310e+01    6.258730e-01    0.000000e+00  
  5   1   3   7.209356e+02    1.343380e+00    0.000000e+00    -2.893103e-05    -1.196147e+00    0.000000e+00  
  5   1   4   6.360408e+01    6.806446e-01    0.000000e+00    1.438986e+00    5.774088e-01    0.000000e+00  
  5   1   5   1.821608e-01    5.770816e-01    0.000000e+00    1.092506e-01    5.768748e-01    0.000000e+00  
  5   1   6   -7.272949e-05    -1.311901e+00    0.000000e+00    7.052348e+03    1.440859e+00    0.000000e+00  
  5   1   7   1.468132e+00    5.978156e-01    0.000000e+00    1.353266e-02    5.956295e-01    0.000000e+00  
  5   1   8   1.259123e+03    1.345795e+00    0.000000e+00    2.823765e+03    1.363493e+00    0.000000e+00  
  5   1   9   3.439503e+03    1.365346e+00    0.000000e+00    -4.162497e-05    -1.459588e+00    0.000000e+00  
  5   1  10   -4.563492e-05    -1.323505e+00    0.000000e+00    2.902765e+03    1.598199e+00    0.000000e+00  
  5   1  11   2.806334e+01    4.794840e-01    0.000000e+00    -1.825440e-01    5.825648e-01    0.000000e+00  
  5   1  12   -3.600904e-01    5.776468e-01    0.000000e+00    1.759256e+03    1.539020e+00    0.000000e+00  
  5   1  13   -1.536455e-01    5.772862e-01    0.000000e+00    6.586750e+01    5.917179e-01    0.000000e+00  
  5   1  14   1.305476e+00    5.946072e-01    0.000000e+00    2.566216e+02    8.548927e-01    0.000000e+00  
  5   1  15   1.289073e+02    6.925704e-01    0.000000e+00    2.121163e+02    8.683119e-01    0.000000e+00  
  5   1  16   1.588556e+02    9.297862e-01    0.000000e+00    -2.671065e-01    5.787372e-01    0.000000e+00  
  5   1  17   1.450293e+00    6.068851e-01    0.000000e+00    2.228705e+03    1.294368e+00    0.000000e+00  
  5   1  18   1.541897e+03    1.110840e+00    0.000000e+00    -3.687839e-01    2.906897e-01    0.000000e+00  
  5   1  19   5.462757e+04    1.854316e+00    0.000000e+00    4.900011e+04    2.058099e+00    0.000000e+00  
  5   1  20   1.916211e+02    6.752685e-01    0.000000e+00    3.472723e+03    1.341888e+00    0.000000e+00  
  5   1  21   3.823100e+01    5.693397e-01    0.000000e+00    6.576026e-01    5.871300e-01    0.000000e+00  
  5   1  22   4.769238e+01    5.002536e-01    0.000000e+00    3.865917e+04    2.029555e+00    0.000000e+00  
  5   1  23   9.355841e+03    1.695446e+00    0.000000e+00    2.633752e+01    3.527602e-01    0.000000e+00  
  5   2   1   3.050511e+00    2.614115e-01    0.000000e+00    -7.049816e-01    5.750219e-01    0.000000e+00  
  5   2   2   1.341726e+01    4.164725e-01    0.000000e+00    2.857374e-01    5.736546e-01    0.000000e+00  
  5   2   3   8.781722e+00    3.400111e-01    0.000000e+00    -1.356386e+00    3.604732e-01    0.000000e+00  
  5   2   4   2.324458e+01    3.856407e-01    0.000000e+00    -1.143156e+01    2.259897e-01    0.000000e+00  
  5   2   5   -6.804490e-01    2.112989e-01    0.000000e+00    1.429941e+01    4.316797e-01    0.000000e+00  
  5   2   6   1.636243e-01    5.718199e-01    0.000000e+00    9.105945e+00    4.327768e-01    0.000000e+00  
  5   2   7   2.390221e+01    4.842707e-01    0.000000e+00    -4.262938e+00    2.866358e-01    0.000000e+00  
  5   2   8   -4.133975e-02    5.718687e-01    0.000000e+00    1.926272e+01    5.248037e-01    0.000000e+00  
  5   2   9   -2.615543e+00    5.762528e-01    0.000000e+00    1.546715e+02    1.094816e+00    0.000000e+00  
  5   2  10   -2.741785e-01    5.769848e-01    0.000000e+00    3.118522e+02    1.246788e+00    0.000000e+00  
  5   2  11   6.455896e-02    5.788675e-01    0.000000e+00    6.026428e+00    2.693217e-01    0.000000e+00  
  5   2  12   4.170090e+00    5.705008e-01    0.000000e+00    -5.874579e-01    5.850116e-01    0.000000e+00  
  5   2  13   4.311323e+00    8.209219e-02    0.000000e+00    -1.021332e+00    -6.726843e-02    0.000000e+00  
  5   2  14   3.025237e+01    5.043441e-01    0.000000e+00    -2.068035e-02    -3.630585e-01    0.000000e+00  
  5   2  15   1.717910e+01    3.852700e-01    0.000000e+00    1.540738e-01    5.748454e-01    0.000000e+00  
  5   2  16   4.045931e+01    5.116823e-01    0.000000e+00    -1.318062e+02    -4.915404e+02    0.000000e+00  
  5   2  17   -2.920089e+00    5.759112e-01    0.000000e+00    1.051974e+00    1.616505e-01    0.000000e+00  
  5   2  18   -3.187252e+00    5.748745e-01    0.000000e+00    4.681829e+01    6.651866e-01    0.000000e+00  
  5   2  19   3.929008e+02    1.281060e+00    0.000000e+00    -1.383405e+00    5.734901e-01    0.000000e+00  
  5   2  20   1.133075e+00    6.096905e-02    0.000000e+00    -3.348171e+00    5.777453e-01    0.000000e+00  
  5   2  21   1.070876e+00    5.720201e-01    0.000000e+00    2.604042e+01    4.354618e-01    0.000000e+00  
  5   2  22   -9.572973e-01    5.757330e-01    0.000000e+00    2.832619e+01    4.849795e-01    0.000000e+00  
  5   2  23   1.661054e+02    6.647197e-01    0.000000e+00    2.330264e+00    5.717141e-01    0.000000e+00  
  5   2  24   4.659087e+02    9.013525e-01    0.000000e+00    5.470855e-01    5.719783e-01    0.000000e+00  
  5   2  25   1.477567e+01    3.570607e-01    0.000000e+00    2.500979e+00    5.702990e-01    0.000000e+00  
  5   2  26   2.092388e+01    4.545050e-01    0.000000e+00    -2.329993e+00    5.710708e-01    0.000000e+00  
  5   2  27   -3.823111e-02    -4.649381e-01    0.000000e+00    1.366911e+02    5.500667e-01    0.000000e+00  
  5   2  28   4.910948e-01    3.793097e-02    0.000000e+00    1.650972e-02    5.880406e-01    0.000000e+00  
  5   2  29   4.235723e-01    -1.352119e-01    0.000000e+00    -9.885057e+03    1.728700e+00    0.000000e+00  
  5   2  30   2.633537e+00    5.688780e-01    0.000000e+00    4.595139e+01    4.483798e-01    0.000000e+00  
  5   2  31   -2.364062e-01    5.756462e-01    0.000000e+00    1.001973e+01    2.470462e-01    0.000000e+00  
  5   2  32   1.044351e+02    4.602603e-01    0.000000e+00    -1.837535e-04    -1.066932e+00    0.000000e+00  
  5   2  33   1.603559e-01    -9.336352e-02    0.000000e+00    1.093652e+00    5.774800e-01    0.000000e+00  
  5   2  34   1.474348e+00    5.699708e-01    0.000000e+00    2.092230e+01    3.841744e-01    0.000000e+00  
  5   2  35   4.102174e+04    2.076328e+00    0.000000e+00    7.017516e-01    5.740474e-01    0.000000e+00  
  5   2  36   7.392089e-02    -7.620786e-02    0.000000e+00    -1.052931e+00    5.774057e-01    0.000000e+00  
  5   2  37   -8.792458e-01    5.720285e-01    0.000000e+00    2.650733e+01    3.505842e-01    0.000000e+00  
  5   2  38   2.542293e+04    1.960492e+00    0.000000e+00    8.392674e-01    5.701094e-01    0.000000e+00  
  5   2  39   1.653293e+00    5.719297e-01    0.000000e+00    3.799604e+00    4.140681e-01    0.000000e+00  
  5   2  40   5.554787e-01    5.815127e-01    0.000000e+00    5.351962e+01    5.056933e-01    0.000000e+00  
  5   2  41   5.098765e-01    -8.544936e-02    0.000000e+00    1.219317e+02    9.776504e-01    0.000000e+00  
  5   2  42   7.240458e-01    5.793574e-01    0.000000e+00    4.134930e+00    2.133437e-01    0.000000e+00  
  5   2  43   7.297190e+03    1.649336e+00    0.000000e+00    -1.764961e+00    5.731621e-01    0.000000e+00  
  5   2  44   4.344997e+01    3.614200e-01    0.000000e+00    1.384811e+00    5.655854e-01    0.000000e+00  
  5   2  45   1.353922e+00    -8.399860e-02    0.000000e+00    2.782772e+02    1.097217e+00    0.000000e+00  
  5   2  46   2.027248e+01    2.704383e-01    0.000000e+00    -3.293557e-01    5.752939e-01    0.000000e+00  
  5   2  47   2.771188e+00    5.733608e-01    0.000000e+00    6.702216e+01    5.322161e-01    0.000000e+00  
  5   2  48   -3.301613e-02    5.659224e-01    0.000000e+00    3.837759e+01    4.531528e-01    0.000000e+00  
  5   2  49   4.000000e+01    5.000000e-01    0.000000e+00    4.000000e+01    5.000000e-01    0.000000e+00  
  5   2  50   1.222871e+01    5.572645e-01    0.000000e+00    8.570826e+00    2.307060e-01    0.000000e+00  
  5   2  51   2.662972e+03    1.380312e+00    0.000000e+00    2.684765e+05    2.162086e+00    0.000000e+00  
  5   2  52   1.683978e+00    5.759588e-01    0.000000e+00    7.382573e+03    1.547332e+00    0.000000e+00  
  5   2  53   1.652576e+05    2.084210e+00    0.000000e+00    5.282372e+04    1.853525e+00    0.000000e+00  
  5   2  54   1.474818e+03    1.439598e+00    0.000000e+00    1.790790e+01    3.045562e-01    0.000000e+00  
  5   2  55   9.192318e+06    2.876251e+00    0.000000e+00    1.169192e+05    1.997763e+00    0.000000e+00  
  5   2  56   3.369006e+00    5.718170e-01    0.000000e+00    3.380431e+00    1.310897e-01    0.000000e+00  
  5   2  57   8.552978e+05    2.606598e+00    0.000000e+00    5.792048e+03    1.497429e+00    0.000000e+00  
  5   2  58   2.590844e+01    3.876042e-01    0.000000e+00    2.976256e+00    5.757723e-01    0.000000e+00  
  5   2  59   6.348734e-01    5.756881e-01    0.000000e+00    2.211779e-01    5.564123e-02    0.000000e+00  
  5   2  60   7.272284e-01    5.721289e-01    0.000000e+00    2.580672e+01    3.581332e-01    0.000000e+00  
  5   2  61   4.865228e+00    1.713649e-01    0.000000e+00    1.469396e+03    1.240236e+00    0.000000e+00  
  5   2  62   3.536765e+03    1.360094e+00    0.000000e+00    7.419922e+02    1.036436e+00    0.000000e+00  
  5   3   1   6.872618e+03    1.542180e+00    0.000000e+00    8.718589e+02    1.006069e+00    0.000000e+00  
  5   3   2   1.398572e+05    2.039001e+00    0.000000e+00    1.163655e+03    1.004765e+00    0.000000e+00  
  5   3   3   1.694211e+05    2.116725e+00    0.000000e+00    6.078006e+03    1.359151e+00    0.000000e+00  
  5   3   4   1.509664e+05    2.078097e+00    0.000000e+00    2.376503e+02    7.410332e-01    0.000000e+00  
  5   3   5   4.149463e+06    2.912398e+00    0.000000e+00    7.793926e+04    1.947372e+00    0.000000e+00  
  6   1   1   4.039766e+00    3.036552e-01    0.000000e+00    -4.560724e-01    5.810833e-01    0.000000e+00  
  6   1   2   -3.140059e-01    5.755350e-01    0.000000e+00    2.174869e+00    2.140938e-01    0.000000e+00  
  6   1   3   -7.236289e-02    5.778044e-01    0.000000e+00    1.681009e+01    4.087896e-01    0.000000e+00  
  6   1   4   1.917987e+02    8.060663e-01    0.000000e+00    -7.150162e-01    1.015316e-02    0.000000e+00  
  6   1   5   -7.288145e-01    5.804587e-01    0.000000e+00    3.569519e+01    6.205314e-01    0.000000e+00  
  6   1   6   6.347212e+02    8.718102e-01    0.000000e+00    -1.073427e-01    -4.125610e-01    0.000000e+00  
  6   1   7   -1.941616e-01    5.809346e-01    0.000000e+00    1.020732e+02    7.941203e-01    0.000000e+00  
  6   1   8   -5.787980e-01    5.850388e-01    0.000000e+00    1.224290e+01    5.261916e-01    0.000000e+00  
  6   1   9   -1.389751e-04    -1.028638e+00    0.000000e+00    7.498687e-01    5.828029e-01    0.000000e+00  
  6   1  10   9.014842e+01    6.292857e-01    0.000000e+00    -1.441743e-04    -1.234796e+00    0.000000e+00  
  6   1  11   3.830367e+04    1.817398e+00    0.000000e+00    7.092769e+04    1.962264e+00    0.000000e+00  
  6   1  12   3.549355e+02    9.373019e-01    0.000000e+00    2.116244e+03    1.372493e+00    0.000000e+00  
  6   1  13   5.696986e+05    2.849759e+00    0.000000e+00    2.080022e+02    7.968399e-01    0.000000e+00  
  6   1  14   1.845178e+04    1.573306e+00    0.000000e+00    1.772717e+05    2.042851e+00    0.000000e+00  
  6   1  15   1.603116e+05    2.099931e+00    0.000000e+00    6.879264e-01    5.796879e-01    0.000000e+00  
  6   1  16   5.277018e+01    5.081980e-01    0.000000e+00    -1.287318e-05    -1.542055e+00    0.000000e+00  
  6   1  17   9.545033e+01    6.030586e-01    0.000000e+00    9.454232e+04    2.199503e+00    0.000000e+00  
  6   1  18   6.366529e+01    5.907536e-01    0.000000e+00    1.938676e+00    7.191190e-01    0.000000e+00  
  6   1  19   7.749882e-01    5.818018e-01    0.000000e+00    1.688326e+03    1.291699e+00    0.000000e+00  
  6   1  20   7.440974e-01    5.722181e-01    0.000000e+00    1.026323e+05    2.137157e+00    0.000000e+00  
  6   1  21   1.645751e+02    7.150012e-01    0.000000e+00    2.327789e+04    1.821515e+00    0.000000e+00  
  6   1  22   1.018206e+02    5.965367e-01    0.000000e+00    3.859986e+05    2.565300e+00    0.000000e+00  
  6   1  23   3.385898e+02    7.816393e-01    0.000000e+00    6.124439e+03    1.498719e+00    0.000000e+00  
  6   2   1   1.358369e+01    4.219018e-01    0.000000e+00    -2.164283e+00    5.706658e-01    0.000000e+00  
  6   2   2   5.548386e+00    3.111039e-01    0.000000e+00    -5.988930e-01    2.187822e-01    0.000000e+00  
  6   2   3   1.890747e+01    5.229745e-01    0.000000e+00    -2.165269e+00    5.759271e-01    0.000000e+00  
  6   2   4   7.595936e-01    1.534468e-01    0.000000e+00    2.812410e-01    5.697325e-01    0.000000e+00  
  6   2   5   -4.840186e+00    2.523681e-01    0.000000e+00    1.598724e+01    3.558101e-01    0.000000e+00  
  6   2   6   2.045743e+01    4.192499e-01    0.000000e+00    -3.496260e+00    2.583214e-01    0.000000e+00  
  6   2   7   6.111064e-01    5.776363e-01    0.000000e+00    -5.215893e-01    5.773895e-01    0.000000e+00  
  6   2   8   1.536676e+01    3.383859e-01    0.000000e+00    -2.316337e+00    4.596215e-02    0.000000e+00  
  6   2   9   -3.006634e+00    2.839565e-01    0.000000e+00    4.962365e+01    5.611501e-01    0.000000e+00  
  6   2  10   -5.802101e-01    5.738453e-01    0.000000e+00    1.570266e+01    4.071164e-01    0.000000e+00  
  6   2  11   -6.650820e-01    5.103862e-02    0.000000e+00    3.808368e+01    5.064708e-01    0.000000e+00  
  6   2  12   -2.021053e+00    5.740899e-01    0.000000e+00    1.539424e+00    5.667052e-01    0.000000e+00  
  6   2  13   -3.882931e+00    5.737999e-01    0.000000e+00    4.763192e-02    -1.913804e-01    0.000000e+00  
  6   2  14   9.335940e+01    6.166822e-01    0.000000e+00    -2.442960e+00    6.229461e-02    0.000000e+00  
  6   2  15   2.623931e-01    5.749901e-01    0.000000e+00    2.115819e+01    4.247369e-01    0.000000e+00  
  6   2  16   3.502724e+00    4.902283e-01    0.000000e+00    -1.761386e+00    5.769157e-01    0.000000e+00  
  6   2  17   1.246229e+01    7.336017e-01    0.000000e+00    -1.867427e+00    5.776302e-01    0.000000e+00  
  6   2  18   -1.135861e-03    -7.987469e-01    0.000000e+00    1.391910e+01    2.639206e-01    0.000000e+00  
  6   2  19   -1.904469e-01    1.638341e-02    0.000000e+00    4.619033e+01    3.338103e-01    0.000000e+00  
  6   2  20   -1.165680e+00    5.715570e-01    0.000000e+00    3.413304e+00    5.726142e-01    0.000000e+00  
  6   2  21   1.669481e+00    5.705986e-01    0.000000e+00    3.278710e+01    4.190413e-01    0.000000e+00  
  6   2  22   -1.399061e-03    -8.726598e-01    0.000000e+00    1.368933e+03    1.102915e+00    0.000000e+00  
  6   2  23   -3.161169e-01    5.736520e-01    0.000000e+00    3.758723e+02    8.667756e-01    0.000000e+00  
  6   2  24   2.032856e+01    3.728816e-01    0.000000e+00    3.509196e-01    5.722180e-01    0.000000e+00  
  6   2  25   9.324873e+00    2.542703e-01    0.000000e+00    2.352968e+01    4.420709e-01    0.000000e+00  
  6   2  26   5.811578e+01    5.627483e-01    0.000000e+00    2.083183e+00    5.783268e-01    0.000000e+00  
  6   2  27   1.969362e+00    5.718713e-01    0.000000e+00    9.109982e-01    5.728218e-01    0.000000e+00  
  6   2  28   3.055098e+00    1.339674e-01    0.000000e+00    -7.165115e-01    5.848517e-01    0.000000e+00  
  6   2  29   1.355922e+03    1.256420e+00    0.000000e+00    1.034089e+00    5.714675e-01    0.000000e+00  
  6   2  30   4.187087e+02    1.177554e+00    0.000000e+00    -6.215430e-01    5.725999e-01    0.000000e+00  
  6   2  31   5.655274e+01    5.158843e-01    0.000000e+00    4.660626e+04    1.912131e+00    0.000000e+00  
  6   2  32   1.710975e+01    5.023426e-01    0.000000e+00    -1.212135e+00    5.721334e-01    0.000000e+00  
  6   2  33   4.033326e-03    -6.616307e-01    0.000000e+00    5.765057e-02    5.742320e-01    0.000000e+00  
  6   2  34   1.422643e+02    5.956618e-01    0.000000e+00    -4.592234e-02    -1.747158e-01    0.000000e+00  
  6   2  35   2.544530e+04    1.856633e+00    0.000000e+00    4.623533e+01    5.213639e-01    0.000000e+00  
  6   2  36   -9.772637e-04    -8.442916e-01    0.000000e+00    5.953383e+01    4.241016e-01    0.000000e+00  
  6   2  37   1.197750e+04    1.528896e+00    0.000000e+00    5.584045e+02    8.606614e-01    0.000000e+00  
  6   2  38   2.240515e+00    5.710903e-01    0.000000e+00    3.748930e+01    3.541695e-01    0.000000e+00  
  6   2  39   1.340650e+01    4.264867e-01    0.000000e+00    7.643081e-01    5.747262e-01    0.000000e+00  
  6   2  40   3.439265e+01    4.390725e-01    0.000000e+00    8.001305e+02    1.391080e+00    0.000000e+00  
  6   2  41   1.031861e+00    5.720204e-01    0.000000e+00    4.000000e+01    4.900000e-01    0.000000e+00  
  6   2  42   7.744487e-01    5.823134e-01    0.000000e+00    3.083154e-01    -1.096033e-01    0.000000e+00  
  6   2  43   5.476520e+04    2.125009e+00    0.000000e+00    3.009072e+00    1.860227e-01    0.000000e+00  
  6   2  44   7.154894e+01    5.552913e-01    0.000000e+00    8.991066e+03    1.713224e+00    0.000000e+00  
  6   2  45   6.320668e+04    2.038215e+00    0.000000e+00    4.202652e+01    4.913569e-01    0.000000e+00  
  6   2  46   3.359474e+01    3.115339e-01    0.000000e+00    5.389698e+00    5.667916e-01    0.000000e+00  
  6   2  47   4.288688e-01    -2.927374e-01    0.000000e+00    1.383780e-03    -6.860400e-01    0.000000e+00  
  6   2  48   1.966368e+00    5.677237e-01    0.000000e+00    1.849530e+01    3.505652e-01    0.000000e+00  
  6   2  49   3.459326e+01    2.728235e-01    0.000000e+00    -1.746830e+00    5.739964e-01    0.000000e+00  
  6   2  50   2.702215e+04    1.711976e+00    0.000000e+00    4.414775e+04    1.808337e+00    0.000000e+00  
  6   2  51   1.069534e+01    3.117508e-01    0.000000e+00    1.331858e+00    5.730981e-01    0.000000e+00  
  6   2  52   1.253369e+01    5.186878e-01    0.000000e+00    3.451104e+05    2.291011e+00    0.000000e+00  
  6   2  53   5.722165e+01    4.454227e-01    0.000000e+00    -1.948305e-01    -1.053808e-01    0.000000e+00  
  6   2  54   4.000000e+01    4.900000e-01    0.000000e+00    2.187443e+02    1.018969e+00    0.000000e+00  
  6   2  55   4.000000e+01    5.000000e-01    0.000000e+00    9.516952e+01    6.990010e-01    0.000000e+00  
  6   2  56   1.345557e+00    6.332621e-02    0.000000e+00    2.609235e+00    5.758533e-01    0.000000e+00  
  6   2  57   2.500508e+04    1.827423e+00    0.000000e+00    1.712466e+02    7.204474e-01    0.000000e+00  
  6   2  58   4.607232e-01    -2.773375e-02    0.000000e+00    2.258743e-01    5.204859e-02    0.000000e+00  
  6   2  59   5.041168e+02    1.077666e+00    0.000000e+00    9.851132e-01    5.716650e-01    0.000000e+00  
  6   2  60   -5.984038e-04    -9.487124e-01    0.000000e+00    4.000000e+01    4.900000e-01    0.000000e+00  
  6   2  61   2.815280e+01    3.577466e-01    0.000000e+00    2.959254e+03    1.423163e+00    0.000000e+00  
  6   2  62   7.016787e+01    5.474164e-01    0.000000e+00    2.536881e+03    1.581343e+00    0.000000e+00  
  6   3   1   3.108274e+01    1.574136e-01    0.000000e+00    3.109810e+03    1.591286e+00    0.000000e+00  
  6   3   2   1.266690e+04    1.708793e+00    0.000000e+00    2.366717e+00    7.226225e-01    0.000000e+00  
  6   3   3   1.078714e+07    3.066781e+00    0.000000e+00    8.007518e+01    5.474812e-01    0.000000e+00  
  6   3   4   2.441163e+04    1.804216e+00    0.000000e+00    5.767255e+04    1.889583e+00    0.000000e+00  
  6   3   5   2.102522e+05    2.154342e+00    0.000000e+00    1.032176e+04    1.554695e+00    0.000000e+00  
