1 1 1 40.000 0.500 0.000 40.000 0.500 0.000
1 1 2 40.000 0.500 0.000 40.000 0.500 0.000
1 1 3 40.000 0.500 0.000 40.000 0.500 0.000
1 1 4 40.000 0.500 0.000 40.000 0.500 0.000
1 1 5 40.000 0.500 0.000 40.000 0.500 0.000
1 1 6 40.000 0.500 0.000 40.000 0.500 0.000
1 1 7 40.000 0.500 0.000 40.000 0.500 0.000
1 1 8 40.000 0.500 0.000 40.000 0.500 0.000
1 1 9 40.000 0.500 0.000 40.000 0.500 0.000
1 1 10 40.000 0.500 0.000 40.000 0.500 0.000
1 1 11 40.000 0.500 0.000 40.000 0.500 0.000
1 1 12 40.000 0.500 0.000 40.000 0.500 0.000
1 1 13 40.000 0.500 0.000 40.000 0.500 0.000
1 1 14 40.000 0.500 0.000 40.000 0.500 0.000
1 1 15 40.000 0.500 0.000 40.000 0.500 0.000
1 1 16 40.000 0.500 0.000 40.000 0.500 0.000
1 1 17 40.000 0.500 0.000 40.000 0.500 0.000
1 1 18 40.000 0.500 0.000 40.000 0.500 0.000
1 1 19 40.000 0.500 0.000 40.000 0.500 0.000
1 1 20 40.000 0.500 0.000 40.000 0.500 0.000
1 1 21 40.000 0.500 0.000 40.000 0.500 0.000
1 1 22 40.000 0.500 0.000 40.000 0.500 0.000
1 1 23 40.000 0.500 0.000 40.000 0.500 0.000
1 2 1 40.000 0.500 0.000 40.000 0.500 0.000
1 2 2 40.000 0.500 0.000 40.000 0.500 0.000
1 2 3 40.000 0.500 0.000 40.000 0.500 0.000
1 2 4 40.000 0.500 0.000 40.000 0.500 0.000
1 2 5 40.000 0.500 0.000 40.000 0.500 0.000
1 2 6 40.000 0.500 0.000 40.000 0.500 0.000
1 2 7 40.000 0.500 0.000 40.000 0.500 0.000
1 2 8 40.000 0.500 0.000 40.000 0.500 0.000
1 2 9 40.000 0.500 0.000 40.000 0.500 0.000
1 2 10 40.000 0.500 0.000 40.000 0.500 0.000
1 2 11 40.000 0.500 0.000 40.000 0.500 0.000
1 2 12 40.000 0.500 0.000 40.000 0.500 0.000
1 2 13 40.000 0.500 0.000 40.000 0.500 0.000
1 2 14 40.000 0.500 0.000 40.000 0.500 0.000
1 2 15 40.000 0.500 0.000 40.000 0.500 0.000
1 2 16 40.000 0.500 0.000 40.000 0.500 0.000
1 2 17 40.000 0.500 0.000 40.000 0.500 0.000
1 2 18 40.000 0.500 0.000 40.000 0.500 0.000
1 2 19 40.000 0.500 0.000 40.000 0.500 0.000
1 2 20 40.000 0.500 0.000 40.000 0.500 0.000
1 2 21 40.000 0.500 0.000 40.000 0.500 0.000
1 2 22 40.000 0.500 0.000 40.000 0.500 0.000
1 2 23 40.000 0.500 0.000 40.000 0.500 0.000
1 2 24 40.000 0.500 0.000 40.000 0.500 0.000
1 2 25 40.000 0.500 0.000 40.000 0.500 0.000
1 2 26 40.000 0.500 0.000 40.000 0.500 0.000
1 2 27 40.000 0.500 0.000 40.000 0.500 0.000
1 2 28 40.000 0.500 0.000 40.000 0.500 0.000
1 2 29 40.000 0.500 0.000 40.000 0.500 0.000
1 2 30 40.000 0.500 0.000 40.000 0.500 0.000
1 2 31 40.000 0.500 0.000 40.000 0.500 0.000
1 2 32 40.000 0.500 0.000 40.000 0.500 0.000
1 2 33 40.000 0.500 0.000 40.000 0.500 0.000
1 2 34 40.000 0.500 0.000 40.000 0.500 0.000
1 2 35 40.000 0.500 0.000 40.000 0.500 0.000
1 2 36 40.000 0.500 0.000 40.000 0.500 0.000
1 2 37 40.000 0.500 0.000 40.000 0.500 0.000
1 2 38 40.000 0.500 0.000 40.000 0.500 0.000
1 2 39 40.000 0.500 0.000 40.000 0.500 0.000
1 2 40 40.000 0.500 0.000 40.000 0.500 0.000
1 2 41 40.000 0.500 0.000 40.000 0.500 0.000
1 2 42 40.000 0.500 0.000 40.000 0.500 0.000
1 2 43 40.000 0.500 0.000 40.000 0.500 0.000
1 2 44 40.000 0.500 0.000 40.000 0.500 0.000
1 2 45 40.000 0.500 0.000 40.000 0.500 0.000
1 2 46 40.000 0.500 0.000 40.000 0.500 0.000
1 2 47 40.000 0.500 0.000 40.000 0.500 0.000
1 2 48 40.000 0.500 0.000 40.000 0.500 0.000
1 2 49 40.000 0.500 0.000 40.000 0.500 0.000
1 2 50 40.000 0.500 0.000 40.000 0.500 0.000
1 2 51 40.000 0.500 0.000 40.000 0.500 0.000
1 2 52 40.000 0.500 0.000 40.000 0.500 0.000
1 2 53 40.000 0.500 0.000 40.000 0.500 0.000
1 2 54 40.000 0.500 0.000 40.000 0.500 0.000
1 2 55 40.000 0.500 0.000 40.000 0.500 0.000
1 2 56 40.000 0.500 0.000 40.000 0.500 0.000
1 2 57 40.000 0.500 0.000 40.000 0.500 0.000
1 2 58 40.000 0.500 0.000 40.000 0.500 0.000
1 2 59 40.000 0.500 0.000 40.000 0.500 0.000
1 2 60 40.000 0.500 0.000 40.000 0.500 0.000
1 2 61 40.000 0.500 0.000 40.000 0.500 0.000
1 2 62 40.000 0.500 0.000 40.000 0.500 0.000
1 3 1 40.000 0.500 0.000 40.000 0.500 0.000
1 3 2 40.000 0.500 0.000 40.000 0.500 0.000
1 3 3 40.000 0.500 0.000 40.000 0.500 0.000
1 3 4 40.000 0.500 0.000 40.000 0.500 0.000
1 3 5 40.000 0.500 0.000 40.000 0.500 0.000
2 1 1 45.365 0.513 0.000 42.503 0.515 0.000
2 1 2 32.121 0.526 0.000 32.604 0.524 0.000
2 1 3 19.354 0.538 0.000 18.064 0.539 0.000
2 1 4 32.278 0.525 0.000 20.890 0.537 0.000
2 1 5 40.000 0.500 0.000 40.000 0.500 0.000
2 1 6 31.882 0.527 0.000 40.000 0.500 0.000
2 1 7 15.234 0.541 0.000 12.351 0.544 0.000
2 1 8 40.000 0.500 0.000 40.000 0.500 0.000
2 1 9 17.845 0.539 0.000 22.798 0.534 0.000
2 1 10 40.000 0.500 0.000 40.000 0.500 0.000
2 1 11 11.050 0.545 0.000 10.783 0.545 0.000
2 1 12 15.799 0.541 0.000 11.474 0.544 0.000
2 1 13 7.283 0.547 0.000 18.002 0.539 0.000
2 1 14 12.352 0.544 0.000 16.000 0.541 0.000
2 1 15 27.457 0.529 0.000 11.721 0.544 0.000
2 1 16 4.683 0.549 0.000 13.147 0.543 0.000
2 1 17 10.133 0.545 0.000 11.110 0.545 0.000
2 1 18 11.814 0.544 0.000 4.638 0.548 0.000
2 1 19 23.755 0.534 0.000 17.988 0.539 0.000
2 1 20 0.000 0.550 0.000 6.919 0.547 0.000
2 1 21 40.000 0.500 0.000 40.000 0.500 0.000
2 1 22 55.833 0.505 0.000 0.066 0.550 0.000
2 1 23 31.468 0.528 0.000 40.000 0.500 0.000
2 2 1 55.297 0.486 0.000 41.281 0.495 0.000
2 2 2 1.469 0.548 0.000 75.216 0.475 0.000
2 2 3 76.857 0.475 0.000 7.969 0.541 0.000
2 2 4 40.373 0.499 0.000 24.343 0.524 0.000
2 2 5 39.175 0.503 0.000 39.105 0.503 0.000
2 2 6 40.211 0.499 0.000 72.488 0.476 0.000
2 2 7 41.237 0.496 0.000 38.607 0.504 0.000
2 2 8 27.056 0.518 0.000 63.138 0.479 0.000
2 2 9 30.791 0.514 0.000 54.476 0.484 0.000
2 2 10 39.372 0.502 0.000 61.364 0.481 0.000
2 2 11 54.134 0.485 0.000 38.880 0.504 0.000
2 2 12 48.538 0.490 0.000 57.946 0.483 0.000
2 2 13 38.968 0.503 0.000 51.851 0.489 0.000
2 2 14 40.656 0.498 0.000 53.187 0.486 0.000
2 2 15 40.424 0.499 0.000 40.720 0.497 0.000
2 2 16 39.859 0.500 0.000 39.015 0.503 0.000
2 2 17 38.865 0.504 0.000 40.333 0.499 0.000
2 2 18 41.040 0.496 0.000 40.792 0.497 0.000
2 2 19 30.883 0.512 0.000 40.760 0.497 0.000
2 2 20 40.000 0.500 0.000 40.000 0.500 0.000
2 2 21 40.294 0.499 0.000 41.335 0.495 0.000
2 2 22 38.902 0.504 0.000 39.214 0.503 0.000
2 2 23 40.608 0.498 0.000 41.287 0.495 0.000
2 2 24 41.140 0.496 0.000 41.371 0.495 0.000
2 2 25 38.947 0.503 0.000 39.488 0.502 0.000
2 2 26 30.289 0.510 0.000 39.623 0.501 0.000
2 2 27 38.748 0.504 0.000 41.243 0.496 0.000
2 2 28 40.651 0.498 0.000 41.450 0.495 0.000
2 2 29 27.788 0.515 0.000 21.072 0.527 0.000
2 2 30 40.410 0.499 0.000 40.770 0.497 0.000
2 2 31 41.119 0.496 0.000 38.754 0.504 0.000
2 2 32 28.546 0.512 0.000 23.416 0.523 0.000
2 2 33 29.038 0.511 0.000 40.851 0.497 0.000
2 2 34 38.979 0.503 0.000 52.986 0.486 0.000
2 2 35 40.092 0.500 0.000 40.832 0.497 0.000
2 2 36 39.563 0.501 0.000 40.572 0.498 0.000
2 2 37 41.035 0.496 0.000 40.520 0.498 0.000
2 2 38 40.789 0.497 0.000 29.232 0.515 0.000
2 2 39 19.118 0.531 0.000 39.777 0.501 0.000
2 2 40 40.828 0.497 0.000 41.541 0.494 0.000
2 2 41 0.034 0.547 0.000 41.188 0.496 0.000
2 2 42 39.000 0.503 0.000 39.991 0.500 0.000
2 2 43 38.708 0.504 0.000 67.751 0.477 0.000
2 2 44 40.793 0.497 0.000 24.406 0.522 0.000
2 2 45 8.386 0.542 0.000 20.994 0.524 0.000
2 2 46 0.034 0.549 0.000 52.960 0.485 0.000
2 2 47 13.961 0.538 0.000 53.761 0.485 0.000
2 2 48 2.965 0.547 0.000 0.006 0.550 0.000
2 2 49 40.891 0.497 0.000 40.946 0.497 0.000
2 2 50 11.572 0.542 0.000 10.948 0.540 0.000
2 2 51 48.870 0.491 0.000 39.204 0.503 0.000
2 2 52 0.006 0.547 0.000 59.636 0.485 0.000
2 2 53 61.059 0.479 0.000 40.787 0.497 0.000
2 2 54 39.151 0.503 0.000 63.164 0.479 0.000
2 2 55 0.000 0.548 0.000 0.028 0.550 0.000
2 2 56 15.063 0.535 0.000 95.490 0.472 0.000
2 2 57 39.701 0.501 0.000 40.646 0.498 0.000
2 2 58 39.252 0.502 0.000 40.000 0.500 0.000
2 2 59 40.000 0.500 0.000 38.972 0.503 0.000
2 2 60 40.062 0.500 0.000 40.000 0.500 0.000
2 2 61 40.000 0.500 0.000 40.000 0.500 0.000
2 2 62 40.000 0.500 0.000 40.000 0.500 0.000
2 3 1 55.206 0.497 0.000 1.209 0.550 0.000
2 3 2 54.318 0.498 0.000 0.000 0.550 0.000
2 3 3 40.000 0.500 0.000 0.000 0.549 0.000
2 3 4 40.000 0.500 0.000 40.000 0.500 0.000
2 3 5 40.000 0.500 0.000 40.000 0.500 0.000
3 1 1 40.000 0.500 0.000 40.000 0.500 0.000
3 1 2 40.000 0.500 0.000 40.000 0.500 0.000
3 1 3 40.000 0.500 0.000 40.000 0.500 0.000
3 1 4 40.000 0.500 0.000 40.000 0.500 0.000
3 1 5 40.000 0.500 0.000 40.000 0.500 0.000
3 1 6 40.000 0.500 0.000 40.000 0.500 0.000
3 1 7 40.000 0.500 0.000 40.000 0.500 0.000
3 1 8 40.000 0.500 0.000 40.000 0.500 0.000
3 1 9 40.000 0.500 0.000 40.000 0.500 0.000
3 1 10 40.000 0.500 0.000 40.000 0.500 0.000
3 1 11 40.000 0.500 0.000 40.000 0.500 0.000
3 1 12 40.000 0.500 0.000 40.000 0.500 0.000
3 1 13 40.000 0.500 0.000 40.000 0.500 0.000
3 1 14 40.000 0.500 0.000 40.000 0.500 0.000
3 1 15 40.000 0.500 0.000 40.000 0.500 0.000
3 1 16 40.000 0.500 0.000 40.000 0.500 0.000
3 1 17 40.000 0.500 0.000 40.000 0.500 0.000
3 1 18 40.000 0.500 0.000 40.000 0.500 0.000
3 1 19 40.000 0.500 0.000 40.000 0.500 0.000
3 1 20 40.000 0.500 0.000 40.000 0.500 0.000
3 1 21 40.000 0.500 0.000 40.000 0.500 0.000
3 1 22 40.000 0.500 0.000 40.000 0.500 0.000
3 1 23 40.000 0.500 0.000 40.000 0.500 0.000
3 2 1 40.000 0.500 0.000 40.000 0.500 0.000
3 2 2 40.000 0.500 0.000 40.000 0.500 0.000
3 2 3 40.000 0.500 0.000 40.000 0.500 0.000
3 2 4 40.000 0.500 0.000 40.000 0.500 0.000
3 2 5 40.000 0.500 0.000 40.000 0.500 0.000
3 2 6 40.000 0.500 0.000 40.000 0.500 0.000
3 2 7 40.000 0.500 0.000 40.000 0.500 0.000
3 2 8 40.000 0.500 0.000 40.000 0.500 0.000
3 2 9 40.000 0.500 0.000 40.000 0.500 0.000
3 2 10 40.000 0.500 0.000 40.000 0.500 0.000
3 2 11 40.000 0.500 0.000 40.000 0.500 0.000
3 2 12 40.000 0.500 0.000 40.000 0.500 0.000
3 2 13 40.000 0.500 0.000 40.000 0.500 0.000
3 2 14 40.000 0.500 0.000 40.000 0.500 0.000
3 2 15 40.000 0.500 0.000 40.000 0.500 0.000
3 2 16 40.000 0.500 0.000 40.000 0.500 0.000
3 2 17 40.000 0.500 0.000 40.000 0.500 0.000
3 2 18 40.000 0.500 0.000 40.000 0.500 0.000
3 2 19 40.000 0.500 0.000 40.000 0.500 0.000
3 2 20 40.000 0.500 0.000 40.000 0.500 0.000
3 2 21 40.000 0.500 0.000 40.000 0.500 0.000
3 2 22 40.000 0.500 0.000 40.000 0.500 0.000
3 2 23 40.000 0.500 0.000 40.000 0.500 0.000
3 2 24 40.000 0.500 0.000 40.000 0.500 0.000
3 2 25 40.000 0.500 0.000 40.000 0.500 0.000
3 2 26 40.000 0.500 0.000 40.000 0.500 0.000
3 2 27 40.000 0.500 0.000 40.000 0.500 0.000
3 2 28 40.000 0.500 0.000 40.000 0.500 0.000
3 2 29 40.000 0.500 0.000 40.000 0.500 0.000
3 2 30 40.000 0.500 0.000 40.000 0.500 0.000
3 2 31 40.000 0.500 0.000 40.000 0.500 0.000
3 2 32 40.000 0.500 0.000 40.000 0.500 0.000
3 2 33 40.000 0.500 0.000 40.000 0.500 0.000
3 2 34 40.000 0.500 0.000 40.000 0.500 0.000
3 2 35 40.000 0.500 0.000 40.000 0.500 0.000
3 2 36 40.000 0.500 0.000 40.000 0.500 0.000
3 2 37 40.000 0.500 0.000 40.000 0.500 0.000
3 2 38 40.000 0.500 0.000 40.000 0.500 0.000
3 2 39 40.000 0.500 0.000 40.000 0.500 0.000
3 2 40 40.000 0.500 0.000 40.000 0.500 0.000
3 2 41 40.000 0.500 0.000 40.000 0.500 0.000
3 2 42 40.000 0.500 0.000 40.000 0.500 0.000
3 2 43 40.000 0.500 0.000 40.000 0.500 0.000
3 2 44 40.000 0.500 0.000 40.000 0.500 0.000
3 2 45 40.000 0.500 0.000 40.000 0.500 0.000
3 2 46 40.000 0.500 0.000 40.000 0.500 0.000
3 2 47 40.000 0.500 0.000 40.000 0.500 0.000
3 2 48 40.000 0.500 0.000 40.000 0.500 0.000
3 2 49 40.000 0.500 0.000 40.000 0.500 0.000
3 2 50 40.000 0.500 0.000 40.000 0.500 0.000
3 2 51 40.000 0.500 0.000 40.000 0.500 0.000
3 2 52 40.000 0.500 0.000 40.000 0.500 0.000
3 2 53 40.000 0.500 0.000 40.000 0.500 0.000
3 2 54 40.000 0.500 0.000 40.000 0.500 0.000
3 2 55 40.000 0.500 0.000 40.000 0.500 0.000
3 2 56 40.000 0.500 0.000 40.000 0.500 0.000
3 2 57 40.000 0.500 0.000 40.000 0.500 0.000
3 2 58 40.000 0.500 0.000 40.000 0.500 0.000
3 2 59 40.000 0.500 0.000 40.000 0.500 0.000
3 2 60 40.000 0.500 0.000 40.000 0.500 0.000
3 2 61 40.000 0.500 0.000 40.000 0.500 0.000
3 2 62 40.000 0.500 0.000 40.000 0.500 0.000
3 3 1 40.000 0.500 0.000 40.000 0.500 0.000
3 3 2 40.000 0.500 0.000 40.000 0.500 0.000
3 3 3 40.000 0.500 0.000 40.000 0.500 0.000
3 3 4 40.000 0.500 0.000 40.000 0.500 0.000
3 3 5 40.000 0.500 0.000 40.000 0.500 0.000
4 1 1 40.000 0.500 0.000 40.000 0.500 0.000
4 1 2 40.000 0.500 0.000 40.000 0.500 0.000
4 1 3 40.000 0.500 0.000 40.000 0.500 0.000
4 1 4 40.000 0.500 0.000 40.000 0.500 0.000
4 1 5 40.000 0.500 0.000 40.000 0.500 0.000
4 1 6 40.000 0.500 0.000 40.000 0.500 0.000
4 1 7 40.000 0.500 0.000 40.000 0.500 0.000
4 1 8 40.000 0.500 0.000 40.000 0.500 0.000
4 1 9 40.000 0.500 0.000 40.000 0.500 0.000
4 1 10 40.000 0.500 0.000 40.000 0.500 0.000
4 1 11 40.000 0.500 0.000 40.000 0.500 0.000
4 1 12 40.000 0.500 0.000 40.000 0.500 0.000
4 1 13 40.000 0.500 0.000 40.000 0.500 0.000
4 1 14 40.000 0.500 0.000 40.000 0.500 0.000
4 1 15 40.000 0.500 0.000 40.000 0.500 0.000
4 1 16 40.000 0.500 0.000 40.000 0.500 0.000
4 1 17 40.000 0.500 0.000 40.000 0.500 0.000
4 1 18 40.000 0.500 0.000 40.000 0.500 0.000
4 1 19 40.000 0.500 0.000 40.000 0.500 0.000
4 1 20 40.000 0.500 0.000 40.000 0.500 0.000
4 1 21 40.000 0.500 0.000 40.000 0.500 0.000
4 1 22 40.000 0.500 0.000 40.000 0.500 0.000
4 1 23 40.000 0.500 0.000 40.000 0.500 0.000
4 2 1 40.000 0.500 0.000 40.000 0.500 0.000
4 2 2 40.000 0.500 0.000 40.000 0.500 0.000
4 2 3 40.000 0.500 0.000 40.000 0.500 0.000
4 2 4 40.000 0.500 0.000 40.000 0.500 0.000
4 2 5 40.000 0.500 0.000 40.000 0.500 0.000
4 2 6 40.000 0.500 0.000 40.000 0.500 0.000
4 2 7 40.000 0.500 0.000 40.000 0.500 0.000
4 2 8 40.000 0.500 0.000 40.000 0.500 0.000
4 2 9 40.000 0.500 0.000 40.000 0.500 0.000
4 2 10 40.000 0.500 0.000 40.000 0.500 0.000
4 2 11 40.000 0.500 0.000 40.000 0.500 0.000
4 2 12 40.000 0.500 0.000 40.000 0.500 0.000
4 2 13 40.000 0.500 0.000 40.000 0.500 0.000
4 2 14 40.000 0.500 0.000 40.000 0.500 0.000
4 2 15 40.000 0.500 0.000 40.000 0.500 0.000
4 2 16 40.000 0.500 0.000 40.000 0.500 0.000
4 2 17 40.000 0.500 0.000 40.000 0.500 0.000
4 2 18 40.000 0.500 0.000 40.000 0.500 0.000
4 2 19 40.000 0.500 0.000 40.000 0.500 0.000
4 2 20 40.000 0.500 0.000 40.000 0.500 0.000
4 2 21 40.000 0.500 0.000 40.000 0.500 0.000
4 2 22 40.000 0.500 0.000 40.000 0.500 0.000
4 2 23 40.000 0.500 0.000 40.000 0.500 0.000
4 2 24 40.000 0.500 0.000 40.000 0.500 0.000
4 2 25 40.000 0.500 0.000 40.000 0.500 0.000
4 2 26 40.000 0.500 0.000 40.000 0.500 0.000
4 2 27 40.000 0.500 0.000 40.000 0.500 0.000
4 2 28 40.000 0.500 0.000 40.000 0.500 0.000
4 2 29 40.000 0.500 0.000 40.000 0.500 0.000
4 2 30 40.000 0.500 0.000 40.000 0.500 0.000
4 2 31 40.000 0.500 0.000 40.000 0.500 0.000
4 2 32 40.000 0.500 0.000 40.000 0.500 0.000
4 2 33 40.000 0.500 0.000 40.000 0.500 0.000
4 2 34 40.000 0.500 0.000 40.000 0.500 0.000
4 2 35 40.000 0.500 0.000 40.000 0.500 0.000
4 2 36 40.000 0.500 0.000 40.000 0.500 0.000
4 2 37 40.000 0.500 0.000 40.000 0.500 0.000
4 2 38 40.000 0.500 0.000 40.000 0.500 0.000
4 2 39 40.000 0.500 0.000 40.000 0.500 0.000
4 2 40 40.000 0.500 0.000 40.000 0.500 0.000
4 2 41 40.000 0.500 0.000 40.000 0.500 0.000
4 2 42 40.000 0.500 0.000 40.000 0.500 0.000
4 2 43 40.000 0.500 0.000 40.000 0.500 0.000
4 2 44 40.000 0.500 0.000 40.000 0.500 0.000
4 2 45 40.000 0.500 0.000 40.000 0.500 0.000
4 2 46 40.000 0.500 0.000 40.000 0.500 0.000
4 2 47 40.000 0.500 0.000 40.000 0.500 0.000
4 2 48 40.000 0.500 0.000 40.000 0.500 0.000
4 2 49 40.000 0.500 0.000 40.000 0.500 0.000
4 2 50 40.000 0.500 0.000 40.000 0.500 0.000
4 2 51 40.000 0.500 0.000 40.000 0.500 0.000
4 2 52 40.000 0.500 0.000 40.000 0.500 0.000
4 2 53 40.000 0.500 0.000 40.000 0.500 0.000
4 2 54 40.000 0.500 0.000 40.000 0.500 0.000
4 2 55 40.000 0.500 0.000 40.000 0.500 0.000
4 2 56 40.000 0.500 0.000 40.000 0.500 0.000
4 2 57 40.000 0.500 0.000 40.000 0.500 0.000
4 2 58 40.000 0.500 0.000 40.000 0.500 0.000
4 2 59 40.000 0.500 0.000 40.000 0.500 0.000
4 2 60 40.000 0.500 0.000 40.000 0.500 0.000
4 2 61 40.000 0.500 0.000 40.000 0.500 0.000
4 2 62 40.000 0.500 0.000 40.000 0.500 0.000
4 3 1 40.000 0.500 0.000 40.000 0.500 0.000
4 3 2 40.000 0.500 0.000 40.000 0.500 0.000
4 3 3 40.000 0.500 0.000 40.000 0.500 0.000
4 3 4 40.000 0.500 0.000 40.000 0.500 0.000
4 3 5 40.000 0.500 0.000 40.000 0.500 0.000
5 1 1 40.000 0.500 0.000 40.000 0.500 0.000
5 1 2 40.000 0.500 0.000 40.000 0.500 0.000
5 1 3 40.000 0.500 0.000 40.000 0.500 0.000
5 1 4 40.000 0.500 0.000 40.000 0.500 0.000
5 1 5 40.000 0.500 0.000 40.000 0.500 0.000
5 1 6 40.000 0.500 0.000 40.000 0.500 0.000
5 1 7 40.000 0.500 0.000 40.000 0.500 0.000
5 1 8 40.000 0.500 0.000 40.000 0.500 0.000
5 1 9 40.000 0.500 0.000 40.000 0.500 0.000
5 1 10 40.000 0.500 0.000 40.000 0.500 0.000
5 1 11 40.000 0.500 0.000 40.000 0.500 0.000
5 1 12 40.000 0.500 0.000 40.000 0.500 0.000
5 1 13 40.000 0.500 0.000 40.000 0.500 0.000
5 1 14 40.000 0.500 0.000 40.000 0.500 0.000
5 1 15 40.000 0.500 0.000 40.000 0.500 0.000
5 1 16 40.000 0.500 0.000 40.000 0.500 0.000
5 1 17 40.000 0.500 0.000 40.000 0.500 0.000
5 1 18 40.000 0.500 0.000 40.000 0.500 0.000
5 1 19 40.000 0.500 0.000 40.000 0.500 0.000
5 1 20 40.000 0.500 0.000 40.000 0.500 0.000
5 1 21 40.000 0.500 0.000 40.000 0.500 0.000
5 1 22 40.000 0.500 0.000 40.000 0.500 0.000
5 1 23 40.000 0.500 0.000 40.000 0.500 0.000
5 2 1 40.000 0.500 0.000 40.000 0.500 0.000
5 2 2 40.000 0.500 0.000 40.000 0.500 0.000
5 2 3 40.000 0.500 0.000 40.000 0.500 0.000
5 2 4 40.000 0.500 0.000 40.000 0.500 0.000
5 2 5 40.000 0.500 0.000 40.000 0.500 0.000
5 2 6 40.000 0.500 0.000 40.000 0.500 0.000
5 2 7 40.000 0.500 0.000 40.000 0.500 0.000
5 2 8 40.000 0.500 0.000 40.000 0.500 0.000
5 2 9 40.000 0.500 0.000 40.000 0.500 0.000
5 2 10 40.000 0.500 0.000 40.000 0.500 0.000
5 2 11 40.000 0.500 0.000 40.000 0.500 0.000
5 2 12 40.000 0.500 0.000 40.000 0.500 0.000
5 2 13 40.000 0.500 0.000 40.000 0.500 0.000
5 2 14 40.000 0.500 0.000 40.000 0.500 0.000
5 2 15 40.000 0.500 0.000 40.000 0.500 0.000
5 2 16 40.000 0.500 0.000 40.000 0.500 0.000
5 2 17 40.000 0.500 0.000 40.000 0.500 0.000
5 2 18 40.000 0.500 0.000 40.000 0.500 0.000
5 2 19 40.000 0.500 0.000 40.000 0.500 0.000
5 2 20 40.000 0.500 0.000 40.000 0.500 0.000
5 2 21 40.000 0.500 0.000 40.000 0.500 0.000
5 2 22 40.000 0.500 0.000 40.000 0.500 0.000
5 2 23 40.000 0.500 0.000 40.000 0.500 0.000
5 2 24 40.000 0.500 0.000 40.000 0.500 0.000
5 2 25 40.000 0.500 0.000 40.000 0.500 0.000
5 2 26 40.000 0.500 0.000 40.000 0.500 0.000
5 2 27 40.000 0.500 0.000 40.000 0.500 0.000
5 2 28 40.000 0.500 0.000 40.000 0.500 0.000
5 2 29 40.000 0.500 0.000 40.000 0.500 0.000
5 2 30 40.000 0.500 0.000 40.000 0.500 0.000
5 2 31 40.000 0.500 0.000 40.000 0.500 0.000
5 2 32 40.000 0.500 0.000 40.000 0.500 0.000
5 2 33 40.000 0.500 0.000 40.000 0.500 0.000
5 2 34 40.000 0.500 0.000 40.000 0.500 0.000
5 2 35 40.000 0.500 0.000 40.000 0.500 0.000
5 2 36 40.000 0.500 0.000 40.000 0.500 0.000
5 2 37 40.000 0.500 0.000 40.000 0.500 0.000
5 2 38 40.000 0.500 0.000 40.000 0.500 0.000
5 2 39 40.000 0.500 0.000 40.000 0.500 0.000
5 2 40 40.000 0.500 0.000 40.000 0.500 0.000
5 2 41 40.000 0.500 0.000 40.000 0.500 0.000
5 2 42 40.000 0.500 0.000 40.000 0.500 0.000
5 2 43 40.000 0.500 0.000 40.000 0.500 0.000
5 2 44 40.000 0.500 0.000 40.000 0.500 0.000
5 2 45 40.000 0.500 0.000 40.000 0.500 0.000
5 2 46 40.000 0.500 0.000 40.000 0.500 0.000
5 2 47 40.000 0.500 0.000 40.000 0.500 0.000
5 2 48 40.000 0.500 0.000 40.000 0.500 0.000
5 2 49 40.000 0.500 0.000 40.000 0.500 0.000
5 2 50 40.000 0.500 0.000 40.000 0.500 0.000
5 2 51 40.000 0.500 0.000 40.000 0.500 0.000
5 2 52 40.000 0.500 0.000 40.000 0.500 0.000
5 2 53 40.000 0.500 0.000 40.000 0.500 0.000
5 2 54 40.000 0.500 0.000 40.000 0.500 0.000
5 2 55 40.000 0.500 0.000 40.000 0.500 0.000
5 2 56 40.000 0.500 0.000 40.000 0.500 0.000
5 2 57 40.000 0.500 0.000 40.000 0.500 0.000
5 2 58 40.000 0.500 0.000 40.000 0.500 0.000
5 2 59 40.000 0.500 0.000 40.000 0.500 0.000
5 2 60 40.000 0.500 0.000 40.000 0.500 0.000
5 2 61 40.000 0.500 0.000 40.000 0.500 0.000
5 2 62 40.000 0.500 0.000 40.000 0.500 0.000
5 3 1 40.000 0.500 0.000 40.000 0.500 0.000
5 3 2 40.000 0.500 0.000 40.000 0.500 0.000
5 3 3 40.000 0.500 0.000 40.000 0.500 0.000
5 3 4 40.000 0.500 0.000 40.000 0.500 0.000
5 3 5 40.000 0.500 0.000 40.000 0.500 0.000
6 1 1 40.000 0.500 0.000 40.000 0.500 0.000
6 1 2 40.000 0.500 0.000 40.000 0.500 0.000
6 1 3 40.000 0.500 0.000 40.000 0.500 0.000
6 1 4 40.000 0.500 0.000 40.000 0.500 0.000
6 1 5 40.000 0.500 0.000 40.000 0.500 0.000
6 1 6 40.000 0.500 0.000 40.000 0.500 0.000
6 1 7 40.000 0.500 0.000 40.000 0.500 0.000
6 1 8 40.000 0.500 0.000 40.000 0.500 0.000
6 1 9 40.000 0.500 0.000 40.000 0.500 0.000
6 1 10 40.000 0.500 0.000 40.000 0.500 0.000
6 1 11 40.000 0.500 0.000 40.000 0.500 0.000
6 1 12 40.000 0.500 0.000 40.000 0.500 0.000
6 1 13 40.000 0.500 0.000 40.000 0.500 0.000
6 1 14 40.000 0.500 0.000 40.000 0.500 0.000
6 1 15 40.000 0.500 0.000 40.000 0.500 0.000
6 1 16 40.000 0.500 0.000 40.000 0.500 0.000
6 1 17 40.000 0.500 0.000 40.000 0.500 0.000
6 1 18 40.000 0.500 0.000 40.000 0.500 0.000
6 1 19 40.000 0.500 0.000 40.000 0.500 0.000
6 1 20 40.000 0.500 0.000 40.000 0.500 0.000
6 1 21 40.000 0.500 0.000 40.000 0.500 0.000
6 1 22 40.000 0.500 0.000 40.000 0.500 0.000
6 1 23 40.000 0.500 0.000 40.000 0.500 0.000
6 2 1 40.000 0.500 0.000 40.000 0.500 0.000
6 2 2 40.000 0.500 0.000 40.000 0.500 0.000
6 2 3 40.000 0.500 0.000 40.000 0.500 0.000
6 2 4 40.000 0.500 0.000 40.000 0.500 0.000
6 2 5 40.000 0.500 0.000 40.000 0.500 0.000
6 2 6 40.000 0.500 0.000 40.000 0.500 0.000
6 2 7 40.000 0.500 0.000 40.000 0.500 0.000
6 2 8 40.000 0.500 0.000 40.000 0.500 0.000
6 2 9 40.000 0.500 0.000 40.000 0.500 0.000
6 2 10 40.000 0.500 0.000 40.000 0.500 0.000
6 2 11 40.000 0.500 0.000 40.000 0.500 0.000
6 2 12 40.000 0.500 0.000 40.000 0.500 0.000
6 2 13 40.000 0.500 0.000 40.000 0.500 0.000
6 2 14 40.000 0.500 0.000 40.000 0.500 0.000
6 2 15 40.000 0.500 0.000 40.000 0.500 0.000
6 2 16 40.000 0.500 0.000 40.000 0.500 0.000
6 2 17 40.000 0.500 0.000 40.000 0.500 0.000
6 2 18 40.000 0.500 0.000 40.000 0.500 0.000
6 2 19 40.000 0.500 0.000 40.000 0.500 0.000
6 2 20 40.000 0.500 0.000 40.000 0.500 0.000
6 2 21 40.000 0.500 0.000 40.000 0.500 0.000
6 2 22 40.000 0.500 0.000 40.000 0.500 0.000
6 2 23 40.000 0.500 0.000 40.000 0.500 0.000
6 2 24 40.000 0.500 0.000 40.000 0.500 0.000
6 2 25 40.000 0.500 0.000 40.000 0.500 0.000
6 2 26 40.000 0.500 0.000 40.000 0.500 0.000
6 2 27 40.000 0.500 0.000 40.000 0.500 0.000
6 2 28 40.000 0.500 0.000 40.000 0.500 0.000
6 2 29 40.000 0.500 0.000 40.000 0.500 0.000
6 2 30 40.000 0.500 0.000 40.000 0.500 0.000
6 2 31 40.000 0.500 0.000 40.000 0.500 0.000
6 2 32 40.000 0.500 0.000 40.000 0.500 0.000
6 2 33 40.000 0.500 0.000 40.000 0.500 0.000
6 2 34 40.000 0.500 0.000 40.000 0.500 0.000
6 2 35 40.000 0.500 0.000 40.000 0.500 0.000
6 2 36 40.000 0.500 0.000 40.000 0.500 0.000
6 2 37 40.000 0.500 0.000 40.000 0.500 0.000
6 2 38 40.000 0.500 0.000 40.000 0.500 0.000
6 2 39 40.000 0.500 0.000 40.000 0.500 0.000
6 2 40 40.000 0.500 0.000 40.000 0.500 0.000
6 2 41 40.000 0.500 0.000 40.000 0.500 0.000
6 2 42 40.000 0.500 0.000 40.000 0.500 0.000
6 2 43 40.000 0.500 0.000 40.000 0.500 0.000
6 2 44 40.000 0.500 0.000 40.000 0.500 0.000
6 2 45 40.000 0.500 0.000 40.000 0.500 0.000
6 2 46 40.000 0.500 0.000 40.000 0.500 0.000
6 2 47 40.000 0.500 0.000 40.000 0.500 0.000
6 2 48 40.000 0.500 0.000 40.000 0.500 0.000
6 2 49 40.000 0.500 0.000 40.000 0.500 0.000
6 2 50 40.000 0.500 0.000 40.000 0.500 0.000
6 2 51 40.000 0.500 0.000 40.000 0.500 0.000
6 2 52 40.000 0.500 0.000 40.000 0.500 0.000
6 2 53 40.000 0.500 0.000 40.000 0.500 0.000
6 2 54 40.000 0.500 0.000 40.000 0.500 0.000
6 2 55 40.000 0.500 0.000 40.000 0.500 0.000
6 2 56 40.000 0.500 0.000 40.000 0.500 0.000
6 2 57 40.000 0.500 0.000 40.000 0.500 0.000
6 2 58 40.000 0.500 0.000 40.000 0.500 0.000
6 2 59 40.000 0.500 0.000 40.000 0.500 0.000
6 2 60 40.000 0.500 0.000 40.000 0.500 0.000
6 2 61 40.000 0.500 0.000 40.000 0.500 0.000
6 2 62 40.000 0.500 0.000 40.000 0.500 0.000
6 3 1 40.000 0.500 0.000 40.000 0.500 0.000
6 3 2 40.000 0.500 0.000 40.000 0.500 0.000
6 3 3 40.000 0.500 0.000 40.000 0.500 0.000
6 3 4 40.000 0.500 0.000 40.000 0.500 0.000
6 3 5 40.000 0.500 0.000 40.000 0.500 0.000
