1 1 1 133.062 133.062 995.008 995.008 0.000
1 1 2 137.041 137.041 1061.068 1061.068 0.000
1 1 3 141.019 141.019 1129.331 1129.331 0.000
1 1 4 144.997 144.997 1199.802 1199.802 0.000
1 1 5 148.976 148.976 1272.485 1272.485 0.000
1 1 6 151.704 151.704 1323.614 1323.614 0.000
1 1 7 155.682 155.682 1400.040 1400.040 0.000
1 1 8 159.661 159.661 1478.692 1478.692 0.000
1 1 9 163.639 163.639 1559.575 1559.575 0.000
1 1 10 167.617 167.617 1642.694 1642.694 0.000
1 1 11 171.596 171.596 1728.054 1728.054 0.000
1 1 12 175.574 175.574 1815.659 1815.659 0.000
1 1 13 179.553 179.553 1905.514 1905.514 0.000
1 1 14 183.531 183.531 1997.625 1997.625 0.000
1 1 15 187.509 187.509 2091.994 2091.994 0.000
1 1 16 191.488 191.488 2188.629 2188.629 0.000
1 1 17 195.466 195.466 2287.532 2287.532 0.000
1 1 18 199.444 199.444 2388.709 2388.709 0.000
1 1 19 203.423 203.423 2492.164 2492.164 0.000
1 1 20 207.401 207.401 2597.902 2597.902 0.000
1 1 21 211.379 211.379 2705.928 2705.928 0.000
1 1 22 215.358 215.358 2816.246 2816.246 0.000
1 1 23 219.336 219.336 2928.862 2928.862 0.000
1 2 1 139.062 139.062 1095.474 1095.474 0.000
1 2 2 143.139 143.139 1166.603 1166.603 0.000
1 2 3 147.215 147.215 1240.054 1240.054 0.000
1 2 4 151.292 151.292 1315.831 1315.831 0.000
1 2 5 155.369 155.369 1393.940 1393.940 0.000
1 2 6 159.446 159.446 1474.387 1474.387 0.000
1 2 7 163.523 163.523 1557.176 1557.176 0.000
1 2 8 167.599 167.599 1642.313 1642.313 0.000
1 2 9 171.676 171.676 1729.803 1729.803 0.000
1 2 10 175.753 175.753 1819.652 1819.652 0.000
1 2 11 179.830 179.830 1911.863 1911.863 0.000
1 2 12 183.907 183.907 2006.443 2006.443 0.000
1 2 13 187.983 187.983 2103.396 2103.396 0.000
1 2 14 192.060 192.060 2202.727 2202.727 0.000
1 2 15 196.137 196.137 2304.442 2304.442 0.000
1 2 16 200.214 200.214 2408.545 2408.545 0.000
1 2 17 204.291 204.291 2515.041 2515.041 0.000
1 2 18 208.367 208.367 2623.936 2623.936 0.000
1 2 19 212.444 212.444 2735.234 2735.234 0.000
1 2 20 216.521 216.521 2848.942 2848.942 0.000
1 2 21 220.598 220.598 2965.063 2965.063 0.000
1 2 22 224.675 224.675 3083.602 3083.602 0.000
1 2 23 228.751 228.751 3204.567 3204.567 0.000
1 2 24 232.828 232.828 3327.960 3327.960 0.000
1 2 25 236.905 236.905 3453.789 3453.789 0.000
1 2 26 240.982 240.982 3582.058 3582.058 0.000
1 2 27 245.059 245.059 3712.772 3712.772 0.000
1 2 28 249.135 249.135 3845.938 3845.938 0.000
1 2 29 253.212 253.212 3981.561 3981.561 0.000
1 2 30 257.289 257.289 4119.646 4119.646 0.000
1 2 31 261.366 261.366 4260.199 4260.199 0.000
1 2 32 265.443 265.443 4403.227 4403.227 0.000
1 2 33 269.519 269.519 4548.735 4548.735 0.000
1 2 34 273.596 273.596 4696.729 4696.729 0.000
1 2 35 277.673 277.673 4847.216 4847.216 0.000
1 2 36 281.750 281.750 5000.202 5000.202 0.000
1 2 37 285.827 285.827 5155.694 5155.694 0.000
1 2 38 289.903 289.903 5313.698 5313.698 0.000
1 2 39 293.980 293.980 5474.222 5474.222 0.000
1 2 40 298.057 298.057 5637.272 5637.272 0.000
1 2 41 302.134 302.134 5802.856 5802.856 0.000
1 2 42 306.211 306.211 5970.981 5970.981 0.000
1 2 43 310.287 310.287 6141.655 6141.655 0.000
1 2 44 314.364 314.364 6314.886 6314.886 0.000
1 2 45 318.441 318.441 6490.682 6490.682 0.000
1 2 46 322.518 322.518 6669.053 6669.053 0.000
1 2 47 326.595 326.595 6850.006 6850.006 0.000
1 2 48 330.671 330.671 7033.551 7033.551 0.000
1 2 49 334.748 334.748 7219.699 7219.699 0.000
1 2 50 338.825 338.825 7408.458 7408.458 0.000
1 2 51 342.902 342.902 7599.839 7599.839 0.000
1 2 52 346.979 346.979 7793.853 7793.853 0.000
1 2 53 351.055 351.055 7990.513 7990.513 0.000
1 2 54 355.132 355.132 8189.829 8189.829 0.000
1 2 55 359.209 359.209 8391.815 8391.815 0.000
1 2 56 363.286 363.286 8596.484 8596.484 0.000
1 2 57 367.363 367.363 8803.850 8803.850 0.000
1 2 58 371.439 371.439 9013.929 9013.929 0.000
1 2 59 375.516 375.516 9226.735 9226.735 0.000
1 2 60 379.593 379.593 9442.287 9442.287 0.000
1 2 61 383.670 383.670 9660.601 9660.601 0.000
1 2 62 387.747 387.747 9881.699 9881.699 0.000
1 3 1 218.151 218.151 2895.085 2895.085 0.000
1 3 2 221.598 221.598 2993.904 2993.904 0.000
1 3 3 225.044 225.044 3094.453 3094.453 0.000
1 3 4 228.490 228.490 3196.735 3196.735 0.000
1 3 5 231.936 231.936 3300.752 3300.752 0.000
2 1 1 95.240 95.240 126.035 126.035 0.536
2 1 2 113.461 113.461 59.171 59.171 -0.195
2 1 3 77.209 77.209 25.222 25.222 -0.208
2 1 4 112.805 112.805 35.706 35.706 0.277
2 1 5 148.976 148.976 1272.485 1272.485 0.000
2 1 6 499.984 499.984 24018.141 24018.141 2.660
2 1 7 127.134 127.134 29.145 29.145 0.001
2 1 8 131.414 131.414 27.418 27.418 0.136
2 1 9 134.967 134.967 25.159 25.159 -0.076
2 1 10 167.617 167.617 1642.694 1642.694 0.000
2 1 11 145.418 145.418 23.461 23.461 -0.144
2 1 12 99.168 99.168 12.189 12.189 -0.256
2 1 13 140.209 140.209 19.236 19.236 -0.089
2 1 14 140.743 140.743 17.417 17.417 -0.351
2 1 15 135.682 135.682 15.881 15.881 -0.146
2 1 16 147.387 147.387 16.669 16.669 -0.144
2 1 17 147.275 147.275 15.135 15.135 -0.565
2 1 18 194.831 194.831 23.035 23.035 0.032
2 1 19 500.000 500.000 57.460 57.460 1.430
2 1 20 174.610 174.610 17.512 17.512 -0.210
2 1 21 211.379 211.379 2705.928 2705.928 0.000
2 1 22 195.356 195.356 19.039 19.039 -0.119
2 1 23 191.709 191.709 17.725 17.725 0.126
2 2 1 50.254 50.254 67.819 67.819 0.307
2 2 2 189.711 189.711 238.655 238.655 -0.046
2 2 3 182.427 182.427 201.262 201.262 -0.006
2 2 4 113.291 113.291 64.068 64.068 -0.216
2 2 5 147.390 147.390 99.118 99.118 0.080
2 2 6 168.382 168.382 101.157 101.157 0.121
2 2 7 157.814 157.814 80.766 80.766 -0.122
2 2 8 133.562 133.562 61.216 61.216 0.036
2 2 9 146.659 146.659 57.294 57.294 -0.345
2 2 10 198.238 198.238 86.131 86.131 -0.149
2 2 11 191.045 191.045 80.189 80.189 -0.084
2 2 12 205.063 205.063 84.423 84.423 -0.073
2 2 13 172.040 172.040 58.624 58.624 0.059
2 2 14 144.676 144.676 43.288 43.288 0.046
2 2 15 157.356 157.356 46.899 46.899 -0.012
2 2 16 177.491 177.491 51.554 51.554 -0.088
2 2 17 188.269 188.269 54.177 54.177 -0.076
2 2 18 137.168 137.168 31.347 31.347 -0.000
2 2 19 138.605 138.605 30.675 30.675 -0.006
2 2 20 176.366 176.366 42.393 42.393 -0.049
2 2 21 142.026 142.026 28.640 28.640 0.015
2 2 22 187.965 187.965 42.678 42.678 0.018
2 2 23 172.475 172.475 36.343 36.343 -0.018
2 2 24 147.543 147.543 27.038 27.038 0.029
2 2 25 175.004 175.004 33.900 33.900 -0.047
2 2 26 181.274 181.274 34.713 34.713 -0.065
2 2 27 214.579 214.579 41.652 41.652 -0.165
2 2 28 190.626 190.626 34.560 34.560 -0.060
2 2 29 166.227 166.227 26.755 26.755 -0.166
2 2 30 168.122 168.122 26.535 26.535 -0.180
2 2 31 139.689 139.689 19.826 19.826 -0.052
2 2 32 251.115 251.115 44.716 44.716 -0.160
2 2 33 238.329 238.329 41.284 41.284 -0.014
2 2 34 289.577 289.577 54.108 54.108 -0.006
2 2 35 272.578 272.578 47.520 47.520 -0.071
2 2 36 240.319 240.319 38.633 38.633 -0.059
2 2 37 253.783 253.783 41.181 41.181 -0.026
2 2 38 317.798 317.798 55.145 55.145 -0.081
2 2 39 211.465 211.465 28.212 28.212 -0.344
2 2 40 231.362 231.362 32.755 32.755 -0.190
2 2 41 263.869 263.869 38.787 38.787 -0.142
2 2 42 239.370 239.370 33.216 33.216 -0.063
2 2 43 211.856 211.856 24.793 24.793 -0.528
2 2 44 284.654 284.654 40.726 40.726 -0.107
2 2 45 240.625 240.625 31.131 31.131 -0.144
2 2 46 256.292 256.292 33.230 33.230 -0.100
2 2 47 269.137 269.137 35.418 35.418 -0.087
2 2 48 287.127 287.127 37.491 37.491 -0.259
2 2 49 280.301 280.301 35.878 35.878 -0.106
2 2 50 306.114 306.114 40.273 40.273 -0.122
2 2 51 345.474 345.474 47.843 47.843 -0.046
2 2 52 324.285 324.285 41.856 41.856 -0.148
2 2 53 322.623 322.623 41.212 41.212 -0.099
2 2 54 320.067 320.067 40.234 40.234 -0.009
2 2 55 270.729 270.729 30.658 30.658 0.044
2 2 56 376.087 376.087 49.570 49.570 -0.030
2 2 57 309.326 309.326 35.951 35.951 -0.073
2 2 58 240.274 240.274 24.321 24.321 -0.117
2 2 59 258.292 258.292 26.892 26.892 -0.185
2 2 60 292.016 292.016 31.888 31.888 -0.097
2 2 61 323.755 323.755 35.836 35.836 -0.336
2 2 62 328.012 328.012 36.812 36.812 0.055
2 3 1 211.996 211.996 20.252 20.252 -0.711
2 3 2 283.381 283.381 30.840 30.840 -0.009
2 3 3 245.112 245.112 23.977 23.977 -0.218
2 3 4 228.490 228.490 3196.735 3196.735 0.000
2 3 5 232.445 232.445 20.066 20.066 -0.593
3 1 1 133.062 133.062 995.008 995.008 0.000
3 1 2 137.041 137.041 1061.068 1061.068 0.000
3 1 3 141.019 141.019 1129.331 1129.331 0.000
3 1 4 144.997 144.997 1199.802 1199.802 0.000
3 1 5 148.976 148.976 1272.485 1272.485 0.000
3 1 6 151.704 151.704 1323.614 1323.614 0.000
3 1 7 155.682 155.682 1400.040 1400.040 0.000
3 1 8 159.661 159.661 1478.692 1478.692 0.000
3 1 9 163.639 163.639 1559.575 1559.575 0.000
3 1 10 167.617 167.617 1642.694 1642.694 0.000
3 1 11 171.596 171.596 1728.054 1728.054 0.000
3 1 12 175.574 175.574 1815.659 1815.659 0.000
3 1 13 179.553 179.553 1905.514 1905.514 0.000
3 1 14 183.531 183.531 1997.625 1997.625 0.000
3 1 15 187.509 187.509 2091.994 2091.994 0.000
3 1 16 191.488 191.488 2188.629 2188.629 0.000
3 1 17 195.466 195.466 2287.532 2287.532 0.000
3 1 18 199.444 199.444 2388.709 2388.709 0.000
3 1 19 203.423 203.423 2492.164 2492.164 0.000
3 1 20 207.401 207.401 2597.902 2597.902 0.000
3 1 21 211.379 211.379 2705.928 2705.928 0.000
3 1 22 215.358 215.358 2816.246 2816.246 0.000
3 1 23 219.336 219.336 2928.862 2928.862 0.000
3 2 1 139.062 139.062 1095.474 1095.474 0.000
3 2 2 143.139 143.139 1166.603 1166.603 0.000
3 2 3 147.215 147.215 1240.054 1240.054 0.000
3 2 4 151.292 151.292 1315.831 1315.831 0.000
3 2 5 155.369 155.369 1393.940 1393.940 0.000
3 2 6 159.446 159.446 1474.387 1474.387 0.000
3 2 7 163.523 163.523 1557.176 1557.176 0.000
3 2 8 167.599 167.599 1642.313 1642.313 0.000
3 2 9 171.676 171.676 1729.803 1729.803 0.000
3 2 10 175.753 175.753 1819.652 1819.652 0.000
3 2 11 179.830 179.830 1911.863 1911.863 0.000
3 2 12 183.907 183.907 2006.443 2006.443 0.000
3 2 13 187.983 187.983 2103.396 2103.396 0.000
3 2 14 192.060 192.060 2202.727 2202.727 0.000
3 2 15 196.137 196.137 2304.442 2304.442 0.000
3 2 16 200.214 200.214 2408.545 2408.545 0.000
3 2 17 204.291 204.291 2515.041 2515.041 0.000
3 2 18 208.367 208.367 2623.936 2623.936 0.000
3 2 19 212.444 212.444 2735.234 2735.234 0.000
3 2 20 216.521 216.521 2848.942 2848.942 0.000
3 2 21 220.598 220.598 2965.063 2965.063 0.000
3 2 22 224.675 224.675 3083.602 3083.602 0.000
3 2 23 228.751 228.751 3204.567 3204.567 0.000
3 2 24 232.828 232.828 3327.960 3327.960 0.000
3 2 25 236.905 236.905 3453.789 3453.789 0.000
3 2 26 240.982 240.982 3582.058 3582.058 0.000
3 2 27 245.059 245.059 3712.772 3712.772 0.000
3 2 28 249.135 249.135 3845.938 3845.938 0.000
3 2 29 253.212 253.212 3981.561 3981.561 0.000
3 2 30 257.289 257.289 4119.646 4119.646 0.000
3 2 31 261.366 261.366 4260.199 4260.199 0.000
3 2 32 265.443 265.443 4403.227 4403.227 0.000
3 2 33 269.519 269.519 4548.735 4548.735 0.000
3 2 34 273.596 273.596 4696.729 4696.729 0.000
3 2 35 277.673 277.673 4847.216 4847.216 0.000
3 2 36 281.750 281.750 5000.202 5000.202 0.000
3 2 37 285.827 285.827 5155.694 5155.694 0.000
3 2 38 289.903 289.903 5313.698 5313.698 0.000
3 2 39 293.980 293.980 5474.222 5474.222 0.000
3 2 40 298.057 298.057 5637.272 5637.272 0.000
3 2 41 302.134 302.134 5802.856 5802.856 0.000
3 2 42 306.211 306.211 5970.981 5970.981 0.000
3 2 43 310.287 310.287 6141.655 6141.655 0.000
3 2 44 314.364 314.364 6314.886 6314.886 0.000
3 2 45 318.441 318.441 6490.682 6490.682 0.000
3 2 46 322.518 322.518 6669.053 6669.053 0.000
3 2 47 326.595 326.595 6850.006 6850.006 0.000
3 2 48 330.671 330.671 7033.551 7033.551 0.000
3 2 49 334.748 334.748 7219.699 7219.699 0.000
3 2 50 338.825 338.825 7408.458 7408.458 0.000
3 2 51 342.902 342.902 7599.839 7599.839 0.000
3 2 52 346.979 346.979 7793.853 7793.853 0.000
3 2 53 351.055 351.055 7990.513 7990.513 0.000
3 2 54 355.132 355.132 8189.829 8189.829 0.000
3 2 55 359.209 359.209 8391.815 8391.815 0.000
3 2 56 363.286 363.286 8596.484 8596.484 0.000
3 2 57 367.363 367.363 8803.850 8803.850 0.000
3 2 58 371.439 371.439 9013.929 9013.929 0.000
3 2 59 375.516 375.516 9226.735 9226.735 0.000
3 2 60 379.593 379.593 9442.287 9442.287 0.000
3 2 61 383.670 383.670 9660.601 9660.601 0.000
3 2 62 387.747 387.747 9881.699 9881.699 0.000
3 3 1 218.151 218.151 2895.085 2895.085 0.000
3 3 2 221.598 221.598 2993.904 2993.904 0.000
3 3 3 225.044 225.044 3094.453 3094.453 0.000
3 3 4 228.490 228.490 3196.735 3196.735 0.000
3 3 5 231.936 231.936 3300.752 3300.752 0.000
4 1 1 133.062 133.062 995.008 995.008 0.000
4 1 2 137.041 137.041 1061.068 1061.068 0.000
4 1 3 141.019 141.019 1129.331 1129.331 0.000
4 1 4 144.997 144.997 1199.802 1199.802 0.000
4 1 5 148.976 148.976 1272.485 1272.485 0.000
4 1 6 151.704 151.704 1323.614 1323.614 0.000
4 1 7 155.682 155.682 1400.040 1400.040 0.000
4 1 8 159.661 159.661 1478.692 1478.692 0.000
4 1 9 163.639 163.639 1559.575 1559.575 0.000
4 1 10 167.617 167.617 1642.694 1642.694 0.000
4 1 11 171.596 171.596 1728.054 1728.054 0.000
4 1 12 175.574 175.574 1815.659 1815.659 0.000
4 1 13 179.553 179.553 1905.514 1905.514 0.000
4 1 14 183.531 183.531 1997.625 1997.625 0.000
4 1 15 187.509 187.509 2091.994 2091.994 0.000
4 1 16 191.488 191.488 2188.629 2188.629 0.000
4 1 17 195.466 195.466 2287.532 2287.532 0.000
4 1 18 199.444 199.444 2388.709 2388.709 0.000
4 1 19 203.423 203.423 2492.164 2492.164 0.000
4 1 20 207.401 207.401 2597.902 2597.902 0.000
4 1 21 211.379 211.379 2705.928 2705.928 0.000
4 1 22 215.358 215.358 2816.246 2816.246 0.000
4 1 23 219.336 219.336 2928.862 2928.862 0.000
4 2 1 139.062 139.062 1095.474 1095.474 0.000
4 2 2 143.139 143.139 1166.603 1166.603 0.000
4 2 3 147.215 147.215 1240.054 1240.054 0.000
4 2 4 151.292 151.292 1315.831 1315.831 0.000
4 2 5 155.369 155.369 1393.940 1393.940 0.000
4 2 6 159.446 159.446 1474.387 1474.387 0.000
4 2 7 163.523 163.523 1557.176 1557.176 0.000
4 2 8 167.599 167.599 1642.313 1642.313 0.000
4 2 9 171.676 171.676 1729.803 1729.803 0.000
4 2 10 175.753 175.753 1819.652 1819.652 0.000
4 2 11 179.830 179.830 1911.863 1911.863 0.000
4 2 12 183.907 183.907 2006.443 2006.443 0.000
4 2 13 187.983 187.983 2103.396 2103.396 0.000
4 2 14 192.060 192.060 2202.727 2202.727 0.000
4 2 15 196.137 196.137 2304.442 2304.442 0.000
4 2 16 200.214 200.214 2408.545 2408.545 0.000
4 2 17 204.291 204.291 2515.041 2515.041 0.000
4 2 18 208.367 208.367 2623.936 2623.936 0.000
4 2 19 212.444 212.444 2735.234 2735.234 0.000
4 2 20 216.521 216.521 2848.942 2848.942 0.000
4 2 21 220.598 220.598 2965.063 2965.063 0.000
4 2 22 224.675 224.675 3083.602 3083.602 0.000
4 2 23 228.751 228.751 3204.567 3204.567 0.000
4 2 24 232.828 232.828 3327.960 3327.960 0.000
4 2 25 236.905 236.905 3453.789 3453.789 0.000
4 2 26 240.982 240.982 3582.058 3582.058 0.000
4 2 27 245.059 245.059 3712.772 3712.772 0.000
4 2 28 249.135 249.135 3845.938 3845.938 0.000
4 2 29 253.212 253.212 3981.561 3981.561 0.000
4 2 30 257.289 257.289 4119.646 4119.646 0.000
4 2 31 261.366 261.366 4260.199 4260.199 0.000
4 2 32 265.443 265.443 4403.227 4403.227 0.000
4 2 33 269.519 269.519 4548.735 4548.735 0.000
4 2 34 273.596 273.596 4696.729 4696.729 0.000
4 2 35 277.673 277.673 4847.216 4847.216 0.000
4 2 36 281.750 281.750 5000.202 5000.202 0.000
4 2 37 285.827 285.827 5155.694 5155.694 0.000
4 2 38 289.903 289.903 5313.698 5313.698 0.000
4 2 39 293.980 293.980 5474.222 5474.222 0.000
4 2 40 298.057 298.057 5637.272 5637.272 0.000
4 2 41 302.134 302.134 5802.856 5802.856 0.000
4 2 42 306.211 306.211 5970.981 5970.981 0.000
4 2 43 310.287 310.287 6141.655 6141.655 0.000
4 2 44 314.364 314.364 6314.886 6314.886 0.000
4 2 45 318.441 318.441 6490.682 6490.682 0.000
4 2 46 322.518 322.518 6669.053 6669.053 0.000
4 2 47 326.595 326.595 6850.006 6850.006 0.000
4 2 48 330.671 330.671 7033.551 7033.551 0.000
4 2 49 334.748 334.748 7219.699 7219.699 0.000
4 2 50 338.825 338.825 7408.458 7408.458 0.000
4 2 51 342.902 342.902 7599.839 7599.839 0.000
4 2 52 346.979 346.979 7793.853 7793.853 0.000
4 2 53 351.055 351.055 7990.513 7990.513 0.000
4 2 54 355.132 355.132 8189.829 8189.829 0.000
4 2 55 359.209 359.209 8391.815 8391.815 0.000
4 2 56 363.286 363.286 8596.484 8596.484 0.000
4 2 57 367.363 367.363 8803.850 8803.850 0.000
4 2 58 371.439 371.439 9013.929 9013.929 0.000
4 2 59 375.516 375.516 9226.735 9226.735 0.000
4 2 60 379.593 379.593 9442.287 9442.287 0.000
4 2 61 383.670 383.670 9660.601 9660.601 0.000
4 2 62 387.747 387.747 9881.699 9881.699 0.000
4 3 1 218.151 218.151 2895.085 2895.085 0.000
4 3 2 221.598 221.598 2993.904 2993.904 0.000
4 3 3 225.044 225.044 3094.453 3094.453 0.000
4 3 4 228.490 228.490 3196.735 3196.735 0.000
4 3 5 231.936 231.936 3300.752 3300.752 0.000
5 1 1 133.062 133.062 995.008 995.008 0.000
5 1 2 137.041 137.041 1061.068 1061.068 0.000
5 1 3 141.019 141.019 1129.331 1129.331 0.000
5 1 4 144.997 144.997 1199.802 1199.802 0.000
5 1 5 148.976 148.976 1272.485 1272.485 0.000
5 1 6 151.704 151.704 1323.614 1323.614 0.000
5 1 7 155.682 155.682 1400.040 1400.040 0.000
5 1 8 159.661 159.661 1478.692 1478.692 0.000
5 1 9 163.639 163.639 1559.575 1559.575 0.000
5 1 10 167.617 167.617 1642.694 1642.694 0.000
5 1 11 171.596 171.596 1728.054 1728.054 0.000
5 1 12 175.574 175.574 1815.659 1815.659 0.000
5 1 13 179.553 179.553 1905.514 1905.514 0.000
5 1 14 183.531 183.531 1997.625 1997.625 0.000
5 1 15 187.509 187.509 2091.994 2091.994 0.000
5 1 16 191.488 191.488 2188.629 2188.629 0.000
5 1 17 195.466 195.466 2287.532 2287.532 0.000
5 1 18 199.444 199.444 2388.709 2388.709 0.000
5 1 19 203.423 203.423 2492.164 2492.164 0.000
5 1 20 207.401 207.401 2597.902 2597.902 0.000
5 1 21 211.379 211.379 2705.928 2705.928 0.000
5 1 22 215.358 215.358 2816.246 2816.246 0.000
5 1 23 219.336 219.336 2928.862 2928.862 0.000
5 2 1 139.062 139.062 1095.474 1095.474 0.000
5 2 2 143.139 143.139 1166.603 1166.603 0.000
5 2 3 147.215 147.215 1240.054 1240.054 0.000
5 2 4 151.292 151.292 1315.831 1315.831 0.000
5 2 5 155.369 155.369 1393.940 1393.940 0.000
5 2 6 159.446 159.446 1474.387 1474.387 0.000
5 2 7 163.523 163.523 1557.176 1557.176 0.000
5 2 8 167.599 167.599 1642.313 1642.313 0.000
5 2 9 171.676 171.676 1729.803 1729.803 0.000
5 2 10 175.753 175.753 1819.652 1819.652 0.000
5 2 11 179.830 179.830 1911.863 1911.863 0.000
5 2 12 183.907 183.907 2006.443 2006.443 0.000
5 2 13 187.983 187.983 2103.396 2103.396 0.000
5 2 14 192.060 192.060 2202.727 2202.727 0.000
5 2 15 196.137 196.137 2304.442 2304.442 0.000
5 2 16 200.214 200.214 2408.545 2408.545 0.000
5 2 17 204.291 204.291 2515.041 2515.041 0.000
5 2 18 208.367 208.367 2623.936 2623.936 0.000
5 2 19 212.444 212.444 2735.234 2735.234 0.000
5 2 20 216.521 216.521 2848.942 2848.942 0.000
5 2 21 220.598 220.598 2965.063 2965.063 0.000
5 2 22 224.675 224.675 3083.602 3083.602 0.000
5 2 23 228.751 228.751 3204.567 3204.567 0.000
5 2 24 232.828 232.828 3327.960 3327.960 0.000
5 2 25 236.905 236.905 3453.789 3453.789 0.000
5 2 26 240.982 240.982 3582.058 3582.058 0.000
5 2 27 245.059 245.059 3712.772 3712.772 0.000
5 2 28 249.135 249.135 3845.938 3845.938 0.000
5 2 29 253.212 253.212 3981.561 3981.561 0.000
5 2 30 257.289 257.289 4119.646 4119.646 0.000
5 2 31 261.366 261.366 4260.199 4260.199 0.000
5 2 32 265.443 265.443 4403.227 4403.227 0.000
5 2 33 269.519 269.519 4548.735 4548.735 0.000
5 2 34 273.596 273.596 4696.729 4696.729 0.000
5 2 35 277.673 277.673 4847.216 4847.216 0.000
5 2 36 281.750 281.750 5000.202 5000.202 0.000
5 2 37 285.827 285.827 5155.694 5155.694 0.000
5 2 38 289.903 289.903 5313.698 5313.698 0.000
5 2 39 293.980 293.980 5474.222 5474.222 0.000
5 2 40 298.057 298.057 5637.272 5637.272 0.000
5 2 41 302.134 302.134 5802.856 5802.856 0.000
5 2 42 306.211 306.211 5970.981 5970.981 0.000
5 2 43 310.287 310.287 6141.655 6141.655 0.000
5 2 44 314.364 314.364 6314.886 6314.886 0.000
5 2 45 318.441 318.441 6490.682 6490.682 0.000
5 2 46 322.518 322.518 6669.053 6669.053 0.000
5 2 47 326.595 326.595 6850.006 6850.006 0.000
5 2 48 330.671 330.671 7033.551 7033.551 0.000
5 2 49 334.748 334.748 7219.699 7219.699 0.000
5 2 50 338.825 338.825 7408.458 7408.458 0.000
5 2 51 342.902 342.902 7599.839 7599.839 0.000
5 2 52 346.979 346.979 7793.853 7793.853 0.000
5 2 53 351.055 351.055 7990.513 7990.513 0.000
5 2 54 355.132 355.132 8189.829 8189.829 0.000
5 2 55 359.209 359.209 8391.815 8391.815 0.000
5 2 56 363.286 363.286 8596.484 8596.484 0.000
5 2 57 367.363 367.363 8803.850 8803.850 0.000
5 2 58 371.439 371.439 9013.929 9013.929 0.000
5 2 59 375.516 375.516 9226.735 9226.735 0.000
5 2 60 379.593 379.593 9442.287 9442.287 0.000
5 2 61 383.670 383.670 9660.601 9660.601 0.000
5 2 62 387.747 387.747 9881.699 9881.699 0.000
5 3 1 218.151 218.151 2895.085 2895.085 0.000
5 3 2 221.598 221.598 2993.904 2993.904 0.000
5 3 3 225.044 225.044 3094.453 3094.453 0.000
5 3 4 228.490 228.490 3196.735 3196.735 0.000
5 3 5 231.936 231.936 3300.752 3300.752 0.000
6 1 1 133.062 133.062 995.008 995.008 0.000
6 1 2 137.041 137.041 1061.068 1061.068 0.000
6 1 3 141.019 141.019 1129.331 1129.331 0.000
6 1 4 144.997 144.997 1199.802 1199.802 0.000
6 1 5 148.976 148.976 1272.485 1272.485 0.000
6 1 6 151.704 151.704 1323.614 1323.614 0.000
6 1 7 155.682 155.682 1400.040 1400.040 0.000
6 1 8 159.661 159.661 1478.692 1478.692 0.000
6 1 9 163.639 163.639 1559.575 1559.575 0.000
6 1 10 167.617 167.617 1642.694 1642.694 0.000
6 1 11 171.596 171.596 1728.054 1728.054 0.000
6 1 12 175.574 175.574 1815.659 1815.659 0.000
6 1 13 179.553 179.553 1905.514 1905.514 0.000
6 1 14 183.531 183.531 1997.625 1997.625 0.000
6 1 15 187.509 187.509 2091.994 2091.994 0.000
6 1 16 191.488 191.488 2188.629 2188.629 0.000
6 1 17 195.466 195.466 2287.532 2287.532 0.000
6 1 18 199.444 199.444 2388.709 2388.709 0.000
6 1 19 203.423 203.423 2492.164 2492.164 0.000
6 1 20 207.401 207.401 2597.902 2597.902 0.000
6 1 21 211.379 211.379 2705.928 2705.928 0.000
6 1 22 215.358 215.358 2816.246 2816.246 0.000
6 1 23 219.336 219.336 2928.862 2928.862 0.000
6 2 1 139.062 139.062 1095.474 1095.474 0.000
6 2 2 143.139 143.139 1166.603 1166.603 0.000
6 2 3 147.215 147.215 1240.054 1240.054 0.000
6 2 4 151.292 151.292 1315.831 1315.831 0.000
6 2 5 155.369 155.369 1393.940 1393.940 0.000
6 2 6 159.446 159.446 1474.387 1474.387 0.000
6 2 7 163.523 163.523 1557.176 1557.176 0.000
6 2 8 167.599 167.599 1642.313 1642.313 0.000
6 2 9 171.676 171.676 1729.803 1729.803 0.000
6 2 10 175.753 175.753 1819.652 1819.652 0.000
6 2 11 179.830 179.830 1911.863 1911.863 0.000
6 2 12 183.907 183.907 2006.443 2006.443 0.000
6 2 13 187.983 187.983 2103.396 2103.396 0.000
6 2 14 192.060 192.060 2202.727 2202.727 0.000
6 2 15 196.137 196.137 2304.442 2304.442 0.000
6 2 16 200.214 200.214 2408.545 2408.545 0.000
6 2 17 204.291 204.291 2515.041 2515.041 0.000
6 2 18 208.367 208.367 2623.936 2623.936 0.000
6 2 19 212.444 212.444 2735.234 2735.234 0.000
6 2 20 216.521 216.521 2848.942 2848.942 0.000
6 2 21 220.598 220.598 2965.063 2965.063 0.000
6 2 22 224.675 224.675 3083.602 3083.602 0.000
6 2 23 228.751 228.751 3204.567 3204.567 0.000
6 2 24 232.828 232.828 3327.960 3327.960 0.000
6 2 25 236.905 236.905 3453.789 3453.789 0.000
6 2 26 240.982 240.982 3582.058 3582.058 0.000
6 2 27 245.059 245.059 3712.772 3712.772 0.000
6 2 28 249.135 249.135 3845.938 3845.938 0.000
6 2 29 253.212 253.212 3981.561 3981.561 0.000
6 2 30 257.289 257.289 4119.646 4119.646 0.000
6 2 31 261.366 261.366 4260.199 4260.199 0.000
6 2 32 265.443 265.443 4403.227 4403.227 0.000
6 2 33 269.519 269.519 4548.735 4548.735 0.000
6 2 34 273.596 273.596 4696.729 4696.729 0.000
6 2 35 277.673 277.673 4847.216 4847.216 0.000
6 2 36 281.750 281.750 5000.202 5000.202 0.000
6 2 37 285.827 285.827 5155.694 5155.694 0.000
6 2 38 289.903 289.903 5313.698 5313.698 0.000
6 2 39 293.980 293.980 5474.222 5474.222 0.000
6 2 40 298.057 298.057 5637.272 5637.272 0.000
6 2 41 302.134 302.134 5802.856 5802.856 0.000
6 2 42 306.211 306.211 5970.981 5970.981 0.000
6 2 43 310.287 310.287 6141.655 6141.655 0.000
6 2 44 314.364 314.364 6314.886 6314.886 0.000
6 2 45 318.441 318.441 6490.682 6490.682 0.000
6 2 46 322.518 322.518 6669.053 6669.053 0.000
6 2 47 326.595 326.595 6850.006 6850.006 0.000
6 2 48 330.671 330.671 7033.551 7033.551 0.000
6 2 49 334.748 334.748 7219.699 7219.699 0.000
6 2 50 338.825 338.825 7408.458 7408.458 0.000
6 2 51 342.902 342.902 7599.839 7599.839 0.000
6 2 52 346.979 346.979 7793.853 7793.853 0.000
6 2 53 351.055 351.055 7990.513 7990.513 0.000
6 2 54 355.132 355.132 8189.829 8189.829 0.000
6 2 55 359.209 359.209 8391.815 8391.815 0.000
6 2 56 363.286 363.286 8596.484 8596.484 0.000
6 2 57 367.363 367.363 8803.850 8803.850 0.000
6 2 58 371.439 371.439 9013.929 9013.929 0.000
6 2 59 375.516 375.516 9226.735 9226.735 0.000
6 2 60 379.593 379.593 9442.287 9442.287 0.000
6 2 61 383.670 383.670 9660.601 9660.601 0.000
6 2 62 387.747 387.747 9881.699 9881.699 0.000
6 3 1 218.151 218.151 2895.085 2895.085 0.000
6 3 2 221.598 221.598 2993.904 2993.904 0.000
6 3 3 225.044 225.044 3094.453 3094.453 0.000
6 3 4 228.490 228.490 3196.735 3196.735 0.000
6 3 5 231.936 231.936 3300.752 3300.752 0.000
