1 1 1 12.500 12.500 1.414 1.414 0.000 0.000
1 1 2 637.500 637.500 1.414 1.414 -0.220 0.000
1 1 3 12.500 12.500 1.414 1.414 0.000 0.000
1 1 4 12.500 12.500 1.414 1.414 0.000 0.000
1 1 5 12.500 12.500 1.414 1.414 0.000 0.000
1 1 6 409.601 409.601 16165.518 16165.518 -0.360 0.000
1 1 7 902.521 902.521 5592.615 5592.615 -0.160 0.000
1 1 8 12.500 12.500 1.414 1.414 0.000 0.000
1 1 9 550.069 550.069 5733.326 5733.326 0.100 0.000
1 1 10 12.500 12.500 1.414 1.414 0.000 0.000
1 1 11 12.500 12.500 1.414 1.414 0.000 0.000
1 1 12 12.500 12.500 1.414 1.414 0.460 0.000
1 1 13 812.500 812.500 1.414 1.414 -0.100 0.000
1 1 14 1242.738 1242.738 10244.740 10244.740 -0.120 0.000
1 1 15 1012.500 1012.500 1494.525 1494.525 -0.180 0.000
1 1 16 862.500 862.500 1.414 1.414 -0.780 0.000
1 1 17 487.500 487.500 0.000 0.000 0.540 0.000
1 1 18 383.392 383.392 29501.028 29501.028 0.260 0.000
1 1 19 626.720 626.720 12371.974 12371.974 -0.520 0.000
1 1 20 712.500 712.500 1.414 1.414 -0.233 0.000
1 1 21 801.294 801.294 12465.484 12465.484 -0.510 0.000
1 1 22 1113.395 1113.395 2216.251 2216.251 0.040 0.000
1 1 23 936.005 936.005 836.958 836.958 0.358 0.000
1 2 1 1037.500 1037.500 1392.281 1392.281 0.060 0.000
1 2 2 12.500 12.500 1.414 1.414 0.000 0.000
1 2 3 12.500 12.500 1.414 1.414 0.000 0.000
1 2 4 12.500 12.500 1.414 1.414 0.000 0.000
1 2 5 12.500 12.500 1.414 1.414 0.000 0.000
1 2 6 12.500 12.500 1.414 1.414 0.000 0.000
1 2 7 12.500 12.500 1.414 1.414 -0.260 0.000
1 2 8 2662.500 2662.500 631.327 631.327 -0.220 0.000
1 2 9 12.500 12.500 1.414 1.414 0.000 0.000
1 2 10 12.500 12.500 1.414 1.414 0.000 0.000
1 2 11 12.500 12.500 1.414 1.414 0.000 0.000
1 2 12 12.500 12.500 1.414 1.414 0.000 0.000
1 2 13 12.500 12.500 1.414 1.414 0.220 0.000
1 2 14 1862.500 1862.500 652.763 652.763 -0.340 0.000
1 2 15 12.500 12.500 1.414 1.414 0.000 0.000
1 2 16 12.500 12.500 1.414 1.414 -0.080 0.000
1 2 17 1153.479 1153.479 31631.751 31631.751 -0.420 0.000
1 2 18 1787.500 1787.500 655.975 655.975 -0.340 0.000
1 2 19 1246.300 1246.300 26149.653 26149.653 -0.160 0.000
1 2 20 2212.500 2212.500 641.001 641.001 -0.220 0.000
1 2 21 12.500 12.500 1.414 1.414 0.000 0.000
1 2 22 12.500 12.500 1.414 1.414 0.000 0.000
1 2 23 12.500 12.500 1.414 1.414 0.000 0.000
1 2 24 3012.500 3012.500 626.470 626.470 -0.380 0.000
1 2 25 12.500 12.500 1.414 1.414 0.000 0.000
1 2 26 1093.943 1093.943 NaN NaN 0.473 0.000
1 2 27 12.500 12.500 1.414 1.414 0.000 0.000
1 2 28 12.500 12.500 1.414 1.414 0.000 0.000
1 2 29 12.500 12.500 1.414 1.414 0.260 0.000
1 2 30 12.500 12.500 1.414 1.414 0.000 0.000
1 2 31 12.500 12.500 1.414 1.414 0.000 0.000
1 2 32 12.500 12.500 1.414 1.414 0.000 0.000
1 2 33 12.500 12.500 1.414 1.414 -0.100 0.000
1 2 34 12.500 12.500 1.414 1.414 0.700 0.000
1 2 35 12.500 12.500 1.414 1.414 0.000 0.000
1 2 36 3287.500 3287.500 623.734 623.734 -0.100 0.000
1 2 37 2412.500 2412.500 636.107 636.107 0.520 0.000
1 2 38 12.500 12.500 1.414 1.414 0.500 0.000
1 2 39 12.500 12.500 1.414 1.414 0.000 0.000
1 2 40 12.500 12.500 1.414 1.414 0.000 0.000
1 2 41 12.500 12.500 1.414 1.414 -0.260 0.000
1 2 42 12.500 12.500 1.414 1.414 0.000 0.000
1 2 43 12.500 12.500 1.414 1.414 0.140 0.000
1 2 44 12.500 12.500 1.414 1.414 0.120 0.000
1 2 45 1987.500 1987.500 648.006 648.006 0.780 0.000
1 2 46 12.500 12.500 1.414 1.414 0.000 0.000
1 2 47 12.500 12.500 1.414 1.414 0.000 0.000
1 2 48 1787.500 1787.500 655.975 655.975 0.140 0.000
1 2 49 1537.500 1537.500 755.113 755.113 0.113 0.000
1 2 50 1262.500 1262.500 1.414 1.414 -0.140 0.000
1 2 51 1812.500 1812.500 654.872 654.872 0.073 0.000
1 2 52 12.500 12.500 1.414 1.414 0.380 0.000
1 2 53 1812.500 1812.500 654.872 654.872 0.620 0.000
1 2 54 2189.851 2189.851 19083.210 19083.210 -0.180 0.000
1 2 55 1287.500 1287.500 1.414 1.414 -0.340 0.000
1 2 56 1518.664 1518.664 13364.892 13364.892 -0.233 0.000
1 2 57 1462.164 1462.164 4146.266 4146.266 -0.590 0.000
1 2 58 1210.355 1210.355 37016.183 37016.183 0.700 0.000
1 2 59 1224.904 1224.904 18486.322 18486.322 -0.013 0.000
1 2 60 1562.706 1562.706 11281.940 11281.940 -0.060 0.000
1 2 61 2041.633 2041.633 3136.021 3136.021 -0.212 0.000
1 2 62 2057.936 2057.936 80.096 80.096 0.380 0.000
1 3 1 870.393 870.393 92.696 92.696 0.161 0.006
1 3 2 871.844 871.844 68.533 68.533 -0.103 0.000
1 3 3 673.155 673.155 1173.785 1173.785 0.028 0.000
1 3 4 733.429 733.429 13.276 13.276 0.121 0.000
1 3 5 656.192 656.192 4520.794 4520.794 0.268 0.000
2 1 1 437.500 437.500 0.000 0.000 0.060 0.000
2 1 2 12.500 12.500 1.414 1.414 0.000 0.000
2 1 3 12.500 12.500 1.414 1.414 0.000 0.000
2 1 4 12.500 12.500 1.414 1.414 0.000 0.000
2 1 5 12.500 12.500 1.414 1.414 0.220 0.000
2 1 6 12.500 12.500 1.414 1.414 0.000 0.000
2 1 7 12.500 12.500 1.414 1.414 -0.620 0.000
2 1 8 12.500 12.500 1.414 1.414 0.000 0.000
2 1 9 12.500 12.500 1.414 1.414 0.000 0.000
2 1 10 12.500 12.500 1.414 1.414 0.000 0.000
2 1 11 12.500 12.500 1.414 1.414 0.000 0.000
2 1 12 12.500 12.500 1.414 1.414 0.000 0.000
2 1 13 2012.500 2012.500 647.135 647.135 -0.700 0.000
2 1 14 713.457 713.457 7764.236 7764.236 -0.260 0.000
2 1 15 1186.849 1186.849 1959.721 1959.721 -0.367 0.000
2 1 16 890.088 890.088 1192.306 1192.306 -0.253 0.000
2 1 17 2462.500 2462.500 635.044 635.044 -0.540 0.000
2 1 18 1529.904 1529.904 24490.464 24490.464 0.040 0.000
2 1 19 1343.560 1343.560 15055.590 15055.590 -0.012 0.000
2 1 20 701.226 701.226 13742.038 13742.038 -0.092 0.000
2 1 21 745.811 745.811 6628.895 6628.895 -0.396 0.000
2 1 22 723.483 723.483 6908.778 6908.778 0.431 0.000
2 1 23 927.795 927.795 3345.518 3345.518 0.085 0.000
2 2 1 12.500 12.500 1.414 1.414 0.100 0.000
2 2 2 12.500 12.500 1.414 1.414 0.100 0.000
2 2 3 12.500 12.500 1.414 1.414 0.000 0.000
2 2 4 12.500 12.500 1.414 1.414 0.000 0.000
2 2 5 12.500 12.500 1.414 1.414 0.000 0.000
2 2 6 12.500 12.500 1.414 1.414 0.000 0.000
2 2 7 12.500 12.500 1.414 1.414 0.000 0.000
2 2 8 12.500 12.500 1.414 1.414 0.000 0.000
2 2 9 12.500 12.500 1.414 1.414 0.000 0.000
2 2 10 12.500 12.500 1.414 1.414 0.000 0.000
2 2 11 2062.500 2062.500 645.468 645.468 -0.060 0.000
2 2 12 12.500 12.500 1.414 1.414 -0.420 0.000
2 2 13 1262.500 1262.500 1.414 1.414 0.120 0.000
2 2 14 12.500 12.500 1.414 1.414 0.000 0.000
2 2 15 12.500 12.500 1.414 1.414 0.000 0.000
2 2 16 12.500 12.500 1.414 1.414 -0.420 0.000
2 2 17 12.500 12.500 1.414 1.414 -0.500 0.000
2 2 18 2962.500 2962.500 627.058 627.058 -0.540 0.000
2 2 19 12.500 12.500 1.414 1.414 0.000 0.000
2 2 20 12.500 12.500 1.414 1.414 0.000 0.000
2 2 21 12.500 12.500 1.414 1.414 0.000 0.000
2 2 22 12.500 12.500 1.414 1.414 0.020 0.000
2 2 23 1937.500 1937.500 649.826 649.826 -0.420 0.000
2 2 24 12.500 12.500 1.414 1.414 0.000 0.000
2 2 25 12.500 12.500 1.414 1.414 0.000 0.000
2 2 26 12.500 12.500 1.414 1.414 0.000 0.000
2 2 27 12.500 12.500 1.414 1.414 0.000 0.000
2 2 28 12.500 12.500 1.414 1.414 0.000 0.000
2 2 29 1412.500 1412.500 1.414 1.414 0.280 0.014
2 2 30 12.500 12.500 1.414 1.414 0.000 0.000
2 2 31 12.500 12.500 1.414 1.414 0.000 0.000
2 2 32 12.500 12.500 1.414 1.414 0.000 0.000
2 2 33 12.500 12.500 1.414 1.414 0.000 0.000
2 2 34 12.500 12.500 1.414 1.414 -0.420 0.000
2 2 35 12.500 12.500 1.414 1.414 0.000 0.000
2 2 36 12.500 12.500 1.414 1.414 0.000 0.000
2 2 37 12.500 12.500 1.414 1.414 0.000 0.000
2 2 38 12.500 12.500 1.414 1.414 0.000 0.000
2 2 39 1837.500 1837.500 653.802 653.802 -0.300 0.000
2 2 40 2362.500 2362.500 637.230 637.230 0.260 0.000
2 2 41 1362.500 1362.500 1.414 1.414 0.100 0.000
2 2 42 1143.621 1143.621 NaN NaN 0.060 0.000
2 2 43 1712.500 1712.500 475.679 475.679 -0.110 0.000
2 2 44 5012.500 5012.500 616.793 616.793 -0.300 0.000
2 2 45 12.500 12.500 1.414 1.414 0.000 0.000
2 2 46 1087.500 1087.500 1.414 1.414 0.480 0.000
2 2 47 12.500 12.500 1.414 1.414 0.000 0.000
2 2 48 1712.500 1712.500 774.600 774.600 0.740 0.000
2 2 49 3762.500 3762.500 620.511 620.511 0.100 0.000
2 2 50 2235.837 2235.837 26196.405 26196.405 -0.510 0.000
2 2 51 12.500 12.500 1.414 1.414 -0.100 0.000
2 2 52 1974.203 1974.203 6192.514 6192.514 0.420 0.000
2 2 53 2337.500 2337.500 637.816 637.816 -0.240 0.000
2 2 54 2137.500 2137.500 643.139 643.139 -0.880 0.000
2 2 55 2212.500 2212.500 641.001 641.001 0.460 0.000
2 2 56 1387.500 1387.500 1.414 1.414 0.007 0.000
2 2 57 1871.816 1871.816 4655.479 4655.479 0.172 0.000
2 2 58 1468.150 1468.150 27509.781 27509.781 -0.420 0.000
2 2 59 1261.771 1261.771 5304.362 5304.362 -0.260 0.011
2 2 60 1821.378 1821.378 2691.134 2691.134 0.147 0.000
2 2 61 840.285 840.285 38188.992 38188.992 -0.076 0.000
2 2 62 1900.036 1900.036 15957.526 15957.526 0.344 0.011
2 3 1 354.236 354.236 14218.095 14218.095 0.399 0.011
2 3 2 761.345 761.345 59.408 59.408 -0.026 0.000
2 3 3 830.061 830.061 31.391 31.391 0.005 0.011
2 3 4 818.271 818.271 16.279 16.279 0.603 0.014
2 3 5 937.899 937.899 2378.437 2378.437 0.584 0.000
3 1 1 12.500 12.500 1.414 1.414 0.000 0.000
3 1 2 12.500 12.500 1.414 1.414 0.000 0.000
3 1 3 12.500 12.500 1.414 1.414 0.000 0.000
3 1 4 12.500 12.500 1.414 1.414 0.000 0.000
3 1 5 3112.500 3112.500 625.383 625.383 -0.620 0.000
3 1 6 1187.500 1187.500 1.414 1.414 -0.140 0.000
3 1 7 12.500 12.500 1.414 1.414 0.000 0.000
3 1 8 12.500 12.500 1.414 1.414 0.000 0.000
3 1 9 12.500 12.500 1.414 1.414 0.820 0.000
3 1 10 737.500 737.500 1.414 1.414 -0.100 0.000
3 1 11 962.500 962.500 2104.898 2104.898 -0.640 0.000
3 1 12 512.500 512.500 0.000 0.000 0.300 0.000
3 1 13 862.500 862.500 1.414 1.414 -0.420 0.000
3 1 14 12.500 12.500 1.414 1.414 -0.340 0.000
3 1 15 1737.500 1737.500 777.068 777.068 -0.780 0.000
3 1 16 429.780 429.780 6977.309 6977.309 -0.130 0.000
3 1 17 464.185 464.185 11206.255 11206.255 0.400 0.000
3 1 18 1197.546 1197.546 19163.222 19163.222 0.300 0.000
3 1 19 688.977 688.977 8342.413 8342.413 0.140 0.000
3 1 20 872.263 872.263 NaN NaN -0.140 0.000
3 1 21 492.978 492.978 8733.689 8733.689 -0.094 0.010
3 1 22 535.775 535.775 55.013 55.013 0.616 0.000
3 1 23 2137.498 2137.498 195.294 195.294 0.315 0.000
3 2 1 12.500 12.500 1.414 1.414 0.000 0.000
3 2 2 12.500 12.500 1.414 1.414 0.000 0.000
3 2 3 12.500 12.500 1.414 1.414 0.000 0.000
3 2 4 12.500 12.500 1.414 1.414 0.000 0.000
3 2 5 12.500 12.500 1.414 1.414 0.000 0.000
3 2 6 12.500 12.500 1.414 1.414 0.000 0.000
3 2 7 12.500 12.500 1.414 1.414 0.000 0.000
3 2 8 12.500 12.500 1.414 1.414 0.000 0.000
3 2 9 12.500 12.500 1.414 1.414 0.000 0.000
3 2 10 12.500 12.500 1.414 1.414 0.000 0.000
3 2 11 12.500 12.500 1.414 1.414 0.000 0.000
3 2 12 12.500 12.500 1.414 1.414 0.000 0.000
3 2 13 12.500 12.500 1.414 1.414 0.000 0.000
3 2 14 12.500 12.500 1.414 1.414 0.000 0.000
3 2 15 12.500 12.500 1.414 1.414 0.000 0.000
3 2 16 12.500 12.500 1.414 1.414 0.060 0.000
3 2 17 12.500 12.500 1.414 1.414 0.000 0.000
3 2 18 12.500 12.500 1.414 1.414 0.000 0.000
3 2 19 12.500 12.500 1.414 1.414 0.180 0.000
3 2 20 2462.500 2462.500 635.044 635.044 -0.167 0.000
3 2 21 1137.500 1137.500 1.414 1.414 -0.220 0.000
3 2 22 1262.500 1262.500 1.414 1.414 -0.620 0.000
3 2 23 12.500 12.500 1.414 1.414 0.000 0.000
3 2 24 12.500 12.500 1.414 1.414 0.000 0.000
3 2 25 12.500 12.500 1.414 1.414 0.000 0.000
3 2 26 12.500 12.500 1.414 1.414 -0.500 0.000
3 2 27 12.500 12.500 1.414 1.414 0.000 0.000
3 2 28 1087.500 1087.500 1.414 1.414 0.460 0.000
3 2 29 1062.500 1062.500 1321.335 1321.335 0.700 0.000
3 2 30 2337.500 2337.500 637.816 637.816 -0.260 0.000
3 2 31 2162.500 2162.500 642.406 642.406 -0.540 0.000
3 2 32 4688.152 4688.152 1.414 1.414 -0.220 0.000
3 2 33 2387.500 2387.500 636.661 636.661 -0.060 0.000
3 2 34 12.500 12.500 1.414 1.414 0.000 0.000
3 2 35 12.500 12.500 1.414 1.414 0.660 0.000
3 2 36 12.500 12.500 1.414 1.414 0.000 0.000
3 2 37 12.500 12.500 1.414 1.414 0.000 0.000
3 2 38 1037.500 1037.500 1392.281 1392.281 -0.280 0.000
3 2 39 12.500 12.500 1.414 1.414 -0.220 0.000
3 2 40 4087.500 4087.500 619.057 619.057 -0.007 0.000
3 2 41 1287.500 1287.500 178.527 178.527 0.080 0.000
3 2 42 12.500 12.500 1.414 1.414 0.000 0.000
3 2 43 12.500 12.500 1.414 1.414 -0.860 0.000
3 2 44 3487.500 3487.500 622.183 622.183 0.240 0.000
3 2 45 12.500 12.500 1.414 1.414 0.000 0.000
3 2 46 2712.500 2712.500 630.517 630.517 -0.940 0.000
3 2 47 12.500 12.500 1.414 1.414 0.380 0.000
3 2 48 4012.500 4012.500 619.351 619.351 0.240 0.000
3 2 49 1650.413 1650.413 26382.881 26382.881 0.420 0.000
3 2 50 1912.500 1912.500 650.776 650.776 -0.140 0.000
3 2 51 3662.500 3662.500 621.065 621.065 0.140 0.000
3 2 52 12.500 12.500 1.414 1.414 0.000 0.000
3 2 53 1987.500 1987.500 648.006 648.006 0.000 0.000
3 2 54 2687.500 2687.500 630.917 630.917 -0.193 0.000
3 2 55 2047.133 2047.133 28860.106 28860.106 0.047 0.000
3 2 56 12.500 12.500 1.414 1.414 -0.580 0.000
3 2 57 1906.756 1906.756 5553.588 5553.588 0.313 0.000
3 2 58 1072.265 1072.265 10497.494 10497.494 0.507 0.000
3 2 59 1289.684 1289.684 7780.639 7780.639 0.026 0.000
3 2 60 2203.795 2203.795 3468.473 3468.473 -0.020 0.014
3 2 61 2097.127 2097.127 8336.076 8336.076 -0.110 0.000
3 2 62 1717.526 1717.526 7417.869 7417.869 0.174 0.000
3 3 1 732.704 732.704 307.473 307.473 0.352 0.009
3 3 2 760.898 760.898 41.368 41.368 -0.142 0.000
3 3 3 577.282 577.282 383.637 383.637 -0.014 0.011
3 3 4 759.798 759.798 77.075 77.075 0.020 0.000
3 3 5 749.513 749.513 135.556 135.556 -0.207 0.000
4 1 1 12.500 12.500 1.414 1.414 -0.020 0.000
4 1 2 12.500 12.500 1.414 1.414 0.000 0.000
4 1 3 12.500 12.500 1.414 1.414 0.000 0.000
4 1 4 862.500 862.500 1.414 1.414 0.153 0.000
4 1 5 12.500 12.500 1.414 1.414 0.000 0.000
4 1 6 1587.500 1587.500 761.104 761.104 0.300 0.000
4 1 7 787.500 787.500 753.567 753.567 -0.200 0.000
4 1 8 12.500 12.500 1.414 1.414 -0.260 0.000
4 1 9 712.500 712.500 3442.849 3442.849 -0.020 0.000
4 1 10 12.500 12.500 1.414 1.414 0.000 0.000
4 1 11 12.500 12.500 1.414 1.414 0.000 0.000
4 1 12 812.500 812.500 1.414 1.414 -0.220 0.000
4 1 13 12.500 12.500 1.414 1.414 0.000 0.000
4 1 14 12.500 12.500 1.414 1.414 0.000 0.000
4 1 15 412.500 412.500 9267.545 9267.545 -0.280 0.014
4 1 16 688.397 688.397 17710.877 17710.877 -0.047 0.000
4 1 17 12.500 12.500 1.414 1.414 0.000 0.000
4 1 18 665.974 665.974 19120.419 19120.419 -0.300 0.000
4 1 19 855.550 855.550 9480.260 9480.260 -0.260 0.000
4 1 20 1683.175 1683.175 6427.387 6427.387 -0.160 0.014
4 1 21 381.665 381.665 11539.748 11539.748 -0.220 0.000
4 1 22 802.160 802.160 25.983 25.983 -0.100 0.000
4 1 23 849.182 849.182 130.327 130.327 0.068 0.011
4 2 1 12.500 12.500 1.414 1.414 0.000 0.000
4 2 2 12.500 12.500 1.414 1.414 0.000 0.000
4 2 3 12.500 12.500 1.414 1.414 0.000 0.000
4 2 4 12.500 12.500 1.414 1.414 0.000 0.000
4 2 5 3187.500 3187.500 624.639 624.639 0.180 0.000
4 2 6 2912.500 2912.500 627.679 627.679 0.100 0.000
4 2 7 2937.500 2937.500 627.364 627.364 -0.300 0.000
4 2 8 12.500 12.500 1.414 1.414 0.000 0.000
4 2 9 12.500 12.500 1.414 1.414 0.000 0.000
4 2 10 12.500 12.500 1.414 1.414 0.000 0.000
4 2 11 12.500 12.500 1.414 1.414 0.220 0.000
4 2 12 12.500 12.500 1.414 1.414 0.000 0.000
4 2 13 12.500 12.500 1.414 1.414 0.000 0.000
4 2 14 12.500 12.500 1.414 1.414 0.000 0.000
4 2 15 12.500 12.500 1.414 1.414 0.000 0.000
4 2 16 2537.500 2537.500 633.554 633.554 -0.380 0.000
4 2 17 12.500 12.500 1.414 1.414 0.000 0.000
4 2 18 12.500 12.500 1.414 1.414 0.000 0.000
4 2 19 12.500 12.500 1.414 1.414 0.000 0.000
4 2 20 1437.500 1437.500 801.160 801.160 0.040 0.000
4 2 21 3112.500 3112.500 625.383 625.383 0.220 0.000
4 2 22 12.500 12.500 1.414 1.414 0.000 0.000
4 2 23 12.500 12.500 1.414 1.414 -0.060 0.000
4 2 24 5037.500 5037.500 616.756 616.756 -0.233 0.000
4 2 25 1062.500 1062.500 1321.335 1321.335 0.660 0.000
4 2 26 1162.500 1162.500 1060.087 1060.087 -0.460 0.000
4 2 27 1187.500 1187.500 1.414 1.414 -0.180 0.000
4 2 28 12.500 12.500 1.414 1.414 0.000 0.000
4 2 29 12.500 12.500 1.414 1.414 0.000 0.000
4 2 30 12.500 12.500 1.414 1.414 0.000 0.000
4 2 31 12.500 12.500 1.414 1.414 -0.100 0.000
4 2 32 3937.500 3937.500 619.669 619.669 0.620 0.000
4 2 33 12.500 12.500 1.414 1.414 0.000 0.000
4 2 34 1687.500 1687.500 772.058 772.058 -0.140 0.000
4 2 35 12.500 12.500 1.414 1.414 -0.420 0.000
4 2 36 1887.500 1887.500 651.755 651.755 -0.780 0.000
4 2 37 1287.501 1287.501 105.463 105.463 -0.113 0.000
4 2 38 12.500 12.500 1.414 1.414 -0.720 0.000
4 2 39 1262.500 1262.500 1.414 1.414 -0.060 0.000
4 2 40 12.500 12.500 1.414 1.414 0.000 0.000
4 2 41 1066.737 1066.737 43543.364 43543.364 0.060 0.000
4 2 42 1862.500 1862.500 652.763 652.763 0.260 0.000
4 2 43 12.500 12.500 1.414 1.414 0.700 0.000
4 2 44 2587.500 2587.500 632.627 632.627 0.040 0.000
4 2 45 12.500 12.500 1.414 1.414 0.000 0.000
4 2 46 12.500 12.500 1.414 1.414 0.000 0.000
4 2 47 1461.178 1461.178 34689.549 34689.549 0.040 0.000
4 2 48 1140.896 1140.896 12341.008 12341.008 -0.320 0.000
4 2 49 12.500 12.500 1.414 1.414 -0.820 0.000
4 2 50 1935.585 1935.585 28174.460 28174.460 0.180 0.000
4 2 51 5712.500 5712.500 616.049 616.049 0.180 0.000
4 2 52 12.500 12.500 1.414 1.414 -0.300 0.000
4 2 53 2887.500 2887.500 628.001 628.001 -0.300 0.000
4 2 54 1629.730 1629.730 3738.846 3738.846 0.360 0.000
4 2 55 1993.068 1993.068 12641.037 12641.037 -0.360 0.000
4 2 56 1919.342 1919.342 15142.661 15142.661 0.150 0.000
4 2 57 2082.164 2082.164 211.832 211.832 0.033 0.000
4 2 58 2094.085 2094.085 10112.908 10112.908 -0.110 0.000
4 2 59 1767.553 1767.553 6935.011 6935.011 0.106 0.000
4 2 60 2140.691 2140.691 181.711 181.711 0.036 0.000
4 2 61 1111.801 1111.801 NaN NaN 0.050 0.000
4 2 62 1951.715 1951.715 108931.844 108931.844 -0.033 0.000
4 3 1 1755.516 1755.516 754.470 754.470 -0.328 0.000
4 3 2 615.893 615.893 178.466 178.466 -0.046 0.009
4 3 3 806.370 806.370 47.139 47.139 0.033 0.000
4 3 4 814.526 814.526 47.018 47.018 -0.033 0.000
4 3 5 612.590 612.590 634.595 634.595 -0.555 0.011
5 1 1 962.500 962.500 2104.898 2104.898 0.140 0.000
5 1 2 1137.500 1137.500 1.414 1.414 0.140 0.000
5 1 3 12.500 12.500 1.414 1.414 0.000 0.000
5 1 4 12.500 12.500 1.414 1.414 0.000 0.000
5 1 5 866.728 866.728 23756.769 23756.769 0.220 0.000
5 1 6 1680.568 1680.568 39189.949 39189.949 -0.280 0.000
5 1 7 12.500 12.500 1.414 1.414 0.000 0.000
5 1 8 621.870 621.870 15036.527 15036.527 0.407 0.014
5 1 9 12.500 12.500 1.414 1.414 0.000 0.000
5 1 10 12.500 12.500 1.414 1.414 0.000 0.000
5 1 11 1097.413 1097.413 26838.053 26838.053 -0.020 0.000
5 1 12 1087.500 1087.500 1.414 1.414 -0.220 0.000
5 1 13 1064.658 1064.658 63505.092 63505.092 0.140 0.000
5 1 14 12.500 12.500 1.414 1.414 0.220 0.000
5 1 15 12.500 12.500 1.414 1.414 0.000 0.000
5 1 16 555.940 555.940 3587.961 3587.961 -0.193 0.000
5 1 17 812.500 812.500 1.414 1.414 0.260 0.000
5 1 18 412.478 412.478 28983.620 28983.620 0.260 0.000
5 1 19 1237.500 1237.500 1.414 1.414 -0.260 0.000
5 1 20 537.500 537.500 0.000 0.000 0.127 0.000
5 1 21 813.733 813.733 184.433 184.433 -0.513 0.000
5 1 22 814.119 814.119 97.102 97.102 -0.605 0.000
5 1 23 909.312 909.312 27.663 27.663 0.156 0.000
5 2 1 12.500 12.500 1.414 1.414 0.000 0.000
5 2 2 12.500 12.500 1.414 1.414 0.000 0.000
5 2 3 12.500 12.500 1.414 1.414 0.020 0.000
5 2 4 12.500 12.500 1.414 1.414 0.000 0.000
5 2 5 12.500 12.500 1.414 1.414 0.000 0.000
5 2 6 12.500 12.500 1.414 1.414 0.000 0.000
5 2 7 4562.500 4562.500 617.636 617.636 0.060 0.000
5 2 8 12.500 12.500 1.414 1.414 0.000 0.000
5 2 9 12.500 12.500 1.414 1.414 0.000 0.000
5 2 10 12.500 12.500 1.414 1.414 0.000 0.000
5 2 11 12.500 12.500 1.414 1.414 0.000 0.000
5 2 12 12.500 12.500 1.414 1.414 0.000 0.000
5 2 13 12.500 12.500 1.414 1.414 0.000 0.000
5 2 14 12.500 12.500 1.414 1.414 0.000 0.000
5 2 15 2287.500 2287.500 639.037 639.037 0.400 0.014
5 2 16 2087.500 2087.500 644.669 644.669 -0.140 0.000
5 2 17 1987.500 1987.500 648.006 648.006 -0.100 0.000
5 2 18 12.500 12.500 1.414 1.414 0.000 0.000
5 2 19 12.500 12.500 1.414 1.414 0.420 0.000
5 2 20 12.500 12.500 1.414 1.414 -0.140 0.000
5 2 21 12.500 12.500 1.414 1.414 0.000 0.000
5 2 22 12.500 12.500 1.414 1.414 0.000 0.000
5 2 23 2062.500 2062.500 645.468 645.468 0.300 0.000
5 2 24 1312.500 1312.500 1.414 1.414 -0.300 0.000
5 2 25 12.500 12.500 1.414 1.414 0.000 0.000
5 2 26 12.500 12.500 1.414 1.414 0.000 0.000
5 2 27 12.500 12.500 1.414 1.414 0.000 0.000
5 2 28 12.500 12.500 1.414 1.414 0.020 0.000
5 2 29 12.500 12.500 1.414 1.414 0.340 0.000
5 2 30 12.500 12.500 1.414 1.414 0.000 0.000
5 2 31 12.500 12.500 1.414 1.414 0.000 0.000
5 2 32 12.500 12.500 1.414 1.414 -0.140 0.000
5 2 33 1257.919 1257.919 8084.793 8084.793 -0.320 0.000
5 2 34 1512.500 1512.500 751.978 751.978 -0.180 0.000
5 2 35 12.500 12.500 1.414 1.414 -0.200 0.000
5 2 36 12.500 12.500 1.414 1.414 0.000 0.000
5 2 37 2512.500 2512.500 634.037 634.037 -0.100 0.000
5 2 38 12.500 12.500 1.414 1.414 0.000 0.000
5 2 39 12.500 12.500 1.414 1.414 -0.140 0.000
5 2 40 12.500 12.500 1.414 1.414 0.000 0.000
5 2 41 2012.500 2012.500 647.135 647.135 0.340 0.000
5 2 42 1425.089 1425.089 21320.421 21320.421 0.313 0.000
5 2 43 12.500 12.500 1.414 1.414 0.660 0.000
5 2 44 12.500 12.500 1.414 1.414 0.000 0.000
5 2 45 12.500 12.500 1.414 1.414 -0.600 0.000
5 2 46 1915.587 1915.587 1307.793 1307.793 0.020 0.000
5 2 47 975.439 975.439 30227.066 30227.066 0.080 0.000
5 2 48 3112.500 3112.500 625.383 625.383 0.020 0.000
5 2 49 3287.500 3287.500 623.734 623.734 0.260 0.000
5 2 50 2342.520 2342.520 14357.505 14357.505 -0.120 0.000
5 2 51 4987.500 4987.500 616.830 616.830 -0.260 0.000
5 2 52 1196.947 1196.947 17429.125 17429.125 -0.100 0.000
5 2 53 1970.240 1970.240 6024.241 6024.241 -0.287 0.000
5 2 54 1612.500 1612.500 763.967 763.967 0.220 0.000
5 2 55 12.500 12.500 1.414 1.414 0.000 0.000
5 2 56 1174.317 1174.317 NaN NaN 0.052 0.000
5 2 57 1326.028 1326.028 7333.761 7333.761 -0.013 0.000
5 2 58 1974.171 1974.171 7015.391 7015.391 -0.200 0.000
5 2 59 1901.760 1901.760 5799.193 5799.193 0.140 0.000
5 2 60 1795.083 1795.083 861.907 861.907 -0.284 0.000
5 2 61 1949.928 1949.928 NaN NaN -0.225 0.000
5 2 62 1314.610 1314.610 1375.266 1375.266 -0.118 0.000
5 3 1 784.463 784.463 619.528 619.528 0.398 0.011
5 3 2 798.590 798.590 138.403 138.403 0.335 0.011
5 3 3 -110.927 -110.927 5733.633 5733.633 -0.130 0.011
5 3 4 721.179 721.179 27.344 27.344 0.443 0.000
5 3 5 713.804 713.804 7962.551 7962.551 0.300 0.014
6 1 1 12.500 12.500 1.414 1.414 0.000 0.000
6 1 2 12.500 12.500 1.414 1.414 0.000 0.000
6 1 3 12.500 12.500 1.414 1.414 0.380 0.000
6 1 4 12.500 12.500 1.414 1.414 0.000 0.000
6 1 5 12.500 12.500 1.414 1.414 0.000 0.000
6 1 6 12.500 12.500 1.414 1.414 0.000 0.000
6 1 7 467.914 467.914 13053.608 13053.608 -0.007 0.000
6 1 8 687.500 687.500 1.414 1.414 -0.500 0.000
6 1 9 412.500 412.500 0.000 0.000 -0.540 0.000
6 1 10 3087.500 3087.500 625.644 625.644 -0.580 0.000
6 1 11 12.500 12.500 1.414 1.414 0.000 0.000
6 1 12 762.500 762.500 4945.198 4945.198 0.020 0.000
6 1 13 659.015 659.015 11967.353 11967.353 -0.148 0.000
6 1 14 687.500 687.500 1.414 1.414 0.820 0.000
6 1 15 2087.500 2087.500 644.669 644.669 1.060 0.000
6 1 16 12.500 12.500 1.414 1.414 0.000 0.000
6 1 17 711.755 711.755 10195.771 10195.771 -0.090 0.000
6 1 18 1174.150 1174.150 8997.456 8997.456 0.220 0.000
6 1 19 1119.658 1119.658 7587.258 7587.258 0.060 0.000
6 1 20 379.917 379.917 12314.310 12314.310 0.070 0.000
6 1 21 959.056 959.056 71.601 71.601 0.300 0.000
6 1 22 779.882 779.882 13104.754 13104.754 -0.720 0.000
6 1 23 704.714 704.714 508.252 508.252 -0.260 0.000
6 2 1 12.500 12.500 1.414 1.414 0.000 0.000
6 2 2 12.500 12.500 1.414 1.414 0.000 0.000
6 2 3 12.500 12.500 1.414 1.414 0.000 0.000
6 2 4 12.500 12.500 1.414 1.414 0.000 0.000
6 2 5 12.500 12.500 1.414 1.414 0.000 0.000
6 2 6 4062.500 4062.500 619.153 619.153 -0.060 0.000
6 2 7 12.500 12.500 1.414 1.414 0.000 0.000
6 2 8 12.500 12.500 1.414 1.414 0.000 0.000
6 2 9 12.500 12.500 1.414 1.414 0.000 0.000
6 2 10 12.500 12.500 1.414 1.414 0.000 0.000
6 2 11 12.500 12.500 1.414 1.414 0.000 0.000
6 2 12 12.500 12.500 1.414 1.414 0.000 0.000
6 2 13 12.500 12.500 1.414 1.414 -0.100 0.000
6 2 14 12.500 12.500 1.414 1.414 0.000 0.000
6 2 15 12.500 12.500 1.414 1.414 0.000 0.000
6 2 16 12.500 12.500 1.414 1.414 0.000 0.000
6 2 17 12.500 12.500 1.414 1.414 0.000 0.000
6 2 18 12.500 12.500 1.414 1.414 0.000 0.000
6 2 19 12.500 12.500 1.414 1.414 0.000 0.000
6 2 20 2587.500 2587.500 632.627 632.627 -0.020 0.000
6 2 21 12.500 12.500 1.414 1.414 0.220 0.000
6 2 22 12.500 12.500 1.414 1.414 0.000 0.000
6 2 23 3912.500 3912.500 619.780 619.780 0.660 0.000
6 2 24 12.500 12.500 1.414 1.414 -0.660 0.000
6 2 25 2462.500 2462.500 635.044 635.044 0.740 0.000
6 2 26 12.500 12.500 1.414 1.414 0.000 0.000
6 2 27 12.500 12.500 1.414 1.414 0.000 0.000
6 2 28 12.500 12.500 1.414 1.414 0.000 0.000
6 2 29 12.500 12.500 1.414 1.414 -0.740 0.000
6 2 30 1012.500 1012.500 1494.525 1494.525 -0.660 0.000
6 2 31 12.500 12.500 1.414 1.414 0.000 0.000
6 2 32 12.500 12.500 1.414 1.414 0.300 0.000
6 2 33 12.500 12.500 1.414 1.414 0.100 0.000
6 2 34 2212.500 2212.500 641.001 641.001 0.120 0.000
6 2 35 1160.269 1160.269 1268.595 1268.595 -0.380 0.000
6 2 36 12.500 12.500 1.414 1.414 0.000 0.000
6 2 37 12.500 12.500 1.414 1.414 -0.260 0.000
6 2 38 12.500 12.500 1.414 1.414 0.000 0.000
6 2 39 2137.500 2137.500 643.139 643.139 0.220 0.000
6 2 40 5237.500 5237.500 616.495 616.495 0.380 0.000
6 2 41 12.500 12.500 1.414 1.414 0.060 0.000
6 2 42 12.500 12.500 1.414 1.414 -0.220 0.000
6 2 43 3912.500 3912.500 619.780 619.780 -0.180 0.000
6 2 44 12.500 12.500 1.414 1.414 0.000 0.000
6 2 45 1508.921 1508.921 27372.336 27372.336 -0.580 0.000
6 2 46 12.500 12.500 1.414 1.414 0.000 0.000
6 2 47 2562.500 2562.500 633.084 633.084 -0.460 0.000
6 2 48 2587.500 2587.500 632.627 632.627 -0.400 0.000
6 2 49 2762.500 2762.500 629.750 629.750 -0.120 0.000
6 2 50 2440.827 2440.827 36193.878 36193.878 -0.320 0.000
6 2 51 1912.500 1912.500 650.776 650.776 -0.460 0.000
6 2 52 12.500 12.500 1.414 1.414 0.000 0.000
6 2 53 1037.500 1037.500 1392.281 1392.281 -0.700 0.000
6 2 54 12.500 12.500 1.414 1.414 0.000 0.000
6 2 55 2051.668 2051.668 14106.501 14106.501 0.340 0.000
6 2 56 2287.500 2287.500 639.037 639.037 0.860 0.000
6 2 57 930.176 930.176 20739.949 20739.949 -0.113 0.000
6 2 58 2056.536 2056.536 2720.485 2720.485 0.007 0.000
6 2 59 2221.116 2221.116 33111.728 33111.728 -0.460 0.000
6 2 60 1855.236 1855.236 12956.576 12956.576 -0.077 0.000
6 2 61 2531.139 2531.139 1.414 1.414 0.123 0.000
6 2 62 1522.383 1522.383 16387.320 16387.320 -0.372 0.000
6 3 1 371.003 371.003 2700.071 2700.071 -0.204 0.000
6 3 2 751.507 751.507 9.430 9.430 0.037 0.000
6 3 3 743.581 743.581 11.927 11.927 -0.153 0.011
6 3 4 741.212 741.212 24.351 24.351 0.223 0.000
6 3 5 362.187 362.187 5697.542 5697.542 0.002 0.000
