  1   1   1   3.070756e+01    5.421204e-01    0.000000e+00    2.619116e+01    5.422603e-01    0.000000e+00  
  1   1   2   2.811202e+01    5.422019e-01    0.000000e+00    1.108494e+01    1.042947e-01    0.000000e+00  
  1   1   3   2.847538e+01    4.965362e-01    0.000000e+00    2.866452e+01    5.439909e-01    0.000000e+00  
  1   1   4   3.255754e+01    5.445426e-01    0.000000e+00    4.474122e+01    5.568809e-01    0.000000e+00  
  1   1   5   9.578533e+00    1.142680e-01    0.000000e+00    3.872829e+01    5.530348e-01    0.000000e+00  
  1   1   6   3.854011e+01    5.509198e-01    0.000000e+00    6.046474e+03    1.522340e+00    0.000000e+00  
  1   1   7   3.126262e+01    5.498121e-01    0.000000e+00    3.265222e+01    5.509581e-01    0.000000e+00  
  1   1   8   2.782823e+01    5.505636e-01    0.000000e+00    7.637267e+00    1.153205e-01    0.000000e+00  
  1   1   9   1.265882e+01    5.508707e-01    0.000000e+00    5.381432e+00    2.768039e-01    0.000000e+00  
  1   1  10   -1.475992e+00    5.540787e-01    0.000000e+00    1.512991e+01    5.528497e-01    0.000000e+00  
  1   1  11   -6.293036e+00    5.565738e-01    0.000000e+00    -7.305159e+03    1.733227e+00    0.000000e+00  
  1   1  12   -5.550545e+00    5.533552e-01    0.000000e+00    6.405407e+00    5.533681e-01    0.000000e+00  
  1   1  13   -2.678538e+01    5.581631e-01    0.000000e+00    -1.946454e+01    5.608495e-01    0.000000e+00  
  1   1  14   -1.996431e+01    5.573086e-01    0.000000e+00    -1.886979e+01    5.554164e-01    0.000000e+00  
  1   1  15   7.383890e+00    7.306212e-02    0.000000e+00    1.904242e+01    5.529777e-01    0.000000e+00  
  1   1  16   -8.995584e+00    5.527662e-01    0.000000e+00    -8.386303e+00    5.570156e-01    0.000000e+00  
  1   1  17   -5.363759e+00    5.549814e-01    0.000000e+00    5.898025e+00    5.536679e-01    0.000000e+00  
  1   1  18   -2.145811e+00    5.510948e-01    0.000000e+00    -6.201164e+04    2.136359e+00    0.000000e+00  
  1   1  19   1.333513e+01    8.820476e-02    0.000000e+00    -1.850627e+01    5.591996e-01    0.000000e+00  
  1   1  20   -2.024190e+00    5.545148e-01    0.000000e+00    -7.807789e+00    5.585139e-01    0.000000e+00  
  1   1  21   -5.175568e+00    5.533005e-01    0.000000e+00    -1.873443e+01    5.552788e-01    0.000000e+00  
  1   1  22   -2.275555e+01    5.570282e-01    0.000000e+00    -6.803731e+00    5.524237e-01    0.000000e+00  
  1   1  23   -4.392631e-01    5.521522e-01    0.000000e+00    2.358044e+00    5.531513e-01    0.000000e+00  
  1   2   1   3.271840e+01    5.483005e-01    0.000000e+00    2.862409e+01    5.466294e-01    0.000000e+00  
  1   2   2   6.843051e+00    1.343932e-01    0.000000e+00    3.149078e+01    5.486678e-01    0.000000e+00  
  1   2   3   4.383285e+01    5.568361e-01    0.000000e+00    7.301188e+00    1.579470e-01    0.000000e+00  
  1   2   4   7.133167e+00    1.331633e-01    0.000000e+00    9.961059e+00    2.478722e-01    0.000000e+00  
  1   2   5   3.774632e+01    5.519800e-01    0.000000e+00    3.634287e+02    9.432923e-01    0.000000e+00  
  1   2   6   3.759783e+01    5.546320e-01    0.000000e+00    3.554801e+01    5.498978e-01    0.000000e+00  
  1   2   7   3.429989e+01    5.485428e-01    0.000000e+00    2.341589e+03    1.259582e+00    0.000000e+00  
  1   2   8   3.831666e+01    5.523918e-01    0.000000e+00    8.373399e+00    2.241305e-01    0.000000e+00  
  1   2   9   4.197579e+01    5.535218e-01    0.000000e+00    3.248862e+01    5.505904e-01    0.000000e+00  
  1   2  10   8.170482e+00    1.385082e-01    0.000000e+00    3.175820e+01    5.490391e-01    0.000000e+00  
  1   2  11   3.324596e+01    5.500642e-01    0.000000e+00    4.731047e+01    5.590500e-01    0.000000e+00  
  1   2  12   8.136040e+02    1.110011e+00    0.000000e+00    2.945352e+01    5.486290e-01    0.000000e+00  
  1   2  13   3.224187e+01    5.523601e-01    0.000000e+00    3.402420e+01    5.497894e-01    0.000000e+00  
  1   2  14   2.862548e+01    5.484424e-01    0.000000e+00    2.113795e+01    5.451953e-01    0.000000e+00  
  1   2  15   6.723787e+00    1.119417e-01    0.000000e+00    6.835638e+00    1.077456e-01    0.000000e+00  
  1   2  16   3.869524e+01    5.586880e-01    0.000000e+00    2.246594e+01    5.473257e-01    0.000000e+00  
  1   2  17   1.467877e+01    5.468104e-01    0.000000e+00    1.770758e+01    5.469474e-01    0.000000e+00  
  1   2  18   1.413732e+01    5.463642e-01    0.000000e+00    1.090715e+03    1.169187e+00    0.000000e+00  
  1   2  19   -9.605769e+00    5.515888e-01    0.000000e+00    6.679269e+00    4.856419e-02    0.000000e+00  
  1   2  20   1.078462e+01    5.483685e-01    0.000000e+00    1.273403e+01    5.480940e-01    0.000000e+00  
  1   2  21   -6.475356e+00    5.514933e-01    0.000000e+00    1.396726e+01    5.478448e-01    0.000000e+00  
  1   2  22   -1.429439e+01    5.530654e-01    0.000000e+00    1.197483e+01    5.506782e-01    0.000000e+00  
  1   2  23   2.904132e+00    5.528520e-01    0.000000e+00    -1.224746e+01    5.520848e-01    0.000000e+00  
  1   2  24   -5.195588e+00    5.527010e-01    0.000000e+00    3.745016e+00    5.527108e-01    0.000000e+00  
  1   2  25   3.498319e+00    5.527256e-01    0.000000e+00    -1.225142e+00    5.529581e-01    0.000000e+00  
  1   2  26   -3.228885e+00    5.532771e-01    0.000000e+00    -1.828312e+01    5.532943e-01    0.000000e+00  
  1   2  27   -1.244071e+01    5.517100e-01    0.000000e+00    2.468711e+00    5.513338e-01    0.000000e+00  
  1   2  28   7.379755e+00    1.037984e-01    0.000000e+00    -1.082640e+01    5.498112e-01    0.000000e+00  
  1   2  29   1.377560e+00    5.522642e-01    0.000000e+00    -1.091011e+00    5.519541e-01    0.000000e+00  
  1   2  30   2.484186e+00    5.511378e-01    0.000000e+00    -2.529522e+01    5.525058e-01    0.000000e+00  
  1   2  31   7.213768e+00    5.798907e-02    0.000000e+00    -2.082228e+00    5.520040e-01    0.000000e+00  
  1   2  32   -6.612847e+00    5.501143e-01    0.000000e+00    -1.044060e+01    5.518581e-01    0.000000e+00  
  1   2  33   -2.862293e+03    1.226515e+00    0.000000e+00    -2.209523e+01    5.520915e-01    0.000000e+00  
  1   2  34   -3.801552e+01    5.515326e-01    0.000000e+00    -6.101580e+00    5.002244e-01    0.000000e+00  
  1   2  35   3.452859e+01    5.536205e-01    0.000000e+00    -7.160817e+00    5.506157e-01    0.000000e+00  
  1   2  36   -2.476114e+01    5.519579e-01    0.000000e+00    -2.060407e+01    5.549766e-01    0.000000e+00  
  1   2  37   -2.874419e-01    5.497126e-01    0.000000e+00    -2.805744e+00    5.516784e-01    0.000000e+00  
  1   2  38   7.373372e+01    5.669808e-01    0.000000e+00    -3.755290e+00    5.535904e-01    0.000000e+00  
  1   2  39   -3.099374e+01    5.580204e-01    0.000000e+00    -1.781463e+01    5.524337e-01    0.000000e+00  
  1   2  40   -2.695956e+01    5.544256e-01    0.000000e+00    -8.341367e+00    8.565101e-02    0.000000e+00  
  1   2  41   -1.500675e+01    5.502170e-01    0.000000e+00    -1.773149e+00    5.508511e-01    0.000000e+00  
  1   2  42   -2.184596e+01    5.533460e-01    0.000000e+00    -6.730595e+03    1.639353e+00    0.000000e+00  
  1   2  43   -1.819844e+01    5.561535e-01    0.000000e+00    -2.408272e+01    5.507437e-01    0.000000e+00  
  1   2  44   3.580026e+00    5.532254e-01    0.000000e+00    4.543819e+01    5.601214e-01    0.000000e+00  
  1   2  45   -1.817069e+01    5.499979e-01    0.000000e+00    -3.346983e+00    5.541016e-01    0.000000e+00  
  1   2  46   -1.366799e+00    5.527032e-01    0.000000e+00    -4.012723e+00    5.520609e-01    0.000000e+00  
  1   2  47   -1.922715e+01    5.543250e-01    0.000000e+00    -1.599933e+01    5.518057e-01    0.000000e+00  
  1   2  48   4.871269e-01    5.533119e-01    0.000000e+00    -1.128801e+01    5.506291e-01    0.000000e+00  
  1   2  49   2.895750e+00    5.505372e-01    0.000000e+00    -3.870889e+01    5.510127e-01    0.000000e+00  
  1   2  50   -6.656955e+03    1.611694e+00    0.000000e+00    -8.194293e+00    5.519119e-01    0.000000e+00  
  1   2  51   3.181784e+01    5.512630e-01    0.000000e+00    -3.650505e+00    5.526649e-01    0.000000e+00  
  1   2  52   1.930404e+01    5.551573e-01    0.000000e+00    -2.908614e+01    5.554872e-01    0.000000e+00  
  1   2  53   -7.057238e-02    5.529796e-01    0.000000e+00    6.366196e+00    5.528230e-01    0.000000e+00  
  1   2  54   1.335788e+01    5.497489e-01    0.000000e+00    -4.579442e+00    5.519771e-01    0.000000e+00  
  1   2  55   -2.036652e+01    5.521688e-01    0.000000e+00    -1.866560e+01    5.603997e-01    0.000000e+00  
  1   2  56   3.206338e+00    5.500160e-01    0.000000e+00    -1.604302e+01    5.515915e-01    0.000000e+00  
  1   2  57   -5.387948e+00    5.520216e-01    0.000000e+00    -2.301282e+01    5.518771e-01    0.000000e+00  
  1   2  58   7.328231e+00    1.019296e-01    0.000000e+00    5.200781e+00    5.512345e-01    0.000000e+00  
  1   2  59   -1.353237e+01    5.524255e-01    0.000000e+00    -5.379887e+00    5.509488e-01    0.000000e+00  
  1   2  60   7.830716e+00    5.516311e-01    0.000000e+00    7.658313e-01    5.502530e-01    0.000000e+00  
  1   2  61   5.207177e+00    5.492335e-01    0.000000e+00    -6.727402e+00    8.242388e-02    0.000000e+00  
  1   2  62   -4.127054e+00    5.999666e-02    0.000000e+00    5.957642e+00    5.534255e-01    0.000000e+00  
  1   3   1   4.149147e+01    5.104028e-01    0.000000e+00    2.510208e+01    5.494522e-01    0.000000e+00  
  1   3   2   1.457405e+01    9.790825e-02    0.000000e+00    -7.041352e+00    1.025613e-01    0.000000e+00  
  1   3   3   1.417352e+01    5.440787e-01    0.000000e+00    7.731598e+05    2.791479e+00    0.000000e+00  
  1   3   4   2.163022e+05    2.484952e+00    0.000000e+00    6.262891e+00    5.538914e-01    0.000000e+00  
  1   3   5   7.376149e+00    5.527596e-01    0.000000e+00    1.300950e+01    1.337110e-01    0.000000e+00  
  2   1   1   0.000000e+00    0.000000e+00    0.000000e+00    0.000000e+00    0.000000e+00    0.000000e+00  
  2   1   2   0.000000e+00    0.000000e+00    0.000000e+00    0.000000e+00    0.000000e+00    0.000000e+00  
  2   1   3   0.000000e+00    0.000000e+00    0.000000e+00    0.000000e+00    0.000000e+00    0.000000e+00  
  2   1   4   0.000000e+00    0.000000e+00    0.000000e+00    0.000000e+00    0.000000e+00    0.000000e+00  
  2   1   5   0.000000e+00    0.000000e+00    0.000000e+00    0.000000e+00    0.000000e+00    0.000000e+00  
  2   1   6   0.000000e+00    0.000000e+00    0.000000e+00    0.000000e+00    0.000000e+00    0.000000e+00  
  2   1   7   0.000000e+00    0.000000e+00    0.000000e+00    0.000000e+00    0.000000e+00    0.000000e+00  
  2   1   8   0.000000e+00    0.000000e+00    0.000000e+00    0.000000e+00    0.000000e+00    0.000000e+00  
  2   1   9   0.000000e+00    0.000000e+00    0.000000e+00    0.000000e+00    0.000000e+00    0.000000e+00  
  2   1  10   0.000000e+00    0.000000e+00    0.000000e+00    0.000000e+00    0.000000e+00    0.000000e+00  
  2   1  11   0.000000e+00    0.000000e+00    0.000000e+00    0.000000e+00    0.000000e+00    0.000000e+00  
  2   1  12   0.000000e+00    0.000000e+00    0.000000e+00    0.000000e+00    0.000000e+00    0.000000e+00  
  2   1  13   0.000000e+00    0.000000e+00    0.000000e+00    0.000000e+00    0.000000e+00    0.000000e+00  
  2   1  14   0.000000e+00    0.000000e+00    0.000000e+00    0.000000e+00    0.000000e+00    0.000000e+00  
  2   1  15   0.000000e+00    0.000000e+00    0.000000e+00    0.000000e+00    0.000000e+00    0.000000e+00  
  2   1  16   0.000000e+00    0.000000e+00    0.000000e+00    0.000000e+00    0.000000e+00    0.000000e+00  
  2   1  17   0.000000e+00    0.000000e+00    0.000000e+00    0.000000e+00    0.000000e+00    0.000000e+00  
  2   1  18   0.000000e+00    0.000000e+00    0.000000e+00    0.000000e+00    0.000000e+00    0.000000e+00  
  2   1  19   0.000000e+00    0.000000e+00    0.000000e+00    0.000000e+00    0.000000e+00    0.000000e+00  
  2   1  20   0.000000e+00    0.000000e+00    0.000000e+00    0.000000e+00    0.000000e+00    0.000000e+00  
  2   1  21   0.000000e+00    0.000000e+00    0.000000e+00    0.000000e+00    0.000000e+00    0.000000e+00  
  2   1  22   0.000000e+00    0.000000e+00    0.000000e+00    0.000000e+00    0.000000e+00    0.000000e+00  
  2   1  23   0.000000e+00    0.000000e+00    0.000000e+00    0.000000e+00    0.000000e+00    0.000000e+00  
  2   2   1   0.000000e+00    0.000000e+00    0.000000e+00    0.000000e+00    0.000000e+00    0.000000e+00  
  2   2   2   0.000000e+00    0.000000e+00    0.000000e+00    0.000000e+00    0.000000e+00    0.000000e+00  
  2   2   3   0.000000e+00    0.000000e+00    0.000000e+00    0.000000e+00    0.000000e+00    0.000000e+00  
  2   2   4   0.000000e+00    0.000000e+00    0.000000e+00    0.000000e+00    0.000000e+00    0.000000e+00  
  2   2   5   0.000000e+00    0.000000e+00    0.000000e+00    0.000000e+00    0.000000e+00    0.000000e+00  
  2   2   6   0.000000e+00    0.000000e+00    0.000000e+00    0.000000e+00    0.000000e+00    0.000000e+00  
  2   2   7   0.000000e+00    0.000000e+00    0.000000e+00    0.000000e+00    0.000000e+00    0.000000e+00  
  2   2   8   0.000000e+00    0.000000e+00    0.000000e+00    0.000000e+00    0.000000e+00    0.000000e+00  
  2   2   9   0.000000e+00    0.000000e+00    0.000000e+00    0.000000e+00    0.000000e+00    0.000000e+00  
  2   2  10   0.000000e+00    0.000000e+00    0.000000e+00    0.000000e+00    0.000000e+00    0.000000e+00  
  2   2  11   0.000000e+00    0.000000e+00    0.000000e+00    0.000000e+00    0.000000e+00    0.000000e+00  
  2   2  12   0.000000e+00    0.000000e+00    0.000000e+00    0.000000e+00    0.000000e+00    0.000000e+00  
  2   2  13   0.000000e+00    0.000000e+00    0.000000e+00    0.000000e+00    0.000000e+00    0.000000e+00  
  2   2  14   0.000000e+00    0.000000e+00    0.000000e+00    0.000000e+00    0.000000e+00    0.000000e+00  
  2   2  15   0.000000e+00    0.000000e+00    0.000000e+00    0.000000e+00    0.000000e+00    0.000000e+00  
  2   2  16   0.000000e+00    0.000000e+00    0.000000e+00    0.000000e+00    0.000000e+00    0.000000e+00  
  2   2  17   0.000000e+00    0.000000e+00    0.000000e+00    0.000000e+00    0.000000e+00    0.000000e+00  
  2   2  18   0.000000e+00    0.000000e+00    0.000000e+00    0.000000e+00    0.000000e+00    0.000000e+00  
  2   2  19   0.000000e+00    0.000000e+00    0.000000e+00    0.000000e+00    0.000000e+00    0.000000e+00  
  2   2  20   0.000000e+00    0.000000e+00    0.000000e+00    0.000000e+00    0.000000e+00    0.000000e+00  
  2   2  21   0.000000e+00    0.000000e+00    0.000000e+00    0.000000e+00    0.000000e+00    0.000000e+00  
  2   2  22   0.000000e+00    0.000000e+00    0.000000e+00    0.000000e+00    0.000000e+00    0.000000e+00  
  2   2  23   0.000000e+00    0.000000e+00    0.000000e+00    0.000000e+00    0.000000e+00    0.000000e+00  
  2   2  24   0.000000e+00    0.000000e+00    0.000000e+00    0.000000e+00    0.000000e+00    0.000000e+00  
  2   2  25   0.000000e+00    0.000000e+00    0.000000e+00    0.000000e+00    0.000000e+00    0.000000e+00  
  2   2  26   0.000000e+00    0.000000e+00    0.000000e+00    0.000000e+00    0.000000e+00    0.000000e+00  
  2   2  27   0.000000e+00    0.000000e+00    0.000000e+00    0.000000e+00    0.000000e+00    0.000000e+00  
  2   2  28   0.000000e+00    0.000000e+00    0.000000e+00    0.000000e+00    0.000000e+00    0.000000e+00  
  2   2  29   0.000000e+00    0.000000e+00    0.000000e+00    0.000000e+00    0.000000e+00    0.000000e+00  
  2   2  30   0.000000e+00    0.000000e+00    0.000000e+00    0.000000e+00    0.000000e+00    0.000000e+00  
  2   2  31   0.000000e+00    0.000000e+00    0.000000e+00    0.000000e+00    0.000000e+00    0.000000e+00  
  2   2  32   0.000000e+00    0.000000e+00    0.000000e+00    0.000000e+00    0.000000e+00    0.000000e+00  
  2   2  33   0.000000e+00    0.000000e+00    0.000000e+00    0.000000e+00    0.000000e+00    0.000000e+00  
  2   2  34   0.000000e+00    0.000000e+00    0.000000e+00    0.000000e+00    0.000000e+00    0.000000e+00  
  2   2  35   0.000000e+00    0.000000e+00    0.000000e+00    0.000000e+00    0.000000e+00    0.000000e+00  
  2   2  36   0.000000e+00    0.000000e+00    0.000000e+00    0.000000e+00    0.000000e+00    0.000000e+00  
  2   2  37   0.000000e+00    0.000000e+00    0.000000e+00    0.000000e+00    0.000000e+00    0.000000e+00  
  2   2  38   0.000000e+00    0.000000e+00    0.000000e+00    0.000000e+00    0.000000e+00    0.000000e+00  
  2   2  39   0.000000e+00    0.000000e+00    0.000000e+00    0.000000e+00    0.000000e+00    0.000000e+00  
  2   2  40   0.000000e+00    0.000000e+00    0.000000e+00    0.000000e+00    0.000000e+00    0.000000e+00  
  2   2  41   0.000000e+00    0.000000e+00    0.000000e+00    0.000000e+00    0.000000e+00    0.000000e+00  
  2   2  42   0.000000e+00    0.000000e+00    0.000000e+00    0.000000e+00    0.000000e+00    0.000000e+00  
  2   2  43   0.000000e+00    0.000000e+00    0.000000e+00    0.000000e+00    0.000000e+00    0.000000e+00  
  2   2  44   0.000000e+00    0.000000e+00    0.000000e+00    0.000000e+00    0.000000e+00    0.000000e+00  
  2   2  45   0.000000e+00    0.000000e+00    0.000000e+00    0.000000e+00    0.000000e+00    0.000000e+00  
  2   2  46   0.000000e+00    0.000000e+00    0.000000e+00    0.000000e+00    0.000000e+00    0.000000e+00  
  2   2  47   0.000000e+00    0.000000e+00    0.000000e+00    0.000000e+00    0.000000e+00    0.000000e+00  
  2   2  48   0.000000e+00    0.000000e+00    0.000000e+00    0.000000e+00    0.000000e+00    0.000000e+00  
  2   2  49   0.000000e+00    0.000000e+00    0.000000e+00    0.000000e+00    0.000000e+00    0.000000e+00  
  2   2  50   0.000000e+00    0.000000e+00    0.000000e+00    0.000000e+00    0.000000e+00    0.000000e+00  
  2   2  51   0.000000e+00    0.000000e+00    0.000000e+00    0.000000e+00    0.000000e+00    0.000000e+00  
  2   2  52   0.000000e+00    0.000000e+00    0.000000e+00    0.000000e+00    0.000000e+00    0.000000e+00  
  2   2  53   0.000000e+00    0.000000e+00    0.000000e+00    0.000000e+00    0.000000e+00    0.000000e+00  
  2   2  54   0.000000e+00    0.000000e+00    0.000000e+00    0.000000e+00    0.000000e+00    0.000000e+00  
  2   2  55   0.000000e+00    0.000000e+00    0.000000e+00    0.000000e+00    0.000000e+00    0.000000e+00  
  2   2  56   0.000000e+00    0.000000e+00    0.000000e+00    0.000000e+00    0.000000e+00    0.000000e+00  
  2   2  57   0.000000e+00    0.000000e+00    0.000000e+00    0.000000e+00    0.000000e+00    0.000000e+00  
  2   2  58   0.000000e+00    0.000000e+00    0.000000e+00    0.000000e+00    0.000000e+00    0.000000e+00  
  2   2  59   0.000000e+00    0.000000e+00    0.000000e+00    0.000000e+00    0.000000e+00    0.000000e+00  
  2   2  60   0.000000e+00    0.000000e+00    0.000000e+00    0.000000e+00    0.000000e+00    0.000000e+00  
  2   2  61   0.000000e+00    0.000000e+00    0.000000e+00    0.000000e+00    0.000000e+00    0.000000e+00  
  2   2  62   0.000000e+00    0.000000e+00    0.000000e+00    0.000000e+00    0.000000e+00    0.000000e+00  
  2   3   1   0.000000e+00    0.000000e+00    0.000000e+00    0.000000e+00    0.000000e+00    0.000000e+00  
  2   3   2   0.000000e+00    0.000000e+00    0.000000e+00    0.000000e+00    0.000000e+00    0.000000e+00  
  2   3   3   0.000000e+00    0.000000e+00    0.000000e+00    0.000000e+00    0.000000e+00    0.000000e+00  
  2   3   4   0.000000e+00    0.000000e+00    0.000000e+00    0.000000e+00    0.000000e+00    0.000000e+00  
  2   3   5   0.000000e+00    0.000000e+00    0.000000e+00    0.000000e+00    0.000000e+00    0.000000e+00  
  3   1   1   0.000000e+00    0.000000e+00    0.000000e+00    0.000000e+00    0.000000e+00    0.000000e+00  
  3   1   2   0.000000e+00    0.000000e+00    0.000000e+00    0.000000e+00    0.000000e+00    0.000000e+00  
  3   1   3   0.000000e+00    0.000000e+00    0.000000e+00    0.000000e+00    0.000000e+00    0.000000e+00  
  3   1   4   0.000000e+00    0.000000e+00    0.000000e+00    0.000000e+00    0.000000e+00    0.000000e+00  
  3   1   5   0.000000e+00    0.000000e+00    0.000000e+00    0.000000e+00    0.000000e+00    0.000000e+00  
  3   1   6   0.000000e+00    0.000000e+00    0.000000e+00    0.000000e+00    0.000000e+00    0.000000e+00  
  3   1   7   0.000000e+00    0.000000e+00    0.000000e+00    0.000000e+00    0.000000e+00    0.000000e+00  
  3   1   8   0.000000e+00    0.000000e+00    0.000000e+00    0.000000e+00    0.000000e+00    0.000000e+00  
  3   1   9   0.000000e+00    0.000000e+00    0.000000e+00    0.000000e+00    0.000000e+00    0.000000e+00  
  3   1  10   0.000000e+00    0.000000e+00    0.000000e+00    0.000000e+00    0.000000e+00    0.000000e+00  
  3   1  11   0.000000e+00    0.000000e+00    0.000000e+00    0.000000e+00    0.000000e+00    0.000000e+00  
  3   1  12   0.000000e+00    0.000000e+00    0.000000e+00    0.000000e+00    0.000000e+00    0.000000e+00  
  3   1  13   0.000000e+00    0.000000e+00    0.000000e+00    0.000000e+00    0.000000e+00    0.000000e+00  
  3   1  14   0.000000e+00    0.000000e+00    0.000000e+00    0.000000e+00    0.000000e+00    0.000000e+00  
  3   1  15   0.000000e+00    0.000000e+00    0.000000e+00    0.000000e+00    0.000000e+00    0.000000e+00  
  3   1  16   0.000000e+00    0.000000e+00    0.000000e+00    0.000000e+00    0.000000e+00    0.000000e+00  
  3   1  17   0.000000e+00    0.000000e+00    0.000000e+00    0.000000e+00    0.000000e+00    0.000000e+00  
  3   1  18   0.000000e+00    0.000000e+00    0.000000e+00    0.000000e+00    0.000000e+00    0.000000e+00  
  3   1  19   0.000000e+00    0.000000e+00    0.000000e+00    0.000000e+00    0.000000e+00    0.000000e+00  
  3   1  20   0.000000e+00    0.000000e+00    0.000000e+00    0.000000e+00    0.000000e+00    0.000000e+00  
  3   1  21   0.000000e+00    0.000000e+00    0.000000e+00    0.000000e+00    0.000000e+00    0.000000e+00  
  3   1  22   0.000000e+00    0.000000e+00    0.000000e+00    0.000000e+00    0.000000e+00    0.000000e+00  
  3   1  23   0.000000e+00    0.000000e+00    0.000000e+00    0.000000e+00    0.000000e+00    0.000000e+00  
  3   2   1   0.000000e+00    0.000000e+00    0.000000e+00    0.000000e+00    0.000000e+00    0.000000e+00  
  3   2   2   0.000000e+00    0.000000e+00    0.000000e+00    0.000000e+00    0.000000e+00    0.000000e+00  
  3   2   3   0.000000e+00    0.000000e+00    0.000000e+00    0.000000e+00    0.000000e+00    0.000000e+00  
  3   2   4   0.000000e+00    0.000000e+00    0.000000e+00    0.000000e+00    0.000000e+00    0.000000e+00  
  3   2   5   0.000000e+00    0.000000e+00    0.000000e+00    0.000000e+00    0.000000e+00    0.000000e+00  
  3   2   6   0.000000e+00    0.000000e+00    0.000000e+00    0.000000e+00    0.000000e+00    0.000000e+00  
  3   2   7   0.000000e+00    0.000000e+00    0.000000e+00    0.000000e+00    0.000000e+00    0.000000e+00  
  3   2   8   0.000000e+00    0.000000e+00    0.000000e+00    0.000000e+00    0.000000e+00    0.000000e+00  
  3   2   9   0.000000e+00    0.000000e+00    0.000000e+00    0.000000e+00    0.000000e+00    0.000000e+00  
  3   2  10   0.000000e+00    0.000000e+00    0.000000e+00    0.000000e+00    0.000000e+00    0.000000e+00  
  3   2  11   0.000000e+00    0.000000e+00    0.000000e+00    0.000000e+00    0.000000e+00    0.000000e+00  
  3   2  12   0.000000e+00    0.000000e+00    0.000000e+00    0.000000e+00    0.000000e+00    0.000000e+00  
  3   2  13   0.000000e+00    0.000000e+00    0.000000e+00    0.000000e+00    0.000000e+00    0.000000e+00  
  3   2  14   0.000000e+00    0.000000e+00    0.000000e+00    0.000000e+00    0.000000e+00    0.000000e+00  
  3   2  15   0.000000e+00    0.000000e+00    0.000000e+00    0.000000e+00    0.000000e+00    0.000000e+00  
  3   2  16   0.000000e+00    0.000000e+00    0.000000e+00    0.000000e+00    0.000000e+00    0.000000e+00  
  3   2  17   0.000000e+00    0.000000e+00    0.000000e+00    0.000000e+00    0.000000e+00    0.000000e+00  
  3   2  18   0.000000e+00    0.000000e+00    0.000000e+00    0.000000e+00    0.000000e+00    0.000000e+00  
  3   2  19   0.000000e+00    0.000000e+00    0.000000e+00    0.000000e+00    0.000000e+00    0.000000e+00  
  3   2  20   0.000000e+00    0.000000e+00    0.000000e+00    0.000000e+00    0.000000e+00    0.000000e+00  
  3   2  21   0.000000e+00    0.000000e+00    0.000000e+00    0.000000e+00    0.000000e+00    0.000000e+00  
  3   2  22   0.000000e+00    0.000000e+00    0.000000e+00    0.000000e+00    0.000000e+00    0.000000e+00  
  3   2  23   0.000000e+00    0.000000e+00    0.000000e+00    0.000000e+00    0.000000e+00    0.000000e+00  
  3   2  24   0.000000e+00    0.000000e+00    0.000000e+00    0.000000e+00    0.000000e+00    0.000000e+00  
  3   2  25   0.000000e+00    0.000000e+00    0.000000e+00    0.000000e+00    0.000000e+00    0.000000e+00  
  3   2  26   0.000000e+00    0.000000e+00    0.000000e+00    0.000000e+00    0.000000e+00    0.000000e+00  
  3   2  27   0.000000e+00    0.000000e+00    0.000000e+00    0.000000e+00    0.000000e+00    0.000000e+00  
  3   2  28   0.000000e+00    0.000000e+00    0.000000e+00    0.000000e+00    0.000000e+00    0.000000e+00  
  3   2  29   0.000000e+00    0.000000e+00    0.000000e+00    0.000000e+00    0.000000e+00    0.000000e+00  
  3   2  30   0.000000e+00    0.000000e+00    0.000000e+00    0.000000e+00    0.000000e+00    0.000000e+00  
  3   2  31   0.000000e+00    0.000000e+00    0.000000e+00    0.000000e+00    0.000000e+00    0.000000e+00  
  3   2  32   0.000000e+00    0.000000e+00    0.000000e+00    0.000000e+00    0.000000e+00    0.000000e+00  
  3   2  33   0.000000e+00    0.000000e+00    0.000000e+00    0.000000e+00    0.000000e+00    0.000000e+00  
  3   2  34   0.000000e+00    0.000000e+00    0.000000e+00    0.000000e+00    0.000000e+00    0.000000e+00  
  3   2  35   0.000000e+00    0.000000e+00    0.000000e+00    0.000000e+00    0.000000e+00    0.000000e+00  
  3   2  36   0.000000e+00    0.000000e+00    0.000000e+00    0.000000e+00    0.000000e+00    0.000000e+00  
  3   2  37   0.000000e+00    0.000000e+00    0.000000e+00    0.000000e+00    0.000000e+00    0.000000e+00  
  3   2  38   0.000000e+00    0.000000e+00    0.000000e+00    0.000000e+00    0.000000e+00    0.000000e+00  
  3   2  39   0.000000e+00    0.000000e+00    0.000000e+00    0.000000e+00    0.000000e+00    0.000000e+00  
  3   2  40   0.000000e+00    0.000000e+00    0.000000e+00    0.000000e+00    0.000000e+00    0.000000e+00  
  3   2  41   0.000000e+00    0.000000e+00    0.000000e+00    0.000000e+00    0.000000e+00    0.000000e+00  
  3   2  42   0.000000e+00    0.000000e+00    0.000000e+00    0.000000e+00    0.000000e+00    0.000000e+00  
  3   2  43   0.000000e+00    0.000000e+00    0.000000e+00    0.000000e+00    0.000000e+00    0.000000e+00  
  3   2  44   0.000000e+00    0.000000e+00    0.000000e+00    0.000000e+00    0.000000e+00    0.000000e+00  
  3   2  45   0.000000e+00    0.000000e+00    0.000000e+00    0.000000e+00    0.000000e+00    0.000000e+00  
  3   2  46   0.000000e+00    0.000000e+00    0.000000e+00    0.000000e+00    0.000000e+00    0.000000e+00  
  3   2  47   0.000000e+00    0.000000e+00    0.000000e+00    0.000000e+00    0.000000e+00    0.000000e+00  
  3   2  48   0.000000e+00    0.000000e+00    0.000000e+00    0.000000e+00    0.000000e+00    0.000000e+00  
  3   2  49   0.000000e+00    0.000000e+00    0.000000e+00    0.000000e+00    0.000000e+00    0.000000e+00  
  3   2  50   0.000000e+00    0.000000e+00    0.000000e+00    0.000000e+00    0.000000e+00    0.000000e+00  
  3   2  51   0.000000e+00    0.000000e+00    0.000000e+00    0.000000e+00    0.000000e+00    0.000000e+00  
  3   2  52   0.000000e+00    0.000000e+00    0.000000e+00    0.000000e+00    0.000000e+00    0.000000e+00  
  3   2  53   0.000000e+00    0.000000e+00    0.000000e+00    0.000000e+00    0.000000e+00    0.000000e+00  
  3   2  54   0.000000e+00    0.000000e+00    0.000000e+00    0.000000e+00    0.000000e+00    0.000000e+00  
  3   2  55   0.000000e+00    0.000000e+00    0.000000e+00    0.000000e+00    0.000000e+00    0.000000e+00  
  3   2  56   0.000000e+00    0.000000e+00    0.000000e+00    0.000000e+00    0.000000e+00    0.000000e+00  
  3   2  57   0.000000e+00    0.000000e+00    0.000000e+00    0.000000e+00    0.000000e+00    0.000000e+00  
  3   2  58   0.000000e+00    0.000000e+00    0.000000e+00    0.000000e+00    0.000000e+00    0.000000e+00  
  3   2  59   0.000000e+00    0.000000e+00    0.000000e+00    0.000000e+00    0.000000e+00    0.000000e+00  
  3   2  60   0.000000e+00    0.000000e+00    0.000000e+00    0.000000e+00    0.000000e+00    0.000000e+00  
  3   2  61   0.000000e+00    0.000000e+00    0.000000e+00    0.000000e+00    0.000000e+00    0.000000e+00  
  3   2  62   0.000000e+00    0.000000e+00    0.000000e+00    0.000000e+00    0.000000e+00    0.000000e+00  
  3   3   1   0.000000e+00    0.000000e+00    0.000000e+00    0.000000e+00    0.000000e+00    0.000000e+00  
  3   3   2   0.000000e+00    0.000000e+00    0.000000e+00    0.000000e+00    0.000000e+00    0.000000e+00  
  3   3   3   0.000000e+00    0.000000e+00    0.000000e+00    0.000000e+00    0.000000e+00    0.000000e+00  
  3   3   4   0.000000e+00    0.000000e+00    0.000000e+00    0.000000e+00    0.000000e+00    0.000000e+00  
  3   3   5   0.000000e+00    0.000000e+00    0.000000e+00    0.000000e+00    0.000000e+00    0.000000e+00  
  4   1   1   0.000000e+00    0.000000e+00    0.000000e+00    0.000000e+00    0.000000e+00    0.000000e+00  
  4   1   2   0.000000e+00    0.000000e+00    0.000000e+00    0.000000e+00    0.000000e+00    0.000000e+00  
  4   1   3   0.000000e+00    0.000000e+00    0.000000e+00    0.000000e+00    0.000000e+00    0.000000e+00  
  4   1   4   0.000000e+00    0.000000e+00    0.000000e+00    0.000000e+00    0.000000e+00    0.000000e+00  
  4   1   5   0.000000e+00    0.000000e+00    0.000000e+00    0.000000e+00    0.000000e+00    0.000000e+00  
  4   1   6   0.000000e+00    0.000000e+00    0.000000e+00    0.000000e+00    0.000000e+00    0.000000e+00  
  4   1   7   0.000000e+00    0.000000e+00    0.000000e+00    0.000000e+00    0.000000e+00    0.000000e+00  
  4   1   8   0.000000e+00    0.000000e+00    0.000000e+00    0.000000e+00    0.000000e+00    0.000000e+00  
  4   1   9   0.000000e+00    0.000000e+00    0.000000e+00    0.000000e+00    0.000000e+00    0.000000e+00  
  4   1  10   0.000000e+00    0.000000e+00    0.000000e+00    0.000000e+00    0.000000e+00    0.000000e+00  
  4   1  11   0.000000e+00    0.000000e+00    0.000000e+00    0.000000e+00    0.000000e+00    0.000000e+00  
  4   1  12   0.000000e+00    0.000000e+00    0.000000e+00    0.000000e+00    0.000000e+00    0.000000e+00  
  4   1  13   0.000000e+00    0.000000e+00    0.000000e+00    0.000000e+00    0.000000e+00    0.000000e+00  
  4   1  14   0.000000e+00    0.000000e+00    0.000000e+00    0.000000e+00    0.000000e+00    0.000000e+00  
  4   1  15   0.000000e+00    0.000000e+00    0.000000e+00    0.000000e+00    0.000000e+00    0.000000e+00  
  4   1  16   0.000000e+00    0.000000e+00    0.000000e+00    0.000000e+00    0.000000e+00    0.000000e+00  
  4   1  17   0.000000e+00    0.000000e+00    0.000000e+00    0.000000e+00    0.000000e+00    0.000000e+00  
  4   1  18   0.000000e+00    0.000000e+00    0.000000e+00    0.000000e+00    0.000000e+00    0.000000e+00  
  4   1  19   0.000000e+00    0.000000e+00    0.000000e+00    0.000000e+00    0.000000e+00    0.000000e+00  
  4   1  20   0.000000e+00    0.000000e+00    0.000000e+00    0.000000e+00    0.000000e+00    0.000000e+00  
  4   1  21   0.000000e+00    0.000000e+00    0.000000e+00    0.000000e+00    0.000000e+00    0.000000e+00  
  4   1  22   0.000000e+00    0.000000e+00    0.000000e+00    0.000000e+00    0.000000e+00    0.000000e+00  
  4   1  23   0.000000e+00    0.000000e+00    0.000000e+00    0.000000e+00    0.000000e+00    0.000000e+00  
  4   2   1   0.000000e+00    0.000000e+00    0.000000e+00    0.000000e+00    0.000000e+00    0.000000e+00  
  4   2   2   0.000000e+00    0.000000e+00    0.000000e+00    0.000000e+00    0.000000e+00    0.000000e+00  
  4   2   3   0.000000e+00    0.000000e+00    0.000000e+00    0.000000e+00    0.000000e+00    0.000000e+00  
  4   2   4   0.000000e+00    0.000000e+00    0.000000e+00    0.000000e+00    0.000000e+00    0.000000e+00  
  4   2   5   0.000000e+00    0.000000e+00    0.000000e+00    0.000000e+00    0.000000e+00    0.000000e+00  
  4   2   6   0.000000e+00    0.000000e+00    0.000000e+00    0.000000e+00    0.000000e+00    0.000000e+00  
  4   2   7   0.000000e+00    0.000000e+00    0.000000e+00    0.000000e+00    0.000000e+00    0.000000e+00  
  4   2   8   0.000000e+00    0.000000e+00    0.000000e+00    0.000000e+00    0.000000e+00    0.000000e+00  
  4   2   9   0.000000e+00    0.000000e+00    0.000000e+00    0.000000e+00    0.000000e+00    0.000000e+00  
  4   2  10   0.000000e+00    0.000000e+00    0.000000e+00    0.000000e+00    0.000000e+00    0.000000e+00  
  4   2  11   0.000000e+00    0.000000e+00    0.000000e+00    0.000000e+00    0.000000e+00    0.000000e+00  
  4   2  12   0.000000e+00    0.000000e+00    0.000000e+00    0.000000e+00    0.000000e+00    0.000000e+00  
  4   2  13   0.000000e+00    0.000000e+00    0.000000e+00    0.000000e+00    0.000000e+00    0.000000e+00  
  4   2  14   0.000000e+00    0.000000e+00    0.000000e+00    0.000000e+00    0.000000e+00    0.000000e+00  
  4   2  15   0.000000e+00    0.000000e+00    0.000000e+00    0.000000e+00    0.000000e+00    0.000000e+00  
  4   2  16   0.000000e+00    0.000000e+00    0.000000e+00    0.000000e+00    0.000000e+00    0.000000e+00  
  4   2  17   0.000000e+00    0.000000e+00    0.000000e+00    0.000000e+00    0.000000e+00    0.000000e+00  
  4   2  18   0.000000e+00    0.000000e+00    0.000000e+00    0.000000e+00    0.000000e+00    0.000000e+00  
  4   2  19   0.000000e+00    0.000000e+00    0.000000e+00    0.000000e+00    0.000000e+00    0.000000e+00  
  4   2  20   0.000000e+00    0.000000e+00    0.000000e+00    0.000000e+00    0.000000e+00    0.000000e+00  
  4   2  21   0.000000e+00    0.000000e+00    0.000000e+00    0.000000e+00    0.000000e+00    0.000000e+00  
  4   2  22   0.000000e+00    0.000000e+00    0.000000e+00    0.000000e+00    0.000000e+00    0.000000e+00  
  4   2  23   0.000000e+00    0.000000e+00    0.000000e+00    0.000000e+00    0.000000e+00    0.000000e+00  
  4   2  24   0.000000e+00    0.000000e+00    0.000000e+00    0.000000e+00    0.000000e+00    0.000000e+00  
  4   2  25   0.000000e+00    0.000000e+00    0.000000e+00    0.000000e+00    0.000000e+00    0.000000e+00  
  4   2  26   0.000000e+00    0.000000e+00    0.000000e+00    0.000000e+00    0.000000e+00    0.000000e+00  
  4   2  27   0.000000e+00    0.000000e+00    0.000000e+00    0.000000e+00    0.000000e+00    0.000000e+00  
  4   2  28   0.000000e+00    0.000000e+00    0.000000e+00    0.000000e+00    0.000000e+00    0.000000e+00  
  4   2  29   0.000000e+00    0.000000e+00    0.000000e+00    0.000000e+00    0.000000e+00    0.000000e+00  
  4   2  30   0.000000e+00    0.000000e+00    0.000000e+00    0.000000e+00    0.000000e+00    0.000000e+00  
  4   2  31   0.000000e+00    0.000000e+00    0.000000e+00    0.000000e+00    0.000000e+00    0.000000e+00  
  4   2  32   0.000000e+00    0.000000e+00    0.000000e+00    0.000000e+00    0.000000e+00    0.000000e+00  
  4   2  33   0.000000e+00    0.000000e+00    0.000000e+00    0.000000e+00    0.000000e+00    0.000000e+00  
  4   2  34   0.000000e+00    0.000000e+00    0.000000e+00    0.000000e+00    0.000000e+00    0.000000e+00  
  4   2  35   0.000000e+00    0.000000e+00    0.000000e+00    0.000000e+00    0.000000e+00    0.000000e+00  
  4   2  36   0.000000e+00    0.000000e+00    0.000000e+00    0.000000e+00    0.000000e+00    0.000000e+00  
  4   2  37   0.000000e+00    0.000000e+00    0.000000e+00    0.000000e+00    0.000000e+00    0.000000e+00  
  4   2  38   0.000000e+00    0.000000e+00    0.000000e+00    0.000000e+00    0.000000e+00    0.000000e+00  
  4   2  39   0.000000e+00    0.000000e+00    0.000000e+00    0.000000e+00    0.000000e+00    0.000000e+00  
  4   2  40   0.000000e+00    0.000000e+00    0.000000e+00    0.000000e+00    0.000000e+00    0.000000e+00  
  4   2  41   0.000000e+00    0.000000e+00    0.000000e+00    0.000000e+00    0.000000e+00    0.000000e+00  
  4   2  42   0.000000e+00    0.000000e+00    0.000000e+00    0.000000e+00    0.000000e+00    0.000000e+00  
  4   2  43   0.000000e+00    0.000000e+00    0.000000e+00    0.000000e+00    0.000000e+00    0.000000e+00  
  4   2  44   0.000000e+00    0.000000e+00    0.000000e+00    0.000000e+00    0.000000e+00    0.000000e+00  
  4   2  45   0.000000e+00    0.000000e+00    0.000000e+00    0.000000e+00    0.000000e+00    0.000000e+00  
  4   2  46   0.000000e+00    0.000000e+00    0.000000e+00    0.000000e+00    0.000000e+00    0.000000e+00  
  4   2  47   0.000000e+00    0.000000e+00    0.000000e+00    0.000000e+00    0.000000e+00    0.000000e+00  
  4   2  48   0.000000e+00    0.000000e+00    0.000000e+00    0.000000e+00    0.000000e+00    0.000000e+00  
  4   2  49   0.000000e+00    0.000000e+00    0.000000e+00    0.000000e+00    0.000000e+00    0.000000e+00  
  4   2  50   0.000000e+00    0.000000e+00    0.000000e+00    0.000000e+00    0.000000e+00    0.000000e+00  
  4   2  51   0.000000e+00    0.000000e+00    0.000000e+00    0.000000e+00    0.000000e+00    0.000000e+00  
  4   2  52   0.000000e+00    0.000000e+00    0.000000e+00    0.000000e+00    0.000000e+00    0.000000e+00  
  4   2  53   0.000000e+00    0.000000e+00    0.000000e+00    0.000000e+00    0.000000e+00    0.000000e+00  
  4   2  54   0.000000e+00    0.000000e+00    0.000000e+00    0.000000e+00    0.000000e+00    0.000000e+00  
  4   2  55   0.000000e+00    0.000000e+00    0.000000e+00    0.000000e+00    0.000000e+00    0.000000e+00  
  4   2  56   0.000000e+00    0.000000e+00    0.000000e+00    0.000000e+00    0.000000e+00    0.000000e+00  
  4   2  57   0.000000e+00    0.000000e+00    0.000000e+00    0.000000e+00    0.000000e+00    0.000000e+00  
  4   2  58   0.000000e+00    0.000000e+00    0.000000e+00    0.000000e+00    0.000000e+00    0.000000e+00  
  4   2  59   0.000000e+00    0.000000e+00    0.000000e+00    0.000000e+00    0.000000e+00    0.000000e+00  
  4   2  60   0.000000e+00    0.000000e+00    0.000000e+00    0.000000e+00    0.000000e+00    0.000000e+00  
  4   2  61   0.000000e+00    0.000000e+00    0.000000e+00    0.000000e+00    0.000000e+00    0.000000e+00  
  4   2  62   0.000000e+00    0.000000e+00    0.000000e+00    0.000000e+00    0.000000e+00    0.000000e+00  
  4   3   1   0.000000e+00    0.000000e+00    0.000000e+00    0.000000e+00    0.000000e+00    0.000000e+00  
  4   3   2   0.000000e+00    0.000000e+00    0.000000e+00    0.000000e+00    0.000000e+00    0.000000e+00  
  4   3   3   0.000000e+00    0.000000e+00    0.000000e+00    0.000000e+00    0.000000e+00    0.000000e+00  
  4   3   4   0.000000e+00    0.000000e+00    0.000000e+00    0.000000e+00    0.000000e+00    0.000000e+00  
  4   3   5   0.000000e+00    0.000000e+00    0.000000e+00    0.000000e+00    0.000000e+00    0.000000e+00  
  5   1   1   0.000000e+00    0.000000e+00    0.000000e+00    0.000000e+00    0.000000e+00    0.000000e+00  
  5   1   2   0.000000e+00    0.000000e+00    0.000000e+00    0.000000e+00    0.000000e+00    0.000000e+00  
  5   1   3   0.000000e+00    0.000000e+00    0.000000e+00    0.000000e+00    0.000000e+00    0.000000e+00  
  5   1   4   0.000000e+00    0.000000e+00    0.000000e+00    0.000000e+00    0.000000e+00    0.000000e+00  
  5   1   5   0.000000e+00    0.000000e+00    0.000000e+00    0.000000e+00    0.000000e+00    0.000000e+00  
  5   1   6   0.000000e+00    0.000000e+00    0.000000e+00    0.000000e+00    0.000000e+00    0.000000e+00  
  5   1   7   0.000000e+00    0.000000e+00    0.000000e+00    0.000000e+00    0.000000e+00    0.000000e+00  
  5   1   8   0.000000e+00    0.000000e+00    0.000000e+00    0.000000e+00    0.000000e+00    0.000000e+00  
  5   1   9   0.000000e+00    0.000000e+00    0.000000e+00    0.000000e+00    0.000000e+00    0.000000e+00  
  5   1  10   0.000000e+00    0.000000e+00    0.000000e+00    0.000000e+00    0.000000e+00    0.000000e+00  
  5   1  11   0.000000e+00    0.000000e+00    0.000000e+00    0.000000e+00    0.000000e+00    0.000000e+00  
  5   1  12   0.000000e+00    0.000000e+00    0.000000e+00    0.000000e+00    0.000000e+00    0.000000e+00  
  5   1  13   0.000000e+00    0.000000e+00    0.000000e+00    0.000000e+00    0.000000e+00    0.000000e+00  
  5   1  14   0.000000e+00    0.000000e+00    0.000000e+00    0.000000e+00    0.000000e+00    0.000000e+00  
  5   1  15   0.000000e+00    0.000000e+00    0.000000e+00    0.000000e+00    0.000000e+00    0.000000e+00  
  5   1  16   0.000000e+00    0.000000e+00    0.000000e+00    0.000000e+00    0.000000e+00    0.000000e+00  
  5   1  17   0.000000e+00    0.000000e+00    0.000000e+00    0.000000e+00    0.000000e+00    0.000000e+00  
  5   1  18   0.000000e+00    0.000000e+00    0.000000e+00    0.000000e+00    0.000000e+00    0.000000e+00  
  5   1  19   0.000000e+00    0.000000e+00    0.000000e+00    0.000000e+00    0.000000e+00    0.000000e+00  
  5   1  20   0.000000e+00    0.000000e+00    0.000000e+00    0.000000e+00    0.000000e+00    0.000000e+00  
  5   1  21   0.000000e+00    0.000000e+00    0.000000e+00    0.000000e+00    0.000000e+00    0.000000e+00  
  5   1  22   0.000000e+00    0.000000e+00    0.000000e+00    0.000000e+00    0.000000e+00    0.000000e+00  
  5   1  23   0.000000e+00    0.000000e+00    0.000000e+00    0.000000e+00    0.000000e+00    0.000000e+00  
  5   2   1   0.000000e+00    0.000000e+00    0.000000e+00    0.000000e+00    0.000000e+00    0.000000e+00  
  5   2   2   0.000000e+00    0.000000e+00    0.000000e+00    0.000000e+00    0.000000e+00    0.000000e+00  
  5   2   3   0.000000e+00    0.000000e+00    0.000000e+00    0.000000e+00    0.000000e+00    0.000000e+00  
  5   2   4   0.000000e+00    0.000000e+00    0.000000e+00    0.000000e+00    0.000000e+00    0.000000e+00  
  5   2   5   0.000000e+00    0.000000e+00    0.000000e+00    0.000000e+00    0.000000e+00    0.000000e+00  
  5   2   6   0.000000e+00    0.000000e+00    0.000000e+00    0.000000e+00    0.000000e+00    0.000000e+00  
  5   2   7   0.000000e+00    0.000000e+00    0.000000e+00    0.000000e+00    0.000000e+00    0.000000e+00  
  5   2   8   0.000000e+00    0.000000e+00    0.000000e+00    0.000000e+00    0.000000e+00    0.000000e+00  
  5   2   9   0.000000e+00    0.000000e+00    0.000000e+00    0.000000e+00    0.000000e+00    0.000000e+00  
  5   2  10   0.000000e+00    0.000000e+00    0.000000e+00    0.000000e+00    0.000000e+00    0.000000e+00  
  5   2  11   0.000000e+00    0.000000e+00    0.000000e+00    0.000000e+00    0.000000e+00    0.000000e+00  
  5   2  12   0.000000e+00    0.000000e+00    0.000000e+00    0.000000e+00    0.000000e+00    0.000000e+00  
  5   2  13   0.000000e+00    0.000000e+00    0.000000e+00    0.000000e+00    0.000000e+00    0.000000e+00  
  5   2  14   0.000000e+00    0.000000e+00    0.000000e+00    0.000000e+00    0.000000e+00    0.000000e+00  
  5   2  15   0.000000e+00    0.000000e+00    0.000000e+00    0.000000e+00    0.000000e+00    0.000000e+00  
  5   2  16   0.000000e+00    0.000000e+00    0.000000e+00    0.000000e+00    0.000000e+00    0.000000e+00  
  5   2  17   0.000000e+00    0.000000e+00    0.000000e+00    0.000000e+00    0.000000e+00    0.000000e+00  
  5   2  18   0.000000e+00    0.000000e+00    0.000000e+00    0.000000e+00    0.000000e+00    0.000000e+00  
  5   2  19   0.000000e+00    0.000000e+00    0.000000e+00    0.000000e+00    0.000000e+00    0.000000e+00  
  5   2  20   0.000000e+00    0.000000e+00    0.000000e+00    0.000000e+00    0.000000e+00    0.000000e+00  
  5   2  21   0.000000e+00    0.000000e+00    0.000000e+00    0.000000e+00    0.000000e+00    0.000000e+00  
  5   2  22   0.000000e+00    0.000000e+00    0.000000e+00    0.000000e+00    0.000000e+00    0.000000e+00  
  5   2  23   0.000000e+00    0.000000e+00    0.000000e+00    0.000000e+00    0.000000e+00    0.000000e+00  
  5   2  24   0.000000e+00    0.000000e+00    0.000000e+00    0.000000e+00    0.000000e+00    0.000000e+00  
  5   2  25   0.000000e+00    0.000000e+00    0.000000e+00    0.000000e+00    0.000000e+00    0.000000e+00  
  5   2  26   0.000000e+00    0.000000e+00    0.000000e+00    0.000000e+00    0.000000e+00    0.000000e+00  
  5   2  27   0.000000e+00    0.000000e+00    0.000000e+00    0.000000e+00    0.000000e+00    0.000000e+00  
  5   2  28   0.000000e+00    0.000000e+00    0.000000e+00    0.000000e+00    0.000000e+00    0.000000e+00  
  5   2  29   0.000000e+00    0.000000e+00    0.000000e+00    0.000000e+00    0.000000e+00    0.000000e+00  
  5   2  30   0.000000e+00    0.000000e+00    0.000000e+00    0.000000e+00    0.000000e+00    0.000000e+00  
  5   2  31   0.000000e+00    0.000000e+00    0.000000e+00    0.000000e+00    0.000000e+00    0.000000e+00  
  5   2  32   0.000000e+00    0.000000e+00    0.000000e+00    0.000000e+00    0.000000e+00    0.000000e+00  
  5   2  33   0.000000e+00    0.000000e+00    0.000000e+00    0.000000e+00    0.000000e+00    0.000000e+00  
  5   2  34   0.000000e+00    0.000000e+00    0.000000e+00    0.000000e+00    0.000000e+00    0.000000e+00  
  5   2  35   0.000000e+00    0.000000e+00    0.000000e+00    0.000000e+00    0.000000e+00    0.000000e+00  
  5   2  36   0.000000e+00    0.000000e+00    0.000000e+00    0.000000e+00    0.000000e+00    0.000000e+00  
  5   2  37   0.000000e+00    0.000000e+00    0.000000e+00    0.000000e+00    0.000000e+00    0.000000e+00  
  5   2  38   0.000000e+00    0.000000e+00    0.000000e+00    0.000000e+00    0.000000e+00    0.000000e+00  
  5   2  39   0.000000e+00    0.000000e+00    0.000000e+00    0.000000e+00    0.000000e+00    0.000000e+00  
  5   2  40   0.000000e+00    0.000000e+00    0.000000e+00    0.000000e+00    0.000000e+00    0.000000e+00  
  5   2  41   0.000000e+00    0.000000e+00    0.000000e+00    0.000000e+00    0.000000e+00    0.000000e+00  
  5   2  42   0.000000e+00    0.000000e+00    0.000000e+00    0.000000e+00    0.000000e+00    0.000000e+00  
  5   2  43   0.000000e+00    0.000000e+00    0.000000e+00    0.000000e+00    0.000000e+00    0.000000e+00  
  5   2  44   0.000000e+00    0.000000e+00    0.000000e+00    0.000000e+00    0.000000e+00    0.000000e+00  
  5   2  45   0.000000e+00    0.000000e+00    0.000000e+00    0.000000e+00    0.000000e+00    0.000000e+00  
  5   2  46   0.000000e+00    0.000000e+00    0.000000e+00    0.000000e+00    0.000000e+00    0.000000e+00  
  5   2  47   0.000000e+00    0.000000e+00    0.000000e+00    0.000000e+00    0.000000e+00    0.000000e+00  
  5   2  48   0.000000e+00    0.000000e+00    0.000000e+00    0.000000e+00    0.000000e+00    0.000000e+00  
  5   2  49   0.000000e+00    0.000000e+00    0.000000e+00    0.000000e+00    0.000000e+00    0.000000e+00  
  5   2  50   0.000000e+00    0.000000e+00    0.000000e+00    0.000000e+00    0.000000e+00    0.000000e+00  
  5   2  51   0.000000e+00    0.000000e+00    0.000000e+00    0.000000e+00    0.000000e+00    0.000000e+00  
  5   2  52   0.000000e+00    0.000000e+00    0.000000e+00    0.000000e+00    0.000000e+00    0.000000e+00  
  5   2  53   0.000000e+00    0.000000e+00    0.000000e+00    0.000000e+00    0.000000e+00    0.000000e+00  
  5   2  54   0.000000e+00    0.000000e+00    0.000000e+00    0.000000e+00    0.000000e+00    0.000000e+00  
  5   2  55   0.000000e+00    0.000000e+00    0.000000e+00    0.000000e+00    0.000000e+00    0.000000e+00  
  5   2  56   0.000000e+00    0.000000e+00    0.000000e+00    0.000000e+00    0.000000e+00    0.000000e+00  
  5   2  57   0.000000e+00    0.000000e+00    0.000000e+00    0.000000e+00    0.000000e+00    0.000000e+00  
  5   2  58   0.000000e+00    0.000000e+00    0.000000e+00    0.000000e+00    0.000000e+00    0.000000e+00  
  5   2  59   0.000000e+00    0.000000e+00    0.000000e+00    0.000000e+00    0.000000e+00    0.000000e+00  
  5   2  60   0.000000e+00    0.000000e+00    0.000000e+00    0.000000e+00    0.000000e+00    0.000000e+00  
  5   2  61   0.000000e+00    0.000000e+00    0.000000e+00    0.000000e+00    0.000000e+00    0.000000e+00  
  5   2  62   0.000000e+00    0.000000e+00    0.000000e+00    0.000000e+00    0.000000e+00    0.000000e+00  
  5   3   1   0.000000e+00    0.000000e+00    0.000000e+00    0.000000e+00    0.000000e+00    0.000000e+00  
  5   3   2   0.000000e+00    0.000000e+00    0.000000e+00    0.000000e+00    0.000000e+00    0.000000e+00  
  5   3   3   0.000000e+00    0.000000e+00    0.000000e+00    0.000000e+00    0.000000e+00    0.000000e+00  
  5   3   4   0.000000e+00    0.000000e+00    0.000000e+00    0.000000e+00    0.000000e+00    0.000000e+00  
  5   3   5   0.000000e+00    0.000000e+00    0.000000e+00    0.000000e+00    0.000000e+00    0.000000e+00  
  6   1   1   0.000000e+00    0.000000e+00    0.000000e+00    0.000000e+00    0.000000e+00    0.000000e+00  
  6   1   2   0.000000e+00    0.000000e+00    0.000000e+00    0.000000e+00    0.000000e+00    0.000000e+00  
  6   1   3   0.000000e+00    0.000000e+00    0.000000e+00    0.000000e+00    0.000000e+00    0.000000e+00  
  6   1   4   0.000000e+00    0.000000e+00    0.000000e+00    0.000000e+00    0.000000e+00    0.000000e+00  
  6   1   5   0.000000e+00    0.000000e+00    0.000000e+00    0.000000e+00    0.000000e+00    0.000000e+00  
  6   1   6   0.000000e+00    0.000000e+00    0.000000e+00    0.000000e+00    0.000000e+00    0.000000e+00  
  6   1   7   0.000000e+00    0.000000e+00    0.000000e+00    0.000000e+00    0.000000e+00    0.000000e+00  
  6   1   8   0.000000e+00    0.000000e+00    0.000000e+00    0.000000e+00    0.000000e+00    0.000000e+00  
  6   1   9   0.000000e+00    0.000000e+00    0.000000e+00    0.000000e+00    0.000000e+00    0.000000e+00  
  6   1  10   0.000000e+00    0.000000e+00    0.000000e+00    0.000000e+00    0.000000e+00    0.000000e+00  
  6   1  11   0.000000e+00    0.000000e+00    0.000000e+00    0.000000e+00    0.000000e+00    0.000000e+00  
  6   1  12   0.000000e+00    0.000000e+00    0.000000e+00    0.000000e+00    0.000000e+00    0.000000e+00  
  6   1  13   0.000000e+00    0.000000e+00    0.000000e+00    0.000000e+00    0.000000e+00    0.000000e+00  
  6   1  14   0.000000e+00    0.000000e+00    0.000000e+00    0.000000e+00    0.000000e+00    0.000000e+00  
  6   1  15   0.000000e+00    0.000000e+00    0.000000e+00    0.000000e+00    0.000000e+00    0.000000e+00  
  6   1  16   0.000000e+00    0.000000e+00    0.000000e+00    0.000000e+00    0.000000e+00    0.000000e+00  
  6   1  17   0.000000e+00    0.000000e+00    0.000000e+00    0.000000e+00    0.000000e+00    0.000000e+00  
  6   1  18   0.000000e+00    0.000000e+00    0.000000e+00    0.000000e+00    0.000000e+00    0.000000e+00  
  6   1  19   0.000000e+00    0.000000e+00    0.000000e+00    0.000000e+00    0.000000e+00    0.000000e+00  
  6   1  20   0.000000e+00    0.000000e+00    0.000000e+00    0.000000e+00    0.000000e+00    0.000000e+00  
  6   1  21   0.000000e+00    0.000000e+00    0.000000e+00    0.000000e+00    0.000000e+00    0.000000e+00  
  6   1  22   0.000000e+00    0.000000e+00    0.000000e+00    0.000000e+00    0.000000e+00    0.000000e+00  
  6   1  23   0.000000e+00    0.000000e+00    0.000000e+00    0.000000e+00    0.000000e+00    0.000000e+00  
  6   2   1   0.000000e+00    0.000000e+00    0.000000e+00    0.000000e+00    0.000000e+00    0.000000e+00  
  6   2   2   0.000000e+00    0.000000e+00    0.000000e+00    0.000000e+00    0.000000e+00    0.000000e+00  
  6   2   3   0.000000e+00    0.000000e+00    0.000000e+00    0.000000e+00    0.000000e+00    0.000000e+00  
  6   2   4   0.000000e+00    0.000000e+00    0.000000e+00    0.000000e+00    0.000000e+00    0.000000e+00  
  6   2   5   0.000000e+00    0.000000e+00    0.000000e+00    0.000000e+00    0.000000e+00    0.000000e+00  
  6   2   6   0.000000e+00    0.000000e+00    0.000000e+00    0.000000e+00    0.000000e+00    0.000000e+00  
  6   2   7   0.000000e+00    0.000000e+00    0.000000e+00    0.000000e+00    0.000000e+00    0.000000e+00  
  6   2   8   0.000000e+00    0.000000e+00    0.000000e+00    0.000000e+00    0.000000e+00    0.000000e+00  
  6   2   9   0.000000e+00    0.000000e+00    0.000000e+00    0.000000e+00    0.000000e+00    0.000000e+00  
  6   2  10   0.000000e+00    0.000000e+00    0.000000e+00    0.000000e+00    0.000000e+00    0.000000e+00  
  6   2  11   0.000000e+00    0.000000e+00    0.000000e+00    0.000000e+00    0.000000e+00    0.000000e+00  
  6   2  12   0.000000e+00    0.000000e+00    0.000000e+00    0.000000e+00    0.000000e+00    0.000000e+00  
  6   2  13   0.000000e+00    0.000000e+00    0.000000e+00    0.000000e+00    0.000000e+00    0.000000e+00  
  6   2  14   0.000000e+00    0.000000e+00    0.000000e+00    0.000000e+00    0.000000e+00    0.000000e+00  
  6   2  15   0.000000e+00    0.000000e+00    0.000000e+00    0.000000e+00    0.000000e+00    0.000000e+00  
  6   2  16   0.000000e+00    0.000000e+00    0.000000e+00    0.000000e+00    0.000000e+00    0.000000e+00  
  6   2  17   0.000000e+00    0.000000e+00    0.000000e+00    0.000000e+00    0.000000e+00    0.000000e+00  
  6   2  18   0.000000e+00    0.000000e+00    0.000000e+00    0.000000e+00    0.000000e+00    0.000000e+00  
  6   2  19   0.000000e+00    0.000000e+00    0.000000e+00    0.000000e+00    0.000000e+00    0.000000e+00  
  6   2  20   0.000000e+00    0.000000e+00    0.000000e+00    0.000000e+00    0.000000e+00    0.000000e+00  
  6   2  21   0.000000e+00    0.000000e+00    0.000000e+00    0.000000e+00    0.000000e+00    0.000000e+00  
  6   2  22   0.000000e+00    0.000000e+00    0.000000e+00    0.000000e+00    0.000000e+00    0.000000e+00  
  6   2  23   0.000000e+00    0.000000e+00    0.000000e+00    0.000000e+00    0.000000e+00    0.000000e+00  
  6   2  24   0.000000e+00    0.000000e+00    0.000000e+00    0.000000e+00    0.000000e+00    0.000000e+00  
  6   2  25   0.000000e+00    0.000000e+00    0.000000e+00    0.000000e+00    0.000000e+00    0.000000e+00  
  6   2  26   0.000000e+00    0.000000e+00    0.000000e+00    0.000000e+00    0.000000e+00    0.000000e+00  
  6   2  27   0.000000e+00    0.000000e+00    0.000000e+00    0.000000e+00    0.000000e+00    0.000000e+00  
  6   2  28   0.000000e+00    0.000000e+00    0.000000e+00    0.000000e+00    0.000000e+00    0.000000e+00  
  6   2  29   0.000000e+00    0.000000e+00    0.000000e+00    0.000000e+00    0.000000e+00    0.000000e+00  
  6   2  30   0.000000e+00    0.000000e+00    0.000000e+00    0.000000e+00    0.000000e+00    0.000000e+00  
  6   2  31   0.000000e+00    0.000000e+00    0.000000e+00    0.000000e+00    0.000000e+00    0.000000e+00  
  6   2  32   0.000000e+00    0.000000e+00    0.000000e+00    0.000000e+00    0.000000e+00    0.000000e+00  
  6   2  33   0.000000e+00    0.000000e+00    0.000000e+00    0.000000e+00    0.000000e+00    0.000000e+00  
  6   2  34   0.000000e+00    0.000000e+00    0.000000e+00    0.000000e+00    0.000000e+00    0.000000e+00  
  6   2  35   0.000000e+00    0.000000e+00    0.000000e+00    0.000000e+00    0.000000e+00    0.000000e+00  
  6   2  36   0.000000e+00    0.000000e+00    0.000000e+00    0.000000e+00    0.000000e+00    0.000000e+00  
  6   2  37   0.000000e+00    0.000000e+00    0.000000e+00    0.000000e+00    0.000000e+00    0.000000e+00  
  6   2  38   0.000000e+00    0.000000e+00    0.000000e+00    0.000000e+00    0.000000e+00    0.000000e+00  
  6   2  39   0.000000e+00    0.000000e+00    0.000000e+00    0.000000e+00    0.000000e+00    0.000000e+00  
  6   2  40   0.000000e+00    0.000000e+00    0.000000e+00    0.000000e+00    0.000000e+00    0.000000e+00  
  6   2  41   0.000000e+00    0.000000e+00    0.000000e+00    0.000000e+00    0.000000e+00    0.000000e+00  
  6   2  42   0.000000e+00    0.000000e+00    0.000000e+00    0.000000e+00    0.000000e+00    0.000000e+00  
  6   2  43   0.000000e+00    0.000000e+00    0.000000e+00    0.000000e+00    0.000000e+00    0.000000e+00  
  6   2  44   0.000000e+00    0.000000e+00    0.000000e+00    0.000000e+00    0.000000e+00    0.000000e+00  
  6   2  45   0.000000e+00    0.000000e+00    0.000000e+00    0.000000e+00    0.000000e+00    0.000000e+00  
  6   2  46   0.000000e+00    0.000000e+00    0.000000e+00    0.000000e+00    0.000000e+00    0.000000e+00  
  6   2  47   0.000000e+00    0.000000e+00    0.000000e+00    0.000000e+00    0.000000e+00    0.000000e+00  
  6   2  48   0.000000e+00    0.000000e+00    0.000000e+00    0.000000e+00    0.000000e+00    0.000000e+00  
  6   2  49   0.000000e+00    0.000000e+00    0.000000e+00    0.000000e+00    0.000000e+00    0.000000e+00  
  6   2  50   0.000000e+00    0.000000e+00    0.000000e+00    0.000000e+00    0.000000e+00    0.000000e+00  
  6   2  51   0.000000e+00    0.000000e+00    0.000000e+00    0.000000e+00    0.000000e+00    0.000000e+00  
  6   2  52   0.000000e+00    0.000000e+00    0.000000e+00    0.000000e+00    0.000000e+00    0.000000e+00  
  6   2  53   0.000000e+00    0.000000e+00    0.000000e+00    0.000000e+00    0.000000e+00    0.000000e+00  
  6   2  54   0.000000e+00    0.000000e+00    0.000000e+00    0.000000e+00    0.000000e+00    0.000000e+00  
  6   2  55   0.000000e+00    0.000000e+00    0.000000e+00    0.000000e+00    0.000000e+00    0.000000e+00  
  6   2  56   0.000000e+00    0.000000e+00    0.000000e+00    0.000000e+00    0.000000e+00    0.000000e+00  
  6   2  57   0.000000e+00    0.000000e+00    0.000000e+00    0.000000e+00    0.000000e+00    0.000000e+00  
  6   2  58   0.000000e+00    0.000000e+00    0.000000e+00    0.000000e+00    0.000000e+00    0.000000e+00  
  6   2  59   0.000000e+00    0.000000e+00    0.000000e+00    0.000000e+00    0.000000e+00    0.000000e+00  
  6   2  60   0.000000e+00    0.000000e+00    0.000000e+00    0.000000e+00    0.000000e+00    0.000000e+00  
  6   2  61   0.000000e+00    0.000000e+00    0.000000e+00    0.000000e+00    0.000000e+00    0.000000e+00  
  6   2  62   0.000000e+00    0.000000e+00    0.000000e+00    0.000000e+00    0.000000e+00    0.000000e+00  
  6   3   1   0.000000e+00    0.000000e+00    0.000000e+00    0.000000e+00    0.000000e+00    0.000000e+00  
  6   3   2   0.000000e+00    0.000000e+00    0.000000e+00    0.000000e+00    0.000000e+00    0.000000e+00  
  6   3   3   0.000000e+00    0.000000e+00    0.000000e+00    0.000000e+00    0.000000e+00    0.000000e+00  
  6   3   4   0.000000e+00    0.000000e+00    0.000000e+00    0.000000e+00    0.000000e+00    0.000000e+00  
  6   3   5   0.000000e+00    0.000000e+00    0.000000e+00    0.000000e+00    0.000000e+00    0.000000e+00  
