1 1 1 136.094 136.094 119.753 119.753 -0.000
1 1 2 138.736 138.736 88.719 88.719 0.000
1 1 3 138.877 138.877 62.388 62.388 0.000
1 1 4 148.545 148.545 57.702 57.702 0.003
1 1 5 151.205 151.205 47.431 47.431 0.002
1 1 6 153.744 153.744 45.918 45.918 -0.004
1 1 7 155.787 155.787 45.268 45.268 0.001
1 1 8 161.213 161.213 50.933 50.933 0.001
1 1 9 164.887 164.887 56.667 56.667 0.002
1 1 10 168.975 168.975 66.300 66.300 -0.004
1 1 11 175.864 175.864 90.377 90.377 -0.007
1 1 12 184.412 184.412 137.279 137.279 0.002
1 1 13 167.992 167.992 159.673 159.673 -0.002
1 1 14 171.450 171.450 316.390 316.390 -0.002
1 1 15 187.509 187.509 2091.994 2091.994 0.000
1 1 16 191.488 191.488 2188.629 2188.629 0.000
1 1 17 195.466 195.466 2287.532 2287.532 0.000
1 1 18 199.444 199.444 2388.709 2388.709 0.000
1 1 19 203.423 203.423 2492.164 2492.164 0.000
1 1 20 207.401 207.401 2597.902 2597.902 0.000
1 1 21 211.379 211.379 2705.928 2705.928 0.000
1 1 22 215.358 215.358 2816.246 2816.246 0.000
1 1 23 219.336 219.336 2928.862 2928.862 0.000
1 2 1 140.460 140.460 254.859 254.859 -0.000
1 2 2 137.193 137.193 155.563 155.563 0.000
1 2 3 149.184 149.184 149.231 149.231 -0.003
1 2 4 161.293 161.293 132.632 132.632 -0.004
1 2 5 158.630 158.630 115.042 115.042 -0.004
1 2 6 169.181 169.181 114.068 114.068 0.004
1 2 7 164.720 164.720 91.016 91.016 -0.004
1 2 8 171.492 171.492 89.203 89.203 -0.003
1 2 9 173.888 173.888 84.636 84.636 0.006
1 2 10 177.487 177.487 77.906 77.906 0.010
1 2 11 187.956 187.956 79.692 79.692 -0.002
1 2 12 188.171 188.171 77.509 77.509 0.001
1 2 13 190.712 190.712 74.529 74.529 -0.001
1 2 14 196.313 196.313 84.503 84.503 0.000
1 2 15 197.311 197.311 86.231 86.231 -0.000
1 2 16 199.685 199.685 138.682 138.682 0.000
1 2 17 204.162 204.162 161.823 161.823 0.004
1 2 18 208.149 208.149 162.702 162.702 0.007
1 2 19 213.348 213.348 382.163 382.163 -0.014
1 2 20 192.397 192.397 287.446 287.446 -0.005
1 2 21 221.996 221.996 698.490 698.490 0.009
1 2 22 224.675 224.675 3083.602 3083.602 0.000
1 2 23 228.751 228.751 3204.567 3204.567 0.000
1 2 24 232.828 232.828 3327.960 3327.960 0.000
1 2 25 74.169 74.169 348.341 348.341 0.003
1 2 26 240.982 240.982 3582.058 3582.058 0.000
1 2 27 245.059 245.059 3712.772 3712.772 0.000
1 2 28 249.135 249.135 3845.938 3845.938 0.000
1 2 29 253.212 253.212 3981.561 3981.561 0.000
1 2 30 257.289 257.289 4119.646 4119.646 0.000
1 2 31 261.366 261.366 4260.199 4260.199 0.000
1 2 32 265.443 265.443 4403.227 4403.227 0.000
1 2 33 269.519 269.519 4548.735 4548.735 0.000
1 2 34 273.596 273.596 4696.729 4696.729 0.000
1 2 35 277.673 277.673 4847.216 4847.216 0.000
1 2 36 281.750 281.750 5000.202 5000.202 0.000
1 2 37 285.827 285.827 5155.694 5155.694 0.000
1 2 38 289.903 289.903 5313.698 5313.698 0.000
1 2 39 293.980 293.980 5474.222 5474.222 0.000
1 2 40 298.057 298.057 5637.272 5637.272 0.000
1 2 41 302.134 302.134 5802.856 5802.856 0.000
1 2 42 306.211 306.211 5970.981 5970.981 0.000
1 2 43 310.287 310.287 6141.655 6141.655 0.000
1 2 44 314.364 314.364 6314.886 6314.886 0.000
1 2 45 318.441 318.441 6490.682 6490.682 0.000
1 2 46 322.518 322.518 6669.053 6669.053 0.000
1 2 47 326.595 326.595 6850.006 6850.006 0.000
1 2 48 330.671 330.671 7033.551 7033.551 0.000
1 2 49 334.748 334.748 7219.699 7219.699 0.000
1 2 50 338.825 338.825 7408.458 7408.458 0.000
1 2 51 342.902 342.902 7599.839 7599.839 0.000
1 2 52 346.979 346.979 7793.853 7793.853 0.000
1 2 53 351.055 351.055 7990.513 7990.513 0.000
1 2 54 355.132 355.132 8189.829 8189.829 0.000
1 2 55 359.209 359.209 8391.815 8391.815 0.000
1 2 56 363.286 363.286 8596.484 8596.484 0.000
1 2 57 367.363 367.363 8803.850 8803.850 0.000
1 2 58 371.439 371.439 9013.929 9013.929 0.000
1 2 59 375.516 375.516 9226.735 9226.735 0.000
1 2 60 379.593 379.593 9442.287 9442.287 0.000
1 2 61 383.670 383.670 9660.601 9660.601 0.000
1 2 62 387.747 387.747 9881.699 9881.699 0.000
1 3 1 218.151 218.151 2895.085 2895.085 0.000
1 3 2 221.598 221.598 2993.904 2993.904 0.000
1 3 3 225.044 225.044 3094.453 3094.453 0.000
1 3 4 228.490 228.490 3196.735 3196.735 0.000
1 3 5 231.936 231.936 3300.752 3300.752 0.000
2 1 1 135.565 135.565 119.261 119.261 -0.003
2 1 2 138.736 138.736 88.719 88.719 0.000
2 1 3 142.642 142.642 64.946 64.946 -0.000
2 1 4 146.014 146.014 56.261 56.261 -0.003
2 1 5 150.352 150.352 47.039 47.039 0.004
2 1 6 155.153 155.153 46.687 46.687 0.001
2 1 7 154.894 154.894 47.336 47.336 -0.008
2 1 8 162.553 162.553 49.231 49.231 -0.000
2 1 9 171.858 171.858 76.826 76.826 0.001
2 1 10 169.384 169.384 88.467 88.467 -0.000
2 1 11 169.305 169.305 90.421 90.421 0.006
2 1 12 160.336 160.336 149.664 149.664 0.004
2 1 13 173.117 173.117 184.455 184.455 0.005
2 1 14 166.860 166.860 1464.487 1464.487 0.006
2 1 15 187.509 187.509 2091.994 2091.994 0.000
2 1 16 191.488 191.488 2188.629 2188.629 0.000
2 1 17 195.466 195.466 2287.532 2287.532 0.000
2 1 18 199.444 199.444 2388.709 2388.709 0.000
2 1 19 203.423 203.423 2492.164 2492.164 0.000
2 1 20 207.401 207.401 2597.902 2597.902 0.000
2 1 21 211.379 211.379 2705.928 2705.928 0.000
2 1 22 215.358 215.358 2816.246 2816.246 0.000
2 1 23 219.336 219.336 2928.862 2928.862 0.000
2 2 1 140.460 140.460 254.859 254.859 -0.000
2 2 2 137.193 137.193 155.563 155.563 0.000
2 2 3 139.197 139.197 134.417 134.417 0.000
2 2 4 161.293 161.293 132.632 132.632 0.004
2 2 5 158.630 158.630 115.042 115.042 -0.004
2 2 6 169.181 169.181 114.068 114.068 0.004
2 2 7 164.720 164.720 91.016 91.016 0.004
2 2 8 174.485 174.485 91.607 91.607 -0.002
2 2 9 176.397 176.397 86.391 86.391 -0.004
2 2 10 176.966 176.966 77.449 77.449 0.004
2 2 11 180.375 180.375 74.934 74.934 -0.002
2 2 12 192.063 192.063 82.328 82.328 -0.000
2 2 13 190.187 190.187 74.777 74.777 0.003
2 2 14 198.411 198.411 81.899 81.899 -0.001
2 2 15 202.992 202.992 98.378 98.378 0.001
2 2 16 218.259 218.259 156.526 156.526 -0.003
2 2 17 211.613 211.613 179.465 179.465 -0.010
2 2 18 234.226 234.226 264.097 264.097 -0.003
2 2 19 224.181 224.181 283.980 283.980 -0.005
2 2 20 200.886 200.886 378.807 378.807 -0.010
2 2 21 187.804 187.804 354.962 354.962 0.009
2 2 22 212.326 212.326 4226.755 4226.755 -0.001
2 2 23 228.751 228.751 3204.567 3204.567 0.000
2 2 24 232.828 232.828 3327.960 3327.960 0.000
2 2 25 236.905 236.905 3453.789 3453.789 0.000
2 2 26 240.982 240.982 3582.058 3582.058 0.000
2 2 27 245.059 245.059 3712.772 3712.772 0.000
2 2 28 249.135 249.135 3845.938 3845.938 0.000
2 2 29 253.212 253.212 3981.561 3981.561 0.000
2 2 30 257.289 257.289 4119.646 4119.646 0.000
2 2 31 261.366 261.366 4260.199 4260.199 0.000
2 2 32 265.443 265.443 4403.227 4403.227 0.000
2 2 33 269.519 269.519 4548.735 4548.735 0.000
2 2 34 273.596 273.596 4696.729 4696.729 0.000
2 2 35 277.673 277.673 4847.216 4847.216 0.000
2 2 36 281.750 281.750 5000.202 5000.202 0.000
2 2 37 285.827 285.827 5155.694 5155.694 0.000
2 2 38 289.903 289.903 5313.698 5313.698 0.000
2 2 39 293.980 293.980 5474.222 5474.222 0.000
2 2 40 298.057 298.057 5637.272 5637.272 0.000
2 2 41 302.134 302.134 5802.856 5802.856 0.000
2 2 42 306.211 306.211 5970.981 5970.981 0.000
2 2 43 310.287 310.287 6141.655 6141.655 0.000
2 2 44 314.364 314.364 6314.886 6314.886 0.000
2 2 45 318.441 318.441 6490.682 6490.682 0.000
2 2 46 322.518 322.518 6669.053 6669.053 0.000
2 2 47 326.595 326.595 6850.006 6850.006 0.000
2 2 48 330.671 330.671 7033.551 7033.551 0.000
2 2 49 334.748 334.748 7219.699 7219.699 0.000
2 2 50 338.825 338.825 7408.458 7408.458 0.000
2 2 51 342.902 342.902 7599.839 7599.839 0.000
2 2 52 346.979 346.979 7793.853 7793.853 0.000
2 2 53 351.055 351.055 7990.513 7990.513 0.000
2 2 54 355.132 355.132 8189.829 8189.829 0.000
2 2 55 359.209 359.209 8391.815 8391.815 0.000
2 2 56 363.286 363.286 8596.484 8596.484 0.000
2 2 57 367.363 367.363 8803.850 8803.850 0.000
2 2 58 371.439 371.439 9013.929 9013.929 0.000
2 2 59 375.516 375.516 9226.735 9226.735 0.000
2 2 60 379.593 379.593 9442.287 9442.287 0.000
2 2 61 383.670 383.670 9660.601 9660.601 0.000
2 2 62 387.747 387.747 9881.699 9881.699 0.000
2 3 1 218.151 218.151 2895.085 2895.085 0.000
2 3 2 221.598 221.598 2993.904 2993.904 0.000
2 3 3 225.044 225.044 3094.453 3094.453 0.000
2 3 4 228.490 228.490 3196.735 3196.735 0.000
2 3 5 231.936 231.936 3300.752 3300.752 0.000
3 1 1 127.304 127.304 108.153 108.153 -0.007
3 1 2 138.736 138.736 88.719 88.719 0.000
3 1 3 138.912 138.912 62.412 62.412 0.000
3 1 4 144.291 144.291 55.252 55.252 0.008
3 1 5 151.079 151.079 47.373 47.373 -0.007
3 1 6 151.284 151.284 43.924 43.924 -0.008
3 1 7 157.899 157.899 47.282 47.282 -0.003
3 1 8 161.034 161.034 56.789 56.789 -0.005
3 1 9 165.436 165.436 65.197 65.197 0.001
3 1 10 171.133 171.133 93.331 93.331 0.005
3 1 11 169.962 169.962 124.839 124.839 0.003
3 1 12 196.127 196.127 177.883 177.883 -0.031
3 1 13 163.970 163.970 173.131 173.131 -0.012
3 1 14 183.531 183.531 1997.625 1997.625 0.000
3 1 15 187.509 187.509 2091.994 2091.994 0.000
3 1 16 191.488 191.488 2188.629 2188.629 0.000
3 1 17 195.466 195.466 2287.532 2287.532 0.000
3 1 18 199.444 199.444 2388.709 2388.709 0.000
3 1 19 203.423 203.423 2492.164 2492.164 0.000
3 1 20 207.401 207.401 2597.902 2597.902 0.000
3 1 21 211.379 211.379 2705.928 2705.928 0.000
3 1 22 215.358 215.358 2816.246 2816.246 0.000
3 1 23 219.336 219.336 2928.862 2928.862 0.000
3 2 1 140.460 140.460 254.859 254.859 -0.000
3 2 2 137.193 137.193 155.563 155.563 0.000
3 2 3 149.184 149.184 149.231 149.231 0.003
3 2 4 161.293 161.293 132.632 132.632 0.004
3 2 5 158.630 158.630 115.042 115.042 0.004
3 2 6 160.719 160.719 105.630 105.630 0.004
3 2 7 168.001 168.001 93.729 93.729 0.005
3 2 8 174.547 174.547 91.630 91.630 0.004
3 2 9 176.229 176.229 86.264 86.264 -0.004
3 2 10 174.902 174.902 78.685 78.685 -0.005
3 2 11 185.524 185.524 80.641 80.641 0.001
3 2 12 187.961 187.961 77.381 77.381 -0.002
3 2 13 193.333 193.333 80.646 80.646 0.000
3 2 14 195.509 195.509 81.801 81.801 -0.000
3 2 15 203.097 203.097 91.994 91.994 0.002
3 2 16 203.384 203.384 110.957 110.957 0.002
3 2 17 215.181 215.181 176.631 176.631 0.001
3 2 18 201.356 201.356 219.264 219.264 0.002
3 2 19 219.889 219.889 392.045 392.045 0.002
3 2 20 243.173 243.173 463.067 463.067 -0.014
3 2 21 220.598 220.598 2965.063 2965.063 0.000
3 2 22 224.675 224.675 3083.602 3083.602 0.000
3 2 23 179.685 179.685 389.161 389.161 -0.019
3 2 24 232.828 232.828 3327.960 3327.960 0.000
3 2 25 236.905 236.905 3453.789 3453.789 0.000
3 2 26 240.982 240.982 3582.058 3582.058 0.000
3 2 27 245.059 245.059 3712.772 3712.772 0.000
3 2 28 249.135 249.135 3845.938 3845.938 0.000
3 2 29 253.212 253.212 3981.561 3981.561 0.000
3 2 30 257.289 257.289 4119.646 4119.646 0.000
3 2 31 261.366 261.366 4260.199 4260.199 0.000
3 2 32 265.443 265.443 4403.227 4403.227 0.000
3 2 33 269.519 269.519 4548.735 4548.735 0.000
3 2 34 273.596 273.596 4696.729 4696.729 0.000
3 2 35 277.673 277.673 4847.216 4847.216 0.000
3 2 36 281.750 281.750 5000.202 5000.202 0.000
3 2 37 285.827 285.827 5155.694 5155.694 0.000
3 2 38 289.903 289.903 5313.698 5313.698 0.000
3 2 39 293.980 293.980 5474.222 5474.222 0.000
3 2 40 298.057 298.057 5637.272 5637.272 0.000
3 2 41 302.134 302.134 5802.856 5802.856 0.000
3 2 42 306.211 306.211 5970.981 5970.981 0.000
3 2 43 310.287 310.287 6141.655 6141.655 0.000
3 2 44 314.364 314.364 6314.886 6314.886 0.000
3 2 45 318.441 318.441 6490.682 6490.682 0.000
3 2 46 322.518 322.518 6669.053 6669.053 0.000
3 2 47 326.595 326.595 6850.006 6850.006 0.000
3 2 48 330.671 330.671 7033.551 7033.551 0.000
3 2 49 334.748 334.748 7219.699 7219.699 0.000
3 2 50 338.825 338.825 7408.458 7408.458 0.000
3 2 51 342.902 342.902 7599.839 7599.839 0.000
3 2 52 346.979 346.979 7793.853 7793.853 0.000
3 2 53 351.055 351.055 7990.513 7990.513 0.000
3 2 54 355.132 355.132 8189.829 8189.829 0.000
3 2 55 359.209 359.209 8391.815 8391.815 0.000
3 2 56 363.286 363.286 8596.484 8596.484 0.000
3 2 57 367.363 367.363 8803.850 8803.850 0.000
3 2 58 371.439 371.439 9013.929 9013.929 0.000
3 2 59 375.516 375.516 9226.735 9226.735 0.000
3 2 60 379.593 379.593 9442.287 9442.287 0.000
3 2 61 383.670 383.670 9660.601 9660.601 0.000
3 2 62 387.747 387.747 9881.699 9881.699 0.000
3 3 1 218.151 218.151 2895.085 2895.085 0.000
3 3 2 221.598 221.598 2993.904 2993.904 0.000
3 3 3 225.044 225.044 3094.453 3094.453 0.000
3 3 4 228.490 228.490 3196.735 3196.735 0.000
3 3 5 231.936 231.936 3300.752 3300.752 0.000
4 1 1 127.843 127.843 108.976 108.976 -0.002
4 1 2 138.736 138.736 88.719 88.719 0.000
4 1 3 142.591 142.591 64.912 64.912 0.001
4 1 4 146.014 146.014 56.261 56.261 0.003
4 1 5 151.248 151.248 47.453 47.453 0.004
4 1 6 151.146 151.146 45.631 45.631 -0.001
4 1 7 160.308 160.308 56.644 56.644 -0.004
4 1 8 157.248 157.248 66.349 66.349 0.002
4 1 9 166.920 166.920 137.404 137.404 0.005
4 1 10 184.708 184.708 180.358 180.358 0.003
4 1 11 203.120 203.120 2691.193 2691.193 0.010
4 1 12 187.072 187.072 2498.202 2498.202 -0.012
4 1 13 179.553 179.553 1905.514 1905.514 0.000
4 1 14 183.531 183.531 1997.625 1997.625 0.000
4 1 15 187.509 187.509 2091.994 2091.994 0.000
4 1 16 191.488 191.488 2188.629 2188.629 0.000
4 1 17 195.466 195.466 2287.532 2287.532 0.000
4 1 18 199.444 199.444 2388.709 2388.709 0.000
4 1 19 203.423 203.423 2492.164 2492.164 0.000
4 1 20 207.401 207.401 2597.902 2597.902 0.000
4 1 21 211.379 211.379 2705.928 2705.928 0.000
4 1 22 215.358 215.358 2816.246 2816.246 0.000
4 1 23 219.336 219.336 2928.862 2928.862 0.000
4 2 1 140.460 140.460 254.859 254.859 -0.000
4 2 2 137.193 137.193 155.563 155.563 0.000
4 2 3 139.197 139.197 134.417 134.417 0.000
4 2 4 161.293 161.293 132.632 132.632 -0.004
4 2 5 158.630 158.630 115.042 115.042 0.004
4 2 6 160.719 160.719 105.630 105.630 0.004
4 2 7 167.848 167.848 93.576 93.576 0.004
4 2 8 168.987 168.987 87.331 87.331 -0.005
4 2 9 173.830 173.830 84.548 84.548 -0.003
4 2 10 176.966 176.966 77.449 77.449 -0.004
4 2 11 183.404 183.404 79.234 79.234 -0.000
4 2 12 187.037 187.037 74.621 74.621 -0.002
4 2 13 194.306 194.306 88.690 88.690 -0.001
4 2 14 198.528 198.528 101.386 101.386 -0.001
4 2 15 200.354 200.354 121.745 121.745 -0.003
4 2 16 185.853 185.853 208.805 208.805 0.007
4 2 17 280.751 280.751 4753.346 4753.346 -0.025
4 2 18 211.640 211.640 2751.153 2751.153 0.002
4 2 19 234.613 234.613 2797.904 2797.904 0.013
4 2 20 216.521 216.521 2848.942 2848.942 0.000
4 2 21 220.598 220.598 2965.063 2965.063 0.000
4 2 22 224.675 224.675 3083.602 3083.602 0.000
4 2 23 228.751 228.751 3204.567 3204.567 0.000
4 2 24 232.828 232.828 3327.960 3327.960 0.000
4 2 25 236.905 236.905 3453.789 3453.789 0.000
4 2 26 240.982 240.982 3582.058 3582.058 0.000
4 2 27 245.059 245.059 3712.772 3712.772 0.000
4 2 28 249.135 249.135 3845.938 3845.938 0.000
4 2 29 253.212 253.212 3981.561 3981.561 0.000
4 2 30 257.289 257.289 4119.646 4119.646 0.000
4 2 31 261.366 261.366 4260.199 4260.199 0.000
4 2 32 265.443 265.443 4403.227 4403.227 0.000
4 2 33 269.519 269.519 4548.735 4548.735 0.000
4 2 34 273.596 273.596 4696.729 4696.729 0.000
4 2 35 277.673 277.673 4847.216 4847.216 0.000
4 2 36 281.750 281.750 5000.202 5000.202 0.000
4 2 37 285.827 285.827 5155.694 5155.694 0.000
4 2 38 289.903 289.903 5313.698 5313.698 0.000
4 2 39 293.980 293.980 5474.222 5474.222 0.000
4 2 40 298.057 298.057 5637.272 5637.272 0.000
4 2 41 302.134 302.134 5802.856 5802.856 0.000
4 2 42 306.211 306.211 5970.981 5970.981 0.000
4 2 43 310.287 310.287 6141.655 6141.655 0.000
4 2 44 314.364 314.364 6314.886 6314.886 0.000
4 2 45 318.441 318.441 6490.682 6490.682 0.000
4 2 46 322.518 322.518 6669.053 6669.053 0.000
4 2 47 326.595 326.595 6850.006 6850.006 0.000
4 2 48 330.671 330.671 7033.551 7033.551 0.000
4 2 49 334.748 334.748 7219.699 7219.699 0.000
4 2 50 338.825 338.825 7408.458 7408.458 0.000
4 2 51 342.902 342.902 7599.839 7599.839 0.000
4 2 52 346.979 346.979 7793.853 7793.853 0.000
4 2 53 351.055 351.055 7990.513 7990.513 0.000
4 2 54 355.132 355.132 8189.829 8189.829 0.000
4 2 55 359.209 359.209 8391.815 8391.815 0.000
4 2 56 363.286 363.286 8596.484 8596.484 0.000
4 2 57 367.363 367.363 8803.850 8803.850 0.000
4 2 58 371.439 371.439 9013.929 9013.929 0.000
4 2 59 375.516 375.516 9226.735 9226.735 0.000
4 2 60 379.593 379.593 9442.287 9442.287 0.000
4 2 61 383.670 383.670 9660.601 9660.601 0.000
4 2 62 387.747 387.747 9881.699 9881.699 0.000
4 3 1 218.151 218.151 2895.085 2895.085 0.000
4 3 2 221.598 221.598 2993.904 2993.904 0.000
4 3 3 225.044 225.044 3094.453 3094.453 0.000
4 3 4 228.490 228.490 3196.735 3196.735 0.000
4 3 5 231.936 231.936 3300.752 3300.752 0.000
5 1 1 127.882 127.882 108.664 108.664 0.012
5 1 2 138.736 138.736 88.719 88.719 0.000
5 1 3 142.497 142.497 64.856 64.856 0.002
5 1 4 148.619 148.619 57.744 57.744 -0.003
5 1 5 150.879 150.879 49.814 49.814 -0.003
5 1 6 150.713 150.713 52.451 52.451 0.003
5 1 7 157.943 157.943 78.881 78.881 0.003
5 1 8 165.001 165.001 140.856 140.856 -0.005
5 1 9 163.016 163.016 145.857 145.857 -0.017
5 1 10 163.020 163.020 405.031 405.031 0.001
5 1 11 171.596 171.596 1728.054 1728.054 0.000
5 1 12 175.574 175.574 1815.659 1815.659 0.000
5 1 13 179.553 179.553 1905.514 1905.514 0.000
5 1 14 183.531 183.531 1997.625 1997.625 0.000
5 1 15 187.509 187.509 2091.994 2091.994 0.000
5 1 16 191.488 191.488 2188.629 2188.629 0.000
5 1 17 195.466 195.466 2287.532 2287.532 0.000
5 1 18 199.444 199.444 2388.709 2388.709 0.000
5 1 19 203.423 203.423 2492.164 2492.164 0.000
5 1 20 207.401 207.401 2597.902 2597.902 0.000
5 1 21 211.379 211.379 2705.928 2705.928 0.000
5 1 22 215.358 215.358 2816.246 2816.246 0.000
5 1 23 219.336 219.336 2928.862 2928.862 0.000
5 2 1 140.460 140.460 254.859 254.859 -0.000
5 2 2 137.193 137.193 155.563 155.563 0.000
5 2 3 139.197 139.197 134.417 134.417 0.000
5 2 4 161.293 161.293 132.632 132.632 -0.004
5 2 5 158.630 158.630 115.042 115.042 -0.004
5 2 6 169.181 169.181 114.068 114.068 -0.004
5 2 7 164.720 164.720 91.016 91.016 0.004
5 2 8 171.492 171.492 89.203 89.203 0.003
5 2 9 173.830 173.830 84.548 84.548 -0.003
5 2 10 181.760 181.760 80.609 80.609 -0.001
5 2 11 183.229 183.229 81.766 81.766 -0.001
5 2 12 185.574 185.574 82.668 82.668 0.001
5 2 13 192.679 192.679 122.868 122.868 0.001
5 2 14 202.619 202.619 157.864 157.864 0.000
5 2 15 191.266 191.266 188.664 188.664 0.003
5 2 16 217.039 217.039 384.925 384.925 -0.003
5 2 17 204.291 204.291 2515.041 2515.041 0.000
5 2 18 215.701 215.701 3776.594 3776.594 0.004
5 2 19 212.444 212.444 2735.234 2735.234 0.000
5 2 20 216.521 216.521 2848.942 2848.942 0.000
5 2 21 220.598 220.598 2965.063 2965.063 0.000
5 2 22 224.675 224.675 3083.602 3083.602 0.000
5 2 23 228.751 228.751 3204.567 3204.567 0.000
5 2 24 232.828 232.828 3327.960 3327.960 0.000
5 2 25 236.905 236.905 3453.789 3453.789 0.000
5 2 26 240.982 240.982 3582.058 3582.058 0.000
5 2 27 245.059 245.059 3712.772 3712.772 0.000
5 2 28 249.135 249.135 3845.938 3845.938 0.000
5 2 29 253.212 253.212 3981.561 3981.561 0.000
5 2 30 257.289 257.289 4119.646 4119.646 0.000
5 2 31 261.366 261.366 4260.199 4260.199 0.000
5 2 32 265.443 265.443 4403.227 4403.227 0.000
5 2 33 269.519 269.519 4548.735 4548.735 0.000
5 2 34 273.596 273.596 4696.729 4696.729 0.000
5 2 35 277.673 277.673 4847.216 4847.216 0.000
5 2 36 281.750 281.750 5000.202 5000.202 0.000
5 2 37 285.827 285.827 5155.694 5155.694 0.000
5 2 38 289.903 289.903 5313.698 5313.698 0.000
5 2 39 293.980 293.980 5474.222 5474.222 0.000
5 2 40 298.057 298.057 5637.272 5637.272 0.000
5 2 41 302.134 302.134 5802.856 5802.856 0.000
5 2 42 306.211 306.211 5970.981 5970.981 0.000
5 2 43 310.287 310.287 6141.655 6141.655 0.000
5 2 44 314.364 314.364 6314.886 6314.886 0.000
5 2 45 318.441 318.441 6490.682 6490.682 0.000
5 2 46 322.518 322.518 6669.053 6669.053 0.000
5 2 47 326.595 326.595 6850.006 6850.006 0.000
5 2 48 330.671 330.671 7033.551 7033.551 0.000
5 2 49 334.748 334.748 7219.699 7219.699 0.000
5 2 50 338.825 338.825 7408.458 7408.458 0.000
5 2 51 342.902 342.902 7599.839 7599.839 0.000
5 2 52 346.979 346.979 7793.853 7793.853 0.000
5 2 53 351.055 351.055 7990.513 7990.513 0.000
5 2 54 355.132 355.132 8189.829 8189.829 0.000
5 2 55 359.209 359.209 8391.815 8391.815 0.000
5 2 56 363.286 363.286 8596.484 8596.484 0.000
5 2 57 367.363 367.363 8803.850 8803.850 0.000
5 2 58 371.439 371.439 9013.929 9013.929 0.000
5 2 59 375.516 375.516 9226.735 9226.735 0.000
5 2 60 379.593 379.593 9442.287 9442.287 0.000
5 2 61 383.670 383.670 9660.601 9660.601 0.000
5 2 62 387.747 387.747 9881.699 9881.699 0.000
5 3 1 218.151 218.151 2895.085 2895.085 0.000
5 3 2 221.598 221.598 2993.904 2993.904 0.000
5 3 3 225.044 225.044 3094.453 3094.453 0.000
5 3 4 228.490 228.490 3196.735 3196.735 0.000
5 3 5 231.936 231.936 3300.752 3300.752 0.000
6 1 1 136.094 136.094 119.753 119.753 0.000
6 1 2 138.736 138.736 88.719 88.719 0.000
6 1 3 137.152 137.152 61.207 61.207 -0.001
6 1 4 147.291 147.291 56.989 56.989 0.003
6 1 5 150.750 150.750 49.694 49.694 0.003
6 1 6 151.637 151.637 54.747 54.747 -0.004
6 1 7 157.859 157.859 99.719 99.719 0.003
6 1 8 159.227 159.227 167.189 167.189 -0.001
6 1 9 160.757 160.757 277.728 277.728 0.012
6 1 10 164.480 164.480 1379.587 1379.587 -0.003
6 1 11 171.596 171.596 1728.054 1728.054 0.000
6 1 12 175.574 175.574 1815.659 1815.659 0.000
6 1 13 179.553 179.553 1905.514 1905.514 0.000
6 1 14 183.531 183.531 1997.625 1997.625 0.000
6 1 15 187.509 187.509 2091.994 2091.994 0.000
6 1 16 191.488 191.488 2188.629 2188.629 0.000
6 1 17 195.466 195.466 2287.532 2287.532 0.000
6 1 18 199.444 199.444 2388.709 2388.709 0.000
6 1 19 203.423 203.423 2492.164 2492.164 0.000
6 1 20 207.401 207.401 2597.902 2597.902 0.000
6 1 21 211.379 211.379 2705.928 2705.928 0.000
6 1 22 215.358 215.358 2816.246 2816.246 0.000
6 1 23 219.336 219.336 2928.862 2928.862 0.000
6 2 1 140.460 140.460 254.859 254.859 -0.000
6 2 2 137.193 137.193 155.563 155.563 0.000
6 2 3 139.197 139.197 134.417 134.417 0.000
6 2 4 161.293 161.293 132.632 132.632 -0.004
6 2 5 158.630 158.630 115.042 115.042 -0.004
6 2 6 165.008 165.008 109.908 109.908 0.003
6 2 7 168.001 168.001 93.729 93.729 -0.005
6 2 8 171.751 171.751 89.399 89.399 -0.003
6 2 9 173.830 173.830 84.548 84.548 0.003
6 2 10 175.921 175.921 84.331 84.331 0.001
6 2 11 182.921 182.921 81.562 81.562 -0.000
6 2 12 185.502 185.502 90.944 90.944 0.000
6 2 13 196.470 196.470 136.617 136.617 0.000
6 2 14 209.960 209.960 193.806 193.806 0.003
6 2 15 227.602 227.602 368.356 368.356 0.011
6 2 16 218.119 218.119 4121.166 4121.166 0.018
6 2 17 241.822 241.822 419.380 419.380 0.000
6 2 18 208.367 208.367 2623.936 2623.936 0.000
6 2 19 192.376 192.376 3251.940 3251.940 -0.006
6 2 20 216.521 216.521 2848.942 2848.942 0.000
6 2 21 220.598 220.598 2965.063 2965.063 0.000
6 2 22 224.675 224.675 3083.602 3083.602 0.000
6 2 23 228.751 228.751 3204.567 3204.567 0.000
6 2 24 232.828 232.828 3327.960 3327.960 0.000
6 2 25 236.905 236.905 3453.789 3453.789 0.000
6 2 26 240.982 240.982 3582.058 3582.058 0.000
6 2 27 245.059 245.059 3712.772 3712.772 0.000
6 2 28 249.135 249.135 3845.938 3845.938 0.000
6 2 29 253.212 253.212 3981.561 3981.561 0.000
6 2 30 257.289 257.289 4119.646 4119.646 0.000
6 2 31 261.366 261.366 4260.199 4260.199 0.000
6 2 32 265.443 265.443 4403.227 4403.227 0.000
6 2 33 269.519 269.519 4548.735 4548.735 0.000
6 2 34 273.596 273.596 4696.729 4696.729 0.000
6 2 35 277.673 277.673 4847.216 4847.216 0.000
6 2 36 281.750 281.750 5000.202 5000.202 0.000
6 2 37 285.827 285.827 5155.694 5155.694 0.000
6 2 38 289.903 289.903 5313.698 5313.698 0.000
6 2 39 293.980 293.980 5474.222 5474.222 0.000
6 2 40 298.057 298.057 5637.272 5637.272 0.000
6 2 41 302.134 302.134 5802.856 5802.856 0.000
6 2 42 306.211 306.211 5970.981 5970.981 0.000
6 2 43 310.287 310.287 6141.655 6141.655 0.000
6 2 44 314.364 314.364 6314.886 6314.886 0.000
6 2 45 318.441 318.441 6490.682 6490.682 0.000
6 2 46 322.518 322.518 6669.053 6669.053 0.000
6 2 47 326.595 326.595 6850.006 6850.006 0.000
6 2 48 330.671 330.671 7033.551 7033.551 0.000
6 2 49 334.748 334.748 7219.699 7219.699 0.000
6 2 50 338.825 338.825 7408.458 7408.458 0.000
6 2 51 342.902 342.902 7599.839 7599.839 0.000
6 2 52 346.979 346.979 7793.853 7793.853 0.000
6 2 53 351.055 351.055 7990.513 7990.513 0.000
6 2 54 355.132 355.132 8189.829 8189.829 0.000
6 2 55 359.209 359.209 8391.815 8391.815 0.000
6 2 56 363.286 363.286 8596.484 8596.484 0.000
6 2 57 367.363 367.363 8803.850 8803.850 0.000
6 2 58 371.439 371.439 9013.929 9013.929 0.000
6 2 59 375.516 375.516 9226.735 9226.735 0.000
6 2 60 379.593 379.593 9442.287 9442.287 0.000
6 2 61 383.670 383.670 9660.601 9660.601 0.000
6 2 62 387.747 387.747 9881.699 9881.699 0.000
6 3 1 218.151 218.151 2895.085 2895.085 0.000
6 3 2 221.598 221.598 2993.904 2993.904 0.000
6 3 3 225.044 225.044 3094.453 3094.453 0.000
6 3 4 228.490 228.490 3196.735 3196.735 0.000
6 3 5 231.936 231.936 3300.752 3300.752 0.000
