  1   1   1   3.212493e+00    0.000000e+00  
  1   1   2   7.201129e+00    0.000000e+00  
  1   1   3   1.199894e+00    0.000000e+00  
  1   1   4   4.328187e+00    0.000000e+00  
  1   1   5   -2.333413e+00    0.000000e+00  
  1   1   6   -1.237723e+00    0.000000e+00  
  1   1   7   -9.038427e+00    0.000000e+00  
  1   1   8   1.907332e+00    0.000000e+00  
  1   1   9   8.405724e-01    0.000000e+00  
  1   1  10   8.720409e+00    0.000000e+00  
  1   1  11   1.206270e+00    0.000000e+00  
  1   1  12   -2.924879e+00    0.000000e+00  
  1   1  13   5.860653e+00    0.000000e+00  
  1   1  14   7.102324e+00    0.000000e+00  
  1   1  15   7.278555e+00    0.000000e+00  
  1   1  16   -4.631930e+00    0.000000e+00  
  1   1  17   9.202208e+00    0.000000e+00  
  1   1  18   -5.764853e+00    0.000000e+00  
  1   1  19   4.310175e-02    0.000000e+00  
  1   1  20   6.034534e+00    0.000000e+00  
  1   1  21   -6.124588e+00    0.000000e+00  
  1   1  22   -6.393299e+00    0.000000e+00  
  1   1  23   4.795997e+00    0.000000e+00  
  1   2   1   9.733058e+00    0.000000e+00  
  1   2   2   5.202188e+00    0.000000e+00  
  1   2   3   -4.454158e-01    0.000000e+00  
  1   2   4   -3.067843e+00    0.000000e+00  
  1   2   5   -8.562782e+00    0.000000e+00  
  1   2   6   7.116450e+00    0.000000e+00  
  1   2   7   8.540394e+00    0.000000e+00  
  1   2   8   4.076903e+00    0.000000e+00  
  1   2   9   6.393012e+00    0.000000e+00  
  1   2  10   -5.036127e+00    0.000000e+00  
  1   2  11   -4.704997e+00    0.000000e+00  
  1   2  12   1.608461e+00    0.000000e+00  
  1   2  13   -7.001908e+00    0.000000e+00  
  1   2  14   2.610029e+00    0.000000e+00  
  1   2  15   5.990814e+00    0.000000e+00  
  1   2  16   6.929639e+00    0.000000e+00  
  1   2  17   -7.751671e-01    0.000000e+00  
  1   2  18   4.485024e-01    0.000000e+00  
  1   2  19   9.727805e+00    0.000000e+00  
  1   2  20   -1.597579e-01    0.000000e+00  
  1   2  21   -7.443539e+00    0.000000e+00  
  1   2  22   -4.574081e+00    0.000000e+00  
  1   2  23   3.796435e+00    0.000000e+00  
  1   2  24   3.017995e+00    0.000000e+00  
  1   2  25   8.296058e+00    0.000000e+00  
  1   2  26   -7.666004e+00    0.000000e+00  
  1   2  27   -7.195805e+00    0.000000e+00  
  1   2  28   -9.498201e+00    0.000000e+00  
  1   2  29   2.378518e+00    0.000000e+00  
  1   2  30   2.475116e+00    0.000000e+00  
  1   2  31   -2.325496e+00    0.000000e+00  
  1   2  32   -2.556608e+00    0.000000e+00  
  1   2  33   -2.227488e-01    0.000000e+00  
  1   2  34   7.282474e+00    0.000000e+00  
  1   2  35   2.808960e+00    0.000000e+00  
  1   2  36   2.734102e+00    0.000000e+00  
  1   2  37   -4.220383e+00    0.000000e+00  
  1   2  38   5.902661e+00    0.000000e+00  
  1   2  39   1.218656e+00    0.000000e+00  
  1   2  40   -4.696425e+00    0.000000e+00  
  1   2  41   -1.233088e+00    0.000000e+00  
  1   2  42   -4.719740e+00    0.000000e+00  
  1   2  43   1.344634e+00    0.000000e+00  
  1   2  44   -9.626394e+00    0.000000e+00  
  1   2  45   -2.547302e+00    0.000000e+00  
  1   2  46   1.561179e+00    0.000000e+00  
  1   2  47   5.114276e+00    0.000000e+00  
  1   2  48   -7.985067e+00    0.000000e+00  
  1   2  49   3.730382e+00    0.000000e+00  
  1   2  50   4.961078e+00    0.000000e+00  
  1   2  51   9.717283e-01    0.000000e+00  
  1   2  52   -1.831824e+00    0.000000e+00  
  1   2  53   4.498366e+00    0.000000e+00  
  1   2  54   -9.959318e-01    0.000000e+00  
  1   2  55   2.909325e+00    0.000000e+00  
  1   2  56   -5.579206e+00    0.000000e+00  
  1   2  57   -6.812586e+00    0.000000e+00  
  1   2  58   -6.158941e+00    0.000000e+00  
  1   2  59   3.942180e+00    0.000000e+00  
  1   2  60   4.679211e+00    0.000000e+00  
  1   2  61   -4.108648e+00    0.000000e+00  
  1   2  62   -2.202750e+00    0.000000e+00  
  1   3   1   2.686299e+00    0.000000e+00  
  1   3   2   -3.581847e+00    0.000000e+00  
  1   3   3   3.843866e+00    0.000000e+00  
  1   3   4   -2.385943e+00    0.000000e+00  
  1   3   5   -5.519739e+00    0.000000e+00  
  2   1   1   9.465077e+00    0.000000e+00  
  2   1   2   -1.335847e+00    0.000000e+00  
  2   1   3   3.057407e+00    0.000000e+00  
  2   1   4   3.579118e+00    0.000000e+00  
  2   1   5   6.422626e+00    0.000000e+00  
  2   1   6   -4.550108e+00    0.000000e+00  
  2   1   7   3.315003e+00    0.000000e+00  
  2   1   8   -7.221017e+00    0.000000e+00  
  2   1   9   6.747676e+00    0.000000e+00  
  2   1  10   4.895569e+00    0.000000e+00  
  2   1  11   -1.911540e+00    0.000000e+00  
  2   1  12   -7.479803e+00    0.000000e+00  
  2   1  13   -1.429012e+00    0.000000e+00  
  2   1  14   2.684259e+00    0.000000e+00  
  2   1  15   -1.962879e+00    0.000000e+00  
  2   1  16   -9.285721e+00    0.000000e+00  
  2   1  17   -3.149133e+00    0.000000e+00  
  2   1  18   8.525487e+00    0.000000e+00  
  2   1  19   7.979679e-01    0.000000e+00  
  2   1  20   6.170131e+00    0.000000e+00  
  2   1  21   7.373792e+00    0.000000e+00  
  2   1  22   4.878778e-01    0.000000e+00  
  2   1  23   4.385068e+00    0.000000e+00  
  2   2   1   -5.277165e-01    0.000000e+00  
  2   2   2   2.521681e+00    0.000000e+00  
  2   2   3   -4.802908e+00    0.000000e+00  
  2   2   4   6.470997e+00    0.000000e+00  
  2   2   5   -2.166656e-01    0.000000e+00  
  2   2   6   4.043938e-01    0.000000e+00  
  2   2   7   1.577430e+00    0.000000e+00  
  2   2   8   7.008610e+00    0.000000e+00  
  2   2   9   6.914945e+00    0.000000e+00  
  2   2  10   -1.430445e-01    0.000000e+00  
  2   2  11   -9.160350e+00    0.000000e+00  
  2   2  12   -4.143223e+00    0.000000e+00  
  2   2  13   2.476783e+00    0.000000e+00  
  2   2  14   4.129207e+00    0.000000e+00  
  2   2  15   8.800433e+00    0.000000e+00  
  2   2  16   6.632939e+00    0.000000e+00  
  2   2  17   -9.075809e-01    0.000000e+00  
  2   2  18   8.007901e+00    0.000000e+00  
  2   2  19   6.661358e+00    0.000000e+00  
  2   2  20   -5.793710e+00    0.000000e+00  
  2   2  21   -1.569956e+00    0.000000e+00  
  2   2  22   9.460405e-01    0.000000e+00  
  2   2  23   2.762112e+00    0.000000e+00  
  2   2  24   9.289232e-01    0.000000e+00  
  2   2  25   -5.597583e+00    0.000000e+00  
  2   2  26   9.308869e+00    0.000000e+00  
  2   2  27   -3.044650e+00    0.000000e+00  
  2   2  28   6.019085e+00    0.000000e+00  
  2   2  29   -3.319922e+00    0.000000e+00  
  2   2  30   6.274303e+00    0.000000e+00  
  2   2  31   7.347159e+00    0.000000e+00  
  2   2  32   5.188600e+00    0.000000e+00  
  2   2  33   2.471058e+00    0.000000e+00  
  2   2  34   9.490789e+00    0.000000e+00  
  2   2  35   -7.330582e+00    0.000000e+00  
  2   2  36   8.367207e+00    0.000000e+00  
  2   2  37   3.277646e+00    0.000000e+00  
  2   2  38   1.503388e+00    0.000000e+00  
  2   2  39   9.451476e+00    0.000000e+00  
  2   2  40   8.775185e+00    0.000000e+00  
  2   2  41   -7.175378e+00    0.000000e+00  
  2   2  42   -7.190593e+00    0.000000e+00  
  2   2  43   -2.976396e+00    0.000000e+00  
  2   2  44   -3.574799e+00    0.000000e+00  
  2   2  45   5.218099e+00    0.000000e+00  
  2   2  46   -9.751981e+00    0.000000e+00  
  2   2  47   6.623744e+00    0.000000e+00  
  2   2  48   4.053798e+00    0.000000e+00  
  2   2  49   4.959772e+00    0.000000e+00  
  2   2  50   -1.018205e+01    0.000000e+00  
  2   2  51   -6.944289e+00    0.000000e+00  
  2   2  52   9.177338e+00    0.000000e+00  
  2   2  53   6.804187e-01    0.000000e+00  
  2   2  54   3.902776e+00    0.000000e+00  
  2   2  55   7.675911e+00    0.000000e+00  
  2   2  56   8.238440e+00    0.000000e+00  
  2   2  57   -6.012052e-02    0.000000e+00  
  2   2  58   8.255025e+00    0.000000e+00  
  2   2  59   -8.153740e+00    0.000000e+00  
  2   2  60   -2.577694e+00    0.000000e+00  
  2   2  61   -6.621560e+00    0.000000e+00  
  2   2  62   5.548382e+00    0.000000e+00  
  2   3   1   -4.907015e+00    0.000000e+00  
  2   3   2   -8.713723e+00    0.000000e+00  
  2   3   3   7.470672e+00    0.000000e+00  
  2   3   4   -4.706664e+00    0.000000e+00  
  2   3   5   6.460165e+00    0.000000e+00  
  3   1   1   -3.976454e+00    0.000000e+00  
  3   1   2   3.619056e+00    0.000000e+00  
  3   1   3   -1.828955e+00    0.000000e+00  
  3   1   4   -7.415953e+00    0.000000e+00  
  3   1   5   -1.917924e+00    0.000000e+00  
  3   1   6   -6.512964e+00    0.000000e+00  
  3   1   7   5.643316e+00    0.000000e+00  
  3   1   8   -5.633245e+00    0.000000e+00  
  3   1   9   -2.689849e+00    0.000000e+00  
  3   1  10   7.449195e+00    0.000000e+00  
  3   1  11   -3.018918e+00    0.000000e+00  
  3   1  12   9.327182e-01    0.000000e+00  
  3   1  13   -1.731907e+00    0.000000e+00  
  3   1  14   -6.252254e+00    0.000000e+00  
  3   1  15   -9.583352e+00    0.000000e+00  
  3   1  16   -2.436431e+00    0.000000e+00  
  3   1  17   5.112307e+00    0.000000e+00  
  3   1  18   -2.617095e+00    0.000000e+00  
  3   1  19   5.609866e+00    0.000000e+00  
  3   1  20   6.758902e+00    0.000000e+00  
  3   1  21   8.917916e+00    0.000000e+00  
  3   1  22   7.833730e+00    0.000000e+00  
  3   1  23   -2.057759e-01    0.000000e+00  
  3   2   1   1.103586e-01    0.000000e+00  
  3   2   2   -8.658800e+00    0.000000e+00  
  3   2   3   -8.806548e-01    0.000000e+00  
  3   2   4   -2.200658e+00    0.000000e+00  
  3   2   5   1.577346e+00    0.000000e+00  
  3   2   6   -7.882866e+00    0.000000e+00  
  3   2   7   3.221606e+00    0.000000e+00  
  3   2   8   -3.221716e+00    0.000000e+00  
  3   2   9   -9.050532e+00    0.000000e+00  
  3   2  10   7.875405e+00    0.000000e+00  
  3   2  11   -1.137405e+00    0.000000e+00  
  3   2  12   -2.719805e+00    0.000000e+00  
  3   2  13   3.151738e+00    0.000000e+00  
  3   2  14   8.536198e+00    0.000000e+00  
  3   2  15   -7.538209e+00    0.000000e+00  
  3   2  16   5.299604e+00    0.000000e+00  
  3   2  17   -5.533274e+00    0.000000e+00  
  3   2  18   -8.603711e+00    0.000000e+00  
  3   2  19   -2.105968e+00    0.000000e+00  
  3   2  20   5.483579e+00    0.000000e+00  
  3   2  21   -3.408451e+00    0.000000e+00  
  3   2  22   -2.207904e+00    0.000000e+00  
  3   2  23   6.502382e+00    0.000000e+00  
  3   2  24   9.608107e+00    0.000000e+00  
  3   2  25   -2.262884e+00    0.000000e+00  
  3   2  26   6.601101e+00    0.000000e+00  
  3   2  27   -4.643241e+00    0.000000e+00  
  3   2  28   2.781192e+00    0.000000e+00  
  3   2  29   5.657736e+00    0.000000e+00  
  3   2  30   -5.126961e-02    0.000000e+00  
  3   2  31   -6.057035e+00    0.000000e+00  
  3   2  32   9.725849e+00    0.000000e+00  
  3   2  33   -2.965302e+00    0.000000e+00  
  3   2  34   7.889362e+00    0.000000e+00  
  3   2  35   -7.099802e+00    0.000000e+00  
  3   2  36   -8.189685e+00    0.000000e+00  
  3   2  37   5.802993e-01    0.000000e+00  
  3   2  38   7.899692e+00    0.000000e+00  
  3   2  39   1.361896e+00    0.000000e+00  
  3   2  40   -7.404054e+00    0.000000e+00  
  3   2  41   8.207779e+00    0.000000e+00  
  3   2  42   -2.854474e+00    0.000000e+00  
  3   2  43   1.060124e+00    0.000000e+00  
  3   2  44   2.101774e+00    0.000000e+00  
  3   2  45   -6.047668e+00    0.000000e+00  
  3   2  46   -6.772501e+00    0.000000e+00  
  3   2  47   -2.808681e+00    0.000000e+00  
  3   2  48   8.187112e+00    0.000000e+00  
  3   2  49   -1.588735e+00    0.000000e+00  
  3   2  50   3.584698e+00    0.000000e+00  
  3   2  51   -6.340837e+00    0.000000e+00  
  3   2  52   9.274332e+00    0.000000e+00  
  3   2  53   3.971724e+00    0.000000e+00  
  3   2  54   1.408022e+00    0.000000e+00  
  3   2  55   8.513251e+00    0.000000e+00  
  3   2  56   -4.846023e+00    0.000000e+00  
  3   2  57   6.810379e+00    0.000000e+00  
  3   2  58   3.747419e+00    0.000000e+00  
  3   2  59   7.804895e+00    0.000000e+00  
  3   2  60   4.648071e+00    0.000000e+00  
  3   2  61   4.182721e+00    0.000000e+00  
  3   2  62   7.973692e+00    0.000000e+00  
  3   3   1   -3.257014e+00    0.000000e+00  
  3   3   2   -2.595879e+00    0.000000e+00  
  3   3   3   9.307152e+00    0.000000e+00  
  3   3   4   2.348598e+00    0.000000e+00  
  3   3   5   5.492234e+00    0.000000e+00  
  4   1   1   -5.318518e+00    0.000000e+00  
  4   1   2   -6.485449e+00    0.000000e+00  
  4   1   3   -8.092280e+00    0.000000e+00  
  4   1   4   1.087661e+00    0.000000e+00  
  4   1   5   8.563108e+00    0.000000e+00  
  4   1   6   -1.584384e+00    0.000000e+00  
  4   1   7   -9.186083e+00    0.000000e+00  
  4   1   8   2.138158e+00    0.000000e+00  
  4   1   9   -8.057969e+00    0.000000e+00  
  4   1  10   8.757543e+00    0.000000e+00  
  4   1  11   -7.833539e+00    0.000000e+00  
  4   1  12   -2.268638e+00    0.000000e+00  
  4   1  13   4.692181e+00    0.000000e+00  
  4   1  14   7.691735e+00    0.000000e+00  
  4   1  15   3.461788e+00    0.000000e+00  
  4   1  16   -4.377917e+00    0.000000e+00  
  4   1  17   -1.429358e+00    0.000000e+00  
  4   1  18   -2.984692e+00    0.000000e+00  
  4   1  19   1.919577e+00    0.000000e+00  
  4   1  20   1.135354e+00    0.000000e+00  
  4   1  21   -8.734749e+00    0.000000e+00  
  4   1  22   9.633921e+00    0.000000e+00  
  4   1  23   -4.481483e+00    0.000000e+00  
  4   2   1   2.932436e+00    0.000000e+00  
  4   2   2   -9.017936e+00    0.000000e+00  
  4   2   3   4.952548e+00    0.000000e+00  
  4   2   4   -1.792524e+00    0.000000e+00  
  4   2   5   8.761174e+00    0.000000e+00  
  4   2   6   4.368710e+00    0.000000e+00  
  4   2   7   -1.496807e+00    0.000000e+00  
  4   2   8   -3.509340e-01    0.000000e+00  
  4   2   9   8.096573e+00    0.000000e+00  
  4   2  10   -3.541218e+00    0.000000e+00  
  4   2  11   -9.418281e+00    0.000000e+00  
  4   2  12   3.493802e+00    0.000000e+00  
  4   2  13   -3.063798e+00    0.000000e+00  
  4   2  14   8.835399e+00    0.000000e+00  
  4   2  15   5.114835e+00    0.000000e+00  
  4   2  16   -5.678671e+00    0.000000e+00  
  4   2  17   1.316614e+00    0.000000e+00  
  4   2  18   8.088661e+00    0.000000e+00  
  4   2  19   3.746616e+00    0.000000e+00  
  4   2  20   -2.448939e+00    0.000000e+00  
  4   2  21   -8.960711e+00    0.000000e+00  
  4   2  22   -3.750606e+00    0.000000e+00  
  4   2  23   -6.212347e+00    0.000000e+00  
  4   2  24   5.846597e+00    0.000000e+00  
  4   2  25   6.314752e+00    0.000000e+00  
  4   2  26   -5.686419e+00    0.000000e+00  
  4   2  27   -3.561317e+00    0.000000e+00  
  4   2  28   -7.105136e+00    0.000000e+00  
  4   2  29   -3.735291e-01    0.000000e+00  
  4   2  30   -4.577748e+00    0.000000e+00  
  4   2  31   -5.386049e+00    0.000000e+00  
  4   2  32   5.854313e+00    0.000000e+00  
  4   2  33   -3.429287e-01    0.000000e+00  
  4   2  34   7.485578e+00    0.000000e+00  
  4   2  35   2.003867e+00    0.000000e+00  
  4   2  36   -3.138010e+00    0.000000e+00  
  4   2  37   -6.677628e-01    0.000000e+00  
  4   2  38   -3.517842e+00    0.000000e+00  
  4   2  39   -8.927215e+00    0.000000e+00  
  4   2  40   7.716527e+00    0.000000e+00  
  4   2  41   5.894582e+00    0.000000e+00  
  4   2  42   -1.162488e+00    0.000000e+00  
  4   2  43   7.940356e+00    0.000000e+00  
  4   2  44   -5.018386e+00    0.000000e+00  
  4   2  45   -8.138768e+00    0.000000e+00  
  4   2  46   -3.409537e+00    0.000000e+00  
  4   2  47   -4.464522e+00    0.000000e+00  
  4   2  48   -1.928845e+00    0.000000e+00  
  4   2  49   -9.318036e+00    0.000000e+00  
  4   2  50   -2.068767e+00    0.000000e+00  
  4   2  51   2.209617e+00    0.000000e+00  
  4   2  52   -7.143680e+00    0.000000e+00  
  4   2  53   -3.344646e+00    0.000000e+00  
  4   2  54   8.132400e+00    0.000000e+00  
  4   2  55   -9.740982e+00    0.000000e+00  
  4   2  56   1.795369e+00    0.000000e+00  
  4   2  57   6.067586e+00    0.000000e+00  
  4   2  58   -3.035562e+00    0.000000e+00  
  4   2  59   -5.988397e+00    0.000000e+00  
  4   2  60   1.757206e+00    0.000000e+00  
  4   2  61   1.738290e+00    0.000000e+00  
  4   2  62   7.874596e+00    0.000000e+00  
  4   3   1   -4.194443e+00    0.000000e+00  
  4   3   2   -6.319784e+00    0.000000e+00  
  4   3   3   -6.537759e+00    0.000000e+00  
  4   3   4   8.224753e+00    0.000000e+00  
  4   3   5   -7.999123e+00    0.000000e+00  
  5   1   1   1.357080e+00    0.000000e+00  
  5   1   2   2.063344e+00    0.000000e+00  
  5   1   3   7.046094e+00    0.000000e+00  
  5   1   4   7.856932e-01    0.000000e+00  
  5   1   5   -1.436915e+00    0.000000e+00  
  5   1   6   -1.294004e+00    0.000000e+00  
  5   1   7   -5.208248e+00    0.000000e+00  
  5   1   8   5.272602e+00    0.000000e+00  
  5   1   9   -7.951086e+00    0.000000e+00  
  5   1  10   5.708907e+00    0.000000e+00  
  5   1  11   4.337232e+00    0.000000e+00  
  5   1  12   -5.358275e+00    0.000000e+00  
  5   1  13   -8.243907e+00    0.000000e+00  
  5   1  14   1.079150e+00    0.000000e+00  
  5   1  15   -7.568921e+00    0.000000e+00  
  5   1  16   6.826972e+00    0.000000e+00  
  5   1  17   9.201456e+00    0.000000e+00  
  5   1  18   -2.296183e+00    0.000000e+00  
  5   1  19   5.507474e+00    0.000000e+00  
  5   1  20   -1.502473e+00    0.000000e+00  
  5   1  21   3.814673e+00    0.000000e+00  
  5   1  22   -6.441831e+00    0.000000e+00  
  5   1  23   4.715080e+00    0.000000e+00  
  5   2   1   3.338122e+00    0.000000e+00  
  5   2   2   -5.069133e+00    0.000000e+00  
  5   2   3   7.965916e+00    0.000000e+00  
  5   2   4   -3.355682e+00    0.000000e+00  
  5   2   5   -1.414332e+00    0.000000e+00  
  5   2   6   7.267412e+00    0.000000e+00  
  5   2   7   -8.655180e+00    0.000000e+00  
  5   2   8   -9.157104e+00    0.000000e+00  
  5   2   9   -8.551641e+00    0.000000e+00  
  5   2  10   -6.723247e+00    0.000000e+00  
  5   2  11   -8.033736e+00    0.000000e+00  
  5   2  12   3.607778e+00    0.000000e+00  
  5   2  13   -5.821727e-01    0.000000e+00  
  5   2  14   3.190336e+00    0.000000e+00  
  5   2  15   -8.896605e+00    0.000000e+00  
  5   2  16   2.158168e+00    0.000000e+00  
  5   2  17   -3.383682e+00    0.000000e+00  
  5   2  18   9.714170e+00    0.000000e+00  
  5   2  19   -8.095483e+00    0.000000e+00  
  5   2  20   6.010488e+00    0.000000e+00  
  5   2  21   -5.659503e+00    0.000000e+00  
  5   2  22   -2.243870e+00    0.000000e+00  
  5   2  23   -8.443823e+00    0.000000e+00  
  5   2  24   2.192411e+00    0.000000e+00  
  5   2  25   5.431062e+00    0.000000e+00  
  5   2  26   3.276537e+00    0.000000e+00  
  5   2  27   -2.112153e+00    0.000000e+00  
  5   2  28   5.179717e+00    0.000000e+00  
  5   2  29   6.939954e+00    0.000000e+00  
  5   2  30   2.474770e+00    0.000000e+00  
  5   2  31   4.836360e+00    0.000000e+00  
  5   2  32   6.138062e+00    0.000000e+00  
  5   2  33   -3.395521e+00    0.000000e+00  
  5   2  34   -2.601830e+00    0.000000e+00  
  5   2  35   -9.585628e+00    0.000000e+00  
  5   2  36   9.583170e+00    0.000000e+00  
  5   2  37   6.865357e+00    0.000000e+00  
  5   2  38   -3.783301e+00    0.000000e+00  
  5   2  39   5.231325e+00    0.000000e+00  
  5   2  40   -3.025977e+00    0.000000e+00  
  5   2  41   -4.362068e+00    0.000000e+00  
  5   2  42   1.138117e+00    0.000000e+00  
  5   2  43   2.364232e+00    0.000000e+00  
  5   2  44   6.157563e+00    0.000000e+00  
  5   2  45   -3.296614e-01    0.000000e+00  
  5   2  46   -6.724355e+00    0.000000e+00  
  5   2  47   -2.306304e-01    0.000000e+00  
  5   2  48   3.311479e+00    0.000000e+00  
  5   2  49   7.588487e+00    0.000000e+00  
  5   2  50   -2.919443e+00    0.000000e+00  
  5   2  51   -2.843218e+00    0.000000e+00  
  5   2  52   -7.315486e+00    0.000000e+00  
  5   2  53   7.262154e+00    0.000000e+00  
  5   2  54   -2.736249e+00    0.000000e+00  
  5   2  55   6.919454e+00    0.000000e+00  
  5   2  56   3.051513e+00    0.000000e+00  
  5   2  57   -2.519342e+00    0.000000e+00  
  5   2  58   8.221453e+00    0.000000e+00  
  5   2  59   -3.173460e-01    0.000000e+00  
  5   2  60   -8.572653e+00    0.000000e+00  
  5   2  61   1.079544e-01    0.000000e+00  
  5   2  62   1.045896e+00    0.000000e+00  
  5   3   1   -1.736903e+00    0.000000e+00  
  5   3   2   7.932554e+00    0.000000e+00  
  5   3   3   2.158280e+00    0.000000e+00  
  5   3   4   -3.983926e+00    0.000000e+00  
  5   3   5   -6.134276e+00    0.000000e+00  
  6   1   1   -9.287186e+00    0.000000e+00  
  6   1   2   -6.679185e+00    0.000000e+00  
  6   1   3   7.016447e+00    0.000000e+00  
  6   1   4   -4.790795e+00    0.000000e+00  
  6   1   5   -1.208806e+00    0.000000e+00  
  6   1   6   -6.142862e+00    0.000000e+00  
  6   1   7   -3.934233e+00    0.000000e+00  
  6   1   8   -2.825775e+00    0.000000e+00  
  6   1   9   -1.702097e+00    0.000000e+00  
  6   1  10   -9.497291e+00    0.000000e+00  
  6   1  11   9.118300e+00    0.000000e+00  
  6   1  12   7.761067e+00    0.000000e+00  
  6   1  13   -1.714848e+00    0.000000e+00  
  6   1  14   4.821055e+00    0.000000e+00  
  6   1  15   6.597454e+00    0.000000e+00  
  6   1  16   3.959191e+00    0.000000e+00  
  6   1  17   -9.323703e+00    0.000000e+00  
  6   1  18   -8.862054e+00    0.000000e+00  
  6   1  19   5.663568e+00    0.000000e+00  
  6   1  20   3.931583e+00    0.000000e+00  
  6   1  21   -2.303337e+00    0.000000e+00  
  6   1  22   -5.882076e+00    0.000000e+00  
  6   1  23   -8.073056e+00    0.000000e+00  
  6   2   1   -9.829360e+00    0.000000e+00  
  6   2   2   5.931828e+00    0.000000e+00  
  6   2   3   1.234239e+00    0.000000e+00  
  6   2   4   -1.534624e+00    0.000000e+00  
  6   2   5   8.928441e+00    0.000000e+00  
  6   2   6   5.970439e+00    0.000000e+00  
  6   2   7   4.843334e+00    0.000000e+00  
  6   2   8   2.947787e+00    0.000000e+00  
  6   2   9   -2.546972e+00    0.000000e+00  
  6   2  10   -7.325599e+00    0.000000e+00  
  6   2  11   8.234865e+00    0.000000e+00  
  6   2  12   8.834982e+00    0.000000e+00  
  6   2  13   -3.596732e+00    0.000000e+00  
  6   2  14   8.791726e+00    0.000000e+00  
  6   2  15   6.243714e+00    0.000000e+00  
  6   2  16   -6.147933e+00    0.000000e+00  
  6   2  17   -1.831770e+00    0.000000e+00  
  6   2  18   9.278644e+00    0.000000e+00  
  6   2  19   1.055293e+00    0.000000e+00  
  6   2  20   6.891963e+00    0.000000e+00  
  6   2  21   7.547855e+00    0.000000e+00  
  6   2  22   6.650389e+00    0.000000e+00  
  6   2  23   8.453822e+00    0.000000e+00  
  6   2  24   -9.444589e+00    0.000000e+00  
  6   2  25   6.471277e+00    0.000000e+00  
  6   2  26   -4.663360e+00    0.000000e+00  
  6   2  27   -9.244629e+00    0.000000e+00  
  6   2  28   -6.262061e+00    0.000000e+00  
  6   2  29   -1.740014e+00    0.000000e+00  
  6   2  30   -2.241451e+00    0.000000e+00  
  6   2  31   -8.597942e+00    0.000000e+00  
  6   2  32   5.928209e+00    0.000000e+00  
  6   2  33   9.809733e+00    0.000000e+00  
  6   2  34   -3.067008e+00    0.000000e+00  
  6   2  35   -4.790597e+00    0.000000e+00  
  6   2  36   5.490113e+00    0.000000e+00  
  6   2  37   -5.566059e+00    0.000000e+00  
  6   2  38   -4.869250e+00    0.000000e+00  
  6   2  39   -2.467504e+00    0.000000e+00  
  6   2  40   7.926039e+00    0.000000e+00  
  6   2  41   7.379961e+00    0.000000e+00  
  6   2  42   -2.690538e+00    0.000000e+00  
  6   2  43   1.271453e+00    0.000000e+00  
  6   2  44   -1.317915e+00    0.000000e+00  
  6   2  45   -4.030775e+00    0.000000e+00  
  6   2  46   -1.716123e-01    0.000000e+00  
  6   2  47   -8.064889e-01    0.000000e+00  
  6   2  48   5.907873e+00    0.000000e+00  
  6   2  49   -7.642724e-01    0.000000e+00  
  6   2  50   8.899857e+00    0.000000e+00  
  6   2  51   -6.224045e+00    0.000000e+00  
  6   2  52   -3.895328e+00    0.000000e+00  
  6   2  53   9.201672e+00    0.000000e+00  
  6   2  54   -5.694791e-01    0.000000e+00  
  6   2  55   4.866122e+00    0.000000e+00  
  6   2  56   -7.170214e+00    0.000000e+00  
  6   2  57   -3.338884e+00    0.000000e+00  
  6   2  58   3.462648e+00    0.000000e+00  
  6   2  59   -6.113975e+00    0.000000e+00  
  6   2  60   1.695948e-02    0.000000e+00  
  6   2  61   -3.605848e+00    0.000000e+00  
  6   2  62   -2.724381e+00    0.000000e+00  
  6   3   1   -2.093246e+00    0.000000e+00  
  6   3   2   -6.060177e+00    0.000000e+00  
  6   3   3   -4.727851e+00    0.000000e+00  
  6   3   4   -1.204798e+00    0.000000e+00  
  6   3   5   -6.564328e+00    0.000000e+00  
