  1   1   1   5.562025e+01    5.536328e-01    0.000000e+00    4.175556e+01    5.542435e-01    0.000000e+00  
  1   1   2   5.739609e+01    5.484335e-01    0.000000e+00    6.109930e+01    5.483986e-01    0.000000e+00  
  1   1   3   4.130342e+01    5.612449e-01    0.000000e+00    3.226707e+01    5.646208e-01    0.000000e+00  
  1   1   4   4.355800e+01    5.618437e-01    0.000000e+00    4.105363e+01    5.611314e-01    0.000000e+00  
  1   1   5   2.069427e+01    5.666847e-01    0.000000e+00    3.799227e+01    5.727382e-01    0.000000e+00  
  1   1   6   4.484056e+01    5.355380e-01    0.000000e+00    7.373516e+01    5.556435e-01    0.000000e+00  
  1   1   7   3.222126e+01    5.562266e-01    0.000000e+00    5.434685e+01    5.620482e-01    0.000000e+00  
  1   1   8   6.741228e+01    5.160069e-01    0.000000e+00    7.361368e+01    5.250047e-01    0.000000e+00  
  1   1   9   6.733976e+01    5.106430e-01    0.000000e+00    1.672917e+01    1.167354e-01    0.000000e+00  
  1   1  10   6.050341e+01    5.497417e-01    0.000000e+00    4.987398e+01    5.438038e-01    0.000000e+00  
  1   1  11   1.547318e+01    8.573768e-02    0.000000e+00    3.143349e+01    9.231158e-02    0.000000e+00  
  1   1  12   9.361960e+00    7.844856e-02    0.000000e+00    5.914042e+01    5.809577e-01    0.000000e+00  
  1   1  13   1.907126e+01    7.794493e-02    0.000000e+00    2.297211e+01    1.302962e-01    0.000000e+00  
  1   1  14   1.907841e+01    8.517207e-02    0.000000e+00    4.000000e+01    5.000000e-01    0.000000e+00  
  1   1  15   2.413480e+01    5.412860e-01    0.000000e+00    1.097044e+04    1.488471e+00    0.000000e+00  
  1   1  16   2.758227e+01    8.032963e-02    0.000000e+00    1.159204e+02    -5.775478e+03    0.000000e+00  
  1   1  17   1.647830e+01    1.159709e-01    0.000000e+00    -1.846560e+01    3.803350e-01    0.000000e+00  
  1   1  18   4.538989e+01    5.451293e-01    0.000000e+00    3.931078e+00    5.658285e-01    0.000000e+00  
  1   1  19   4.000000e+01    5.000000e-01    0.000000e+00    2.073473e+01    9.033835e-02    0.000000e+00  
  1   1  20   2.767607e+01    1.027553e-01    0.000000e+00    1.315191e+04    1.512921e+00    0.000000e+00  
  1   1  21   2.541933e+01    9.786039e-02    0.000000e+00    3.937087e+02    -4.461487e+03    0.000000e+00  
  1   1  22   5.620172e+01    5.618111e-01    0.000000e+00    4.078061e+01    5.520804e-01    0.000000e+00  
  1   1  23   2.149299e+01    1.189157e-01    0.000000e+00    6.141089e+02    9.693933e-01    0.000000e+00  
  1   2   1   6.249182e+01    5.540325e-01    0.000000e+00    8.239738e+01    5.578506e-01    0.000000e+00  
  1   2   2   5.364686e+01    5.689190e-01    0.000000e+00    3.154527e+01    5.624947e-01    0.000000e+00  
  1   2   3   5.820428e+01    5.615116e-01    0.000000e+00    5.806739e+01    5.644817e-01    0.000000e+00  
  1   2   4   6.918535e+01    5.652783e-01    0.000000e+00    5.528571e+01    5.635197e-01    0.000000e+00  
  1   2   5   7.431857e+01    5.616946e-01    0.000000e+00    5.532903e+01    5.563528e-01    0.000000e+00  
  1   2   6   4.960724e+01    5.590950e-01    0.000000e+00    5.798744e+01    5.620662e-01    0.000000e+00  
  1   2   7   5.906171e+01    5.621773e-01    0.000000e+00    6.459561e+01    5.588706e-01    0.000000e+00  
  1   2   8   1.107003e+02    5.623087e-01    0.000000e+00    8.474625e+01    5.615138e-01    0.000000e+00  
  1   2   9   4.454286e+01    5.637074e-01    0.000000e+00    4.741853e+01    5.673101e-01    0.000000e+00  
  1   2  10   6.217624e+01    5.673373e-01    0.000000e+00    5.652164e+01    5.705616e-01    0.000000e+00  
  1   2  11   6.787949e+01    5.583376e-01    0.000000e+00    8.684914e+01    5.513599e-01    0.000000e+00  
  1   2  12   4.645493e+01    5.643723e-01    0.000000e+00    5.224799e+01    5.719241e-01    0.000000e+00  
  1   2  13   5.256492e+01    5.642459e-01    0.000000e+00    6.259757e+01    5.565261e-01    0.000000e+00  
  1   2  14   9.054511e+01    5.565414e-01    0.000000e+00    9.855262e+01    5.599012e-01    0.000000e+00  
  1   2  15   -1.501984e+01    5.637009e-01    0.000000e+00    8.544312e+00    5.803013e-01    0.000000e+00  
  1   2  16   4.000000e+01    5.000000e-01    0.000000e+00    -8.130122e+00    5.551127e-01    0.000000e+00  
  1   2  17   7.293356e+01    5.640535e-01    0.000000e+00    6.844698e+01    5.639147e-01    0.000000e+00  
  1   2  18   6.140213e+01    5.914675e-01    0.000000e+00    9.445499e+01    5.579097e-01    0.000000e+00  
  1   2  19   -1.309328e-01    5.720061e-01    0.000000e+00    6.588030e-01    5.764440e-01    0.000000e+00  
  1   2  20   9.724642e+01    5.623240e-01    0.000000e+00    6.335959e+03    1.122801e+00    0.000000e+00  
  1   2  21   9.298038e+01    5.576558e-01    0.000000e+00    6.199590e+01    5.642460e-01    0.000000e+00  
  1   2  22   7.682363e+01    5.304664e-01    0.000000e+00    1.054649e+02    5.534722e-01    0.000000e+00  
  1   2  23   -2.145840e+01    5.620170e-01    0.000000e+00    4.866141e+01    5.967368e-01    0.000000e+00  
  1   2  24   8.028589e+01    5.699787e-01    0.000000e+00    7.565534e+01    5.649617e-01    0.000000e+00  
  1   2  25   3.596384e+01    5.872956e-01    0.000000e+00    1.670400e+01    5.773768e-01    0.000000e+00  
  1   2  26   -4.854597e+01    5.514864e-01    0.000000e+00    -6.993470e+00    5.619016e-01    0.000000e+00  
  1   2  27   6.434247e+00    5.720705e-01    0.000000e+00    8.721067e+01    6.144966e-01    0.000000e+00  
  1   2  28   1.731875e+01    1.153585e-01    0.000000e+00    1.560148e+01    1.077912e-01    0.000000e+00  
  1   2  29   1.269407e+01    5.075555e-01    0.000000e+00    8.310813e+01    6.017313e-01    0.000000e+00  
  1   2  30   2.583786e+01    1.456876e-01    0.000000e+00    6.863285e+01    5.528467e-01    0.000000e+00  
  1   2  31   7.310000e+01    5.930227e-01    0.000000e+00    9.799574e+00    5.342244e-01    0.000000e+00  
  1   2  32   1.611141e+00    4.579635e-02    0.000000e+00    2.238681e+00    5.725905e-01    0.000000e+00  
  1   2  33   8.908057e+00    9.599322e-02    0.000000e+00    4.000000e+01    5.000000e-01    0.000000e+00  
  1   2  34   3.828812e+01    5.941818e-01    0.000000e+00    3.301478e+01    5.578959e-01    0.000000e+00  
  1   2  35   3.849788e+01    5.809586e-01    0.000000e+00    6.709793e+01    5.955560e-01    0.000000e+00  
  1   2  36   1.026980e+02    5.689513e-01    0.000000e+00    9.706105e+01    5.503396e-01    0.000000e+00  
  1   2  37   8.504408e+01    5.661565e-01    0.000000e+00    3.045196e+01    1.535637e-01    0.000000e+00  
  1   2  38   1.167213e+02    6.075969e-01    0.000000e+00    3.714706e+00    2.017297e-01    0.000000e+00  
  1   2  39   5.013637e+01    6.032362e-01    0.000000e+00    3.515218e+01    5.861611e-01    0.000000e+00  
  1   2  40   -4.314946e+01    3.387763e-01    0.000000e+00    4.647366e+01    5.449726e-01    0.000000e+00  
  1   2  41   9.463338e+00    5.789985e-01    0.000000e+00    1.246400e+01    5.733942e-01    0.000000e+00  
  1   2  42   2.222057e+01    5.774405e-01    0.000000e+00    -4.894569e+00    5.679124e-01    0.000000e+00  
  1   2  43   1.738965e+01    1.168370e-01    0.000000e+00    3.040171e+01    5.776636e-01    0.000000e+00  
  1   2  44   4.308017e+01    5.834507e-01    0.000000e+00    1.365077e+01    1.089142e-01    0.000000e+00  
  1   2  45   7.376470e+00    7.225680e-02    0.000000e+00    3.530837e+01    5.402738e-01    0.000000e+00  
  1   2  46   1.611150e+04    1.510751e+00    0.000000e+00    2.094726e+01    5.839546e-01    0.000000e+00  
  1   2  47   5.993303e+01    5.751485e-01    0.000000e+00    5.040077e+03    1.297534e+00    0.000000e+00  
  1   2  48   5.329981e+04    1.741322e+00    0.000000e+00    7.035606e+04    1.786820e+00    0.000000e+00  
  1   2  49   6.776874e+01    5.721852e-01    0.000000e+00    1.197287e+03    1.047378e+00    0.000000e+00  
  1   2  50   2.559200e+01    5.762351e-01    0.000000e+00    1.297265e+01    5.764967e-01    0.000000e+00  
  1   2  51   1.208924e+01    5.723789e-01    0.000000e+00    6.825194e+01    5.792839e-01    0.000000e+00  
  1   2  52   6.245446e+01    6.099446e-01    0.000000e+00    6.077045e+00    5.614286e-01    0.000000e+00  
  1   2  53   1.515274e+00    5.692110e-01    0.000000e+00    1.061725e+02    5.737656e-01    0.000000e+00  
  1   2  54   2.971611e+01    5.810774e-01    0.000000e+00    1.451740e+01    5.109679e-01    0.000000e+00  
  1   2  55   1.942305e+02    -3.342437e+04    0.000000e+00    2.737724e+01    5.831726e-01    0.000000e+00  
  1   2  56   3.581578e+01    6.231963e-01    0.000000e+00    1.372863e+00    5.703739e-01    0.000000e+00  
  1   2  57   2.312258e+01    5.778083e-01    0.000000e+00    5.413827e+01    5.622165e-01    0.000000e+00  
  1   2  58   6.610403e+00    2.376660e-01    0.000000e+00    3.901839e+01    3.709794e-01    0.000000e+00  
  1   2  59   3.143769e+04    1.601647e+00    0.000000e+00    1.529485e+04    1.484616e+00    0.000000e+00  
  1   2  60   1.397709e+01    5.751493e-01    0.000000e+00    1.332236e+01    5.712963e-01    0.000000e+00  
  1   2  61   1.972060e+04    1.545980e+00    0.000000e+00    5.734759e+01    6.050543e-01    0.000000e+00  
  1   2  62   -1.346790e+01    5.649966e-01    0.000000e+00    1.723508e+01    5.865473e-01    0.000000e+00  
  1   3   1   4.000000e+01    5.000000e-01    0.000000e+00    3.777240e+01    5.766599e-01    0.000000e+00  
  1   3   2   4.200602e+01    5.565887e-01    0.000000e+00    3.188718e+01    5.656033e-01    0.000000e+00  
  1   3   3   1.292766e+01    5.465119e-01    0.000000e+00    -4.281825e+00    5.559522e-01    0.000000e+00  
  1   3   4   3.399795e+01    5.395304e-01    0.000000e+00    1.994423e+01    5.523142e-01    0.000000e+00  
  1   3   5   2.152665e+01    5.679443e-01    0.000000e+00    -1.616463e+01    5.587190e-01    0.000000e+00  
  2   1   1   5.650080e+01    5.487391e-01    0.000000e+00    6.724999e+01    5.465334e-01    0.000000e+00  
  2   1   2   7.299698e+01    5.393756e-01    0.000000e+00    6.853061e+01    5.404476e-01    0.000000e+00  
  2   1   3   5.502769e+01    5.517924e-01    0.000000e+00    5.506096e+01    5.525218e-01    0.000000e+00  
  2   1   4   6.030871e+01    5.441835e-01    0.000000e+00    6.017185e+01    5.423549e-01    0.000000e+00  
  2   1   5   6.471830e+01    5.502831e-01    0.000000e+00    5.298586e+01    5.513879e-01    0.000000e+00  
  2   1   6   9.912404e+01    5.974671e-01    0.000000e+00    4.202443e+01    5.512455e-01    0.000000e+00  
  2   1   7   3.269121e+01    5.605943e-01    0.000000e+00    1.567235e+01    5.594927e-01    0.000000e+00  
  2   1   8   6.599909e+01    5.393743e-01    0.000000e+00    5.933401e+01    5.415058e-01    0.000000e+00  
  2   1   9   2.664783e+01    1.478449e-01    0.000000e+00    3.437013e+01    9.840508e-02    0.000000e+00  
  2   1  10   1.607826e+01    9.253711e-02    0.000000e+00    6.238473e+01    5.226346e-01    0.000000e+00  
  2   1  11   1.526635e+01    1.001602e-01    0.000000e+00    1.977827e+01    1.214916e-01    0.000000e+00  
  2   1  12   2.002225e+01    2.382656e-01    0.000000e+00    2.686475e+01    1.059627e-01    0.000000e+00  
  2   1  13   2.802149e+01    1.017984e-01    0.000000e+00    1.753702e+01    1.091756e-01    0.000000e+00  
  2   1  14   7.181021e+02    -9.387672e+04    0.000000e+00    1.328587e+01    7.041536e-02    0.000000e+00  
  2   1  15   4.000000e+01    5.000000e-01    0.000000e+00    1.668563e+01    1.030755e-01    0.000000e+00  
  2   1  16   1.765231e+01    1.374614e-01    0.000000e+00    4.359059e+01    3.686967e-01    0.000000e+00  
  2   1  17   2.662025e+01    1.241991e-01    0.000000e+00    4.000000e+01    5.000000e-01    0.000000e+00  
  2   1  18   1.276582e+01    8.716921e-02    0.000000e+00    2.384197e+01    5.723679e-01    0.000000e+00  
  2   1  19   1.984561e+01    1.138421e-01    0.000000e+00    6.826677e+01    5.402614e-01    0.000000e+00  
  2   1  20   5.110541e+01    5.077534e-01    0.000000e+00    6.350651e+01    5.429455e-01    0.000000e+00  
  2   1  21   1.855263e+01    7.583529e-02    0.000000e+00    5.237717e+03    1.328044e+00    0.000000e+00  
  2   1  22   4.310720e+01    4.108054e-01    0.000000e+00    2.048009e+01    8.500958e-02    0.000000e+00  
  2   1  23   1.863662e+01    5.696172e-01    0.000000e+00    -2.221519e+01    4.118410e-01    0.000000e+00  
  2   2   1   8.015524e+01    5.580720e-01    0.000000e+00    7.221008e+01    5.530793e-01    0.000000e+00  
  2   2   2   5.988880e+01    5.651088e-01    0.000000e+00    5.177116e+01    5.596996e-01    0.000000e+00  
  2   2   3   6.741532e+01    5.653752e-01    0.000000e+00    6.055988e+01    5.607950e-01    0.000000e+00  
  2   2   4   6.454522e+01    5.650959e-01    0.000000e+00    5.115110e+01    5.632321e-01    0.000000e+00  
  2   2   5   3.084222e+01    5.652032e-01    0.000000e+00    5.903473e+01    5.705731e-01    0.000000e+00  
  2   2   6   6.126003e+01    5.687978e-01    0.000000e+00    4.260587e+01    5.352835e-01    0.000000e+00  
  2   2   7   7.980042e+01    5.707408e-01    0.000000e+00    7.423363e+01    5.640417e-01    0.000000e+00  
  2   2   8   6.483762e+01    5.665581e-01    0.000000e+00    5.567337e+01    5.627521e-01    0.000000e+00  
  2   2   9   6.204553e+01    5.735566e-01    0.000000e+00    2.869551e+01    5.641787e-01    0.000000e+00  
  2   2  10   6.076956e+01    5.650803e-01    0.000000e+00    7.530089e+01    5.700886e-01    0.000000e+00  
  2   2  11   8.441759e+01    5.649678e-01    0.000000e+00    6.085115e+01    5.580316e-01    0.000000e+00  
  2   2  12   5.776786e+01    5.647415e-01    0.000000e+00    8.131524e+01    5.649046e-01    0.000000e+00  
  2   2  13   5.148768e+01    5.661783e-01    0.000000e+00    7.732154e+01    5.685613e-01    0.000000e+00  
  2   2  14   9.443816e+01    5.900414e-01    0.000000e+00    8.561780e+01    5.624668e-01    0.000000e+00  
  2   2  15   -9.737845e-01    5.628771e-01    0.000000e+00    4.997971e+01    5.897417e-01    0.000000e+00  
  2   2  16   7.503987e+01    5.677022e-01    0.000000e+00    7.094522e+01    5.706610e-01    0.000000e+00  
  2   2  17   1.396006e+01    5.676357e-01    0.000000e+00    8.378847e+01    5.869925e-01    0.000000e+00  
  2   2  18   1.027503e+02    5.518107e-01    0.000000e+00    9.137049e+01    5.545990e-01    0.000000e+00  
  2   2  19   5.815527e+01    5.462592e-01    0.000000e+00    1.283345e+02    5.605156e-01    0.000000e+00  
  2   2  20   2.165440e+01    5.876742e-01    0.000000e+00    1.921114e-01    5.747578e-01    0.000000e+00  
  2   2  21   -2.234518e+01    5.582687e-01    0.000000e+00    1.053580e+01    5.647964e-01    0.000000e+00  
  2   2  22   4.338544e+01    5.277699e-01    0.000000e+00    2.036894e+02    6.200048e-01    0.000000e+00  
  2   2  23   4.000000e+01    5.000000e-01    0.000000e+00    1.709534e+01    1.209250e-01    0.000000e+00  
  2   2  24   1.437648e+00    5.724235e-01    0.000000e+00    2.684562e+01    5.700924e-01    0.000000e+00  
  2   2  25   3.255122e+01    5.615003e-01    0.000000e+00    4.000000e+01    5.000000e-01    0.000000e+00  
  2   2  26   4.872514e+01    5.800635e-01    0.000000e+00    2.383265e+01    5.747313e-01    0.000000e+00  
  2   2  27   1.420734e+02    5.599581e-01    0.000000e+00    6.771945e+01    5.222866e-01    0.000000e+00  
  2   2  28   5.193063e+00    5.765881e-01    0.000000e+00    -1.055368e+01    5.707678e-01    0.000000e+00  
  2   2  29   -5.547472e+00    5.425004e-01    0.000000e+00    1.175395e+01    5.761492e-01    0.000000e+00  
  2   2  30   3.409137e+01    5.806796e-01    0.000000e+00    4.585453e+01    5.795990e-01    0.000000e+00  
  2   2  31   4.291665e+01    5.863608e-01    0.000000e+00    7.042251e+01    5.435807e-01    0.000000e+00  
  2   2  32   5.933518e+01    5.915779e-01    0.000000e+00    1.982851e+01    1.104671e-01    0.000000e+00  
  2   2  33   3.321643e+03    1.136141e+00    0.000000e+00    5.691088e+01    6.143323e-01    0.000000e+00  
  2   2  34   7.807184e+01    5.651153e-01    0.000000e+00    7.660144e+01    5.622667e-01    0.000000e+00  
  2   2  35   3.240600e+01    1.785508e-01    0.000000e+00    2.840294e+01    3.981679e-01    0.000000e+00  
  2   2  36   -8.521271e+00    8.660855e-02    0.000000e+00    2.322908e+01    5.753642e-01    0.000000e+00  
  2   2  37   2.826368e-01    3.874521e-01    0.000000e+00    3.224910e+01    5.846160e-01    0.000000e+00  
  2   2  38   1.070074e+02    5.821326e-01    0.000000e+00    3.414918e+01    5.881651e-01    0.000000e+00  
  2   2  39   7.684240e+01    5.436318e-01    0.000000e+00    1.078170e+02    5.621924e-01    0.000000e+00  
  2   2  40   2.289400e+01    5.784835e-01    0.000000e+00    4.181832e+01    5.913124e-01    0.000000e+00  
  2   2  41   1.943804e+04    1.600522e+00    0.000000e+00    7.557255e+00    5.956244e-02    0.000000e+00  
  2   2  42   5.909054e+02    -1.046691e+05    0.000000e+00    4.039859e+01    5.714493e-01    0.000000e+00  
  2   2  43   2.057089e+04    1.574420e+00    0.000000e+00    4.843447e+01    5.846446e-01    0.000000e+00  
  2   2  44   9.181517e+00    5.731601e-01    0.000000e+00    2.952750e+01    5.808164e-01    0.000000e+00  
  2   2  45   7.294198e+03    1.403522e+00    0.000000e+00    -2.014119e+00    5.652633e-01    0.000000e+00  
  2   2  46   5.259574e+01    5.902859e-01    0.000000e+00    1.439744e+04    1.409438e+00    0.000000e+00  
  2   2  47   9.698146e+00    5.697977e-01    0.000000e+00    1.358355e+01    5.730378e-01    0.000000e+00  
  2   2  48   3.439567e+01    5.961475e-01    0.000000e+00    1.939400e+01    5.802408e-01    0.000000e+00  
  2   2  49   -5.690159e+00    5.662957e-01    0.000000e+00    5.441805e+01    5.985957e-01    0.000000e+00  
  2   2  50   1.575864e+01    5.789820e-01    0.000000e+00    2.420851e+01    4.741187e-01    0.000000e+00  
  2   2  51   1.673491e+01    3.120345e-01    0.000000e+00    9.570940e+01    -2.534399e+03    0.000000e+00  
  2   2  52   -7.459463e+00    5.657100e-01    0.000000e+00    4.522064e+00    8.254525e-02    0.000000e+00  
  2   2  53   -4.778704e+01    -2.787494e+02    0.000000e+00    7.582128e+01    5.947710e-01    0.000000e+00  
  2   2  54   5.177405e+01    5.084842e-01    0.000000e+00    5.516632e+04    1.691322e+00    0.000000e+00  
  2   2  55   3.400058e+01    5.943611e-01    0.000000e+00    2.071050e+01    5.811495e-01    0.000000e+00  
  2   2  56   4.680732e+02    8.389276e-01    0.000000e+00    1.766035e+01    5.810630e-01    0.000000e+00  
  2   2  57   4.827821e+01    6.000343e-01    0.000000e+00    1.139793e+01    5.746512e-01    0.000000e+00  
  2   2  58   1.831430e+01    5.716926e-01    0.000000e+00    2.104198e+01    5.819157e-01    0.000000e+00  
  2   2  59   3.253367e+04    1.599637e+00    0.000000e+00    2.168518e+05    1.959970e+00    0.000000e+00  
  2   2  60   4.680034e+01    6.181059e-01    0.000000e+00    2.041254e+04    1.505899e+00    0.000000e+00  
  2   2  61   6.845199e+01    -9.397150e+02    0.000000e+00    1.885677e+01    5.762641e-01    0.000000e+00  
  2   2  62   1.695569e+01    5.695462e-01    0.000000e+00    2.350081e+01    6.001230e-01    0.000000e+00  
  2   3   1   5.859326e+01    5.470864e-01    0.000000e+00    4.996534e+01    5.405245e-01    0.000000e+00  
  2   3   2   2.793283e+01    5.541246e-01    0.000000e+00    1.835431e+01    1.078429e-01    0.000000e+00  
  2   3   3   4.119015e+01    5.370369e-01    0.000000e+00    7.590623e+01    5.500563e-01    0.000000e+00  
  2   3   4   8.224682e+00    5.438782e-01    0.000000e+00    3.067184e+01    1.472606e-01    0.000000e+00  
  2   3   5   5.780806e+01    5.440059e-01    0.000000e+00    7.581725e+01    5.473205e-01    0.000000e+00  
  3   1   1   6.624757e+01    5.473095e-01    0.000000e+00    5.153491e+01    5.521432e-01    0.000000e+00  
  3   1   2   6.579401e+01    5.424557e-01    0.000000e+00    6.711909e+01    5.422677e-01    0.000000e+00  
  3   1   3   7.291791e+01    5.442911e-01    0.000000e+00    6.144371e+01    5.400492e-01    0.000000e+00  
  3   1   4   5.494018e+01    5.411758e-01    0.000000e+00    6.924661e+01    5.412084e-01    0.000000e+00  
  3   1   5   1.787197e+03    1.098371e+00    0.000000e+00    1.094319e+04    1.419256e+00    0.000000e+00  
  3   1   6   3.221763e+00    5.625494e-01    0.000000e+00    4.298078e+01    5.599349e-01    0.000000e+00  
  3   1   7   1.556048e+01    9.360875e-02    0.000000e+00    4.000000e+01    5.000000e-01    0.000000e+00  
  3   1   8   7.004701e+01    5.333869e-01    0.000000e+00    5.443797e+01    5.407390e-01    0.000000e+00  
  3   1   9   2.113392e+01    5.708874e-01    0.000000e+00    2.830782e+00    5.665154e-01    0.000000e+00  
  3   1  10   2.211423e+01    1.419792e-01    0.000000e+00    1.870460e+01    5.673738e-01    0.000000e+00  
  3   1  11   1.728692e+01    1.031091e-01    0.000000e+00    2.006679e+01    1.030992e-01    0.000000e+00  
  3   1  12   5.846919e+01    5.380937e-01    0.000000e+00    2.312330e+01    9.541538e-02    0.000000e+00  
  3   1  13   6.233165e+01    -1.129316e+02    0.000000e+00    2.342160e+01    1.110670e-01    0.000000e+00  
  3   1  14   2.119373e+01    7.206256e-02    0.000000e+00    2.085499e+01    7.984025e-02    0.000000e+00  
  3   1  15   4.058579e+01    4.919186e-01    0.000000e+00    2.238269e+01    1.124093e-01    0.000000e+00  
  3   1  16   3.711623e+01    5.652355e-01    0.000000e+00    6.507238e+01    5.561931e-01    0.000000e+00  
  3   1  17   2.393392e+01    9.320931e-02    0.000000e+00    2.578561e+01    5.737931e-01    0.000000e+00  
  3   1  18   4.000000e+01    5.000000e-01    0.000000e+00    -2.606527e+01    3.886195e-01    0.000000e+00  
  3   1  19   1.661829e+03    1.123726e+00    0.000000e+00    1.397213e+01    3.384941e-01    0.000000e+00  
  3   1  20   1.993884e+01    1.081784e-01    0.000000e+00    2.179842e+01    5.719039e-01    0.000000e+00  
  3   1  21   7.987972e+00    7.599648e-02    0.000000e+00    1.898751e+01    1.140398e-01    0.000000e+00  
  3   1  22   -9.380968e+00    3.908516e-01    0.000000e+00    4.000000e+01    5.000000e-01    0.000000e+00  
  3   1  23   2.114166e+01    1.103764e-01    0.000000e+00    9.471941e+02    1.072793e+00    0.000000e+00  
  3   2   1   5.517432e+01    5.658981e-01    0.000000e+00    5.204574e+01    5.660153e-01    0.000000e+00  
  3   2   2   6.774849e+01    5.638967e-01    0.000000e+00    5.879770e+01    5.595218e-01    0.000000e+00  
  3   2   3   6.639353e+01    5.670145e-01    0.000000e+00    6.015546e+01    5.646384e-01    0.000000e+00  
  3   2   4   8.215152e+01    5.647560e-01    0.000000e+00    7.495983e+01    5.556817e-01    0.000000e+00  
  3   2   5   5.862997e+01    5.652607e-01    0.000000e+00    6.932376e+01    5.648012e-01    0.000000e+00  
  3   2   6   1.762774e+01    3.918611e-01    0.000000e+00    7.123576e+01    5.711675e-01    0.000000e+00  
  3   2   7   5.550464e+01    5.659569e-01    0.000000e+00    5.519784e+01    5.647452e-01    0.000000e+00  
  3   2   8   7.010548e+01    5.716170e-01    0.000000e+00    5.018107e+01    5.595903e-01    0.000000e+00  
  3   2   9   6.164111e+01    5.715549e-01    0.000000e+00    6.018464e+01    5.633652e-01    0.000000e+00  
  3   2  10   5.711801e+01    5.630173e-01    0.000000e+00    6.616721e+01    5.642450e-01    0.000000e+00  
  3   2  11   1.538681e+01    1.247761e-01    0.000000e+00    7.210563e+01    5.656803e-01    0.000000e+00  
  3   2  12   -2.086137e+01    3.285853e-01    0.000000e+00    8.034069e+01    5.656406e-01    0.000000e+00  
  3   2  13   1.540766e+01    1.038126e-01    0.000000e+00    4.000000e+01    5.000000e-01    0.000000e+00  
  3   2  14   6.211889e+01    5.622761e-01    0.000000e+00    3.947327e+01    5.953214e-01    0.000000e+00  
  3   2  15   6.969020e+01    5.632743e-01    0.000000e+00    7.420116e+01    5.624567e-01    0.000000e+00  
  3   2  16   6.331861e+01    5.646649e-01    0.000000e+00    6.320778e+01    5.625417e-01    0.000000e+00  
  3   2  17   3.987386e+01    5.735631e-01    0.000000e+00    1.596045e+01    5.634538e-01    0.000000e+00  
  3   2  18   2.530718e+01    5.721707e-01    0.000000e+00    2.316664e+01    5.850038e-01    0.000000e+00  
  3   2  19   5.768651e+01    5.678524e-01    0.000000e+00    6.300744e+01    5.730526e-01    0.000000e+00  
  3   2  20   8.461894e+01    5.534299e-01    0.000000e+00    6.686954e+01    5.477603e-01    0.000000e+00  
  3   2  21   7.979802e+01    5.774960e-01    0.000000e+00    6.940409e+01    5.790080e-01    0.000000e+00  
  3   2  22   -4.131554e+01    5.493497e-01    0.000000e+00    7.722534e+01    5.633336e-01    0.000000e+00  
  3   2  23   5.656311e+01    5.704789e-01    0.000000e+00    4.048781e+01    3.882944e-01    0.000000e+00  
  3   2  24   5.979189e+01    5.257193e-01    0.000000e+00    1.605864e+04    1.466273e+00    0.000000e+00  
  3   2  25   4.000000e+01    5.000000e-01    0.000000e+00    6.369733e-01    5.375609e-01    0.000000e+00  
  3   2  26   3.871845e+01    2.849846e-01    0.000000e+00    1.493230e+01    9.859495e-02    0.000000e+00  
  3   2  27   1.528844e+05    1.879196e+00    0.000000e+00    -1.527766e+00    5.668965e-01    0.000000e+00  
  3   2  28   -4.370895e+00    5.695639e-01    0.000000e+00    4.045865e+00    5.705568e-01    0.000000e+00  
  3   2  29   2.199145e+00    5.479351e-01    0.000000e+00    6.447954e+00    5.754846e-01    0.000000e+00  
  3   2  30   6.639858e+01    5.694758e-01    0.000000e+00    7.304074e+01    5.717109e-01    0.000000e+00  
  3   2  31   7.962198e+00    2.116712e-01    0.000000e+00    3.231853e+01    5.845929e-01    0.000000e+00  
  3   2  32   -1.351345e+00    7.897246e-02    0.000000e+00    1.069680e+01    1.049298e-01    0.000000e+00  
  3   2  33   1.699804e+01    1.124569e-01    0.000000e+00    4.804453e-01    5.650741e-01    0.000000e+00  
  3   2  34   3.407785e+01    4.733585e-01    0.000000e+00    -4.239177e+00    5.681517e-01    0.000000e+00  
  3   2  35   3.946334e+01    5.815632e-01    0.000000e+00    5.038333e+01    5.772008e-01    0.000000e+00  
  3   2  36   9.699267e+00    5.797850e-01    0.000000e+00    6.410063e+01    5.357745e-01    0.000000e+00  
  3   2  37   4.786473e+04    1.693304e+00    0.000000e+00    2.051166e+01    5.801456e-01    0.000000e+00  
  3   2  38   1.522894e+05    1.942908e+00    0.000000e+00    4.057431e+04    1.702828e+00    0.000000e+00  
  3   2  39   6.225660e+01    5.737969e-01    0.000000e+00    5.368500e+01    5.741346e-01    0.000000e+00  
  3   2  40   7.529292e+01    5.647811e-01    0.000000e+00    1.243078e+00    5.693317e-01    0.000000e+00  
  3   2  41   5.962798e+01    5.638916e-01    0.000000e+00    4.772919e+01    5.688350e-01    0.000000e+00  
  3   2  42   1.971037e+01    5.808868e-01    0.000000e+00    8.880354e+00    5.724760e-01    0.000000e+00  
  3   2  43   2.599857e+01    5.799979e-01    0.000000e+00    7.409834e+00    5.701843e-01    0.000000e+00  
  3   2  44   3.727272e+01    5.781221e-01    0.000000e+00    2.792364e+01    5.672965e-01    0.000000e+00  
  3   2  45   4.000000e+01    5.000000e-01    0.000000e+00    1.158620e+01    1.006765e-01    0.000000e+00  
  3   2  46   2.974991e+01    5.804814e-01    0.000000e+00    6.381085e+01    6.335556e-01    0.000000e+00  
  3   2  47   3.305864e+01    5.738618e-01    0.000000e+00    6.541850e+00    6.863639e-02    0.000000e+00  
  3   2  48   3.385245e+03    1.252665e+00    0.000000e+00    4.000000e+01    5.000000e-01    0.000000e+00  
  3   2  49   3.650522e+04    1.667340e+00    0.000000e+00    -4.231339e+00    6.183924e-02    0.000000e+00  
  3   2  50   5.548788e+01    5.751493e-01    0.000000e+00    5.070789e+01    5.796553e-01    0.000000e+00  
  3   2  51   -6.113850e-01    5.686612e-01    0.000000e+00    2.711351e+01    5.814293e-01    0.000000e+00  
  3   2  52   1.623921e+01    5.430214e-01    0.000000e+00    1.103835e+01    5.766288e-01    0.000000e+00  
  3   2  53   6.336076e+01    5.951751e-01    0.000000e+00    2.782678e+05    1.985635e+00    0.000000e+00  
  3   2  54   -3.062296e+00    5.678679e-01    0.000000e+00    -1.208068e+01    5.464745e-01    0.000000e+00  
  3   2  55   3.974159e+01    5.808268e-01    0.000000e+00    4.516388e+04    1.741160e+00    0.000000e+00  
  3   2  56   3.737830e+04    1.743363e+00    0.000000e+00    4.663001e+04    1.675067e+00    0.000000e+00  
  3   2  57   2.361518e+01    5.755005e-01    0.000000e+00    2.413531e+01    5.804005e-01    0.000000e+00  
  3   2  58   2.352690e+01    5.858740e-01    0.000000e+00    4.909634e+02    9.595701e-01    0.000000e+00  
  3   2  59   3.092875e+01    5.773267e-01    0.000000e+00    5.250126e+01    5.808990e-01    0.000000e+00  
  3   2  60   3.420709e+01    5.912581e-01    0.000000e+00    -5.304171e+00    5.692891e-01    0.000000e+00  
  3   2  61   4.232534e+01    5.664655e-01    0.000000e+00    1.428364e+01    5.771175e-01    0.000000e+00  
  3   2  62   1.066476e+01    5.783619e-01    0.000000e+00    1.406775e+01    1.305512e-01    0.000000e+00  
  3   3   1   5.947629e+01    5.428066e-01    0.000000e+00    5.081474e+01    5.361608e-01    0.000000e+00  
  3   3   2   6.138127e+01    5.428251e-01    0.000000e+00    4.585147e+01    5.384095e-01    0.000000e+00  
  3   3   3   5.169993e+01    5.254924e-01    0.000000e+00    7.546455e+01    5.357671e-01    0.000000e+00  
  3   3   4   6.598878e+01    5.857255e-01    0.000000e+00    2.491131e+01    5.543349e-01    0.000000e+00  
  3   3   5   5.320880e+01    5.741026e-01    0.000000e+00    5.652022e+01    5.638782e-01    0.000000e+00  
  4   1   1   5.364381e+01    5.503113e-01    0.000000e+00    4.768357e+01    5.528191e-01    0.000000e+00  
  4   1   2   5.659347e+01    5.538468e-01    0.000000e+00    5.023683e+01    5.515446e-01    0.000000e+00  
  4   1   3   6.381336e+01    5.494218e-01    0.000000e+00    5.578833e+01    5.477228e-01    0.000000e+00  
  4   1   4   1.950684e+01    3.874330e-01    0.000000e+00    1.164168e+02    -1.867904e+03    0.000000e+00  
  4   1   5   1.522815e+01    1.051177e-01    0.000000e+00    4.000000e+01    5.000000e-01    0.000000e+00  
  4   1   6   6.745919e+01    5.419588e-01    0.000000e+00    6.520009e+01    5.424208e-01    0.000000e+00  
  4   1   7   4.164963e+01    5.579965e-01    0.000000e+00    3.498359e+01    5.577107e-01    0.000000e+00  
  4   1   8   4.000000e+01    5.000000e-01    0.000000e+00    1.443472e+01    7.777722e-02    0.000000e+00  
  4   1   9   1.326174e+01    5.706780e-01    0.000000e+00    1.186201e+01    5.725257e-01    0.000000e+00  
  4   1  10   3.110684e+01    4.827882e-01    0.000000e+00    6.282275e+01    5.423623e-01    0.000000e+00  
  4   1  11   4.000000e+01    5.000000e-01    0.000000e+00    4.000000e+01    5.000000e-01    0.000000e+00  
  4   1  12   -1.499019e+01    5.578227e-01    0.000000e+00    6.804370e+00    5.665795e-01    0.000000e+00  
  4   1  13   1.222632e+02    -5.902309e+02    0.000000e+00    4.000000e+01    5.000000e-01    0.000000e+00  
  4   1  14   -2.341208e+01    4.228139e-01    0.000000e+00    4.604508e+01    4.992441e-01    0.000000e+00  
  4   1  15   1.447132e+03    1.146487e+00    0.000000e+00    2.126268e+03    1.237576e+00    0.000000e+00  
  4   1  16   8.541382e+01    5.859357e-01    0.000000e+00    4.000000e+01    5.000000e-01    0.000000e+00  
  4   1  17   1.849793e+01    9.751943e-02    0.000000e+00    -9.610993e+00    3.827513e-01    0.000000e+00  
  4   1  18   1.849135e+01    5.667740e-01    0.000000e+00    -8.280948e+00    3.865090e-01    0.000000e+00  
  4   1  19   2.351387e+01    1.032600e-01    0.000000e+00    1.126989e+01    7.758008e-02    0.000000e+00  
  4   1  20   -5.008573e+00    3.899037e-01    0.000000e+00    8.849030e+00    7.408661e-02    0.000000e+00  
  4   1  21   2.095803e+03    1.214744e+00    0.000000e+00    2.265661e+01    2.693579e-01    0.000000e+00  
  4   1  22   4.550557e+01    5.577376e-01    0.000000e+00    4.310762e+01    5.795044e-01    0.000000e+00  
  4   1  23   3.880524e+01    5.463457e-01    0.000000e+00    1.772931e+01    2.179044e-01    0.000000e+00  
  4   2   1   5.649062e+01    5.657757e-01    0.000000e+00    6.005002e+01    5.630216e-01    0.000000e+00  
  4   2   2   5.588123e+01    5.646149e-01    0.000000e+00    6.141679e+01    5.628744e-01    0.000000e+00  
  4   2   3   2.061684e+01    3.361712e-01    0.000000e+00    1.539406e+01    2.210620e-01    0.000000e+00  
  4   2   4   6.196403e+01    5.635112e-01    0.000000e+00    6.561069e+01    5.665533e-01    0.000000e+00  
  4   2   5   2.688156e+01    3.898891e-01    0.000000e+00    1.596981e+02    -3.479101e+03    0.000000e+00  
  4   2   6   7.925945e+01    5.659844e-01    0.000000e+00    1.329142e+01    2.437482e-01    0.000000e+00  
  4   2   7   5.561016e+01    5.666963e-01    0.000000e+00    5.655277e+01    5.674396e-01    0.000000e+00  
  4   2   8   6.478536e+01    5.633703e-01    0.000000e+00    6.462762e+01    5.629281e-01    0.000000e+00  
  4   2   9   7.294320e+01    5.652181e-01    0.000000e+00    6.658720e+01    5.632046e-01    0.000000e+00  
  4   2  10   2.030705e+01    3.426475e-01    0.000000e+00    6.721515e+01    5.679451e-01    0.000000e+00  
  4   2  11   4.272927e+01    5.697711e-01    0.000000e+00    3.429229e+01    5.667508e-01    0.000000e+00  
  4   2  12   1.647558e+01    1.001516e-01    0.000000e+00    4.000000e+01    5.000000e-01    0.000000e+00  
  4   2  13   6.414624e+01    5.612284e-01    0.000000e+00    6.839480e+01    5.627061e-01    0.000000e+00  
  4   2  14   7.561308e+01    5.673131e-01    0.000000e+00    4.633671e+01    5.269234e-01    0.000000e+00  
  4   2  15   7.752254e+01    5.599957e-01    0.000000e+00    7.792343e+01    5.599649e-01    0.000000e+00  
  4   2  16   8.424253e+00    8.296114e-02    0.000000e+00    1.613216e+01    3.840809e-01    0.000000e+00  
  4   2  17   5.592849e+01    5.739974e-01    0.000000e+00    7.565903e+00    2.840916e-01    0.000000e+00  
  4   2  18   7.318400e+01    5.637750e-01    0.000000e+00    5.937370e+01    5.684592e-01    0.000000e+00  
  4   2  19   6.895057e+01    5.683345e-01    0.000000e+00    5.771109e+01    5.699049e-01    0.000000e+00  
  4   2  20   7.074109e+01    5.619818e-01    0.000000e+00    8.508354e+01    5.678315e-01    0.000000e+00  
  4   2  21   5.966084e+01    5.680379e-01    0.000000e+00    5.142389e+01    5.719813e-01    0.000000e+00  
  4   2  22   -3.372700e+05    2.140709e+00    0.000000e+00    7.094393e+00    5.763729e-01    0.000000e+00  
  4   2  23   5.862217e+01    5.667617e-01    0.000000e+00    1.741266e+01    1.088287e-01    0.000000e+00  
  4   2  24   5.810739e+01    5.650181e-01    0.000000e+00    7.561234e+01    5.817324e-01    0.000000e+00  
  4   2  25   1.264661e+01    5.685966e-01    0.000000e+00    1.115943e+01    5.769155e-01    0.000000e+00  
  4   2  26   4.000000e+01    5.000000e-01    0.000000e+00    4.355618e+01    3.227447e-01    0.000000e+00  
  4   2  27   6.153887e+01    5.728880e-01    0.000000e+00    6.413604e+01    5.815454e-01    0.000000e+00  
  4   2  28   8.695851e+01    5.598064e-01    0.000000e+00    7.507964e+01    5.577125e-01    0.000000e+00  
  4   2  29   1.512237e+01    5.789428e-01    0.000000e+00    6.892820e-01    5.644625e-01    0.000000e+00  
  4   2  30   -1.661302e+05    2.005434e+00    0.000000e+00    -9.447909e-01    5.694721e-01    0.000000e+00  
  4   2  31   1.682061e+01    1.073690e-01    0.000000e+00    7.920149e+00    4.716977e-01    0.000000e+00  
  4   2  32   -1.113445e+01    5.666786e-01    0.000000e+00    2.286665e+01    5.819815e-01    0.000000e+00  
  4   2  33   3.652647e+01    5.883752e-01    0.000000e+00    1.557586e+01    3.741074e-01    0.000000e+00  
  4   2  34   2.305941e+01    5.907993e-01    0.000000e+00    6.813485e+00    5.755667e-01    0.000000e+00  
  4   2  35   5.120216e+04    1.713026e+00    0.000000e+00    1.568508e+01    5.679592e-01    0.000000e+00  
  4   2  36   1.844368e+01    5.806471e-01    0.000000e+00    2.950723e+01    5.848157e-01    0.000000e+00  
  4   2  37   1.740327e+01    1.220289e-01    0.000000e+00    5.215000e+01    5.854558e-01    0.000000e+00  
  4   2  38   3.800165e+01    5.738307e-01    0.000000e+00    3.240633e+01    5.862895e-01    0.000000e+00  
  4   2  39   1.967465e+01    -1.067669e+02    0.000000e+00    1.658382e+01    9.513690e-02    0.000000e+00  
  4   2  40   8.259381e+01    -1.289396e+03    0.000000e+00    3.602797e+01    5.725698e-01    0.000000e+00  
  4   2  41   4.663647e+01    -2.948694e+03    0.000000e+00    6.868856e+00    2.181568e-01    0.000000e+00  
  4   2  42   1.102748e+03    1.031203e+00    0.000000e+00    4.602332e+04    1.654553e+00    0.000000e+00  
  4   2  43   4.000000e+01    5.000000e-01    0.000000e+00    2.433094e+01    5.798766e-01    0.000000e+00  
  4   2  44   -3.380943e+00    5.695807e-01    0.000000e+00    6.364111e+04    1.716721e+00    0.000000e+00  
  4   2  45   4.189858e+01    6.040583e-01    0.000000e+00    1.582020e+01    5.793420e-01    0.000000e+00  
  4   2  46   9.944077e+00    5.384385e-01    0.000000e+00    5.079325e+01    5.907499e-01    0.000000e+00  
  4   2  47   3.113541e+01    5.858682e-01    0.000000e+00    4.000000e+01    5.000000e-01    0.000000e+00  
  4   2  48   -7.821235e+00    8.280222e-02    0.000000e+00    1.316121e+01    5.766733e-01    0.000000e+00  
  4   2  49   9.246394e+00    5.772525e-01    0.000000e+00    1.990832e+01    5.953146e-01    0.000000e+00  
  4   2  50   -3.843013e-01    5.716203e-01    0.000000e+00    1.005146e+05    1.835614e+00    0.000000e+00  
  4   2  51   6.776634e+01    4.793835e-01    0.000000e+00    1.410506e+01    2.639385e-01    0.000000e+00  
  4   2  52   6.919066e+00    6.239246e-02    0.000000e+00    9.821850e+01    5.948791e-01    0.000000e+00  
  4   2  53   2.073678e+01    5.808426e-01    0.000000e+00    1.446200e+03    1.154922e+00    0.000000e+00  
  4   2  54   2.003927e+01    5.712573e-01    0.000000e+00    -3.888882e+00    5.415474e-01    0.000000e+00  
  4   2  55   2.205131e+05    1.953107e+00    0.000000e+00    7.366163e+03    1.322767e+00    0.000000e+00  
  4   2  56   2.646707e+01    5.847972e-01    0.000000e+00    3.004721e+01    5.886025e-01    0.000000e+00  
  4   2  57   2.320458e+01    5.864561e-01    0.000000e+00    2.157749e+01    5.812273e-01    0.000000e+00  
  4   2  58   2.599409e+01    5.849809e-01    0.000000e+00    1.905866e+01    5.836586e-01    0.000000e+00  
  4   2  59   4.662667e+04    1.755949e+00    0.000000e+00    7.153691e+01    5.837374e-01    0.000000e+00  
  4   2  60   3.202305e+01    5.841168e-01    0.000000e+00    5.010954e+00    5.680434e-02    0.000000e+00  
  4   2  61   5.398337e+04    1.708028e+00    0.000000e+00    7.384586e+04    1.838163e+00    0.000000e+00  
  4   2  62   1.003085e+05    1.801856e+00    0.000000e+00    7.921825e+03    1.342771e+00    0.000000e+00  
  4   3   1   5.219814e+01    5.452300e-01    0.000000e+00    4.764209e+01    5.412277e-01    0.000000e+00  
  4   3   2   5.158985e+01    5.490242e-01    0.000000e+00    4.455266e+01    5.422085e-01    0.000000e+00  
  4   3   3   -1.490014e+01    3.976726e-01    0.000000e+00    4.000000e+01    5.000000e-01    0.000000e+00  
  4   3   4   2.296058e+01    1.244352e-01    0.000000e+00    3.061105e+01    5.383806e-01    0.000000e+00  
  4   3   5   8.181164e+00    2.819597e-01    0.000000e+00    1.736615e+01    7.629182e-02    0.000000e+00  
  5   1   1   5.692433e+01    5.511961e-01    0.000000e+00    5.222715e+01    5.514174e-01    0.000000e+00  
  5   1   2   2.230969e+00    9.956853e-02    0.000000e+00    1.593405e+01    1.127916e-01    0.000000e+00  
  5   1   3   4.921492e+01    5.528424e-01    0.000000e+00    4.926598e+01    5.538870e-01    0.000000e+00  
  5   1   4   6.057308e+01    5.519270e-01    0.000000e+00    5.090190e+01    5.497503e-01    0.000000e+00  
  5   1   5   6.518576e+01    5.533779e-01    0.000000e+00    5.240823e+01    5.480458e-01    0.000000e+00  
  5   1   6   4.000000e+01    5.000000e-01    0.000000e+00    1.683521e+01    1.656868e-01    0.000000e+00  
  5   1   7   4.434759e+01    5.495801e-01    0.000000e+00    6.182150e+01    5.549160e-01    0.000000e+00  
  5   1   8   2.430394e+02    7.713825e-01    0.000000e+00    3.269373e+01    5.569931e-01    0.000000e+00  
  5   1   9   2.101914e+01    1.034204e-01    0.000000e+00    -2.495805e+01    5.601902e-01    0.000000e+00  
  5   1  10   4.898074e+01    5.517503e-01    0.000000e+00    5.249489e+01    5.541986e-01    0.000000e+00  
  5   1  11   6.081634e+01    5.378752e-01    0.000000e+00    2.083654e+01    1.472560e-01    0.000000e+00  
  5   1  12   4.260066e+01    3.772242e-01    0.000000e+00    2.224302e+01    7.710632e-02    0.000000e+00  
  5   1  13   6.161369e+01    5.366204e-01    0.000000e+00    4.000000e+01    5.000000e-01    0.000000e+00  
  5   1  14   2.652976e+01    1.049440e-01    0.000000e+00    4.000000e+01    5.000000e-01    0.000000e+00  
  5   1  15   1.381668e+01    5.742052e-01    0.000000e+00    8.894464e+01    -9.891230e+01    0.000000e+00  
  5   1  16   1.729789e+01    8.869125e-02    0.000000e+00    3.455263e+01    5.721407e-01    0.000000e+00  
  5   1  17   1.855980e+01    8.427325e-02    0.000000e+00    4.000000e+01    5.000000e-01    0.000000e+00  
  5   1  18   5.804334e+01    5.497145e-01    0.000000e+00    5.461717e+01    5.478534e-01    0.000000e+00  
  5   1  19   8.857864e+01    -6.979308e+03    0.000000e+00    4.160238e+01    4.162946e-01    0.000000e+00  
  5   1  20   6.275141e+01    5.523890e-01    0.000000e+00    5.482871e+01    5.467936e-01    0.000000e+00  
  5   1  21   7.985878e+00    4.008791e-01    0.000000e+00    1.499067e+01    1.057014e-01    0.000000e+00  
  5   1  22   5.505181e+01    5.419735e-01    0.000000e+00    6.456313e+01    5.506322e-01    0.000000e+00  
  5   1  23   1.006987e+03    1.085578e+00    0.000000e+00    7.406478e+01    5.786984e-01    0.000000e+00  
  5   2   1   5.826909e+01    5.644900e-01    0.000000e+00    5.517413e+01    5.616811e-01    0.000000e+00  
  5   2   2   1.396191e+01    1.095577e-01    0.000000e+00    2.568184e+01    3.903705e-01    0.000000e+00  
  5   2   3   6.643409e+01    5.721769e-01    0.000000e+00    5.756771e+01    3.707891e-01    0.000000e+00  
  5   2   4   7.035289e+01    5.690952e-01    0.000000e+00    6.290426e+01    5.666028e-01    0.000000e+00  
  5   2   5   1.696250e+01    3.056458e-01    0.000000e+00    1.109380e+01    8.234061e-02    0.000000e+00  
  5   2   6   6.436564e+01    5.694960e-01    0.000000e+00    6.143965e+01    5.669579e-01    0.000000e+00  
  5   2   7   6.407124e+01    5.660434e-01    0.000000e+00    7.179450e+01    5.691770e-01    0.000000e+00  
  5   2   8   5.695191e+01    5.666565e-01    0.000000e+00    5.981208e+01    5.689496e-01    0.000000e+00  
  5   2   9   6.366522e+01    5.686299e-01    0.000000e+00    6.146422e+01    5.680746e-01    0.000000e+00  
  5   2  10   5.941224e+01    5.680767e-01    0.000000e+00    4.674706e+01    5.672961e-01    0.000000e+00  
  5   2  11   6.597108e+01    5.647438e-01    0.000000e+00    6.166564e+01    5.638475e-01    0.000000e+00  
  5   2  12   6.239983e+01    5.669769e-01    0.000000e+00    6.782328e+01    5.670262e-01    0.000000e+00  
  5   2  13   7.099798e+01    5.717328e-01    0.000000e+00    6.529379e+01    5.612719e-01    0.000000e+00  
  5   2  14   6.062650e+01    5.718188e-01    0.000000e+00    3.490548e+01    4.985285e-01    0.000000e+00  
  5   2  15   4.000000e+01    5.000000e-01    0.000000e+00    1.979601e+01    1.238396e-01    0.000000e+00  
  5   2  16   1.623075e+01    2.609664e-01    0.000000e+00    5.976512e+01    5.669663e-01    0.000000e+00  
  5   2  17   4.948945e+01    5.711030e-01    0.000000e+00    6.570831e+01    5.714600e-01    0.000000e+00  
  5   2  18   7.657383e+01    5.698948e-01    0.000000e+00    7.214030e+01    5.710450e-01    0.000000e+00  
  5   2  19   4.406639e+01    5.667378e-01    0.000000e+00    4.361659e+01    3.215487e-01    0.000000e+00  
  5   2  20   1.256091e+01    5.704088e-01    0.000000e+00    1.066663e+01    3.586904e-01    0.000000e+00  
  5   2  21   5.315640e+01    5.477309e-01    0.000000e+00    5.964038e+01    5.696411e-01    0.000000e+00  
  5   2  22   4.370441e+00    2.264145e-02    0.000000e+00    1.772510e+01    9.539775e-02    0.000000e+00  
  5   2  23   5.484411e+01    5.620019e-01    0.000000e+00    1.503286e+01    5.790591e-01    0.000000e+00  
  5   2  24   8.576287e+01    5.584293e-01    0.000000e+00    7.666759e+01    5.811555e-01    0.000000e+00  
  5   2  25   2.784743e+01    5.666213e-01    0.000000e+00    1.328393e+01    3.876155e-01    0.000000e+00  
  5   2  26   1.650199e+01    5.765743e-01    0.000000e+00    3.467859e+01    5.823925e-01    0.000000e+00  
  5   2  27   3.031771e+01    5.866437e-01    0.000000e+00    1.731254e+01    5.722771e-01    0.000000e+00  
  5   2  28   -1.823102e+01    5.620337e-01    0.000000e+00    7.401089e+00    3.039277e-01    0.000000e+00  
  5   2  29   9.637099e+00    5.732141e-01    0.000000e+00    7.411172e+00    5.843025e-01    0.000000e+00  
  5   2  30   1.521214e+01    3.819243e-01    0.000000e+00    1.705611e+01    7.960978e-02    0.000000e+00  
  5   2  31   6.262409e+00    9.013854e-02    0.000000e+00    1.253156e+01    3.872681e-01    0.000000e+00  
  5   2  32   8.163822e+01    5.729243e-01    0.000000e+00    7.435793e+01    5.611426e-01    0.000000e+00  
  5   2  33   1.286121e+01    5.750884e-01    0.000000e+00    1.756672e+01    9.748734e-02    0.000000e+00  
  5   2  34   4.119421e+01    5.868757e-01    0.000000e+00    -1.400921e+01    5.617283e-01    0.000000e+00  
  5   2  35   5.820354e+00    5.734407e-01    0.000000e+00    6.146840e+01    6.051127e-01    0.000000e+00  
  5   2  36   1.683715e+00    5.732005e-01    0.000000e+00    -3.369400e-01    1.373776e-01    0.000000e+00  
  5   2  37   4.553526e+01    5.897939e-01    0.000000e+00    2.564231e+01    5.884910e-01    0.000000e+00  
  5   2  38   4.000000e+01    5.000000e-01    0.000000e+00    2.935089e+00    3.335295e-01    0.000000e+00  
  5   2  39   1.754785e+01    9.987579e-02    0.000000e+00    3.192274e+01    5.909169e-01    0.000000e+00  
  5   2  40   4.429915e+01    3.535550e-01    0.000000e+00    2.714230e+00    3.718618e-01    0.000000e+00  
  5   2  41   3.853833e+01    5.275787e-01    0.000000e+00    -6.517039e+00    5.454308e-01    0.000000e+00  
  5   2  42   1.460715e+01    1.161622e-01    0.000000e+00    7.283704e+01    5.862906e-01    0.000000e+00  
  5   2  43   1.580592e+01    5.811569e-01    0.000000e+00    2.206612e+04    1.579914e+00    0.000000e+00  
  5   2  44   2.440475e+01    5.738887e-01    0.000000e+00    4.331025e+01    5.854009e-01    0.000000e+00  
  5   2  45   5.257337e+01    5.769970e-01    0.000000e+00    2.590395e+01    5.730194e-01    0.000000e+00  
  5   2  46   5.388274e+04    1.730323e+00    0.000000e+00    1.767504e+05    1.890176e+00    0.000000e+00  
  5   2  47   2.643992e+01    5.723241e-01    0.000000e+00    6.863884e+01    5.924949e-01    0.000000e+00  
  5   2  48   -7.831937e+00    5.648111e-01    0.000000e+00    2.626984e+01    5.734611e-01    0.000000e+00  
  5   2  49   8.402073e+00    5.746623e-01    0.000000e+00    6.687723e+03    1.442046e+00    0.000000e+00  
  5   2  50   8.764220e+00    5.787354e-01    0.000000e+00    4.000000e+01    5.000000e-01    0.000000e+00  
  5   2  51   6.121649e+01    5.734831e-01    0.000000e+00    7.057909e+01    5.895704e-01    0.000000e+00  
  5   2  52   4.402370e+01    5.764299e-01    0.000000e+00    7.053875e+01    5.972586e-01    0.000000e+00  
  5   2  53   1.453882e+01    2.771517e-01    0.000000e+00    2.702434e+04    1.600669e+00    0.000000e+00  
  5   2  54   3.211161e+01    5.797242e-01    0.000000e+00    5.063205e+01    5.834143e-01    0.000000e+00  
  5   2  55   -8.721846e-01    5.692698e-01    0.000000e+00    8.756692e+00    5.726347e-01    0.000000e+00  
  5   2  56   3.100671e+01    5.850587e-01    0.000000e+00    4.000000e+01    5.000000e-01    0.000000e+00  
  5   2  57   2.836055e+01    5.861623e-01    0.000000e+00    -2.533893e-01    5.722684e-01    0.000000e+00  
  5   2  58   8.679251e+03    1.373641e+00    0.000000e+00    1.074875e+05    1.812713e+00    0.000000e+00  
  5   2  59   3.200625e+00    5.748693e-01    0.000000e+00    9.424738e+00    5.784871e-01    0.000000e+00  
  5   2  60   4.888435e+01    5.834533e-01    0.000000e+00    6.411635e+01    5.886453e-01    0.000000e+00  
  5   2  61   2.504311e+01    5.848341e-01    0.000000e+00    4.109443e+01    5.866287e-01    0.000000e+00  
  5   2  62   5.458056e+01    5.851398e-01    0.000000e+00    4.604721e+01    5.851907e-01    0.000000e+00  
  5   3   1   6.045314e+01    5.462085e-01    0.000000e+00    4.229331e+01    5.377207e-01    0.000000e+00  
  5   3   2   4.223417e+01    5.457492e-01    0.000000e+00    4.502259e+01    5.463510e-01    0.000000e+00  
  5   3   3   4.414442e+01    5.458231e-01    0.000000e+00    5.412321e+01    5.469005e-01    0.000000e+00  
  5   3   4   2.313594e+03    1.421234e+00    0.000000e+00    5.963940e+01    5.726640e-01    0.000000e+00  
  5   3   5   2.911754e+01    1.190350e-01    0.000000e+00    1.444413e+01    2.516340e-01    0.000000e+00  
  6   1   1   5.273599e+01    5.528320e-01    0.000000e+00    4.788536e+01    5.525350e-01    0.000000e+00  
  6   1   2   5.223520e+01    5.505069e-01    0.000000e+00    6.175557e+01    5.492223e-01    0.000000e+00  
  6   1   3   5.833390e+01    5.496654e-01    0.000000e+00    5.686875e+01    5.494774e-01    0.000000e+00  
  6   1   4   6.045967e+01    5.511120e-01    0.000000e+00    6.188170e+01    5.472711e-01    0.000000e+00  
  6   1   5   6.568365e+01    5.505557e-01    0.000000e+00    5.766981e+01    5.457029e-01    0.000000e+00  
  6   1   6   6.205701e+01    5.486493e-01    0.000000e+00    6.037384e+01    5.480871e-01    0.000000e+00  
  6   1   7   5.905417e+01    5.489477e-01    0.000000e+00    5.594204e+01    5.491917e-01    0.000000e+00  
  6   1   8   5.354963e+01    5.487402e-01    0.000000e+00    6.111092e+01    5.489119e-01    0.000000e+00  
  6   1   9   2.063232e+01    5.684987e-01    0.000000e+00    2.682480e+01    5.767537e-01    0.000000e+00  
  6   1  10   1.636378e+01    9.320964e-02    0.000000e+00    -1.451928e+00    3.841136e-01    0.000000e+00  
  6   1  11   1.495044e+01    9.306744e-02    0.000000e+00    7.928450e+01    5.294768e-01    0.000000e+00  
  6   1  12   6.521166e+01    5.435671e-01    0.000000e+00    4.360565e+01    5.051456e-01    0.000000e+00  
  6   1  13   -1.549756e+01    5.627412e-01    0.000000e+00    -2.080622e+00    3.987983e-01    0.000000e+00  
  6   1  14   2.940686e+01    5.675549e-01    0.000000e+00    1.790042e+01    1.079436e-01    0.000000e+00  
  6   1  15   1.967623e+01    1.074644e-01    0.000000e+00    4.000000e+01    5.000000e-01    0.000000e+00  
  6   1  16   2.026817e+01    1.244639e-01    0.000000e+00    1.591952e+01    5.687881e-01    0.000000e+00  
  6   1  17   8.649307e+01    -6.943505e+03    0.000000e+00    4.000000e+01    5.000000e-01    0.000000e+00  
  6   1  18   5.302594e+01    -3.515675e+03    0.000000e+00    2.905948e+01    3.715857e-01    0.000000e+00  
  6   1  19   4.000000e+01    5.000000e-01    0.000000e+00    6.569577e+01    5.475939e-01    0.000000e+00  
  6   1  20   2.045165e+01    4.997998e-01    0.000000e+00    1.567960e+01    1.663293e-01    0.000000e+00  
  6   1  21   3.029336e+03    1.333209e+00    0.000000e+00    2.003527e+01    5.718374e-01    0.000000e+00  
  6   1  22   4.217075e+01    5.461098e-01    0.000000e+00    6.494086e+01    5.639329e-01    0.000000e+00  
  6   1  23   2.155232e+01    5.746601e-01    0.000000e+00    8.279515e+00    5.652322e-01    0.000000e+00  
  6   2   1   6.334531e+01    5.653014e-01    0.000000e+00    6.417021e+01    5.629553e-01    0.000000e+00  
  6   2   2   6.366192e+01    5.642595e-01    0.000000e+00    7.300401e+01    5.693051e-01    0.000000e+00  
  6   2   3   6.784117e+01    5.702208e-01    0.000000e+00    6.963382e+01    5.717977e-01    0.000000e+00  
  6   2   4   5.366166e+01    5.691684e-01    0.000000e+00    6.311151e+01    5.715531e-01    0.000000e+00  
  6   2   5   7.103583e+01    5.734373e-01    0.000000e+00    6.208849e+01    5.670891e-01    0.000000e+00  
  6   2   6   6.273341e+01    5.683781e-01    0.000000e+00    6.144085e+01    5.692928e-01    0.000000e+00  
  6   2   7   6.822653e+01    5.700491e-01    0.000000e+00    7.084794e+01    5.690580e-01    0.000000e+00  
  6   2   8   6.495122e+01    5.715597e-01    0.000000e+00    5.637546e+01    5.654609e-01    0.000000e+00  
  6   2   9   5.233264e+01    4.989255e-01    0.000000e+00    1.537812e+01    2.380651e-01    0.000000e+00  
  6   2  10   2.514552e+01    5.010898e-01    0.000000e+00    6.276974e+01    5.654463e-01    0.000000e+00  
  6   2  11   6.680569e+01    5.687455e-01    0.000000e+00    5.773338e+01    5.625278e-01    0.000000e+00  
  6   2  12   5.614395e+01    5.661940e-01    0.000000e+00    6.517421e+01    5.679968e-01    0.000000e+00  
  6   2  13   5.119730e+01    5.678987e-01    0.000000e+00    5.620280e+01    5.714130e-01    0.000000e+00  
  6   2  14   8.499110e+01    5.669083e-01    0.000000e+00    7.233181e+01    5.614264e-01    0.000000e+00  
  6   2  15   2.162176e+01    2.027734e-01    0.000000e+00    3.459546e+01    5.701019e-01    0.000000e+00  
  6   2  16   8.716788e+00    1.445297e-01    0.000000e+00    1.409368e+01    9.299109e-02    0.000000e+00  
  6   2  17   6.057254e+01    5.674003e-01    0.000000e+00    5.762951e+01    5.665711e-01    0.000000e+00  
  6   2  18   7.542940e+01    5.660871e-01    0.000000e+00    6.396765e+01    5.624455e-01    0.000000e+00  
  6   2  19   7.455571e+01    5.712922e-01    0.000000e+00    5.504321e+01    5.637478e-01    0.000000e+00  
  6   2  20   7.027927e+01    5.678309e-01    0.000000e+00    1.721271e+01    3.823611e-01    0.000000e+00  
  6   2  21   6.229612e+01    5.289834e-01    0.000000e+00    8.415913e+01    5.648274e-01    0.000000e+00  
  6   2  22   9.783898e+01    5.642592e-01    0.000000e+00    6.322725e+01    5.591525e-01    0.000000e+00  
  6   2  23   -7.266838e+01    3.344396e-01    0.000000e+00    -2.148364e+00    5.676439e-01    0.000000e+00  
  6   2  24   4.348180e+01    5.511487e-01    0.000000e+00    7.928445e+01    5.744537e-01    0.000000e+00  
  6   2  25   7.663408e+01    5.699012e-01    0.000000e+00    5.776867e+01    5.736862e-01    0.000000e+00  
  6   2  26   3.966611e+01    5.662938e-01    0.000000e+00    5.746228e+02    9.311445e-01    0.000000e+00  
  6   2  27   1.146046e+01    5.768697e-01    0.000000e+00    4.000000e+01    5.000000e-01    0.000000e+00  
  6   2  28   5.290372e+04    1.655509e+00    0.000000e+00    2.318661e+01    5.835370e-01    0.000000e+00  
  6   2  29   1.602217e+01    7.470082e-02    0.000000e+00    4.204224e-01    -5.847016e-03    0.000000e+00  
  6   2  30   3.663151e+01    5.757409e-01    0.000000e+00    1.045341e+01    1.148064e-01    0.000000e+00  
  6   2  31   6.393818e+01    5.754609e-01    0.000000e+00    1.501382e+01    5.650941e-01    0.000000e+00  
  6   2  32   -2.919616e+00    5.673726e-01    0.000000e+00    5.715468e+01    5.773076e-01    0.000000e+00  
  6   2  33   1.438580e+01    7.901378e-02    0.000000e+00    4.000000e+01    5.000000e-01    0.000000e+00  
  6   2  34   1.597173e+01    3.371460e-01    0.000000e+00    1.547760e+01    1.185252e-01    0.000000e+00  
  6   2  35   5.735090e+01    5.950187e-01    0.000000e+00    2.422358e+01    5.836535e-01    0.000000e+00  
  6   2  36   2.376374e+01    5.758333e-01    0.000000e+00    1.375502e+01    5.793934e-01    0.000000e+00  
  6   2  37   7.905052e+01    5.699276e-01    0.000000e+00    1.336604e+01    3.836944e-01    0.000000e+00  
  6   2  38   4.315268e+01    5.835739e-01    0.000000e+00    3.158876e+01    5.748964e-01    0.000000e+00  
  6   2  39   3.110659e+01    5.751367e-01    0.000000e+00    2.528646e-01    5.556715e-01    0.000000e+00  
  6   2  40   -1.147889e+03    1.097995e+00    0.000000e+00    7.242218e+01    5.789759e-01    0.000000e+00  
  6   2  41   4.347843e+01    5.691969e-01    0.000000e+00    7.995583e+00    8.674362e-02    0.000000e+00  
  6   2  42   5.891457e+00    1.146606e-01    0.000000e+00    2.953709e+01    5.879633e-01    0.000000e+00  
  6   2  43   8.357100e+00    1.093013e-01    0.000000e+00    4.125829e+01    5.922455e-01    0.000000e+00  
  6   2  44   3.793866e+01    6.095982e-01    0.000000e+00    9.511771e+00    1.050262e-01    0.000000e+00  
  6   2  45   1.045067e+00    5.671608e-01    0.000000e+00    3.142674e+00    5.734093e-01    0.000000e+00  
  6   2  46   6.262578e+01    5.836086e-01    0.000000e+00    -6.247946e+00    5.658181e-01    0.000000e+00  
  6   2  47   4.843016e+01    5.765966e-01    0.000000e+00    5.608692e+01    5.784919e-01    0.000000e+00  
  6   2  48   6.774741e+03    1.334096e+00    0.000000e+00    2.309445e+04    1.547071e+00    0.000000e+00  
  6   2  49   4.001744e+04    1.710410e+00    0.000000e+00    2.614353e+04    1.661407e+00    0.000000e+00  
  6   2  50   8.028115e+00    5.769810e-01    0.000000e+00    6.644139e+04    1.727032e+00    0.000000e+00  
  6   2  51   -9.842742e-01    5.703178e-01    0.000000e+00    1.990315e+01    5.821990e-01    0.000000e+00  
  6   2  52   8.868264e+00    5.772749e-01    0.000000e+00    3.225492e+03    1.194704e+00    0.000000e+00  
  6   2  53   1.412243e+01    5.703264e-01    0.000000e+00    1.186626e+01    1.726508e-01    0.000000e+00  
  6   2  54   -7.716534e+00    5.307651e-01    0.000000e+00    2.539090e+00    -4.365931e-02    0.000000e+00  
  6   2  55   4.452297e+01    5.952926e-01    0.000000e+00    1.316103e+03    1.161207e+00    0.000000e+00  
  6   2  56   6.695924e+01    5.949290e-01    0.000000e+00    1.477228e+02    -1.510420e+04    0.000000e+00  
  6   2  57   1.881136e+01    5.791051e-01    0.000000e+00    2.148890e+00    5.788344e-01    0.000000e+00  
  6   2  58   5.775670e+04    1.724503e+00    0.000000e+00    6.776289e+04    1.705515e+00    0.000000e+00  
  6   2  59   2.880111e+02    7.952313e-01    0.000000e+00    3.806437e+01    3.819040e-01    0.000000e+00  
  6   2  60   6.206239e+02    9.764478e-01    0.000000e+00    7.450128e+00    1.360004e-01    0.000000e+00  
  6   2  61   7.309997e+01    5.792011e-01    0.000000e+00    1.250692e+03    1.132402e+00    0.000000e+00  
  6   2  62   1.367049e+01    1.346120e-01    0.000000e+00    8.920511e+01    5.696622e-01    0.000000e+00  
  6   3   1   2.851842e+01    5.456633e-01    0.000000e+00    2.186666e+01    2.287425e-01    0.000000e+00  
  6   3   2   5.065337e+01    5.500762e-01    0.000000e+00    3.812829e+01    5.428634e-01    0.000000e+00  
  6   3   3   -5.154148e+00    3.962829e-01    0.000000e+00    1.042296e+01    6.773296e-02    0.000000e+00  
  6   3   4   4.025830e+01    5.550531e-01    0.000000e+00    3.797347e+01    5.496591e-01    0.000000e+00  
  6   3   5   2.023562e+02    8.247343e-01    0.000000e+00    2.767824e+01    2.541322e-01    0.000000e+00  
