1 1 1 127.843 127.843 108.976 108.976 0.002
1 1 2 138.736 138.736 88.719 88.719 0.000
1 1 3 138.877 138.877 62.388 62.388 0.000
1 1 4 147.291 147.291 56.992 56.992 0.004
1 1 5 151.205 151.205 47.431 47.431 0.002
1 1 6 152.844 152.844 44.603 44.603 0.003
1 1 7 157.408 157.408 40.143 40.143 0.002
1 1 8 160.416 160.416 37.375 37.375 0.000
1 1 9 163.887 163.887 33.738 33.738 -0.004
1 1 10 168.793 168.793 32.558 32.558 -0.002
1 1 11 172.652 172.652 30.575 30.575 -0.002
1 1 12 176.403 176.403 29.154 29.154 0.001
1 1 13 180.734 180.734 28.189 28.189 0.003
1 1 14 184.885 184.885 26.734 26.734 -0.002
1 1 15 188.398 188.398 26.068 26.068 -0.002
1 1 16 191.058 191.058 24.674 24.674 -0.002
1 1 17 194.489 194.489 24.178 24.178 0.006
1 1 18 199.374 199.374 23.849 23.849 -0.002
1 1 19 203.836 203.836 23.243 23.243 -0.000
1 1 20 208.850 208.850 23.032 23.032 -0.004
1 1 21 211.884 211.884 22.315 22.315 0.007
1 1 22 216.568 216.568 22.126 22.126 -0.003
1 1 23 219.731 219.731 21.539 21.539 0.002
1 2 1 140.460 140.460 254.859 254.859 -0.000
1 2 2 137.193 137.193 155.563 155.563 0.000
1 2 3 139.197 139.197 134.417 134.417 0.000
1 2 4 161.293 161.293 132.632 132.632 0.004
1 2 5 158.630 158.630 115.042 115.042 -0.004
1 2 6 165.008 165.008 109.908 109.908 0.003
1 2 7 164.720 164.720 91.016 91.016 0.004
1 2 8 171.492 171.492 89.203 89.203 -0.003
1 2 9 173.888 173.888 84.636 84.636 0.006
1 2 10 176.966 176.966 77.449 77.449 0.004
1 2 11 183.825 183.825 77.044 77.044 -0.000
1 2 12 188.726 188.726 75.609 75.609 0.002
1 2 13 190.693 190.693 68.903 68.903 -0.002
1 2 14 195.299 195.299 67.952 67.952 -0.002
1 2 15 200.040 200.040 67.169 67.169 0.000
1 2 16 202.715 202.715 63.604 63.604 0.002
1 2 17 209.007 209.007 63.845 63.845 0.005
1 2 18 209.852 209.852 59.324 59.324 0.005
1 2 19 215.818 215.818 59.574 59.574 0.002
1 2 20 217.083 217.083 57.997 57.997 -0.002
1 2 21 223.540 223.540 56.545 56.545 -0.002
1 2 22 227.224 227.224 56.718 56.718 -0.001
1 2 23 229.320 229.320 55.720 55.720 0.000
1 2 24 233.255 233.255 53.766 53.766 -0.003
1 2 25 239.618 239.618 54.366 54.366 -0.001
1 2 26 242.801 242.801 53.932 53.932 -0.003
1 2 27 246.129 246.129 52.112 52.112 0.003
1 2 28 251.868 251.868 52.549 52.549 -0.000
1 2 29 255.341 255.341 51.431 51.431 0.000
1 2 30 258.895 258.895 51.252 51.252 0.002
1 2 31 262.345 262.345 51.067 51.067 -0.004
1 2 32 264.292 264.292 49.291 49.291 -0.002
1 2 33 271.877 271.877 50.304 50.304 -0.001
1 2 34 274.357 274.357 49.909 49.909 0.000
1 2 35 276.549 276.549 48.746 48.746 0.001
1 2 36 282.849 282.849 49.402 49.402 -0.001
1 2 37 286.194 286.194 49.290 49.290 0.002
1 2 38 291.284 291.284 48.650 48.650 0.001
1 2 39 293.864 293.864 48.380 48.380 0.001
1 2 40 301.731 301.731 49.394 49.394 -0.000
1 2 41 303.170 303.170 48.272 48.272 0.001
1 2 42 306.611 306.611 48.241 48.241 0.002
1 2 43 309.951 309.951 47.350 47.350 0.001
1 2 44 316.474 316.474 48.036 48.036 0.001
1 2 45 319.978 319.978 48.041 48.041 0.000
1 2 46 323.978 323.978 47.376 47.376 0.000
1 2 47 328.746 328.746 47.923 47.923 0.001
1 2 48 330.454 330.454 47.561 47.561 0.002
1 2 49 338.441 338.441 47.783 47.783 0.002
1 2 50 337.885 337.885 46.983 46.983 0.003
1 2 51 343.349 343.349 47.426 47.426 0.001
1 2 52 347.633 347.633 46.963 46.963 -0.001
1 2 53 354.430 354.430 47.634 47.634 0.003
1 2 54 357.805 357.805 47.543 47.543 -0.001
1 2 55 363.416 363.416 47.688 47.688 -0.001
1 2 56 364.481 364.481 47.276 47.276 -0.003
1 2 57 368.574 368.574 46.813 46.813 -0.002
1 2 58 373.429 373.429 47.124 47.124 0.000
1 2 59 376.672 376.672 47.155 47.155 -0.003
1 2 60 383.072 383.072 47.352 47.352 -0.001
1 2 61 384.819 384.819 47.109 47.109 -0.004
1 2 62 391.371 391.371 47.733 47.733 0.001
1 3 1 217.647 217.647 21.655 21.655 0.002
1 3 2 221.945 221.945 21.330 21.330 0.001
1 3 3 225.667 225.667 21.308 21.308 0.001
1 3 4 228.931 228.931 20.971 20.971 -0.004
1 3 5 231.781 231.781 20.728 20.728 -0.007
2 1 1 135.565 135.565 119.261 119.261 -0.003
2 1 2 138.736 138.736 88.719 88.719 0.000
2 1 3 138.877 138.877 62.388 62.388 0.000
2 1 4 147.291 147.291 56.992 56.992 -0.004
2 1 5 151.194 151.194 47.426 47.426 -0.003
2 1 6 152.131 152.131 44.289 44.289 0.002
2 1 7 156.849 156.849 39.938 39.938 0.005
2 1 8 158.861 158.861 36.834 36.834 0.001
2 1 9 166.063 166.063 34.400 34.400 0.001
2 1 10 168.043 168.043 32.340 32.340 -0.007
2 1 11 173.026 173.026 30.675 30.675 0.003
2 1 12 176.965 176.965 29.293 29.293 -0.002
2 1 13 179.934 179.934 28.001 28.001 -0.000
2 1 14 183.788 183.788 26.497 26.497 -0.001
2 1 15 187.967 187.967 25.979 25.979 0.002
2 1 16 192.831 192.831 25.020 25.020 0.006
2 1 17 196.035 196.035 24.462 24.462 -0.002
2 1 18 200.100 200.100 23.981 23.981 0.004
2 1 19 204.996 204.996 23.448 23.448 -0.005
2 1 20 208.034 208.034 22.897 22.897 0.002
2 1 21 212.731 212.731 22.447 22.447 -0.000
2 1 22 216.616 216.616 22.133 22.133 -0.003
2 1 23 221.128 221.128 21.743 21.743 0.000
2 2 1 140.460 140.460 254.859 254.859 -0.000
2 2 2 137.193 137.193 155.563 155.563 0.000
2 2 3 139.197 139.197 134.417 134.417 0.000
2 2 4 161.293 161.293 132.632 132.632 0.004
2 2 5 158.630 158.630 115.042 115.042 -0.004
2 2 6 169.181 169.181 114.068 114.068 0.004
2 2 7 164.720 164.720 91.016 91.016 -0.004
2 2 8 174.485 174.485 91.607 91.607 -0.002
2 2 9 173.830 173.830 84.548 84.548 0.003
2 2 10 181.760 181.760 80.609 80.609 -0.001
2 2 11 177.838 177.838 73.346 73.346 -0.006
2 2 12 190.618 190.618 76.783 76.783 -0.001
2 2 13 190.659 190.659 68.869 68.869 -0.000
2 2 14 195.299 195.299 67.942 67.942 -0.001
2 2 15 201.382 201.382 67.873 67.873 -0.000
2 2 16 203.828 203.828 64.124 64.124 -0.004
2 2 17 207.464 207.464 63.150 63.150 -0.007
2 2 18 207.925 207.925 58.495 58.495 -0.000
2 2 19 213.055 213.055 58.451 58.451 -0.002
2 2 20 217.021 217.021 57.976 57.976 0.000
2 2 21 223.324 223.324 56.465 56.465 0.002
2 2 22 226.794 226.794 56.576 56.576 0.003
2 2 23 229.299 229.299 55.712 55.712 -0.000
2 2 24 230.751 230.751 52.887 52.887 0.001
2 2 25 237.220 237.220 53.562 53.562 0.001
2 2 26 243.037 243.037 53.998 53.998 -0.001
2 2 27 247.561 247.561 52.552 52.552 -0.000
2 2 28 251.320 251.320 52.405 52.405 0.000
2 2 29 257.118 257.118 51.958 51.958 -0.001
2 2 30 260.120 260.120 51.610 51.610 -0.001
2 2 31 263.096 263.096 51.288 51.288 -0.002
2 2 32 266.647 266.647 49.951 49.951 -0.002
2 2 33 271.997 271.997 50.347 50.347 -0.005
2 2 34 275.407 275.407 50.197 50.197 -0.004
2 2 35 278.890 278.890 49.372 49.372 -0.003
2 2 36 282.758 282.758 49.379 49.379 0.001
2 2 37 285.970 285.970 49.229 49.229 -0.000
2 2 38 290.032 290.032 48.345 48.345 -0.003
2 2 39 295.725 295.725 48.839 48.839 -0.002
2 2 40 301.134 301.134 49.263 49.263 0.001
2 2 41 304.098 304.098 48.493 48.493 0.003
2 2 42 307.903 307.903 48.543 48.543 0.000
2 2 43 311.936 311.936 47.802 47.802 -0.000
2 2 44 314.068 314.068 47.494 47.494 -0.001
2 2 45 321.021 321.021 48.279 48.279 0.004
2 2 46 324.918 324.918 47.581 47.581 0.003
2 2 47 325.541 325.541 47.232 47.232 0.002
2 2 48 332.603 332.603 48.019 48.019 -0.001
2 2 49 336.464 336.464 47.388 47.388 -0.005
2 2 50 339.518 339.518 47.323 47.323 0.002
2 2 51 345.988 345.988 47.960 47.960 0.001
2 2 52 349.668 349.668 47.339 47.339 -0.002
2 2 53 353.358 353.358 47.427 47.427 -0.003
2 2 54 356.102 356.102 47.214 47.214 -0.003
2 2 55 359.435 359.435 46.908 46.908 0.000
2 2 56 365.166 365.166 47.402 47.402 -0.003
2 2 57 367.660 367.660 46.636 46.636 0.002
2 2 58 374.173 374.173 47.259 47.259 0.000
2 2 59 379.340 379.340 47.646 47.646 0.002
2 2 60 384.868 384.868 47.680 47.680 0.002
2 2 61 386.198 386.198 47.341 47.341 0.000
2 2 62 390.851 390.851 47.610 47.610 0.000
2 3 1 218.176 218.176 21.734 21.734 -0.001
2 3 2 221.966 221.966 21.333 21.333 0.004
2 3 3 224.898 224.898 21.199 21.199 0.003
2 3 4 228.964 228.964 20.976 20.976 0.002
2 3 5 231.562 231.562 20.697 20.697 -0.003
3 1 1 127.882 127.882 108.664 108.664 -0.012
3 1 2 138.736 138.736 88.719 88.719 0.000
3 1 3 138.877 138.877 62.388 62.388 0.000
3 1 4 145.640 145.640 56.032 56.032 0.008
3 1 5 151.205 151.205 47.431 47.431 -0.002
3 1 6 151.293 151.293 43.931 43.931 -0.009
3 1 7 157.393 157.393 40.138 40.138 -0.003
3 1 8 160.939 160.939 37.557 37.557 -0.001
3 1 9 164.966 164.966 34.064 34.064 0.000
3 1 10 167.661 167.661 32.232 32.232 0.001
3 1 11 172.326 172.326 30.490 30.490 0.002
3 1 12 175.932 175.932 29.050 29.050 -0.008
3 1 13 179.964 179.964 28.009 28.009 -0.001
3 1 14 183.532 183.532 26.442 26.442 -0.001
3 1 15 188.647 188.647 26.120 26.120 0.001
3 1 16 190.979 190.979 24.659 24.659 0.000
3 1 17 197.289 197.289 24.694 24.694 -0.000
3 1 18 199.920 199.920 23.952 23.952 -0.006
3 1 19 203.362 203.362 23.163 23.163 -0.004
3 1 20 208.100 208.100 22.910 22.910 0.006
3 1 21 212.421 212.421 22.403 22.403 -0.000
3 1 22 215.678 215.678 21.990 21.990 0.003
3 1 23 220.265 220.265 21.617 21.617 -0.001
3 2 1 140.460 140.460 254.859 254.859 -0.000
3 2 2 137.193 137.193 155.563 155.563 0.000
3 2 3 139.197 139.197 134.417 134.417 0.000
3 2 4 161.293 161.293 132.632 132.632 0.004
3 2 5 158.630 158.630 115.042 115.042 0.004
3 2 6 165.008 165.008 109.908 109.908 0.003
3 2 7 164.720 164.720 91.016 91.016 0.004
3 2 8 174.547 174.547 91.630 91.630 0.004
3 2 9 176.229 176.229 86.264 86.264 -0.004
3 2 10 181.760 181.760 80.609 80.609 -0.001
3 2 11 183.673 183.673 76.987 76.987 0.003
3 2 12 185.207 185.207 73.539 73.539 0.000
3 2 13 187.786 187.786 67.336 67.336 -0.001
3 2 14 196.615 196.615 68.611 68.611 -0.001
3 2 15 201.390 201.390 67.877 67.877 0.000
3 2 16 199.612 199.612 62.149 62.149 -0.006
3 2 17 207.873 207.873 63.326 63.326 0.003
3 2 18 211.062 211.062 59.806 59.806 0.002
3 2 19 215.666 215.666 59.528 59.528 0.005
3 2 20 218.783 218.783 58.679 58.679 -0.000
3 2 21 220.740 220.740 55.499 55.499 0.001
3 2 22 227.610 227.610 56.875 56.875 -0.003
3 2 23 232.048 232.048 56.722 56.722 0.004
3 2 24 233.962 233.962 54.009 54.009 0.003
3 2 25 238.761 238.761 54.095 54.095 -0.004
3 2 26 243.735 243.735 54.246 54.246 0.003
3 2 27 244.919 244.919 51.741 51.741 0.005
3 2 28 250.151 250.151 52.040 52.040 -0.001
3 2 29 254.653 254.653 51.232 51.232 0.004
3 2 30 259.563 259.563 51.451 51.451 -0.003
3 2 31 263.010 263.010 51.268 51.268 -0.005
3 2 32 266.787 266.787 49.992 49.992 -0.000
3 2 33 269.298 269.298 49.593 49.593 -0.002
3 2 34 279.407 279.407 51.289 51.289 -0.002
3 2 35 280.173 280.173 49.701 49.701 0.001
3 2 36 281.774 281.774 49.122 49.122 0.001
3 2 37 290.230 290.230 50.316 50.316 -0.002
3 2 38 292.816 292.816 49.035 49.035 -0.002
3 2 39 298.746 298.746 49.585 49.585 0.006
3 2 40 300.231 300.231 49.039 49.039 -0.001
3 2 41 304.353 304.353 48.562 48.562 -0.002
3 2 42 308.829 308.829 48.756 48.756 0.002
3 2 43 310.276 310.276 47.425 47.425 -0.002
3 2 44 317.383 317.383 48.238 48.238 0.000
3 2 45 319.758 319.758 47.993 47.993 -0.002
3 2 46 325.701 325.701 47.744 47.744 0.000
3 2 47 326.547 326.547 47.451 47.451 0.002
3 2 48 330.648 330.648 47.609 47.609 -0.003
3 2 49 335.749 335.749 47.245 47.245 -0.004
3 2 50 340.695 340.695 47.568 47.568 -0.003
3 2 51 346.461 346.461 48.061 48.061 0.004
3 2 52 349.034 349.034 47.224 47.224 -0.001
3 2 53 354.155 354.155 47.580 47.580 -0.002
3 2 54 357.055 357.055 47.409 47.409 -0.003
3 2 55 361.805 361.805 47.376 47.376 -0.003
3 2 56 366.676 366.676 47.685 47.685 0.001
3 2 57 369.714 369.714 47.024 47.024 -0.003
3 2 58 371.798 371.798 46.824 46.824 -0.001
3 2 59 376.174 376.174 47.064 47.064 0.003
3 2 60 382.150 382.150 47.172 47.172 -0.002
3 2 61 383.573 383.573 46.870 46.870 -0.003
3 2 62 392.215 392.215 47.875 47.875 -0.001
3 3 1 218.533 218.533 21.790 21.790 -0.006
3 3 2 220.994 220.994 21.193 21.193 -0.005
3 3 3 224.544 224.544 21.149 21.149 0.001
3 3 4 230.527 230.527 21.188 21.188 -0.003
3 3 5 232.687 232.687 20.847 20.847 -0.001
4 1 1 120.873 120.873 100.131 100.131 -0.006
4 1 2 138.736 138.736 88.719 88.719 0.000
4 1 3 142.497 142.497 64.848 64.848 0.000
4 1 4 144.510 144.510 55.422 55.422 -0.001
4 1 5 150.362 150.362 47.042 47.042 -0.003
4 1 6 151.283 151.283 43.920 43.920 -0.002
4 1 7 158.130 158.130 40.416 40.416 -0.002
4 1 8 158.353 158.353 36.656 36.656 0.001
4 1 9 163.839 163.839 33.723 33.723 -0.004
4 1 10 168.827 168.827 32.570 32.570 -0.000
4 1 11 172.985 172.985 30.666 30.666 0.003
4 1 12 175.603 175.603 28.971 28.971 0.009
4 1 13 180.009 180.009 28.019 28.019 0.002
4 1 14 183.298 183.298 26.392 26.392 0.002
4 1 15 188.602 188.602 26.111 26.111 0.003
4 1 16 192.866 192.866 25.026 25.026 -0.002
4 1 17 196.304 196.304 24.512 24.512 0.001
4 1 18 200.916 200.916 24.127 24.127 -0.003
4 1 19 204.338 204.338 23.328 23.328 0.002
4 1 20 207.168 207.168 22.755 22.755 0.004
4 1 21 212.043 212.043 22.340 22.340 -0.007
4 1 22 217.068 217.068 22.202 22.202 0.004
4 1 23 220.106 220.106 21.596 21.596 0.005
4 2 1 140.460 140.460 254.859 254.859 -0.000
4 2 2 137.193 137.193 155.563 155.563 0.000
4 2 3 139.197 139.197 134.417 134.417 0.000
4 2 4 161.293 161.293 132.632 132.632 0.004
4 2 5 158.630 158.630 115.042 115.042 -0.004
4 2 6 169.181 169.181 114.068 114.068 0.004
4 2 7 164.720 164.720 91.016 91.016 0.004
4 2 8 166.119 166.119 85.086 85.086 -0.003
4 2 9 173.830 173.830 84.548 84.548 -0.003
4 2 10 179.564 179.564 79.121 79.121 0.000
4 2 11 183.825 183.825 77.044 77.044 -0.000
4 2 12 183.499 183.499 72.530 72.530 0.001
4 2 13 190.659 190.659 68.869 68.869 -0.000
4 2 14 198.187 198.187 69.470 69.470 -0.000
4 2 15 200.008 200.008 67.153 67.153 0.000
4 2 16 199.882 199.882 62.298 62.298 -0.000
4 2 17 207.395 207.395 63.118 63.118 -0.007
4 2 18 208.756 208.756 58.833 58.833 -0.006
4 2 19 215.818 215.818 59.574 59.574 -0.002
4 2 20 217.964 217.964 58.348 58.348 0.002
4 2 21 223.376 223.376 56.487 56.487 -0.003
4 2 22 223.527 223.527 55.349 55.349 0.001
4 2 23 230.100 230.100 56.002 56.002 -0.000
4 2 24 234.757 234.757 54.269 54.269 0.000
4 2 25 238.929 238.929 54.134 54.134 -0.000
4 2 26 239.779 239.779 52.918 52.918 -0.000
4 2 27 246.883 246.883 52.345 52.345 0.002
4 2 28 250.402 250.402 52.119 52.119 0.001
4 2 29 253.144 253.144 50.771 50.771 -0.002
4 2 30 258.261 258.261 51.066 51.066 0.001
4 2 31 259.458 259.458 50.222 50.222 0.001
4 2 32 264.484 264.484 49.349 49.349 0.003
4 2 33 270.315 270.315 49.876 49.876 0.001
4 2 34 277.150 277.150 50.656 50.656 0.000
4 2 35 278.733 278.733 49.324 49.324 -0.001
4 2 36 281.821 281.821 49.134 49.134 -0.000
4 2 37 287.744 287.744 49.684 49.684 0.001
4 2 38 291.255 291.255 48.643 48.643 0.000
4 2 39 294.672 294.672 48.578 48.578 0.000
4 2 40 300.350 300.350 49.078 49.078 -0.004
4 2 41 303.248 303.248 48.301 48.301 0.005
4 2 42 307.475 307.475 48.442 48.442 -0.001
4 2 43 311.858 311.858 47.786 47.786 0.006
4 2 44 317.077 317.077 48.175 48.175 -0.001
4 2 45 321.695 321.695 48.419 48.419 -0.000
4 2 46 326.896 326.896 48.019 48.019 0.001
4 2 47 328.612 328.612 47.905 47.905 -0.004
4 2 48 332.771 332.771 48.058 48.058 -0.002
4 2 49 337.594 337.594 47.608 47.608 -0.001
4 2 50 339.875 339.875 47.401 47.401 -0.004
4 2 51 345.806 345.806 47.934 47.934 -0.000
4 2 52 347.193 347.193 46.851 46.851 0.000
4 2 53 352.903 352.903 47.339 47.339 0.003
4 2 54 357.770 357.770 47.539 47.539 0.002
4 2 55 361.893 361.893 47.381 47.381 -0.002
4 2 56 364.688 364.688 47.303 47.303 -0.001
4 2 57 369.227 369.227 46.928 46.928 0.001
4 2 58 375.444 375.444 47.510 47.510 -0.007
4 2 59 379.882 379.882 47.764 47.764 -0.004
4 2 60 380.790 380.790 46.925 46.925 0.001
4 2 61 389.654 389.654 47.989 47.989 -0.001
4 2 62 389.202 389.202 47.326 47.326 -0.001
4 3 1 218.579 218.579 21.794 21.794 0.001
4 3 2 222.006 222.006 21.338 21.338 -0.001
4 3 3 225.560 225.560 21.293 21.293 -0.003
4 3 4 229.317 229.317 21.023 21.023 -0.002
4 3 5 232.604 232.604 20.836 20.836 -0.004
5 1 1 127.882 127.882 108.664 108.664 0.012
5 1 2 138.736 138.736 88.719 88.719 0.000
5 1 3 137.061 137.061 61.143 61.143 0.001
5 1 4 147.291 147.291 56.989 56.989 0.003
5 1 5 150.318 150.318 47.021 47.021 0.003
5 1 6 155.182 155.182 45.609 45.609 0.002
5 1 7 157.395 157.395 40.139 40.139 0.002
5 1 8 162.054 162.054 37.945 37.945 -0.002
5 1 9 163.669 163.669 33.665 33.665 -0.000
5 1 10 167.617 167.617 32.220 32.220 0.004
5 1 11 173.072 173.072 30.688 30.688 -0.001
5 1 12 176.465 176.465 29.182 29.182 0.008
5 1 13 179.401 179.401 27.882 27.882 -0.004
5 1 14 184.772 184.772 26.716 26.716 0.006
5 1 15 187.298 187.298 25.841 25.841 0.003
5 1 16 191.912 191.912 24.842 24.842 -0.003
5 1 17 196.040 196.040 24.466 24.466 0.004
5 1 18 200.749 200.749 24.098 24.098 0.004
5 1 19 203.694 203.694 23.219 23.219 -0.001
5 1 20 207.449 207.449 22.801 22.801 -0.001
5 1 21 212.051 212.051 22.343 22.343 -0.001
5 1 22 216.411 216.411 22.102 22.102 0.003
5 1 23 219.890 219.890 21.563 21.563 -0.004
5 2 1 140.460 140.460 254.859 254.859 -0.000
5 2 2 137.193 137.193 155.563 155.563 0.000
5 2 3 139.197 139.197 134.417 134.417 0.000
5 2 4 161.293 161.293 132.632 132.632 -0.004
5 2 5 158.630 158.630 115.042 115.042 -0.004
5 2 6 169.181 169.181 114.068 114.068 -0.004
5 2 7 164.720 164.720 91.016 91.016 -0.004
5 2 8 177.325 177.325 93.833 93.833 0.003
5 2 9 173.830 173.830 84.548 84.548 -0.003
5 2 10 179.564 179.564 79.121 79.121 0.000
5 2 11 179.655 179.655 74.477 74.477 0.005
5 2 12 181.754 181.754 71.488 71.488 0.000
5 2 13 190.693 190.693 68.903 68.903 0.002
5 2 14 196.600 196.600 68.600 68.600 0.000
5 2 15 197.576 197.576 65.957 65.957 0.000
5 2 16 199.854 199.854 62.284 62.284 0.004
5 2 17 207.598 207.598 63.243 63.243 -0.002
5 2 18 208.906 208.906 58.917 58.917 -0.005
5 2 19 217.866 217.866 60.439 60.439 0.003
5 2 20 218.904 218.904 58.720 58.720 -0.002
5 2 21 221.776 221.776 55.888 55.888 0.002
5 2 22 228.101 228.101 57.040 57.040 -0.001
5 2 23 232.045 232.045 56.709 56.709 -0.002
5 2 24 234.699 234.699 54.270 54.270 0.004
5 2 25 239.600 239.600 54.358 54.358 0.000
5 2 26 243.626 243.626 54.190 54.190 -0.001
5 2 27 246.168 246.168 52.123 52.123 -0.002
5 2 28 251.343 251.343 52.391 52.391 -0.002
5 2 29 252.791 252.791 50.661 50.661 -0.006
5 2 30 257.002 257.002 50.695 50.695 -0.003
5 2 31 263.700 263.700 51.458 51.458 -0.004
5 2 32 266.889 266.889 50.019 50.019 -0.002
5 2 33 270.444 270.444 49.908 49.908 0.002
5 2 34 275.361 275.361 50.183 50.183 -0.004
5 2 35 277.603 277.603 49.026 49.026 0.001
5 2 36 282.456 282.456 49.312 49.312 0.004
5 2 37 289.887 289.887 50.252 50.252 -0.007
5 2 38 289.003 289.003 48.084 48.084 -0.002
5 2 39 297.819 297.819 49.369 49.369 0.001
5 2 40 298.235 298.235 48.556 48.556 -0.002
5 2 41 305.188 305.188 48.745 48.745 0.001
5 2 42 307.448 307.448 48.435 48.435 0.001
5 2 43 311.745 311.745 47.761 47.761 -0.002
5 2 44 316.697 316.697 48.086 48.086 0.001
5 2 45 320.369 320.369 48.133 48.133 0.003
5 2 46 323.087 323.087 47.195 47.195 0.000
5 2 47 328.533 328.533 47.882 47.882 0.002
5 2 48 331.129 331.129 47.703 47.703 0.001
5 2 49 335.222 335.222 47.117 47.117 -0.000
5 2 50 341.183 341.183 47.672 47.672 -0.001
5 2 51 344.929 344.929 47.754 47.754 0.004
5 2 52 349.138 349.138 47.237 47.237 -0.002
5 2 53 353.267 353.267 47.408 47.408 -0.002
5 2 54 359.752 359.752 47.949 47.949 -0.005
5 2 55 359.544 359.544 46.932 46.932 0.001
5 2 56 363.683 363.683 47.110 47.110 0.001
5 2 57 369.021 369.021 46.898 46.898 0.000
5 2 58 373.383 373.383 47.119 47.119 -0.001
5 2 59 376.524 376.524 47.116 47.116 0.000
5 2 60 383.064 383.064 47.343 47.343 -0.005
5 2 61 386.970 386.970 47.478 47.478 -0.003
5 2 62 389.293 389.293 47.361 47.361 -0.001
5 3 1 218.657 218.657 21.810 21.810 -0.001
5 3 2 222.140 222.140 21.357 21.357 -0.007
5 3 3 224.611 224.611 21.158 21.158 -0.003
5 3 4 228.159 228.159 20.865 20.865 -0.003
5 3 5 232.329 232.329 20.800 20.800 0.002
6 1 1 127.882 127.882 108.664 108.664 0.012
6 1 2 138.736 138.736 88.719 88.719 0.000
6 1 3 137.061 137.061 61.143 61.143 0.001
6 1 4 146.014 146.014 56.261 56.261 0.003
6 1 5 150.318 150.318 47.021 47.021 0.003
6 1 6 152.073 152.073 44.263 44.263 -0.003
6 1 7 157.393 157.393 40.139 40.139 0.001
6 1 8 159.359 159.359 37.007 37.007 -0.000
6 1 9 164.540 164.540 33.933 33.933 0.000
6 1 10 169.160 169.160 32.663 32.663 0.002
6 1 11 172.972 172.972 30.659 30.659 -0.003
6 1 12 175.601 175.601 28.956 28.956 0.000
6 1 13 180.214 180.214 28.066 28.066 -0.001
6 1 14 183.754 183.754 26.491 26.491 0.003
6 1 15 187.633 187.633 25.911 25.911 0.004
6 1 16 190.751 190.751 24.617 24.617 0.006
6 1 17 195.965 195.965 24.451 24.451 0.008
6 1 18 199.700 199.700 23.910 23.910 -0.004
6 1 19 204.451 204.451 23.348 23.348 0.003
6 1 20 208.906 208.906 23.044 23.044 -0.007
6 1 21 211.912 211.912 22.319 22.319 -0.001
6 1 22 215.399 215.399 21.946 21.946 0.000
6 1 23 220.472 220.472 21.649 21.649 -0.005
6 2 1 140.460 140.460 254.859 254.859 -0.000
6 2 2 137.193 137.193 155.563 155.563 0.000
6 2 3 139.197 139.197 134.417 134.417 0.000
6 2 4 161.293 161.293 132.632 132.632 -0.004
6 2 5 158.630 158.630 115.042 115.042 -0.004
6 2 6 165.008 165.008 109.908 109.908 0.003
6 2 7 164.720 164.720 91.016 91.016 -0.004
6 2 8 171.751 171.751 89.399 89.399 -0.003
6 2 9 173.830 173.830 84.548 84.548 0.003
6 2 10 181.760 181.760 80.609 80.609 0.001
6 2 11 183.825 183.825 77.044 77.044 -0.000
6 2 12 186.876 186.876 74.541 74.541 -0.003
6 2 13 190.693 190.693 68.888 68.888 0.000
6 2 14 195.260 195.260 67.922 67.922 0.001
6 2 15 201.400 201.400 67.882 67.882 0.000
6 2 16 198.194 198.194 61.495 61.495 0.001
6 2 17 207.256 207.256 63.056 63.056 -0.000
6 2 18 209.852 209.852 59.311 59.311 -0.001
6 2 19 213.999 213.999 58.840 58.840 0.003
6 2 20 218.997 218.997 58.758 58.758 0.003
6 2 21 223.420 223.420 56.505 56.505 -0.003
6 2 22 223.938 223.938 55.501 55.501 -0.000
6 2 23 230.189 230.189 56.035 56.035 -0.001
6 2 24 233.322 233.322 53.787 53.787 -0.003
6 2 25 239.636 239.636 54.402 54.402 0.000
6 2 26 244.502 244.502 54.475 54.475 0.000
6 2 27 248.276 248.276 52.776 52.776 -0.001
6 2 28 251.322 251.322 52.383 52.383 -0.001
6 2 29 255.973 255.973 51.617 51.617 -0.000
6 2 30 258.586 258.586 51.179 51.179 -0.005
6 2 31 263.012 263.012 51.266 51.266 0.005
6 2 32 263.853 263.853 49.167 49.167 0.002
6 2 33 267.325 267.325 49.043 49.043 -0.002
6 2 34 274.195 274.195 49.864 49.864 -0.003
6 2 35 279.159 279.159 49.436 49.436 0.000
6 2 36 281.510 281.510 49.058 49.058 0.002
6 2 37 284.998 284.998 48.977 48.977 -0.000
6 2 38 292.475 292.475 48.951 48.951 0.003
6 2 39 295.913 295.913 48.898 48.898 0.001
6 2 40 299.406 299.406 48.839 48.839 0.001
6 2 41 303.579 303.579 48.369 48.369 0.000
6 2 42 307.491 307.491 48.446 48.446 -0.002
6 2 43 310.321 310.321 47.437 47.437 0.003
6 2 44 315.221 315.221 47.760 47.760 -0.004
6 2 45 319.821 319.821 48.019 48.019 -0.001
6 2 46 323.469 323.469 47.266 47.266 0.002
6 2 47 327.395 327.395 47.631 47.631 0.000
6 2 48 333.694 333.694 48.248 48.248 0.001
6 2 49 335.794 335.794 47.250 47.250 -0.001
6 2 50 341.727 341.727 47.788 47.788 -0.005
6 2 51 346.985 346.985 48.179 48.179 -0.006
6 2 52 348.517 348.517 47.123 47.123 -0.006
6 2 53 351.057 351.057 46.967 46.967 0.001
6 2 54 356.212 356.212 47.235 47.235 -0.001
6 2 55 360.120 360.120 47.054 47.054 -0.003
6 2 56 365.226 365.226 47.410 47.410 -0.003
6 2 57 368.894 368.894 46.867 46.867 0.002
6 2 58 374.801 374.801 47.375 47.375 0.001
6 2 59 378.361 378.361 47.458 47.458 -0.001
6 2 60 380.110 380.110 46.801 46.801 -0.001
6 2 61 387.188 387.188 47.529 47.529 0.000
6 2 62 390.909 390.909 47.623 47.623 0.002
6 3 1 218.033 218.033 21.716 21.716 -0.000
6 3 2 222.430 222.430 21.399 21.399 -0.001
6 3 3 226.050 226.050 21.362 21.362 0.003
6 3 4 228.296 228.296 20.884 20.884 -0.005
6 3 5 233.168 233.168 20.915 20.915 -0.001
