  1   1   1   2.345536e+01    2.345536e+01    7.727876e+01    7.727876e+01  
  1   1   2   1.659667e+01    1.659667e+01    2.345478e+01    2.345478e+01  
  1   1   3   1.313949e+01    1.313949e+01    8.639951e+00    8.639951e+00  
  1   1   4   1.362329e+01    1.362329e+01    7.032293e+00    7.032293e+00  
  1   1   5   1.488132e+01    1.488132e+01    6.286725e+00    6.286725e+00  
  1   1   6   1.847228e+01    1.847228e+01    8.259781e+00    8.259781e+00  
  1   1   7   1.606824e+01    1.606824e+01    5.839454e+00    5.839454e+00  
  1   1   8   1.447350e+01    1.447350e+01    3.469092e+00    3.469092e+00  
  1   1   9   1.105906e+01    1.105906e+01    1.635208e+00    1.635208e+00  
  1   1  10   1.595171e+01    1.595171e+01    2.994112e+00    2.994112e+00  
  1   1  11   1.451393e+01    1.451393e+01    2.129620e+00    2.129620e+00  
  1   1  12   1.731885e+01    1.731885e+01    2.773448e+00    2.773448e+00  
  1   1  13   1.878581e+01    1.878581e+01    2.883444e+00    2.883444e+00  
  1   1  14   1.746727e+01    1.746727e+01    2.142596e+00    2.142596e+00  
  1   1  15   1.889248e+01    1.889248e+01    2.327455e+00    2.327455e+00  
  1   1  16   1.246023e+01    1.246023e+01    9.413160e-01    9.413160e-01  
  1   1  17   1.686448e+01    1.686448e+01    1.494997e+00    1.494997e+00  
  1   1  18   1.289226e+01    1.289226e+01    8.542876e-01    8.542876e-01  
  1   1  19   9.737258e+00    9.737258e+00    3.765446e-01    3.765446e-01  
  1   1  20   1.740477e+01    1.740477e+01    1.295832e+00    1.295832e+00  
  1   1  21   1.759537e+01    1.759537e+01    1.271255e+00    1.271255e+00  
  1   1  22   1.935135e+01    1.935135e+01    1.431414e+00    1.431414e+00  
  1   1  23   1.475648e+01    1.475648e+01    7.183033e-01    7.183033e-01  
  1   2   1   2.172931e+01    2.172931e+01    2.112627e+02    2.112627e+02  
  1   2   2   1.481441e+01    1.481441e+01    4.616115e+01    4.616115e+01  
  1   2   3   1.391442e+01    1.391442e+01    3.128562e+01    3.128562e+01  
  1   2   4   1.620872e+01    1.620872e+01    3.234166e+01    3.234166e+01  
  1   2   5   1.509289e+01    1.509289e+01    2.301695e+01    2.301695e+01  
  1   2   6   1.292655e+01    1.292655e+01    1.318287e+01    1.318287e+01  
  1   2   7   1.816443e+01    1.816443e+01    2.008756e+01    2.008756e+01  
  1   2   8   9.686569e+00    9.686569e+00    4.937170e+00    4.937170e+00  
  1   2   9   1.421228e+01    1.421228e+01    1.040373e+01    1.040373e+01  
  1   2  10   1.506750e+01    1.506750e+01    9.445463e+00    9.445463e+00  
  1   2  11   2.164725e+01    2.164725e+01    1.714364e+01    1.714364e+01  
  1   2  12   1.234050e+01    1.234050e+01    5.066378e+00    5.066378e+00  
  1   2  13   3.427058e+01    3.427058e+01    4.334208e+01    4.334208e+01  
  1   2  14   1.790144e+01    1.790144e+01    8.393719e+00    8.393719e+00  
  1   2  15   2.357623e+01    2.357623e+01    1.353199e+01    1.353199e+01  
  1   2  16   2.845406e+01    2.845406e+01    2.623308e+01    2.623308e+01  
  1   2  17   2.242052e+01    2.242052e+01    1.032305e+01    1.032305e+01  
  1   2  18   1.516641e+01    1.516641e+01    4.176800e+00    4.176800e+00  
  1   2  19   1.626511e+01    1.626511e+01    4.823465e+00    4.823465e+00  
  1   2  20   1.371684e+01    1.371684e+01    3.069561e+00    3.069561e+00  
  1   2  21   1.475832e+01    1.475832e+01    3.813131e+00    3.813131e+00  
  1   2  22   1.986199e+01    1.986199e+01    5.810831e+00    5.810831e+00  
  1   2  23   1.646490e+01    1.646490e+01    3.836491e+00    3.836491e+00  
  1   2  24   1.585139e+01    1.585139e+01    3.087767e+00    3.087767e+00  
  1   2  25   1.520495e+01    1.520495e+01    2.943168e+00    2.943168e+00  
  1   2  26   1.737681e+01    1.737681e+01    3.431487e+00    3.431487e+00  
  1   2  27   1.275106e+01    1.275106e+01    1.706490e+00    1.706490e+00  
  1   2  28   1.305574e+01    1.305574e+01    1.957469e+00    1.957469e+00  
  1   2  29   1.676675e+01    1.676675e+01    2.727196e+00    2.727196e+00  
  1   2  30   2.098991e+01    2.098991e+01    4.074626e+00    4.074626e+00  
  1   2  31   1.456859e+01    1.456859e+01    1.835838e+00    1.835838e+00  
  1   2  32   1.665128e+01    1.665128e+01    2.293347e+00    2.293347e+00  
  1   2  33   1.758276e+01    1.758276e+01    2.429651e+00    2.429651e+00  
  1   2  34   1.834197e+01    1.834197e+01    2.597392e+00    2.597392e+00  
  1   2  35   1.696171e+01    1.696171e+01    2.062747e+00    2.062747e+00  
  1   2  36   2.160570e+01    2.160570e+01    3.271364e+00    3.271364e+00  
  1   2  37   1.567758e+01    1.567758e+01    1.661652e+00    1.661652e+00  
  1   2  38   1.758257e+01    1.758257e+01    1.981477e+00    1.981477e+00  
  1   2  39   1.571665e+01    1.571665e+01    1.516764e+00    1.516764e+00  
  1   2  40   1.369200e+01    1.369200e+01    1.111614e+00    1.111614e+00  
  1   2  41   1.314146e+01    1.314146e+01    9.661464e-01    9.661464e-01  
  1   2  42   1.680662e+01    1.680662e+01    1.572525e+00    1.572525e+00  
  1   2  43   1.899857e+01    1.899857e+01    1.940621e+00    1.940621e+00  
  1   2  44   1.694023e+01    1.694023e+01    1.547829e+00    1.547829e+00  
  1   2  45   1.615663e+01    1.615663e+01    1.299389e+00    1.299389e+00  
  1   2  46   1.660418e+01    1.660418e+01    1.307816e+00    1.307816e+00  
  1   2  47   2.003521e+01    2.003521e+01    1.950273e+00    1.950273e+00  
  1   2  48   1.375482e+01    1.375482e+01    8.615624e-01    8.615624e-01  
  1   2  49   1.061956e+01    1.061956e+01    4.517970e-01    4.517970e-01  
  1   2  50   1.659821e+01    1.659821e+01    1.171572e+00    1.171572e+00  
  1   2  51   1.512683e+01    1.512683e+01    9.345533e-01    9.345533e-01  
  1   2  52   1.876502e+01    1.876502e+01    1.404758e+00    1.404758e+00  
  1   2  53   1.293330e+01    1.293330e+01    6.153606e-01    6.153606e-01  
  1   2  54   1.590512e+01    1.590512e+01    9.414825e-01    9.414825e-01  
  1   2  55   1.901223e+01    1.901223e+01    1.339847e+00    1.339847e+00  
  1   2  56   1.509491e+01    1.509491e+01    9.123106e-01    9.123106e-01  
  1   2  57   1.678155e+01    1.678155e+01    1.052398e+00    1.052398e+00  
  1   2  58   1.898147e+01    1.898147e+01    1.221145e+00    1.221145e+00  
  1   2  59   2.579412e+01    2.579412e+01    2.257990e+00    2.257990e+00  
  1   2  60   1.441476e+01    1.441476e+01    6.343465e-01    6.343465e-01  
  1   2  61   1.090971e+01    1.090971e+01    3.629369e-01    3.629369e-01  
  1   2  62   1.518381e+01    1.518381e+01    6.858961e-01    6.858961e-01  
  1   3   1   1.591782e+01    1.591782e+01    8.842451e-01    8.842451e-01  
  1   3   2   1.297471e+01    1.297471e+01    5.288930e-01    5.288930e-01  
  1   3   3   1.696045e+01    1.696045e+01    9.031090e-01    9.031090e-01  
  1   3   4   1.600027e+01    1.600027e+01    7.452533e-01    7.452533e-01  
  1   3   5   1.780923e+01    1.780923e+01    8.803087e-01    8.803087e-01  
  2   1   1   1.979363e+01    1.979363e+01    5.370292e+01    5.370292e+01  
  2   1   2   1.230112e+01    1.230112e+01    1.285995e+01    1.285995e+01  
  2   1   3   2.111403e+01    2.111403e+01    2.231236e+01    2.231236e+01  
  2   1   4   1.344623e+01    1.344623e+01    6.850935e+00    6.850935e+00  
  2   1   5   2.020879e+01    2.020879e+01    1.206862e+01    1.206862e+01  
  2   1   6   1.617572e+01    1.617572e+01    6.327663e+00    6.327663e+00  
  2   1   7   1.564173e+01    1.564173e+01    4.726258e+00    4.726258e+00  
  2   1   8   1.885199e+01    1.885199e+01    6.539228e+00    6.539228e+00  
  2   1   9   2.211834e+01    2.211834e+01    7.451397e+00    7.451397e+00  
  2   1  10   1.319489e+01    1.319489e+01    2.069740e+00    2.069740e+00  
  2   1  11   1.611807e+01    1.611807e+01    2.637198e+00    2.637198e+00  
  2   1  12   1.416592e+01    1.416592e+01    1.895582e+00    1.895582e+00  
  2   1  13   1.830189e+01    1.830189e+01    2.773800e+00    2.773800e+00  
  2   1  14   1.613081e+01    1.613081e+01    1.870636e+00    1.870636e+00  
  2   1  15   2.176478e+01    2.176478e+01    3.185016e+00    3.185016e+00  
  2   1  16   1.576888e+01    1.576888e+01    1.500194e+00    1.500194e+00  
  2   1  17   1.923467e+01    1.923467e+01    2.048757e+00    2.048757e+00  
  2   1  18   1.704519e+01    1.704519e+01    1.430657e+00    1.430657e+00  
  2   1  19   1.586401e+01    1.586401e+01    1.154610e+00    1.154610e+00  
  2   1  20   2.318493e+01    2.318493e+01    2.341154e+00    2.341154e+00  
  2   1  21   2.053322e+01    2.053322e+01    1.677170e+00    1.677170e+00  
  2   1  22   1.581233e+01    1.581233e+01    9.144755e-01    9.144755e-01  
  2   1  23   1.350461e+01    1.350461e+01    5.950673e-01    5.950673e-01  
  2   2   1   1.741314e+01    1.741314e+01    1.357283e+02    1.357283e+02  
  2   2   2   1.824406e+01    1.824406e+01    7.003886e+01    7.003886e+01  
  2   2   3   1.206711e+01    1.206711e+01    2.353568e+01    2.353568e+01  
  2   2   4   2.219628e+01    2.219628e+01    6.062332e+01    6.062332e+01  
  2   2   5   1.518764e+01    1.518764e+01    2.148394e+01    2.148394e+01  
  2   2   6   1.933480e+01    1.933480e+01    2.980867e+01    2.980867e+01  
  2   2   7   1.002946e+01    1.002946e+01    6.024488e+00    6.024488e+00  
  2   2   8   2.073902e+01    2.073902e+01    2.294004e+01    2.294004e+01  
  2   2   9   -1.761759e+02    -1.761759e+02    1.751660e+03    1.751660e+03  
  2   2  10   2.327494e+01    2.327494e+01    2.165105e+01    2.165105e+01  
  2   2  11   1.571152e+01    1.571152e+01    1.030650e+01    1.030650e+01  
  2   2  12   2.194061e+01    2.194061e+01    1.609840e+01    1.609840e+01  
  2   2  13   1.630151e+01    1.630151e+01    7.531278e+00    7.531278e+00  
  2   2  14   1.472375e+01    1.472375e+01    5.697812e+00    5.697812e+00  
  2   2  15   2.217114e+01    2.217114e+01    1.310064e+01    1.310064e+01  
  2   2  16   2.238783e+01    2.238783e+01    1.395689e+01    1.395689e+01  
  2   2  17   1.862228e+01    1.862228e+01    7.115532e+00    7.115532e+00  
  2   2  18   1.934722e+01    1.934722e+01    8.529003e+00    8.529003e+00  
  2   2  19   1.819826e+01    1.819826e+01    6.251969e+00    6.251969e+00  
  2   2  20   1.972006e+01    1.972006e+01    6.350682e+00    6.350682e+00  
  2   2  21   1.236048e+01    1.236048e+01    2.227768e+00    2.227768e+00  
  2   2  22   1.768673e+01    1.768673e+01    4.435029e+00    4.435029e+00  
  2   2  23   1.923397e+01    1.923397e+01    5.009399e+00    5.009399e+00  
  2   2  24   1.838329e+01    1.838329e+01    4.170404e+00    4.170404e+00  
  2   2  25   2.107764e+01    2.107764e+01    5.567596e+00    5.567596e+00  
  2   2  26   1.671418e+01    1.671418e+01    3.651436e+00    3.651436e+00  
  2   2  27   1.920961e+01    1.920961e+01    3.879516e+00    3.879516e+00  
  2   2  28   2.029315e+01    2.029315e+01    4.304858e+00    4.304858e+00  
  2   2  29   1.964151e+01    1.964151e+01    3.707122e+00    3.707122e+00  
  2   2  30   2.362619e+01    2.362619e+01    5.062318e+00    5.062318e+00  
  2   2  31   1.877487e+01    1.877487e+01    3.108062e+00    3.108062e+00  
  2   2  32   2.088277e+01    2.088277e+01    3.647837e+00    3.647837e+00  
  2   2  33   1.599175e+01    1.599175e+01    2.036567e+00    2.036567e+00  
  2   2  34   1.767342e+01    1.767342e+01    2.436787e+00    2.436787e+00  
  2   2  35   1.562510e+01    1.562510e+01    1.992672e+00    1.992672e+00  
  2   2  36   1.959815e+01    1.959815e+01    2.757923e+00    2.757923e+00  
  2   2  37   1.535908e+01    1.535908e+01    1.598621e+00    1.598621e+00  
  2   2  38   1.836448e+01    1.836448e+01    2.146844e+00    2.146844e+00  
  2   2  39   1.604758e+01    1.604758e+01    1.590077e+00    1.590077e+00  
  2   2  40   1.693107e+01    1.693107e+01    1.717676e+00    1.717676e+00  
  2   2  41   1.892701e+01    1.892701e+01    2.111142e+00    2.111142e+00  
  2   2  42   1.130972e+01    1.130972e+01    7.227597e-01    7.227597e-01  
  2   2  43   1.782113e+01    1.782113e+01    1.709740e+00    1.709740e+00  
  2   2  44   2.066550e+01    2.066550e+01    2.215010e+00    2.215010e+00  
  2   2  45   1.496519e+01    1.496519e+01    1.105661e+00    1.105661e+00  
  2   2  46   2.172938e+01    2.172938e+01    2.450528e+00    2.450528e+00  
  2   2  47   1.300641e+01    1.300641e+01    8.529977e-01    8.529977e-01  
  2   2  48   1.967025e+01    1.967025e+01    1.776653e+00    1.776653e+00  
  2   2  49   2.409466e+01    2.409466e+01    2.577873e+00    2.577873e+00  
  2   2  50   2.364518e+01    2.364518e+01    2.623716e+00    2.623716e+00  
  2   2  51   1.833584e+01    1.833584e+01    1.462602e+00    1.462602e+00  
  2   2  52   2.132895e+01    2.132895e+01    2.123012e+00    2.123012e+00  
  2   2  53   1.966559e+01    1.966559e+01    1.516899e+00    1.516899e+00  
  2   2  54   1.525463e+01    1.525463e+01    9.663061e-01    9.663061e-01  
  2   2  55   2.066697e+01    2.066697e+01    1.688479e+00    1.688479e+00  
  2   2  56   2.082823e+01    2.082823e+01    1.814168e+00    1.814168e+00  
  2   2  57   1.737861e+01    1.737861e+01    1.051735e+00    1.051735e+00  
  2   2  58   1.665034e+01    1.665034e+01    9.213880e-01    9.213880e-01  
  2   2  59   1.718209e+01    1.718209e+01    9.675023e-01    9.675023e-01  
  2   2  60   1.366801e+01    1.366801e+01    5.631685e-01    5.631685e-01  
  2   2  61   1.740203e+01    1.740203e+01    9.422445e-01    9.422445e-01  
  2   2  62   1.737543e+01    1.737543e+01    9.190419e-01    9.190419e-01  
  2   3   1   1.490289e+01    1.490289e+01    7.660195e-01    7.660195e-01  
  2   3   2   2.474406e+01    2.474406e+01    2.099237e+00    2.099237e+00  
  2   3   3   2.093127e+01    2.093127e+01    1.406370e+00    1.406370e+00  
  2   3   4   1.342761e+01    1.342761e+01    4.950789e-01    4.950789e-01  
  2   3   5   1.941646e+01    1.941646e+01    1.074384e+00    1.074384e+00  
  3   1   1   1.604817e+01    1.604817e+01    3.632936e+01    3.632936e+01  
  3   1   2   1.999968e+01    1.999968e+01    3.407835e+01    3.407835e+01  
  3   1   3   1.640853e+01    1.640853e+01    1.348737e+01    1.348737e+01  
  3   1   4   1.539764e+01    1.539764e+01    9.206096e+00    9.206096e+00  
  3   1   5   1.593121e+01    1.593121e+01    7.207253e+00    7.207253e+00  
  3   1   6   2.185241e+01    2.185241e+01    1.243058e+01    1.243058e+01  
  3   1   7   2.013526e+01    2.013526e+01    7.815965e+00    7.815965e+00  
  3   1   8   2.143569e+01    2.143569e+01    7.706256e+00    7.706256e+00  
  3   1   9   1.541880e+01    1.541880e+01    3.228090e+00    3.228090e+00  
  3   1  10   1.716098e+01    1.716098e+01    3.521980e+00    3.521980e+00  
  3   1  11   1.854337e+01    1.854337e+01    3.568434e+00    3.568434e+00  
  3   1  12   2.029464e+01    2.029464e+01    3.795690e+00    3.795690e+00  
  3   1  13   1.669655e+01    1.669655e+01    2.305205e+00    2.305205e+00  
  3   1  14   1.419036e+01    1.419036e+01    1.471473e+00    1.471473e+00  
  3   1  15   1.749304e+01    1.749304e+01    2.074430e+00    2.074430e+00  
  3   1  16   1.374034e+01    1.374034e+01    1.117295e+00    1.117295e+00  
  3   1  17   2.012508e+01    2.012508e+01    2.225033e+00    2.225033e+00  
  3   1  18   1.059761e+01    1.059761e+01    5.606807e-01    5.606807e-01  
  3   1  19   1.154357e+01    1.154357e+01    5.213516e-01    5.213516e-01  
  3   1  20   1.788546e+01    1.788546e+01    1.350707e+00    1.350707e+00  
  3   1  21   1.686303e+01    1.686303e+01    1.104342e+00    1.104342e+00  
  3   1  22   2.206695e+01    2.206695e+01    1.906269e+00    1.906269e+00  
  3   1  23   1.568528e+01    1.568528e+01    8.309570e-01    8.309570e-01  
  3   2   1   1.968382e+01    1.968382e+01    1.733889e+02    1.733889e+02  
  3   2   2   1.508177e+01    1.508177e+01    4.785603e+01    4.785603e+01  
  3   2   3   1.417982e+01    1.417982e+01    3.251423e+01    3.251423e+01  
  3   2   4   1.909137e+01    1.909137e+01    4.485569e+01    4.485569e+01  
  3   2   5   1.675950e+01    1.675950e+01    2.615409e+01    2.615409e+01  
  3   2   6   1.573378e+01    1.573378e+01    2.039676e+01    2.039676e+01  
  3   2   7   1.673861e+01    1.673861e+01    1.679976e+01    1.679976e+01  
  3   2   8   1.207384e+01    1.207384e+01    7.873315e+00    7.873315e+00  
  3   2   9   1.533906e+01    1.533906e+01    1.356846e+01    1.356846e+01  
  3   2  10   1.928512e+01    1.928512e+01    1.474393e+01    1.474393e+01  
  3   2  11   1.338043e+01    1.338043e+01    6.515710e+00    6.515710e+00  
  3   2  12   1.604640e+01    1.604640e+01    8.605950e+00    8.605950e+00  
  3   2  13   1.527845e+01    1.527845e+01    6.546672e+00    6.546672e+00  
  3   2  14   2.955685e+01    2.955685e+01    2.839538e+01    2.839538e+01  
  3   2  15   2.013086e+01    2.013086e+01    9.966567e+00    9.966567e+00  
  3   2  16   1.625753e+01    1.625753e+01    5.753921e+00    5.753921e+00  
  3   2  17   1.387685e+01    1.387685e+01    3.955928e+00    3.955928e+00  
  3   2  18   1.641684e+01    1.641684e+01    6.200197e+00    6.200197e+00  
  3   2  19   1.701512e+01    1.701512e+01    4.992763e+00    4.992763e+00  
  3   2  20   2.032045e+01    2.032045e+01    7.221202e+00    7.221202e+00  
  3   2  21   1.620034e+01    1.620034e+01    4.083647e+00    4.083647e+00  
  3   2  22   2.098310e+01    2.098310e+01    6.260008e+00    6.260008e+00  
  3   2  23   2.263129e+01    2.263129e+01    7.549673e+00    7.549673e+00  
  3   2  24   2.540114e+01    2.540114e+01    9.407417e+00    9.407417e+00  
  3   2  25   1.603626e+01    1.603626e+01    3.035779e+00    3.035779e+00  
  3   2  26   9.168149e+00    9.168149e+00    9.614304e-01    9.614304e-01  
  3   2  27   1.940654e+01    1.940654e+01    3.954429e+00    3.954429e+00  
  3   2  28   1.752752e+01    1.752752e+01    3.073461e+00    3.073461e+00  
  3   2  29   1.195426e+01    1.195426e+01    1.406571e+00    1.406571e+00  
  3   2  30   1.835774e+01    1.835774e+01    3.035553e+00    3.035553e+00  
  3   2  31   1.682927e+01    1.682927e+01    2.476170e+00    2.476170e+00  
  3   2  32   1.288984e+01    1.288984e+01    1.426552e+00    1.426552e+00  
  3   2  33   1.382120e+01    1.382120e+01    1.485130e+00    1.485130e+00  
  3   2  34   1.785520e+01    1.785520e+01    2.379937e+00    2.379937e+00  
  3   2  35   1.827187e+01    1.827187e+01    2.519543e+00    2.519543e+00  
  3   2  36   1.476973e+01    1.476973e+01    1.518196e+00    1.518196e+00  
  3   2  37   1.157114e+01    1.157114e+01    8.784070e-01    8.784070e-01  
  3   2  38   1.428999e+01    1.428999e+01    1.266979e+00    1.266979e+00  
  3   2  39   1.347416e+01    1.347416e+01    1.093339e+00    1.093339e+00  
  3   2  40   1.444193e+01    1.444193e+01    1.346639e+00    1.346639e+00  
  3   2  41   1.310554e+01    1.310554e+01    1.000979e+00    1.000979e+00  
  3   2  42   1.995574e+01    1.995574e+01    2.299059e+00    2.299059e+00  
  3   2  43   1.825085e+01    1.825085e+01    1.786214e+00    1.786214e+00  
  3   2  44   1.531917e+01    1.531917e+01    1.192468e+00    1.192468e+00  
  3   2  45   1.308384e+01    1.308384e+01    8.378724e-01    8.378724e-01  
  3   2  46   2.151246e+01    2.151246e+01    2.273657e+00    2.273657e+00  
  3   2  47   1.845389e+01    1.845389e+01    1.648837e+00    1.648837e+00  
  3   2  48   1.887012e+01    1.887012e+01    1.703117e+00    1.703117e+00  
  3   2  49   1.528995e+01    1.528995e+01    1.007006e+00    1.007006e+00  
  3   2  50   1.492735e+01    1.492735e+01    9.285999e-01    9.285999e-01  
  3   2  51   1.446161e+01    1.446161e+01    8.749786e-01    8.749786e-01  
  3   2  52   1.669473e+01    1.669473e+01    1.185734e+00    1.185734e+00  
  3   2  53   1.783192e+01    1.783192e+01    1.233472e+00    1.233472e+00  
  3   2  54   1.617913e+01    1.617913e+01    9.774426e-01    9.774426e-01  
  3   2  55   2.042001e+01    2.042001e+01    1.595670e+00    1.595670e+00  
  3   2  56   1.403564e+01    1.403564e+01    7.373604e-01    7.373604e-01  
  3   2  57   1.807808e+01    1.807808e+01    1.285970e+00    1.285970e+00  
  3   2  58   1.500023e+01    1.500023e+01    7.361087e-01    7.361087e-01  
  3   2  59   1.688330e+01    1.688330e+01    9.310667e-01    9.310667e-01  
  3   2  60   1.655310e+01    1.655310e+01    8.625931e-01    8.625931e-01  
  3   2  61   1.285952e+01    1.285952e+01    4.759230e-01    4.759230e-01  
  3   2  62   1.722556e+01    1.722556e+01    9.041791e-01    9.041791e-01  
  3   3   1   1.410938e+01    1.410938e+01    6.806405e-01    6.806405e-01  
  3   3   2   1.106022e+01    1.106022e+01    3.541320e-01    3.541320e-01  
  3   3   3   2.069883e+01    2.069883e+01    1.373482e+00    1.373482e+00  
  3   3   4   1.384722e+01    1.384722e+01    5.345862e-01    5.345862e-01  
  3   3   5   1.086864e+01    1.086864e+01    3.159856e-01    3.159856e-01  
  4   1   1   1.555132e+01    1.555132e+01    3.415176e+01    3.415176e+01  
  4   1   2   2.037309e+01    2.037309e+01    3.544813e+01    3.544813e+01  
  4   1   3   1.452041e+01    1.452041e+01    1.059198e+01    1.059198e+01  
  4   1   4   1.153444e+01    1.153444e+01    5.039629e+00    5.039629e+00  
  4   1   5   2.253720e+01    2.253720e+01    1.430729e+01    1.430729e+01  
  4   1   6   1.675131e+01    1.675131e+01    6.787351e+00    6.787351e+00  
  4   1   7   1.686201e+01    1.686201e+01    5.706986e+00    5.706986e+00  
  4   1   8   1.980033e+01    1.980033e+01    6.517385e+00    6.517385e+00  
  4   1   9   1.668723e+01    1.668723e+01    4.109088e+00    4.109088e+00  
  4   1  10   1.561468e+01    1.561468e+01    2.889408e+00    2.889408e+00  
  4   1  11   1.356833e+01    1.356833e+01    1.882314e+00    1.882314e+00  
  4   1  12   1.861644e+01    1.861644e+01    3.189478e+00    3.189478e+00  
  4   1  13   1.599521e+01    1.599521e+01    2.094637e+00    2.094637e+00  
  4   1  14   2.098044e+01    2.098044e+01    3.168722e+00    3.168722e+00  
  4   1  15   1.534199e+01    1.534199e+01    1.514201e+00    1.514201e+00  
  4   1  16   2.037443e+01    2.037443e+01    2.514305e+00    2.514305e+00  
  4   1  17   1.453346e+01    1.453346e+01    1.148706e+00    1.148706e+00  
  4   1  18   1.601655e+01    1.601655e+01    1.306665e+00    1.306665e+00  
  4   1  19   1.415876e+01    1.415876e+01    8.824004e-01    8.824004e-01  
  4   1  20   1.916355e+01    1.916355e+01    1.591822e+00    1.591822e+00  
  4   1  21   1.689025e+01    1.689025e+01    1.136798e+00    1.136798e+00  
  4   1  22   2.010962e+01    2.010962e+01    1.529629e+00    1.529629e+00  
  4   1  23   1.829536e+01    1.829536e+01    1.157526e+00    1.157526e+00  
  4   2   1   2.259309e+01    2.259309e+01    2.283820e+02    2.283820e+02  
  4   2   2   1.991985e+01    1.991985e+01    8.353018e+01    8.353018e+01  
  4   2   3   2.220033e+01    2.220033e+01    7.951566e+01    7.951566e+01  
  4   2   4   1.380624e+01    1.380624e+01    2.343937e+01    2.343937e+01  
  4   2   5   2.594521e+01    2.594521e+01    6.815740e+01    6.815740e+01  
  4   2   6   1.286639e+01    1.286639e+01    1.316002e+01    1.316002e+01  
  4   2   7   1.739574e+01    1.739574e+01    1.818054e+01    1.818054e+01  
  4   2   8   1.726421e+01    1.726421e+01    1.590129e+01    1.590129e+01  
  4   2   9   2.333115e+01    2.333115e+01    2.547819e+01    2.547819e+01  
  4   2  10   1.436412e+01    1.436412e+01    8.289488e+00    8.289488e+00  
  4   2  11   1.741504e+01    1.741504e+01    1.156593e+01    1.156593e+01  
  4   2  12   1.995992e+01    1.995992e+01    1.330611e+01    1.330611e+01  
  4   2  13   2.203306e+01    2.203306e+01    1.378931e+01    1.378931e+01  
  4   2  14   1.719638e+01    1.719638e+01    8.381417e+00    8.381417e+00  
  4   2  15   1.835593e+01    1.835593e+01    8.234599e+00    8.234599e+00  
  4   2  16   1.408207e+01    1.408207e+01    5.238138e+00    5.238138e+00  
  4   2  17   1.645282e+01    1.645282e+01    5.547212e+00    5.547212e+00  
  4   2  18   1.697855e+01    1.697855e+01    5.430166e+00    5.430166e+00  
  4   2  19   1.401196e+01    1.401196e+01    3.361044e+00    3.361044e+00  
  4   2  20   2.453412e+01    2.453412e+01    1.034568e+01    1.034568e+01  
  4   2  21   2.191605e+01    2.191605e+01    9.783368e+00    9.783368e+00  
  4   2  22   1.618611e+01    1.618611e+01    3.717251e+00    3.717251e+00  
  4   2  23   1.774123e+01    1.774123e+01    4.264606e+00    4.264606e+00  
  4   2  24   1.755593e+01    1.755593e+01    3.793952e+00    3.793952e+00  
  4   2  25   1.365839e+01    1.365839e+01    2.334344e+00    2.334344e+00  
  4   2  26   1.770113e+01    1.770113e+01    3.557181e+00    3.557181e+00  
  4   2  27   1.989764e+01    1.989764e+01    4.130364e+00    4.130364e+00  
  4   2  28   1.407407e+01    1.407407e+01    2.076589e+00    2.076589e+00  
  4   2  29   1.633798e+01    1.633798e+01    2.538889e+00    2.538889e+00  
  4   2  30   1.753716e+01    1.753716e+01    3.017902e+00    3.017902e+00  
  4   2  31   1.607796e+01    1.607796e+01    2.281837e+00    2.281837e+00  
  4   2  32   1.247642e+01    1.247642e+01    1.392405e+00    1.392405e+00  
  4   2  33   2.192349e+01    2.192349e+01    3.800911e+00    3.800911e+00  
  4   2  34   2.029252e+01    2.029252e+01    3.236029e+00    3.236029e+00  
  4   2  35   1.540438e+01    1.540438e+01    1.694003e+00    1.694003e+00  
  4   2  36   1.636041e+01    1.636041e+01    1.863560e+00    1.863560e+00  
  4   2  37   1.566965e+01    1.566965e+01    1.651512e+00    1.651512e+00  
  4   2  38   1.499065e+01    1.499065e+01    1.439530e+00    1.439530e+00  
  4   2  39   1.460460e+01    1.460460e+01    1.358295e+00    1.358295e+00  
  4   2  40   2.113064e+01    2.113064e+01    2.794739e+00    2.794739e+00  
  4   2  41   1.789248e+01    1.789248e+01    1.817334e+00    1.817334e+00  
  4   2  42   1.551178e+01    1.551178e+01    1.330827e+00    1.330827e+00  
  4   2  43   1.301159e+01    1.301159e+01    8.893603e-01    8.893603e-01  
  4   2  44   2.300320e+01    2.300320e+01    2.865018e+00    2.865018e+00  
  4   2  45   1.921665e+01    1.921665e+01    2.051862e+00    2.051862e+00  
  4   2  46   1.063345e+01    1.063345e+01    5.446641e-01    5.446641e-01  
  4   2  47   1.617110e+01    1.617110e+01    1.261517e+00    1.261517e+00  
  4   2  48   1.733439e+01    1.733439e+01    1.372831e+00    1.372831e+00  
  4   2  49   1.950241e+01    1.950241e+01    1.840514e+00    1.840514e+00  
  4   2  50   1.960916e+01    1.960916e+01    1.646440e+00    1.646440e+00  
  4   2  51   2.576254e+01    2.576254e+01    2.922655e+00    2.922655e+00  
  4   2  52   1.390895e+01    1.390895e+01    8.458975e-01    8.458975e-01  
  4   2  53   2.048143e+01    2.048143e+01    1.646941e+00    1.646941e+00  
  4   2  54   1.522017e+01    1.522017e+01    9.028532e-01    9.028532e-01  
  4   2  55   1.652338e+01    1.652338e+01    1.029107e+00    1.029107e+00  
  4   2  56   9.929086e+00    9.929086e+00    3.818547e-01    3.818547e-01  
  4   2  57   1.482839e+01    1.482839e+01    8.362526e-01    8.362526e-01  
  4   2  58   1.480838e+01    1.480838e+01    7.171443e-01    7.171443e-01  
  4   2  59   1.584342e+01    1.584342e+01    8.155190e-01    8.155190e-01  
  4   2  60   1.362774e+01    1.362774e+01    5.566483e-01    5.566483e-01  
  4   2  61   9.130009e+00    9.130009e+00    2.474186e-01    2.474186e-01  
  4   2  62   1.273634e+01    1.273634e+01    4.511630e-01    4.511630e-01  
  4   3   1   1.829650e+01    1.829650e+01    1.189050e+00    1.189050e+00  
  4   3   2   2.052897e+01    2.052897e+01    1.428798e+00    1.428798e+00  
  4   3   3   1.493539e+01    1.493539e+01    6.829015e-01    6.829015e-01  
  4   3   4   1.828795e+01    1.828795e+01    9.933857e-01    9.933857e-01  
  4   3   5   1.970119e+01    1.970119e+01    1.100614e+00    1.100614e+00  
  5   1   1   1.737692e+01    1.737692e+01    4.246835e+01    4.246835e+01  
  5   1   2   1.976213e+01    1.976213e+01    3.327035e+01    3.327035e+01  
  5   1   3   1.580991e+01    1.580991e+01    1.245586e+01    1.245586e+01  
  5   1   4   1.026820e+01    1.026820e+01    3.998048e+00    3.998048e+00  
  5   1   5   2.241603e+01    2.241603e+01    1.424977e+01    1.424977e+01  
  5   1   6   1.170618e+01    1.170618e+01    3.309466e+00    3.309466e+00  
  5   1   7   1.697810e+01    1.697810e+01    5.598458e+00    5.598458e+00  
  5   1   8   1.627497e+01    1.627497e+01    4.370209e+00    4.370209e+00  
  5   1   9   1.796092e+01    1.796092e+01    4.428232e+00    4.428232e+00  
  5   1  10   1.806372e+01    1.806372e+01    3.993071e+00    3.993071e+00  
  5   1  11   1.572310e+01    1.572310e+01    2.501953e+00    2.501953e+00  
  5   1  12   1.682665e+01    1.682665e+01    2.642849e+00    2.642849e+00  
  5   1  13   1.668399e+01    1.668399e+01    2.399677e+00    2.399677e+00  
  5   1  14   1.753816e+01    1.753816e+01    2.224134e+00    2.224134e+00  
  5   1  15   2.066597e+01    2.066597e+01    2.901786e+00    2.901786e+00  
  5   1  16   1.505076e+01    1.505076e+01    1.285983e+00    1.285983e+00  
  5   1  17   1.678146e+01    1.678146e+01    1.485214e+00    1.485214e+00  
  5   1  18   2.077204e+01    2.077204e+01    2.223896e+00    2.223896e+00  
  5   1  19   1.443027e+01    1.443027e+01    9.190424e-01    9.190424e-01  
  5   1  20   1.516924e+01    1.516924e+01    9.819828e-01    9.819828e-01  
  5   1  21   1.398230e+01    1.398230e+01    7.446682e-01    7.446682e-01  
  5   1  22   1.540326e+01    1.540326e+01    8.990382e-01    8.990382e-01  
  5   1  23   1.229397e+01    1.229397e+01    4.707259e-01    4.707259e-01  
  5   2   1   2.469945e+01    2.469945e+01    2.730418e+02    2.730418e+02  
  5   2   2   1.512703e+01    1.512703e+01    4.819092e+01    4.819092e+01  
  5   2   3   2.179264e+01    2.179264e+01    7.551949e+01    7.551949e+01  
  5   2   4   1.582360e+01    1.582360e+01    3.091307e+01    3.091307e+01  
  5   2   5   1.849549e+01    1.849549e+01    3.195344e+01    3.195344e+01  
  5   2   6   2.211216e+01    2.211216e+01    3.998618e+01    3.998618e+01  
  5   2   7   1.899396e+01    1.899396e+01    2.192686e+01    2.192686e+01  
  5   2   8   1.687508e+01    1.687508e+01    1.556092e+01    1.556092e+01  
  5   2   9   1.912415e+01    1.912415e+01    1.750885e+01    1.750885e+01  
  5   2  10   1.909614e+01    1.909614e+01    1.461151e+01    1.461151e+01  
  5   2  11   1.596506e+01    1.596506e+01    9.598914e+00    9.598914e+00  
  5   2  12   1.935324e+01    1.935324e+01    1.250161e+01    1.250161e+01  
  5   2  13   1.663557e+01    1.663557e+01    7.845671e+00    7.845671e+00  
  5   2  14   2.089839e+01    2.089839e+01    1.193956e+01    1.193956e+01  
  5   2  15   1.962611e+01    1.962611e+01    1.042409e+01    1.042409e+01  
  5   2  16   1.806919e+01    1.806919e+01    7.290074e+00    7.290074e+00  
  5   2  17   1.465338e+01    1.465338e+01    4.401616e+00    4.401616e+00  
  5   2  18   2.834121e+01    2.834121e+01    1.733233e+01    1.733233e+01  
  5   2  19   1.648900e+01    1.648900e+01    5.273415e+00    5.273415e+00  
  5   2  20   1.869663e+01    1.869663e+01    6.352168e+00    6.352168e+00  
  5   2  21   1.306070e+01    1.306070e+01    2.663764e+00    2.663764e+00  
  5   2  22   1.964638e+01    1.964638e+01    5.488319e+00    5.488319e+00  
  5   2  23   1.549457e+01    1.549457e+01    3.717619e+00    3.717619e+00  
  5   2  24   1.275427e+01    1.275427e+01    1.988969e+00    1.988969e+00  
  5   2  25   1.482193e+01    1.482193e+01    2.755917e+00    2.755917e+00  
  5   2  26   1.366978e+01    1.366978e+01    2.069624e+00    2.069624e+00  
  5   2  27   1.891542e+01    1.891542e+01    3.734870e+00    3.734870e+00  
  5   2  28   1.655427e+01    1.655427e+01    2.909449e+00    2.909449e+00  
  5   2  29   1.598587e+01    1.598587e+01    2.395584e+00    2.395584e+00  
  5   2  30   1.363225e+01    1.363225e+01    1.661175e+00    1.661175e+00  
  5   2  31   1.437663e+01    1.437663e+01    1.780733e+00    1.780733e+00  
  5   2  32   1.448629e+01    1.448629e+01    1.718647e+00    1.718647e+00  
  5   2  33   1.313651e+01    1.313651e+01    1.337360e+00    1.337360e+00  
  5   2  34   1.552187e+01    1.552187e+01    1.829844e+00    1.829844e+00  
  5   2  35   1.817553e+01    1.817553e+01    2.714410e+00    2.714410e+00  
  5   2  36   1.934966e+01    1.934966e+01    2.585774e+00    2.585774e+00  
  5   2  37   1.692228e+01    1.692228e+01    1.949307e+00    1.949307e+00  
  5   2  38   1.799075e+01    1.799075e+01    2.060861e+00    2.060861e+00  
  5   2  39   1.391055e+01    1.391055e+01    1.174278e+00    1.174278e+00  
  5   2  40   1.691225e+01    1.691225e+01    1.719392e+00    1.719392e+00  
  5   2  41   1.876352e+01    1.876352e+01    2.027152e+00    2.027152e+00  
  5   2  42   1.634860e+01    1.634860e+01    1.479104e+00    1.479104e+00  
  5   2  43   2.213539e+01    2.213539e+01    2.650328e+00    2.650328e+00  
  5   2  44   1.894875e+01    1.894875e+01    1.873923e+00    1.873923e+00  
  5   2  45   1.444208e+01    1.444208e+01    1.033842e+00    1.033842e+00  
  5   2  46   1.836253e+01    1.836253e+01    1.631747e+00    1.631747e+00  
  5   2  47   1.750100e+01    1.750100e+01    1.431959e+00    1.431959e+00  
  5   2  48   2.144685e+01    2.144685e+01    2.122529e+00    2.122529e+00  
  5   2  49   1.805527e+01    1.805527e+01    1.434418e+00    1.434418e+00  
  5   2  50   1.224333e+01    1.224333e+01    6.052530e-01    6.052530e-01  
  5   2  51   1.617037e+01    1.617037e+01    1.128026e+00    1.128026e+00  
  5   2  52   2.000567e+01    2.000567e+01    1.839260e+00    1.839260e+00  
  5   2  53   1.454612e+01    1.454612e+01    8.204522e-01    8.204522e-01  
  5   2  54   1.566284e+01    1.566284e+01    9.111633e-01    9.111633e-01  
  5   2  55   1.440843e+01    1.440843e+01    7.326516e-01    7.326516e-01  
  5   2  56   1.057728e+01    1.057728e+01    3.714671e-01    3.714671e-01  
  5   2  57   2.047799e+01    2.047799e+01    1.493025e+00    1.493025e+00  
  5   2  58   1.477617e+01    1.477617e+01    7.136889e-01    7.136889e-01  
  5   2  59   1.041641e+01    1.041641e+01    2.881716e-01    2.881716e-01  
  5   2  60   2.123214e+01    2.123214e+01    1.463815e+00    1.463815e+00  
  5   2  61   1.053220e+01    1.053220e+01    2.873294e-01    2.873294e-01  
  5   2  62   8.250625e+00    8.250625e+00    2.325205e-01    2.325205e-01  
  5   3   1   1.222548e+01    1.222548e+01    4.886561e-01    4.886561e-01  
  5   3   2   1.707158e+01    1.707158e+01    9.652850e-01    9.652850e-01  
  5   3   3   2.020605e+01    2.020605e+01    1.305841e+00    1.305841e+00  
  5   3   4   1.367232e+01    1.367232e+01    5.191031e-01    5.191031e-01  
  5   3   5   1.701040e+01    1.701040e+01    8.152824e-01    8.152824e-01  
  6   1   1   1.753468e+01    1.753468e+01    4.376073e+01    4.376073e+01  
  6   1   2   1.202253e+01    1.202253e+01    1.238182e+01    1.238182e+01  
  6   1   3   2.574284e+01    2.574284e+01    3.457457e+01    3.457457e+01  
  6   1   4   2.092232e+01    2.092232e+01    1.670912e+01    1.670912e+01  
  6   1   5   1.692948e+01    1.692948e+01    8.117457e+00    8.117457e+00  
  6   1   6   1.872775e+01    1.872775e+01    8.679869e+00    8.679869e+00  
  6   1   7   1.408147e+01    1.408147e+01    3.855631e+00    3.855631e+00  
  6   1   8   2.018856e+01    2.018856e+01    6.814156e+00    6.814156e+00  
  6   1   9   1.358780e+01    1.358780e+01    2.494595e+00    2.494595e+00  
  6   1  10   2.089439e+01    2.089439e+01    5.344548e+00    5.344548e+00  
  6   1  11   2.036865e+01    2.036865e+01    4.198390e+00    4.198390e+00  
  6   1  12   1.730669e+01    1.730669e+01    2.679958e+00    2.679958e+00  
  6   1  13   2.204084e+01    2.204084e+01    4.043867e+00    4.043867e+00  
  6   1  14   1.465154e+01    1.465154e+01    1.508200e+00    1.508200e+00  
  6   1  15   1.928715e+01    1.928715e+01    2.402513e+00    2.402513e+00  
  6   1  16   1.932601e+01    1.932601e+01    2.232240e+00    2.232240e+00  
  6   1  17   1.646479e+01    1.646479e+01    1.522039e+00    1.522039e+00  
  6   1  18   2.122568e+01    2.122568e+01    2.352404e+00    2.352404e+00  
  6   1  19   1.603675e+01    1.603675e+01    1.154148e+00    1.154148e+00  
  6   1  20   1.273838e+01    1.273838e+01    6.628994e-01    6.628994e-01  
  6   1  21   1.535521e+01    1.535521e+01    9.159144e-01    9.159144e-01  
  6   1  22   2.008038e+01    2.008038e+01    1.525277e+00    1.525277e+00  
  6   1  23   1.561545e+01    1.561545e+01    9.198046e-01    9.198046e-01  
  6   2   1   2.261662e+01    2.261662e+01    2.290620e+02    2.290620e+02  
  6   2   2   1.694584e+01    1.694584e+01    6.039573e+01    6.039573e+01  
  6   2   3   1.844181e+01    1.844181e+01    5.495444e+01    5.495444e+01  
  6   2   4   1.516897e+01    1.516897e+01    2.831217e+01    2.831217e+01  
  6   2   5   1.917962e+01    1.917962e+01    3.401056e+01    3.401056e+01  
  6   2   6   1.675189e+01    1.675189e+01    2.226257e+01    2.226257e+01  
  6   2   7   1.385355e+01    1.385355e+01    1.149482e+01    1.149482e+01  
  6   2   8   1.693379e+01    1.693379e+01    1.529163e+01    1.529163e+01  
  6   2   9   1.521874e+01    1.521874e+01    1.105110e+01    1.105110e+01  
  6   2  10   1.495568e+01    1.495568e+01    9.505932e+00    9.505932e+00  
  6   2  11   2.310896e+01    2.310896e+01    1.916906e+01    1.916906e+01  
  6   2  12   2.690381e+01    2.690381e+01    2.753639e+01    2.753639e+01  
  6   2  13   1.889125e+01    1.889125e+01    1.021057e+01    1.021057e+01  
  6   2  14   1.089889e+01    1.089889e+01    3.616376e+00    3.616376e+00  
  6   2  15   2.008750e+01    2.008750e+01    9.895029e+00    9.895029e+00  
  6   2  16   1.994843e+01    1.994843e+01    8.969780e+00    8.969780e+00  
  6   2  17   1.373468e+01    1.373468e+01    3.861496e+00    3.861496e+00  
  6   2  18   1.851989e+01    1.851989e+01    8.009107e+00    8.009107e+00  
  6   2  19   1.430328e+01    1.430328e+01    3.502163e+00    3.502163e+00  
  6   2  20   1.758788e+01    1.758788e+01    6.004380e+00    6.004380e+00  
  6   2  21   1.791171e+01    1.791171e+01    5.050212e+00    5.050212e+00  
  6   2  22   1.987095e+01    1.987095e+01    5.931249e+00    5.931249e+00  
  6   2  23   1.151856e+01    1.151856e+01    1.968793e+00    1.968793e+00  
  6   2  24   1.686503e+01    1.686503e+01    4.307269e+00    4.307269e+00  
  6   2  25   1.638869e+01    1.638869e+01    3.158889e+00    3.158889e+00  
  6   2  26   1.225659e+01    1.225659e+01    1.686494e+00    1.686494e+00  
  6   2  27   1.668694e+01    1.668694e+01    3.058907e+00    3.058907e+00  
  6   2  28   1.478234e+01    1.478234e+01    2.190138e+00    2.190138e+00  
  6   2  29   1.314994e+01    1.314994e+01    1.635831e+00    1.635831e+00  
  6   2  30   1.738628e+01    1.738628e+01    2.735640e+00    2.735640e+00  
  6   2  31   1.548968e+01    1.548968e+01    2.109995e+00    2.109995e+00  
  6   2  32   1.699098e+01    1.699098e+01    2.454119e+00    2.454119e+00  
  6   2  33   2.023667e+01    2.023667e+01    3.284316e+00    3.284316e+00  
  6   2  34   2.033778e+01    2.033778e+01    3.164191e+00    3.164191e+00  
  6   2  35   1.852667e+01    1.852667e+01    2.484910e+00    2.484910e+00  
  6   2  36   1.574320e+01    1.574320e+01    1.709883e+00    1.709883e+00  
  6   2  37   1.548373e+01    1.548373e+01    1.614013e+00    1.614013e+00  
  6   2  38   1.605178e+01    1.605178e+01    1.635322e+00    1.635322e+00  
  6   2  39   2.080513e+01    2.080513e+01    2.707557e+00    2.707557e+00  
  6   2  40   1.966073e+01    1.966073e+01    2.306598e+00    2.306598e+00  
  6   2  41   1.877797e+01    1.877797e+01    2.007645e+00    2.007645e+00  
  6   2  42   1.643124e+01    1.643124e+01    1.496897e+00    1.496897e+00  
  6   2  43   2.057237e+01    2.057237e+01    2.281681e+00    2.281681e+00  
  6   2  44   1.690130e+01    1.690130e+01    1.464313e+00    1.464313e+00  
  6   2  45   1.409740e+01    1.409740e+01    9.853566e-01    9.853566e-01  
  6   2  46   1.127601e+01    1.127601e+01    5.836165e-01    5.836165e-01  
  6   2  47   1.836095e+01    1.836095e+01    1.582784e+00    1.582784e+00  
  6   2  48   1.645536e+01    1.645536e+01    1.280779e+00    1.280779e+00  
  6   2  49   1.563627e+01    1.563627e+01    1.054625e+00    1.054625e+00  
  6   2  50   1.339004e+01    1.339004e+01    8.133569e-01    8.133569e-01  
  6   2  51   2.319006e+01    2.319006e+01    2.353327e+00    2.353327e+00  
  6   2  52   1.142803e+01    1.142803e+01    5.603315e-01    5.603315e-01  
  6   2  53   1.483284e+01    1.483284e+01    8.538669e-01    8.538669e-01  
  6   2  54   1.545359e+01    1.545359e+01    8.849060e-01    8.849060e-01  
  6   2  55   1.850053e+01    1.850053e+01    1.254534e+00    1.254534e+00  
  6   2  56   1.646294e+01    1.646294e+01    9.665506e-01    9.665506e-01  
  6   2  57   1.687889e+01    1.687889e+01    9.718442e-01    9.718442e-01  
  6   2  58   1.309497e+01    1.309497e+01    5.410795e-01    5.410795e-01  
  6   2  59   1.679175e+01    1.679175e+01    9.219992e-01    9.219992e-01  
  6   2  60   2.783016e+01    2.783016e+01    2.550069e+00    2.550069e+00  
  6   2  61   1.317278e+01    1.317278e+01    5.035570e-01    5.035570e-01  
  6   2  62   1.677776e+01    1.677776e+01    8.536947e-01    8.536947e-01  
  6   3   1   1.712540e+01    1.712540e+01    1.035123e+00    1.035123e+00  
  6   3   2   1.770607e+01    1.770607e+01    1.050384e+00    1.050384e+00  
  6   3   3   1.718097e+01    1.718097e+01    9.287553e-01    9.287553e-01  
  6   3   4   1.117522e+01    1.117522e+01    3.557296e-01    3.557296e-01  
  6   3   5   1.890564e+01    1.890564e+01    1.007945e+00    1.007945e+00  
