  1   1   1   7.145201e+02    7.145201e+02    2.818332e+00    2.818332e+00    -3.171304e-02    1.586736e-03  
  1   1   2   6.504714e+02    6.504714e+02    3.388466e+00    3.388466e+00    -6.659429e-02    1.560698e-03  
  1   1   3   6.779870e+02    6.779870e+02    3.962259e+00    3.962259e+00    4.566947e-02    2.319880e-03  
  1   1   4   6.006127e+02    6.006127e+02    1.548328e+00    1.548328e+00    -2.757928e-01    2.186620e-03  
  1   1   5   7.242845e+02    7.242845e+02    1.981651e+00    1.981651e+00    -1.360864e-01    2.223271e-03  
  1   1   6   6.876591e+02    6.876591e+02    2.050530e+00    2.050530e+00    -9.860962e-02    3.448501e-03  
  1   1   7   6.557012e+02    6.557012e+02    2.712050e+00    2.712050e+00    7.876844e-02    3.042004e-03  
  1   1   8   5.940801e+02    5.940801e+02    1.289442e+00    1.289442e+00    4.636608e-03    3.446213e-03  
  1   1   9   6.520543e+02    6.520543e+02    1.961880e+00    1.961880e+00    5.335147e-02    3.131307e-03  
  1   1  10   6.414005e+02    6.414005e+02    1.640961e+00    1.640961e+00    -8.098513e-02    3.762026e-03  
  1   1  11   6.264516e+02    6.264516e+02    1.586037e+00    1.586037e+00    8.120158e-02    3.999679e-03  
  1   1  12   6.324838e+02    6.324838e+02    1.973078e+00    1.973078e+00    1.086115e-02    4.023607e-03  
  1   1  13   6.171794e+02    6.171794e+02    2.309321e+00    2.309321e+00    -1.154535e-01    4.829181e-03  
  1   1  14   6.096819e+02    6.096819e+02    2.216531e+00    2.216531e+00    -6.803817e-02    4.207188e-03  
  1   1  15   6.750676e+02    6.750676e+02    2.305619e+00    2.305619e+00    2.846695e-02    3.967813e-03  
  1   1  16   6.347210e+02    6.347210e+02    2.169048e+00    2.169048e+00    1.044562e-01    4.709800e-03  
  1   1  17   6.573553e+02    6.573553e+02    2.144886e+00    2.144886e+00    1.389346e-01    4.988489e-03  
  1   1  18   6.575153e+02    6.575153e+02    2.115130e+00    2.115130e+00    -4.587791e-02    4.345286e-03  
  1   1  19   6.456770e+02    6.456770e+02    2.465704e+00    2.465704e+00    -2.679951e-02    5.840444e-03  
  1   1  20   6.708670e+02    6.708670e+02    2.486821e+00    2.486821e+00    -1.513498e-02    4.759198e-03  
  1   1  21   7.215628e+02    7.215628e+02    2.833470e+00    2.833470e+00    6.700011e-02    4.876410e-03  
  1   1  22   6.458073e+02    6.458073e+02    2.981799e+00    2.981799e+00    7.522236e-03    6.271755e-03  
  1   1  23   6.524272e+02    6.524272e+02    3.520590e+00    3.520590e+00    -8.263856e-02    7.096087e-03  
  1   2   1   2.217639e+03    2.217639e+03    5.097160e+01    5.097160e+01    -6.396611e-03    2.628180e-03  
  1   2   2   2.194802e+03    2.194802e+03    4.751311e+01    4.751311e+01    -1.243980e-01    2.372741e-03  
  1   2   3   2.014076e+03    2.014076e+03    1.908129e+01    1.908129e+01    -1.960329e-02    2.031650e-03  
  1   2   4   1.977660e+03    1.977660e+03    1.482840e+01    1.482840e+01    6.726423e-02    1.570189e-03  
  1   2   5   1.976229e+03    1.976229e+03    1.257720e+01    1.257720e+01    1.040125e-01    1.488598e-03  
  1   2   6   1.801398e+03    1.801398e+03    1.162794e+01    1.162794e+01    -5.198613e-02    1.604034e-03  
  1   2   7   1.801366e+03    1.801366e+03    1.040190e+01    1.040190e+01    -1.560113e-02    1.231329e-03  
  1   2   8   1.742481e+03    1.742481e+03    8.891226e+00    8.891226e+00    -1.628620e-02    1.448080e-03  
  1   2   9   1.733719e+03    1.733719e+03    9.370117e+00    9.370117e+00    2.899965e-02    1.390066e-03  
  1   2  10   1.739276e+03    1.739276e+03    9.396530e+00    9.396530e+00    4.285021e-02    1.759674e-03  
  1   2  11   1.721115e+03    1.721115e+03    9.023426e+00    9.023426e+00    -7.516726e-02    1.440149e-03  
  1   2  12   1.739971e+03    1.739971e+03    9.343029e+00    9.343029e+00    -3.987016e-02    1.333497e-03  
  1   2  13   1.655490e+03    1.655490e+03    1.834996e+01    1.834996e+01    -7.577023e-02    2.118011e-03  
  1   2  14   1.656556e+03    1.656556e+03    8.280105e+00    8.280105e+00    5.901749e-04    1.899361e-03  
  1   2  15   1.702982e+03    1.702982e+03    8.418815e+00    8.418815e+00    2.405538e-02    1.855403e-03  
  1   2  16   1.674601e+03    1.674601e+03    8.297102e+00    8.297102e+00    -3.459848e-02    1.937694e-03  
  1   2  17   1.659124e+03    1.659124e+03    8.415203e+00    8.415203e+00    2.898353e-02    1.914601e-03  
  1   2  18   1.668128e+03    1.668128e+03    6.994770e+00    6.994770e+00    -7.082722e-02    2.761026e-03  
  1   2  19   1.691556e+03    1.691556e+03    6.786323e+00    6.786323e+00    -5.464576e-03    2.415958e-03  
  1   2  20   1.661187e+03    1.661187e+03    6.654430e+00    6.654430e+00    -4.486872e-02    2.525655e-03  
  1   2  21   1.636620e+03    1.636620e+03    7.092191e+00    7.092191e+00    -1.375843e-02    3.134503e-03  
  1   2  22   1.629958e+03    1.629958e+03    7.587861e+00    7.587861e+00    -1.554373e-02    2.510920e-03  
  1   2  23   1.662318e+03    1.662318e+03    6.633588e+00    6.633588e+00    3.593259e-02    3.040572e-03  
  1   2  24   1.693822e+03    1.693822e+03    6.260491e+00    6.260491e+00    -8.136869e-02    2.536282e-03  
  1   2  25   1.622694e+03    1.622694e+03    6.292577e+00    6.292577e+00    -1.206503e-02    2.385458e-03  
  1   2  26   1.673694e+03    1.673694e+03    6.350945e+00    6.350945e+00    -5.396675e-02    2.665384e-03  
  1   2  27   1.671392e+03    1.671392e+03    6.567218e+00    6.567218e+00    -2.885310e-02    2.255728e-03  
  1   2  28   1.590086e+03    1.590086e+03    7.428293e+00    7.428293e+00    -1.209015e-01    3.327513e-03  
  1   2  29   1.658076e+03    1.658076e+03    7.013106e+00    7.013106e+00    -5.690500e-02    3.366205e-03  
  1   2  30   1.656074e+03    1.656074e+03    6.888576e+00    6.888576e+00    -1.778087e-02    3.046725e-03  
  1   2  31   1.701568e+03    1.701568e+03    8.393963e+00    8.393963e+00    -5.980122e-02    4.091074e-03  
  1   2  32   1.722767e+03    1.722767e+03    7.118417e+00    7.118417e+00    -8.641322e-02    1.822559e-03  
  1   2  33   1.733251e+03    1.733251e+03    7.379584e+00    7.379584e+00    -1.105670e-01    2.541040e-03  
  1   2  34   1.764317e+03    1.764317e+03    7.998259e+00    7.998259e+00    -6.372123e-02    2.081371e-03  
  1   2  35   1.740235e+03    1.740235e+03    7.241820e+00    7.241820e+00    1.295972e-02    2.476991e-03  
  1   2  36   1.730782e+03    1.730782e+03    8.332693e+00    8.332693e+00    -4.553371e-02    2.494627e-03  
  1   2  37   1.763621e+03    1.763621e+03    7.783886e+00    7.783886e+00    -4.091794e-02    2.485978e-03  
  1   2  38   1.906749e+03    1.906749e+03    8.403802e+00    8.403802e+00    -1.221674e-01    2.033641e-03  
  1   2  39   1.753384e+03    1.753384e+03    9.368538e+00    9.368538e+00    -2.473696e-02    2.905148e-03  
  1   2  40   1.729480e+03    1.729480e+03    8.047374e+00    8.047374e+00    -3.129517e-02    2.802553e-03  
  1   2  41   1.734434e+03    1.734434e+03    7.788984e+00    7.788984e+00    -3.965174e-02    2.489802e-03  
  1   2  42   1.736835e+03    1.736835e+03    8.546677e+00    8.546677e+00    -1.834409e-02    3.507190e-03  
  1   2  43   1.726239e+03    1.726239e+03    8.567137e+00    8.567137e+00    -5.535641e-02    3.587755e-03  
  1   2  44   1.761651e+03    1.761651e+03    8.493185e+00    8.493185e+00    -2.393034e-02    3.477151e-03  
  1   2  45   1.816684e+03    1.816684e+03    8.878457e+00    8.878457e+00    -1.653055e-01    2.960915e-03  
  1   2  46   1.772782e+03    1.772782e+03    8.399191e+00    8.399191e+00    -2.495094e-02    3.511847e-03  
  1   2  47   1.791006e+03    1.791006e+03    8.580762e+00    8.580762e+00    -8.672537e-03    3.401871e-03  
  1   2  48   1.824340e+03    1.824340e+03    9.417056e+00    9.417056e+00    -3.368307e-02    2.765519e-03  
  1   2  49   1.738681e+03    1.738681e+03    9.004474e+00    9.004474e+00    -1.310180e-01    3.563558e-03  
  1   2  50   1.813816e+03    1.813816e+03    8.843313e+00    8.843313e+00    -4.673559e-02    2.719285e-03  
  1   2  51   1.829332e+03    1.829332e+03    1.017305e+01    1.017305e+01    -1.627606e-02    2.425022e-03  
  1   2  52   1.845077e+03    1.845077e+03    1.155645e+01    1.155645e+01    1.563732e-02    3.247659e-03  
  1   2  53   1.815785e+03    1.815785e+03    1.068858e+01    1.068858e+01    -1.083965e-02    3.052923e-03  
  1   2  54   1.816541e+03    1.816541e+03    1.088584e+01    1.088584e+01    -4.756214e-02    4.602077e-03  
  1   2  55   1.839325e+03    1.839325e+03    1.218906e+01    1.218906e+01    -9.895217e-03    4.088828e-03  
  1   2  56   1.833445e+03    1.833445e+03    1.372392e+01    1.372392e+01    -5.577647e-02    3.101650e-03  
  1   2  57   1.808949e+03    1.808949e+03    1.268517e+01    1.268517e+01    -9.351772e-03    4.446901e-03  
  1   2  58   1.801819e+03    1.801819e+03    1.498922e+01    1.498922e+01    -3.640810e-02    4.164759e-03  
  1   2  59   2.000021e+03    2.000021e+03    1.863353e+01    1.863353e+01    -1.847723e-01    4.505930e-03  
  1   2  60   1.785651e+03    1.785651e+03    1.575535e+01    1.575535e+01    -5.110397e-02    4.306495e-03  
  1   2  61   1.802710e+03    1.802710e+03    1.810392e+01    1.810392e+01    -1.298745e-01    4.508459e-03  
  1   2  62   1.785909e+03    1.785909e+03    1.590141e+01    1.590141e+01    -8.412993e-02    4.556069e-03  
  1   3   1   7.925869e+02    7.925869e+02    3.529520e+00    3.529520e+00    -4.669071e-02    4.615363e-03  
  1   3   2   6.275077e+02    6.275077e+02    1.901066e+00    1.901066e+00    8.358337e-02    5.184655e-03  
  1   3   3   6.090806e+02    6.090806e+02    2.025839e+00    2.025839e+00    4.080893e-01    5.214424e-03  
  1   3   4   7.187868e+02    7.187868e+02    2.412603e+00    2.412603e+00    9.208669e-03    5.349423e-03  
  1   3   5   7.036782e+02    7.036782e+02    3.867726e+00    3.867726e+00    1.448608e-01    6.305919e-03  
  2   1   1   6.144760e+02    6.144760e+02    1.796095e+00    1.796095e+00    -5.666591e-02    8.777321e-04  
  2   1   2   6.367723e+02    6.367723e+02    1.847773e+00    1.847773e+00    1.881419e-02    1.079748e-03  
  2   1   3   6.391801e+02    6.391801e+02    1.646656e+00    1.646656e+00    -2.323640e-02    2.180955e-03  
  2   1   4   6.821974e+02    6.821974e+02    1.897895e+00    1.897895e+00    -2.062397e-02    1.785209e-03  
  2   1   5   1.000000e+01    1.000000e+01    1.414214e+00    1.414214e+00    0.000000e+00    0.000000e+00  
  2   1   6   3.030579e+02    3.030579e+02    3.303465e+01    3.303465e+01    3.200000e+00    1.995894e-02  
  2   1   7   6.725318e+02    6.725318e+02    1.307439e+00    1.307439e+00    -2.076216e-02    2.232151e-03  
  2   1   8   6.287230e+02    6.287230e+02    1.005569e+00    1.005569e+00    8.813904e-03    2.427177e-03  
  2   1   9   6.412188e+02    6.412188e+02    9.808042e-01    9.808042e-01    -8.790470e-02    2.539438e-03  
  2   1  10   1.000000e+01    1.000000e+01    1.414214e+00    1.414214e+00    0.000000e+00    0.000000e+00  
  2   1  11   7.167783e+02    7.167783e+02    1.163208e+00    1.163208e+00    -1.218518e-01    2.625701e-03  
  2   1  12   6.712097e+02    6.712097e+02    1.714390e+00    1.714390e+00    6.826582e-02    4.199419e-03  
  2   1  13   6.847965e+02    6.847965e+02    1.557652e+00    1.557652e+00    -1.347577e-02    3.063296e-03  
  2   1  14   6.745702e+02    6.745702e+02    1.249492e+00    1.249492e+00    -1.500210e-01    3.171170e-03  
  2   1  15   6.886146e+02    6.886146e+02    1.515809e+00    1.515809e+00    -9.744249e-02    3.530636e-03  
  2   1  16   6.715491e+02    6.715491e+02    1.666069e+00    1.666069e+00    -1.398987e-01    3.377389e-03  
  2   1  17   6.591386e+02    6.591386e+02    1.656654e+00    1.656654e+00    -5.367884e-02    3.678108e-03  
  2   1  18   6.699688e+02    6.699688e+02    1.521890e+00    1.521890e+00    -5.344881e-02    2.875129e-03  
  2   1  19   -5.379693e+01    -5.379693e+01    7.217473e+01    7.217473e+01    1.951627e+00    3.395708e-03  
  2   1  20   7.030060e+02    7.030060e+02    1.444997e+00    1.444997e+00    -4.217684e-02    3.435202e-03  
  2   1  21   1.000000e+01    1.000000e+01    1.414214e+00    1.414214e+00    0.000000e+00    0.000000e+00  
  2   1  22   6.838903e+02    6.838903e+02    1.492472e+00    1.492472e+00    -8.091657e-02    4.190634e-03  
  2   1  23   5.256267e+02    5.256267e+02    3.991779e+00    3.991779e+00    5.135244e-02    6.658172e-03  
  2   2   1   2.022974e+03    2.022974e+03    2.470730e+01    2.470730e+01    1.482551e-02    2.241527e-03  
  2   2   2   2.014835e+03    2.014835e+03    1.978203e+01    1.978203e+01    -5.629862e-02    1.926505e-03  
  2   2   3   1.964019e+03    1.964019e+03    1.175071e+01    1.175071e+01    3.600154e-02    1.250787e-03  
  2   2   4   1.829806e+03    1.829806e+03    8.220996e+00    8.220996e+00    -3.254849e-02    1.426135e-03  
  2   2   5   1.810133e+03    1.810133e+03    6.972774e+00    6.972774e+00    5.228723e-02    1.017969e-03  
  2   2   6   1.762094e+03    1.762094e+03    6.107056e+00    6.107056e+00    -4.475815e-02    9.404462e-04  
  2   2   7   1.738304e+03    1.738304e+03    5.337685e+00    5.337685e+00    -6.415106e-02    1.035167e-03  
  2   2   8   1.791427e+03    1.791427e+03    5.697128e+00    5.697128e+00    -1.104823e-01    1.416260e-03  
  2   2   9   1.933314e+03    1.933314e+03    6.462183e+00    6.462183e+00    -1.543268e-01    1.272958e-03  
  2   2  10   1.739119e+03    1.739119e+03    5.172036e+00    5.172036e+00    -2.840010e-02    1.065967e-03  
  2   2  11   1.726313e+03    1.726313e+03    4.767475e+00    4.767475e+00    7.957031e-02    1.093509e-03  
  2   2  12   1.786615e+03    1.786615e+03    7.130808e+00    7.130808e+00    -4.475230e-03    1.157700e-03  
  2   2  13   1.829537e+03    1.829537e+03    7.222368e+00    7.222368e+00    2.323931e-02    1.498075e-03  
  2   2  14   1.834184e+03    1.834184e+03    5.600054e+00    5.600054e+00    1.144186e-01    1.780770e-03  
  2   2  15   1.768015e+03    1.768015e+03    4.428535e+00    4.428535e+00    -6.184302e-02    1.759248e-03  
  2   2  16   1.701495e+03    1.701495e+03    4.642567e+00    4.642567e+00    -3.279173e-02    1.570461e-03  
  2   2  17   1.696753e+03    1.696753e+03    4.464779e+00    4.464779e+00    -5.996470e-03    1.558787e-03  
  2   2  18   1.718220e+03    1.718220e+03    4.440957e+00    4.440957e+00    6.814921e-02    2.292152e-03  
  2   2  19   1.734314e+03    1.734314e+03    4.285462e+00    4.285462e+00    1.658128e-03    2.299114e-03  
  2   2  20   1.783510e+03    1.783510e+03    4.236643e+00    4.236643e+00    -6.502529e-02    1.809670e-03  
  2   2  21   1.731550e+03    1.731550e+03    4.051048e+00    4.051048e+00    -2.677566e-02    2.454787e-03  
  2   2  22   1.723164e+03    1.723164e+03    4.228428e+00    4.228428e+00    1.082454e-02    1.878154e-03  
  2   2  23   1.719687e+03    1.719687e+03    3.947892e+00    3.947892e+00    -5.184829e-02    2.123702e-03  
  2   2  24   1.746597e+03    1.746597e+03    3.877090e+00    3.877090e+00    -2.845763e-02    2.584686e-03  
  2   2  25   1.719892e+03    1.719892e+03    3.992646e+00    3.992646e+00    -5.362015e-02    2.219687e-03  
  2   2  26   1.725480e+03    1.725480e+03    3.985973e+00    3.985973e+00    -2.277686e-02    2.137548e-03  
  2   2  27   1.771590e+03    1.771590e+03    3.742842e+00    3.742842e+00    -3.041524e-02    1.903731e-03  
  2   2  28   1.762371e+03    1.762371e+03    3.845636e+00    3.845636e+00    -1.649062e-02    2.170336e-03  
  2   2  29   1.773668e+03    1.773668e+03    4.253898e+00    4.253898e+00    -4.084527e-03    2.555324e-03  
  2   2  30   1.718621e+03    1.718621e+03    4.096266e+00    4.096266e+00    2.500821e-06    2.635139e-03  
  2   2  31   1.725697e+03    1.725697e+03    4.093099e+00    4.093099e+00    1.143817e-02    3.305720e-03  
  2   2  32   1.792794e+03    1.792794e+03    4.182889e+00    4.182889e+00    -2.155172e-03    1.734024e-03  
  2   2  33   1.757796e+03    1.757796e+03    4.093605e+00    4.093605e+00    -1.556249e-02    1.971705e-03  
  2   2  34   1.786687e+03    1.786687e+03    4.314502e+00    4.314502e+00    -6.298997e-03    1.640622e-03  
  2   2  35   1.786706e+03    1.786706e+03    4.416912e+00    4.416912e+00    -3.043222e-02    1.773958e-03  
  2   2  36   1.772534e+03    1.772534e+03    4.609107e+00    4.609107e+00    -3.375495e-02    2.060246e-03  
  2   2  37   1.807415e+03    1.807415e+03    4.559074e+00    4.559074e+00    -5.986731e-02    2.056530e-03  
  2   2  38   1.761036e+03    1.761036e+03    4.527160e+00    4.527160e+00    -4.539000e-02    1.694485e-03  
  2   2  39   1.663485e+03    1.663485e+03    4.819383e+00    4.819383e+00    -3.083965e-01    2.737351e-03  
  2   2  40   1.724824e+03    1.724824e+03    4.600935e+00    4.600935e+00    -1.305769e-01    2.450161e-03  
  2   2  41   1.754826e+03    1.754826e+03    4.562735e+00    4.562735e+00    -2.630098e-02    2.115911e-03  
  2   2  42   1.791149e+03    1.791149e+03    4.713919e+00    4.713919e+00    5.006203e-03    2.388766e-03  
  2   2  43   1.503407e+03    1.503407e+03    4.308351e+00    4.308351e+00    -3.065979e-01    3.347103e-03  
  2   2  44   1.703320e+03    1.703320e+03    4.486399e+00    4.486399e+00    -1.056795e-02    2.247096e-03  
  2   2  45   1.752211e+03    1.752211e+03    4.776347e+00    4.776347e+00    -4.208809e-02    2.608606e-03  
  2   2  46   1.729922e+03    1.729922e+03    4.117778e+00    4.117778e+00    -5.622527e-02    2.440161e-03  
  2   2  47   1.741272e+03    1.741272e+03    4.173337e+00    4.173337e+00    -7.326206e-02    2.429775e-03  
  2   2  48   1.764841e+03    1.764841e+03    4.183403e+00    4.183403e+00    -1.368702e-01    2.340896e-03  
  2   2  49   1.714719e+03    1.714719e+03    3.972160e+00    3.972160e+00    -1.548083e-02    2.399959e-03  
  2   2  50   1.776151e+03    1.776151e+03    4.374753e+00    4.374753e+00    -5.031715e-02    2.305060e-03  
  2   2  51   1.776414e+03    1.776414e+03    4.268977e+00    4.268977e+00    -4.992286e-02    2.057821e-03  
  2   2  52   1.750388e+03    1.750388e+03    4.001440e+00    4.001440e+00    -9.437916e-02    2.235057e-03  
  2   2  53   1.715744e+03    1.715744e+03    3.735224e+00    3.735224e+00    -2.662614e-02    2.297848e-03  
  2   2  54   1.758520e+03    1.758520e+03    4.007128e+00    4.007128e+00    -4.446125e-02    2.462311e-03  
  2   2  55   1.716387e+03    1.716387e+03    4.048322e+00    4.048322e+00    2.527986e-02    3.238374e-03  
  2   2  56   1.750060e+03    1.750060e+03    3.935903e+00    3.935903e+00    -1.343279e-02    2.381799e-03  
  2   2  57   1.745065e+03    1.745065e+03    4.361114e+00    4.361114e+00    -4.183075e-02    3.125084e-03  
  2   2  58   1.743299e+03    1.743299e+03    5.425614e+00    5.425614e+00    -6.200468e-02    4.531020e-03  
  2   2  59   1.710837e+03    1.710837e+03    7.264384e+00    7.264384e+00    -6.591966e-02    4.627519e-03  
  2   2  60   1.719954e+03    1.719954e+03    7.396947e+00    7.396947e+00    -5.972440e-02    4.163128e-03  
  2   2  61   1.621355e+03    1.621355e+03    6.620186e+00    6.620186e+00    -2.495992e-01    3.818361e-03  
  2   2  62   1.460603e+03    1.460603e+03    5.955989e+00    5.955989e+00    5.769675e-02    3.925746e-03  
  2   3   1   6.066635e+02    6.066635e+02    3.783615e+00    3.783615e+00    2.823148e-02    4.753692e-03  
  2   3   2   6.288317e+02    6.288317e+02    2.195830e+00    2.195830e+00    -3.637949e-03    3.977172e-03  
  2   3   3   6.931549e+02    6.931549e+02    3.361899e+00    3.361899e+00    -1.343819e-01    4.521026e-03  
  2   3   4   1.000000e+01    1.000000e+01    1.414214e+00    1.414214e+00    0.000000e+00    0.000000e+00  
  2   3   5   7.181864e+02    7.181864e+02    3.466792e+00    3.466792e+00    -8.298705e-02    5.234117e-03  
  3   1   1   1.000000e+01    1.000000e+01    1.414214e+00    1.414214e+00    0.000000e+00    0.000000e+00  
  3   1   2   1.000000e+01    1.000000e+01    1.414214e+00    1.414214e+00    0.000000e+00    0.000000e+00  
  3   1   3   1.000000e+01    1.000000e+01    1.414214e+00    1.414214e+00    0.000000e+00    0.000000e+00  
  3   1   4   1.000000e+01    1.000000e+01    1.414214e+00    1.414214e+00    0.000000e+00    0.000000e+00  
  3   1   5   1.000000e+01    1.000000e+01    1.414214e+00    1.414214e+00    0.000000e+00    0.000000e+00  
  3   1   6   1.000000e+01    1.000000e+01    1.414214e+00    1.414214e+00    0.000000e+00    0.000000e+00  
  3   1   7   1.000000e+01    1.000000e+01    1.414214e+00    1.414214e+00    0.000000e+00    0.000000e+00  
  3   1   8   1.000000e+01    1.000000e+01    1.414214e+00    1.414214e+00    0.000000e+00    0.000000e+00  
  3   1   9   1.000000e+01    1.000000e+01    1.414214e+00    1.414214e+00    0.000000e+00    0.000000e+00  
  3   1  10   1.000000e+01    1.000000e+01    1.414214e+00    1.414214e+00    0.000000e+00    0.000000e+00  
  3   1  11   1.000000e+01    1.000000e+01    1.414214e+00    1.414214e+00    0.000000e+00    0.000000e+00  
  3   1  12   1.000000e+01    1.000000e+01    1.414214e+00    1.414214e+00    0.000000e+00    0.000000e+00  
  3   1  13   1.000000e+01    1.000000e+01    1.414214e+00    1.414214e+00    0.000000e+00    0.000000e+00  
  3   1  14   1.000000e+01    1.000000e+01    1.414214e+00    1.414214e+00    0.000000e+00    0.000000e+00  
  3   1  15   1.000000e+01    1.000000e+01    1.414214e+00    1.414214e+00    0.000000e+00    0.000000e+00  
  3   1  16   1.000000e+01    1.000000e+01    1.414214e+00    1.414214e+00    0.000000e+00    0.000000e+00  
  3   1  17   6.312892e+02    6.312892e+02    1.857202e+00    1.857202e+00    -1.162178e-01    4.711302e-03  
  3   1  18   6.567834e+02    6.567834e+02    2.386407e+00    2.386407e+00    -2.039074e-03    3.753924e-03  
  3   1  19   6.018237e+02    6.018237e+02    1.998091e+00    1.998091e+00    -7.725935e-02    4.700612e-03  
  3   1  20   6.173748e+02    6.173748e+02    1.997027e+00    1.997027e+00    -1.157653e-01    5.065580e-03  
  3   1  21   6.843917e+02    6.843917e+02    2.672217e+00    2.672217e+00    1.362473e-01    5.103562e-03  
  3   1  22   7.084073e+02    7.084073e+02    3.159922e+00    3.159922e+00    2.193804e-01    5.393589e-03  
  3   1  23   2.866425e+02    2.866425e+02    5.008300e+01    5.008300e+01    5.672225e-01    7.313695e-03  
  3   2   1   1.333333e+01    1.333333e+01    1.414214e+00    1.414214e+00    0.000000e+00    0.000000e+00  
  3   2   2   1.333333e+01    1.333333e+01    1.414214e+00    1.414214e+00    0.000000e+00    0.000000e+00  
  3   2   3   1.333333e+01    1.333333e+01    1.414214e+00    1.414214e+00    0.000000e+00    0.000000e+00  
  3   2   4   1.333333e+01    1.333333e+01    1.414214e+00    1.414214e+00    0.000000e+00    0.000000e+00  
  3   2   5   1.333333e+01    1.333333e+01    1.414214e+00    1.414214e+00    0.000000e+00    0.000000e+00  
  3   2   6   1.333333e+01    1.333333e+01    1.414214e+00    1.414214e+00    0.000000e+00    0.000000e+00  
  3   2   7   1.333333e+01    1.333333e+01    1.414214e+00    1.414214e+00    0.000000e+00    0.000000e+00  
  3   2   8   1.333333e+01    1.333333e+01    1.414214e+00    1.414214e+00    0.000000e+00    0.000000e+00  
  3   2   9   1.333333e+01    1.333333e+01    1.414214e+00    1.414214e+00    0.000000e+00    0.000000e+00  
  3   2  10   1.333333e+01    1.333333e+01    1.414214e+00    1.414214e+00    0.000000e+00    0.000000e+00  
  3   2  11   1.333333e+01    1.333333e+01    1.414214e+00    1.414214e+00    0.000000e+00    0.000000e+00  
  3   2  12   1.333333e+01    1.333333e+01    1.414214e+00    1.414214e+00    0.000000e+00    0.000000e+00  
  3   2  13   1.333333e+01    1.333333e+01    1.414214e+00    1.414214e+00    0.000000e+00    0.000000e+00  
  3   2  14   1.333333e+01    1.333333e+01    1.414214e+00    1.414214e+00    0.000000e+00    0.000000e+00  
  3   2  15   1.333333e+01    1.333333e+01    1.414214e+00    1.414214e+00    0.000000e+00    0.000000e+00  
  3   2  16   1.333333e+01    1.333333e+01    1.414214e+00    1.414214e+00    0.000000e+00    0.000000e+00  
  3   2  17   1.748478e+03    1.748478e+03    1.960301e+01    1.960301e+01    -4.961571e-02    1.768524e-03  
  3   2  18   1.714082e+03    1.714082e+03    6.080678e+00    6.080678e+00    -1.701635e-02    2.276935e-03  
  3   2  19   1.749778e+03    1.749778e+03    6.296341e+00    6.296341e+00    -5.656425e-02    1.771846e-03  
  3   2  20   1.664570e+03    1.664570e+03    6.027267e+00    6.027267e+00    -7.930677e-02    1.959465e-03  
  3   2  21   1.743572e+03    1.743572e+03    5.588548e+00    5.588548e+00    -9.353463e-02    2.951501e-03  
  3   2  22   1.673208e+03    1.673208e+03    5.608359e+00    5.608359e+00    -6.328233e-02    2.165359e-03  
  3   2  23   1.753256e+03    1.753256e+03    5.540322e+00    5.540322e+00    -8.653058e-02    2.531084e-03  
  3   2  24   1.736229e+03    1.736229e+03    5.563967e+00    5.563967e+00    -1.554988e-01    2.426759e-03  
  3   2  25   1.788885e+03    1.788885e+03    5.678783e+00    5.678783e+00    -8.923835e-02    2.548052e-03  
  3   2  26   1.633108e+03    1.633108e+03    5.498824e+00    5.498824e+00    -2.492380e-02    2.475083e-03  
  3   2  27   1.815215e+03    1.815215e+03    5.970126e+00    5.970126e+00    -6.717358e-02    2.596672e-03  
  3   2  28   1.794761e+03    1.794761e+03    6.457027e+00    6.457027e+00    -9.718346e-02    2.971744e-03  
  3   2  29   1.840165e+03    1.840165e+03    5.884279e+00    5.884279e+00    -5.094502e-02    3.387722e-03  
  3   2  30   1.333333e+01    1.333333e+01    1.414214e+00    1.414214e+00    0.000000e+00    0.000000e+00  
  3   2  31   1.836265e+03    1.836265e+03    7.284151e+00    7.284151e+00    -7.304158e-02    2.954479e-03  
  3   2  32   1.333333e+01    1.333333e+01    1.414214e+00    1.414214e+00    0.000000e+00    0.000000e+00  
  3   2  33   1.333333e+01    1.333333e+01    1.414214e+00    1.414214e+00    0.000000e+00    0.000000e+00  
  3   2  34   1.333333e+01    1.333333e+01    1.414214e+00    1.414214e+00    0.000000e+00    0.000000e+00  
  3   2  35   1.333333e+01    1.333333e+01    1.414214e+00    1.414214e+00    0.000000e+00    0.000000e+00  
  3   2  36   1.333333e+01    1.333333e+01    1.414214e+00    1.414214e+00    0.000000e+00    0.000000e+00  
  3   2  37   1.333333e+01    1.333333e+01    1.414214e+00    1.414214e+00    0.000000e+00    0.000000e+00  
  3   2  38   1.333333e+01    1.333333e+01    1.414214e+00    1.414214e+00    0.000000e+00    0.000000e+00  
  3   2  39   1.333333e+01    1.333333e+01    1.414214e+00    1.414214e+00    0.000000e+00    0.000000e+00  
  3   2  40   1.333333e+01    1.333333e+01    1.414214e+00    1.414214e+00    0.000000e+00    0.000000e+00  
  3   2  41   1.333333e+01    1.333333e+01    1.414214e+00    1.414214e+00    0.000000e+00    0.000000e+00  
  3   2  42   1.333333e+01    1.333333e+01    1.414214e+00    1.414214e+00    0.000000e+00    0.000000e+00  
  3   2  43   1.333333e+01    1.333333e+01    1.414214e+00    1.414214e+00    0.000000e+00    0.000000e+00  
  3   2  44   1.333333e+01    1.333333e+01    1.414214e+00    1.414214e+00    0.000000e+00    0.000000e+00  
  3   2  45   1.333333e+01    1.333333e+01    1.414214e+00    1.414214e+00    0.000000e+00    0.000000e+00  
  3   2  46   1.333333e+01    1.333333e+01    1.414214e+00    1.414214e+00    0.000000e+00    0.000000e+00  
  3   2  47   1.333333e+01    1.333333e+01    1.414214e+00    1.414214e+00    0.000000e+00    0.000000e+00  
  3   2  48   1.333333e+01    1.333333e+01    1.414214e+00    1.414214e+00    0.000000e+00    0.000000e+00  
  3   2  49   1.962457e+03    1.962457e+03    8.503860e+00    8.503860e+00    -1.069723e-01    3.938780e-03  
  3   2  50   1.877446e+03    1.877446e+03    7.365733e+00    7.365733e+00    -6.451219e-02    4.393379e-03  
  3   2  51   1.788790e+03    1.788790e+03    7.331132e+00    7.331132e+00    -9.736625e-02    4.122964e-03  
  3   2  52   1.925290e+03    1.925290e+03    8.140302e+00    8.140302e+00    -6.301134e-02    2.490418e-03  
  3   2  53   1.891000e+03    1.891000e+03    7.689338e+00    7.689338e+00    -3.719722e-02    4.196699e-03  
  3   2  54   1.941894e+03    1.941894e+03    8.163363e+00    8.163363e+00    3.327553e-02    3.419476e-03  
  3   2  55   1.860709e+03    1.860709e+03    7.374833e+00    7.374833e+00    -2.337067e-02    3.846575e-03  
  3   2  56   1.948264e+03    1.948264e+03    7.780854e+00    7.780854e+00    8.605262e-03    2.741418e-03  
  3   2  57   1.964726e+03    1.964726e+03    8.796756e+00    8.796756e+00    -7.568190e-02    4.111649e-03  
  3   2  58   1.877596e+03    1.877596e+03    8.479938e+00    8.479938e+00    1.773918e-01    4.796677e-03  
  3   2  59   2.021781e+03    2.021781e+03    1.045196e+01    1.045196e+01    -1.090200e-01    4.552335e-03  
  3   2  60   1.752309e+03    1.752309e+03    8.606108e+00    8.606108e+00    5.210537e-02    4.251781e-03  
  3   2  61   2.217039e+03    2.217039e+03    1.059315e+01    1.059315e+01    4.783835e-01    4.426939e-03  
  3   2  62   2.727000e+03    2.727000e+03    1.291678e+01    1.291678e+01    5.009270e-01    3.561151e-03  
  3   3   1   7.912297e+02    7.912297e+02    3.986965e+00    3.986965e+00    -6.237119e-01    4.519733e-03  
  3   3   2   6.886726e+02    6.886726e+02    3.447046e+00    3.447046e+00    2.951253e-02    3.736380e-03  
  3   3   3   6.777745e+02    6.777745e+02    3.301364e+00    3.301364e+00    -1.105904e-02    4.624895e-03  
  3   3   4   6.427847e+02    6.427847e+02    2.899843e+00    2.899843e+00    -9.020038e-02    5.360594e-03  
  3   3   5   3.475329e+02    3.475329e+02    2.061132e+02    2.061132e+02    1.248079e+00    6.848445e-03  
  4   1   1   7.196838e+02    7.196838e+02    3.477530e+00    3.477530e+00    2.465311e-01    1.660014e-03  
  4   1   2   6.200183e+02    6.200183e+02    1.459195e+01    1.459195e+01    -1.996328e-01    1.674125e-03  
  4   1   3   5.856408e+02    5.856408e+02    2.107235e+00    2.107235e+00    2.777430e-01    1.920907e-03  
  4   1   4   5.885186e+02    5.885186e+02    2.149407e+00    2.149407e+00    -7.581204e-02    2.348951e-03  
  4   1   5   5.814788e+02    5.814788e+02    2.735684e+00    2.735684e+00    1.056097e-01    3.727504e-03  
  4   1   6   5.808854e+02    5.808854e+02    2.217309e+00    2.217309e+00    1.139703e-01    3.696415e-03  
  4   1   7   5.488890e+02    5.488890e+02    2.021751e+00    2.021751e+00    -1.661117e-03    2.739358e-03  
  4   1   8   5.950793e+02    5.950793e+02    1.299925e+00    1.299925e+00    -8.813215e-02    3.078934e-03  
  4   1   9   6.311636e+02    6.311636e+02    1.280078e+00    1.280078e+00    2.094600e-02    2.917448e-03  
  4   1  10   5.835752e+02    5.835752e+02    1.864649e+00    1.864649e+00    -1.067648e-01    3.199944e-03  
  4   1  11   5.336472e+02    5.336472e+02    1.492343e+00    1.492343e+00    -4.254243e-02    5.180238e-03  
  4   1  12   5.417301e+02    5.417301e+02    2.015634e+00    2.015634e+00    1.909622e-01    2.995529e-03  
  4   1  13   6.118529e+02    6.118529e+02    1.714515e+00    1.714515e+00    -4.384050e-02    3.445529e-03  
  4   1  14   6.076237e+02    6.076237e+02    1.818197e+00    1.818197e+00    3.189347e-02    4.407311e-03  
  4   1  15   6.190720e+02    6.190720e+02    1.886698e+00    1.886698e+00    -4.648097e-02    4.545546e-03  
  4   1  16   6.200195e+02    6.200195e+02    2.158471e+00    2.158471e+00    -2.902392e-01    4.380347e-03  
  4   1  17   5.925975e+02    5.925975e+02    2.213764e+00    2.213764e+00    -5.016398e-02    4.138168e-03  
  4   1  18   1.000000e+01    1.000000e+01    1.414214e+00    1.414214e+00    0.000000e+00    0.000000e+00  
  4   1  19   5.520530e+02    5.520530e+02    3.176413e+00    3.176413e+00    -1.036579e-01    4.356977e-03  
  4   1  20   5.724879e+02    5.724879e+02    2.491311e+00    2.491311e+00    -3.055760e-02    5.990590e-03  
  4   1  21   6.290915e+02    6.290915e+02    2.348739e+00    2.348739e+00    9.108883e-04    5.664614e-03  
  4   1  22   5.806055e+02    5.806055e+02    3.010694e+00    3.010694e+00    -1.394048e-02    5.308389e-03  
  4   1  23   5.651877e+02    5.651877e+02    2.733373e+01    2.733373e+01    -4.118667e-02    5.737486e-03  
  4   2   1   2.043670e+03    2.043670e+03    3.525810e+01    3.525810e+01    2.305736e-02    2.854013e-03  
  4   2   2   2.136211e+03    2.136211e+03    3.588461e+01    3.588461e+01    8.561966e-03    2.418953e-03  
  4   2   3   1.960187e+03    1.960187e+03    1.945864e+01    1.945864e+01    1.208594e-02    1.673305e-03  
  4   2   4   1.865413e+03    1.865413e+03    1.935563e+01    1.935563e+01    -4.912689e-03    1.986136e-03  
  4   2   5   1.746756e+03    1.746756e+03    1.625154e+01    1.625154e+01    4.729375e-02    1.559069e-03  
  4   2   6   1.797235e+03    1.797235e+03    1.294504e+01    1.294504e+01    3.057231e-02    1.440484e-03  
  4   2   7   2.131188e+03    2.131188e+03    1.538997e+01    1.538997e+01    2.498160e-02    1.301276e-03  
  4   2   8   1.655932e+03    1.655932e+03    1.068640e+01    1.068640e+01    -8.681115e-02    1.886867e-03  
  4   2   9   1.723554e+03    1.723554e+03    1.924954e+01    1.924954e+01    6.495199e-02    1.701990e-03  
  4   2  10   1.764326e+03    1.764326e+03    8.937940e+00    8.937940e+00    -4.169911e-02    1.423165e-03  
  4   2  11   1.672504e+03    1.672504e+03    7.615902e+00    7.615902e+00    3.764506e-02    1.716332e-03  
  4   2  12   1.713713e+03    1.713713e+03    7.905207e+00    7.905207e+00    -3.129184e-02    1.398006e-03  
  4   2  13   1.629647e+03    1.629647e+03    7.335659e+00    7.335659e+00    2.518028e-02    1.605700e-03  
  4   2  14   1.664456e+03    1.664456e+03    6.834248e+00    6.834248e+00    -2.178308e-02    1.949990e-03  
  4   2  15   1.603868e+03    1.603868e+03    6.368707e+00    6.368707e+00    -5.975194e-02    1.786407e-03  
  4   2  16   1.566840e+03    1.566840e+03    6.573892e+00    6.573892e+00    3.395246e-02    2.157500e-03  
  4   2  17   1.544923e+03    1.544923e+03    5.998439e+00    5.998439e+00    -1.702353e-03    1.964720e-03  
  4   2  18   1.652965e+03    1.652965e+03    6.215622e+00    6.215622e+00    1.083149e-01    2.248477e-03  
  4   2  19   1.636677e+03    1.636677e+03    5.490436e+00    5.490436e+00    4.597593e-02    1.772184e-03  
  4   2  20   1.644863e+03    1.644863e+03    5.684606e+00    5.684606e+00    9.202187e-02    2.331110e-03  
  4   2  21   1.560961e+03    1.560961e+03    4.929568e+00    4.929568e+00    1.348108e-01    2.836191e-03  
  4   2  22   1.546413e+03    1.546413e+03    4.870071e+00    4.870071e+00    1.396838e-02    2.179416e-03  
  4   2  23   1.565679e+03    1.565679e+03    5.001066e+00    5.001066e+00    -2.589197e-02    2.030652e-03  
  4   2  24   1.520433e+03    1.520433e+03    4.887755e+00    4.887755e+00    3.236068e-02    2.244952e-03  
  4   2  25   1.566126e+03    1.566126e+03    5.222590e+00    5.222590e+00    2.289441e-02    2.523735e-03  
  4   2  26   1.557476e+03    1.557476e+03    4.811243e+00    4.811243e+00    4.958900e-02    2.463758e-03  
  4   2  27   1.583284e+03    1.583284e+03    5.287453e+00    5.287453e+00    -1.783028e-02    2.410941e-03  
  4   2  28   1.678243e+03    1.678243e+03    5.537731e+00    5.537731e+00    4.311701e-02    2.353206e-03  
  4   2  29   1.610541e+03    1.610541e+03    6.057807e+00    6.057807e+00    5.151679e-02    3.118031e-03  
  4   2  30   1.613476e+03    1.613476e+03    6.078025e+00    6.078025e+00    6.489386e-02    3.167544e-03  
  4   2  31   1.333333e+01    1.333333e+01    1.414214e+00    1.414214e+00    0.000000e+00    0.000000e+00  
  4   2  32   1.718829e+03    1.718829e+03    6.987651e+00    6.987651e+00    2.456839e-01    1.675220e-03  
  4   2  33   1.634641e+03    1.634641e+03    6.576084e+00    6.576084e+00    2.989493e-02    2.844406e-03  
  4   2  34   1.680871e+03    1.680871e+03    7.062614e+00    7.062614e+00    -2.987063e-03    2.129804e-03  
  4   2  35   1.432891e+03    1.432891e+03    6.317248e+00    6.317248e+00    -2.635917e-01    1.980147e-03  
  4   2  36   1.629955e+03    1.629955e+03    6.957960e+00    6.957960e+00    2.649151e-02    2.371160e-03  
  4   2  37   1.718003e+03    1.718003e+03    7.550903e+00    7.550903e+00    -1.914782e-02    1.957388e-03  
  4   2  38   1.629069e+03    1.629069e+03    7.233993e+00    7.233993e+00    3.410444e-02    2.010005e-03  
  4   2  39   1.578679e+03    1.578679e+03    7.231337e+00    7.231337e+00    -1.575315e-02    2.362395e-03  
  4   2  40   1.687116e+03    1.687116e+03    7.250622e+00    7.250622e+00    6.050006e-02    2.386575e-03  
  4   2  41   1.679496e+03    1.679496e+03    7.655022e+00    7.655022e+00    6.680644e-02    2.446123e-03  
  4   2  42   1.698974e+03    1.698974e+03    7.592247e+00    7.592247e+00    5.560731e-03    2.301905e-03  
  4   2  43   1.615442e+03    1.615442e+03    7.383206e+00    7.383206e+00    2.287578e-02    2.883482e-03  
  4   2  44   1.689164e+03    1.689164e+03    7.093723e+00    7.093723e+00    -1.487856e-03    2.568946e-03  
  4   2  45   1.709566e+03    1.709566e+03    7.808059e+00    7.808059e+00    -5.096755e-02    2.611352e-03  
  4   2  46   1.590824e+03    1.590824e+03    7.276881e+00    7.276881e+00    3.574776e-02    3.144422e-03  
  4   2  47   1.635086e+03    1.635086e+03    6.935773e+00    6.935773e+00    2.854220e-02    3.146564e-03  
  4   2  48   1.664870e+03    1.664870e+03    7.648873e+00    7.648873e+00    -1.298584e-02    2.591371e-03  
  4   2  49   1.889221e+03    1.889221e+03    8.706403e+00    8.706403e+00    3.051099e-01    4.246065e-03  
  4   2  50   1.648921e+03    1.648921e+03    7.548150e+00    7.548150e+00    2.347151e-02    3.039081e-03  
  4   2  51   1.627952e+03    1.627952e+03    6.960228e+00    6.960228e+00    -6.695284e-02    2.659209e-03  
  4   2  52   1.665279e+03    1.665279e+03    7.633299e+00    7.633299e+00    2.339157e-03    3.177398e-03  
  4   2  53   1.701216e+03    1.701216e+03    9.018376e+00    9.018376e+00    1.024927e-03    3.146237e-03  
  4   2  54   1.765059e+03    1.765059e+03    1.021893e+01    1.021893e+01    -1.855567e-01    3.782962e-03  
  4   2  55   1.645945e+03    1.645945e+03    9.019037e+00    9.019037e+00    9.395819e-03    4.260157e-03  
  4   2  56   1.683115e+03    1.683115e+03    1.116890e+01    1.116890e+01    1.432235e-02    3.027542e-03  
  4   2  57   1.657061e+03    1.657061e+03    1.115622e+01    1.115622e+01    -4.315339e-02    5.106925e-03  
  4   2  58   1.613307e+03    1.613307e+03    1.248914e+01    1.248914e+01    6.448060e-02    4.482826e-03  
  4   2  59   1.698035e+03    1.698035e+03    1.530232e+01    1.530232e+01    4.438775e-02    5.281875e-03  
  4   2  60   1.693474e+03    1.693474e+03    1.280996e+01    1.280996e+01    1.371807e-02    5.440897e-03  
  4   2  61   1.572296e+03    1.572296e+03    1.235930e+01    1.235930e+01    3.067060e-02    4.769612e-03  
  4   2  62   1.645179e+03    1.645179e+03    1.422971e+01    1.422971e+01    6.888729e-02    3.773114e-03  
  4   3   1   1.000000e+01    1.000000e+01    1.414214e+00    1.414214e+00    0.000000e+00    0.000000e+00  
  4   3   2   7.205630e+02    7.205630e+02    2.012611e+00    2.012611e+00    8.926858e-02    4.122483e-03  
  4   3   3   5.441833e+02    5.441833e+02    2.080145e+00    2.080145e+00    -3.393710e-01    4.971039e-03  
  4   3   4   6.503390e+02    6.503390e+02    2.360130e+00    2.360130e+00    -1.082166e-01    5.496626e-03  
  4   3   5   1.000000e+01    1.000000e+01    1.414214e+00    1.414214e+00    0.000000e+00    0.000000e+00  
  5   1   1   7.094808e+02    7.094808e+02    2.996353e+00    2.996353e+00    5.640569e-02    1.337224e-03  
  5   1   2   7.120295e+02    7.120295e+02    2.856247e+00    2.856247e+00    1.131932e-03    1.585047e-03  
  5   1   3   6.989100e+02    6.989100e+02    2.264077e+00    2.264077e+00    1.951613e-01    1.325708e-03  
  5   1   4   4.412259e+02    4.412259e+02    3.710720e+01    3.710720e+01    4.645386e+00    6.542050e-03  
  5   1   5   6.529304e+02    6.529304e+02    2.913811e+00    2.913811e+00    -8.191171e-02    3.136360e-03  
  5   1   6   6.885644e+02    6.885644e+02    1.855139e+00    1.855139e+00    -4.518415e-02    3.155387e-03  
  5   1   7   6.501058e+02    6.501058e+02    2.479226e+00    2.479226e+00    -1.676708e-02    3.572042e-03  
  5   1   8   6.206632e+02    6.206632e+02    1.702156e+00    1.702156e+00    -3.396596e-02    3.645800e-03  
  5   1   9   6.928759e+02    6.928759e+02    1.585813e+00    1.585813e+00    4.524936e-02    3.160404e-03  
  5   1  10   7.123786e+02    7.123786e+02    1.747632e+00    1.747632e+00    -1.069791e-01    3.199422e-03  
  5   1  11   6.462889e+02    6.462889e+02    1.635367e+00    1.635367e+00    -1.651353e-01    3.596415e-03  
  5   1  12   5.964239e+02    5.964239e+02    2.549181e+00    2.549181e+00    -6.831332e-02    3.650877e-03  
  5   1  13   6.539492e+02    6.539492e+02    1.884624e+00    1.884624e+00    -5.475708e-02    3.427813e-03  
  5   1  14   6.538115e+02    6.538115e+02    1.905047e+00    1.905047e+00    -1.592501e-01    4.617225e-03  
  5   1  15   6.320016e+02    6.320016e+02    1.650404e+00    1.650404e+00    2.083125e-02    3.819092e-03  
  5   1  16   6.674596e+02    6.674596e+02    1.950882e+00    1.950882e+00    -1.076613e-01    4.309173e-03  
  5   1  17   6.627217e+02    6.627217e+02    1.894954e+00    1.894954e+00    -3.918717e-02    4.882083e-03  
  5   1  18   6.225336e+02    6.225336e+02    1.616131e+00    1.616131e+00    -9.069013e-02    4.171973e-03  
  5   1  19   5.448259e+02    5.448259e+02    1.761842e+00    1.761842e+00    1.012219e-02    4.755176e-03  
  5   1  20   7.148065e+02    7.148065e+02    2.406494e+00    2.406494e+00    8.486312e-02    5.032030e-03  
  5   1  21   6.662234e+02    6.662234e+02    2.334197e+00    2.334197e+00    -1.198668e-01    5.306211e-03  
  5   1  22   7.150614e+02    7.150614e+02    2.452764e+00    2.452764e+00    -8.238308e-02    5.730427e-03  
  5   1  23   6.195247e+02    6.195247e+02    2.306046e+00    2.306046e+00    -3.417337e-02    7.136187e-03  
  5   2   1   2.072143e+03    2.072143e+03    3.645295e+01    3.645295e+01    1.282860e-02    2.622760e-03  
  5   2   2   2.041850e+03    2.041850e+03    2.161334e+01    2.161334e+01    1.401026e-02    2.702126e-03  
  5   2   3   2.102033e+03    2.102033e+03    1.705547e+01    1.705547e+01    -2.515322e-02    1.908027e-03  
  5   2   4   2.146160e+03    2.146160e+03    1.649074e+01    1.649074e+01    1.361071e-01    1.693293e-03  
  5   2   5   1.980848e+03    1.980848e+03    1.430747e+01    1.430747e+01    4.250502e-02    2.078387e-03  
  5   2   6   1.986990e+03    1.986990e+03    1.415659e+01    1.415659e+01    1.184342e-02    1.859871e-03  
  5   2   7   1.876793e+03    1.876793e+03    1.095334e+01    1.095334e+01    5.790856e-02    1.602822e-03  
  5   2   8   1.887905e+03    1.887905e+03    9.221922e+00    9.221922e+00    2.160927e-02    1.587072e-03  
  5   2   9   1.858588e+03    1.858588e+03    8.902255e+00    8.902255e+00    -5.366051e-03    1.812885e-03  
  5   2  10   1.874159e+03    1.874159e+03    2.803856e+01    2.803856e+01    -1.088416e-02    1.505330e-03  
  5   2  11   1.862705e+03    1.862705e+03    8.638543e+00    8.638543e+00    -9.649680e-02    1.427423e-03  
  5   2  12   1.910896e+03    1.910896e+03    8.667753e+00    8.667753e+00    2.626307e-02    1.325693e-03  
  5   2  13   1.883236e+03    1.883236e+03    1.251980e+01    1.251980e+01    5.051172e-02    1.664814e-03  
  5   2  14   1.844650e+03    1.844650e+03    9.031418e+00    9.031418e+00    4.176684e-02    1.752356e-03  
  5   2  15   1.853954e+03    1.853954e+03    2.261172e+01    2.261172e+01    4.544648e-02    1.932356e-03  
  5   2  16   1.775045e+03    1.775045e+03    8.322913e+00    8.322913e+00    2.150997e-02    2.041371e-03  
  5   2  17   1.847946e+03    1.847946e+03    7.720452e+00    7.720452e+00    2.208725e-02    2.143126e-03  
  5   2  18   1.850190e+03    1.850190e+03    7.836851e+00    7.836851e+00    5.122465e-02    2.589564e-03  
  5   2  19   1.861142e+03    1.861142e+03    7.526589e+00    7.526589e+00    -3.966875e-02    2.110689e-03  
  5   2  20   1.839291e+03    1.839291e+03    7.198049e+00    7.198049e+00    2.009130e-02    2.070778e-03  
  5   2  21   1.805201e+03    1.805201e+03    6.890208e+00    6.890208e+00    5.775578e-02    3.212724e-03  
  5   2  22   1.891291e+03    1.891291e+03    6.994637e+00    6.994637e+00    6.877855e-02    2.592297e-03  
  5   2  23   1.899383e+03    1.899383e+03    7.456731e+00    7.456731e+00    2.301998e-02    2.255667e-03  
  5   2  24   1.952883e+03    1.952883e+03    7.892004e+00    7.892004e+00    -1.841904e-01    2.862604e-03  
  5   2  25   1.863374e+03    1.863374e+03    6.889746e+00    6.889746e+00    -4.617674e-02    2.705169e-03  
  5   2  26   1.841350e+03    1.841350e+03    6.551626e+00    6.551626e+00    2.599612e-03    2.737130e-03  
  5   2  27   1.892271e+03    1.892271e+03    6.672902e+00    6.672902e+00    -4.849640e-03    2.332125e-03  
  5   2  28   1.850144e+03    1.850144e+03    6.248832e+00    6.248832e+00    -1.111617e-01    3.128839e-03  
  5   2  29   1.876264e+03    1.876264e+03    7.178785e+00    7.178785e+00    -5.744322e-03    3.625090e-03  
  5   2  30   1.949344e+03    1.949344e+03    7.289343e+00    7.289343e+00    -3.692544e-02    2.467515e-03  
  5   2  31   1.859902e+03    1.859902e+03    6.960599e+00    6.960599e+00    -3.422816e-02    3.882751e-03  
  5   2  32   1.966296e+03    1.966296e+03    7.113369e+00    7.113369e+00    -2.532135e-02    1.990653e-03  
  5   2  33   1.913796e+03    1.913796e+03    6.710886e+00    6.710886e+00    -1.826331e-02    2.617256e-03  
  5   2  34   1.981946e+03    1.981946e+03    6.851059e+00    6.851059e+00    -3.946613e-02    2.183207e-03  
  5   2  35   1.954584e+03    1.954584e+03    7.180550e+00    7.180550e+00    -2.225479e-02    2.303077e-03  
  5   2  36   1.868490e+03    1.868490e+03    6.685319e+00    6.685319e+00    6.878755e-02    2.372487e-03  
  5   2  37   1.985038e+03    1.985038e+03    6.672145e+00    6.672145e+00    -5.329998e-03    2.399528e-03  
  5   2  38   2.034179e+03    2.034179e+03    7.592992e+00    7.592992e+00    2.555304e-02    1.908513e-03  
  5   2  39   1.933317e+03    1.933317e+03    7.596309e+00    7.596309e+00    9.116334e-02    3.428377e-03  
  5   2  40   1.963661e+03    1.963661e+03    7.152596e+00    7.152596e+00    2.808315e-02    2.677001e-03  
  5   2  41   1.958783e+03    1.958783e+03    6.780317e+00    6.780317e+00    -2.993877e-02    2.696890e-03  
  5   2  42   1.891009e+03    1.891009e+03    6.603574e+00    6.603574e+00    -2.117146e-02    3.043066e-03  
  5   2  43   1.939270e+03    1.939270e+03    6.677989e+00    6.677989e+00    -3.366402e-02    3.163079e-03  
  5   2  44   2.010378e+03    2.010378e+03    6.926416e+00    6.926416e+00    -4.711735e-03    2.546450e-03  
  5   2  45   1.949839e+03    1.949839e+03    6.940300e+00    6.940300e+00    -6.438440e-02    2.997139e-03  
  5   2  46   1.945606e+03    1.945606e+03    7.312344e+00    7.312344e+00    -9.751817e-03    3.382375e-03  
  5   2  47   2.011255e+03    2.011255e+03    7.997425e+00    7.997425e+00    -1.414977e-02    3.316271e-03  
  5   2  48   2.066834e+03    2.066834e+03    7.004547e+00    7.004547e+00    -1.448697e-02    2.852896e-03  
  5   2  49   1.964956e+03    1.964956e+03    7.401767e+00    7.401767e+00    3.026035e-02    3.711165e-03  
  5   2  50   2.070613e+03    2.070613e+03    7.434920e+00    7.434920e+00    6.583531e-02    2.876582e-03  
  5   2  51   2.016792e+03    2.016792e+03    7.412870e+00    7.412870e+00    -2.305796e-02    2.700351e-03  
  5   2  52   2.023704e+03    2.023704e+03    7.589747e+00    7.589747e+00    1.153376e-02    2.754943e-03  
  5   2  53   2.095610e+03    2.095610e+03    8.123268e+00    8.123268e+00    2.498052e-02    3.209503e-03  
  5   2  54   1.994770e+03    1.994770e+03    8.346167e+00    8.346167e+00    -2.520352e-03    3.609280e-03  
  5   2  55   2.013731e+03    2.013731e+03    8.914237e+00    8.914237e+00    -7.125233e-04    3.679187e-03  
  5   2  56   2.045845e+03    2.045845e+03    9.367525e+00    9.367525e+00    -2.090790e-02    4.707194e-03  
  5   2  57   1.984249e+03    1.984249e+03    8.639773e+00    8.639773e+00    1.506101e-02    5.195759e-03  
  5   2  58   2.006161e+03    2.006161e+03    9.572527e+00    9.572527e+00    -4.133812e-02    4.455178e-03  
  5   2  59   1.968990e+03    1.968990e+03    9.176056e+00    9.176056e+00    -6.539745e-02    5.664417e-03  
  5   2  60   1.966615e+03    1.966615e+03    9.337462e+00    9.337462e+00    -5.865206e-03    4.183918e-03  
  5   2  61   1.888077e+03    1.888077e+03    8.727618e+00    8.727618e+00    -5.068981e-02    4.880662e-03  
  5   2  62   2.110922e+03    2.110922e+03    1.001926e+01    1.001926e+01    -3.567244e-02    4.016491e-03  
  5   3   1   7.761671e+02    7.761671e+02    3.091045e+00    3.091045e+00    -4.547911e-02    4.395464e-03  
  5   3   2   8.423089e+02    8.423089e+02    3.492600e+00    3.492600e+00    -2.913641e-01    3.949554e-03  
  5   3   3   5.548563e+02    5.548563e+02    8.247286e+00    8.247286e+00    -2.051544e-01    4.606974e-03  
  5   3   4   6.760764e+02    6.760764e+02    3.050218e+00    3.050218e+00    1.538723e-01    5.130017e-03  
  5   3   5   7.308639e+02    7.308639e+02    3.231118e+00    3.231118e+00    2.396029e-01    5.154266e-03  
  6   1   1   7.982823e+02    7.982823e+02    4.733003e+00    4.733003e+00    -1.759115e-01    1.454612e-03  
  6   1   2   6.991881e+02    6.991881e+02    2.582867e+00    2.582867e+00    -1.571749e-01    1.418628e-03  
  6   1   3   6.973303e+02    6.973303e+02    2.136807e+00    2.136807e+00    5.434121e-02    1.440558e-03  
  6   1   4   6.318241e+02    6.318241e+02    2.152356e+00    2.152356e+00    7.565139e-03    2.027505e-03  
  6   1   5   7.086032e+02    7.086032e+02    1.872101e+00    1.872101e+00    2.615908e-02    2.400876e-03  
  6   1   6   6.113541e+02    6.113541e+02    1.502569e+00    1.502569e+00    -3.417357e-02    3.288933e-03  
  6   1   7   7.088620e+02    7.088620e+02    1.605040e+00    1.605040e+00    -8.639566e-02    2.864177e-03  
  6   1   8   7.100497e+02    7.100497e+02    1.620260e+00    1.620260e+00    -1.252303e-01    2.303353e-03  
  6   1   9   6.913241e+02    6.913241e+02    2.255626e+00    2.255626e+00    -2.231496e-01    3.233983e-03  
  6   1  10   6.729664e+02    6.729664e+02    1.929560e+00    1.929560e+00    -2.816555e-02    3.433714e-03  
  6   1  11   6.827275e+02    6.827275e+02    1.889154e+00    1.889154e+00    -7.537621e-02    3.494310e-03  
  6   1  12   6.313129e+02    6.313129e+02    2.155985e+00    2.155985e+00    -7.976122e-02    3.587003e-03  
  6   1  13   6.740506e+02    6.740506e+02    2.409689e+00    2.409689e+00    -1.364182e-01    3.870870e-03  
  6   1  14   7.955189e+02    7.955189e+02    2.825589e+00    2.825589e+00    1.324216e-01    3.755965e-03  
  6   1  15   7.371792e+02    7.371792e+02    2.590137e+00    2.590137e+00    1.071228e-01    3.896418e-03  
  6   1  16   6.601229e+02    6.601229e+02    2.202975e+00    2.202975e+00    4.796946e-02    4.131349e-03  
  6   1  17   6.773246e+02    6.773246e+02    2.620711e+00    2.620711e+00    -9.598670e-02    4.439656e-03  
  6   1  18   6.874802e+02    6.874802e+02    2.143324e+00    2.143324e+00    -4.087300e-02    3.934636e-03  
  6   1  19   6.727728e+02    6.727728e+02    2.413632e+00    2.413632e+00    -1.401016e-01    4.415626e-03  
  6   1  20   6.828731e+02    6.828731e+02    2.213909e+00    2.213909e+00    -1.439524e-01    5.033253e-03  
  6   1  21   5.318734e+02    5.318734e+02    5.367599e+03    5.367599e+03    2.912000e+00    0.000000e+00  
  6   1  22   7.381031e+02    7.381031e+02    2.845998e+00    2.845998e+00    1.171838e-01    6.409475e-03  
  6   1  23   5.159487e+02    5.159487e+02    2.842334e+00    2.842334e+00    -4.149362e-02    7.358783e-03  
  6   2   1   2.069975e+03    2.069975e+03    4.087273e+01    4.087273e+01    2.664111e-02    2.335745e-03  
  6   2   2   2.016284e+03    2.016284e+03    1.950520e+01    1.950520e+01    -3.718892e-02    2.637251e-03  
  6   2   3   2.025881e+03    2.025881e+03    1.884810e+01    1.884810e+01    1.550983e-03    1.835458e-03  
  6   2   4   1.961790e+03    1.961790e+03    1.659877e+01    1.659877e+01    -2.170937e-02    1.352433e-03  
  6   2   5   1.887206e+03    1.887206e+03    1.239159e+01    1.239159e+01    -2.188060e-02    1.501053e-03  
  6   2   6   1.950451e+03    1.950451e+03    1.102518e+01    1.102518e+01    -3.591950e-02    1.380017e-03  
  6   2   7   1.857212e+03    1.857212e+03    1.051248e+01    1.051248e+01    -8.854522e-03    1.197286e-03  
  6   2   8   1.897090e+03    1.897090e+03    1.526431e+01    1.526431e+01    -1.941453e-03    1.584089e-03  
  6   2   9   1.893453e+03    1.893453e+03    8.722683e+00    8.722683e+00    -2.037405e-02    1.462128e-03  
  6   2  10   1.878070e+03    1.878070e+03    8.221693e+00    8.221693e+00    -4.081093e-03    1.369230e-03  
  6   2  11   1.885688e+03    1.885688e+03    7.446227e+00    7.446227e+00    2.526980e-03    1.531470e-03  
  6   2  12   1.863086e+03    1.863086e+03    8.051313e+00    8.051313e+00    -7.087207e-02    1.343863e-03  
  6   2  13   1.920183e+03    1.920183e+03    3.332421e+01    3.332421e+01    -2.989880e-03    1.613638e-03  
  6   2  14   1.837787e+03    1.837787e+03    8.276422e+00    8.276422e+00    -3.228265e-02    1.959819e-03  
  6   2  15   1.579577e+03    1.579577e+03    1.748825e+01    1.748825e+01    -1.511017e-02    1.904020e-03  
  6   2  16   1.846058e+03    1.846058e+03    7.257140e+00    7.257140e+00    -1.022949e-02    1.977414e-03  
  6   2  17   1.830333e+03    1.830333e+03    6.892928e+00    6.892928e+00    -1.190190e-01    2.147581e-03  
  6   2  18   1.833379e+03    1.833379e+03    6.681088e+00    6.681088e+00    -9.402770e-02    2.561934e-03  
  6   2  19   1.873530e+03    1.873530e+03    6.796970e+00    6.796970e+00    -7.376019e-02    2.266536e-03  
  6   2  20   1.829953e+03    1.829953e+03    5.628772e+00    5.628772e+00    -3.935466e-02    2.320895e-03  
  6   2  21   1.759380e+03    1.759380e+03    5.502531e+00    5.502531e+00    -6.073717e-02    2.840921e-03  
  6   2  22   1.798559e+03    1.798559e+03    5.809289e+00    5.809289e+00    -5.211902e-02    2.294312e-03  
  6   2  23   1.821470e+03    1.821470e+03    6.207661e+00    6.207661e+00    -5.573849e-02    2.505363e-03  
  6   2  24   1.432092e+03    1.432092e+03    4.720912e+00    4.720912e+00    1.761290e-03    3.023408e-03  
  6   2  25   1.847924e+03    1.847924e+03    6.097034e+00    6.097034e+00    -8.905719e-02    2.687178e-03  
  6   2  26   1.852786e+03    1.852786e+03    5.925598e+00    5.925598e+00    -6.497259e-02    2.713649e-03  
  6   2  27   1.819044e+03    1.819044e+03    6.329559e+00    6.329559e+00    -2.080709e-02    2.377817e-03  
  6   2  28   1.823440e+03    1.823440e+03    6.831200e+00    6.831200e+00    -9.783075e-02    3.616780e-03  
  6   2  29   1.896388e+03    1.896388e+03    6.683126e+00    6.683126e+00    -3.226132e-02    3.640441e-03  
  6   2  30   1.907661e+03    1.907661e+03    6.863834e+00    6.863834e+00    -1.883920e-02    2.728958e-03  
  6   2  31   1.856692e+03    1.856692e+03    6.729255e+00    6.729255e+00    -3.349035e-02    4.196881e-03  
  6   2  32   1.958502e+03    1.958502e+03    7.047683e+00    7.047683e+00    1.570292e-02    1.786626e-03  
  6   2  33   1.946006e+03    1.946006e+03    7.140134e+00    7.140134e+00    -1.507091e-02    2.699411e-03  
  6   2  34   2.017055e+03    2.017055e+03    7.803708e+00    7.803708e+00    -3.920015e-02    2.118605e-03  
  6   2  35   2.046830e+03    2.046830e+03    8.473006e+00    8.473006e+00    -2.674037e-02    2.542210e-03  
  6   2  36   1.957174e+03    1.957174e+03    8.160746e+00    8.160746e+00    -9.643065e-02    2.434395e-03  
  6   2  37   2.006692e+03    2.006692e+03    8.073170e+00    8.073170e+00    -2.977413e-02    2.797797e-03  
  6   2  38   2.094938e+03    2.094938e+03    9.487362e+00    9.487362e+00    1.977058e-02    2.184838e-03  
  6   2  39   1.931838e+03    1.931838e+03    8.087280e+00    8.087280e+00    3.020661e-02    2.118085e-03  
  6   2  40   2.064546e+03    2.064546e+03    8.507755e+00    8.507755e+00    7.762854e-03    2.496198e-03  
  6   2  41   1.990979e+03    1.990979e+03    8.335033e+00    8.335033e+00    -1.073625e-01    3.221064e-03  
  6   2  42   1.971258e+03    1.971258e+03    7.367407e+00    7.367407e+00    -1.124103e-01    3.236693e-03  
  6   2  43   1.994501e+03    1.994501e+03    7.663569e+00    7.663569e+00    -4.868276e-02    3.675043e-03  
  6   2  44   1.971956e+03    1.971956e+03    8.224942e+00    8.224942e+00    -6.135670e-02    3.447976e-03  
  6   2  45   1.956010e+03    1.956010e+03    7.716689e+00    7.716689e+00    -5.951577e-02    4.150912e-03  
  6   2  46   1.932470e+03    1.932470e+03    6.843180e+00    6.843180e+00    -1.102617e-01    3.670439e-03  
  6   2  47   1.939588e+03    1.939588e+03    7.464158e+00    7.464158e+00    -6.757185e-02    4.057595e-03  
  6   2  48   2.058181e+03    2.058181e+03    7.446990e+00    7.446990e+00    -6.003825e-02    2.508600e-03  
  6   2  49   2.042449e+03    2.042449e+03    6.974807e+00    6.974807e+00    -1.132666e-01    3.101297e-03  
  6   2  50   2.056210e+03    2.056210e+03    7.134067e+00    7.134067e+00    -1.403181e-01    3.113141e-03  
  6   2  51   2.061595e+03    2.061595e+03    7.630017e+00    7.630017e+00    -7.532996e-02    2.722043e-03  
  6   2  52   2.051356e+03    2.051356e+03    7.524670e+00    7.524670e+00    -8.124951e-03    2.999387e-03  
  6   2  53   2.067955e+03    2.067955e+03    7.619255e+00    7.619255e+00    -8.047914e-02    2.789743e-03  
  6   2  54   2.064187e+03    2.064187e+03    8.017289e+00    8.017289e+00    -3.605796e-02    3.831410e-03  
  6   2  55   2.207009e+03    2.207009e+03    8.462730e+00    8.462730e+00    -1.973310e-01    3.315850e-03  
  6   2  56   1.956655e+03    1.956655e+03    7.746628e+00    7.746628e+00    -4.498139e-02    4.172962e-03  
  6   2  57   1.902213e+03    1.902213e+03    8.876853e+00    8.876853e+00    4.546798e-02    5.172652e-03  
  6   2  58   1.912742e+03    1.912742e+03    8.855965e+00    8.855965e+00    8.568595e-02    4.506123e-03  
  6   2  59   1.813783e+03    1.813783e+03    8.277176e+00    8.277176e+00    5.145632e-02    4.561549e-03  
  6   2  60   1.915526e+03    1.915526e+03    8.529247e+00    8.529247e+00    9.094250e-02    4.481939e-03  
  6   2  61   1.889501e+03    1.889501e+03    8.856684e+00    8.856684e+00    7.435605e-02    4.289850e-03  
  6   2  62   2.108740e+03    2.108740e+03    9.666268e+00    9.666268e+00    2.795487e-02    3.588194e-03  
  6   3   1   6.117878e+02    6.117878e+02    1.505196e+02    1.505196e+02    3.577705e+00    5.029572e-02  
  6   3   2   6.863613e+02    6.863613e+02    3.075131e+00    3.075131e+00    7.231776e-02    4.287830e-03  
  6   3   3   8.500000e+02    8.500000e+02    7.228119e+00    7.228119e+00    1.078702e-01    4.109436e-03  
  6   3   4   6.348363e+02    6.348363e+02    3.085038e+00    3.085038e+00    1.273347e-01    5.524829e-03  
  6   3   5   7.205260e+02    7.205260e+02    3.009322e+00    3.009322e+00    2.625800e-02    4.525884e-03  
