  1   1   1   1.600000e+01    1.600000e+01    3.620387e+02    3.620387e+02  
  1   1   2   1.600000e+01    1.600000e+01    3.620387e+02    3.620387e+02  
  1   1   3   1.600000e+01    1.600000e+01    3.620387e+02    3.620387e+02  
  1   1   4   1.600000e+01    1.600000e+01    3.620387e+02    3.620387e+02  
  1   1   5   1.600000e+01    1.600000e+01    3.620387e+02    3.620387e+02  
  1   1   6   1.600000e+01    1.600000e+01    3.620387e+02    3.620387e+02  
  1   1   7   1.600000e+01    1.600000e+01    3.620387e+02    3.620387e+02  
  1   1   8   1.600000e+01    1.600000e+01    3.620387e+02    3.620387e+02  
  1   1   9   1.600000e+01    1.600000e+01    3.620387e+02    3.620387e+02  
  1   1  10   1.600000e+01    1.600000e+01    3.620387e+02    3.620387e+02  
  1   1  11   1.600000e+01    1.600000e+01    3.620387e+02    3.620387e+02  
  1   1  12   1.600000e+01    1.600000e+01    3.620387e+02    3.620387e+02  
  1   1  13   1.600000e+01    1.600000e+01    3.620387e+02    3.620387e+02  
  1   1  14   1.600000e+01    1.600000e+01    3.620387e+02    3.620387e+02  
  1   1  15   1.600000e+01    1.600000e+01    3.620387e+02    3.620387e+02  
  1   1  16   1.600000e+01    1.600000e+01    3.620387e+02    3.620387e+02  
  1   1  17   1.600000e+01    1.600000e+01    3.620387e+02    3.620387e+02  
  1   1  18   1.600000e+01    1.600000e+01    3.620387e+02    3.620387e+02  
  1   1  19   1.600000e+01    1.600000e+01    3.620387e+02    3.620387e+02  
  1   1  20   1.600000e+01    1.600000e+01    3.620387e+02    3.620387e+02  
  1   1  21   1.600000e+01    1.600000e+01    3.620387e+02    3.620387e+02  
  1   1  22   1.600000e+01    1.600000e+01    3.620387e+02    3.620387e+02  
  1   1  23   1.600000e+01    1.600000e+01    3.620387e+02    3.620387e+02  
  1   2   1   1.600000e+01    1.600000e+01    3.620387e+02    3.620387e+02  
  1   2   2   1.600000e+01    1.600000e+01    3.620387e+02    3.620387e+02  
  1   2   3   1.600000e+01    1.600000e+01    3.620387e+02    3.620387e+02  
  1   2   4   1.600000e+01    1.600000e+01    3.620387e+02    3.620387e+02  
  1   2   5   1.600000e+01    1.600000e+01    3.620387e+02    3.620387e+02  
  1   2   6   1.600000e+01    1.600000e+01    3.620387e+02    3.620387e+02  
  1   2   7   1.600000e+01    1.600000e+01    3.620387e+02    3.620387e+02  
  1   2   8   1.600000e+01    1.600000e+01    3.620387e+02    3.620387e+02  
  1   2   9   1.600000e+01    1.600000e+01    3.620387e+02    3.620387e+02  
  1   2  10   1.600000e+01    1.600000e+01    3.620387e+02    3.620387e+02  
  1   2  11   1.600000e+01    1.600000e+01    3.620387e+02    3.620387e+02  
  1   2  12   1.600000e+01    1.600000e+01    3.620387e+02    3.620387e+02  
  1   2  13   1.600000e+01    1.600000e+01    3.620387e+02    3.620387e+02  
  1   2  14   1.600000e+01    1.600000e+01    3.620387e+02    3.620387e+02  
  1   2  15   1.600000e+01    1.600000e+01    3.620387e+02    3.620387e+02  
  1   2  16   1.600000e+01    1.600000e+01    3.620387e+02    3.620387e+02  
  1   2  17   1.600000e+01    1.600000e+01    3.620387e+02    3.620387e+02  
  1   2  18   1.600000e+01    1.600000e+01    3.620387e+02    3.620387e+02  
  1   2  19   1.600000e+01    1.600000e+01    3.620387e+02    3.620387e+02  
  1   2  20   1.600000e+01    1.600000e+01    3.620387e+02    3.620387e+02  
  1   2  21   1.600000e+01    1.600000e+01    3.620387e+02    3.620387e+02  
  1   2  22   1.600000e+01    1.600000e+01    3.620387e+02    3.620387e+02  
  1   2  23   1.600000e+01    1.600000e+01    3.620387e+02    3.620387e+02  
  1   2  24   1.600000e+01    1.600000e+01    3.620387e+02    3.620387e+02  
  1   2  25   1.600000e+01    1.600000e+01    3.620387e+02    3.620387e+02  
  1   2  26   1.600000e+01    1.600000e+01    3.620387e+02    3.620387e+02  
  1   2  27   1.600000e+01    1.600000e+01    3.620387e+02    3.620387e+02  
  1   2  28   1.600000e+01    1.600000e+01    3.620387e+02    3.620387e+02  
  1   2  29   1.600000e+01    1.600000e+01    3.620387e+02    3.620387e+02  
  1   2  30   1.600000e+01    1.600000e+01    3.620387e+02    3.620387e+02  
  1   2  31   1.600000e+01    1.600000e+01    3.620387e+02    3.620387e+02  
  1   2  32   1.600000e+01    1.600000e+01    3.620387e+02    3.620387e+02  
  1   2  33   1.600000e+01    1.600000e+01    3.620387e+02    3.620387e+02  
  1   2  34   1.600000e+01    1.600000e+01    3.620387e+02    3.620387e+02  
  1   2  35   1.600000e+01    1.600000e+01    3.620387e+02    3.620387e+02  
  1   2  36   1.600000e+01    1.600000e+01    3.620387e+02    3.620387e+02  
  1   2  37   1.600000e+01    1.600000e+01    3.620387e+02    3.620387e+02  
  1   2  38   1.600000e+01    1.600000e+01    3.620387e+02    3.620387e+02  
  1   2  39   1.600000e+01    1.600000e+01    3.620387e+02    3.620387e+02  
  1   2  40   1.600000e+01    1.600000e+01    3.620387e+02    3.620387e+02  
  1   2  41   1.600000e+01    1.600000e+01    3.620387e+02    3.620387e+02  
  1   2  42   1.600000e+01    1.600000e+01    3.620387e+02    3.620387e+02  
  1   2  43   1.600000e+01    1.600000e+01    3.620387e+02    3.620387e+02  
  1   2  44   1.600000e+01    1.600000e+01    3.620387e+02    3.620387e+02  
  1   2  45   1.600000e+01    1.600000e+01    3.620387e+02    3.620387e+02  
  1   2  46   1.600000e+01    1.600000e+01    3.620387e+02    3.620387e+02  
  1   2  47   1.600000e+01    1.600000e+01    3.620387e+02    3.620387e+02  
  1   2  48   1.600000e+01    1.600000e+01    3.620387e+02    3.620387e+02  
  1   2  49   1.600000e+01    1.600000e+01    3.620387e+02    3.620387e+02  
  1   2  50   1.600000e+01    1.600000e+01    3.620387e+02    3.620387e+02  
  1   2  51   1.600000e+01    1.600000e+01    3.620387e+02    3.620387e+02  
  1   2  52   1.600000e+01    1.600000e+01    3.620387e+02    3.620387e+02  
  1   2  53   1.600000e+01    1.600000e+01    3.620387e+02    3.620387e+02  
  1   2  54   1.600000e+01    1.600000e+01    3.620387e+02    3.620387e+02  
  1   2  55   1.600000e+01    1.600000e+01    3.620387e+02    3.620387e+02  
  1   2  56   1.600000e+01    1.600000e+01    3.620387e+02    3.620387e+02  
  1   2  57   1.600000e+01    1.600000e+01    3.620387e+02    3.620387e+02  
  1   2  58   1.600000e+01    1.600000e+01    3.620387e+02    3.620387e+02  
  1   2  59   1.600000e+01    1.600000e+01    3.620387e+02    3.620387e+02  
  1   2  60   1.600000e+01    1.600000e+01    3.620387e+02    3.620387e+02  
  1   2  61   1.600000e+01    1.600000e+01    3.620387e+02    3.620387e+02  
  1   2  62   1.600000e+01    1.600000e+01    3.620387e+02    3.620387e+02  
  1   3   1   1.600000e+01    1.600000e+01    3.620387e+02    3.620387e+02  
  1   3   2   1.600000e+01    1.600000e+01    3.620387e+02    3.620387e+02  
  1   3   3   1.600000e+01    1.600000e+01    3.620387e+02    3.620387e+02  
  1   3   4   1.600000e+01    1.600000e+01    3.620387e+02    3.620387e+02  
  1   3   5   1.600000e+01    1.600000e+01    3.620387e+02    3.620387e+02  
  2   1   1   1.600000e+01    1.600000e+01    3.620387e+02    3.620387e+02  
  2   1   2   2.620150e+01    2.620150e+01    9.979052e+01    9.979052e+01  
  2   1   3   1.532680e+01    1.532680e+01    1.540167e+01    1.540167e+01  
  2   1   4   1.713332e+01    1.713332e+01    1.622283e+01    1.622283e+01  
  2   1   5   1.600000e+01    1.600000e+01    3.620387e+02    3.620387e+02  
  2   1   6   1.600000e+01    1.600000e+01    3.620387e+02    3.620387e+02  
  2   1   7   2.057088e+01    2.057088e+01    3.252656e+01    3.252656e+01  
  2   1   8   2.478232e+01    2.478232e+01    2.951833e+01    2.951833e+01  
  2   1   9   2.060402e+01    2.060402e+01    1.144131e+01    1.144131e+01  
  2   1  10   1.600000e+01    1.600000e+01    3.620387e+02    3.620387e+02  
  2   1  11   1.779306e+01    1.779306e+01    4.712865e+00    4.712865e+00  
  2   1  12   1.920511e+01    1.920511e+01    4.498771e+00    4.498771e+00  
  2   1  13   1.667168e+01    1.667168e+01    3.006782e+00    3.006782e+00  
  2   1  14   1.778529e+01    1.778529e+01    2.319766e+00    2.319766e+00  
  2   1  15   1.650611e+01    1.650611e+01    1.829121e+00    1.829121e+00  
  2   1  16   1.618976e+01    1.618976e+01    1.776338e+00    1.776338e+00  
  2   1  17   1.900406e+01    1.900406e+01    2.017935e+00    2.017935e+00  
  2   1  18   1.590782e+01    1.590782e+01    1.344440e+00    1.344440e+00  
  2   1  19   1.568445e+01    1.568445e+01    1.546284e+00    1.546284e+00  
  2   1  20   1.741440e+01    1.741440e+01    1.340622e+00    1.340622e+00  
  2   1  21   1.600000e+01    1.600000e+01    3.620387e+02    3.620387e+02  
  2   1  22   1.751758e+01    1.751758e+01    1.155167e+00    1.155167e+00  
  2   1  23   1.884844e+01    1.884844e+01    2.300200e+00    2.300200e+00  
  2   2   1   -3.106273e+01    -3.106273e+01    5.942545e+02    5.942545e+02  
  2   2   2   3.198647e+01    3.198647e+01    5.141926e+02    5.141926e+02  
  2   2   3   4.228115e+01    4.228115e+01    4.540910e+02    4.540910e+02  
  2   2   4   2.798830e+01    2.798830e+01    1.512269e+02    1.512269e+02  
  2   2   5   1.823863e+01    1.823863e+01    2.990195e+01    2.990195e+01  
  2   2   6   1.859047e+01    1.859047e+01    2.786468e+01    2.786468e+01  
  2   2   7   1.834916e+01    1.834916e+01    2.012993e+01    2.012993e+01  
  2   2   8   1.655986e+01    1.655986e+01    1.620390e+01    1.620390e+01  
  2   2   9   1.472866e+01    1.472866e+01    1.180710e+01    1.180710e+01  
  2   2  10   1.501066e+01    1.501066e+01    9.610520e+00    9.610520e+00  
  2   2  11   1.529513e+01    1.529513e+01    8.987811e+00    8.987811e+00  
  2   2  12   1.683562e+01    1.683562e+01    1.148465e+01    1.148465e+01  
  2   2  13   1.589827e+01    1.589827e+01    7.370279e+00    7.370279e+00  
  2   2  14   1.438634e+01    1.438634e+01    6.062360e+00    6.062360e+00  
  2   2  15   1.635373e+01    1.635373e+01    7.387580e+00    7.387580e+00  
  2   2  16   1.672515e+01    1.672515e+01    6.487560e+00    6.487560e+00  
  2   2  17   1.713781e+01    1.713781e+01    6.896499e+00    6.896499e+00  
  2   2  18   1.635872e+01    1.635872e+01    5.664881e+00    5.664881e+00  
  2   2  19   1.594905e+01    1.594905e+01    6.073199e+00    6.073199e+00  
  2   2  20   1.685927e+01    1.685927e+01    5.242837e+00    5.242837e+00  
  2   2  21   1.725861e+01    1.725861e+01    4.530956e+00    4.530956e+00  
  2   2  22   1.648393e+01    1.648393e+01    4.829659e+00    4.829659e+00  
  2   2  23   1.664560e+01    1.664560e+01    4.575825e+00    4.575825e+00  
  2   2  24   1.831129e+01    1.831129e+01    4.408372e+00    4.408372e+00  
  2   2  25   1.659858e+01    1.659858e+01    4.316354e+00    4.316354e+00  
  2   2  26   1.764331e+01    1.764331e+01    4.196078e+00    4.196078e+00  
  2   2  27   1.676173e+01    1.676173e+01    3.794144e+00    3.794144e+00  
  2   2  28   1.705961e+01    1.705961e+01    3.578302e+00    3.578302e+00  
  2   2  29   1.677308e+01    1.677308e+01    3.095685e+00    3.095685e+00  
  2   2  30   1.589482e+01    1.589482e+01    2.433846e+00    2.433846e+00  
  2   2  31   1.745671e+01    1.745671e+01    2.699642e+00    2.699642e+00  
  2   2  32   1.675031e+01    1.675031e+01    2.313201e+00    2.313201e+00  
  2   2  33   1.547519e+01    1.547519e+01    1.826296e+00    1.826296e+00  
  2   2  34   1.630961e+01    1.630961e+01    1.969027e+00    1.969027e+00  
  2   2  35   1.603979e+01    1.603979e+01    1.788508e+00    1.788508e+00  
  2   2  36   1.560372e+01    1.560372e+01    1.735035e+00    1.735035e+00  
  2   2  37   1.555390e+01    1.555390e+01    1.636554e+00    1.636554e+00  
  2   2  38   1.577139e+01    1.577139e+01    1.534099e+00    1.534099e+00  
  2   2  39   1.561222e+01    1.561222e+01    1.681255e+00    1.681255e+00  
  2   2  40   1.619585e+01    1.619585e+01    1.548277e+00    1.548277e+00  
  2   2  41   1.570246e+01    1.570246e+01    1.439914e+00    1.439914e+00  
  2   2  42   1.588052e+01    1.588052e+01    1.386260e+00    1.386260e+00  
  2   2  43   1.571199e+01    1.571199e+01    1.275968e+00    1.275968e+00  
  2   2  44   1.701223e+01    1.701223e+01    1.650062e+00    1.650062e+00  
  2   2  45   1.575519e+01    1.575519e+01    1.244124e+00    1.244124e+00  
  2   2  46   1.689212e+01    1.689212e+01    1.422161e+00    1.422161e+00  
  2   2  47   1.674086e+01    1.674086e+01    1.259688e+00    1.259688e+00  
  2   2  48   1.637895e+01    1.637895e+01    1.197220e+00    1.197220e+00  
  2   2  49   1.654486e+01    1.654486e+01    1.187027e+00    1.187027e+00  
  2   2  50   1.617485e+01    1.617485e+01    1.164110e+00    1.164110e+00  
  2   2  51   1.645012e+01    1.645012e+01    1.151400e+00    1.151400e+00  
  2   2  52   1.710697e+01    1.710697e+01    1.178457e+00    1.178457e+00  
  2   2  53   1.622909e+01    1.622909e+01    1.064407e+00    1.064407e+00  
  2   2  54   1.662176e+01    1.662176e+01    1.083413e+00    1.083413e+00  
  2   2  55   1.640077e+01    1.640077e+01    1.091398e+00    1.091398e+00  
  2   2  56   1.654436e+01    1.654436e+01    9.686249e-01    9.686249e-01  
  2   2  57   1.607975e+01    1.607975e+01    1.237033e+00    1.237033e+00  
  2   2  58   1.665727e+01    1.665727e+01    1.478025e+00    1.478025e+00  
  2   2  59   1.617629e+01    1.617629e+01    2.768754e+00    2.768754e+00  
  2   2  60   1.752437e+01    1.752437e+01    2.409629e+00    2.409629e+00  
  2   2  61   1.656571e+01    1.656571e+01    2.397902e+00    2.397902e+00  
  2   2  62   1.566792e+01    1.566792e+01    1.602737e+00    1.602737e+00  
  2   3   1   1.752856e+01    1.752856e+01    1.153845e+00    1.153845e+00  
  2   3   2   1.671062e+01    1.671062e+01    9.310820e-01    9.310820e-01  
  2   3   3   1.832287e+01    1.832287e+01    1.100632e+00    1.100632e+00  
  2   3   4   1.600000e+01    1.600000e+01    3.620387e+02    3.620387e+02  
  2   3   5   1.657665e+01    1.657665e+01    8.204643e-01    8.204643e-01  
  3   1   1   1.600000e+01    1.600000e+01    3.620387e+02    3.620387e+02  
  3   1   2   1.600000e+01    1.600000e+01    3.620387e+02    3.620387e+02  
  3   1   3   1.600000e+01    1.600000e+01    3.620387e+02    3.620387e+02  
  3   1   4   1.600000e+01    1.600000e+01    3.620387e+02    3.620387e+02  
  3   1   5   1.600000e+01    1.600000e+01    3.620387e+02    3.620387e+02  
  3   1   6   1.600000e+01    1.600000e+01    3.620387e+02    3.620387e+02  
  3   1   7   1.600000e+01    1.600000e+01    3.620387e+02    3.620387e+02  
  3   1   8   1.600000e+01    1.600000e+01    3.620387e+02    3.620387e+02  
  3   1   9   1.600000e+01    1.600000e+01    3.620387e+02    3.620387e+02  
  3   1  10   1.600000e+01    1.600000e+01    3.620387e+02    3.620387e+02  
  3   1  11   1.600000e+01    1.600000e+01    3.620387e+02    3.620387e+02  
  3   1  12   1.600000e+01    1.600000e+01    3.620387e+02    3.620387e+02  
  3   1  13   1.600000e+01    1.600000e+01    3.620387e+02    3.620387e+02  
  3   1  14   1.600000e+01    1.600000e+01    3.620387e+02    3.620387e+02  
  3   1  15   1.600000e+01    1.600000e+01    3.620387e+02    3.620387e+02  
  3   1  16   1.600000e+01    1.600000e+01    3.620387e+02    3.620387e+02  
  3   1  17   1.600000e+01    1.600000e+01    3.620387e+02    3.620387e+02  
  3   1  18   1.600000e+01    1.600000e+01    3.620387e+02    3.620387e+02  
  3   1  19   1.600000e+01    1.600000e+01    3.620387e+02    3.620387e+02  
  3   1  20   1.600000e+01    1.600000e+01    3.620387e+02    3.620387e+02  
  3   1  21   1.600000e+01    1.600000e+01    3.620387e+02    3.620387e+02  
  3   1  22   1.600000e+01    1.600000e+01    3.620387e+02    3.620387e+02  
  3   1  23   1.600000e+01    1.600000e+01    3.620387e+02    3.620387e+02  
  3   2   1   1.600000e+01    1.600000e+01    3.620387e+02    3.620387e+02  
  3   2   2   1.600000e+01    1.600000e+01    3.620387e+02    3.620387e+02  
  3   2   3   1.600000e+01    1.600000e+01    3.620387e+02    3.620387e+02  
  3   2   4   1.600000e+01    1.600000e+01    3.620387e+02    3.620387e+02  
  3   2   5   1.600000e+01    1.600000e+01    3.620387e+02    3.620387e+02  
  3   2   6   1.600000e+01    1.600000e+01    3.620387e+02    3.620387e+02  
  3   2   7   1.600000e+01    1.600000e+01    3.620387e+02    3.620387e+02  
  3   2   8   1.600000e+01    1.600000e+01    3.620387e+02    3.620387e+02  
  3   2   9   1.600000e+01    1.600000e+01    3.620387e+02    3.620387e+02  
  3   2  10   1.600000e+01    1.600000e+01    3.620387e+02    3.620387e+02  
  3   2  11   1.600000e+01    1.600000e+01    3.620387e+02    3.620387e+02  
  3   2  12   1.600000e+01    1.600000e+01    3.620387e+02    3.620387e+02  
  3   2  13   1.600000e+01    1.600000e+01    3.620387e+02    3.620387e+02  
  3   2  14   1.600000e+01    1.600000e+01    3.620387e+02    3.620387e+02  
  3   2  15   1.600000e+01    1.600000e+01    3.620387e+02    3.620387e+02  
  3   2  16   1.600000e+01    1.600000e+01    3.620387e+02    3.620387e+02  
  3   2  17   1.600000e+01    1.600000e+01    3.620387e+02    3.620387e+02  
  3   2  18   1.600000e+01    1.600000e+01    3.620387e+02    3.620387e+02  
  3   2  19   1.600000e+01    1.600000e+01    3.620387e+02    3.620387e+02  
  3   2  20   1.600000e+01    1.600000e+01    3.620387e+02    3.620387e+02  
  3   2  21   1.600000e+01    1.600000e+01    3.620387e+02    3.620387e+02  
  3   2  22   1.600000e+01    1.600000e+01    3.620387e+02    3.620387e+02  
  3   2  23   1.600000e+01    1.600000e+01    3.620387e+02    3.620387e+02  
  3   2  24   1.600000e+01    1.600000e+01    3.620387e+02    3.620387e+02  
  3   2  25   1.600000e+01    1.600000e+01    3.620387e+02    3.620387e+02  
  3   2  26   1.600000e+01    1.600000e+01    3.620387e+02    3.620387e+02  
  3   2  27   1.600000e+01    1.600000e+01    3.620387e+02    3.620387e+02  
  3   2  28   1.600000e+01    1.600000e+01    3.620387e+02    3.620387e+02  
  3   2  29   1.600000e+01    1.600000e+01    3.620387e+02    3.620387e+02  
  3   2  30   1.600000e+01    1.600000e+01    3.620387e+02    3.620387e+02  
  3   2  31   1.600000e+01    1.600000e+01    3.620387e+02    3.620387e+02  
  3   2  32   1.600000e+01    1.600000e+01    3.620387e+02    3.620387e+02  
  3   2  33   1.600000e+01    1.600000e+01    3.620387e+02    3.620387e+02  
  3   2  34   1.600000e+01    1.600000e+01    3.620387e+02    3.620387e+02  
  3   2  35   1.600000e+01    1.600000e+01    3.620387e+02    3.620387e+02  
  3   2  36   1.600000e+01    1.600000e+01    3.620387e+02    3.620387e+02  
  3   2  37   1.600000e+01    1.600000e+01    3.620387e+02    3.620387e+02  
  3   2  38   1.600000e+01    1.600000e+01    3.620387e+02    3.620387e+02  
  3   2  39   1.600000e+01    1.600000e+01    3.620387e+02    3.620387e+02  
  3   2  40   1.600000e+01    1.600000e+01    3.620387e+02    3.620387e+02  
  3   2  41   1.600000e+01    1.600000e+01    3.620387e+02    3.620387e+02  
  3   2  42   1.600000e+01    1.600000e+01    3.620387e+02    3.620387e+02  
  3   2  43   1.600000e+01    1.600000e+01    3.620387e+02    3.620387e+02  
  3   2  44   1.600000e+01    1.600000e+01    3.620387e+02    3.620387e+02  
  3   2  45   1.600000e+01    1.600000e+01    3.620387e+02    3.620387e+02  
  3   2  46   1.600000e+01    1.600000e+01    3.620387e+02    3.620387e+02  
  3   2  47   1.600000e+01    1.600000e+01    3.620387e+02    3.620387e+02  
  3   2  48   1.600000e+01    1.600000e+01    3.620387e+02    3.620387e+02  
  3   2  49   1.600000e+01    1.600000e+01    3.620387e+02    3.620387e+02  
  3   2  50   1.600000e+01    1.600000e+01    3.620387e+02    3.620387e+02  
  3   2  51   1.600000e+01    1.600000e+01    3.620387e+02    3.620387e+02  
  3   2  52   1.600000e+01    1.600000e+01    3.620387e+02    3.620387e+02  
  3   2  53   1.600000e+01    1.600000e+01    3.620387e+02    3.620387e+02  
  3   2  54   1.600000e+01    1.600000e+01    3.620387e+02    3.620387e+02  
  3   2  55   1.600000e+01    1.600000e+01    3.620387e+02    3.620387e+02  
  3   2  56   1.600000e+01    1.600000e+01    3.620387e+02    3.620387e+02  
  3   2  57   1.600000e+01    1.600000e+01    3.620387e+02    3.620387e+02  
  3   2  58   1.600000e+01    1.600000e+01    3.620387e+02    3.620387e+02  
  3   2  59   1.600000e+01    1.600000e+01    3.620387e+02    3.620387e+02  
  3   2  60   1.600000e+01    1.600000e+01    3.620387e+02    3.620387e+02  
  3   2  61   1.600000e+01    1.600000e+01    3.620387e+02    3.620387e+02  
  3   2  62   1.600000e+01    1.600000e+01    3.620387e+02    3.620387e+02  
  3   3   1   1.600000e+01    1.600000e+01    3.620387e+02    3.620387e+02  
  3   3   2   1.600000e+01    1.600000e+01    3.620387e+02    3.620387e+02  
  3   3   3   1.600000e+01    1.600000e+01    3.620387e+02    3.620387e+02  
  3   3   4   1.600000e+01    1.600000e+01    3.620387e+02    3.620387e+02  
  3   3   5   1.600000e+01    1.600000e+01    3.620387e+02    3.620387e+02  
  4   1   1   1.600000e+01    1.600000e+01    3.620387e+02    3.620387e+02  
  4   1   2   1.600000e+01    1.600000e+01    3.620387e+02    3.620387e+02  
  4   1   3   1.600000e+01    1.600000e+01    3.620387e+02    3.620387e+02  
  4   1   4   1.600000e+01    1.600000e+01    3.620387e+02    3.620387e+02  
  4   1   5   1.600000e+01    1.600000e+01    3.620387e+02    3.620387e+02  
  4   1   6   1.600000e+01    1.600000e+01    3.620387e+02    3.620387e+02  
  4   1   7   1.600000e+01    1.600000e+01    3.620387e+02    3.620387e+02  
  4   1   8   1.600000e+01    1.600000e+01    3.620387e+02    3.620387e+02  
  4   1   9   1.600000e+01    1.600000e+01    3.620387e+02    3.620387e+02  
  4   1  10   1.600000e+01    1.600000e+01    3.620387e+02    3.620387e+02  
  4   1  11   1.600000e+01    1.600000e+01    3.620387e+02    3.620387e+02  
  4   1  12   1.600000e+01    1.600000e+01    3.620387e+02    3.620387e+02  
  4   1  13   1.600000e+01    1.600000e+01    3.620387e+02    3.620387e+02  
  4   1  14   1.600000e+01    1.600000e+01    3.620387e+02    3.620387e+02  
  4   1  15   1.600000e+01    1.600000e+01    3.620387e+02    3.620387e+02  
  4   1  16   1.600000e+01    1.600000e+01    3.620387e+02    3.620387e+02  
  4   1  17   1.600000e+01    1.600000e+01    3.620387e+02    3.620387e+02  
  4   1  18   1.600000e+01    1.600000e+01    3.620387e+02    3.620387e+02  
  4   1  19   1.600000e+01    1.600000e+01    3.620387e+02    3.620387e+02  
  4   1  20   1.600000e+01    1.600000e+01    3.620387e+02    3.620387e+02  
  4   1  21   1.600000e+01    1.600000e+01    3.620387e+02    3.620387e+02  
  4   1  22   1.600000e+01    1.600000e+01    3.620387e+02    3.620387e+02  
  4   1  23   1.600000e+01    1.600000e+01    3.620387e+02    3.620387e+02  
  4   2   1   1.600000e+01    1.600000e+01    3.620387e+02    3.620387e+02  
  4   2   2   1.600000e+01    1.600000e+01    3.620387e+02    3.620387e+02  
  4   2   3   1.600000e+01    1.600000e+01    3.620387e+02    3.620387e+02  
  4   2   4   1.600000e+01    1.600000e+01    3.620387e+02    3.620387e+02  
  4   2   5   1.600000e+01    1.600000e+01    3.620387e+02    3.620387e+02  
  4   2   6   1.600000e+01    1.600000e+01    3.620387e+02    3.620387e+02  
  4   2   7   1.600000e+01    1.600000e+01    3.620387e+02    3.620387e+02  
  4   2   8   1.600000e+01    1.600000e+01    3.620387e+02    3.620387e+02  
  4   2   9   1.600000e+01    1.600000e+01    3.620387e+02    3.620387e+02  
  4   2  10   1.600000e+01    1.600000e+01    3.620387e+02    3.620387e+02  
  4   2  11   1.600000e+01    1.600000e+01    3.620387e+02    3.620387e+02  
  4   2  12   1.600000e+01    1.600000e+01    3.620387e+02    3.620387e+02  
  4   2  13   1.600000e+01    1.600000e+01    3.620387e+02    3.620387e+02  
  4   2  14   1.600000e+01    1.600000e+01    3.620387e+02    3.620387e+02  
  4   2  15   1.600000e+01    1.600000e+01    3.620387e+02    3.620387e+02  
  4   2  16   1.600000e+01    1.600000e+01    3.620387e+02    3.620387e+02  
  4   2  17   1.600000e+01    1.600000e+01    3.620387e+02    3.620387e+02  
  4   2  18   1.600000e+01    1.600000e+01    3.620387e+02    3.620387e+02  
  4   2  19   1.600000e+01    1.600000e+01    3.620387e+02    3.620387e+02  
  4   2  20   1.600000e+01    1.600000e+01    3.620387e+02    3.620387e+02  
  4   2  21   1.600000e+01    1.600000e+01    3.620387e+02    3.620387e+02  
  4   2  22   1.600000e+01    1.600000e+01    3.620387e+02    3.620387e+02  
  4   2  23   1.600000e+01    1.600000e+01    3.620387e+02    3.620387e+02  
  4   2  24   1.600000e+01    1.600000e+01    3.620387e+02    3.620387e+02  
  4   2  25   1.600000e+01    1.600000e+01    3.620387e+02    3.620387e+02  
  4   2  26   1.600000e+01    1.600000e+01    3.620387e+02    3.620387e+02  
  4   2  27   1.600000e+01    1.600000e+01    3.620387e+02    3.620387e+02  
  4   2  28   1.600000e+01    1.600000e+01    3.620387e+02    3.620387e+02  
  4   2  29   1.600000e+01    1.600000e+01    3.620387e+02    3.620387e+02  
  4   2  30   1.600000e+01    1.600000e+01    3.620387e+02    3.620387e+02  
  4   2  31   1.600000e+01    1.600000e+01    3.620387e+02    3.620387e+02  
  4   2  32   1.600000e+01    1.600000e+01    3.620387e+02    3.620387e+02  
  4   2  33   1.600000e+01    1.600000e+01    3.620387e+02    3.620387e+02  
  4   2  34   1.600000e+01    1.600000e+01    3.620387e+02    3.620387e+02  
  4   2  35   1.600000e+01    1.600000e+01    3.620387e+02    3.620387e+02  
  4   2  36   1.600000e+01    1.600000e+01    3.620387e+02    3.620387e+02  
  4   2  37   1.600000e+01    1.600000e+01    3.620387e+02    3.620387e+02  
  4   2  38   1.600000e+01    1.600000e+01    3.620387e+02    3.620387e+02  
  4   2  39   1.600000e+01    1.600000e+01    3.620387e+02    3.620387e+02  
  4   2  40   1.600000e+01    1.600000e+01    3.620387e+02    3.620387e+02  
  4   2  41   1.600000e+01    1.600000e+01    3.620387e+02    3.620387e+02  
  4   2  42   1.600000e+01    1.600000e+01    3.620387e+02    3.620387e+02  
  4   2  43   1.600000e+01    1.600000e+01    3.620387e+02    3.620387e+02  
  4   2  44   1.600000e+01    1.600000e+01    3.620387e+02    3.620387e+02  
  4   2  45   1.600000e+01    1.600000e+01    3.620387e+02    3.620387e+02  
  4   2  46   1.600000e+01    1.600000e+01    3.620387e+02    3.620387e+02  
  4   2  47   1.600000e+01    1.600000e+01    3.620387e+02    3.620387e+02  
  4   2  48   1.600000e+01    1.600000e+01    3.620387e+02    3.620387e+02  
  4   2  49   1.600000e+01    1.600000e+01    3.620387e+02    3.620387e+02  
  4   2  50   1.600000e+01    1.600000e+01    3.620387e+02    3.620387e+02  
  4   2  51   1.600000e+01    1.600000e+01    3.620387e+02    3.620387e+02  
  4   2  52   1.600000e+01    1.600000e+01    3.620387e+02    3.620387e+02  
  4   2  53   1.600000e+01    1.600000e+01    3.620387e+02    3.620387e+02  
  4   2  54   1.600000e+01    1.600000e+01    3.620387e+02    3.620387e+02  
  4   2  55   1.600000e+01    1.600000e+01    3.620387e+02    3.620387e+02  
  4   2  56   1.600000e+01    1.600000e+01    3.620387e+02    3.620387e+02  
  4   2  57   1.600000e+01    1.600000e+01    3.620387e+02    3.620387e+02  
  4   2  58   1.600000e+01    1.600000e+01    3.620387e+02    3.620387e+02  
  4   2  59   1.600000e+01    1.600000e+01    3.620387e+02    3.620387e+02  
  4   2  60   1.600000e+01    1.600000e+01    3.620387e+02    3.620387e+02  
  4   2  61   1.600000e+01    1.600000e+01    3.620387e+02    3.620387e+02  
  4   2  62   1.600000e+01    1.600000e+01    3.620387e+02    3.620387e+02  
  4   3   1   1.600000e+01    1.600000e+01    3.620387e+02    3.620387e+02  
  4   3   2   1.600000e+01    1.600000e+01    3.620387e+02    3.620387e+02  
  4   3   3   1.600000e+01    1.600000e+01    3.620387e+02    3.620387e+02  
  4   3   4   1.600000e+01    1.600000e+01    3.620387e+02    3.620387e+02  
  4   3   5   1.600000e+01    1.600000e+01    3.620387e+02    3.620387e+02  
  5   1   1   1.600000e+01    1.600000e+01    3.620387e+02    3.620387e+02  
  5   1   2   1.600000e+01    1.600000e+01    3.620387e+02    3.620387e+02  
  5   1   3   1.600000e+01    1.600000e+01    3.620387e+02    3.620387e+02  
  5   1   4   1.600000e+01    1.600000e+01    3.620387e+02    3.620387e+02  
  5   1   5   1.600000e+01    1.600000e+01    3.620387e+02    3.620387e+02  
  5   1   6   1.600000e+01    1.600000e+01    3.620387e+02    3.620387e+02  
  5   1   7   1.600000e+01    1.600000e+01    3.620387e+02    3.620387e+02  
  5   1   8   1.600000e+01    1.600000e+01    3.620387e+02    3.620387e+02  
  5   1   9   1.600000e+01    1.600000e+01    3.620387e+02    3.620387e+02  
  5   1  10   1.600000e+01    1.600000e+01    3.620387e+02    3.620387e+02  
  5   1  11   1.600000e+01    1.600000e+01    3.620387e+02    3.620387e+02  
  5   1  12   1.600000e+01    1.600000e+01    3.620387e+02    3.620387e+02  
  5   1  13   1.600000e+01    1.600000e+01    3.620387e+02    3.620387e+02  
  5   1  14   1.600000e+01    1.600000e+01    3.620387e+02    3.620387e+02  
  5   1  15   1.600000e+01    1.600000e+01    3.620387e+02    3.620387e+02  
  5   1  16   1.600000e+01    1.600000e+01    3.620387e+02    3.620387e+02  
  5   1  17   1.600000e+01    1.600000e+01    3.620387e+02    3.620387e+02  
  5   1  18   1.600000e+01    1.600000e+01    3.620387e+02    3.620387e+02  
  5   1  19   1.600000e+01    1.600000e+01    3.620387e+02    3.620387e+02  
  5   1  20   1.600000e+01    1.600000e+01    3.620387e+02    3.620387e+02  
  5   1  21   1.600000e+01    1.600000e+01    3.620387e+02    3.620387e+02  
  5   1  22   1.600000e+01    1.600000e+01    3.620387e+02    3.620387e+02  
  5   1  23   1.600000e+01    1.600000e+01    3.620387e+02    3.620387e+02  
  5   2   1   1.600000e+01    1.600000e+01    3.620387e+02    3.620387e+02  
  5   2   2   1.600000e+01    1.600000e+01    3.620387e+02    3.620387e+02  
  5   2   3   1.600000e+01    1.600000e+01    3.620387e+02    3.620387e+02  
  5   2   4   1.600000e+01    1.600000e+01    3.620387e+02    3.620387e+02  
  5   2   5   1.600000e+01    1.600000e+01    3.620387e+02    3.620387e+02  
  5   2   6   1.600000e+01    1.600000e+01    3.620387e+02    3.620387e+02  
  5   2   7   1.600000e+01    1.600000e+01    3.620387e+02    3.620387e+02  
  5   2   8   1.600000e+01    1.600000e+01    3.620387e+02    3.620387e+02  
  5   2   9   1.600000e+01    1.600000e+01    3.620387e+02    3.620387e+02  
  5   2  10   1.600000e+01    1.600000e+01    3.620387e+02    3.620387e+02  
  5   2  11   1.600000e+01    1.600000e+01    3.620387e+02    3.620387e+02  
  5   2  12   1.600000e+01    1.600000e+01    3.620387e+02    3.620387e+02  
  5   2  13   1.600000e+01    1.600000e+01    3.620387e+02    3.620387e+02  
  5   2  14   1.600000e+01    1.600000e+01    3.620387e+02    3.620387e+02  
  5   2  15   1.600000e+01    1.600000e+01    3.620387e+02    3.620387e+02  
  5   2  16   1.600000e+01    1.600000e+01    3.620387e+02    3.620387e+02  
  5   2  17   1.600000e+01    1.600000e+01    3.620387e+02    3.620387e+02  
  5   2  18   1.600000e+01    1.600000e+01    3.620387e+02    3.620387e+02  
  5   2  19   1.600000e+01    1.600000e+01    3.620387e+02    3.620387e+02  
  5   2  20   1.600000e+01    1.600000e+01    3.620387e+02    3.620387e+02  
  5   2  21   1.600000e+01    1.600000e+01    3.620387e+02    3.620387e+02  
  5   2  22   1.600000e+01    1.600000e+01    3.620387e+02    3.620387e+02  
  5   2  23   1.600000e+01    1.600000e+01    3.620387e+02    3.620387e+02  
  5   2  24   1.600000e+01    1.600000e+01    3.620387e+02    3.620387e+02  
  5   2  25   1.600000e+01    1.600000e+01    3.620387e+02    3.620387e+02  
  5   2  26   1.600000e+01    1.600000e+01    3.620387e+02    3.620387e+02  
  5   2  27   1.600000e+01    1.600000e+01    3.620387e+02    3.620387e+02  
  5   2  28   1.600000e+01    1.600000e+01    3.620387e+02    3.620387e+02  
  5   2  29   1.600000e+01    1.600000e+01    3.620387e+02    3.620387e+02  
  5   2  30   1.600000e+01    1.600000e+01    3.620387e+02    3.620387e+02  
  5   2  31   1.600000e+01    1.600000e+01    3.620387e+02    3.620387e+02  
  5   2  32   1.600000e+01    1.600000e+01    3.620387e+02    3.620387e+02  
  5   2  33   1.600000e+01    1.600000e+01    3.620387e+02    3.620387e+02  
  5   2  34   1.600000e+01    1.600000e+01    3.620387e+02    3.620387e+02  
  5   2  35   1.600000e+01    1.600000e+01    3.620387e+02    3.620387e+02  
  5   2  36   1.600000e+01    1.600000e+01    3.620387e+02    3.620387e+02  
  5   2  37   1.600000e+01    1.600000e+01    3.620387e+02    3.620387e+02  
  5   2  38   1.600000e+01    1.600000e+01    3.620387e+02    3.620387e+02  
  5   2  39   1.600000e+01    1.600000e+01    3.620387e+02    3.620387e+02  
  5   2  40   1.600000e+01    1.600000e+01    3.620387e+02    3.620387e+02  
  5   2  41   1.600000e+01    1.600000e+01    3.620387e+02    3.620387e+02  
  5   2  42   1.600000e+01    1.600000e+01    3.620387e+02    3.620387e+02  
  5   2  43   1.600000e+01    1.600000e+01    3.620387e+02    3.620387e+02  
  5   2  44   1.600000e+01    1.600000e+01    3.620387e+02    3.620387e+02  
  5   2  45   1.600000e+01    1.600000e+01    3.620387e+02    3.620387e+02  
  5   2  46   1.600000e+01    1.600000e+01    3.620387e+02    3.620387e+02  
  5   2  47   1.600000e+01    1.600000e+01    3.620387e+02    3.620387e+02  
  5   2  48   1.600000e+01    1.600000e+01    3.620387e+02    3.620387e+02  
  5   2  49   1.600000e+01    1.600000e+01    3.620387e+02    3.620387e+02  
  5   2  50   1.600000e+01    1.600000e+01    3.620387e+02    3.620387e+02  
  5   2  51   1.600000e+01    1.600000e+01    3.620387e+02    3.620387e+02  
  5   2  52   1.600000e+01    1.600000e+01    3.620387e+02    3.620387e+02  
  5   2  53   1.600000e+01    1.600000e+01    3.620387e+02    3.620387e+02  
  5   2  54   1.600000e+01    1.600000e+01    3.620387e+02    3.620387e+02  
  5   2  55   1.600000e+01    1.600000e+01    3.620387e+02    3.620387e+02  
  5   2  56   1.600000e+01    1.600000e+01    3.620387e+02    3.620387e+02  
  5   2  57   1.600000e+01    1.600000e+01    3.620387e+02    3.620387e+02  
  5   2  58   1.600000e+01    1.600000e+01    3.620387e+02    3.620387e+02  
  5   2  59   1.600000e+01    1.600000e+01    3.620387e+02    3.620387e+02  
  5   2  60   1.600000e+01    1.600000e+01    3.620387e+02    3.620387e+02  
  5   2  61   1.600000e+01    1.600000e+01    3.620387e+02    3.620387e+02  
  5   2  62   1.600000e+01    1.600000e+01    3.620387e+02    3.620387e+02  
  5   3   1   1.600000e+01    1.600000e+01    3.620387e+02    3.620387e+02  
  5   3   2   1.600000e+01    1.600000e+01    3.620387e+02    3.620387e+02  
  5   3   3   1.600000e+01    1.600000e+01    3.620387e+02    3.620387e+02  
  5   3   4   1.600000e+01    1.600000e+01    3.620387e+02    3.620387e+02  
  5   3   5   1.600000e+01    1.600000e+01    3.620387e+02    3.620387e+02  
  6   1   1   1.600000e+01    1.600000e+01    3.620387e+02    3.620387e+02  
  6   1   2   1.600000e+01    1.600000e+01    3.620387e+02    3.620387e+02  
  6   1   3   1.600000e+01    1.600000e+01    3.620387e+02    3.620387e+02  
  6   1   4   1.600000e+01    1.600000e+01    3.620387e+02    3.620387e+02  
  6   1   5   1.600000e+01    1.600000e+01    3.620387e+02    3.620387e+02  
  6   1   6   1.600000e+01    1.600000e+01    3.620387e+02    3.620387e+02  
  6   1   7   1.600000e+01    1.600000e+01    3.620387e+02    3.620387e+02  
  6   1   8   1.600000e+01    1.600000e+01    3.620387e+02    3.620387e+02  
  6   1   9   1.600000e+01    1.600000e+01    3.620387e+02    3.620387e+02  
  6   1  10   1.600000e+01    1.600000e+01    3.620387e+02    3.620387e+02  
  6   1  11   1.600000e+01    1.600000e+01    3.620387e+02    3.620387e+02  
  6   1  12   1.600000e+01    1.600000e+01    3.620387e+02    3.620387e+02  
  6   1  13   1.600000e+01    1.600000e+01    3.620387e+02    3.620387e+02  
  6   1  14   1.600000e+01    1.600000e+01    3.620387e+02    3.620387e+02  
  6   1  15   1.600000e+01    1.600000e+01    3.620387e+02    3.620387e+02  
  6   1  16   1.600000e+01    1.600000e+01    3.620387e+02    3.620387e+02  
  6   1  17   1.600000e+01    1.600000e+01    3.620387e+02    3.620387e+02  
  6   1  18   1.600000e+01    1.600000e+01    3.620387e+02    3.620387e+02  
  6   1  19   1.600000e+01    1.600000e+01    3.620387e+02    3.620387e+02  
  6   1  20   1.600000e+01    1.600000e+01    3.620387e+02    3.620387e+02  
  6   1  21   1.600000e+01    1.600000e+01    3.620387e+02    3.620387e+02  
  6   1  22   1.600000e+01    1.600000e+01    3.620387e+02    3.620387e+02  
  6   1  23   1.600000e+01    1.600000e+01    3.620387e+02    3.620387e+02  
  6   2   1   1.600000e+01    1.600000e+01    3.620387e+02    3.620387e+02  
  6   2   2   1.600000e+01    1.600000e+01    3.620387e+02    3.620387e+02  
  6   2   3   1.600000e+01    1.600000e+01    3.620387e+02    3.620387e+02  
  6   2   4   1.600000e+01    1.600000e+01    3.620387e+02    3.620387e+02  
  6   2   5   1.600000e+01    1.600000e+01    3.620387e+02    3.620387e+02  
  6   2   6   1.600000e+01    1.600000e+01    3.620387e+02    3.620387e+02  
  6   2   7   1.600000e+01    1.600000e+01    3.620387e+02    3.620387e+02  
  6   2   8   1.600000e+01    1.600000e+01    3.620387e+02    3.620387e+02  
  6   2   9   1.600000e+01    1.600000e+01    3.620387e+02    3.620387e+02  
  6   2  10   1.600000e+01    1.600000e+01    3.620387e+02    3.620387e+02  
  6   2  11   1.600000e+01    1.600000e+01    3.620387e+02    3.620387e+02  
  6   2  12   1.600000e+01    1.600000e+01    3.620387e+02    3.620387e+02  
  6   2  13   1.600000e+01    1.600000e+01    3.620387e+02    3.620387e+02  
  6   2  14   1.600000e+01    1.600000e+01    3.620387e+02    3.620387e+02  
  6   2  15   1.600000e+01    1.600000e+01    3.620387e+02    3.620387e+02  
  6   2  16   1.600000e+01    1.600000e+01    3.620387e+02    3.620387e+02  
  6   2  17   1.600000e+01    1.600000e+01    3.620387e+02    3.620387e+02  
  6   2  18   1.600000e+01    1.600000e+01    3.620387e+02    3.620387e+02  
  6   2  19   1.600000e+01    1.600000e+01    3.620387e+02    3.620387e+02  
  6   2  20   1.600000e+01    1.600000e+01    3.620387e+02    3.620387e+02  
  6   2  21   1.600000e+01    1.600000e+01    3.620387e+02    3.620387e+02  
  6   2  22   1.600000e+01    1.600000e+01    3.620387e+02    3.620387e+02  
  6   2  23   1.600000e+01    1.600000e+01    3.620387e+02    3.620387e+02  
  6   2  24   1.600000e+01    1.600000e+01    3.620387e+02    3.620387e+02  
  6   2  25   1.600000e+01    1.600000e+01    3.620387e+02    3.620387e+02  
  6   2  26   1.600000e+01    1.600000e+01    3.620387e+02    3.620387e+02  
  6   2  27   1.600000e+01    1.600000e+01    3.620387e+02    3.620387e+02  
  6   2  28   1.600000e+01    1.600000e+01    3.620387e+02    3.620387e+02  
  6   2  29   1.600000e+01    1.600000e+01    3.620387e+02    3.620387e+02  
  6   2  30   1.600000e+01    1.600000e+01    3.620387e+02    3.620387e+02  
  6   2  31   1.600000e+01    1.600000e+01    3.620387e+02    3.620387e+02  
  6   2  32   1.600000e+01    1.600000e+01    3.620387e+02    3.620387e+02  
  6   2  33   1.600000e+01    1.600000e+01    3.620387e+02    3.620387e+02  
  6   2  34   1.600000e+01    1.600000e+01    3.620387e+02    3.620387e+02  
  6   2  35   1.600000e+01    1.600000e+01    3.620387e+02    3.620387e+02  
  6   2  36   1.600000e+01    1.600000e+01    3.620387e+02    3.620387e+02  
  6   2  37   1.600000e+01    1.600000e+01    3.620387e+02    3.620387e+02  
  6   2  38   1.600000e+01    1.600000e+01    3.620387e+02    3.620387e+02  
  6   2  39   1.600000e+01    1.600000e+01    3.620387e+02    3.620387e+02  
  6   2  40   1.600000e+01    1.600000e+01    3.620387e+02    3.620387e+02  
  6   2  41   1.600000e+01    1.600000e+01    3.620387e+02    3.620387e+02  
  6   2  42   1.600000e+01    1.600000e+01    3.620387e+02    3.620387e+02  
  6   2  43   1.600000e+01    1.600000e+01    3.620387e+02    3.620387e+02  
  6   2  44   1.600000e+01    1.600000e+01    3.620387e+02    3.620387e+02  
  6   2  45   1.600000e+01    1.600000e+01    3.620387e+02    3.620387e+02  
  6   2  46   1.600000e+01    1.600000e+01    3.620387e+02    3.620387e+02  
  6   2  47   1.600000e+01    1.600000e+01    3.620387e+02    3.620387e+02  
  6   2  48   1.600000e+01    1.600000e+01    3.620387e+02    3.620387e+02  
  6   2  49   1.600000e+01    1.600000e+01    3.620387e+02    3.620387e+02  
  6   2  50   1.600000e+01    1.600000e+01    3.620387e+02    3.620387e+02  
  6   2  51   1.600000e+01    1.600000e+01    3.620387e+02    3.620387e+02  
  6   2  52   1.600000e+01    1.600000e+01    3.620387e+02    3.620387e+02  
  6   2  53   1.600000e+01    1.600000e+01    3.620387e+02    3.620387e+02  
  6   2  54   1.600000e+01    1.600000e+01    3.620387e+02    3.620387e+02  
  6   2  55   1.600000e+01    1.600000e+01    3.620387e+02    3.620387e+02  
  6   2  56   1.600000e+01    1.600000e+01    3.620387e+02    3.620387e+02  
  6   2  57   1.600000e+01    1.600000e+01    3.620387e+02    3.620387e+02  
  6   2  58   1.600000e+01    1.600000e+01    3.620387e+02    3.620387e+02  
  6   2  59   1.600000e+01    1.600000e+01    3.620387e+02    3.620387e+02  
  6   2  60   1.600000e+01    1.600000e+01    3.620387e+02    3.620387e+02  
  6   2  61   1.600000e+01    1.600000e+01    3.620387e+02    3.620387e+02  
  6   2  62   1.600000e+01    1.600000e+01    3.620387e+02    3.620387e+02  
  6   3   1   1.600000e+01    1.600000e+01    3.620387e+02    3.620387e+02  
  6   3   2   1.600000e+01    1.600000e+01    3.620387e+02    3.620387e+02  
  6   3   3   1.600000e+01    1.600000e+01    3.620387e+02    3.620387e+02  
  6   3   4   1.600000e+01    1.600000e+01    3.620387e+02    3.620387e+02  
  6   3   5   1.600000e+01    1.600000e+01    3.620387e+02    3.620387e+02  
