1 1 1 0.000
1 1 2 0.000
1 1 3 0.000
1 1 4 0.000
1 1 5 0.000
1 1 6 0.000
1 1 7 0.000
1 1 8 0.000
1 1 9 0.000
1 1 10 0.000
1 1 11 0.000
1 1 12 0.000
1 1 13 0.000
1 1 14 0.000
1 1 15 0.000
1 1 16 0.000
1 1 17 0.000
1 1 18 0.000
1 1 19 0.000
1 1 20 0.000
1 1 21 0.000
1 1 22 0.000
1 1 23 0.000
1 2 1 0.000
1 2 2 0.000
1 2 3 0.000
1 2 4 0.000
1 2 5 0.000
1 2 6 0.000
1 2 7 0.000
1 2 8 0.000
1 2 9 0.000
1 2 10 0.000
1 2 11 0.000
1 2 12 0.000
1 2 13 0.000
1 2 14 0.000
1 2 15 0.000
1 2 16 0.000
1 2 17 0.000
1 2 18 0.000
1 2 19 0.000
1 2 20 0.000
1 2 21 0.000
1 2 22 0.000
1 2 23 0.000
1 2 24 0.000
1 2 25 0.000
1 2 26 0.000
1 2 27 0.000
1 2 28 0.000
1 2 29 0.000
1 2 30 0.000
1 2 31 0.000
1 2 32 0.000
1 2 33 0.000
1 2 34 0.000
1 2 35 0.000
1 2 36 0.000
1 2 37 0.000
1 2 38 0.000
1 2 39 0.000
1 2 40 0.000
1 2 41 0.000
1 2 42 0.000
1 2 43 0.000
1 2 44 0.000
1 2 45 0.000
1 2 46 0.000
1 2 47 0.000
1 2 48 0.000
1 2 49 0.000
1 2 50 0.000
1 2 51 0.000
1 2 52 0.000
1 2 53 0.000
1 2 54 0.000
1 2 55 0.000
1 2 56 0.000
1 2 57 0.000
1 2 58 0.000
1 2 59 0.000
1 2 60 0.000
1 2 61 0.000
1 2 62 0.000
1 3 1 0.000
1 3 2 0.000
1 3 3 0.000
1 3 4 0.000
1 3 5 0.000
2 1 1 -3.943
2 1 2 1.060
2 1 3 0.502
2 1 4 -2.484
2 1 5 0.000
2 1 6 3.435
2 1 7 -0.399
2 1 8 -1.384
2 1 9 -0.447
2 1 10 0.000
2 1 11 -0.273
2 1 12 1.726
2 1 13 0.307
2 1 14 1.611
2 1 15 0.064
2 1 16 -0.488
2 1 17 4.114
2 1 18 -1.389
2 1 19 -2.316
2 1 20 1.428
2 1 21 0.000
2 1 22 1.169
2 1 23 0.469
2 2 1 -1.636
2 2 2 -0.139
2 2 3 0.407
2 2 4 1.189
2 2 5 -0.465
2 2 6 -2.036
2 2 7 0.245
2 2 8 -1.526
2 2 9 1.501
2 2 10 1.119
2 2 11 1.599
2 2 12 0.525
2 2 13 -0.927
2 2 14 0.385
2 2 15 -0.926
2 2 16 0.474
2 2 17 0.535
2 2 18 0.384
2 2 19 -0.235
2 2 20 -0.372
2 2 21 -0.548
2 2 22 -0.379
2 2 23 -0.695
2 2 24 -0.800
2 2 25 -0.446
2 2 26 0.159
2 2 27 1.506
2 2 28 0.126
2 2 29 1.541
2 2 30 1.708
2 2 31 0.153
2 2 32 2.577
2 2 33 -0.138
2 2 34 -0.078
2 2 35 0.436
2 2 36 0.057
2 2 37 -0.865
2 2 38 0.143
2 2 39 -0.184
2 2 40 0.375
2 2 41 1.884
2 2 42 0.436
2 2 43 1.004
2 2 44 0.961
2 2 45 1.211
2 2 46 0.090
2 2 47 -0.828
2 2 48 1.605
2 2 49 0.892
2 2 50 1.534
2 2 51 -0.729
2 2 52 0.257
2 2 53 1.128
2 2 54 -0.398
2 2 55 -0.404
2 2 56 0.575
2 2 57 1.066
2 2 58 1.088
2 2 59 2.749
2 2 60 1.309
2 2 61 2.982
2 2 62 0.907
2 3 1 9.745
2 3 2 -0.521
2 3 3 1.068
2 3 4 0.000
2 3 5 7.082
3 1 1 0.000
3 1 2 0.000
3 1 3 0.000
3 1 4 0.000
3 1 5 0.000
3 1 6 0.000
3 1 7 0.000
3 1 8 0.000
3 1 9 0.000
3 1 10 0.000
3 1 11 0.000
3 1 12 0.000
3 1 13 0.000
3 1 14 0.000
3 1 15 0.000
3 1 16 0.000
3 1 17 0.000
3 1 18 0.000
3 1 19 0.000
3 1 20 0.000
3 1 21 0.000
3 1 22 0.000
3 1 23 0.000
3 2 1 0.000
3 2 2 0.000
3 2 3 0.000
3 2 4 0.000
3 2 5 0.000
3 2 6 0.000
3 2 7 0.000
3 2 8 0.000
3 2 9 0.000
3 2 10 0.000
3 2 11 0.000
3 2 12 0.000
3 2 13 0.000
3 2 14 0.000
3 2 15 0.000
3 2 16 0.000
3 2 17 0.000
3 2 18 0.000
3 2 19 0.000
3 2 20 0.000
3 2 21 0.000
3 2 22 0.000
3 2 23 0.000
3 2 24 0.000
3 2 25 0.000
3 2 26 0.000
3 2 27 0.000
3 2 28 0.000
3 2 29 0.000
3 2 30 0.000
3 2 31 0.000
3 2 32 0.000
3 2 33 0.000
3 2 34 0.000
3 2 35 0.000
3 2 36 0.000
3 2 37 0.000
3 2 38 0.000
3 2 39 0.000
3 2 40 0.000
3 2 41 0.000
3 2 42 0.000
3 2 43 0.000
3 2 44 0.000
3 2 45 0.000
3 2 46 0.000
3 2 47 0.000
3 2 48 0.000
3 2 49 0.000
3 2 50 0.000
3 2 51 0.000
3 2 52 0.000
3 2 53 0.000
3 2 54 0.000
3 2 55 0.000
3 2 56 0.000
3 2 57 0.000
3 2 58 0.000
3 2 59 0.000
3 2 60 0.000
3 2 61 0.000
3 2 62 0.000
3 3 1 0.000
3 3 2 0.000
3 3 3 0.000
3 3 4 0.000
3 3 5 0.000
4 1 1 0.000
4 1 2 0.000
4 1 3 0.000
4 1 4 0.000
4 1 5 0.000
4 1 6 0.000
4 1 7 0.000
4 1 8 0.000
4 1 9 0.000
4 1 10 0.000
4 1 11 0.000
4 1 12 0.000
4 1 13 0.000
4 1 14 0.000
4 1 15 0.000
4 1 16 0.000
4 1 17 0.000
4 1 18 0.000
4 1 19 0.000
4 1 20 0.000
4 1 21 0.000
4 1 22 0.000
4 1 23 0.000
4 2 1 0.000
4 2 2 0.000
4 2 3 0.000
4 2 4 0.000
4 2 5 0.000
4 2 6 0.000
4 2 7 0.000
4 2 8 0.000
4 2 9 0.000
4 2 10 0.000
4 2 11 0.000
4 2 12 0.000
4 2 13 0.000
4 2 14 0.000
4 2 15 0.000
4 2 16 0.000
4 2 17 0.000
4 2 18 0.000
4 2 19 0.000
4 2 20 0.000
4 2 21 0.000
4 2 22 0.000
4 2 23 0.000
4 2 24 0.000
4 2 25 0.000
4 2 26 0.000
4 2 27 0.000
4 2 28 0.000
4 2 29 0.000
4 2 30 0.000
4 2 31 0.000
4 2 32 0.000
4 2 33 0.000
4 2 34 0.000
4 2 35 0.000
4 2 36 0.000
4 2 37 0.000
4 2 38 0.000
4 2 39 0.000
4 2 40 0.000
4 2 41 0.000
4 2 42 0.000
4 2 43 0.000
4 2 44 0.000
4 2 45 0.000
4 2 46 0.000
4 2 47 0.000
4 2 48 0.000
4 2 49 0.000
4 2 50 0.000
4 2 51 0.000
4 2 52 0.000
4 2 53 0.000
4 2 54 0.000
4 2 55 0.000
4 2 56 0.000
4 2 57 0.000
4 2 58 0.000
4 2 59 0.000
4 2 60 0.000
4 2 61 0.000
4 2 62 0.000
4 3 1 0.000
4 3 2 0.000
4 3 3 0.000
4 3 4 0.000
4 3 5 0.000
5 1 1 0.000
5 1 2 0.000
5 1 3 0.000
5 1 4 0.000
5 1 5 0.000
5 1 6 0.000
5 1 7 0.000
5 1 8 0.000
5 1 9 0.000
5 1 10 0.000
5 1 11 0.000
5 1 12 0.000
5 1 13 0.000
5 1 14 0.000
5 1 15 0.000
5 1 16 0.000
5 1 17 0.000
5 1 18 0.000
5 1 19 0.000
5 1 20 0.000
5 1 21 0.000
5 1 22 0.000
5 1 23 0.000
5 2 1 0.000
5 2 2 0.000
5 2 3 0.000
5 2 4 0.000
5 2 5 0.000
5 2 6 0.000
5 2 7 0.000
5 2 8 0.000
5 2 9 0.000
5 2 10 0.000
5 2 11 0.000
5 2 12 0.000
5 2 13 0.000
5 2 14 0.000
5 2 15 0.000
5 2 16 0.000
5 2 17 0.000
5 2 18 0.000
5 2 19 0.000
5 2 20 0.000
5 2 21 0.000
5 2 22 0.000
5 2 23 0.000
5 2 24 0.000
5 2 25 0.000
5 2 26 0.000
5 2 27 0.000
5 2 28 0.000
5 2 29 0.000
5 2 30 0.000
5 2 31 0.000
5 2 32 0.000
5 2 33 0.000
5 2 34 0.000
5 2 35 0.000
5 2 36 0.000
5 2 37 0.000
5 2 38 0.000
5 2 39 0.000
5 2 40 0.000
5 2 41 0.000
5 2 42 0.000
5 2 43 0.000
5 2 44 0.000
5 2 45 0.000
5 2 46 0.000
5 2 47 0.000
5 2 48 0.000
5 2 49 0.000
5 2 50 0.000
5 2 51 0.000
5 2 52 0.000
5 2 53 0.000
5 2 54 0.000
5 2 55 0.000
5 2 56 0.000
5 2 57 0.000
5 2 58 0.000
5 2 59 0.000
5 2 60 0.000
5 2 61 0.000
5 2 62 0.000
5 3 1 0.000
5 3 2 0.000
5 3 3 0.000
5 3 4 0.000
5 3 5 0.000
6 1 1 0.000
6 1 2 0.000
6 1 3 0.000
6 1 4 0.000
6 1 5 0.000
6 1 6 0.000
6 1 7 0.000
6 1 8 0.000
6 1 9 0.000
6 1 10 0.000
6 1 11 0.000
6 1 12 0.000
6 1 13 0.000
6 1 14 0.000
6 1 15 0.000
6 1 16 0.000
6 1 17 0.000
6 1 18 0.000
6 1 19 0.000
6 1 20 0.000
6 1 21 0.000
6 1 22 0.000
6 1 23 0.000
6 2 1 0.000
6 2 2 0.000
6 2 3 0.000
6 2 4 0.000
6 2 5 0.000
6 2 6 0.000
6 2 7 0.000
6 2 8 0.000
6 2 9 0.000
6 2 10 0.000
6 2 11 0.000
6 2 12 0.000
6 2 13 0.000
6 2 14 0.000
6 2 15 0.000
6 2 16 0.000
6 2 17 0.000
6 2 18 0.000
6 2 19 0.000
6 2 20 0.000
6 2 21 0.000
6 2 22 0.000
6 2 23 0.000
6 2 24 0.000
6 2 25 0.000
6 2 26 0.000
6 2 27 0.000
6 2 28 0.000
6 2 29 0.000
6 2 30 0.000
6 2 31 0.000
6 2 32 0.000
6 2 33 0.000
6 2 34 0.000
6 2 35 0.000
6 2 36 0.000
6 2 37 0.000
6 2 38 0.000
6 2 39 0.000
6 2 40 0.000
6 2 41 0.000
6 2 42 0.000
6 2 43 0.000
6 2 44 0.000
6 2 45 0.000
6 2 46 0.000
6 2 47 0.000
6 2 48 0.000
6 2 49 0.000
6 2 50 0.000
6 2 51 0.000
6 2 52 0.000
6 2 53 0.000
6 2 54 0.000
6 2 55 0.000
6 2 56 0.000
6 2 57 0.000
6 2 58 0.000
6 2 59 0.000
6 2 60 0.000
6 2 61 0.000
6 2 62 0.000
6 3 1 0.000
6 3 2 0.000
6 3 3 0.000
6 3 4 0.000
6 3 5 0.000
