  1   1   1   2.357357e+01    2.357357e+01    8.400819e+01    8.400819e+01  
  1   1   2   1.738872e+01    1.738872e+01    2.810598e+01    2.810598e+01  
  1   1   3   1.298519e+01    1.298519e+01    8.306819e+00    8.306819e+00  
  1   1   4   1.418308e+01    1.418308e+01    9.318351e+00    9.318351e+00  
  1   1   5   1.522295e+01    1.522295e+01    6.096714e+00    6.096714e+00  
  1   1   6   1.928037e+01    1.928037e+01    7.867646e+00    7.867646e+00  
  1   1   7   2.096594e+01    2.096594e+01    7.871403e+00    7.871403e+00  
  1   1   8   1.475050e+01    1.475050e+01    4.114818e+00    4.114818e+00  
  1   1   9   1.053774e+01    1.053774e+01    1.612994e+00    1.612994e+00  
  1   1  10   1.826045e+01    1.826045e+01    4.640874e+00    4.640874e+00  
  1   1  11   1.547885e+01    1.547885e+01    2.166973e+00    2.166973e+00  
  1   1  12   1.829033e+01    1.829033e+01    3.087397e+00    3.087397e+00  
  1   1  13   1.957918e+01    1.957918e+01    3.828865e+00    3.828865e+00  
  1   1  14   1.648203e+01    1.648203e+01    2.391537e+00    2.391537e+00  
  1   1  15   2.216857e+01    2.216857e+01    3.992701e+00    3.992701e+00  
  1   1  16   1.146080e+01    1.146080e+01    7.995010e-01    7.995010e-01  
  1   1  17   1.709520e+01    1.709520e+01    1.911753e+00    1.911753e+00  
  1   1  18   1.183843e+01    1.183843e+01    5.458520e-01    5.458520e-01  
  1   1  19   9.253152e+00    9.253152e+00    4.419044e-01    4.419044e-01  
  1   1  20   1.852298e+01    1.852298e+01    1.825368e+00    1.825368e+00  
  1   1  21   1.800645e+01    1.800645e+01    1.167919e+00    1.167919e+00  
  1   1  22   2.086069e+01    2.086069e+01    1.711155e+00    1.711155e+00  
  1   1  23   1.405508e+01    1.405508e+01    8.641676e-01    8.641676e-01  
  1   2   1   2.199180e+01    2.199180e+01    2.467744e+02    2.467744e+02  
  1   2   2   1.539288e+01    1.539288e+01    5.347675e+01    5.347675e+01  
  1   2   3   1.517797e+01    1.517797e+01    3.966348e+01    3.966348e+01  
  1   2   4   1.669622e+01    1.669622e+01    3.152989e+01    3.152989e+01  
  1   2   5   1.600000e+01    1.600000e+01    3.620387e+02    3.620387e+02  
  1   2   6   1.154339e+01    1.154339e+01    1.165837e+01    1.165837e+01  
  1   2   7   1.759605e+01    1.759605e+01    2.031784e+01    2.031784e+01  
  1   2   8   8.965047e+00    8.965047e+00    4.673514e+00    4.673514e+00  
  1   2   9   1.025959e+01    1.025959e+01    5.464844e+00    5.464844e+00  
  1   2  10   1.206121e+01    1.206121e+01    5.685146e+00    5.685146e+00  
  1   2  11   2.202405e+01    2.202405e+01    1.666823e+01    1.666823e+01  
  1   2  12   1.264474e+01    1.264474e+01    5.492898e+00    5.492898e+00  
  1   2  13   2.009812e+01    2.009812e+01    1.075972e+01    1.075972e+01  
  1   2  14   1.744437e+01    1.744437e+01    8.555470e+00    8.555470e+00  
  1   2  15   2.032825e+01    2.032825e+01    1.050320e+01    1.050320e+01  
  1   2  16   2.307952e+01    2.307952e+01    1.497939e+01    1.497939e+01  
  1   2  17   2.278557e+01    2.278557e+01    1.227798e+01    1.227798e+01  
  1   2  18   1.656840e+01    1.656840e+01    5.353837e+00    5.353837e+00  
  1   2  19   1.920192e+01    1.920192e+01    9.072142e+00    9.072142e+00  
  1   2  20   1.307671e+01    1.307671e+01    3.870559e+00    3.870559e+00  
  1   2  21   1.468874e+01    1.468874e+01    1.796959e+00    1.796959e+00  
  1   2  22   1.995952e+01    1.995952e+01    6.023421e+00    6.023421e+00  
  1   2  23   1.752774e+01    1.752774e+01    5.579780e+00    5.579780e+00  
  1   2  24   1.749347e+01    1.749347e+01    5.472752e+00    5.472752e+00  
  1   2  25   1.396901e+01    1.396901e+01    3.020195e+00    3.020195e+00  
  1   2  26   1.855790e+01    1.855790e+01    3.953000e+00    3.953000e+00  
  1   2  27   1.144918e+01    1.144918e+01    1.170731e+00    1.170731e+00  
  1   2  28   1.195756e+01    1.195756e+01    1.441715e+00    1.441715e+00  
  1   2  29   1.684675e+01    1.684675e+01    4.106978e+00    4.106978e+00  
  1   2  30   2.323075e+01    2.323075e+01    8.186732e+00    8.186732e+00  
  1   2  31   1.493188e+01    1.493188e+01    2.276792e+00    2.276792e+00  
  1   2  32   1.760179e+01    1.760179e+01    3.044809e+00    3.044809e+00  
  1   2  33   1.794536e+01    1.794536e+01    3.219967e+00    3.219967e+00  
  1   2  34   1.863896e+01    1.863896e+01    3.662673e+00    3.662673e+00  
  1   2  35   1.782138e+01    1.782138e+01    3.116787e+00    3.116787e+00  
  1   2  36   2.300613e+01    2.300613e+01    4.386806e+00    4.386806e+00  
  1   2  37   1.606369e+01    1.606369e+01    2.824547e+00    2.824547e+00  
  1   2  38   1.769996e+01    1.769996e+01    2.719291e+00    2.719291e+00  
  1   2  39   1.616886e+01    1.616886e+01    2.266021e+00    2.266021e+00  
  1   2  40   1.436325e+01    1.436325e+01    1.636192e+00    1.636192e+00  
  1   2  41   1.352520e+01    1.352520e+01    1.111030e+00    1.111030e+00  
  1   2  42   1.725997e+01    1.725997e+01    1.488598e+00    1.488598e+00  
  1   2  43   2.033009e+01    2.033009e+01    3.219467e+00    3.219467e+00  
  1   2  44   1.769491e+01    1.769491e+01    1.809746e+00    1.809746e+00  
  1   2  45   1.662563e+01    1.662563e+01    1.951853e+00    1.951853e+00  
  1   2  46   1.711649e+01    1.711649e+01    1.830487e+00    1.830487e+00  
  1   2  47   2.120482e+01    2.120482e+01    2.944904e+00    2.944904e+00  
  1   2  48   1.345941e+01    1.345941e+01    8.111798e-01    8.111798e-01  
  1   2  49   1.115741e+01    1.115741e+01    9.522560e-01    9.522560e-01  
  1   2  50   1.711019e+01    1.711019e+01    1.843118e+00    1.843118e+00  
  1   2  51   1.569667e+01    1.569667e+01    1.603708e+00    1.603708e+00  
  1   2  52   1.988254e+01    1.988254e+01    2.190076e+00    2.190076e+00  
  1   2  53   1.312953e+01    1.312953e+01    1.349975e+00    1.349975e+00  
  1   2  54   1.689669e+01    1.689669e+01    1.558832e+00    1.558832e+00  
  1   2  55   2.022162e+01    2.022162e+01    2.765722e+00    2.765722e+00  
  1   2  56   1.417665e+01    1.417665e+01    1.131535e+00    1.131535e+00  
  1   2  57   1.773669e+01    1.773669e+01    1.696226e+00    1.696226e+00  
  1   2  58   1.948785e+01    1.948785e+01    2.234362e+00    2.234362e+00  
  1   2  59   2.612480e+01    2.612480e+01    4.418208e+00    4.418208e+00  
  1   2  60   1.479366e+01    1.479366e+01    1.297703e+00    1.297703e+00  
  1   2  61   1.087136e+01    1.087136e+01    6.201668e-01    6.201668e-01  
  1   2  62   1.628086e+01    1.628086e+01    1.388638e+00    1.388638e+00  
  1   3   1   1.590193e+01    1.590193e+01    5.838904e-01    5.838904e-01  
  1   3   2   1.312645e+01    1.312645e+01    4.855816e-01    4.855816e-01  
  1   3   3   1.751523e+01    1.751523e+01    1.396762e+00    1.396762e+00  
  1   3   4   1.653722e+01    1.653722e+01    1.075817e+00    1.075817e+00  
  1   3   5   1.763392e+01    1.763392e+01    1.239422e+00    1.239422e+00  
  2   1   1   1.383216e+01    1.383216e+01    3.202139e+01    3.202139e+01  
  2   1   2   1.186775e+01    1.186775e+01    1.099450e+01    1.099450e+01  
  2   1   3   2.257178e+01    2.257178e+01    2.613516e+01    2.613516e+01  
  2   1   4   1.311944e+01    1.311944e+01    7.194861e+00    7.194861e+00  
  2   1   5   1.786101e+01    1.786101e+01    1.002765e+01    1.002765e+01  
  2   1   6   1.652058e+01    1.652058e+01    6.252230e+00    6.252230e+00  
  2   1   7   1.546213e+01    1.546213e+01    5.555405e+00    5.555405e+00  
  2   1   8   2.060990e+01    2.060990e+01    6.754146e+00    6.754146e+00  
  2   1   9   2.091646e+01    2.091646e+01    7.039374e+00    7.039374e+00  
  2   1  10   1.374762e+01    1.374762e+01    2.528143e+00    2.528143e+00  
  2   1  11   1.640491e+01    1.640491e+01    2.797741e+00    2.797741e+00  
  2   1  12   1.243928e+01    1.243928e+01    1.119256e+00    1.119256e+00  
  2   1  13   1.600000e+01    1.600000e+01    3.620387e+02    3.620387e+02  
  2   1  14   1.660547e+01    1.660547e+01    2.008998e+00    2.008998e+00  
  2   1  15   2.253851e+01    2.253851e+01    3.367469e+00    3.367469e+00  
  2   1  16   1.617243e+01    1.617243e+01    1.644273e+00    1.644273e+00  
  2   1  17   1.996738e+01    1.996738e+01    2.497160e+00    2.497160e+00  
  2   1  18   1.660128e+01    1.660128e+01    1.671415e+00    1.671415e+00  
  2   1  19   1.696870e+01    1.696870e+01    1.502784e+00    1.502784e+00  
  2   1  20   2.774560e+01    2.774560e+01    3.820945e+00    3.820945e+00  
  2   1  21   2.144652e+01    2.144652e+01    2.209103e+00    2.209103e+00  
  2   1  22   1.647724e+01    1.647724e+01    1.177659e+00    1.177659e+00  
  2   1  23   1.354306e+01    1.354306e+01    8.076948e-01    8.076948e-01  
  2   2   1   1.880496e+01    1.880496e+01    1.475756e+02    1.475756e+02  
  2   2   2   1.990421e+01    1.990421e+01    9.545387e+01    9.545387e+01  
  2   2   3   1.235030e+01    1.235030e+01    2.239593e+01    2.239593e+01  
  2   2   4   2.213077e+01    2.213077e+01    6.476479e+01    6.476479e+01  
  2   2   5   1.548328e+01    1.548328e+01    1.774771e+01    1.774771e+01  
  2   2   6   1.897842e+01    1.897842e+01    3.024940e+01    3.024940e+01  
  2   2   7   9.594768e+00    9.594768e+00    5.592689e+00    5.592689e+00  
  2   2   8   1.829574e+01    1.829574e+01    1.981805e+01    1.981805e+01  
  2   2   9   1.683508e+01    1.683508e+01    1.457104e+01    1.457104e+01  
  2   2  10   2.364002e+01    2.364002e+01    2.423888e+01    2.423888e+01  
  2   2  11   1.713847e+01    1.713847e+01    9.509817e+00    9.509817e+00  
  2   2  12   2.378553e+01    2.378553e+01    1.800528e+01    1.800528e+01  
  2   2  13   1.638406e+01    1.638406e+01    7.418954e+00    7.418954e+00  
  2   2  14   1.465841e+01    1.465841e+01    6.504798e+00    6.504798e+00  
  2   2  15   1.498637e+01    1.498637e+01    6.673496e+00    6.673496e+00  
  2   2  16   2.105552e+01    2.105552e+01    1.231442e+01    1.231442e+01  
  2   2  17   1.909036e+01    1.909036e+01    7.919966e+00    7.919966e+00  
  2   2  18   1.775187e+01    1.775187e+01    6.890110e+00    6.890110e+00  
  2   2  19   2.520538e+01    2.520538e+01    1.465899e+01    1.465899e+01  
  2   2  20   2.042135e+01    2.042135e+01    6.203598e+00    6.203598e+00  
  2   2  21   1.276708e+01    1.276708e+01    2.469976e+00    2.469976e+00  
  2   2  22   2.044421e+01    2.044421e+01    7.344340e+00    7.344340e+00  
  2   2  23   1.938155e+01    1.938155e+01    6.584357e+00    6.584357e+00  
  2   2  24   1.940410e+01    1.940410e+01    5.248744e+00    5.248744e+00  
  2   2  25   2.102664e+01    2.102664e+01    7.329133e+00    7.329133e+00  
  2   2  26   1.532707e+01    1.532707e+01    3.282117e+00    3.282117e+00  
  2   2  27   1.849656e+01    1.849656e+01    4.247843e+00    4.247843e+00  
  2   2  28   2.089001e+01    2.089001e+01    6.722434e+00    6.722434e+00  
  2   2  29   1.903019e+01    1.903019e+01    4.209664e+00    4.209664e+00  
  2   2  30   2.399616e+01    2.399616e+01    8.648255e+00    8.648255e+00  
  2   2  31   1.746496e+01    1.746496e+01    4.202332e+00    4.202332e+00  
  2   2  32   2.107805e+01    2.107805e+01    5.072107e+00    5.072107e+00  
  2   2  33   1.621604e+01    1.621604e+01    2.694192e+00    2.694192e+00  
  2   2  34   1.618228e+01    1.618228e+01    3.494671e+00    3.494671e+00  
  2   2  35   1.519674e+01    1.519674e+01    1.667956e+00    1.667956e+00  
  2   2  36   1.945960e+01    1.945960e+01    4.129747e+00    4.129747e+00  
  2   2  37   1.616222e+01    1.616222e+01    2.416189e+00    2.416189e+00  
  2   2  38   1.887266e+01    1.887266e+01    2.713975e+00    2.713975e+00  
  2   2  39   1.576766e+01    1.576766e+01    2.564881e+00    2.564881e+00  
  2   2  40   1.809675e+01    1.809675e+01    2.599737e+00    2.599737e+00  
  2   2  41   2.047265e+01    2.047265e+01    2.602296e+00    2.602296e+00  
  2   2  42   1.125905e+01    1.125905e+01    6.694101e-01    6.694101e-01  
  2   2  43   1.828745e+01    1.828745e+01    1.951991e+00    1.951991e+00  
  2   2  44   2.241209e+01    2.241209e+01    3.132869e+00    3.132869e+00  
  2   2  45   1.621746e+01    1.621746e+01    2.206910e+00    2.206910e+00  
  2   2  46   2.220273e+01    2.220273e+01    2.863736e+00    2.863736e+00  
  2   2  47   1.194320e+01    1.194320e+01    1.012875e+00    1.012875e+00  
  2   2  48   2.087308e+01    2.087308e+01    3.058072e+00    3.058072e+00  
  2   2  49   2.472588e+01    2.472588e+01    4.410937e+00    4.410937e+00  
  2   2  50   2.556672e+01    2.556672e+01    2.835225e+00    2.835225e+00  
  2   2  51   1.981707e+01    1.981707e+01    2.142040e+00    2.142040e+00  
  2   2  52   2.000194e+01    2.000194e+01    3.065634e+00    3.065634e+00  
  2   2  53   2.092463e+01    2.092463e+01    2.445502e+00    2.445502e+00  
  2   2  54   1.580537e+01    1.580537e+01    1.654866e+00    1.654866e+00  
  2   2  55   2.216893e+01    2.216893e+01    3.266864e+00    3.266864e+00  
  2   2  56   2.213597e+01    2.213597e+01    3.071883e+00    3.071883e+00  
  2   2  57   1.756224e+01    1.756224e+01    1.847830e+00    1.847830e+00  
  2   2  58   1.732850e+01    1.732850e+01    1.703738e+00    1.703738e+00  
  2   2  59   1.714822e+01    1.714822e+01    1.536276e+00    1.536276e+00  
  2   2  60   1.411730e+01    1.411730e+01    1.049711e+00    1.049711e+00  
  2   2  61   1.965606e+01    1.965606e+01    1.722864e+00    1.722864e+00  
  2   2  62   1.753353e+01    1.753353e+01    1.870660e+00    1.870660e+00  
  2   3   1   1.574985e+01    1.574985e+01    7.096638e-01    7.096638e-01  
  2   3   2   2.530177e+01    2.530177e+01    1.980559e+00    1.980559e+00  
  2   3   3   2.188372e+01    2.188372e+01    2.040349e+00    2.040349e+00  
  2   3   4   1.351010e+01    1.351010e+01    5.106239e-01    5.106239e-01  
  2   3   5   1.991697e+01    1.991697e+01    2.003816e+00    2.003816e+00  
  3   1   1   1.623619e+01    1.623619e+01    3.449714e+01    3.449714e+01  
  3   1   2   2.001905e+01    2.001905e+01    3.620270e+01    3.620270e+01  
  3   1   3   1.693783e+01    1.693783e+01    1.395277e+01    1.395277e+01  
  3   1   4   1.184079e+01    1.184079e+01    4.565670e+00    4.565670e+00  
  3   1   5   1.594950e+01    1.594950e+01    6.946028e+00    6.946028e+00  
  3   1   6   1.619447e+01    1.619447e+01    5.578466e+00    5.578466e+00  
  3   1   7   2.001814e+01    2.001814e+01    8.479085e+00    8.479085e+00  
  3   1   8   2.404070e+01    2.404070e+01    8.887853e+00    8.887853e+00  
  3   1   9   1.612499e+01    1.612499e+01    3.622748e+00    3.622748e+00  
  3   1  10   1.628438e+01    1.628438e+01    3.758204e+00    3.758204e+00  
  3   1  11   1.677430e+01    1.677430e+01    2.856385e+00    2.856385e+00  
  3   1  12   2.093636e+01    2.093636e+01    4.230288e+00    4.230288e+00  
  3   1  13   1.711387e+01    1.711387e+01    2.391186e+00    2.391186e+00  
  3   1  14   1.308397e+01    1.308397e+01    1.073334e+00    1.073334e+00  
  3   1  15   1.875851e+01    1.875851e+01    1.836563e+00    1.836563e+00  
  3   1  16   1.400972e+01    1.400972e+01    1.095666e+00    1.095666e+00  
  3   1  17   2.169091e+01    2.169091e+01    3.248876e+00    3.248876e+00  
  3   1  18   9.723214e+00    9.723214e+00    3.998660e-01    3.998660e-01  
  3   1  19   1.005574e+01    1.005574e+01    7.880271e-01    7.880271e-01  
  3   1  20   1.737210e+01    1.737210e+01    1.550590e+00    1.550590e+00  
  3   1  21   1.735513e+01    1.735513e+01    1.472675e+00    1.472675e+00  
  3   1  22   2.469784e+01    2.469784e+01    2.993698e+00    2.993698e+00  
  3   1  23   1.659390e+01    1.659390e+01    1.224802e+00    1.224802e+00  
  3   2   1   2.201645e+01    2.201645e+01    2.174165e+02    2.174165e+02  
  3   2   2   1.518354e+01    1.518354e+01    4.087683e+01    4.087683e+01  
  3   2   3   1.467319e+01    1.467319e+01    3.424544e+01    3.424544e+01  
  3   2   4   1.891192e+01    1.891192e+01    4.234385e+01    4.234385e+01  
  3   2   5   1.735057e+01    1.735057e+01    2.881866e+01    2.881866e+01  
  3   2   6   1.737353e+01    1.737353e+01    2.060600e+01    2.060600e+01  
  3   2   7   1.580982e+01    1.580982e+01    1.585033e+01    1.585033e+01  
  3   2   8   1.019265e+01    1.019265e+01    5.182939e+00    5.182939e+00  
  3   2   9   1.832834e+01    1.832834e+01    1.337649e+01    1.337649e+01  
  3   2  10   1.690199e+01    1.690199e+01    1.286054e+01    1.286054e+01  
  3   2  11   1.355827e+01    1.355827e+01    6.555135e+00    6.555135e+00  
  3   2  12   1.736160e+01    1.736160e+01    1.017713e+01    1.017713e+01  
  3   2  13   1.458927e+01    1.458927e+01    6.708344e+00    6.708344e+00  
  3   2  14   2.037852e+01    2.037852e+01    1.262528e+01    1.262528e+01  
  3   2  15   2.026241e+01    2.026241e+01    1.007551e+01    1.007551e+01  
  3   2  16   1.657790e+01    1.657790e+01    7.270500e+00    7.270500e+00  
  3   2  17   1.395493e+01    1.395493e+01    4.241589e+00    4.241589e+00  
  3   2  18   1.604817e+01    1.604817e+01    4.548318e+00    4.548318e+00  
  3   2  19   1.744342e+01    1.744342e+01    6.226652e+00    6.226652e+00  
  3   2  20   1.995295e+01    1.995295e+01    1.073572e+01    1.073572e+01  
  3   2  21   1.528553e+01    1.528553e+01    3.552309e+00    3.552309e+00  
  3   2  22   2.121154e+01    2.121154e+01    7.496284e+00    7.496284e+00  
  3   2  23   1.947095e+01    1.947095e+01    7.686459e+00    7.686459e+00  
  3   2  24   1.822644e+01    1.822644e+01    6.112428e+00    6.112428e+00  
  3   2  25   1.580257e+01    1.580257e+01    3.925159e+00    3.925159e+00  
  3   2  26   8.917049e+00    8.917049e+00    1.158575e+00    1.158575e+00  
  3   2  27   2.148017e+01    2.148017e+01    6.883903e+00    6.883903e+00  
  3   2  28   1.836776e+01    1.836776e+01    4.731963e+00    4.731963e+00  
  3   2  29   1.258623e+01    1.258623e+01    2.177358e+00    2.177358e+00  
  3   2  30   1.971750e+01    1.971750e+01    4.692694e+00    4.692694e+00  
  3   2  31   1.698816e+01    1.698816e+01    2.405518e+00    2.405518e+00  
  3   2  32   1.313290e+01    1.313290e+01    2.025513e+00    2.025513e+00  
  3   2  33   1.380786e+01    1.380786e+01    1.675573e+00    1.675573e+00  
  3   2  34   1.671330e+01    1.671330e+01    3.120126e+00    3.120126e+00  
  3   2  35   2.047643e+01    2.047643e+01    3.089068e+00    3.089068e+00  
  3   2  36   1.470517e+01    1.470517e+01    1.540466e+00    1.540466e+00  
  3   2  37   1.153414e+01    1.153414e+01    1.074332e+00    1.074332e+00  
  3   2  38   1.400235e+01    1.400235e+01    1.692146e+00    1.692146e+00  
  3   2  39   1.340586e+01    1.340586e+01    1.411944e+00    1.411944e+00  
  3   2  40   1.400372e+01    1.400372e+01    1.305614e+00    1.305614e+00  
  3   2  41   1.284958e+01    1.284958e+01    1.388191e+00    1.388191e+00  
  3   2  42   2.059717e+01    2.059717e+01    2.953033e+00    2.953033e+00  
  3   2  43   1.947223e+01    1.947223e+01    2.628481e+00    2.628481e+00  
  3   2  44   1.555051e+01    1.555051e+01    1.947422e+00    1.947422e+00  
  3   2  45   1.345307e+01    1.345307e+01    9.809896e-01    9.809896e-01  
  3   2  46   2.045115e+01    2.045115e+01    2.322500e+00    2.322500e+00  
  3   2  47   1.876328e+01    1.876328e+01    2.358760e+00    2.358760e+00  
  3   2  48   1.934832e+01    1.934832e+01    2.718717e+00    2.718717e+00  
  3   2  49   1.564286e+01    1.564286e+01    1.754737e+00    1.754737e+00  
  3   2  50   1.522631e+01    1.522631e+01    1.740405e+00    1.740405e+00  
  3   2  51   1.425990e+01    1.425990e+01    1.014094e+00    1.014094e+00  
  3   2  52   1.582058e+01    1.582058e+01    1.800072e+00    1.800072e+00  
  3   2  53   1.854073e+01    1.854073e+01    2.007154e+00    2.007154e+00  
  3   2  54   1.690780e+01    1.690780e+01    2.068850e+00    2.068850e+00  
  3   2  55   2.137933e+01    2.137933e+01    3.367875e+00    3.367875e+00  
  3   2  56   1.389418e+01    1.389418e+01    1.050405e+00    1.050405e+00  
  3   2  57   1.855327e+01    1.855327e+01    2.374165e+00    2.374165e+00  
  3   2  58   1.561662e+01    1.561662e+01    1.702705e+00    1.702705e+00  
  3   2  59   1.729578e+01    1.729578e+01    2.440227e+00    2.440227e+00  
  3   2  60   1.694327e+01    1.694327e+01    1.661578e+00    1.661578e+00  
  3   2  61   1.348109e+01    1.348109e+01    1.095048e+00    1.095048e+00  
  3   2  62   1.870331e+01    1.870331e+01    2.318538e+00    2.318538e+00  
  3   3   1   1.427528e+01    1.427528e+01    5.843610e-01    5.843610e-01  
  3   3   2   1.112467e+01    1.112467e+01    3.121638e-01    3.121638e-01  
  3   3   3   1.600000e+01    1.600000e+01    3.620387e+02    3.620387e+02  
  3   3   4   1.434444e+01    1.434444e+01    8.789360e-01    8.789360e-01  
  3   3   5   1.018732e+01    1.018732e+01    8.650501e-01    8.650501e-01  
  4   1   1   1.609993e+01    1.609993e+01    3.236111e+01    3.236111e+01  
  4   1   2   2.112390e+01    2.112390e+01    3.018355e+01    3.018355e+01  
  4   1   3   1.426539e+01    1.426539e+01    7.790585e+00    7.790585e+00  
  4   1   4   1.126705e+01    1.126705e+01    5.008197e+00    5.008197e+00  
  4   1   5   2.224871e+01    2.224871e+01    1.639499e+01    1.639499e+01  
  4   1   6   1.714395e+01    1.714395e+01    6.715341e+00    6.715341e+00  
  4   1   7   1.188237e+01    1.188237e+01    1.915306e+00    1.915306e+00  
  4   1   8   2.170138e+01    2.170138e+01    9.372557e+00    9.372557e+00  
  4   1   9   1.525887e+01    1.525887e+01    2.832313e+00    2.832313e+00  
  4   1  10   1.548864e+01    1.548864e+01    3.359414e+00    3.359414e+00  
  4   1  11   1.376273e+01    1.376273e+01    1.515239e+00    1.515239e+00  
  4   1  12   1.970904e+01    1.970904e+01    4.155211e+00    4.155211e+00  
  4   1  13   1.579800e+01    1.579800e+01    2.086681e+00    2.086681e+00  
  4   1  14   2.218146e+01    2.218146e+01    3.963233e+00    3.963233e+00  
  4   1  15   1.421710e+01    1.421710e+01    1.315227e+00    1.315227e+00  
  4   1  16   2.105848e+01    2.105848e+01    2.381288e+00    2.381288e+00  
  4   1  17   1.470853e+01    1.470853e+01    1.066337e+00    1.066337e+00  
  4   1  18   1.615506e+01    1.615506e+01    1.228321e+00    1.228321e+00  
  4   1  19   1.330310e+01    1.330310e+01    9.777444e-01    9.777444e-01  
  4   1  20   1.975743e+01    1.975743e+01    1.876675e+00    1.876675e+00  
  4   1  21   1.738592e+01    1.738592e+01    1.217509e+00    1.217509e+00  
  4   1  22   2.022687e+01    2.022687e+01    2.116380e+00    2.116380e+00  
  4   1  23   1.911063e+01    1.911063e+01    1.304269e+00    1.304269e+00  
  4   2   1   2.531946e+01    2.531946e+01    3.102467e+02    3.102467e+02  
  4   2   2   2.068446e+01    2.068446e+01    7.397786e+01    7.397786e+01  
  4   2   3   2.258369e+01    2.258369e+01    9.060284e+01    9.060284e+01  
  4   2   4   1.422491e+01    1.422491e+01    2.189447e+01    2.189447e+01  
  4   2   5   1.840880e+01    1.840880e+01    3.661031e+01    3.661031e+01  
  4   2   6   1.276906e+01    1.276906e+01    1.429523e+01    1.429523e+01  
  4   2   7   1.746562e+01    1.746562e+01    1.785361e+01    1.785361e+01  
  4   2   8   1.730576e+01    1.730576e+01    1.750677e+01    1.750677e+01  
  4   2   9   1.647619e+01    1.647619e+01    1.452044e+01    1.452044e+01  
  4   2  10   1.291186e+01    1.291186e+01    6.032501e+00    6.032501e+00  
  4   2  11   1.666431e+01    1.666431e+01    7.375462e+00    7.375462e+00  
  4   2  12   2.118790e+01    2.118790e+01    1.806487e+01    1.806487e+01  
  4   2  13   2.280177e+01    2.280177e+01    1.548455e+01    1.548455e+01  
  4   2  14   2.535950e+01    2.535950e+01    2.032365e+01    2.032365e+01  
  4   2  15   1.829484e+01    1.829484e+01    9.999111e+00    9.999111e+00  
  4   2  16   1.121664e+01    1.121664e+01    2.544151e+00    2.544151e+00  
  4   2  17   1.627416e+01    1.627416e+01    6.561044e+00    6.561044e+00  
  4   2  18   1.303568e+01    1.303568e+01    3.479900e+00    3.479900e+00  
  4   2  19   1.439460e+01    1.439460e+01    4.542628e+00    4.542628e+00  
  4   2  20   2.459185e+01    2.459185e+01    9.935982e+00    9.935982e+00  
  4   2  21   2.096439e+01    2.096439e+01    7.358546e+00    7.358546e+00  
  4   2  22   1.655228e+01    1.655228e+01    4.537498e+00    4.537498e+00  
  4   2  23   1.750410e+01    1.750410e+01    4.453641e+00    4.453641e+00  
  4   2  24   1.732549e+01    1.732549e+01    5.074711e+00    5.074711e+00  
  4   2  25   1.202300e+01    1.202300e+01    2.795258e+00    2.795258e+00  
  4   2  26   1.918909e+01    1.918909e+01    4.571644e+00    4.571644e+00  
  4   2  27   1.938830e+01    1.938830e+01    4.960466e+00    4.960466e+00  
  4   2  28   1.276755e+01    1.276755e+01    1.846192e+00    1.846192e+00  
  4   2  29   1.674501e+01    1.674501e+01    3.115571e+00    3.115571e+00  
  4   2  30   1.815641e+01    1.815641e+01    4.326957e+00    4.326957e+00  
  4   2  31   1.593849e+01    1.593849e+01    2.459801e+00    2.459801e+00  
  4   2  32   1.600000e+01    1.600000e+01    3.620387e+02    3.620387e+02  
  4   2  33   2.202729e+01    2.202729e+01    4.522580e+00    4.522580e+00  
  4   2  34   1.994622e+01    1.994622e+01    4.055126e+00    4.055126e+00  
  4   2  35   1.542050e+01    1.542050e+01    2.105378e+00    2.105378e+00  
  4   2  36   1.696237e+01    1.696237e+01    2.323860e+00    2.323860e+00  
  4   2  37   1.588448e+01    1.588448e+01    2.147820e+00    2.147820e+00  
  4   2  38   1.428926e+01    1.428926e+01    1.403126e+00    1.403126e+00  
  4   2  39   1.360136e+01    1.360136e+01    1.251425e+00    1.251425e+00  
  4   2  40   2.273316e+01    2.273316e+01    4.420083e+00    4.420083e+00  
  4   2  41   1.775335e+01    1.775335e+01    2.920494e+00    2.920494e+00  
  4   2  42   1.625114e+01    1.625114e+01    1.774804e+00    1.774804e+00  
  4   2  43   1.303581e+01    1.303581e+01    1.192726e+00    1.192726e+00  
  4   2  44   2.490357e+01    2.490357e+01    3.943908e+00    3.943908e+00  
  4   2  45   1.981672e+01    1.981672e+01    2.481429e+00    2.481429e+00  
  4   2  46   1.003779e+01    1.003779e+01    4.740275e-01    4.740275e-01  
  4   2  47   1.570747e+01    1.570747e+01    1.704594e+00    1.704594e+00  
  4   2  48   1.730462e+01    1.730462e+01    1.851031e+00    1.851031e+00  
  4   2  49   1.975521e+01    1.975521e+01    1.927103e+00    1.927103e+00  
  4   2  50   2.007647e+01    2.007647e+01    2.467039e+00    2.467039e+00  
  4   2  51   2.656083e+01    2.656083e+01    4.853696e+00    4.853696e+00  
  4   2  52   1.385570e+01    1.385570e+01    6.629269e-01    6.629269e-01  
  4   2  53   2.172498e+01    2.172498e+01    2.493042e+00    2.493042e+00  
  4   2  54   1.598848e+01    1.598848e+01    2.246244e+00    2.246244e+00  
  4   2  55   1.759142e+01    1.759142e+01    1.378634e+00    1.378634e+00  
  4   2  56   1.017584e+01    1.017584e+01    7.269679e-01    7.269679e-01  
  4   2  57   1.540744e+01    1.540744e+01    1.426275e+00    1.426275e+00  
  4   2  58   1.525130e+01    1.525130e+01    1.329186e+00    1.329186e+00  
  4   2  59   1.603268e+01    1.603268e+01    1.355232e+00    1.355232e+00  
  4   2  60   1.422705e+01    1.422705e+01    1.281725e+00    1.281725e+00  
  4   2  61   8.902447e+00    8.902447e+00    3.814481e-01    3.814481e-01  
  4   2  62   1.290060e+01    1.290060e+01    1.256635e+00    1.256635e+00  
  4   3   1   1.850145e+01    1.850145e+01    1.112410e+00    1.112410e+00  
  4   3   2   2.095544e+01    2.095544e+01    9.731109e-01    9.731109e-01  
  4   3   3   1.536895e+01    1.536895e+01    7.937054e-01    7.937054e-01  
  4   3   4   1.832816e+01    1.832816e+01    1.262114e+00    1.262114e+00  
  4   3   5   2.002742e+01    2.002742e+01    1.556971e+00    1.556971e+00  
  5   1   1   1.761858e+01    1.761858e+01    4.607705e+01    4.607705e+01  
  5   1   2   1.924743e+01    1.924743e+01    3.114618e+01    3.114618e+01  
  5   1   3   1.649964e+01    1.649964e+01    1.691879e+01    1.691879e+01  
  5   1   4   1.029255e+01    1.029255e+01    4.173715e+00    4.173715e+00  
  5   1   5   2.134260e+01    2.134260e+01    1.294390e+01    1.294390e+01  
  5   1   6   1.124194e+01    1.124194e+01    2.506970e+00    2.506970e+00  
  5   1   7   1.667753e+01    1.667753e+01    5.161707e+00    5.161707e+00  
  5   1   8   1.604692e+01    1.604692e+01    4.746936e+00    4.746936e+00  
  5   1   9   1.869793e+01    1.869793e+01    4.586041e+00    4.586041e+00  
  5   1  10   1.894075e+01    1.894075e+01    4.522329e+00    4.522329e+00  
  5   1  11   1.548452e+01    1.548452e+01    2.756043e+00    2.756043e+00  
  5   1  12   1.581262e+01    1.581262e+01    2.628173e+00    2.628173e+00  
  5   1  13   1.452452e+01    1.452452e+01    1.295727e+00    1.295727e+00  
  5   1  14   1.794428e+01    1.794428e+01    2.295472e+00    2.295472e+00  
  5   1  15   2.240614e+01    2.240614e+01    3.232424e+00    3.232424e+00  
  5   1  16   1.407369e+01    1.407369e+01    1.202395e+00    1.202395e+00  
  5   1  17   1.529379e+01    1.529379e+01    1.427789e+00    1.427789e+00  
  5   1  18   2.160959e+01    2.160959e+01    2.619608e+00    2.619608e+00  
  5   1  19   1.369356e+01    1.369356e+01    9.829010e-01    9.829010e-01  
  5   1  20   1.559005e+01    1.559005e+01    1.112794e+00    1.112794e+00  
  5   1  21   1.435477e+01    1.435477e+01    9.581501e-01    9.581501e-01  
  5   1  22   1.472304e+01    1.472304e+01    7.467420e-01    7.467420e-01  
  5   1  23   1.243308e+01    1.243308e+01    6.735269e-01    6.735269e-01  
  5   2   1   2.390949e+01    2.390949e+01    2.670201e+02    2.670201e+02  
  5   2   2   1.457411e+01    1.457411e+01    4.255344e+01    4.255344e+01  
  5   2   3   1.847260e+01    1.847260e+01    6.354033e+01    6.354033e+01  
  5   2   4   1.392310e+01    1.392310e+01    2.373479e+01    2.373479e+01  
  5   2   5   1.856640e+01    1.856640e+01    3.044993e+01    3.044993e+01  
  5   2   6   1.860279e+01    1.860279e+01    2.978090e+01    2.978090e+01  
  5   2   7   2.278053e+01    2.278053e+01    2.707564e+01    2.707564e+01  
  5   2   8   1.312721e+01    1.312721e+01    7.415958e+00    7.415958e+00  
  5   2   9   1.888582e+01    1.888582e+01    1.402264e+01    1.402264e+01  
  5   2  10   1.773040e+01    1.773040e+01    1.060625e+01    1.060625e+01  
  5   2  11   1.218430e+01    1.218430e+01    4.477812e+00    4.477812e+00  
  5   2  12   1.963295e+01    1.963295e+01    1.358729e+01    1.358729e+01  
  5   2  13   1.764764e+01    1.764764e+01    1.001374e+01    1.001374e+01  
  5   2  14   2.107805e+01    2.107805e+01    1.304371e+01    1.304371e+01  
  5   2  15   1.805634e+01    1.805634e+01    7.090802e+00    7.090802e+00  
  5   2  16   1.657326e+01    1.657326e+01    7.349920e+00    7.349920e+00  
  5   2  17   1.496397e+01    1.496397e+01    4.295199e+00    4.295199e+00  
  5   2  18   1.573569e+01    1.573569e+01    6.058400e+00    6.058400e+00  
  5   2  19   1.315276e+01    1.315276e+01    2.834901e+00    2.834901e+00  
  5   2  20   1.769595e+01    1.769595e+01    6.851024e+00    6.851024e+00  
  5   2  21   1.139362e+01    1.139362e+01    2.070187e+00    2.070187e+00  
  5   2  22   2.034461e+01    2.034461e+01    7.264147e+00    7.264147e+00  
  5   2  23   1.338138e+01    1.338138e+01    2.821154e+00    2.821154e+00  
  5   2  24   1.251013e+01    1.251013e+01    2.643923e+00    2.643923e+00  
  5   2  25   1.368154e+01    1.368154e+01    3.316620e+00    3.316620e+00  
  5   2  26   1.240597e+01    1.240597e+01    2.434809e+00    2.434809e+00  
  5   2  27   1.924222e+01    1.924222e+01    3.798584e+00    3.798584e+00  
  5   2  28   1.479477e+01    1.479477e+01    3.100108e+00    3.100108e+00  
  5   2  29   1.532271e+01    1.532271e+01    3.790657e+00    3.790657e+00  
  5   2  30   1.373402e+01    1.373402e+01    2.238585e+00    2.238585e+00  
  5   2  31   1.414431e+01    1.414431e+01    2.167804e+00    2.167804e+00  
  5   2  32   1.487683e+01    1.487683e+01    2.847885e+00    2.847885e+00  
  5   2  33   1.317130e+01    1.317130e+01    1.557934e+00    1.557934e+00  
  5   2  34   1.546395e+01    1.546395e+01    2.196173e+00    2.196173e+00  
  5   2  35   1.705409e+01    1.705409e+01    2.514264e+00    2.514264e+00  
  5   2  36   2.088431e+01    2.088431e+01    4.730710e+00    4.730710e+00  
  5   2  37   1.728801e+01    1.728801e+01    2.682074e+00    2.682074e+00  
  5   2  38   1.837945e+01    1.837945e+01    2.496524e+00    2.496524e+00  
  5   2  39   1.419734e+01    1.419734e+01    1.885969e+00    1.885969e+00  
  5   2  40   1.692078e+01    1.692078e+01    2.062930e+00    2.062930e+00  
  5   2  41   1.898847e+01    1.898847e+01    2.741666e+00    2.741666e+00  
  5   2  42   1.662616e+01    1.662616e+01    1.880034e+00    1.880034e+00  
  5   2  43   2.306492e+01    2.306492e+01    4.191660e+00    4.191660e+00  
  5   2  44   1.843797e+01    1.843797e+01    2.753219e+00    2.753219e+00  
  5   2  45   1.445286e+01    1.445286e+01    1.259954e+00    1.259954e+00  
  5   2  46   1.781213e+01    1.781213e+01    1.763860e+00    1.763860e+00  
  5   2  47   1.744361e+01    1.744361e+01    1.885545e+00    1.885545e+00  
  5   2  48   2.272038e+01    2.272038e+01    3.793148e+00    3.793148e+00  
  5   2  49   1.600000e+01    1.600000e+01    3.620387e+02    3.620387e+02  
  5   2  50   1.281449e+01    1.281449e+01    7.731764e-01    7.731764e-01  
  5   2  51   1.675085e+01    1.675085e+01    1.592285e+00    1.592285e+00  
  5   2  52   1.991579e+01    1.991579e+01    2.007398e+00    2.007398e+00  
  5   2  53   1.526655e+01    1.526655e+01    1.591749e+00    1.591749e+00  
  5   2  54   1.602027e+01    1.602027e+01    1.392364e+00    1.392364e+00  
  5   2  55   1.431486e+01    1.431486e+01    1.911813e+00    1.911813e+00  
  5   2  56   1.007581e+01    1.007581e+01    6.506630e-01    6.506630e-01  
  5   2  57   2.154892e+01    2.154892e+01    3.235642e+00    3.235642e+00  
  5   2  58   1.540352e+01    1.540352e+01    1.470118e+00    1.470118e+00  
  5   2  59   1.031428e+01    1.031428e+01    5.646315e-01    5.646315e-01  
  5   2  60   2.167253e+01    2.167253e+01    1.930063e+00    1.930063e+00  
  5   2  61   1.056088e+01    1.056088e+01    5.734641e-01    5.734641e-01  
  5   2  62   8.074509e+00    8.074509e+00    3.999080e-01    3.999080e-01  
  5   3   1   1.217994e+01    1.217994e+01    4.129155e-01    4.129155e-01  
  5   3   2   1.775232e+01    1.775232e+01    1.177377e+00    1.177377e+00  
  5   3   3   2.117902e+01    2.117902e+01    1.514264e+00    1.514264e+00  
  5   3   4   1.388946e+01    1.388946e+01    5.565858e-01    5.565858e-01  
  5   3   5   1.778357e+01    1.778357e+01    1.880609e+00    1.880609e+00  
  6   1   1   2.257079e+01    2.257079e+01    5.565919e+01    5.565919e+01  
  6   1   2   1.208574e+01    1.208574e+01    1.074337e+01    1.074337e+01  
  6   1   3   1.915818e+01    1.915818e+01    2.086803e+01    2.086803e+01  
  6   1   4   2.121732e+01    2.121732e+01    1.621987e+01    1.621987e+01  
  6   1   5   1.722733e+01    1.722733e+01    7.745459e+00    7.745459e+00  
  6   1   6   1.531151e+01    1.531151e+01    6.065007e+00    6.065007e+00  
  6   1   7   1.438556e+01    1.438556e+01    3.620613e+00    3.620613e+00  
  6   1   8   2.044958e+01    2.044958e+01    6.216820e+00    6.216820e+00  
  6   1   9   1.413984e+01    1.413984e+01    2.595879e+00    2.595879e+00  
  6   1  10   1.960813e+01    1.960813e+01    4.066990e+00    4.066990e+00  
  6   1  11   2.138881e+01    2.138881e+01    6.049796e+00    6.049796e+00  
  6   1  12   1.550843e+01    1.550843e+01    2.751291e+00    2.751291e+00  
  6   1  13   2.256173e+01    2.256173e+01    4.027061e+00    4.027061e+00  
  6   1  14   1.345621e+01    1.345621e+01    1.570672e+00    1.570672e+00  
  6   1  15   1.987121e+01    1.987121e+01    3.107781e+00    3.107781e+00  
  6   1  16   1.935611e+01    1.935611e+01    2.625127e+00    2.625127e+00  
  6   1  17   1.748110e+01    1.748110e+01    1.276480e+00    1.276480e+00  
  6   1  18   2.189258e+01    2.189258e+01    2.410190e+00    2.410190e+00  
  6   1  19   1.485400e+01    1.485400e+01    1.116666e+00    1.116666e+00  
  6   1  20   1.287027e+01    1.287027e+01    7.707180e-01    7.707180e-01  
  6   1  21   1.580844e+01    1.580844e+01    1.012421e+00    1.012421e+00  
  6   1  22   2.091019e+01    2.091019e+01    1.729574e+00    1.729574e+00  
  6   1  23   1.506557e+01    1.506557e+01    6.717014e-01    6.717014e-01  
  6   2   1   1.986490e+01    1.986490e+01    1.558635e+02    1.558635e+02  
  6   2   2   1.661883e+01    1.661883e+01    6.485983e+01    6.485983e+01  
  6   2   3   1.786407e+01    1.786407e+01    5.357158e+01    5.357158e+01  
  6   2   4   1.532320e+01    1.532320e+01    2.711477e+01    2.711477e+01  
  6   2   5   2.027791e+01    2.027791e+01    4.113368e+01    4.113368e+01  
  6   2   6   1.611116e+01    1.611116e+01    2.311711e+01    2.311711e+01  
  6   2   7   1.306163e+01    1.306163e+01    1.212033e+01    1.212033e+01  
  6   2   8   1.645077e+01    1.645077e+01    1.637008e+01    1.637008e+01  
  6   2   9   1.552524e+01    1.552524e+01    1.055902e+01    1.055902e+01  
  6   2  10   1.404728e+01    1.404728e+01    6.508930e+00    6.508930e+00  
  6   2  11   1.780550e+01    1.780550e+01    1.288476e+01    1.288476e+01  
  6   2  12   1.895400e+01    1.895400e+01    1.358776e+01    1.358776e+01  
  6   2  13   1.706530e+01    1.706530e+01    7.788158e+00    7.788158e+00  
  6   2  14   1.808637e+01    1.808637e+01    1.072042e+01    1.072042e+01  
  6   2  15   2.020461e+01    2.020461e+01    1.078960e+01    1.078960e+01  
  6   2  16   1.947523e+01    1.947523e+01    8.256375e+00    8.256375e+00  
  6   2  17   1.387621e+01    1.387621e+01    4.346264e+00    4.346264e+00  
  6   2  18   1.452100e+01    1.452100e+01    5.112671e+00    5.112671e+00  
  6   2  19   1.442986e+01    1.442986e+01    3.691957e+00    3.691957e+00  
  6   2  20   1.513538e+01    1.513538e+01    5.668946e+00    5.668946e+00  
  6   2  21   1.685445e+01    1.685445e+01    5.369988e+00    5.369988e+00  
  6   2  22   2.057140e+01    2.057140e+01    8.127283e+00    8.127283e+00  
  6   2  23   1.182701e+01    1.182701e+01    2.533707e+00    2.533707e+00  
  6   2  24   1.437057e+01    1.437057e+01    3.000854e+00    3.000854e+00  
  6   2  25   1.858399e+01    1.858399e+01    6.501875e+00    6.501875e+00  
  6   2  26   1.203379e+01    1.203379e+01    1.897574e+00    1.897574e+00  
  6   2  27   1.577683e+01    1.577683e+01    3.015772e+00    3.015772e+00  
  6   2  28   1.542833e+01    1.542833e+01    3.102298e+00    3.102298e+00  
  6   2  29   1.325950e+01    1.325950e+01    2.159379e+00    2.159379e+00  
  6   2  30   1.856252e+01    1.856252e+01    4.316700e+00    4.316700e+00  
  6   2  31   1.548051e+01    1.548051e+01    2.275797e+00    2.275797e+00  
  6   2  32   1.655038e+01    1.655038e+01    3.747973e+00    3.747973e+00  
  6   2  33   1.899512e+01    1.899512e+01    4.198053e+00    4.198053e+00  
  6   2  34   2.118013e+01    2.118013e+01    4.723702e+00    4.723702e+00  
  6   2  35   1.826158e+01    1.826158e+01    2.763768e+00    2.763768e+00  
  6   2  36   1.608035e+01    1.608035e+01    2.189464e+00    2.189464e+00  
  6   2  37   1.649690e+01    1.649690e+01    2.024617e+00    2.024617e+00  
  6   2  38   1.620512e+01    1.620512e+01    1.523970e+00    1.523970e+00  
  6   2  39   2.214950e+01    2.214950e+01    3.811042e+00    3.811042e+00  
  6   2  40   1.902494e+01    1.902494e+01    3.402124e+00    3.402124e+00  
  6   2  41   1.937499e+01    1.937499e+01    2.870927e+00    2.870927e+00  
  6   2  42   1.649571e+01    1.649571e+01    1.740222e+00    1.740222e+00  
  6   2  43   2.150633e+01    2.150633e+01    3.306733e+00    3.306733e+00  
  6   2  44   1.764950e+01    1.764950e+01    2.283495e+00    2.283495e+00  
  6   2  45   1.401192e+01    1.401192e+01    1.086938e+00    1.086938e+00  
  6   2  46   1.142224e+01    1.142224e+01    7.766194e-01    7.766194e-01  
  6   2  47   1.947865e+01    1.947865e+01    2.161964e+00    2.161964e+00  
  6   2  48   1.681573e+01    1.681573e+01    1.967707e+00    1.967707e+00  
  6   2  49   1.627637e+01    1.627637e+01    1.778785e+00    1.778785e+00  
  6   2  50   1.370601e+01    1.370601e+01    1.322336e+00    1.322336e+00  
  6   2  51   2.373510e+01    2.373510e+01    3.424580e+00    3.424580e+00  
  6   2  52   1.124027e+01    1.124027e+01    5.436570e-01    5.436570e-01  
  6   2  53   1.534250e+01    1.534250e+01    1.629064e+00    1.629064e+00  
  6   2  54   1.583949e+01    1.583949e+01    1.325859e+00    1.325859e+00  
  6   2  55   1.936069e+01    1.936069e+01    2.268079e+00    2.268079e+00  
  6   2  56   1.701374e+01    1.701374e+01    1.366214e+00    1.366214e+00  
  6   2  57   1.783877e+01    1.783877e+01    1.796854e+00    1.796854e+00  
  6   2  58   1.341786e+01    1.341786e+01    1.083204e+00    1.083204e+00  
  6   2  59   1.703026e+01    1.703026e+01    1.874934e+00    1.874934e+00  
  6   2  60   2.945805e+01    2.945805e+01    4.936666e+00    4.936666e+00  
  6   2  61   1.374786e+01    1.374786e+01    8.608832e-01    8.608832e-01  
  6   2  62   1.723921e+01    1.723921e+01    1.729244e+00    1.729244e+00  
  6   3   1   1.746350e+01    1.746350e+01    1.149363e+00    1.149363e+00  
  6   3   2   1.786313e+01    1.786313e+01    8.719350e-01    8.719350e-01  
  6   3   3   1.715216e+01    1.715216e+01    6.852525e-01    6.852525e-01  
  6   3   4   1.076200e+01    1.076200e+01    4.676622e-01    4.676622e-01  
  6   3   5   1.861218e+01    1.861218e+01    1.403759e+00    1.403759e+00  
