1 1 1 0.133 0.100
1 1 2 0.337 0.103
1 1 3 -0.399 0.105
1 1 4 0.064 0.118
1 1 5 -0.034 0.122
1 1 6 -0.317 0.126
1 1 7 -0.098 0.132
1 1 8 0.129 0.130
1 1 9 -0.602 0.141
1 1 10 -0.484 0.140
1 1 11 0.117 0.137
1 1 12 0.122 0.160
1 1 13 0.070 0.156
1 1 14 -0.283 0.189
1 1 15 -0.118 0.213
1 1 16 -0.890 0.235
1 1 17 0.220 0.243
1 1 18 0.000 0.100
1 1 19 -0.324 0.212
1 1 20 0.491 0.295
1 1 21 -0.500 0.251
1 1 22 -0.633 0.227
1 1 23 0.963 0.100
1 2 1 0.299 0.059
1 2 2 0.293 0.048
1 2 3 0.290 0.056
1 2 4 0.007 0.065
1 2 5 0.305 0.065
1 2 6 0.129 0.067
1 2 7 -0.128 0.048
1 2 8 0.071 0.061
1 2 9 -0.458 0.053
1 2 10 0.301 0.061
1 2 11 -0.074 0.065
1 2 12 0.469 0.062
1 2 13 -0.035 0.064
1 2 14 -0.074 0.062
1 2 15 0.041 0.059
1 2 16 -0.466 0.070
1 2 17 0.243 0.063
1 2 18 0.084 0.058
1 2 19 -0.699 0.064
1 2 20 -0.290 0.071
1 2 21 -0.347 0.068
1 2 22 -0.163 0.069
1 2 23 0.415 0.071
1 2 24 -0.430 0.067
1 2 25 -0.640 0.070
1 2 26 0.530 0.067
1 2 27 0.408 0.064
1 2 28 0.121 0.065
1 2 29 0.182 0.071
1 2 30 -0.670 0.071
1 2 31 0.115 0.072
1 2 32 -0.034 0.066
1 2 33 -0.235 0.070
1 2 34 -0.075 0.072
1 2 35 -0.081 0.062
1 2 36 -0.492 0.077
1 2 37 0.432 0.094
1 2 38 0.086 0.078
1 2 39 -0.252 0.081
1 2 40 -0.056 0.082
1 2 41 -0.191 0.075
1 2 42 0.013 0.082
1 2 43 -0.015 0.072
1 2 44 -0.614 0.107
1 2 45 0.341 0.085
1 2 46 -0.253 0.069
1 2 47 0.444 0.125
1 2 48 -0.397 0.087
1 2 49 -0.406 0.087
1 2 50 0.566 0.084
1 2 51 -0.204 0.093
1 2 52 0.050 0.075
1 2 53 -0.123 0.103
1 2 54 0.588 0.093
1 2 55 -0.394 0.094
1 2 56 0.631 0.083
1 2 57 0.797 0.045
1 2 58 0.335 0.050
1 2 59 -0.296 0.062
1 2 60 0.453 0.000
1 2 61 -0.605 0.045
1 2 62 -0.219 0.077
1 3 1 -0.933 0.185
1 3 2 -0.356 0.012
1 3 3 -1.046 -0.017
1 3 4 -0.288 0.016
1 3 5 0.000 0.100
2 1 1 0.282 0.098
2 1 2 -0.580 0.109
2 1 3 -0.407 0.116
2 1 4 -0.374 0.121
2 1 5 -0.335 0.123
2 1 6 -0.070 0.118
2 1 7 0.277 0.128
2 1 8 -0.596 0.129
2 1 9 -0.293 0.149
2 1 10 -0.525 0.145
2 1 11 -0.035 0.159
2 1 12 -0.362 0.157
2 1 13 0.082 0.190
2 1 14 0.168 0.170
2 1 15 -0.945 0.161
2 1 16 -0.221 0.191
2 1 17 -0.490 0.227
2 1 18 -0.437 0.193
2 1 19 0.241 0.226
2 1 20 -0.608 0.258
2 1 21 -0.072 0.239
2 1 22 -0.623 0.192
2 1 23 -0.611 0.218
2 2 1 0.185 0.060
2 2 2 -0.496 0.046
2 2 3 -0.705 0.066
2 2 4 -0.293 0.055
2 2 5 -0.195 0.063
2 2 6 -0.289 0.057
2 2 7 0.166 0.061
2 2 8 0.049 0.053
2 2 9 -0.065 0.063
2 2 10 -0.699 0.067
2 2 11 -0.034 0.062
2 2 12 0.255 0.060
2 2 13 -0.732 0.063
2 2 14 -0.166 0.057
2 2 15 -0.148 0.059
2 2 16 -0.426 0.071
2 2 17 -0.419 0.059
2 2 18 0.183 0.068
2 2 19 0.390 0.077
2 2 20 -0.176 0.065
2 2 21 -0.523 0.062
2 2 22 0.142 0.066
2 2 23 -0.062 0.064
2 2 24 0.078 0.072
2 2 25 0.516 0.071
2 2 26 -0.117 0.070
2 2 27 -0.595 0.069
2 2 28 -0.082 0.069
2 2 29 0.495 0.073
2 2 30 -0.075 0.071
2 2 31 -0.009 0.073
2 2 32 -0.245 0.067
2 2 33 0.088 0.070
2 2 34 -0.496 0.069
2 2 35 -0.233 0.073
2 2 36 -0.334 0.062
2 2 37 -0.760 0.077
2 2 38 -0.134 0.073
2 2 39 -0.249 0.071
2 2 40 0.383 0.081
2 2 41 0.083 0.071
2 2 42 0.228 0.078
2 2 43 -0.808 0.087
2 2 44 0.417 0.091
2 2 45 0.006 0.096
2 2 46 0.064 0.069
2 2 47 0.420 0.065
2 2 48 0.043 0.109
2 2 49 -0.249 0.087
2 2 50 -0.579 0.101
2 2 51 0.081 0.108
2 2 52 0.239 0.091
2 2 53 0.381 0.108
2 2 54 0.003 0.133
2 2 55 -0.268 0.077
2 2 56 0.502 0.083
2 2 57 0.084 0.038
2 2 58 -0.312 0.069
2 2 59 -0.321 0.114
2 2 60 -0.089 0.018
2 2 61 0.600 0.025
2 2 62 0.175 0.014
2 3 1 -0.555 -0.240
2 3 2 -0.657 0.016
2 3 3 0.374 0.014
2 3 4 -0.238 0.018
2 3 5 0.000 0.100
3 1 1 -0.150 0.093
3 1 2 0.144 0.103
3 1 3 0.141 0.109
3 1 4 -0.515 0.124
3 1 5 -0.140 0.122
3 1 6 0.073 0.134
3 1 7 -0.125 0.136
3 1 8 0.052 0.125
3 1 9 -0.456 0.125
3 1 10 0.019 0.127
3 1 11 -0.347 0.130
3 1 12 0.431 0.166
3 1 13 -0.473 0.200
3 1 14 -0.281 0.185
3 1 15 -0.173 0.192
3 1 16 -0.483 0.193
3 1 17 0.253 0.290
3 1 18 0.179 0.200
3 1 19 -0.782 0.281
3 1 20 -0.389 0.195
3 1 21 -0.209 0.184
3 1 22 0.253 0.244
3 1 23 -0.059 0.212
3 2 1 0.180 0.055
3 2 2 -0.576 0.054
3 2 3 -0.253 0.053
3 2 4 -0.457 0.051
3 2 5 0.186 0.064
3 2 6 -0.341 0.058
3 2 7 -0.134 0.063
3 2 8 -0.198 0.058
3 2 9 -0.244 0.055
3 2 10 -0.624 0.069
3 2 11 -0.625 0.060
3 2 12 0.144 0.057
3 2 13 -0.515 0.066
3 2 14 -0.454 0.066
3 2 15 0.141 0.065
3 2 16 -0.442 0.062
3 2 17 -0.010 0.068
3 2 18 0.295 0.076
3 2 19 -0.143 0.059
3 2 20 0.030 0.062
3 2 21 0.148 0.061
3 2 22 0.285 0.063
3 2 23 -0.561 0.071
3 2 24 0.579 0.061
3 2 25 -0.837 0.071
3 2 26 -0.236 0.070
3 2 27 0.131 0.061
3 2 28 -0.466 0.075
3 2 29 -0.229 0.073
3 2 30 -0.865 0.080
3 2 31 -0.210 0.070
3 2 32 0.324 0.068
3 2 33 0.143 0.073
3 2 34 -0.448 0.076
3 2 35 -0.144 0.077
3 2 36 -0.413 0.077
3 2 37 -0.316 0.085
3 2 38 -0.706 0.070
3 2 39 -0.295 0.083
3 2 40 0.058 0.077
3 2 41 -0.362 0.082
3 2 42 0.487 0.084
3 2 43 -0.370 0.092
3 2 44 -0.058 0.069
3 2 45 0.550 0.068
3 2 46 -0.416 0.085
3 2 47 0.441 0.072
3 2 48 -0.266 0.068
3 2 49 0.196 0.088
3 2 50 -0.457 0.084
3 2 51 -0.259 0.055
3 2 52 0.143 0.084
3 2 53 -0.584 0.066
3 2 54 0.494 0.077
3 2 55 0.042 0.070
3 2 56 -0.509 0.077
3 2 57 -0.938 -0.082
3 2 58 -0.285 0.070
3 2 59 -0.179 0.112
3 2 60 0.626 0.053
3 2 61 -0.083 0.062
3 2 62 -0.095 0.122
3 3 1 -0.076 0.333
3 3 2 -0.036 0.019
3 3 3 -0.901 1.022
3 3 4 -0.778 0.005
3 3 5 -0.437 0.100
4 1 1 -0.566 0.099
4 1 2 -0.117 0.104
4 1 3 -0.108 0.110
4 1 4 -0.239 0.124
4 1 5 -0.101 0.116
4 1 6 -0.411 0.136
4 1 7 0.237 0.130
4 1 8 -0.175 0.148
4 1 9 -0.454 0.132
4 1 10 -0.474 0.132
4 1 11 0.174 0.159
4 1 12 0.158 0.147
4 1 13 0.239 0.225
4 1 14 -0.213 0.221
4 1 15 0.051 0.177
4 1 16 -0.039 0.189
4 1 17 -0.299 0.168
4 1 18 0.192 0.269
4 1 19 -0.439 0.057
4 1 20 -0.037 0.100
4 1 21 -0.997 0.208
4 1 22 -0.019 0.279
4 1 23 -0.292 0.016
4 2 1 0.373 0.049
4 2 2 -0.072 0.052
4 2 3 -0.420 0.045
4 2 4 -0.650 0.067
4 2 5 0.276 0.064
4 2 6 0.119 0.059
4 2 7 -0.250 0.060
4 2 8 -0.018 0.050
4 2 9 -0.500 0.052
4 2 10 -0.072 0.063
4 2 11 0.279 0.061
4 2 12 -0.044 0.061
4 2 13 -0.409 0.060
4 2 14 0.362 0.064
4 2 15 -0.241 0.062
4 2 16 -0.108 0.058
4 2 17 -0.454 0.074
4 2 18 0.090 0.065
4 2 19 -0.331 0.059
4 2 20 -0.058 0.079
4 2 21 -0.159 0.061
4 2 22 -0.474 0.066
4 2 23 0.014 0.075
4 2 24 -0.029 0.068
4 2 25 0.297 0.059
4 2 26 -0.234 0.064
4 2 27 0.055 0.066
4 2 28 0.447 0.064
4 2 29 -0.025 0.080
4 2 30 -0.695 0.071
4 2 31 -0.478 0.070
4 2 32 -0.624 0.071
4 2 33 0.731 0.072
4 2 34 -0.454 0.067
4 2 35 -0.391 0.071
4 2 36 -0.135 0.071
4 2 37 -0.516 0.074
4 2 38 -0.722 0.067
4 2 39 -0.070 0.072
4 2 40 -0.585 0.081
4 2 41 0.157 0.084
4 2 42 -0.610 0.077
4 2 43 0.341 0.071
4 2 44 0.672 0.086
4 2 45 -0.148 0.094
4 2 46 -0.964 0.088
4 2 47 -0.219 0.083
4 2 48 -0.465 0.098
4 2 49 -0.698 0.066
4 2 50 -0.084 0.061
4 2 51 0.906 0.106
4 2 52 -0.341 0.081
4 2 53 -0.788 0.083
4 2 54 0.008 0.058
4 2 55 -0.387 0.070
4 2 56 -0.857 0.065
4 2 57 0.946 0.065
4 2 58 0.118 0.063
4 2 59 0.086 0.068
4 2 60 0.324 0.075
4 2 61 -0.085 0.051
4 2 62 0.130 0.026
4 3 1 0.665 0.067
4 3 2 -0.404 0.179
4 3 3 0.849 0.036
4 3 4 -0.739 0.012
4 3 5 0.000 0.100
5 1 1 -0.309 0.091
5 1 2 -0.357 0.104
5 1 3 -0.586 0.115
5 1 4 0.201 0.119
5 1 5 -0.273 0.116
5 1 6 -0.207 0.132
5 1 7 -0.231 0.131
5 1 8 -0.165 0.124
5 1 9 -0.545 0.149
5 1 10 -0.493 0.137
5 1 11 0.400 0.173
5 1 12 -0.564 0.152
5 1 13 -0.508 0.144
5 1 14 -0.087 0.183
5 1 15 -0.387 0.229
5 1 16 0.441 0.192
5 1 17 -0.357 0.219
5 1 18 0.000 0.100
5 1 19 -0.085 0.190
5 1 20 -0.653 0.276
5 1 21 -0.334 0.257
5 1 22 -0.361 0.214
5 1 23 0.712 -0.014
5 2 1 0.175 0.059
5 2 2 -0.437 0.058
5 2 3 0.240 0.054
5 2 4 0.128 0.044
5 2 5 -0.413 0.055
5 2 6 -0.584 0.065
5 2 7 0.046 0.050
5 2 8 0.044 0.068
5 2 9 -0.259 0.068
5 2 10 -0.405 0.064
5 2 11 -0.391 0.058
5 2 12 0.003 0.067
5 2 13 -0.191 0.063
5 2 14 0.153 0.061
5 2 15 -0.071 0.068
5 2 16 -0.263 0.067
5 2 17 0.107 0.065
5 2 18 -0.462 0.070
5 2 19 -0.495 0.066
5 2 20 -0.152 0.064
5 2 21 -0.099 0.078
5 2 22 -0.187 0.060
5 2 23 -0.328 0.074
5 2 24 -0.634 0.064
5 2 25 -0.465 0.067
5 2 26 -0.503 0.073
5 2 27 -0.291 0.067
5 2 28 -0.137 0.066
5 2 29 -0.288 0.068
5 2 30 -0.183 0.071
5 2 31 0.437 0.083
5 2 32 -0.478 0.082
5 2 33 -0.488 0.081
5 2 34 0.464 0.068
5 2 35 -0.098 0.078
5 2 36 -0.131 0.092
5 2 37 -0.172 0.066
5 2 38 0.009 0.074
5 2 39 -0.140 0.081
5 2 40 -0.003 0.085
5 2 41 -0.314 0.069
5 2 42 -0.169 0.080
5 2 43 -0.203 0.096
5 2 44 -0.928 0.083
5 2 45 -0.450 0.088
5 2 46 0.217 0.076
5 2 47 -0.176 0.075
5 2 48 0.549 0.087
5 2 49 -0.150 0.084
5 2 50 -0.567 0.109
5 2 51 -0.224 0.073
5 2 52 -0.333 0.091
5 2 53 0.052 0.083
5 2 54 -0.059 0.090
5 2 55 0.130 -0.076
5 2 56 0.761 0.104
5 2 57 -0.579 0.115
5 2 58 0.084 0.077
5 2 59 -0.710 0.060
5 2 60 -0.407 0.035
5 2 61 -0.927 0.077
5 2 62 1.229 -1.984
5 3 1 0.772 0.009
5 3 2 -0.155 0.025
5 3 3 1.033 -0.064
5 3 4 -0.601 0.564
5 3 5 -0.662 0.100
6 1 1 -0.357 0.103
6 1 2 -0.229 0.101
6 1 3 -0.617 0.111
6 1 4 -0.225 0.119
6 1 5 0.015 0.127
6 1 6 -0.433 0.124
6 1 7 0.140 0.119
6 1 8 0.085 0.160
6 1 9 0.370 0.140
6 1 10 -0.356 0.145
6 1 11 -0.159 0.137
6 1 12 -0.252 0.150
6 1 13 -0.225 0.165
6 1 14 0.194 0.152
6 1 15 -0.719 0.192
6 1 16 0.262 0.189
6 1 17 0.000 0.100
6 1 18 -0.048 0.196
6 1 19 -0.307 0.306
6 1 20 -0.353 0.257
6 1 21 0.077 0.242
6 1 22 0.307 0.267
6 1 23 0.143 0.325
6 2 1 0.042 0.052
6 2 2 -0.160 0.046
6 2 3 -0.495 0.057
6 2 4 -0.405 0.055
6 2 5 0.179 0.049
6 2 6 0.142 0.052
6 2 7 -0.618 0.062
6 2 8 0.373 0.054
6 2 9 0.272 0.066
6 2 10 -0.506 0.060
6 2 11 0.214 0.058
6 2 12 -0.504 0.060
6 2 13 0.320 0.069
6 2 14 -0.029 0.062
6 2 15 -0.073 0.063
6 2 16 0.295 0.072
6 2 17 -0.482 0.065
6 2 18 -0.419 0.066
6 2 19 -0.366 0.071
6 2 20 0.352 0.071
6 2 21 -0.227 0.070
6 2 22 -0.056 0.070
6 2 23 -0.180 0.064
6 2 24 -0.520 0.067
6 2 25 0.029 0.062
6 2 26 0.042 0.080
6 2 27 -0.602 0.073
6 2 28 -0.696 0.085
6 2 29 0.539 0.067
6 2 30 -0.462 0.072
6 2 31 -0.634 0.072
6 2 32 0.368 0.066
6 2 33 -0.129 0.072
6 2 34 -0.504 0.067
6 2 35 -0.316 0.061
6 2 36 -0.518 0.086
6 2 37 -0.208 0.076
6 2 38 -0.118 0.078
6 2 39 -0.676 0.080
6 2 40 0.385 0.081
6 2 41 0.347 0.079
6 2 42 -0.529 0.081
6 2 43 0.006 0.083
6 2 44 -0.111 0.092
6 2 45 -0.627 0.100
6 2 46 -0.113 0.077
6 2 47 -0.318 0.071
6 2 48 0.634 0.073
6 2 49 -0.474 0.066
6 2 50 0.424 0.086
6 2 51 -0.075 0.075
6 2 52 0.152 0.144
6 2 53 0.000 0.100
6 2 54 0.989 0.083
6 2 55 -0.334 0.108
6 2 56 -0.841 0.109
6 2 57 0.291 0.077
6 2 58 -0.346 0.068
6 2 59 -0.776 0.057
6 2 60 -0.736 0.087
6 2 61 0.433 0.099
6 2 62 0.668 0.178
6 3 1 -0.146 0.284
6 3 2 0.380 0.037
6 3 3 -0.367 0.256
6 3 4 -0.649 -0.017
6 3 5 0.363 0.100
