  1   1   1   9.998640e+01    1.457650e+00    0.000000e+00    5.564763e+01    7.709629e-01    0.000000e+00  
  1   1   2   7.552625e+01    3.851855e+00    0.000000e+00    9.144936e+01    4.482382e+00    0.000000e+00  
  1   1   3   6.577715e+01    -6.127357e-02    0.000000e+00    2.000397e+01    8.192615e-01    0.000000e+00  
  1   1   4   6.710079e+01    2.078857e+00    0.000000e+00    5.367592e+01    1.329423e+00    0.000000e+00  
  1   1   5   2.032112e+01    -9.894852e-01    0.000000e+00    7.516019e+01    -1.883892e+00    0.000000e+00  
  1   1   6   6.999420e+01    -9.076304e-01    0.000000e+00    8.290664e+01    -8.004475e-02    0.000000e+00  
  1   1   7   2.000000e+01    -1.905158e+00    0.000000e+00    2.074376e+01    -9.568118e-01    0.000000e+00  
  1   1   8   6.087838e+01    8.213308e-01    0.000000e+00    6.126327e+01    6.979024e-01    0.000000e+00  
  1   1   9   8.922677e+01    8.404439e-01    0.000000e+00    8.376042e+01    -2.239819e-01    0.000000e+00  
  1   1  10   9.209975e+01    4.229284e+00    0.000000e+00    8.605319e+01    4.374816e+00    0.000000e+00  
  1   1  11   7.671246e+01    9.682579e-01    0.000000e+00    9.999999e+01    3.274835e+00    0.000000e+00  
  1   1  12   9.999956e+01    1.196488e+00    0.000000e+00    8.225022e+01    -2.174639e+00    0.000000e+00  
  1   1  13   4.617968e+01    4.011911e+00    0.000000e+00    6.162771e+01    4.624848e+00    0.000000e+00  
  1   1  14   4.151485e+01    5.322469e+00    0.000000e+00    4.881499e+01    4.453885e+00    0.000000e+00  
  1   1  15   3.911674e+01    5.791091e+00    0.000000e+00    3.213427e+01    5.339312e+00    0.000000e+00  
  1   1  16   2.639817e+01    -5.690278e-01    0.000000e+00    2.000000e+01    -6.886975e-01    0.000000e+00  
  1   1  17   3.496179e+01    6.668823e+00    0.000000e+00    7.904932e+01    6.042892e+00    0.000000e+00  
  1   1  18   8.003965e+01    -2.259853e+00    0.000000e+00    2.000000e+01    -7.781821e-01    0.000000e+00  
  1   1  19   4.987333e+01    2.329646e+00    0.000000e+00    6.074364e+01    1.316921e+00    0.000000e+00  
  1   1  20   8.204917e+01    4.005811e+00    0.000000e+00    5.834304e+01    3.923463e+00    0.000000e+00  
  1   1  21   4.666131e+01    -6.994228e-01    0.000000e+00    5.040321e+01    -1.096682e+00    0.000000e+00  
  1   1  22   4.778743e+01    -1.389560e+00    0.000000e+00    2.000001e+01    -8.127993e-01    0.000000e+00  
  1   1  23   7.957712e+01    3.835170e+00    0.000000e+00    8.151557e+01    5.974765e+00    0.000000e+00  
  1   2   1   9.959147e+01    5.112116e+00    0.000000e+00    9.997255e+01    5.299160e+00    0.000000e+00  
  1   2   2   2.028611e+01    3.038032e+00    0.000000e+00    2.064758e+01    3.304741e+00    0.000000e+00  
  1   2   3   1.000000e+02    2.782627e+00    0.000000e+00    6.560087e+01    -7.438484e-01    0.000000e+00  
  1   2   4   4.842960e+01    -1.914193e+00    0.000000e+00    4.911500e+01    -1.727416e+00    0.000000e+00  
  1   2   5   4.000000e+01    5.000000e+00    0.000000e+00    4.000000e+01    5.000000e+00    0.000000e+00  
  1   2   6   5.515897e+01    3.239226e+00    0.000000e+00    8.123183e+01    3.663727e+00    0.000000e+00  
  1   2   7   2.517726e+01    4.244633e+00    0.000000e+00    9.999839e+01    4.748735e+00    0.000000e+00  
  1   2   8   9.092296e+01    1.584438e+00    0.000000e+00    2.005325e+01    2.691475e+00    0.000000e+00  
  1   2   9   2.054517e+01    3.257676e+00    0.000000e+00    8.645595e+01    3.222511e+00    0.000000e+00  
  1   2  10   7.368795e+01    -2.956161e+00    0.000000e+00    2.000000e+01    -2.137964e+00    0.000000e+00  
  1   2  11   8.481665e+01    -1.822656e+00    0.000000e+00    8.634061e+01    -2.912144e+00    0.000000e+00  
  1   2  12   2.001134e+01    2.196830e+00    0.000000e+00    6.532734e+01    5.326357e-01    0.000000e+00  
  1   2  13   6.154106e+01    -2.849718e+00    0.000000e+00    2.000002e+01    -1.455261e+00    0.000000e+00  
  1   2  14   2.011262e+01    1.846506e+00    0.000000e+00    2.037165e+01    1.299906e+00    0.000000e+00  
  1   2  15   4.713329e+01    3.255181e+00    0.000000e+00    1.000000e+02    4.323123e+00    0.000000e+00  
  1   2  16   9.999969e+01    4.593269e+00    0.000000e+00    4.112263e+01    3.459956e+00    0.000000e+00  
  1   2  17   9.999993e+01    2.904507e-01    0.000000e+00    6.227674e+01    -4.179404e-01    0.000000e+00  
  1   2  18   4.404387e+01    -1.886698e-01    0.000000e+00    9.999981e+01    9.441351e-01    0.000000e+00  
  1   2  19   4.587185e+01    4.670385e+00    0.000000e+00    9.022235e+01    5.119184e+00    0.000000e+00  
  1   2  20   9.999999e+01    1.808475e+00    0.000000e+00    6.275484e+01    3.643749e-01    0.000000e+00  
  1   2  21   9.999999e+01    -2.655428e+00    0.000000e+00    9.988140e+01    4.308886e+00    0.000000e+00  
  1   2  22   5.559190e+01    -1.416830e+00    0.000000e+00    9.999984e+01    -9.921438e-01    0.000000e+00  
  1   2  23   9.999999e+01    2.020590e+00    0.000000e+00    9.997806e+01    2.850948e+00    0.000000e+00  
  1   2  24   9.999819e+01    3.677155e+00    0.000000e+00    2.010184e+01    1.893623e+00    0.000000e+00  
  1   2  25   5.482145e+01    4.005731e+00    0.000000e+00    8.565602e+01    4.155566e+00    0.000000e+00  
  1   2  26   2.000009e+01    -1.706054e+00    0.000000e+00    2.000003e+01    -7.064551e-01    0.000000e+00  
  1   2  27   2.000000e+01    -1.117148e+00    0.000000e+00    2.000575e+01    2.512113e+00    0.000000e+00  
  1   2  28   2.000004e+01    -1.537409e+00    0.000000e+00    2.231818e+01    -1.957710e+00    0.000000e+00  
  1   2  29   2.009359e+01    2.807341e+00    0.000000e+00    2.002148e+01    2.595137e+00    0.000000e+00  
  1   2  30   2.023951e+01    3.007209e+00    0.000000e+00    2.000481e+01    2.299665e+00    0.000000e+00  
  1   2  31   8.898194e+01    -1.577277e+00    0.000000e+00    6.336569e+01    -1.133543e+00    0.000000e+00  
  1   2  32   2.043193e+01    1.181047e+00    0.000000e+00    2.000000e+01    -2.396685e-01    0.000000e+00  
  1   2  33   2.001003e+01    2.542481e+00    0.000000e+00    6.560798e+01    2.576102e+00    0.000000e+00  
  1   2  34   2.011600e+01    7.165752e+00    0.000000e+00    2.074238e+01    5.623570e+00    0.000000e+00  
  1   2  35   2.056944e+01    3.289655e+00    0.000000e+00    2.521364e+01    4.263729e+00    0.000000e+00  
  1   2  36   2.087670e+01    3.444694e+00    0.000000e+00    7.250713e+01    3.354489e+00    0.000000e+00  
  1   2  37   2.000000e+01    -4.192166e-01    0.000000e+00    3.843858e+01    -2.905819e-01    0.000000e+00  
  1   2  38   2.000003e+01    5.800968e+00    0.000000e+00    2.000001e+01    5.450073e+00    0.000000e+00  
  1   2  39   2.000000e+01    3.003501e+00    0.000000e+00    2.000001e+01    2.699035e+00    0.000000e+00  
  1   2  40   2.000000e+01    -3.257064e-02    0.000000e+00    2.000000e+01    6.984339e-01    0.000000e+00  
  1   2  41   2.006789e+01    1.974684e+00    0.000000e+00    9.463807e+01    2.886133e+00    0.000000e+00  
  1   2  42   2.000001e+01    -3.887979e-01    0.000000e+00    2.000354e+01    2.489945e+00    0.000000e+00  
  1   2  43   2.000322e+01    4.022799e+00    0.000000e+00    2.007135e+01    2.761690e+00    0.000000e+00  
  1   2  44   2.000002e+01    -5.105890e-01    0.000000e+00    2.000000e+01    -3.818355e-01    0.000000e+00  
  1   2  45   2.000032e+01    6.404927e-01    0.000000e+00    1.000000e+02    -1.739370e+00    0.000000e+00  
  1   2  46   2.006674e+01    2.752210e+00    0.000000e+00    5.169157e+01    2.712766e+00    0.000000e+00  
  1   2  47   2.000000e+01    4.988565e+00    0.000000e+00    2.000049e+01    4.680961e+00    0.000000e+00  
  1   2  48   2.000002e+01    -4.196709e-01    0.000000e+00    2.000000e+01    -4.027905e-01    0.000000e+00  
  1   2  49   9.999998e+01    5.156125e+00    0.000000e+00    7.979417e+01    3.782980e+00    0.000000e+00  
  1   2  50   2.000080e+01    4.156329e+00    0.000000e+00    7.838240e+01    2.975496e+00    0.000000e+00  
  1   2  51   2.009363e+01    2.807219e+00    0.000000e+00    2.195548e+01    2.794649e+00    0.000000e+00  
  1   2  52   2.000004e+01    8.418468e+00    0.000000e+00    2.000696e+01    2.280279e+00    0.000000e+00  
  1   2  53   3.844513e+01    4.574580e+00    0.000000e+00    5.390481e+01    4.317293e+00    0.000000e+00  
  1   2  54   2.006334e+01    1.999957e+00    0.000000e+00    2.019842e+01    1.645786e+00    0.000000e+00  
  1   2  55   2.078385e+01    3.407842e+00    0.000000e+00    8.364703e+01    2.028635e+00    0.000000e+00  
  1   2  56   1.000000e+02    -1.930728e+00    0.000000e+00    2.000000e+01    -4.532386e-01    0.000000e+00  
  1   2  57   2.000001e+01    -4.261598e-01    0.000000e+00    2.000000e+01    -4.842117e-01    0.000000e+00  
  1   2  58   2.001642e+01    2.579186e+00    0.000000e+00    2.000000e+01    -4.642038e-01    0.000000e+00  
  1   2  59   8.987102e+01    2.699784e+00    0.000000e+00    2.199246e+01    3.675069e+00    0.000000e+00  
  1   2  60   5.438859e+01    4.435145e+00    0.000000e+00    6.691600e+01    4.576983e+00    0.000000e+00  
  1   2  61   2.000000e+01    -4.398892e-01    0.000000e+00    2.000004e+01    -4.602848e-01    0.000000e+00  
  1   2  62   6.460549e+01    4.944940e-02    0.000000e+00    1.000000e+02    -7.220510e-01    0.000000e+00  
  1   3   1   6.925917e+01    2.258913e+00    0.000000e+00    7.837784e+01    3.113479e+00    0.000000e+00  
  1   3   2   8.106161e+01    -9.419718e-01    0.000000e+00    4.808748e+01    -1.312695e+00    0.000000e+00  
  1   3   3   9.498572e+01    3.707567e+00    0.000000e+00    9.159093e+01    3.469398e+00    0.000000e+00  
  1   3   4   9.999999e+01    3.493543e-01    0.000000e+00    9.999961e+01    3.585158e-01    0.000000e+00  
  1   3   5   1.000000e+02    9.150276e-01    0.000000e+00    7.694959e+01    -1.679349e-02    0.000000e+00  
  2   1   1   1.000000e+02    -9.900268e-01    0.000000e+00    2.030205e+01    9.230626e+00    0.000000e+00  
  2   1   2   2.041660e+01    1.911067e+00    0.000000e+00    9.999998e+01    4.143267e+00    0.000000e+00  
  2   1   3   9.999997e+01    -3.348461e+00    0.000000e+00    9.999997e+01    4.601592e+00    0.000000e+00  
  2   1   4   9.999999e+01    -4.113221e+00    0.000000e+00    4.542767e+01    8.592589e+00    0.000000e+00  
  2   1   5   9.999995e+01    -4.322337e+00    0.000000e+00    4.000000e+01    5.000000e+00    0.000000e+00  
  2   1   6   2.016034e+01    -3.505076e-01    0.000000e+00    9.999980e+01    4.509132e+00    0.000000e+00  
  2   1   7   2.000008e+01    -4.986653e-01    0.000000e+00    6.843144e+01    6.969177e+00    0.000000e+00  
  2   1   8   2.000000e+01    2.187566e-02    0.000000e+00    9.999997e+01    3.018340e+00    0.000000e+00  
  2   1   9   1.000000e+02    -3.385486e+00    0.000000e+00    4.949354e+01    8.373799e+00    0.000000e+00  
  2   1  10   2.000000e+01    1.938397e+00    0.000000e+00    4.000000e+01    5.000000e+00    0.000000e+00  
  2   1  11   2.014747e+01    -1.150142e-01    0.000000e+00    9.999730e+01    6.094107e+00    0.000000e+00  
  2   1  12   4.000000e+01    5.000000e+00    0.000000e+00    2.000530e+01    8.876106e+00    0.000000e+00  
  2   1  13   4.000000e+01    5.000000e+00    0.000000e+00    4.000000e+01    5.000000e+00    0.000000e+00  
  2   1  14   2.012692e+01    -6.046686e-01    0.000000e+00    4.016909e+01    6.985393e+00    0.000000e+00  
  2   1  15   9.999984e+01    -1.498947e+00    0.000000e+00    9.971924e+01    6.601578e+00    0.000000e+00  
  2   1  16   2.006640e+01    -3.401092e-01    0.000000e+00    9.999988e+01    5.850565e+00    0.000000e+00  
  2   1  17   1.000000e+02    -2.614379e+00    0.000000e+00    5.697199e+01    7.548346e+00    0.000000e+00  
  2   1  18   2.000000e+01    -9.087694e-01    0.000000e+00    4.000000e+01    5.000000e+00    0.000000e+00  
  2   1  19   2.403906e+01    1.282499e+00    0.000000e+00    4.000000e+01    5.000000e+00    0.000000e+00  
  2   1  20   2.000000e+01    -6.751621e-01    0.000000e+00    4.140668e+01    5.040667e+00    0.000000e+00  
  2   1  21   2.025668e+01    -6.806807e-01    0.000000e+00    2.783897e+01    4.079005e+00    0.000000e+00  
  2   1  22   2.001800e+01    9.793443e-01    0.000000e+00    4.000000e+01    5.000000e+00    0.000000e+00  
  2   1  23   2.028239e+01    -8.881235e-01    0.000000e+00    4.000000e+01    5.000000e+00    0.000000e+00  
  2   2   1   2.220137e+01    -2.040942e+00    0.000000e+00    9.999998e+01    4.080664e+00    0.000000e+00  
  2   2   2   9.460188e+01    -2.485609e+00    0.000000e+00    9.999681e+01    2.358387e+00    0.000000e+00  
  2   2   3   4.000000e+01    5.000000e+00    0.000000e+00    9.999981e+01    1.828527e-01    0.000000e+00  
  2   2   4   9.999991e+01    -9.391693e-01    0.000000e+00    9.999997e+01    4.684033e+00    0.000000e+00  
  2   2   5   2.224352e+01    -1.828201e+00    0.000000e+00    4.000000e+01    5.000000e+00    0.000000e+00  
  2   2   6   2.000015e+01    -2.009039e+00    0.000000e+00    9.999999e+01    2.103848e+00    0.000000e+00  
  2   2   7   4.000000e+01    5.000000e+00    0.000000e+00    9.999997e+01    6.715337e+00    0.000000e+00  
  2   2   8   1.000000e+02    -2.175567e+00    0.000000e+00    2.000079e+01    8.700648e+00    0.000000e+00  
  2   2   9   1.000000e+02    -2.847229e+00    0.000000e+00    9.999999e+01    6.872002e+00    0.000000e+00  
  2   2  10   1.000000e+02    -2.293247e+00    0.000000e+00    9.999990e+01    2.436355e+00    0.000000e+00  
  2   2  11   4.000000e+01    5.000000e+00    0.000000e+00    9.999997e+01    -1.134188e+00    0.000000e+00  
  2   2  12   2.237579e+01    -2.137119e+00    0.000000e+00    9.999993e+01    8.218954e-01    0.000000e+00  
  2   2  13   2.000000e+01    -4.768652e-01    0.000000e+00    1.000000e+02    7.955473e+00    0.000000e+00  
  2   2  14   2.025123e+01    9.227056e-01    0.000000e+00    9.999999e+01    7.067640e+00    0.000000e+00  
  2   2  15   1.000000e+02    -2.666337e+00    0.000000e+00    4.000000e+01    5.000000e+00    0.000000e+00  
  2   2  16   9.999996e+01    -2.090766e+00    0.000000e+00    9.999754e+01    7.182677e+00    0.000000e+00  
  2   2  17   4.000000e+01    5.000000e+00    0.000000e+00    1.000000e+02    6.064852e+00    0.000000e+00  
  2   2  18   1.000000e+02    -2.498994e+00    0.000000e+00    4.000000e+01    5.000000e+00    0.000000e+00  
  2   2  19   8.526796e+01    -2.277556e+00    0.000000e+00    9.999991e+01    7.100246e+00    0.000000e+00  
  2   2  20   3.355841e+01    4.787521e+00    0.000000e+00    1.000000e+02    5.643791e+00    0.000000e+00  
  2   2  21   4.000000e+01    5.000000e+00    0.000000e+00    4.000000e+01    5.000000e+00    0.000000e+00  
  2   2  22   4.000000e+01    5.000000e+00    0.000000e+00    1.000000e+02    7.145634e+00    0.000000e+00  
  2   2  23   5.636646e+01    -2.424078e+00    0.000000e+00    1.000000e+02    7.346484e+00    0.000000e+00  
  2   2  24   4.000000e+01    5.000000e+00    0.000000e+00    4.000000e+01    5.000000e+00    0.000000e+00  
  2   2  25   4.000000e+01    5.000000e+00    0.000000e+00    1.000000e+02    3.752797e+00    0.000000e+00  
  2   2  26   2.000000e+01    -6.820528e-01    0.000000e+00    4.000000e+01    5.000000e+00    0.000000e+00  
  2   2  27   4.000000e+01    5.000000e+00    0.000000e+00    1.000000e+02    5.886920e+00    0.000000e+00  
  2   2  28   2.202612e+01    -1.945291e+00    0.000000e+00    4.000000e+01    5.000000e+00    0.000000e+00  
  2   2  29   4.000000e+01    5.000000e+00    0.000000e+00    1.000000e+02    7.480656e+00    0.000000e+00  
  2   2  30   3.912574e+01    -1.571534e+00    0.000000e+00    1.000000e+02    7.699936e+00    0.000000e+00  
  2   2  31   9.865161e+01    -1.944955e+00    0.000000e+00    4.000000e+01    5.000000e+00    0.000000e+00  
  2   2  32   9.999998e+01    -2.819051e+00    0.000000e+00    4.000000e+01    5.000000e+00    0.000000e+00  
  2   2  33   2.041005e+01    3.150738e+00    0.000000e+00    4.000000e+01    5.000000e+00    0.000000e+00  
  2   2  34   5.252234e+01    -2.601564e+00    0.000000e+00    4.000000e+01    5.000000e+00    0.000000e+00  
  2   2  35   4.000000e+01    5.000000e+00    0.000000e+00    2.000000e+01    7.911515e+00    0.000000e+00  
  2   2  36   2.241883e+01    -8.243005e-01    0.000000e+00    4.000000e+01    5.000000e+00    0.000000e+00  
  2   2  37   2.880659e+01    4.536423e+00    0.000000e+00    4.000000e+01    5.000000e+00    0.000000e+00  
  2   2  38   4.000000e+01    5.000000e+00    0.000000e+00    4.000000e+01    5.000000e+00    0.000000e+00  
  2   2  39   1.000000e+02    -2.919786e+00    0.000000e+00    4.000000e+01    5.000000e+00    0.000000e+00  
  2   2  40   7.890803e+01    -2.359578e+00    0.000000e+00    4.000000e+01    5.000000e+00    0.000000e+00  
  2   2  41   4.000000e+01    5.000000e+00    0.000000e+00    9.999967e+01    6.386744e+00    0.000000e+00  
  2   2  42   4.000000e+01    5.000000e+00    0.000000e+00    4.000000e+01    5.000000e+00    0.000000e+00  
  2   2  43   4.000000e+01    5.000000e+00    0.000000e+00    1.000000e+02    7.617382e+00    0.000000e+00  
  2   2  44   4.000000e+01    5.000000e+00    0.000000e+00    1.000000e+02    7.228902e+00    0.000000e+00  
  2   2  45   2.185645e+01    -1.812819e+00    0.000000e+00    3.015783e+01    4.623890e+00    0.000000e+00  
  2   2  46   4.000000e+01    5.000000e+00    0.000000e+00    9.999999e+01    6.364337e+00    0.000000e+00  
  2   2  47   4.000000e+01    5.000000e+00    0.000000e+00    4.000000e+01    5.000000e+00    0.000000e+00  
  2   2  48   9.999995e+01    -2.306569e+00    0.000000e+00    4.000000e+01    5.000000e+00    0.000000e+00  
  2   2  49   9.999998e+01    -1.738328e+00    0.000000e+00    4.000000e+01    5.000000e+00    0.000000e+00  
  2   2  50   2.024614e+01    1.059848e+00    0.000000e+00    9.999999e+01    5.843313e+00    0.000000e+00  
  2   2  51   4.000000e+01    5.000000e+00    0.000000e+00    1.000000e+02    7.386835e+00    0.000000e+00  
  2   2  52   3.756679e+01    -5.427309e-01    0.000000e+00    2.026636e+01    1.650356e+00    0.000000e+00  
  2   2  53   9.999999e+01    -2.733068e+00    0.000000e+00    4.000000e+01    5.000000e+00    0.000000e+00  
  2   2  54   2.000001e+01    -7.124849e-01    0.000000e+00    4.000000e+01    5.000000e+00    0.000000e+00  
  2   2  55   1.000000e+02    -1.346187e+00    0.000000e+00    4.000000e+01    5.000000e+00    0.000000e+00  
  2   2  56   2.000011e+01    2.869062e-01    0.000000e+00    4.000000e+01    5.000000e+00    0.000000e+00  
  2   2  57   2.092573e+01    -5.646604e-01    0.000000e+00    4.000000e+01    5.000000e+00    0.000000e+00  
  2   2  58   1.000000e+02    -1.400850e+00    0.000000e+00    4.000000e+01    5.000000e+00    0.000000e+00  
  2   2  59   4.000000e+01    5.000000e+00    0.000000e+00    4.000000e+01    5.000000e+00    0.000000e+00  
  2   2  60   4.000000e+01    5.000000e+00    0.000000e+00    4.000000e+01    5.000000e+00    0.000000e+00  
  2   2  61   2.087221e+01    -5.632752e-01    0.000000e+00    4.000000e+01    5.000000e+00    0.000000e+00  
  2   2  62   1.000000e+02    -1.172198e+00    0.000000e+00    4.000000e+01    5.000000e+00    0.000000e+00  
  2   3   1   4.000000e+01    5.000000e+00    0.000000e+00    3.549253e+01    4.760981e+00    0.000000e+00  
  2   3   2   2.318136e+01    3.197766e+00    0.000000e+00    2.780477e+01    8.678883e+00    0.000000e+00  
  2   3   3   5.636168e+01    -2.824687e+00    0.000000e+00    4.000000e+01    5.000000e+00    0.000000e+00  
  2   3   4   9.999995e+01    -1.029211e+00    0.000000e+00    2.237853e+01    2.603350e+00    0.000000e+00  
  2   3   5   4.000000e+01    5.000000e+00    0.000000e+00    4.000000e+01    5.000000e+00    0.000000e+00  
  3   1   1   2.000000e+01    -1.773940e+00    0.000000e+00    9.999996e+01    -5.209073e-01    0.000000e+00  
  3   1   2   2.459720e+01    5.268115e-01    0.000000e+00    9.999998e+01    2.601369e+00    0.000000e+00  
  3   1   3   9.990744e+01    -4.793036e+00    0.000000e+00    9.995616e+01    1.046150e+00    0.000000e+00  
  3   1   4   4.000000e+01    5.000000e+00    0.000000e+00    1.000000e+02    4.192617e-01    0.000000e+00  
  3   1   5   1.000000e+02    -3.694482e+00    0.000000e+00    1.000000e+02    4.049590e+00    0.000000e+00  
  3   1   6   4.000000e+01    5.000000e+00    0.000000e+00    1.000000e+02    -1.278421e-01    0.000000e+00  
  3   1   7   1.000000e+02    -3.632221e+00    0.000000e+00    9.999996e+01    5.631532e+00    0.000000e+00  
  3   1   8   2.002481e+01    2.084296e-01    0.000000e+00    7.972566e+01    -1.124448e+00    0.000000e+00  
  3   1   9   2.000006e+01    -8.091434e-01    0.000000e+00    1.000000e+02    2.332400e+00    0.000000e+00  
  3   1  10   6.260606e+01    -2.562818e+00    0.000000e+00    9.934055e+01    6.160619e+00    0.000000e+00  
  3   1  11   2.000004e+01    2.829432e+00    0.000000e+00    1.000000e+02    2.582975e+00    0.000000e+00  
  3   1  12   1.000000e+02    -3.119688e+00    0.000000e+00    1.000000e+02    4.377094e+00    0.000000e+00  
  3   1  13   2.000001e+01    -4.612176e-01    0.000000e+00    9.999994e+01    5.143290e+00    0.000000e+00  
  3   1  14   2.000004e+01    4.595148e+00    0.000000e+00    9.999998e+01    4.144156e+00    0.000000e+00  
  3   1  15   2.015492e+01    -1.258394e+00    0.000000e+00    1.000000e+02    2.772397e+00    0.000000e+00  
  3   1  16   2.007192e+01    -8.612024e-01    0.000000e+00    1.000000e+02    5.599574e+00    0.000000e+00  
  3   1  17   5.681108e+01    -2.163905e+00    0.000000e+00    9.999990e+01    6.189337e+00    0.000000e+00  
  3   1  18   4.000000e+01    5.000000e+00    0.000000e+00    2.000237e+01    7.463918e+00    0.000000e+00  
  3   1  19   2.007814e+01    -5.485120e-01    0.000000e+00    4.000000e+01    5.000000e+00    0.000000e+00  
  3   1  20   2.013274e+01    -8.319834e-01    0.000000e+00    2.000000e+01    2.887030e+00    0.000000e+00  
  3   1  21   2.012033e+01    -7.707488e-01    0.000000e+00    4.000000e+01    5.000000e+00    0.000000e+00  
  3   1  22   2.000000e+01    -7.358356e-01    0.000000e+00    4.000000e+01    5.000000e+00    0.000000e+00  
  3   1  23   2.009989e+01    -8.339882e-01    0.000000e+00    4.000000e+01    5.000000e+00    0.000000e+00  
  3   2   1   9.999996e+01    -1.686068e+00    0.000000e+00    2.001055e+01    2.489314e+00    0.000000e+00  
  3   2   2   4.000000e+01    5.000000e+00    0.000000e+00    7.384914e+01    -1.727663e+00    0.000000e+00  
  3   2   3   1.000000e+02    -3.635258e+00    0.000000e+00    9.999998e+01    1.860132e+00    0.000000e+00  
  3   2   4   2.234999e+01    -1.558502e+00    0.000000e+00    2.300776e+01    2.144159e+00    0.000000e+00  
  3   2   5   8.714342e+01    -1.716250e+00    0.000000e+00    1.000000e+02    3.256265e+00    0.000000e+00  
  3   2   6   4.000000e+01    5.000000e+00    0.000000e+00    9.999999e+01    9.172146e-01    0.000000e+00  
  3   2   7   9.999999e+01    -2.748793e+00    0.000000e+00    1.000000e+02    4.814440e+00    0.000000e+00  
  3   2   8   4.000000e+01    5.000000e+00    0.000000e+00    1.000000e+02    3.827590e+00    0.000000e+00  
  3   2   9   4.000000e+01    5.000000e+00    0.000000e+00    1.000000e+02    -1.677558e+00    0.000000e+00  
  3   2  10   1.000000e+02    -2.102783e+00    0.000000e+00    1.000000e+02    6.360434e+00    0.000000e+00  
  3   2  11   2.079451e+01    -5.012681e-01    0.000000e+00    9.999993e+01    3.758361e+00    0.000000e+00  
  3   2  12   2.000000e+01    -1.740245e+00    0.000000e+00    1.000000e+02    5.282407e+00    0.000000e+00  
  3   2  13   2.165911e+01    -1.415577e+00    0.000000e+00    1.000000e+02    7.427203e+00    0.000000e+00  
  3   2  14   1.000000e+02    -2.128206e+00    0.000000e+00    9.999831e+01    6.927681e+00    0.000000e+00  
  3   2  15   4.000000e+01    5.000000e+00    0.000000e+00    1.000000e+02    -1.636777e+00    0.000000e+00  
  3   2  16   1.000000e+02    -2.682690e+00    0.000000e+00    9.998277e+01    7.020050e+00    0.000000e+00  
  3   2  17   2.150067e+01    -1.470720e+00    0.000000e+00    1.000000e+02    3.012620e+00    0.000000e+00  
  3   2  18   4.000000e+01    5.000000e+00    0.000000e+00    1.000000e+02    -1.538408e+00    0.000000e+00  
  3   2  19   2.188844e+01    -2.173857e+00    0.000000e+00    1.000000e+02    4.521100e+00    0.000000e+00  
  3   2  20   6.763873e+01    -1.648692e+00    0.000000e+00    1.000000e+02    5.957323e+00    0.000000e+00  
  3   2  21   4.000000e+01    5.000000e+00    0.000000e+00    1.000000e+02    4.663398e+00    0.000000e+00  
  3   2  22   2.139063e+01    -1.177509e+00    0.000000e+00    9.999998e+01    4.226203e+00    0.000000e+00  
  3   2  23   9.999999e+01    -2.639461e+00    0.000000e+00    2.002269e+01    8.022320e+00    0.000000e+00  
  3   2  24   1.000000e+02    -2.357995e+00    0.000000e+00    1.000000e+02    7.450469e+00    0.000000e+00  
  3   2  25   4.000000e+01    5.000000e+00    0.000000e+00    1.000000e+02    4.584500e+00    0.000000e+00  
  3   2  26   2.000105e+01    -1.082070e+00    0.000000e+00    4.000000e+01    5.000000e+00    0.000000e+00  
  3   2  27   4.000000e+01    5.000000e+00    0.000000e+00    9.679699e+01    2.971086e+00    0.000000e+00  
  3   2  28   2.000006e+01    -1.661673e+00    0.000000e+00    9.999997e+01    6.068425e+00    0.000000e+00  
  3   2  29   1.000000e+02    -2.996604e+00    0.000000e+00    1.000000e+02    7.300034e+00    0.000000e+00  
  3   2  30   9.999999e+01    -2.029763e+00    0.000000e+00    1.000000e+02    5.760972e+00    0.000000e+00  
  3   2  31   4.000000e+01    5.000000e+00    0.000000e+00    9.999748e+01    6.491627e+00    0.000000e+00  
  3   2  32   9.999994e+01    -2.359889e+00    0.000000e+00    4.000000e+01    5.000000e+00    0.000000e+00  
  3   2  33   9.999960e+01    -2.567580e+00    0.000000e+00    9.999978e+01    5.616533e+00    0.000000e+00  
  3   2  34   9.818360e+01    -2.072098e+00    0.000000e+00    1.000000e+02    7.586715e+00    0.000000e+00  
  3   2  35   2.195498e+01    -2.481592e+00    0.000000e+00    1.000000e+02    3.722445e+00    0.000000e+00  
  3   2  36   4.000000e+01    5.000000e+00    0.000000e+00    1.000000e+02    4.514080e+00    0.000000e+00  
  3   2  37   2.178234e+01    -1.491032e+00    0.000000e+00    2.001361e+01    8.275583e+00    0.000000e+00  
  3   2  38   1.000000e+02    -2.057373e+00    0.000000e+00    1.000000e+02    7.765105e+00    0.000000e+00  
  3   2  39   1.000000e+02    -3.260866e+00    0.000000e+00    2.023088e+01    8.258062e+00    0.000000e+00  
  3   2  40   4.000000e+01    5.000000e+00    0.000000e+00    9.999997e+01    4.495468e+00    0.000000e+00  
  3   2  41   9.999997e+01    -1.789316e+00    0.000000e+00    4.000000e+01    5.000000e+00    0.000000e+00  
  3   2  42   2.095059e+01    -5.639647e-01    0.000000e+00    9.999975e+01    5.870496e+00    0.000000e+00  
  3   2  43   2.000000e+01    -4.527033e-01    0.000000e+00    2.000000e+01    8.173121e+00    0.000000e+00  
  3   2  44   2.113799e+01    -4.129714e-01    0.000000e+00    9.996961e+01    6.835762e+00    0.000000e+00  
  3   2  45   2.218650e+01    -2.481990e+00    0.000000e+00    9.999936e+01    5.255927e+00    0.000000e+00  
  3   2  46   2.351724e+01    -5.483608e-01    0.000000e+00    1.000000e+02    3.876162e+00    0.000000e+00  
  3   2  47   9.999903e+01    -2.882437e+00    0.000000e+00    1.000000e+02    4.867253e+00    0.000000e+00  
  3   2  48   1.000000e+02    -1.493268e+00    0.000000e+00    1.000000e+02    7.256575e+00    0.000000e+00  
  3   2  49   9.999999e+01    -2.030158e+00    0.000000e+00    1.000000e+02    6.096860e+00    0.000000e+00  
  3   2  50   1.000000e+02    -2.297280e+00    0.000000e+00    2.003530e+01    7.953179e+00    0.000000e+00  
  3   2  51   9.999990e+01    -2.273365e+00    0.000000e+00    9.999999e+01    4.653369e+00    0.000000e+00  
  3   2  52   2.000000e+01    6.395649e-02    0.000000e+00    4.000000e+01    5.000000e+00    0.000000e+00  
  3   2  53   2.000000e+01    3.238528e-01    0.000000e+00    9.998943e+01    6.859325e+00    0.000000e+00  
  3   2  54   2.054299e+01    2.986479e-01    0.000000e+00    2.000030e+01    6.587986e+00    0.000000e+00  
  3   2  55   9.999499e+01    -1.442955e+00    0.000000e+00    4.000000e+01    5.000000e+00    0.000000e+00  
  3   2  56   2.006469e+01    2.326049e+00    0.000000e+00    2.000011e+01    7.336766e+00    0.000000e+00  
  3   2  57   2.000009e+01    1.118524e-01    0.000000e+00    4.000000e+01    5.000000e+00    0.000000e+00  
  3   2  58   5.588176e+01    -1.047436e+00    0.000000e+00    2.000000e+01    7.847676e+00    0.000000e+00  
  3   2  59   9.999926e+01    -1.786859e+00    0.000000e+00    4.000000e+01    5.000000e+00    0.000000e+00  
  3   2  60   2.027335e+01    1.095122e+00    0.000000e+00    2.000011e+01    7.028281e+00    0.000000e+00  
  3   2  61   2.114882e+01    -5.161287e-01    0.000000e+00    4.000000e+01    5.000000e+00    0.000000e+00  
  3   2  62   2.000014e+01    -3.521707e-01    0.000000e+00    5.066821e+01    6.527564e+00    0.000000e+00  
  3   3   1   2.006914e+01    -8.637018e-01    0.000000e+00    2.000000e+01    6.879636e+00    0.000000e+00  
  3   3   2   4.000000e+01    5.000000e+00    0.000000e+00    4.000000e+01    5.000000e+00    0.000000e+00  
  3   3   3   4.000000e+01    5.000000e+00    0.000000e+00    4.000000e+01    5.000000e+00    0.000000e+00  
  3   3   4   4.000000e+01    5.000000e+00    0.000000e+00    4.000000e+01    5.000000e+00    0.000000e+00  
  3   3   5   2.019955e+01    -1.555549e+00    0.000000e+00    2.026331e+01    1.987009e+00    0.000000e+00  
  4   1   1   1.000000e+02    -3.574164e+00    0.000000e+00    2.063234e+01    -8.338812e-01    0.000000e+00  
  4   1   2   1.000000e+02    -4.491494e+00    0.000000e+00    9.999997e+01    -3.615526e+00    0.000000e+00  
  4   1   3   1.000000e+02    -3.852748e+00    0.000000e+00    1.000000e+02    -3.210997e+00    0.000000e+00  
  4   1   4   1.000000e+02    -2.668641e+00    0.000000e+00    9.796144e+01    -2.864565e+00    0.000000e+00  
  4   1   5   1.000000e+02    2.232517e+00    0.000000e+00    1.000000e+02    1.109528e+00    0.000000e+00  
  4   1   6   1.000000e+02    -2.928774e+00    0.000000e+00    1.000000e+02    -3.099792e+00    0.000000e+00  
  4   1   7   1.000000e+02    -3.010499e+00    0.000000e+00    9.929728e+01    -2.464796e+00    0.000000e+00  
  4   1   8   1.000000e+02    -2.727018e+00    0.000000e+00    1.000000e+02    -2.998746e+00    0.000000e+00  
  4   1   9   1.000000e+02    -2.795064e+00    0.000000e+00    9.999999e+01    -3.012791e+00    0.000000e+00  
  4   1  10   1.000000e+02    -2.330321e+00    0.000000e+00    1.000000e+02    -2.125240e+00    0.000000e+00  
  4   1  11   1.000000e+02    -3.012937e+00    0.000000e+00    9.161843e+01    -2.874428e+00    0.000000e+00  
  4   1  12   1.000000e+02    -2.976936e+00    0.000000e+00    9.942842e+01    -2.935034e+00    0.000000e+00  
  4   1  13   9.776523e+01    -1.925020e+00    0.000000e+00    9.976319e+01    -1.362953e+00    0.000000e+00  
  4   1  14   1.000000e+02    -2.385481e+00    0.000000e+00    1.000000e+02    -4.630526e-02    0.000000e+00  
  4   1  15   6.880752e+01    -9.660970e-01    0.000000e+00    9.998029e+01    -2.246036e+00    0.000000e+00  
  4   1  16   1.000000e+02    -2.800312e+00    0.000000e+00    1.000000e+02    -2.741567e+00    0.000000e+00  
  4   1  17   9.432323e+01    -1.822179e+00    0.000000e+00    2.000024e+01    1.458045e+00    0.000000e+00  
  4   1  18   9.999999e+01    -2.706969e+00    0.000000e+00    1.000000e+02    -2.791139e+00    0.000000e+00  
  4   1  19   2.711398e+01    1.873141e+00    0.000000e+00    1.000000e+02    -2.587407e+00    0.000000e+00  
  4   1  20   1.000000e+02    -2.529107e+00    0.000000e+00    9.992821e+01    -2.434587e+00    0.000000e+00  
  4   1  21   1.000000e+02    -2.510997e+00    0.000000e+00    9.999998e+01    -2.430688e+00    0.000000e+00  
  4   1  22   2.651038e+01    9.096560e-01    0.000000e+00    9.005892e+01    -1.889131e+00    0.000000e+00  
  4   1  23   1.000000e+02    -2.713096e+00    0.000000e+00    1.000000e+02    -2.634667e+00    0.000000e+00  
  4   2   1   1.000000e+02    1.058681e+00    0.000000e+00    2.196561e+01    1.851413e+00    0.000000e+00  
  4   2   2   4.000000e+01    5.000000e+00    0.000000e+00    2.000000e+01    -1.970015e+00    0.000000e+00  
  4   2   3   2.348045e+01    2.885495e+00    0.000000e+00    9.847160e+01    1.501564e+00    0.000000e+00  
  4   2   4   1.000000e+02    -1.970998e+00    0.000000e+00    2.710117e+01    2.540804e+00    0.000000e+00  
  4   2   5   1.000000e+02    4.700910e+00    0.000000e+00    9.999991e+01    3.480915e+00    0.000000e+00  
  4   2   6   1.000000e+02    1.817321e+00    0.000000e+00    2.946529e+01    2.397971e+00    0.000000e+00  
  4   2   7   9.932430e+01    -1.862552e+00    0.000000e+00    1.000000e+02    -1.993172e+00    0.000000e+00  
  4   2   8   1.000000e+02    -1.804488e+00    0.000000e+00    1.000000e+02    -1.897532e+00    0.000000e+00  
  4   2   9   1.000000e+02    3.060191e+00    0.000000e+00    1.000000e+02    1.875404e+00    0.000000e+00  
  4   2  10   9.826653e+01    -1.878431e+00    0.000000e+00    1.000000e+02    -1.825211e+00    0.000000e+00  
  4   2  11   9.999994e+01    -3.187312e+00    0.000000e+00    9.829005e+01    -2.317936e+00    0.000000e+00  
  4   2  12   9.999017e+01    -7.496409e-01    0.000000e+00    1.000000e+02    -1.421321e+00    0.000000e+00  
  4   2  13   9.341139e+01    -1.922200e+00    0.000000e+00    1.000000e+02    -2.195367e+00    0.000000e+00  
  4   2  14   9.829614e+01    2.194178e+00    0.000000e+00    9.999999e+01    2.598476e+00    0.000000e+00  
  4   2  15   1.000000e+02    -1.585348e+00    0.000000e+00    9.999999e+01    -1.369021e+00    0.000000e+00  
  4   2  16   1.000000e+02    -1.923380e+00    0.000000e+00    1.000000e+02    -1.206499e+00    0.000000e+00  
  4   2  17   9.999999e+01    -1.535218e+00    0.000000e+00    1.000000e+02    -1.722143e+00    0.000000e+00  
  4   2  18   1.000000e+02    -8.004523e-01    0.000000e+00    3.147787e+01    2.560076e+00    0.000000e+00  
  4   2  19   1.000000e+02    -1.227532e+00    0.000000e+00    1.000000e+02    -1.048001e+00    0.000000e+00  
  4   2  20   9.067457e+01    -1.823981e+00    0.000000e+00    9.695735e+01    -1.901278e+00    0.000000e+00  
  4   2  21   6.660770e+01    -1.573969e+00    0.000000e+00    9.999973e+01    -2.193971e+00    0.000000e+00  
  4   2  22   1.000000e+02    -2.166744e+00    0.000000e+00    8.643894e+01    -1.612792e+00    0.000000e+00  
  4   2  23   7.371512e+01    -1.490159e+00    0.000000e+00    1.000000e+02    -1.978802e+00    0.000000e+00  
  4   2  24   1.000000e+02    -1.424635e+00    0.000000e+00    1.000000e+02    -1.258706e+00    0.000000e+00  
  4   2  25   1.000000e+02    1.546818e-01    0.000000e+00    1.000000e+02    -1.922183e-01    0.000000e+00  
  4   2  26   1.000000e+02    -1.848578e+00    0.000000e+00    1.000000e+02    -1.221614e+00    0.000000e+00  
  4   2  27   9.906030e+01    -1.591325e+00    0.000000e+00    1.000000e+02    -1.986119e+00    0.000000e+00  
  4   2  28   1.000000e+02    -1.568245e+00    0.000000e+00    1.000000e+02    -1.269023e+00    0.000000e+00  
  4   2  29   1.000000e+02    -1.406328e+00    0.000000e+00    9.644913e+01    -1.802101e+00    0.000000e+00  
  4   2  30   1.000000e+02    -1.780853e+00    0.000000e+00    1.000000e+02    -2.087694e+00    0.000000e+00  
  4   2  31   1.000000e+02    -1.535555e+00    0.000000e+00    1.000000e+02    3.974287e+00    0.000000e+00  
  4   2  32   4.000000e+01    5.000000e+00    0.000000e+00    4.000000e+01    5.000000e+00    0.000000e+00  
  4   2  33   1.000000e+02    -1.245319e+00    0.000000e+00    9.942359e+01    -1.483825e+00    0.000000e+00  
  4   2  34   9.928098e+01    -1.203538e+00    0.000000e+00    1.000000e+02    1.702859e+00    0.000000e+00  
  4   2  35   9.522589e+01    -1.333071e+00    0.000000e+00    1.000000e+02    -1.106453e+00    0.000000e+00  
  4   2  36   1.000000e+02    -1.390452e+00    0.000000e+00    1.000000e+02    -1.255313e+00    0.000000e+00  
  4   2  37   1.000000e+02    -8.994838e-01    0.000000e+00    9.999999e+01    -5.987876e-01    0.000000e+00  
  4   2  38   1.000000e+02    -1.636882e+00    0.000000e+00    1.000000e+02    2.356072e-01    0.000000e+00  
  4   2  39   1.000000e+02    -1.532258e+00    0.000000e+00    9.999972e+01    -6.753927e-01    0.000000e+00  
  4   2  40   9.999997e+01    -7.772653e-01    0.000000e+00    4.560259e+01    3.335377e+00    0.000000e+00  
  4   2  41   2.000047e+01    2.453972e+00    0.000000e+00    2.982085e+01    2.299847e+00    0.000000e+00  
  4   2  42   1.000000e+02    -1.146246e+00    0.000000e+00    9.999999e+01    -2.257321e-01    0.000000e+00  
  4   2  43   9.587510e+01    7.460552e-01    0.000000e+00    9.999996e+01    1.119455e-01    0.000000e+00  
  4   2  44   9.207401e+01    -1.007503e+00    0.000000e+00    9.990130e+01    -1.347538e+00    0.000000e+00  
  4   2  45   1.000000e+02    -6.252301e-01    0.000000e+00    9.999999e+01    -1.180903e+00    0.000000e+00  
  4   2  46   2.000043e+01    2.411777e+00    0.000000e+00    2.000237e+01    2.423331e+00    0.000000e+00  
  4   2  47   9.515134e+01    -1.661278e+00    0.000000e+00    9.955549e+01    -7.896904e-01    0.000000e+00  
  4   2  48   1.000000e+02    1.924802e-01    0.000000e+00    1.000000e+02    -8.143298e-01    0.000000e+00  
  4   2  49   6.448243e+01    -3.969680e-01    0.000000e+00    1.000000e+02    -7.355989e-01    0.000000e+00  
  4   2  50   1.000000e+02    -1.302697e-01    0.000000e+00    1.000000e+02    -2.288452e-01    0.000000e+00  
  4   2  51   1.000000e+02    3.609304e-01    0.000000e+00    1.000000e+02    -1.382588e+00    0.000000e+00  
  4   2  52   1.000000e+02    -8.753679e-01    0.000000e+00    2.000001e+01    2.342065e+00    0.000000e+00  
  4   2  53   1.000000e+02    -7.691453e-01    0.000000e+00    1.000000e+02    1.574901e-01    0.000000e+00  
  4   2  54   1.000000e+02    3.945190e-01    0.000000e+00    1.000000e+02    -1.390704e+00    0.000000e+00  
  4   2  55   1.000000e+02    -6.111105e-01    0.000000e+00    9.876785e+01    1.279083e-01    0.000000e+00  
  4   2  56   2.000322e+01    2.522529e+00    0.000000e+00    1.000000e+02    9.621306e-02    0.000000e+00  
  4   2  57   2.000005e+01    2.403502e+00    0.000000e+00    2.647559e+01    2.321324e+00    0.000000e+00  
  4   2  58   9.753198e+01    6.510808e-01    0.000000e+00    9.999999e+01    2.171325e-01    0.000000e+00  
  4   2  59   1.000000e+02    -4.730054e-01    0.000000e+00    9.999999e+01    3.094494e-01    0.000000e+00  
  4   2  60   9.999999e+01    -1.388579e+00    0.000000e+00    9.999999e+01    -1.747021e+00    0.000000e+00  
  4   2  61   1.000000e+02    -1.506187e+00    0.000000e+00    1.000000e+02    1.964247e-01    0.000000e+00  
  4   2  62   9.999996e+01    1.620577e+00    0.000000e+00    9.392312e+01    -3.327019e-01    0.000000e+00  
  4   3   1   1.000000e+02    -2.795042e+00    0.000000e+00    1.000000e+02    -2.643724e+00    0.000000e+00  
  4   3   2   9.999993e+01    -3.124326e+00    0.000000e+00    9.759257e+01    -2.509444e+00    0.000000e+00  
  4   3   3   9.645705e+01    -2.540103e+00    0.000000e+00    9.933336e+01    -2.829560e+00    0.000000e+00  
  4   3   4   9.081171e+01    -1.182849e+00    0.000000e+00    1.000000e+02    -2.509859e+00    0.000000e+00  
  4   3   5   1.000000e+02    -2.975641e+00    0.000000e+00    9.960548e+01    -2.849735e+00    0.000000e+00  
  5   1   1   1.000000e+02    4.371908e+00    0.000000e+00    1.000000e+02    -3.149644e+00    0.000000e+00  
  5   1   2   1.000000e+02    2.432949e+00    0.000000e+00    9.999999e+01    -3.660003e+00    0.000000e+00  
  5   1   3   9.999994e+01    5.243222e+00    0.000000e+00    9.999999e+01    -3.353814e+00    0.000000e+00  
  5   1   4   1.000000e+02    4.520013e+00    0.000000e+00    2.019910e+01    -8.517502e-01    0.000000e+00  
  5   1   5   1.000000e+02    7.664035e-01    0.000000e+00    2.000035e+01    -2.057938e+00    0.000000e+00  
  5   1   6   9.999976e+01    3.317312e+00    0.000000e+00    1.000000e+02    -4.387247e+00    0.000000e+00  
  5   1   7   1.000000e+02    1.371038e+00    0.000000e+00    2.018116e+01    1.134681e+00    0.000000e+00  
  5   1   8   9.999975e+01    5.757061e+00    0.000000e+00    2.018141e+01    -8.270778e-01    0.000000e+00  
  5   1   9   9.999999e+01    1.919334e+00    0.000000e+00    2.010141e+01    -8.006417e-01    0.000000e+00  
  5   1  10   9.999988e+01    6.175919e+00    0.000000e+00    1.000000e+02    -3.443576e+00    0.000000e+00  
  5   1  11   9.999415e+01    6.360466e+00    0.000000e+00    2.015417e+01    -1.145792e+00    0.000000e+00  
  5   1  12   1.000000e+02    2.733218e+00    0.000000e+00    2.010066e+01    -7.794317e-01    0.000000e+00  
  5   1  13   1.000000e+02    1.791087e+00    0.000000e+00    2.000069e+01    4.443640e-01    0.000000e+00  
  5   1  14   9.999999e+01    5.477516e+00    0.000000e+00    2.000000e+01    -9.872733e-01    0.000000e+00  
  5   1  15   1.000000e+02    2.986823e+00    0.000000e+00    2.004659e+01    -5.440383e-01    0.000000e+00  
  5   1  16   2.000000e+01    7.081202e+00    0.000000e+00    2.011723e+01    -8.523521e-01    0.000000e+00  
  5   1  17   4.000000e+01    5.000000e+00    0.000000e+00    8.979590e+01    -3.242663e+00    0.000000e+00  
  5   1  18   9.999995e+01    5.143465e+00    0.000000e+00    2.000002e+01    -8.613569e-01    0.000000e+00  
  5   1  19   2.000005e+01    7.907320e+00    0.000000e+00    8.023450e+01    -2.936850e+00    0.000000e+00  
  5   1  20   4.000000e+01    5.000000e+00    0.000000e+00    4.000000e+01    5.000000e+00    0.000000e+00  
  5   1  21   6.315795e+01    7.707822e+00    0.000000e+00    2.007750e+01    -8.260604e-01    0.000000e+00  
  5   1  22   9.999969e+01    4.888097e+00    0.000000e+00    2.000146e+01    -2.229312e-01    0.000000e+00  
  5   1  23   4.000000e+01    5.000000e+00    0.000000e+00    2.003926e+01    -5.106223e-01    0.000000e+00  
  5   2   1   1.000000e+02    3.218841e+00    0.000000e+00    1.000000e+02    -1.535768e+00    0.000000e+00  
  5   2   2   1.000000e+02    -3.245464e-01    0.000000e+00    2.076120e+01    -7.163880e-02    0.000000e+00  
  5   2   3   9.999994e+01    7.076222e+00    0.000000e+00    2.310214e+01    1.974080e+00    0.000000e+00  
  5   2   4   1.000000e+02    3.159094e+00    0.000000e+00    2.027246e+01    1.514964e+00    0.000000e+00  
  5   2   5   1.000000e+02    1.008098e+00    0.000000e+00    9.999402e+01    -3.544532e+00    0.000000e+00  
  5   2   6   1.000000e+02    5.378198e+00    0.000000e+00    9.894759e+01    -1.923015e+00    0.000000e+00  
  5   2   7   1.000000e+02    -1.893814e+00    0.000000e+00    4.000000e+01    5.000000e+00    0.000000e+00  
  5   2   8   1.000000e+02    -1.206203e+00    0.000000e+00    4.000000e+01    5.000000e+00    0.000000e+00  
  5   2   9   9.900925e+01    -1.800391e+00    0.000000e+00    4.000000e+01    5.000000e+00    0.000000e+00  
  5   2  10   9.994735e+01    1.043329e-01    0.000000e+00    4.000000e+01    5.000000e+00    0.000000e+00  
  5   2  11   1.000000e+02    1.475535e+00    0.000000e+00    4.000000e+01    5.000000e+00    0.000000e+00  
  5   2  12   1.000000e+02    4.864081e+00    0.000000e+00    1.000000e+02    -3.009769e+00    0.000000e+00  
  5   2  13   9.999999e+01    4.094558e+00    0.000000e+00    2.199012e+01    -2.307326e+00    0.000000e+00  
  5   2  14   1.000000e+02    5.743716e+00    0.000000e+00    1.000000e+02    -2.991613e+00    0.000000e+00  
  5   2  15   2.945074e+01    2.816357e+00    0.000000e+00    4.000000e+01    5.000000e+00    0.000000e+00  
  5   2  16   1.000000e+02    6.107721e+00    0.000000e+00    2.000000e+01    -1.634387e+00    0.000000e+00  
  5   2  17   1.000000e+02    3.138982e+00    0.000000e+00    8.723514e+01    5.558069e+00    0.000000e+00  
  5   2  18   1.000000e+02    7.429984e+00    0.000000e+00    1.000000e+02    -2.197172e+00    0.000000e+00  
  5   2  19   1.000000e+02    1.597197e+00    0.000000e+00    4.000000e+01    5.000000e+00    0.000000e+00  
  5   2  20   2.000130e+01    8.215170e+00    0.000000e+00    9.999999e+01    -2.261473e+00    0.000000e+00  
  5   2  21   1.000000e+02    3.868756e+00    0.000000e+00    4.000000e+01    5.000000e+00    0.000000e+00  
  5   2  22   1.000000e+02    3.199470e+00    0.000000e+00    9.999993e+01    -3.625370e+00    0.000000e+00  
  5   2  23   1.000000e+02    5.169063e+00    0.000000e+00    4.000000e+01    5.000000e+00    0.000000e+00  
  5   2  24   9.999986e+01    6.684496e+00    0.000000e+00    2.139976e+01    -9.231254e-01    0.000000e+00  
  5   2  25   9.999693e+01    6.891060e+00    0.000000e+00    9.999911e+01    -2.998088e+00    0.000000e+00  
  5   2  26   2.000009e+01    8.342942e+00    0.000000e+00    2.000045e+01    -1.312928e+00    0.000000e+00  
  5   2  27   1.000000e+02    4.075910e+00    0.000000e+00    1.000000e+02    -2.643759e+00    0.000000e+00  
  5   2  28   1.000000e+02    7.066248e+00    0.000000e+00    2.149200e+01    -1.335862e+00    0.000000e+00  
  5   2  29   1.000000e+02    7.556905e+00    0.000000e+00    1.000000e+02    -2.741931e+00    0.000000e+00  
  5   2  30   9.999782e+01    6.227127e+00    0.000000e+00    2.156014e+01    -1.457059e+00    0.000000e+00  
  5   2  31   1.000000e+02    7.167092e+00    0.000000e+00    9.999999e+01    -2.688227e+00    0.000000e+00  
  5   2  32   2.032928e+01    1.117474e+00    0.000000e+00    1.000000e+02    -2.581366e+00    0.000000e+00  
  5   2  33   9.999933e+01    6.184649e+00    0.000000e+00    4.000000e+01    5.000000e+00    0.000000e+00  
  5   2  34   9.999954e+01    5.901426e+00    0.000000e+00    2.176550e+01    -1.908853e+00    0.000000e+00  
  5   2  35   9.999999e+01    3.567634e+00    0.000000e+00    4.000000e+01    5.000000e+00    0.000000e+00  
  5   2  36   9.999693e+01    6.946036e+00    0.000000e+00    1.000000e+02    -1.823241e+00    0.000000e+00  
  5   2  37   2.000006e+01    8.049200e+00    0.000000e+00    9.440711e+01    -1.872186e+00    0.000000e+00  
  5   2  38   1.000000e+02    4.819172e+00    0.000000e+00    2.000019e+01    -1.942825e+00    0.000000e+00  
  5   2  39   2.000000e+01    8.191637e+00    0.000000e+00    2.000000e+01    -5.510438e-01    0.000000e+00  
  5   2  40   1.000000e+02    5.524628e+00    0.000000e+00    2.146248e+01    -1.197857e+00    0.000000e+00  
  5   2  41   9.999997e+01    5.523335e+00    0.000000e+00    2.112697e+01    -7.406326e-01    0.000000e+00  
  5   2  42   2.000234e+01    7.667823e+00    0.000000e+00    2.109899e+01    -5.744722e-01    0.000000e+00  
  5   2  43   9.999646e+01    5.914174e+00    0.000000e+00    2.000002e+01    -5.828680e-01    0.000000e+00  
  5   2  44   4.000000e+01    5.000000e+00    0.000000e+00    2.000006e+01    -4.223226e-01    0.000000e+00  
  5   2  45   9.999078e+01    6.729817e+00    0.000000e+00    2.102233e+01    -6.748209e-01    0.000000e+00  
  5   2  46   9.999998e+01    5.416643e+00    0.000000e+00    2.000032e+01    -5.056944e-01    0.000000e+00  
  5   2  47   9.999995e+01    5.986065e+00    0.000000e+00    9.999986e+01    -2.248011e+00    0.000000e+00  
  5   2  48   9.999896e+01    6.143515e+00    0.000000e+00    2.104235e+01    -4.527806e-01    0.000000e+00  
  5   2  49   4.000000e+01    5.000000e+00    0.000000e+00    4.000000e+01    5.000000e+00    0.000000e+00  
  5   2  50   9.998635e+01    6.112495e+00    0.000000e+00    2.105864e+01    -6.244698e-01    0.000000e+00  
  5   2  51   9.999932e+01    6.086583e+00    0.000000e+00    2.000004e+01    -5.416431e-01    0.000000e+00  
  5   2  52   9.999995e+01    4.855543e+00    0.000000e+00    2.000003e+01    -2.108004e-01    0.000000e+00  
  5   2  53   4.000000e+01    5.000000e+00    0.000000e+00    1.000000e+02    -1.765766e+00    0.000000e+00  
  5   2  54   2.000001e+01    7.498404e+00    0.000000e+00    2.096969e+01    -5.450925e-01    0.000000e+00  
  5   2  55   4.000000e+01    5.000000e+00    0.000000e+00    2.000011e+01    -1.778206e-01    0.000000e+00  
  5   2  56   4.000000e+01    5.000000e+00    0.000000e+00    2.000019e+01    -4.339904e-01    0.000000e+00  
  5   2  57   1.000000e+02    5.240211e+00    0.000000e+00    2.000000e+01    8.009747e-01    0.000000e+00  
  5   2  58   4.000000e+01    5.000000e+00    0.000000e+00    9.856520e+01    -9.842183e-01    0.000000e+00  
  5   2  59   1.000000e+02    7.746112e+00    0.000000e+00    2.017980e+01    8.956214e-01    0.000000e+00  
  5   2  60   9.999999e+01    4.084092e+00    0.000000e+00    1.000000e+02    -1.690758e+00    0.000000e+00  
  5   2  61   4.000000e+01    5.000000e+00    0.000000e+00    2.006438e+01    1.328006e+00    0.000000e+00  
  5   2  62   4.000000e+01    5.000000e+00    0.000000e+00    2.001091e+01    1.893912e+00    0.000000e+00  
  5   3   1   4.969178e+01    8.079623e+00    0.000000e+00    2.556921e+01    3.668265e+00    0.000000e+00  
  5   3   2   9.382666e+01    7.237841e+00    0.000000e+00    2.014941e+01    -9.613186e-01    0.000000e+00  
  5   3   3   2.000070e+01    8.926623e+00    0.000000e+00    2.000000e+01    8.043034e-03    0.000000e+00  
  5   3   4   2.000000e+01    3.247027e+00    0.000000e+00    4.000000e+01    5.000000e+00    0.000000e+00  
  5   3   5   2.140804e+01    8.533606e+00    0.000000e+00    2.900018e+01    4.310319e+00    0.000000e+00  
  6   1   1   1.000000e+02    -2.870013e+00    0.000000e+00    2.012867e+01    1.721614e+00    0.000000e+00  
  6   1   2   1.000000e+02    8.097260e-01    0.000000e+00    4.000000e+01    5.000000e+00    0.000000e+00  
  6   1   3   1.000000e+02    5.416554e+00    0.000000e+00    2.000191e+01    8.948082e-01    0.000000e+00  
  6   1   4   1.000000e+02    1.777202e+00    0.000000e+00    2.001614e+01    1.229513e+00    0.000000e+00  
  6   1   5   1.000000e+02    3.746261e+00    0.000000e+00    2.000000e+01    -1.598490e+00    0.000000e+00  
  6   1   6   9.636641e+01    6.332504e+00    0.000000e+00    4.000000e+01    5.000000e+00    0.000000e+00  
  6   1   7   1.000000e+02    4.488699e+00    0.000000e+00    1.000000e+02    -1.004780e+00    0.000000e+00  
  6   1   8   1.000000e+02    3.953975e+00    0.000000e+00    2.054744e+01    2.221461e+00    0.000000e+00  
  6   1   9   4.000000e+01    5.000000e+00    0.000000e+00    2.011165e+01    -3.157024e-01    0.000000e+00  
  6   1  10   1.000000e+02    2.333950e+00    0.000000e+00    4.000000e+01    5.000000e+00    0.000000e+00  
  6   1  11   4.000000e+01    5.000000e+00    0.000000e+00    9.999998e+01    -3.642270e+00    0.000000e+00  
  6   1  12   4.000000e+01    5.000000e+00    0.000000e+00    2.000003e+01    1.117078e+00    0.000000e+00  
  6   1  13   2.000000e+01    8.114508e+00    0.000000e+00    2.000000e+01    -7.891435e-01    0.000000e+00  
  6   1  14   4.000000e+01    5.000000e+00    0.000000e+00    2.000000e+01    -9.165124e-01    0.000000e+00  
  6   1  15   4.000000e+01    5.000000e+00    0.000000e+00    6.358398e+01    -2.727089e+00    0.000000e+00  
  6   1  16   2.416108e+01    3.576461e+00    0.000000e+00    2.096942e+01    -1.391329e+00    0.000000e+00  
  6   1  17   2.000053e+01    8.246894e+00    0.000000e+00    2.004883e+01    1.432022e+00    0.000000e+00  
  6   1  18   1.000000e+02    5.164865e+00    0.000000e+00    3.024621e+01    4.346129e+00    0.000000e+00  
  6   1  19   4.000000e+01    5.000000e+00    0.000000e+00    2.004713e+01    -3.785791e-01    0.000000e+00  
  6   1  20   4.000000e+01    5.000000e+00    0.000000e+00    2.025841e+01    -1.346894e+00    0.000000e+00  
  6   1  21   4.000000e+01    5.000000e+00    0.000000e+00    4.000000e+01    5.000000e+00    0.000000e+00  
  6   1  22   4.000000e+01    5.000000e+00    0.000000e+00    2.012167e+01    -7.644470e-01    0.000000e+00  
  6   1  23   4.000000e+01    5.000000e+00    0.000000e+00    4.000000e+01    5.000000e+00    0.000000e+00  
  6   2   1   9.999961e+01    -2.940788e+00    0.000000e+00    4.000000e+01    5.000000e+00    0.000000e+00  
  6   2   2   9.999905e+01    5.728582e+00    0.000000e+00    1.000000e+02    -1.205918e+00    0.000000e+00  
  6   2   3   9.999952e+01    2.325187e+00    0.000000e+00    2.000010e+01    -2.036859e+00    0.000000e+00  
  6   2   4   1.000000e+02    2.186130e+00    0.000000e+00    2.000000e+01    -8.965761e-01    0.000000e+00  
  6   2   5   1.000000e+02    6.348919e+00    0.000000e+00    1.000000e+02    2.740936e+00    0.000000e+00  
  6   2   6   1.000000e+02    7.409066e+00    0.000000e+00    9.999998e+01    -2.451145e+00    0.000000e+00  
  6   2   7   2.000017e+01    8.477074e+00    0.000000e+00    9.999961e+01    -3.391310e+00    0.000000e+00  
  6   2   8   1.000000e+02    7.259390e+00    0.000000e+00    2.000012e+01    -1.847228e+00    0.000000e+00  
  6   2   9   9.999992e+01    2.225483e+00    0.000000e+00    2.165854e+01    -1.776291e+00    0.000000e+00  
  6   2  10   1.000000e+02    1.082161e+00    0.000000e+00    4.000000e+01    5.000000e+00    0.000000e+00  
  6   2  11   9.211124e+01    7.409951e+00    0.000000e+00    1.000000e+02    -1.559512e+00    0.000000e+00  
  6   2  12   1.000000e+02    7.584453e+00    0.000000e+00    1.000000e+02    -2.239330e+00    0.000000e+00  
  6   2  13   1.000000e+02    4.007173e+00    0.000000e+00    4.000000e+01    5.000000e+00    0.000000e+00  
  6   2  14   4.000000e+01    5.000000e+00    0.000000e+00    9.999999e+01    -2.468803e+00    0.000000e+00  
  6   2  15   1.000000e+02    7.535055e+00    0.000000e+00    1.000000e+02    -1.751392e+00    0.000000e+00  
  6   2  16   1.000000e+02    1.668939e+00    0.000000e+00    4.000000e+01    5.000000e+00    0.000000e+00  
  6   2  17   1.000000e+02    7.240752e+00    0.000000e+00    9.999955e+01    1.994481e+00    0.000000e+00  
  6   2  18   4.000000e+01    5.000000e+00    0.000000e+00    1.000000e+02    -2.004548e+00    0.000000e+00  
  6   2  19   7.726131e+01    7.577281e+00    0.000000e+00    2.000003e+01    -1.422112e+00    0.000000e+00  
  6   2  20   2.446380e+01    6.371252e+00    0.000000e+00    4.000000e+01    5.000000e+00    0.000000e+00  
  6   2  21   4.000000e+01    5.000000e+00    0.000000e+00    1.000000e+02    -2.779258e+00    0.000000e+00  
  6   2  22   1.000000e+02    7.467465e+00    0.000000e+00    1.000000e+02    -2.043749e+00    0.000000e+00  
  6   2  23   4.000000e+01    5.000000e+00    0.000000e+00    2.000000e+01    -1.065751e+00    0.000000e+00  
  6   2  24   9.999999e+01    5.554710e+00    0.000000e+00    4.000000e+01    5.000000e+00    0.000000e+00  
  6   2  25   4.000000e+01    5.000000e+00    0.000000e+00    2.000002e+01    -9.675921e-01    0.000000e+00  
  6   2  26   1.000000e+02    7.865485e+00    0.000000e+00    4.000000e+01    5.000000e+00    0.000000e+00  
  6   2  27   1.000000e+02    5.404322e+00    0.000000e+00    4.000000e+01    5.000000e+00    0.000000e+00  
  6   2  28   9.999832e+01    7.057899e+00    0.000000e+00    4.000000e+01    5.000000e+00    0.000000e+00  
  6   2  29   4.000000e+01    5.000000e+00    0.000000e+00    4.000000e+01    5.000000e+00    0.000000e+00  
  6   2  30   9.999860e+01    7.080397e+00    0.000000e+00    4.000000e+01    5.000000e+00    0.000000e+00  
  6   2  31   9.999891e+01    6.677483e+00    0.000000e+00    4.000000e+01    5.000000e+00    0.000000e+00  
  6   2  32   4.000000e+01    5.000000e+00    0.000000e+00    4.000000e+01    5.000000e+00    0.000000e+00  
  6   2  33   2.997421e+01    4.594726e+00    0.000000e+00    2.171354e+01    -1.117152e+00    0.000000e+00  
  6   2  34   1.000000e+02    7.980189e+00    0.000000e+00    4.000000e+01    5.000000e+00    0.000000e+00  
  6   2  35   9.999980e+01    6.732959e+00    0.000000e+00    4.000000e+01    5.000000e+00    0.000000e+00  
  6   2  36   4.000000e+01    5.000000e+00    0.000000e+00    9.999947e+01    -3.676100e+00    0.000000e+00  
  6   2  37   1.000000e+02    7.814889e+00    0.000000e+00    4.000000e+01    5.000000e+00    0.000000e+00  
  6   2  38   1.000000e+02    7.459073e+00    0.000000e+00    4.000000e+01    5.000000e+00    0.000000e+00  
  6   2  39   1.000000e+02    7.258903e+00    0.000000e+00    4.000000e+01    5.000000e+00    0.000000e+00  
  6   2  40   4.000000e+01    5.000000e+00    0.000000e+00    2.148857e+01    -9.393166e-01    0.000000e+00  
  6   2  41   4.000000e+01    5.000000e+00    0.000000e+00    2.000000e+01    -5.520866e-01    0.000000e+00  
  6   2  42   1.000000e+02    7.265003e+00    0.000000e+00    4.000000e+01    5.000000e+00    0.000000e+00  
  6   2  43   4.000000e+01    5.000000e+00    0.000000e+00    9.999999e+01    -2.991991e+00    0.000000e+00  
  6   2  44   4.000000e+01    5.000000e+00    0.000000e+00    4.000000e+01    5.000000e+00    0.000000e+00  
  6   2  45   4.000000e+01    5.000000e+00    0.000000e+00    2.016155e+01    2.808054e+00    0.000000e+00  
  6   2  46   4.000000e+01    5.000000e+00    0.000000e+00    4.000000e+01    5.000000e+00    0.000000e+00  
  6   2  47   4.000000e+01    5.000000e+00    0.000000e+00    1.000000e+02    -2.953076e+00    0.000000e+00  
  6   2  48   4.000000e+01    5.000000e+00    0.000000e+00    9.999961e+01    -2.678360e+00    0.000000e+00  
  6   2  49   4.000000e+01    5.000000e+00    0.000000e+00    4.000000e+01    5.000000e+00    0.000000e+00  
  6   2  50   4.000000e+01    5.000000e+00    0.000000e+00    4.000000e+01    5.000000e+00    0.000000e+00  
  6   2  51   1.000000e+02    7.091413e+00    0.000000e+00    9.999879e+01    -3.506538e+00    0.000000e+00  
  6   2  52   4.000000e+01    5.000000e+00    0.000000e+00    4.000000e+01    5.000000e+00    0.000000e+00  
  6   2  53   4.000000e+01    5.000000e+00    0.000000e+00    9.999998e+01    -2.493667e+00    0.000000e+00  
  6   2  54   4.000000e+01    5.000000e+00    0.000000e+00    2.119762e+01    -7.945286e-01    0.000000e+00  
  6   2  55   4.000000e+01    5.000000e+00    0.000000e+00    1.000000e+02    -1.569995e+00    0.000000e+00  
  6   2  56   4.000000e+01    5.000000e+00    0.000000e+00    4.000000e+01    5.000000e+00    0.000000e+00  
  6   2  57   4.000000e+01    5.000000e+00    0.000000e+00    2.153068e+01    -1.018219e+00    0.000000e+00  
  6   2  58   4.000000e+01    5.000000e+00    0.000000e+00    4.000000e+01    5.000000e+00    0.000000e+00  
  6   2  59   4.000000e+01    5.000000e+00    0.000000e+00    2.218551e+01    -2.062246e+00    0.000000e+00  
  6   2  60   4.000000e+01    5.000000e+00    0.000000e+00    2.000000e+01    -3.443348e-01    0.000000e+00  
  6   2  61   4.000000e+01    5.000000e+00    0.000000e+00    4.000000e+01    5.000000e+00    0.000000e+00  
  6   2  62   4.000000e+01    5.000000e+00    0.000000e+00    2.150655e+01    -1.372053e+00    0.000000e+00  
  6   3   1   2.007467e+01    1.876010e+00    0.000000e+00    4.000000e+01    5.000000e+00    0.000000e+00  
  6   3   2   2.000001e+01    2.582456e+00    0.000000e+00    2.195430e+01    3.040674e+00    0.000000e+00  
  6   3   3   4.000000e+01    5.000000e+00    0.000000e+00    4.000000e+01    5.000000e+00    0.000000e+00  
  6   3   4   4.000000e+01    5.000000e+00    0.000000e+00    2.082797e+01    2.268338e+00    0.000000e+00  
  6   3   5   4.000000e+01    5.000000e+00    0.000000e+00    4.000000e+01    5.000000e+00    0.000000e+00  
