1 1 1 1.323
1 1 2 0.017
1 1 3 3.057
1 1 4 1.125
1 1 5 -0.097
1 1 6 4.141
1 1 7 0.196
1 1 8 -0.198
1 1 9 -1.396
1 1 10 1.406
1 1 11 4.836
1 1 12 2.506
1 1 13 -2.872
1 1 14 0.283
1 1 15 0.803
1 1 16 0.371
1 1 17 -3.813
1 1 18 1.500
1 1 19 -0.883
1 1 20 0.368
1 1 21 -0.236
1 1 22 -2.658
1 1 23 -1.088
1 2 1 0.319
1 2 2 0.354
1 2 3 1.360
1 2 4 1.330
1 2 5 2.115
1 2 6 -0.618
1 2 7 -1.078
1 2 8 -0.653
1 2 9 -1.775
1 2 10 0.828
1 2 11 0.826
1 2 12 1.669
1 2 13 0.321
1 2 14 -0.006
1 2 15 0.721
1 2 16 -1.095
1 2 17 0.816
1 2 18 1.302
1 2 19 -0.206
1 2 20 0.132
1 2 21 0.241
1 2 22 -0.447
1 2 23 -0.696
1 2 24 0.432
1 2 25 1.117
1 2 26 0.443
1 2 27 1.021
1 2 28 2.068
1 2 29 -0.175
1 2 30 0.269
1 2 31 0.535
1 2 32 0.823
1 2 33 1.585
1 2 34 0.379
1 2 35 -0.658
1 2 36 -0.903
1 2 37 -1.471
1 2 38 -0.792
1 2 39 -1.826
1 2 40 -1.850
1 2 41 0.681
1 2 42 0.053
1 2 43 0.224
1 2 44 -0.246
1 2 45 -1.186
1 2 46 -0.236
1 2 47 0.178
1 2 48 1.444
1 2 49 1.900
1 2 50 -0.169
1 2 51 -0.000
1 2 52 -0.712
1 2 53 -0.718
1 2 54 -1.070
1 2 55 -0.724
1 2 56 -0.284
1 2 57 -0.331
1 2 58 -0.899
1 2 59 -1.826
1 2 60 -0.372
1 2 61 1.753
1 2 62 0.463
1 3 1 12.080
1 3 2 -8.535
1 3 3 -9.519
1 3 4 -7.650
1 3 5 2.866
2 1 1 -3.810
2 1 2 1.347
2 1 3 0.812
2 1 4 -2.255
2 1 5 0.000
2 1 6 4.265
2 1 7 -0.237
2 1 8 -1.208
2 1 9 -0.183
2 1 10 0.000
2 1 11 0.462
2 1 12 2.449
2 1 13 0.743
2 1 14 1.935
2 1 15 0.541
2 1 16 0.221
2 1 17 5.624
2 1 18 -0.067
2 1 19 -1.776
2 1 20 2.321
2 1 21 0.000
2 1 22 -1.263
2 1 23 -2.213
2 2 1 -1.596
2 2 2 -0.116
2 2 3 0.513
2 2 4 1.387
2 2 5 -0.280
2 2 6 -1.848
2 2 7 0.485
2 2 8 -1.267
2 2 9 1.784
2 2 10 1.394
2 2 11 1.842
2 2 12 0.744
2 2 13 -0.731
2 2 14 0.600
2 2 15 -0.770
2 2 16 0.626
2 2 17 0.685
2 2 18 0.466
2 2 19 -0.123
2 2 20 -0.239
2 2 21 -0.373
2 2 22 -0.260
2 2 23 -0.610
2 2 24 -0.709
2 2 25 -0.241
2 2 26 0.462
2 2 27 1.973
2 2 28 0.585
2 2 29 2.263
2 2 30 2.461
2 2 31 0.693
2 2 32 3.112
2 2 33 0.254
2 2 34 0.384
2 2 35 0.810
2 2 36 0.342
2 2 37 -0.667
2 2 38 0.489
2 2 39 0.160
2 2 40 0.669
2 2 41 2.511
2 2 42 1.114
2 2 43 1.841
2 2 44 1.986
2 2 45 2.411
2 2 46 1.155
2 2 47 0.141
2 2 48 2.888
2 2 49 2.423
2 2 50 2.969
2 2 51 0.150
2 2 52 0.743
2 2 53 1.417
2 2 54 -0.754
2 2 55 -1.512
2 2 56 -0.911
2 2 57 -0.612
2 2 58 -0.036
2 2 59 1.227
2 2 60 -0.158
2 2 61 1.564
2 2 62 -1.068
2 3 1 9.405
2 3 2 -1.198
2 3 3 -0.042
2 3 4 0.000
2 3 5 7.027
3 1 1 0.000
3 1 2 0.000
3 1 3 0.000
3 1 4 0.000
3 1 5 0.000
3 1 6 0.000
3 1 7 0.000
3 1 8 0.000
3 1 9 0.000
3 1 10 0.000
3 1 11 0.000
3 1 12 0.000
3 1 13 0.000
3 1 14 0.000
3 1 15 0.000
3 1 16 0.000
3 1 17 -7.880
3 1 18 -1.143
3 1 19 0.178
3 1 20 2.094
3 1 21 -1.229
3 1 22 -3.251
3 1 23 0.609
3 2 1 0.000
3 2 2 0.000
3 2 3 0.000
3 2 4 0.000
3 2 5 0.000
3 2 6 0.000
3 2 7 0.000
3 2 8 0.000
3 2 9 0.000
3 2 10 0.000
3 2 11 0.000
3 2 12 0.000
3 2 13 0.000
3 2 14 0.000
3 2 15 0.000
3 2 16 0.000
3 2 17 0.309
3 2 18 -1.985
3 2 19 -0.672
3 2 20 0.039
3 2 21 0.921
3 2 22 -0.591
3 2 23 -0.085
3 2 24 0.491
3 2 25 1.041
3 2 26 0.877
3 2 27 -0.963
3 2 28 0.021
3 2 29 2.473
3 2 30 0.000
3 2 31 -0.448
3 2 32 0.000
3 2 33 0.000
3 2 34 0.000
3 2 35 0.000
3 2 36 0.000
3 2 37 0.000
3 2 38 0.000
3 2 39 0.000
3 2 40 0.000
3 2 41 0.000
3 2 42 0.000
3 2 43 0.000
3 2 44 0.000
3 2 45 0.000
3 2 46 0.000
3 2 47 0.000
3 2 48 0.000
3 2 49 -0.146
3 2 50 -2.461
3 2 51 0.497
3 2 52 0.732
3 2 53 1.625
3 2 54 -1.021
3 2 55 0.800
3 2 56 0.320
3 2 57 -0.247
3 2 58 -0.008
3 2 59 -1.097
3 2 60 0.228
3 2 61 -0.493
3 2 62 -1.112
3 3 1 4.012
3 3 2 1.009
3 3 3 -4.571
3 3 4 -0.917
3 3 5 -1.673
4 1 1 2.410
4 1 2 2.859
4 1 3 2.171
4 1 4 -1.416
4 1 5 -0.476
4 1 6 2.664
4 1 7 1.045
4 1 8 -0.886
4 1 9 -0.539
4 1 10 0.848
4 1 11 3.444
4 1 12 -0.207
4 1 13 0.867
4 1 14 0.084
4 1 15 4.195
4 1 16 2.081
4 1 17 -2.058
4 1 18 0.000
4 1 19 -0.129
4 1 20 1.325
4 1 21 -0.037
4 1 22 1.464
4 1 23 2.403
4 2 1 -0.378
4 2 2 -0.963
4 2 3 -1.589
4 2 4 0.367
4 2 5 0.765
4 2 6 -1.171
4 2 7 0.092
4 2 8 0.599
4 2 9 2.309
4 2 10 1.105
4 2 11 1.207
4 2 12 1.382
4 2 13 0.833
4 2 14 0.610
4 2 15 0.510
4 2 16 -0.374
4 2 17 0.714
4 2 18 -0.592
4 2 19 0.319
4 2 20 2.625
4 2 21 0.078
4 2 22 0.650
4 2 23 0.319
4 2 24 0.360
4 2 25 1.161
4 2 26 1.402
4 2 27 1.734
4 2 28 0.832
4 2 29 1.872
4 2 30 1.166
4 2 31 0.000
4 2 32 0.432
4 2 33 -0.024
4 2 34 1.289
4 2 35 0.778
4 2 36 2.150
4 2 37 0.777
4 2 38 1.525
4 2 39 0.019
4 2 40 -1.118
4 2 41 0.918
4 2 42 1.650
4 2 43 1.488
4 2 44 1.533
4 2 45 1.948
4 2 46 -0.398
4 2 47 0.688
4 2 48 0.386
4 2 49 1.498
4 2 50 -0.245
4 2 51 1.224
4 2 52 0.349
4 2 53 1.531
4 2 54 -0.871
4 2 55 0.851
4 2 56 0.286
4 2 57 0.339
4 2 58 -0.413
4 2 59 0.658
4 2 60 1.632
4 2 61 1.580
4 2 62 -0.745
4 3 1 0.000
4 3 2 1.707
4 3 3 -3.866
4 3 4 12.300
4 3 5 0.000
5 1 1 -0.719
5 1 2 2.496
5 1 3 -0.230
5 1 4 -0.243
5 1 5 -0.168
5 1 6 3.825
5 1 7 -1.658
5 1 8 0.775
5 1 9 1.180
5 1 10 1.540
5 1 11 -0.663
5 1 12 -1.158
5 1 13 2.259
5 1 14 0.859
5 1 15 -3.820
5 1 16 8.537
5 1 17 3.510
5 1 18 0.031
5 1 19 -0.946
5 1 20 0.645
5 1 21 -0.109
5 1 22 -1.078
5 1 23 -0.085
5 2 1 1.638
5 2 2 -0.977
5 2 3 0.126
5 2 4 1.371
5 2 5 0.126
5 2 6 1.522
5 2 7 1.110
5 2 8 0.333
5 2 9 0.751
5 2 10 1.425
5 2 11 -0.004
5 2 12 0.875
5 2 13 0.634
5 2 14 0.997
5 2 15 0.711
5 2 16 2.333
5 2 17 0.002
5 2 18 0.760
5 2 19 1.362
5 2 20 0.420
5 2 21 0.597
5 2 22 -0.415
5 2 23 -0.243
5 2 24 0.272
5 2 25 1.252
5 2 26 0.148
5 2 27 1.190
5 2 28 1.719
5 2 29 1.208
5 2 30 0.940
5 2 31 1.424
5 2 32 0.476
5 2 33 1.721
5 2 34 0.242
5 2 35 0.415
5 2 36 -0.834
5 2 37 0.198
5 2 38 -1.238
5 2 39 -0.720
5 2 40 0.072
5 2 41 0.790
5 2 42 1.238
5 2 43 0.297
5 2 44 0.756
5 2 45 1.695
5 2 46 0.671
5 2 47 1.074
5 2 48 -0.206
5 2 49 -1.041
5 2 50 0.995
5 2 51 1.148
5 2 52 0.367
5 2 53 -0.102
5 2 54 0.643
5 2 55 -1.198
5 2 56 1.623
5 2 57 -1.121
5 2 58 0.603
5 2 59 -0.612
5 2 60 0.011
5 2 61 1.604
5 2 62 -0.994
5 3 1 0.809
5 3 2 0.248
5 3 3 3.037
5 3 4 1.454
5 3 5 -9.551
6 1 1 3.418
6 1 2 -0.408
6 1 3 -2.994
6 1 4 1.539
6 1 5 1.919
6 1 6 -2.807
6 1 7 -0.618
6 1 8 1.854
6 1 9 0.624
6 1 10 -0.154
6 1 11 -1.287
6 1 12 -0.340
6 1 13 1.157
6 1 14 -6.042
6 1 15 -3.506
6 1 16 -0.674
6 1 17 2.791
6 1 18 -0.097
6 1 19 -0.195
6 1 20 1.469
6 1 21 -14.507
6 1 22 -2.462
6 1 23 -2.146
6 2 1 -1.457
6 2 2 -0.109
6 2 3 -0.003
6 2 4 2.128
6 2 5 0.819
6 2 6 1.371
6 2 7 -0.665
6 2 8 -1.915
6 2 9 -0.879
6 2 10 0.241
6 2 11 0.508
6 2 12 0.540
6 2 13 -0.122
6 2 14 0.471
6 2 15 0.043
6 2 16 -1.340
6 2 17 -2.005
6 2 18 -0.701
6 2 19 0.892
6 2 20 -1.257
6 2 21 0.602
6 2 22 -0.442
6 2 23 -0.661
6 2 24 1.068
6 2 25 0.457
6 2 26 -0.318
6 2 27 0.433
6 2 28 -0.971
6 2 29 0.717
6 2 30 -0.587
6 2 31 -0.121
6 2 32 -0.133
6 2 33 -1.634
6 2 34 -0.593
6 2 35 -0.571
6 2 36 -0.004
6 2 37 -0.479
6 2 38 -2.010
6 2 39 -1.159
6 2 40 0.052
6 2 41 1.695
6 2 42 0.322
6 2 43 -0.287
6 2 44 -1.420
6 2 45 -0.089
6 2 46 -0.681
6 2 47 -0.459
6 2 48 -0.451
6 2 49 -0.363
6 2 50 1.638
6 2 51 -0.009
6 2 52 -1.031
6 2 53 0.549
6 2 54 0.188
6 2 55 0.787
6 2 56 0.137
6 2 57 -0.752
6 2 58 -1.162
6 2 59 -0.411
6 2 60 -1.055
6 2 61 -0.132
6 2 62 -1.230
6 3 1 -14.722
6 3 2 1.806
6 3 3 2.359
6 3 4 -10.295
6 3 5 3.891
