  1   1   1   1.330623e+02    1.330623e+02    9.950082e+02    9.950082e+02    0.000000e+00  
  1   1   2   3.004968e+02    3.004968e+02    6.083267e+03    6.083267e+03    4.620872e-01  
  1   1   3   1.170961e+02    1.170961e+02    4.817627e+01    4.817627e+01    3.959488e-02  
  1   1   4   1.283506e+02    1.283506e+02    5.426047e+01    5.426047e+01    2.907650e-01  
  1   1   5   1.276178e+02    1.276178e+02    4.214663e+01    4.214663e+01    -2.510024e-01  
  1   1   6   1.773244e+02    1.773244e+02    5.240937e+01    5.240937e+01    -2.198145e-01  
  1   1   7   4.999995e+02    4.999995e+02    1.670273e+04    1.670273e+04    -7.236575e-01  
  1   1   8   1.422548e+02    1.422548e+02    3.120346e+01    3.120346e+01    2.654144e-02  
  1   1   9   1.143476e+02    1.143476e+02    2.299708e+01    2.299708e+01    9.459345e-02  
  1   1  10   2.473195e+02    2.473195e+02    1.236606e+02    1.236606e+02    7.610807e-01  
  1   1  11   1.630533e+02    1.630533e+02    2.802766e+01    2.802766e+01    7.938599e-02  
  1   1  12   2.075367e+02    2.075367e+02    3.586360e+01    3.586360e+01    -3.573708e-01  
  1   1  13   2.664463e+02    2.664463e+02    4.809075e+01    4.809075e+01    4.238017e-01  
  1   1  14   2.159936e+02    2.159936e+02    4.086547e+01    4.086547e+01    5.569821e-01  
  1   1  15   2.650666e+02    2.650666e+02    3.823489e+01    3.823489e+01    5.353894e-01  
  1   1  16   2.036447e+02    2.036447e+02    3.661047e+01    3.661047e+01    -3.717546e-01  
  1   1  17   2.494837e+02    2.494837e+02    3.718209e+01    3.718209e+01    4.290030e-01  
  1   1  18   4.961158e+02    4.961158e+02    9.062508e+02    9.062508e+02    -1.579926e-01  
  1   1  19   4.071122e+02    4.071122e+02    8.953530e+01    8.953530e+01    -1.867259e-02  
  1   1  20   2.424840e+02    2.424840e+02    2.805845e+01    2.805845e+01    3.250372e-01  
  1   1  21   2.701871e+02    2.701871e+02    3.201431e+01    3.201431e+01    -4.745078e-01  
  1   1  22   2.852942e+02    2.852942e+02    3.037049e+01    3.037049e+01    -5.313930e-01  
  1   1  23   1.808519e+02    1.808519e+02    2.079009e+01    2.079009e+01    7.388475e-01  
  1   2   1   1.390619e+02    1.390619e+02    1.095474e+03    1.095474e+03    0.000000e+00  
  1   2   2   3.087716e+02    3.087716e+02    7.827920e+03    7.827920e+03    2.390569e-01  
  1   2   3   1.308911e+02    1.308911e+02    1.205826e+02    1.205826e+02    4.013253e-02  
  1   2   4   3.119412e+02    3.119412e+02    4.845370e+03    4.845370e+03    -2.786075e-01  
  1   2   5   1.553691e+02    1.553691e+02    1.393940e+03    1.393940e+03    0.000000e+00  
  1   2   6   1.594459e+02    1.594459e+02    1.474387e+03    1.474387e+03    0.000000e+00  
  1   2   7   1.635227e+02    1.635227e+02    1.557176e+03    1.557176e+03    0.000000e+00  
  1   2   8   1.003717e+02    1.003717e+02    5.241882e+01    5.241882e+01    1.636419e-01  
  1   2   9   1.166733e+02    1.166733e+02    1.357427e+02    1.357427e+02    4.963072e-01  
  1   2  10   1.356625e+02    1.356625e+02    1.184637e+02    1.184637e+02    -4.722137e-01  
  1   2  11   2.492950e+02    2.492950e+02    1.546915e+02    1.546915e+02    -2.795388e-01  
  1   2  12   1.439522e+02    1.439522e+02    5.842303e+01    5.842303e+01    1.539251e-01  
  1   2  13   2.307256e+02    2.307256e+02    2.281285e+02    2.281285e+02    -4.778913e-01  
  1   2  14   2.030310e+02    2.030310e+02    7.345730e+01    7.345730e+01    1.955240e-01  
  1   2  15   2.492493e+02    2.492493e+02    2.398619e+02    2.398619e+02    4.879091e-01  
  1   2  16   2.945852e+02    2.945852e+02    3.282033e+02    3.282033e+02    5.180027e-01  
  1   2  17   3.665697e+02    3.665697e+02    1.318743e+02    1.318743e+02    1.728807e-01  
  1   2  18   2.000062e+02    2.000062e+02    5.492864e+01    5.492864e+01    -6.733802e-02  
  1   2  19   2.428150e+02    2.428150e+02    3.334902e+02    3.334902e+02    7.169773e-01  
  1   2  20   1.823996e+02    1.823996e+02    4.541482e+01    4.541482e+01    -5.364805e-02  
  1   2  21   2.163552e+02    2.163552e+02    6.599546e+01    6.599546e+01    -3.908805e-01  
  1   2  22   3.134103e+02    3.134103e+02    8.404405e+01    8.404405e+01    -2.304131e-01  
  1   2  23   2.378065e+02    2.378065e+02    6.200632e+01    6.200632e+01    2.903746e-01  
  1   2  24   2.338330e+02    2.338330e+02    5.296727e+01    5.296727e+01    1.360633e-01  
  1   2  25   2.119664e+02    2.119664e+02    6.098406e+01    6.098406e+01    5.701848e-01  
  1   2  26   2.720338e+02    2.720338e+02    7.211457e+01    7.211457e+01    -4.378535e-01  
  1   2  27   1.852210e+02    1.852210e+02    4.384544e+01    4.384544e+01    -3.607173e-01  
  1   2  28   1.971691e+02    1.971691e+02    5.016625e+01    5.016625e+01    -4.701258e-01  
  1   2  29   2.746817e+02    2.746817e+02    5.706178e+01    5.706178e+01    1.820886e-01  
  1   2  30   3.566401e+02    3.566401e+02    8.369158e+01    8.369158e+01    -1.370724e-02  
  1   2  31   3.052328e+02    3.052328e+02    7.439423e+01    7.439423e+01    -2.394512e-01  
  1   2  32   2.805856e+02    2.805856e+02    5.333472e+01    5.333472e+01    -1.010133e-01  
  1   2  33   2.977451e+02    2.977451e+02    5.682043e+01    5.682043e+01    -1.425356e-01  
  1   2  34   3.295964e+02    3.295964e+02    6.577090e+01    6.577090e+01    3.940967e-01  
  1   2  35   3.059887e+02    3.059887e+02    5.592814e+01    5.592814e+01    1.260243e-01  
  1   2  36   3.883210e+02    3.883210e+02    7.824188e+01    7.824188e+01    1.083859e-01  
  1   2  37   2.856546e+02    2.856546e+02    5.307789e+01    5.307789e+01    -3.490826e-01  
  1   2  38   3.303132e+02    3.303132e+02    6.051223e+01    6.051223e+01    3.405637e-01  
  1   2  39   2.991638e+02    2.991638e+02    4.971190e+01    4.971190e+01    9.853091e-03  
  1   2  40   3.335646e+02    3.335646e+02    6.073706e+01    6.073706e+01    -1.605736e-01  
  1   2  41   2.563726e+02    2.563726e+02    3.753267e+01    3.753267e+01    -2.457714e-02  
  1   2  42   3.339905e+02    3.339905e+02    5.308473e+01    5.308473e+01    -2.180827e-01  
  1   2  43   3.893951e+02    3.893951e+02    6.609817e+01    6.609817e+01    1.042377e-01  
  1   2  44   3.418320e+02    3.418320e+02    5.997807e+01    5.997807e+01    -4.226998e-01  
  1   2  45   3.329638e+02    3.329638e+02    5.074455e+01    5.074455e+01    -8.858006e-02  
  1   2  46   3.510968e+02    3.510968e+02    5.346762e+01    5.346762e+01    1.824888e-03  
  1   2  47   4.293508e+02    4.293508e+02    6.938428e+01    6.938428e+01    3.918739e-01  
  1   2  48   2.740373e+02    2.740373e+02    4.535971e+01    4.535971e+01    -4.794135e-01  
  1   2  49   2.340436e+02    2.340436e+02    3.402962e+01    3.402962e+01    1.447847e-01  
  1   2  50   3.993242e+02    3.993242e+02    5.940663e+01    5.940663e+01    2.035150e-01  
  1   2  51   3.380641e+02    3.380641e+02    4.628207e+01    4.628207e+01    4.570656e-02  
  1   2  52   4.292708e+02    4.292708e+02    6.352829e+01    6.352829e+01    -1.282070e-01  
  1   2  53   2.866238e+02    2.866238e+02    3.972405e+01    3.972405e+01    2.706100e-01  
  1   2  54   3.691445e+02    3.691445e+02    4.974311e+01    4.974311e+01    6.681581e-02  
  1   2  55   4.671825e+02    4.671825e+02    6.840627e+01    6.840627e+01    1.502652e-01  
  1   2  56   3.210688e+02    3.210688e+02    4.501070e+01    4.501070e+01    -3.707266e-01  
  1   2  57   4.066197e+02    4.066197e+02    5.764093e+01    5.764093e+01    -3.246108e-01  
  1   2  58   4.682602e+02    4.682602e+02    6.344248e+01    6.344248e+01    -2.256898e-01  
  1   2  59   5.000000e+02    5.000000e+02    1.852887e+01    1.852887e+01    1.363312e-01  
  1   2  60   3.417407e+02    3.417407e+02    4.064309e+01    4.064309e+01    1.444865e-01  
  1   2  61   2.891681e+02    2.891681e+02    3.860776e+01    3.860776e+01    -2.757810e-01  
  1   2  62   3.822420e+02    3.822420e+02    4.592862e+01    4.592862e+01    -9.371507e-02  
  1   3   1   2.104037e+02    2.104037e+02    2.058163e+01    2.058163e+01    -2.373718e-02  
  1   3   2   3.418881e+02    3.418881e+02    4.478841e+01    4.478841e+01    -1.582956e-01  
  1   3   3   2.437751e+02    2.437751e+02    2.365646e+01    2.365646e+01    2.509059e-01  
  1   3   4   2.316477e+02    2.316477e+02    2.134657e+01    2.134657e+01    -3.965475e-02  
  1   3   5   2.571908e+02    2.571908e+02    2.372638e+01    2.372638e+01    -3.710872e-01  
  2   1   1   1.330623e+02    1.330623e+02    9.950082e+02    9.950082e+02    0.000000e+00  
  2   1   2   1.198956e+02    1.198956e+02    7.898806e+01    7.898806e+01    1.378014e-01  
  2   1   3   4.999999e+02    4.999999e+02    3.775459e+03    3.775459e+03    2.219217e-01  
  2   1   4   1.244234e+02    1.244234e+02    1.165983e+02    1.165983e+02    5.991833e-01  
  2   1   5   5.000000e+02    5.000000e+02    1.304054e+03    1.304054e+03    4.332997e-01  
  2   1   6   1.616451e+02    1.616451e+02    4.589438e+01    4.589438e+01    -1.947374e-01  
  2   1   7   1.843732e+02    1.843732e+02    5.288916e+01    5.288916e+01    3.147753e-01  
  2   1   8   4.655842e+02    4.655842e+02    2.591350e+03    2.591350e+03    -5.423616e-01  
  2   1   9   2.581902e+02    2.581902e+02    1.273323e+02    1.273323e+02    6.414838e-01  
  2   1  10   1.410264e+02    1.410264e+02    3.118723e+01    3.118723e+01    4.537009e-01  
  2   1  11   1.833504e+02    1.833504e+02    3.359371e+01    3.359371e+01    -2.489028e-02  
  2   1  12   4.999998e+02    4.999998e+02    3.873071e+02    3.873071e+02    -2.293440e-01  
  2   1  13   2.199570e+02    2.199570e+02    3.790595e+01    3.790595e+01    -7.322188e-02  
  2   1  14   1.925873e+02    1.925873e+02    2.807377e+01    2.807377e+01    1.745908e-01  
  2   1  15   2.738984e+02    2.738984e+02    4.477321e+01    4.477321e+01    -2.029412e-01  
  2   1  16   2.195367e+02    2.195367e+02    3.372618e+01    3.372618e+01    -5.027628e-01  
  2   1  17   2.697759e+02    2.697759e+02    3.915909e+01    3.915909e+01    -1.416729e-01  
  2   1  18   2.422525e+02    2.422525e+02    3.428060e+01    3.428060e+01    6.074684e-01  
  2   1  19   2.169181e+02    2.169181e+02    2.551527e+01    2.551527e+01    6.461547e-02  
  2   1  20   3.894592e+02    3.894592e+02    5.480519e+01    5.480519e+01    3.208628e-01  
  2   1  21   3.386146e+02    3.386146e+02    4.262434e+01    4.262434e+01    3.543661e-01  
  2   1  22   2.105163e+02    2.105163e+02    2.118451e+01    2.118451e+01    7.737269e-02  
  2   1  23   1.813762e+02    1.813762e+02    1.714394e+01    1.714394e+01    2.143703e-01  
  2   2   1   1.096407e+02    1.096407e+02    2.061251e+02    2.061251e+02    -7.773368e-02  
  2   2   2   1.431387e+02    1.431387e+02    1.166603e+03    1.166603e+03    0.000000e+00  
  2   2   3   1.472155e+02    1.472155e+02    1.240054e+03    1.240054e+03    0.000000e+00  
  2   2   4   1.512923e+02    1.512923e+02    1.315831e+03    1.315831e+03    0.000000e+00  
  2   2   5   1.579930e+02    1.579930e+02    1.169900e+02    1.169900e+02    9.068546e-02  
  2   2   6   2.352641e+02    2.352641e+02    1.768252e+02    1.768252e+02    -1.262773e-01  
  2   2   7   9.622207e+01    9.622207e+01    5.474600e+01    5.474600e+01    6.458509e-02  
  2   2   8   1.675995e+02    1.675995e+02    1.642313e+03    1.642313e+03    0.000000e+00  
  2   2   9   1.716763e+02    1.716763e+02    1.729803e+03    1.729803e+03    0.000000e+00  
  2   2  10   2.621560e+02    2.621560e+02    1.387909e+02    1.387909e+02    -3.992996e-02  
  2   2  11   1.798299e+02    1.798299e+02    1.911863e+03    1.911863e+03    0.000000e+00  
  2   2  12   2.770863e+02    2.770863e+02    1.130092e+02    1.130092e+02    -2.205065e-01  
  2   2  13   1.945212e+02    1.945212e+02    8.012958e+01    8.012958e+01    3.566505e-01  
  2   2  14   1.760999e+02    1.760999e+02    8.252327e+01    8.252327e+01    4.115366e-01  
  2   2  15   1.712250e+02    1.712250e+02    1.849746e+02    1.849746e+02    6.389464e-01  
  2   2  16   2.466718e+02    2.466718e+02    3.260034e+02    3.260034e+02    6.008280e-01  
  2   2  17   2.422897e+02    2.422897e+02    7.539568e+01    7.539568e+01    -1.479068e-01  
  2   2  18   2.667495e+02    2.667495e+02    8.750167e+01    8.750167e+01    3.610595e-01  
  2   2  19   2.613194e+02    2.613194e+02    2.437560e+02    2.437560e+02    4.257734e-01  
  2   2  20   2.801271e+02    2.801271e+02    1.128408e+02    1.128408e+02    -4.127913e-01  
  2   2  21   1.670094e+02    1.670094e+02    4.063155e+01    4.063155e+01    -9.605556e-02  
  2   2  22   2.830914e+02    2.830914e+02    7.777952e+01    7.777952e+01    7.931657e-02  
  2   2  23   2.678630e+02    2.678630e+02    6.574990e+01    6.574990e+01    2.314656e-01  
  2   2  24   2.610989e+02    2.610989e+02    6.352010e+01    6.352010e+01    -5.245578e-02  
  2   2  25   2.984415e+02    2.984415e+02    7.190501e+01    7.190501e+01    -4.298282e-01  
  2   2  26   2.699627e+02    2.699627e+02    1.464851e+02    1.464851e+02    6.292581e-01  
  2   2  27   2.735145e+02    2.735145e+02    5.963405e+01    5.963405e+01    -2.436081e-01  
  2   2  28   3.304697e+02    3.304697e+02    7.167877e+01    7.167877e+01    3.173113e-01  
  2   2  29   3.306773e+02    3.306773e+02    7.269419e+01    7.269419e+01    -1.825917e-01  
  2   2  30   3.978973e+02    3.978973e+02    8.077911e+01    8.077911e+01    3.303957e-01  
  2   2  31   3.103815e+02    3.103815e+02    7.500660e+01    7.500660e+01    4.411946e-01  
  2   2  32   4.257907e+02    4.257907e+02    1.025123e+02    1.025123e+02    3.212143e-01  
  2   2  33   2.797712e+02    2.797712e+02    5.216204e+01    5.216204e+01    1.000931e-01  
  2   2  34   2.654022e+02    2.654022e+02    8.049023e+01    8.049023e+01    6.920148e-01  
  2   2  35   2.904936e+02    2.904936e+02    6.324925e+01    6.324925e+01    -5.173049e-01  
  2   2  36   3.400342e+02    3.400342e+02    6.839954e+01    6.839954e+01    4.359193e-01  
  2   2  37   2.940830e+02    2.940830e+02    5.015955e+01    5.015955e+01    1.878167e-01  
  2   2  38   3.515141e+02    3.515141e+02    6.365873e+01    6.365873e+01    1.106400e-01  
  2   2  39   2.935470e+02    2.935470e+02    6.005552e+01    6.005552e+01    6.358742e-01  
  2   2  40   3.378869e+02    3.378869e+02    6.011355e+01    6.011355e+01    3.824529e-01  
  2   2  41   3.717890e+02    3.717890e+02    6.601153e+01    6.601153e+01    -3.971029e-01  
  2   2  42   2.197165e+02    2.197165e+02    3.728697e+01    3.728697e+01    -3.662266e-01  
  2   2  43   3.657782e+02    3.657782e+02    5.919776e+01    5.919776e+01    -1.944575e-01  
  2   2  44   4.999995e+02    4.999995e+02    6.196049e+02    6.196049e+02    -1.545006e-01  
  2   2  45   3.158803e+02    3.158803e+02    4.968542e+01    4.968542e+01    2.665080e-01  
  2   2  46   4.335394e+02    4.335394e+02    6.801759e+01    6.801759e+01    -4.347091e-01  
  2   2  47   2.772685e+02    2.772685e+02    5.263987e+01    5.263987e+01    4.674490e-01  
  2   2  48   4.234351e+02    4.234351e+02    6.806619e+01    6.806619e+01    1.318771e-01  
  2   2  49   4.962392e+02    4.962392e+02    4.090598e+02    4.090598e+02    3.007004e-01  
  2   2  50   4.833899e+02    4.833899e+02    7.838046e+01    7.838046e+01    -5.067739e-01  
  2   2  51   4.134670e+02    4.134670e+02    5.846927e+01    5.846927e+01    -2.887583e-01  
  2   2  52   4.285551e+02    4.285551e+02    6.464169e+01    6.464169e+01    4.469961e-01  
  2   2  53   4.832964e+02    4.832964e+02    8.936550e+01    8.936550e+01    -2.840550e-02  
  2   2  54   3.308255e+02    3.308255e+02    4.617429e+01    4.617429e+01    2.849888e-01  
  2   2  55   4.814156e+02    4.814156e+02    6.702957e+01    6.702957e+01    2.877519e-01  
  2   2  56   4.859249e+02    4.859249e+02    8.449670e+01    8.449670e+01    4.063925e-01  
  2   2  57   4.080067e+02    4.080067e+02    5.447895e+01    5.447895e+01    6.382661e-02  
  2   2  58   3.951655e+02    3.951655e+02    4.988469e+01    4.988469e+01    2.196163e-01  
  2   2  59   4.133062e+02    4.133062e+02    5.468674e+01    5.468674e+01    -3.176128e-01  
  2   2  60   3.486254e+02    3.486254e+02    4.125946e+01    4.125946e+01    -7.860200e-02  
  2   2  61   4.370232e+02    4.370232e+02    5.507422e+01    5.507422e+01    -2.649722e-01  
  2   2  62   4.308513e+02    4.308513e+02    5.369389e+01    5.369389e+01    2.192761e-01  
  2   3   1   2.138537e+02    2.138537e+02    2.265214e+01    2.265214e+01    -4.636675e-01  
  2   3   2   3.473347e+02    3.473347e+02    3.679099e+01    3.679099e+01    -6.134031e-01  
  2   3   3   3.188859e+02    3.188859e+02    3.303696e+01    3.303696e+01    5.259349e-01  
  2   3   4   1.901073e+02    1.901073e+02    1.769367e+01    1.769367e+01    -4.462594e-01  
  2   3   5   2.893570e+02    2.893570e+02    2.813506e+01    2.813506e+01    3.648903e-01  
  3   1   1   2.204737e+02    2.204737e+02    4.313668e+02    4.313668e+02    -1.804059e-01  
  3   1   2   1.876283e+02    1.876283e+02    3.539518e+02    3.539518e+02    3.217152e-01  
  3   1   3   1.477018e+02    1.477018e+02    7.401043e+01    7.401043e+01    -2.079638e-01  
  3   1   4   1.173259e+02    1.173259e+02    8.974082e+01    8.974082e+01    -5.964052e-01  
  3   1   5   1.752889e+02    1.752889e+02    6.744955e+01    6.744955e+01    -2.145974e-01  
  3   1   6   4.999999e+02    4.999999e+02    4.856995e+02    4.856995e+02    -2.875257e-01  
  3   1   7   1.757014e+02    1.757014e+02    1.028675e+02    1.028675e+02    7.105100e-01  
  3   1   8   2.458606e+02    2.458606e+02    1.050967e+02    1.050967e+02    -5.127808e-01  
  3   1   9   1.610057e+02    1.610057e+02    3.214749e+01    3.214749e+01    -1.827303e-01  
  3   1  10   1.748881e+02    1.748881e+02    3.909161e+01    3.909161e+01    6.444242e-01  
  3   1  11   1.767336e+02    1.767336e+02    3.710200e+01    3.710200e+01    -5.244095e-01  
  3   1  12   2.504849e+02    2.504849e+02    4.899604e+01    4.899604e+01    9.518653e-02  
  3   1  13   2.069894e+02    2.069894e+02    3.338697e+01    3.338697e+01    -2.492041e-01  
  3   1  14   3.593567e+02    3.593567e+02    9.143999e+01    9.143999e+01    -2.550209e-01  
  3   1  15   3.252237e+02    3.252237e+02    6.042143e+01    6.042143e+01    -4.728570e-01  
  3   1  16   1.648663e+02    1.648663e+02    2.072461e+01    2.072461e+01    -1.575274e-01  
  3   1  17   2.902983e+02    2.902983e+02    4.197399e+01    4.197399e+01    2.800537e-01  
  3   1  18   3.193530e+02    3.193530e+02    6.579456e+01    6.579456e+01    -2.162308e-01  
  3   1  19   2.341240e+02    2.341240e+02    4.079330e+01    4.079330e+01    3.944990e-01  
  3   1  20   2.262237e+02    2.262237e+02    2.659360e+01    2.659360e+01    5.723856e-01  
  3   1  21   2.468639e+02    2.468639e+02    3.050140e+01    3.050140e+01    6.021798e-01  
  3   1  22   3.287130e+02    3.287130e+02    3.714579e+01    3.714579e+01    5.712924e-01  
  3   1  23   2.257515e+02    2.257515e+02    2.246123e+01    2.246123e+01    -1.074375e-01  
  3   2   1   1.779431e+02    1.779431e+02    1.664769e+03    1.664769e+03    7.374906e-02  
  3   2   2   1.431387e+02    1.431387e+02    1.166603e+03    1.166603e+03    0.000000e+00  
  3   2   3   2.166568e+02    2.166568e+02    3.456034e+03    3.456034e+03    -2.293798e-01  
  3   2   4   3.182460e+02    3.182460e+02    9.814443e+03    9.814443e+03    -2.713351e-01  
  3   2   5   1.676080e+02    1.676080e+02    2.194120e+02    2.194120e+02    2.223322e-01  
  3   2   6   2.953704e+02    2.953704e+02    5.408743e+03    5.408743e+03    -3.276644e-01  
  3   2   7   2.020971e+02    2.020971e+02    1.328181e+02    1.328181e+02    2.133245e-01  
  3   2   8   1.040727e+02    1.040727e+02    7.100177e+01    7.100177e+01    -3.143970e-01  
  3   2   9   1.716763e+02    1.716763e+02    1.729803e+03    1.729803e+03    0.000000e+00  
  3   2  10   2.274543e+02    2.274543e+02    2.825010e+02    2.825010e+02    3.937448e-01  
  3   2  11   1.517241e+02    1.517241e+02    6.659749e+01    6.659749e+01    -1.714555e-01  
  3   2  12   1.913778e+02    1.913778e+02    8.070576e+01    8.070576e+01    -1.768186e-01  
  3   2  13   1.658742e+02    1.658742e+02    6.781982e+01    6.781982e+01    2.341641e-01  
  3   2  14   3.653609e+02    3.653609e+02    1.220989e+04    1.220989e+04    6.505349e-01  
  3   2  15   4.999990e+02    4.999990e+02    8.709735e+02    8.709735e+02    -3.430942e-01  
  3   2  16   2.727094e+02    2.727094e+02    2.960585e+02    2.960585e+02    4.832519e-01  
  3   2  17   1.604590e+02    1.604590e+02    6.358087e+01    6.358087e+01    -5.609347e-01  
  3   2  18   2.271122e+02    2.271122e+02    1.431676e+02    1.431676e+02    -5.418230e-01  
  3   2  19   2.343267e+02    2.343267e+02    8.086859e+01    8.086859e+01    -4.474021e-01  
  3   2  20   5.000000e+02    5.000000e+02    8.676308e+02    8.676308e+02    4.199318e-01  
  3   2  21   1.966147e+02    1.966147e+02    5.584480e+01    5.584480e+01    -3.006634e-01  
  3   2  22   2.883943e+02    2.883943e+02    7.908540e+01    7.908540e+01    -1.114198e-01  
  3   2  23   2.828018e+02    2.828018e+02    1.859226e+02    1.859226e+02    6.034105e-01  
  3   2  24   2.652672e+02    2.652672e+02    2.471750e+02    2.471750e+02    7.325630e-01  
  3   2  25   2.368657e+02    2.368657e+02    5.378511e+01    5.378511e+01    -1.755791e-01  
  3   2  26   1.884421e+02    1.884421e+02    5.422253e+01    5.422253e+01    2.210259e-01  
  3   2  27   2.998981e+02    2.998981e+02    7.047698e+01    7.047698e+01    -3.705591e-01  
  3   2  28   2.830882e+02    2.830882e+02    6.212841e+01    6.212841e+01    1.283884e-01  
  3   2  29   3.008039e+02    3.008039e+02    8.808071e+01    8.808071e+01    3.024195e-01  
  3   2  30   2.995003e+02    2.995003e+02    6.254768e+01    6.254768e+01    1.567896e-01  
  3   2  31   3.051602e+02    3.051602e+02    6.881634e+01    6.881634e+01    -3.120195e-01  
  3   2  32   2.058208e+02    2.058208e+02    4.773909e+01    4.773909e+01    5.160874e-01  
  3   2  33   2.272330e+02    2.272330e+02    4.277220e+01    4.277220e+01    -2.080911e-01  
  3   2  34   3.030379e+02    3.030379e+02    6.854023e+01    6.854023e+01    4.283793e-01  
  3   2  35   4.397261e+02    4.397261e+02    9.452421e+01    9.452421e+01    -3.309297e-01  
  3   2  36   2.519424e+02    2.519424e+02    5.025130e+01    5.025130e+01    -4.155373e-01  
  3   2  37   2.187449e+02    2.187449e+02    3.626717e+01    3.626717e+01    -7.408852e-02  
  3   2  38   2.508698e+02    2.508698e+02    4.936715e+01    4.936715e+01    4.603955e-01  
  3   2  39   2.424560e+02    2.424560e+02    3.808965e+01    3.808965e+01    9.940551e-02  
  3   2  40   2.557733e+02    2.557733e+02    4.703654e+01    4.703654e+01    -3.969566e-01  
  3   2  41   2.348122e+02    2.348122e+02    4.209653e+01    4.209653e+01    3.973945e-01  
  3   2  42   4.033211e+02    4.033211e+02    7.054583e+01    7.054583e+01    -1.677446e-01  
  3   2  43   3.649722e+02    3.649722e+02    6.025368e+01    6.025368e+01    8.487583e-02  
  3   2  44   3.031314e+02    3.031314e+02    4.462536e+01    4.462536e+01    1.322671e-01  
  3   2  45   2.689177e+02    2.689177e+02    4.169065e+01    4.169065e+01    -2.727956e-01  
  3   2  46   4.629089e+02    4.629089e+02    7.955978e+01    7.955978e+01    -3.975462e-01  
  3   2  47   3.675369e+02    3.675369e+02    5.527994e+01    5.527994e+01    -2.605558e-01  
  3   2  48   4.075458e+02    4.075458e+02    6.255751e+01    6.255751e+01    4.251404e-01  
  3   2  49   3.315185e+02    3.315185e+02    4.636043e+01    4.636043e+01    -1.621422e-01  
  3   2  50   3.272452e+02    3.272452e+02    4.670993e+01    4.670993e+01    2.219686e-01  
  3   2  51   3.093630e+02    3.093630e+02    4.827975e+01    4.827975e+01    -3.784337e-01  
  3   2  52   3.323624e+02    3.323624e+02    5.023050e+01    5.023050e+01    4.267741e-01  
  3   2  53   3.920921e+02    3.920921e+02    5.412416e+01    5.412416e+01    2.288846e-01  
  3   2  54   3.620652e+02    3.620652e+02    4.821211e+01    4.821211e+01    -8.418289e-02  
  3   2  55   4.880690e+02    4.880690e+02    1.183232e+02    1.183232e+02    3.749150e-01  
  3   2  56   3.289060e+02    3.289060e+02    4.184529e+01    4.184529e+01    -1.741622e-01  
  3   2  57   4.161512e+02    4.161512e+02    5.416593e+01    5.416593e+01    2.580248e-01  
  3   2  58   3.586277e+02    3.586277e+02    4.379020e+01    4.379020e+01    1.738474e-01  
  3   2  59   4.235659e+02    4.235659e+02    5.745808e+01    5.745808e+01    2.316047e-01  
  3   2  60   3.947100e+02    3.947100e+02    4.877120e+01    4.877120e+01    1.747101e-01  
  3   2  61   3.044025e+02    3.044025e+02    3.510308e+01    3.510308e+01    1.034043e-01  
  3   2  62   4.194436e+02    4.194436e+02    5.706816e+01    5.706816e+01    3.856502e-01  
  3   3   1   1.904892e+02    1.904892e+02    1.767392e+01    1.767392e+01    -1.503854e-01  
  3   3   2   1.790358e+02    1.790358e+02    1.795181e+01    1.795181e+01    -3.012484e-01  
  3   3   3   2.921451e+02    2.921451e+02    2.911753e+01    2.911753e+01    5.848924e-01  
  3   3   4   1.982302e+02    1.982302e+02    1.698000e+01    1.698000e+01    1.215397e-01  
  3   3   5   1.957180e+02    1.957180e+02    2.025434e+01    2.025434e+01    2.892630e-01  
  4   1   1   1.330623e+02    1.330623e+02    9.950082e+02    9.950082e+02    0.000000e+00  
  4   1   2   1.370406e+02    1.370406e+02    1.061068e+03    1.061068e+03    0.000000e+00  
  4   1   3   5.000000e+02    5.000000e+02    9.509869e+02    9.509869e+02    -2.565777e-01  
  4   1   4   9.822230e+01    9.822230e+01    3.553857e+01    3.553857e+01    1.335013e-01  
  4   1   5   4.404292e+02    4.404292e+02    1.842277e+04    1.842277e+04    6.531851e-01  
  4   1   6   1.640515e+02    1.640515e+02    4.868914e+01    4.868914e+01    -1.989406e-01  
  4   1   7   2.830076e+02    2.830076e+02    2.142724e+02    2.142724e+02    -3.816457e-01  
  4   1   8   1.972285e+02    1.972285e+02    4.973048e+01    4.973048e+01    1.737531e-01  
  4   1   9   1.546046e+02    1.546046e+02    5.959093e+01    5.959093e+01    -8.575155e-01  
  4   1  10   1.799955e+02    1.799955e+02    3.885116e+01    3.885116e+01    4.728713e-01  
  4   1  11   1.906190e+02    1.906190e+02    4.697552e+01    4.697552e+01    -5.719338e-01  
  4   1  12   2.082933e+02    2.082933e+02    3.700200e+01    3.700200e+01    -1.311366e-01  
  4   1  13   2.387245e+02    2.387245e+02    4.452876e+01    4.452876e+01    2.704703e-01  
  4   1  14   2.676205e+02    2.676205e+02    4.555804e+01    4.555804e+01    6.009296e-01  
  4   1  15   1.959015e+02    1.959015e+02    3.156569e+01    3.156569e+01    3.736982e-01  
  4   1  16   2.838278e+02    2.838278e+02    4.197981e+01    4.197981e+01    -3.341170e-01  
  4   1  17   1.778635e+02    1.778635e+02    2.115039e+01    2.115039e+01    -5.499340e-02  
  4   1  18   2.139576e+02    2.139576e+02    2.658383e+01    2.658383e+01    -3.785848e-01  
  4   1  19   2.468489e+02    2.468489e+02    3.560036e+01    3.560036e+01    2.656735e-01  
  4   1  20   2.656247e+02    2.656247e+02    3.237151e+01    3.237151e+01    2.561572e-01  
  4   1  21   2.485412e+02    2.485412e+02    2.749486e+01    2.749486e+01    -3.698227e-01  
  4   1  22   2.895896e+02    2.895896e+02    3.462298e+01    3.462298e+01    7.523717e-01  
  4   1  23   2.516589e+02    2.516589e+02    2.580058e+01    2.580058e+01    -2.928339e-01  
  4   2   1   1.390619e+02    1.390619e+02    1.095474e+03    1.095474e+03    0.000000e+00  
  4   2   2   1.431387e+02    1.431387e+02    1.166603e+03    1.166603e+03    0.000000e+00  
  4   2   3   1.472155e+02    1.472155e+02    1.240054e+03    1.240054e+03    0.000000e+00  
  4   2   4   1.480935e+02    1.480935e+02    2.563949e+02    2.563949e+02    -2.357828e-01  
  4   2   5   1.553691e+02    1.553691e+02    1.393940e+03    1.393940e+03    0.000000e+00  
  4   2   6   1.669896e+02    1.669896e+02    1.155499e+02    1.155499e+02    1.495880e-01  
  4   2   7   2.239288e+02    2.239288e+02    1.366265e+02    1.366265e+02    1.127584e-01  
  4   2   8   1.758736e+02    1.758736e+02    9.157567e+01    9.157567e+01    -8.849594e-02  
  4   2   9   1.716763e+02    1.716763e+02    1.729803e+03    1.729803e+03    0.000000e+00  
  4   2  10   1.499973e+02    1.499973e+02    7.750727e+01    7.750727e+01    -2.519533e-01  
  4   2  11   3.538205e+02    3.538205e+02    8.370156e+03    8.370156e+03    -5.552163e-01  
  4   2  12   2.363054e+02    2.363054e+02    9.213076e+01    9.213076e+01    1.874634e-01  
  4   2  13   2.635831e+02    2.635831e+02    1.088924e+02    1.088924e+02    -8.525373e-02  
  4   2  14   3.666840e+02    3.666840e+02    1.202610e+04    1.202610e+04    7.148851e-01  
  4   2  15   2.139629e+02    2.139629e+02    1.225975e+02    1.225975e+02    4.227652e-01  
  4   2  16   1.545385e+02    1.545385e+02    7.021124e+01    7.021124e+01    -4.755745e-01  
  4   2  17   2.152330e+02    2.152330e+02    6.595660e+01    6.595660e+01    -1.049774e-01  
  4   2  18   1.887423e+02    1.887423e+02    1.463804e+02    1.463804e+02    6.433611e-01  
  4   2  19   1.874991e+02    1.874991e+02    4.791795e+01    4.791795e+01    9.443561e-02  
  4   2  20   3.181327e+02    3.181327e+02    9.578890e+01    9.578890e+01    -2.947341e-01  
  4   2  21   2.427511e+02    2.427511e+02    2.669315e+02    2.669315e+02    -7.618217e-01  
  4   2  22   3.026237e+02    3.026237e+02    8.539877e+01    8.539877e+01    -1.417683e-01  
  4   2  23   2.483202e+02    2.483202e+02    6.538373e+01    6.538373e+01    -4.742847e-01  
  4   2  24   2.629584e+02    2.629584e+02    6.848097e+01    6.848097e+01    3.810179e-01  
  4   2  25   2.388663e+02    2.388663e+02    7.424740e+01    7.424740e+01    2.696454e-01  
  4   2  26   2.534411e+02    2.534411e+02    6.624547e+01    6.624547e+01    -3.935871e-01  
  4   2  27   3.708681e+02    3.708681e+02    1.020830e+02    1.020830e+02    -3.563929e-01  
  4   2  28   2.319876e+02    2.319876e+02    6.791367e+01    6.791367e+01    -5.006796e-01  
  4   2  29   2.732414e+02    2.732414e+02    5.763833e+01    5.763833e+01    -2.453275e-04  
  4   2  30   2.884683e+02    2.884683e+02    6.185652e+01    6.185652e+01    -3.262918e-01  
  4   2  31   2.568080e+02    2.568080e+02    5.315260e+01    5.315260e+01    -2.948213e-01  
  4   2  32   2.016659e+02    2.016659e+02    4.587547e+01    4.587547e+01    4.708166e-01  
  4   2  33   3.849365e+02    3.849365e+02    8.331945e+01    8.331945e+01    -1.135488e-01  
  4   2  34   3.312468e+02    3.312468e+02    6.847636e+01    6.847636e+01    5.302095e-01  
  4   2  35   2.770981e+02    2.770981e+02    4.895166e+01    4.895166e+01    1.725503e-01  
  4   2  36   2.945910e+02    2.945910e+02    5.182755e+01    5.182755e+01    -1.233050e-01  
  4   2  37   2.883833e+02    2.883833e+02    4.980889e+01    4.980889e+01    -4.098332e-02  
  4   2  38   3.335773e+02    3.335773e+02    6.930306e+01    6.930306e+01    -2.595026e-01  
  4   2  39   3.031179e+02    3.031179e+02    7.022638e+01    7.022638e+01    -4.177431e-01  
  4   2  40   4.822066e+02    4.822066e+02    1.349780e+02    1.349780e+02    3.539632e-01  
  4   2  41   3.494479e+02    3.494479e+02    5.852927e+01    5.852927e+01    3.051805e-01  
  4   2  42   3.007801e+02    3.007801e+02    4.683226e+01    4.683226e+01    -3.528119e-02  
  4   2  43   2.502243e+02    2.502243e+02    4.483464e+01    4.483464e+01    4.342516e-01  
  4   2  44   5.000000e+02    5.000000e+02    8.923553e+02    8.923553e+02    -1.514831e-01  
  4   2  45   3.950367e+02    3.950367e+02    6.461251e+01    6.461251e+01    -4.559667e-01  
  4   2  46   2.311380e+02    2.311380e+02    3.864014e+01    3.864014e+01    -2.304084e-01  
  4   2  47   3.357727e+02    3.357727e+02    5.297621e+01    5.297621e+01    -2.772914e-01  
  4   2  48   4.372230e+02    4.372230e+02    7.226570e+01    7.226570e+01    -8.061572e-02  
  4   2  49   4.110430e+02    4.110430e+02    6.057198e+01    6.057198e+01    -3.709181e-01  
  4   2  50   4.314739e+02    4.314739e+02    6.719973e+01    6.719973e+01    -1.202305e-01  
  4   2  51   4.999998e+02    4.999998e+02    6.103425e+01    6.103425e+01    9.672548e-02  
  4   2  52   2.997201e+02    2.997201e+02    4.274945e+01    4.274945e+01    -3.081637e-01  
  4   2  53   4.483362e+02    4.483362e+02    6.668477e+01    6.668477e+01    -1.507591e-01  
  4   2  54   3.291349e+02    3.291349e+02    4.853025e+01    4.853025e+01    4.165583e-01  
  4   2  55   3.706747e+02    3.706747e+02    5.467897e+01    5.467897e+01    -4.407968e-01  
  4   2  56   2.589262e+02    2.589262e+02    4.000251e+01    4.000251e+01    2.200129e-01  
  4   2  57   3.740350e+02    3.740350e+02    5.323076e+01    5.323076e+01    2.263605e-01  
  4   2  58   3.541982e+02    3.541982e+02    4.344971e+01    4.344971e+01    -6.871799e-02  
  4   2  59   3.755692e+02    3.755692e+02    4.642997e+01    4.642997e+01    -1.496588e-01  
  4   2  60   3.430623e+02    3.430623e+02    4.546140e+01    4.546140e+01    2.183215e-01  
  4   2  61   2.122119e+02    2.122119e+02    2.858362e+01    2.858362e+01    2.293000e-01  
  4   2  62   3.016504e+02    3.016504e+02    3.872405e+01    3.872405e+01    3.443430e-01  
  4   3   1   2.568644e+02    2.568644e+02    2.734329e+01    2.734329e+01    -2.431474e-01  
  4   3   2   2.857876e+02    2.857876e+02    2.886448e+01    2.886448e+01    -5.712122e-01  
  4   3   3   2.225605e+02    2.225605e+02    2.079344e+01    2.079344e+01    -3.183299e-01  
  4   3   4   2.633202e+02    2.633202e+02    2.467716e+01    2.467716e+01    4.671712e-01  
  4   3   5   2.802854e+02    2.802854e+02    2.699432e+01    2.699432e+01    -8.822676e-01  
  5   1   1   1.503702e+02    1.503702e+02    1.455309e+02    1.455309e+02    1.525943e-01  
  5   1   2   1.722569e+02    1.722569e+02    2.021684e+02    2.021684e+02    2.521313e-01  
  5   1   3   1.410190e+02    1.410190e+02    1.129331e+03    1.129331e+03    0.000000e+00  
  5   1   4   9.927870e+01    9.927870e+01    3.749298e+01    3.749298e+01    1.426907e-01  
  5   1   5   2.002865e+02    2.002865e+02    6.554101e+01    6.554101e+01    -2.509134e-01  
  5   1   6   1.050179e+02    1.050179e+02    3.125181e+01    3.125181e+01    -1.983168e-01  
  5   1   7   1.582633e+02    1.582633e+02    4.611013e+01    4.611013e+01    -5.570499e-01  
  5   1   8   1.891137e+02    1.891137e+02    5.754355e+01    5.754355e+01    4.356799e-01  
  5   1   9   2.472971e+02    2.472971e+02    1.293520e+02    1.293520e+02    -6.570133e-01  
  5   1  10   2.039146e+02    2.039146e+02    4.476762e+01    4.476762e+01    4.287939e-01  
  5   1  11   1.627916e+02    1.627916e+02    3.124432e+01    3.124432e+01    3.673209e-01  
  5   1  12   1.876935e+02    1.876935e+02    3.788227e+01    3.788227e+01    -4.818569e-01  
  5   1  13   1.769180e+02    1.769180e+02    3.783886e+01    3.783886e+01    -8.924773e-01  
  5   1  14   2.086340e+02    2.086340e+02    3.209088e+01    3.209088e+01    -1.159135e-02  
  5   1  15   2.743106e+02    2.743106e+02    4.392983e+01    4.392983e+01    -6.893156e-01  
  5   1  16   2.675650e+02    2.675650e+02    5.230695e+01    5.230695e+01    4.090791e-01  
  5   1  17   3.868017e+02    3.868017e+02    7.654455e+01    7.654455e+01    3.892261e-01  
  5   1  18   2.826371e+02    2.826371e+02    4.016615e+01    4.016615e+01    -1.055455e-01  
  5   1  19   1.920353e+02    1.920353e+02    2.543116e+01    2.543116e+01    5.546053e-01  
  5   1  20   1.981463e+02    1.981463e+02    2.178180e+01    2.178180e+01    -2.540213e-01  
  5   1  21   1.909686e+02    1.909686e+02    1.998621e+01    1.998621e+01    2.633776e-01  
  5   1  22   2.016407e+02    2.016407e+02    2.169122e+01    2.169122e+01    -4.707882e-01  
  5   1  23   2.793319e+02    2.793319e+02    3.689792e+01    3.689792e+01    2.148542e-01  
  5   2   1   1.390619e+02    1.390619e+02    1.095474e+03    1.095474e+03    0.000000e+00  
  5   2   2   1.431387e+02    1.431387e+02    1.166603e+03    1.166603e+03    0.000000e+00  
  5   2   3   1.472155e+02    1.472155e+02    1.240054e+03    1.240054e+03    0.000000e+00  
  5   2   4   1.155495e+02    1.155495e+02    1.211698e+03    1.211698e+03    -4.173670e-01  
  5   2   5   1.945343e+02    1.945343e+02    2.728670e+02    2.728670e+02    -2.201012e-01  
  5   2   6   1.594459e+02    1.594459e+02    1.474387e+03    1.474387e+03    0.000000e+00  
  5   2   7   1.635227e+02    1.635227e+02    1.557176e+03    1.557176e+03    0.000000e+00  
  5   2   8   1.675995e+02    1.675995e+02    1.642313e+03    1.642313e+03    0.000000e+00  
  5   2   9   1.716763e+02    1.716763e+02    1.729803e+03    1.729803e+03    0.000000e+00  
  5   2  10   4.999999e+02    4.999999e+02    1.558868e+04    1.558868e+04    -3.746458e-01  
  5   2  11   1.531321e+02    1.531321e+02    7.947315e+01    7.947315e+01    -3.762560e-01  
  5   2  12   2.384836e+02    2.384836e+02    1.042138e+02    1.042138e+02    8.214361e-02  
  5   2  13   1.909342e+02    1.909342e+02    6.822594e+01    6.822594e+01    -8.636846e-02  
  5   2  14   2.260052e+02    2.260052e+02    8.752450e+01    8.752450e+01    3.046320e-01  
  5   2  15   2.148931e+02    2.148931e+02    4.193959e+02    4.193959e+02    -6.832505e-01  
  5   2  16   2.538500e+02    2.538500e+02    1.027435e+02    1.027435e+02    1.736909e-01  
  5   2  17   1.886961e+02    1.886961e+02    5.740798e+01    5.740798e+01    -1.881307e-01  
  5   2  18   5.000000e+02    5.000000e+02    8.510861e+01    8.510861e+01    1.829007e-01  
  5   2  19   1.866561e+02    1.866561e+02    6.919471e+01    6.919471e+01    -5.064698e-01  
  5   2  20   2.779633e+02    2.779633e+02    1.679436e+02    1.679436e+02    4.892191e-01  
  5   2  21   1.601047e+02    1.601047e+02    5.306080e+01    5.306080e+01    -4.878947e-01  
  5   2  22   2.849697e+02    2.849697e+02    7.727292e+01    7.727292e+01    -1.407971e-01  
  5   2  23   4.737973e+02    4.737973e+02    1.021001e+03    1.021001e+03    -3.413518e-01  
  5   2  24   1.895517e+02    1.895517e+02    3.949151e+01    3.949151e+01    -1.781253e-02  
  5   2  25   2.082221e+02    2.082221e+02    5.047187e+01    5.047187e+01    2.536013e-01  
  5   2  26   1.859043e+02    1.859043e+02    4.444965e+01    4.444965e+01    2.998135e-01  
  5   2  27   2.797270e+02    2.797270e+02    6.296859e+01    6.296859e+01    -4.938690e-02  
  5   2  28   2.464901e+02    2.464901e+02    5.677731e+01    5.677731e+01    3.193315e-01  
  5   2  29   2.444795e+02    2.444795e+02    5.237948e+01    5.237948e+01    3.248506e-01  
  5   2  30   2.180471e+02    2.180471e+02    3.958212e+01    3.958212e+01    4.406909e-02  
  5   2  31   2.471510e+02    2.471510e+02    5.388144e+01    5.388144e+01    2.956432e-01  
  5   2  32   2.374039e+02    2.374039e+02    4.926902e+01    4.926902e+01    4.576995e-01  
  5   2  33   2.245080e+02    2.245080e+02    3.772769e+01    3.772769e+01    -5.608783e-02  
  5   2  34   2.634441e+02    2.634441e+02    4.681758e+01    4.681758e+01    -1.379336e-01  
  5   2  35   3.145324e+02    3.145324e+02    6.351588e+01    6.351588e+01    -4.469177e-01  
  5   2  36   3.808972e+02    3.808972e+02    8.060113e+01    8.060113e+01    4.989367e-01  
  5   2  37   3.955231e+02    3.955231e+02    7.683995e+01    7.683995e+01    2.984005e-01  
  5   2  38   3.396898e+02    3.396898e+02    6.112732e+01    6.112732e+01    -7.070272e-02  
  5   2  39   2.647971e+02    2.647971e+02    4.684050e+01    4.684050e+01    2.472516e-01  
  5   2  40   3.374213e+02    3.374213e+02    5.733841e+01    5.733841e+01    -1.665184e-01  
  5   2  41   4.044764e+02    4.044764e+02    6.905525e+01    6.905525e+01    -2.711657e-01  
  5   2  42   3.399530e+02    3.399530e+02    5.573110e+01    5.573110e+01    1.359217e-01  
  5   2  43   4.678310e+02    4.678310e+02    8.519153e+01    8.519153e+01    1.661641e-01  
  5   2  44   3.750677e+02    3.750677e+02    5.825225e+01    5.825225e+01    2.546369e-01  
  5   2  45   2.898430e+02    2.898430e+02    4.147699e+01    4.147699e+01    -4.591907e-02  
  5   2  46   3.626444e+02    3.626444e+02    5.699620e+01    5.699620e+01    -3.377038e-01  
  5   2  47   3.628050e+02    3.628050e+02    5.546434e+01    5.546434e+01    7.110942e-02  
  5   2  48   4.530018e+02    4.530018e+02    7.448203e+01    7.448203e+01    1.730537e-01  
  5   2  49   3.834373e+02    3.834373e+02    6.039540e+01    6.039540e+01    3.678924e-01  
  5   2  50   2.545080e+02    2.545080e+02    3.321352e+01    3.321352e+01    -7.131168e-02  
  5   2  51   3.535005e+02    3.535005e+02    4.890414e+01    4.890414e+01    -1.811090e-01  
  5   2  52   4.270488e+02    4.270488e+02    5.967253e+01    5.967253e+01    -3.497672e-01  
  5   2  53   3.328386e+02    3.328386e+02    4.570362e+01    4.570362e+01    2.509703e-01  
  5   2  54   3.510347e+02    3.510347e+02    4.624545e+01    4.624545e+01    1.630503e-02  
  5   2  55   3.237566e+02    3.237566e+02    4.265918e+01    4.265918e+01    2.558839e-01  
  5   2  56   2.317199e+02    2.317199e+02    3.035773e+01    3.035773e+01    1.775822e-01  
  5   2  57   4.817191e+02    4.817191e+02    6.966995e+01    6.966995e+01    -5.206043e-02  
  5   2  58   3.343194e+02    3.343194e+02    4.628123e+01    4.628123e+01    4.055254e-01  
  5   2  59   2.497696e+02    2.497696e+02    3.156899e+01    3.156899e+01    -1.234304e-01  
  5   2  60   4.999999e+02    4.999999e+02    1.067510e+02    1.067510e+02    -3.644101e-01  
  5   2  61   2.556665e+02    2.556665e+02    3.187361e+01    3.187361e+01    -4.007456e-02  
  5   2  62   1.926819e+02    1.926819e+02    2.670686e+01    2.670686e+01    -6.526452e-03  
  5   3   1   1.733887e+02    1.733887e+02    1.651355e+01    1.651355e+01    -1.497510e-01  
  5   3   2   2.835587e+02    2.835587e+02    3.039138e+01    3.039138e+01    4.154389e-01  
  5   3   3   2.809407e+02    2.809407e+02    2.971636e+01    2.971636e+01    7.805581e-03  
  5   3   4   1.884127e+02    1.884127e+02    1.704109e+01    1.704109e+01    -3.243563e-01  
  5   3   5   2.344478e+02    2.344478e+02    2.119591e+01    2.119591e+01    -4.066316e-01  
  6   1   1   1.330623e+02    1.330623e+02    9.950082e+02    9.950082e+02    0.000000e+00  
  6   1   2   1.562452e+02    1.562452e+02    1.470016e+03    1.470016e+03    -4.513681e-01  
  6   1   3   1.410190e+02    1.410190e+02    1.129331e+03    1.129331e+03    0.000000e+00  
  6   1   4   1.677444e+02    1.677444e+02    2.120485e+02    2.120485e+02    -5.618945e-01  
  6   1   5   1.582199e+02    1.582199e+02    4.927605e+01    4.927605e+01    -1.587908e-01  
  6   1   6   1.443777e+02    1.443777e+02    9.029353e+01    9.029353e+01    -6.473688e-01  
  6   1   7   2.032002e+02    2.032002e+02    7.395503e+01    7.395503e+01    -3.523532e-01  
  6   1   8   1.928032e+02    1.928032e+02    5.255446e+01    5.255446e+01    -5.200180e-01  
  6   1   9   1.401843e+02    1.401843e+02    2.672136e+01    2.672136e+01    -2.077706e-02  
  6   1  10   5.000000e+02    5.000000e+02    2.110828e+02    2.110828e+02    -6.203509e-01  
  6   1  11   2.303622e+02    2.303622e+02    4.767779e+01    4.767779e+01    6.490716e-01  
  6   1  12   1.670834e+02    1.670834e+02    3.454674e+01    3.454674e+01    8.327707e-01  
  6   1  13   2.488509e+02    2.488509e+02    4.444536e+01    4.444536e+01    -1.906544e-01  
  6   1  14   1.848684e+02    1.848684e+02    2.928673e+01    2.928673e+01    3.557605e-01  
  6   1  15   3.581108e+02    3.581108e+02    6.976250e+01    6.976250e+01    3.742698e-01  
  6   1  16   2.661237e+02    2.661237e+02    3.952066e+01    3.952066e+01    4.774574e-01  
  6   1  17   2.262382e+02    2.262382e+02    3.119010e+01    3.119010e+01    -5.397384e-01  
  6   1  18   4.323145e+02    4.323145e+02    7.045237e+01    7.045237e+01    -4.519252e-01  
  6   1  19   2.039969e+02    2.039969e+02    2.590325e+01    2.590325e+01    4.784589e-01  
  6   1  20   1.666101e+02    1.666101e+02    1.970981e+01    1.970981e+01    4.971193e-01  
  6   1  21   2.084160e+02    2.084160e+02    2.185337e+01    2.185337e+01    1.504398e-01  
  6   1  22   3.451933e+02    3.451933e+02    4.077196e+01    4.077196e+01    -4.534971e-01  
  6   1  23   2.005935e+02    2.005935e+02    2.143924e+01    2.143924e+01    -6.381923e-01  
  6   2   1   1.390619e+02    1.390619e+02    1.095474e+03    1.095474e+03    0.000000e+00  
  6   2   2   1.431387e+02    1.431387e+02    1.166603e+03    1.166603e+03    0.000000e+00  
  6   2   3   3.096024e+02    3.096024e+02    6.098904e+03    6.098904e+03    1.803456e-01  
  6   2   4   3.122854e+02    3.122854e+02    7.285916e+03    7.285916e+03    -2.351516e-01  
  6   2   5   1.553691e+02    1.553691e+02    1.393940e+03    1.393940e+03    0.000000e+00  
  6   2   6   3.939865e+02    3.939865e+02    1.381722e+04    1.381722e+04    2.778884e-01  
  6   2   7   1.329582e+02    1.329582e+02    2.941905e+02    2.941905e+02    4.803596e-01  
  6   2   8   1.810196e+02    1.810196e+02    9.536339e+01    9.536339e+01    6.727916e-02  
  6   2   9   1.736026e+02    1.736026e+02    1.625884e+02    1.625884e+02    -3.539629e-01  
  6   2  10   3.401487e+02    3.401487e+02    9.758776e+03    9.758776e+03    -5.031897e-01  
  6   2  11   2.758055e+02    2.758055e+02    1.203095e+03    1.203095e+03    5.049067e-01  
  6   2  12   3.569542e+02    3.569542e+02    9.587371e+03    9.587371e+03    6.285039e-01  
  6   2  13   2.025225e+02    2.025225e+02    9.901486e+01    9.901486e+01    -2.944672e-01  
  6   2  14   3.676250e+02    3.676250e+02    7.324231e+03    7.324231e+03    6.544291e-01  
  6   2  15   2.662219e+02    2.662219e+02    1.030794e+02    1.030794e+02    3.003515e-01  
  6   2  16   2.306765e+02    2.306765e+02    8.025292e+01    8.025292e+01    -3.716967e-01  
  6   2  17   1.696220e+02    1.696220e+02    5.352793e+01    5.352793e+01    -2.139058e-01  
  6   2  18   2.232008e+02    2.232008e+02    3.901104e+02    3.901104e+02    7.761917e-01  
  6   2  19   1.893205e+02    1.893205e+02    5.338826e+01    5.338826e+01    2.485890e-01  
  6   2  20   1.988421e+02    1.988421e+02    6.978233e+01    6.978233e+01    4.945412e-01  
  6   2  21   2.472185e+02    2.472185e+02    6.748960e+01    6.748960e+01    3.287257e-01  
  6   2  22   2.596631e+02    2.596631e+02    8.917520e+01    8.917520e+01    4.650680e-01  
  6   2  23   1.665629e+02    1.665629e+02    5.193878e+01    5.193878e+01    5.104886e-01  
  6   2  24   1.937193e+02    1.937193e+02    6.015669e+01    6.015669e+01    -6.796879e-01  
  6   2  25   2.698136e+02    2.698136e+02    7.537357e+01    7.537357e+01    3.996774e-01  
  6   2  26   1.772729e+02    1.772729e+02    4.287204e+01    4.287204e+01    -3.520073e-01  
  6   2  27   2.229430e+02    2.229430e+02    9.987593e+01    9.987593e+01    -7.328489e-01  
  6   2  28   3.097462e+02    3.097462e+02    9.327795e+01    9.327795e+01    -3.572197e-01  
  6   2  29   2.057605e+02    2.057605e+02    3.915828e+01    3.915828e+01    -7.367423e-02  
  6   2  30   2.854224e+02    2.854224e+02    5.839395e+01    5.839395e+01    -2.437292e-01  
  6   2  31   3.069586e+02    3.069586e+02    9.029678e+01    9.029678e+01    -4.964339e-01  
  6   2  32   3.069881e+02    3.069881e+02    7.005014e+01    7.005014e+01    4.216450e-01  
  6   2  33   3.184729e+02    3.184729e+02    6.511448e+01    6.511448e+01    5.386414e-01  
  6   2  34   3.667506e+02    3.667506e+02    7.599080e+01    7.599080e+01    -1.182995e-01  
  6   2  35   3.168411e+02    3.168411e+02    5.762256e+01    5.762256e+01    -1.989112e-01  
  6   2  36   2.946476e+02    2.946476e+02    5.696487e+01    5.696487e+01    2.867168e-01  
  6   2  37   2.873203e+02    2.873203e+02    5.089786e+01    5.089786e+01    -2.510524e-01  
  6   2  38   2.972502e+02    2.972502e+02    4.956656e+01    4.956656e+01    -1.464919e-01  
  6   2  39   4.112805e+02    4.112805e+02    7.711511e+01    7.711511e+01    -1.747419e-01  
  6   2  40   3.717307e+02    3.717307e+02    7.076237e+01    7.076237e+01    4.671232e-01  
  6   2  41   3.845967e+02    3.845967e+02    6.796663e+01    6.796663e+01    3.419918e-01  
  6   2  42   3.306186e+02    3.306186e+02    5.314401e+01    5.314401e+01    -1.553579e-01  
  6   2  43   4.132561e+02    4.132561e+02    7.273334e+01    7.273334e+01    5.207711e-02  
  6   2  44   3.288512e+02    3.288512e+02    5.081916e+01    5.081916e+01    -4.084565e-02  
  6   2  45   2.759071e+02    2.759071e+02    4.152164e+01    4.152164e+01    -2.184462e-01  
  6   2  46   2.288764e+02    2.288764e+02    3.264434e+01    3.264434e+01    -5.605818e-02  
  6   2  47   4.514019e+02    4.514019e+02    7.632724e+01    7.632724e+01    -8.990076e-02  
  6   2  48   3.417093e+02    3.417093e+02    5.227982e+01    5.227982e+01    3.497058e-01  
  6   2  49   3.242191e+02    3.242191e+02    4.483892e+01    4.483892e+01    6.411588e-04  
  6   2  50   2.847711e+02    2.847711e+02    4.413978e+01    4.413978e+01    4.065350e-01  
  6   2  51   4.996998e+02    4.996998e+02    5.056436e+03    5.056436e+03    -2.455938e-01  
  6   2  52   3.128798e+02    3.128798e+02    5.181575e+01    5.181575e+01    -2.703643e-01  
  6   2  53   3.048259e+02    3.048259e+02    4.451125e+01    4.451125e+01    3.792211e-01  
  6   2  54   3.544555e+02    3.544555e+02    4.666830e+01    4.666830e+01    -9.199053e-02  
  6   2  55   4.300496e+02    4.300496e+02    6.069857e+01    6.069857e+01    1.263488e-01  
  6   2  56   3.731040e+02    3.731040e+02    4.961964e+01    4.961964e+01    -3.064529e-01  
  6   2  57   3.888366e+02    3.888366e+02    5.067463e+01    5.067463e+01    -2.447740e-01  
  6   2  58   2.961741e+02    2.961741e+02    3.811432e+01    3.811432e+01    2.694779e-01  
  6   2  59   3.932224e+02    3.932224e+02    4.975174e+01    4.975174e+01    -2.071820e-01  
  6   2  60   5.000000e+02    5.000000e+02    1.199202e+01    1.199202e+01    1.437976e-01  
  6   2  61   3.094294e+02    3.094294e+02    3.735781e+01    3.735781e+01    -1.920680e-01  
  6   2  62   4.080400e+02    4.080400e+02    5.079019e+01    5.079019e+01    -3.147293e-02  
  6   3   1   2.375689e+02    2.375689e+02    2.463307e+01    2.463307e+01    -1.257005e-01  
  6   3   2   2.468788e+02    2.468788e+02    2.413213e+01    2.413213e+01    -4.138193e-01  
  6   3   3   2.346481e+02    2.346481e+02    2.216200e+01    2.216200e+01    -3.494476e-01  
  6   3   4   1.950134e+02    1.950134e+02    2.111874e+01    2.111874e+01    -3.088053e-01  
  6   3   5   2.888970e+02    2.888970e+02    2.816670e+01    2.816670e+01    -3.607128e-01  
