1 1 1 1.295
1 1 2 0.085
1 1 3 2.895
1 1 4 1.352
1 1 5 0.025
1 1 6 4.199
1 1 7 0.168
1 1 8 -0.203
1 1 9 -1.446
1 1 10 1.487
1 1 11 4.683
1 1 12 2.307
1 1 13 -2.805
1 1 14 0.331
1 1 15 0.739
1 1 16 0.385
1 1 17 -3.826
1 1 18 1.631
1 1 19 -0.914
1 1 20 0.327
1 1 21 -0.209
1 1 22 -2.529
1 1 23 -0.839
1 2 1 0.309
1 2 2 0.479
1 2 3 1.343
1 2 4 1.242
1 2 5 1.989
1 2 6 -0.556
1 2 7 -1.007
1 2 8 -0.620
1 2 9 -1.758
1 2 10 0.733
1 2 11 0.837
1 2 12 1.701
1 2 13 0.406
1 2 14 -0.062
1 2 15 0.687
1 2 16 -1.068
1 2 17 0.739
1 2 18 1.331
1 2 19 -0.261
1 2 20 0.169
1 2 21 0.283
1 2 22 -0.418
1 2 23 -0.685
1 2 24 0.537
1 2 25 1.138
1 2 26 0.516
1 2 27 1.118
1 2 28 2.120
1 2 29 -0.172
1 2 30 0.330
1 2 31 0.544
1 2 32 0.811
1 2 33 1.718
1 2 34 0.467
1 2 35 -0.680
1 2 36 -0.765
1 2 37 -1.361
1 2 38 -0.621
1 2 39 -1.610
1 2 40 -1.799
1 2 41 0.757
1 2 42 0.125
1 2 43 0.255
1 2 44 -0.216
1 2 45 -0.947
1 2 46 -0.157
1 2 47 0.181
1 2 48 1.402
1 2 49 1.943
1 2 50 -0.159
1 2 51 0.241
1 2 52 -0.630
1 2 53 -0.607
1 2 54 -1.069
1 2 55 -0.491
1 2 56 -0.076
1 2 57 -0.323
1 2 58 -0.869
1 2 59 -1.414
1 2 60 -0.414
1 2 61 1.619
1 2 62 0.605
1 3 1 11.789
1 3 2 -8.325
1 3 3 -9.604
1 3 4 -7.560
1 3 5 2.948
2 1 1 -3.704
2 1 2 1.280
2 1 3 0.800
2 1 4 -2.213
2 1 5 0.000
2 1 6 0.666
2 1 7 -0.223
2 1 8 -1.216
2 1 9 -0.123
2 1 10 0.000
2 1 11 0.467
2 1 12 2.264
2 1 13 0.728
2 1 14 1.984
2 1 15 0.601
2 1 16 0.282
2 1 17 5.472
2 1 18 -0.119
2 1 19 -4.616
2 1 20 2.246
2 1 21 0.000
2 1 22 -1.003
2 1 23 -2.046
2 2 1 -1.586
2 2 2 -0.082
2 2 3 0.446
2 2 4 1.386
2 2 5 -0.317
2 2 6 -1.800
2 2 7 0.506
2 2 8 -1.190
2 2 9 1.829
2 2 10 1.359
2 2 11 1.713
2 2 12 0.712
2 2 13 -0.757
2 2 14 0.464
2 2 15 -0.730
2 2 16 0.619
2 2 17 0.648
2 2 18 0.429
2 2 19 -0.115
2 2 20 -0.207
2 2 21 -0.337
2 2 22 -0.271
2 2 23 -0.552
2 2 24 -0.642
2 2 25 -0.202
2 2 26 0.449
2 2 27 1.898
2 2 28 0.592
2 2 29 2.138
2 2 30 2.354
2 2 31 0.645
2 2 32 3.011
2 2 33 0.255
2 2 34 0.389
2 2 35 0.813
2 2 36 0.358
2 2 37 -0.634
2 2 38 0.511
2 2 39 0.302
2 2 40 0.765
2 2 41 2.488
2 2 42 1.020
2 2 43 1.925
2 2 44 1.972
2 2 45 2.331
2 2 46 1.118
2 2 47 0.205
2 2 48 2.813
2 2 49 2.220
2 2 50 2.793
2 2 51 0.126
2 2 52 0.736
2 2 53 1.444
2 2 54 -0.699
2 2 55 -1.362
2 2 56 -0.808
2 2 57 -0.420
2 2 58 0.051
2 2 59 1.354
2 2 60 0.035
2 2 61 1.606
2 2 62 -0.956
2 3 1 9.149
2 3 2 -1.102
2 3 3 0.292
2 3 4 0.000
2 3 5 6.991
3 1 1 0.000
3 1 2 0.000
3 1 3 0.000
3 1 4 0.000
3 1 5 0.000
3 1 6 0.000
3 1 7 0.000
3 1 8 0.000
3 1 9 0.000
3 1 10 0.000
3 1 11 0.000
3 1 12 0.000
3 1 13 0.000
3 1 14 0.000
3 1 15 0.000
3 1 16 0.000
3 1 17 -7.709
3 1 18 -1.265
3 1 19 0.061
3 1 20 2.247
3 1 21 -1.269
3 1 22 -3.500
3 1 23 1.096
3 2 1 0.000
3 2 2 0.000
3 2 3 0.000
3 2 4 0.000
3 2 5 0.000
3 2 6 0.000
3 2 7 0.000
3 2 8 0.000
3 2 9 0.000
3 2 10 0.000
3 2 11 0.000
3 2 12 0.000
3 2 13 0.000
3 2 14 0.000
3 2 15 0.000
3 2 16 0.000
3 2 17 0.380
3 2 18 -1.908
3 2 19 -0.639
3 2 20 0.088
3 2 21 1.013
3 2 22 -0.482
3 2 23 0.042
3 2 24 0.667
3 2 25 1.177
3 2 26 0.887
3 2 27 -0.946
3 2 28 0.103
3 2 29 2.335
3 2 30 0.000
3 2 31 -0.340
3 2 32 0.000
3 2 33 0.000
3 2 34 0.000
3 2 35 0.000
3 2 36 0.000
3 2 37 0.000
3 2 38 0.000
3 2 39 0.000
3 2 40 0.000
3 2 41 0.000
3 2 42 0.000
3 2 43 0.000
3 2 44 0.000
3 2 45 0.000
3 2 46 0.000
3 2 47 0.000
3 2 48 0.000
3 2 49 -0.165
3 2 50 -2.472
3 2 51 0.533
3 2 52 0.768
3 2 53 1.628
3 2 54 -1.041
3 2 55 0.819
3 2 56 0.066
3 2 57 -0.170
3 2 58 -0.230
3 2 59 -0.960
3 2 60 -0.113
3 2 61 -0.853
3 2 62 -1.611
3 3 1 4.595
3 3 2 0.858
3 3 3 -4.324
3 3 4 -0.689
3 3 5 -2.378
4 1 1 2.127
4 1 2 2.990
4 1 3 1.825
4 1 4 -1.355
4 1 5 -0.613
4 1 6 2.497
4 1 7 0.963
4 1 8 -0.858
4 1 9 -0.626
4 1 10 0.891
4 1 11 3.339
4 1 12 -0.380
4 1 13 0.850
4 1 14 -0.092
4 1 15 4.048
4 1 16 2.313
4 1 17 -2.002
4 1 18 0.000
4 1 19 -0.071
4 1 20 1.277
4 1 21 0.127
4 1 22 1.468
4 1 23 2.108
4 2 1 -0.459
4 2 2 -0.947
4 2 3 -1.558
4 2 4 0.329
4 2 5 0.691
4 2 6 -1.149
4 2 7 0.064
4 2 8 0.651
4 2 9 2.195
4 2 10 1.127
4 2 11 1.091
4 2 12 1.380
4 2 13 0.746
4 2 14 0.631
4 2 15 0.555
4 2 16 -0.427
4 2 17 0.723
4 2 18 -0.717
4 2 19 0.211
4 2 20 2.424
4 2 21 -0.088
4 2 22 0.578
4 2 23 0.302
4 2 24 0.340
4 2 25 1.145
4 2 26 1.303
4 2 27 1.696
4 2 28 0.757
4 2 29 1.849
4 2 30 1.037
4 2 31 0.000
4 2 32 0.117
4 2 33 0.013
4 2 34 1.199
4 2 35 0.912
4 2 36 2.014
4 2 37 0.736
4 2 38 1.462
4 2 39 0.003
4 2 40 -1.203
4 2 41 0.759
4 2 42 1.619
4 2 43 1.483
4 2 44 1.418
4 2 45 1.963
4 2 46 -0.450
4 2 47 0.623
4 2 48 0.372
4 2 49 1.139
4 2 50 -0.281
4 2 51 1.253
4 2 52 0.513
4 2 53 1.650
4 2 54 -0.437
4 2 55 0.833
4 2 56 0.462
4 2 57 0.243
4 2 58 -0.493
4 2 59 0.735
4 2 60 1.769
4 2 61 1.660
4 2 62 -0.690
4 3 1 0.000
4 3 2 1.726
4 3 3 -3.619
4 3 4 12.093
4 3 5 0.000
5 1 1 -0.744
5 1 2 2.432
5 1 3 -0.423
5 1 4 -9.465
5 1 5 -0.119
5 1 6 3.744
5 1 7 -1.659
5 1 8 0.760
5 1 9 1.126
5 1 10 1.579
5 1 11 -0.566
5 1 12 -1.098
5 1 13 2.199
5 1 14 0.926
5 1 15 -3.784
5 1 16 8.404
5 1 17 3.514
5 1 18 0.024
5 1 19 -1.043
5 1 20 0.595
5 1 21 -0.129
5 1 22 -0.985
5 1 23 -0.013
5 2 1 1.597
5 2 2 -0.972
5 2 3 0.182
5 2 4 1.220
5 2 5 0.110
5 2 6 1.500
5 2 7 1.049
5 2 8 0.271
5 2 9 0.682
5 2 10 1.392
5 2 11 0.089
5 2 12 0.817
5 2 13 0.537
5 2 14 0.922
5 2 15 0.665
5 2 16 2.281
5 2 17 -0.076
5 2 18 0.647
5 2 19 1.361
5 2 20 0.385
5 2 21 0.505
5 2 22 -0.496
5 2 23 -0.290
5 2 24 0.406
5 2 25 1.252
5 2 26 0.144
5 2 27 1.087
5 2 28 1.826
5 2 29 1.162
5 2 30 0.912
5 2 31 1.385
5 2 32 0.438
5 2 33 1.630
5 2 34 0.240
5 2 35 0.423
5 2 36 -0.833
5 2 37 0.182
5 2 38 -1.261
5 2 39 -0.680
5 2 40 0.029
5 2 41 0.754
5 2 42 1.146
5 2 43 0.352
5 2 44 0.790
5 2 45 1.770
5 2 46 0.518
5 2 47 1.024
5 2 48 -0.188
5 2 49 -1.041
5 2 50 0.922
5 2 51 1.099
5 2 52 0.280
5 2 53 -0.222
5 2 54 0.516
5 2 55 -1.088
5 2 56 1.660
5 2 57 -1.020
5 2 58 0.636
5 2 59 -0.479
5 2 60 0.037
5 2 61 1.788
5 2 62 -0.808
5 3 1 0.794
5 3 2 0.489
5 3 3 2.995
5 3 4 1.492
5 3 5 -9.482
6 1 1 3.515
6 1 2 -0.242
6 1 3 -2.951
6 1 4 1.506
6 1 5 1.896
6 1 6 -2.668
6 1 7 -0.477
6 1 8 1.955
6 1 9 0.912
6 1 10 -0.108
6 1 11 -1.083
6 1 12 -0.281
6 1 13 1.263
6 1 14 -6.004
6 1 15 -3.537
6 1 16 -0.609
6 1 17 2.928
6 1 18 -0.099
6 1 19 -0.095
6 1 20 1.663
6 1 21 -17.234
6 1 22 -2.537
6 1 23 -1.955
6 2 1 -1.460
6 2 2 -0.072
6 2 3 -0.028
6 2 4 2.104
6 2 5 0.803
6 2 6 1.378
6 2 7 -0.663
6 2 8 -1.855
6 2 9 -0.832
6 2 10 0.303
6 2 11 0.486
6 2 12 0.629
6 2 13 -0.128
6 2 14 0.524
6 2 15 0.048
6 2 16 -1.272
6 2 17 -1.807
6 2 18 -0.569
6 2 19 1.022
6 2 20 -1.171
6 2 21 0.674
6 2 22 -0.352
6 2 23 -0.550
6 2 24 1.076
6 2 25 0.528
6 2 26 -0.165
6 2 27 0.474
6 2 28 -0.825
6 2 29 0.721
6 2 30 -0.514
6 2 31 -0.090
6 2 32 -0.049
6 2 33 -1.581
6 2 34 -0.511
6 2 35 -0.536
6 2 36 0.021
6 2 37 -0.402
6 2 38 -2.008
6 2 39 -1.178
6 2 40 0.100
6 2 41 1.824
6 2 42 0.462
6 2 43 -0.292
6 2 44 -1.192
6 2 45 -0.100
6 2 46 -0.451
6 2 47 -0.377
6 2 48 -0.438
6 2 49 -0.278
6 2 50 1.707
6 2 51 0.242
6 2 52 -0.863
6 2 53 0.537
6 2 54 0.170
6 2 55 0.941
6 2 56 0.062
6 2 57 -0.738
6 2 58 -1.162
6 2 59 -0.311
6 2 60 -0.967
6 2 61 0.015
6 2 62 -1.127
6 3 1 -18.347
6 3 2 1.785
6 3 3 2.315
6 3 4 -10.065
6 3 5 3.496
