1 1 1 859.105 859.105 1.698 1.698 -0.001 0.001
1 1 2 857.393 857.393 1.623 1.623 0.003 0.001
1 1 3 848.402 848.402 1.717 1.717 0.000 0.002
1 1 4 837.777 837.777 1.786 1.786 0.000 0.002
1 1 5 828.083 828.083 1.778 1.778 -0.001 0.003
1 1 6 815.423 815.423 1.842 1.842 -0.010 0.003
1 1 7 804.456 804.456 1.881 1.881 -0.009 0.004
1 1 8 793.548 793.548 1.757 1.757 -0.007 0.004
1 1 9 785.792 785.792 1.570 1.570 -0.019 0.004
1 1 10 784.690 784.690 1.535 1.535 -0.012 0.004
1 1 11 785.205 785.205 1.493 1.493 -0.012 0.005
1 1 12 789.523 789.523 1.560 1.560 -0.010 0.005
1 1 13 798.186 798.186 1.625 1.625 -0.027 0.005
1 1 14 806.902 806.902 1.853 1.853 -0.032 0.005
1 1 15 817.172 817.172 2.012 2.012 -0.038 0.006
1 1 16 826.565 826.565 2.417 2.417 -0.048 0.006
1 1 17 845.921 845.921 2.865 2.865 -0.049 0.006
1 1 18 850.227 850.227 3.561 3.561 -0.043 0.007
1 1 19 868.248 868.248 4.427 4.427 -0.041 0.007
1 1 20 878.228 878.228 5.512 5.512 -0.034 0.007
1 1 21 878.343 878.343 5.131 5.131 -0.009 0.008
1 1 22 860.677 860.677 4.999 4.999 -0.027 0.008
1 1 23 849.602 849.602 3.510 3.510 -0.028 0.009
1 2 1 2077.562 2077.562 7.167 7.167 -0.001 0.001
1 2 2 2080.290 2080.290 7.137 7.137 0.002 0.001
1 2 3 2070.359 2070.359 6.141 6.141 0.004 0.001
1 2 4 2070.873 2070.873 6.289 6.289 0.002 0.001
1 2 5 2035.267 2035.267 6.081 6.081 -0.000 0.001
1 2 6 2035.993 2035.993 6.052 6.052 0.004 0.001
1 2 7 2035.416 2035.416 6.298 6.298 0.002 0.002
1 2 8 2043.600 2043.600 5.915 5.915 0.005 0.002
1 2 9 2021.971 2021.971 5.788 5.788 0.007 0.002
1 2 10 2026.460 2026.460 6.295 6.295 0.001 0.002
1 2 11 2001.496 2001.496 5.725 5.725 0.001 0.002
1 2 12 1992.501 1992.501 5.697 5.697 -0.000 0.003
1 2 13 2002.512 2002.512 5.472 5.472 -0.000 0.003
1 2 14 1974.448 1974.448 5.742 5.742 0.002 0.003
1 2 15 1991.029 1991.029 5.697 5.697 0.002 0.003
1 2 16 1986.416 1986.416 5.869 5.869 0.005 0.003
1 2 17 1954.484 1954.484 5.720 5.720 -0.011 0.003
1 2 18 1942.243 1942.243 5.852 5.852 -0.003 0.004
1 2 19 1946.168 1946.168 6.077 6.077 -0.001 0.004
1 2 20 1946.723 1946.723 5.565 5.565 -0.007 0.004
1 2 21 1946.197 1946.197 5.106 5.106 -0.005 0.004
1 2 22 1930.822 1930.822 6.058 6.058 -0.005 0.004
1 2 23 1942.865 1942.865 5.843 5.843 -0.009 0.004
1 2 24 1924.114 1924.114 5.067 5.067 0.003 0.004
1 2 25 1932.309 1932.309 5.334 5.334 -0.011 0.004
1 2 26 1910.095 1910.095 5.182 5.182 -0.006 0.004
1 2 27 1924.665 1924.665 5.421 5.421 -0.011 0.004
1 2 28 1923.212 1923.212 4.819 4.819 -0.007 0.004
1 2 29 1915.951 1915.951 4.635 4.635 -0.018 0.004
1 2 30 1921.707 1921.707 4.618 4.618 -0.010 0.005
1 2 31 1924.467 1924.467 4.825 4.825 -0.002 0.005
1 2 32 1936.585 1936.585 4.929 4.929 -0.001 0.005
1 2 33 1947.497 1947.497 4.922 4.922 -0.012 0.005
1 2 34 1944.094 1944.094 5.142 5.142 -0.006 0.005
1 2 35 1951.672 1951.672 5.381 5.381 -0.011 0.005
1 2 36 1962.209 1962.209 5.834 5.834 -0.018 0.005
1 2 37 1965.368 1965.368 6.008 6.008 -0.021 0.005
1 2 38 1979.326 1979.326 6.171 6.171 -0.018 0.005
1 2 39 1984.837 1984.837 7.307 7.307 -0.014 0.005
1 2 40 1990.218 1990.218 7.227 7.227 -0.015 0.005
1 2 41 1977.694 1977.694 6.846 6.846 -0.020 0.005
1 2 42 1987.751 1987.751 7.824 7.824 -0.018 0.005
1 2 43 1982.657 1982.657 8.708 8.708 -0.029 0.005
1 2 44 2024.325 2024.325 9.125 9.125 -0.021 0.005
1 2 45 2053.392 2053.392 9.969 9.969 -0.008 0.006
1 2 46 2030.871 2030.871 10.071 10.071 -0.022 0.006
1 2 47 2059.260 2059.260 10.669 10.669 -0.009 0.006
1 2 48 2025.206 2025.206 11.638 11.638 -0.022 0.006
1 2 49 2075.095 2075.095 14.539 14.539 0.001 0.006
1 2 50 2100.906 2100.906 15.647 15.647 -0.015 0.006
1 2 51 2038.032 2038.032 13.453 13.453 -0.011 0.006
1 2 52 2042.512 2042.512 13.917 13.917 -0.019 0.006
1 2 53 2060.386 2060.386 15.731 15.731 -0.000 0.006
1 2 54 2084.306 2084.306 14.801 14.801 0.003 0.007
1 2 55 2063.295 2063.295 14.260 14.260 -0.013 0.007
1 2 56 2062.830 2062.830 16.222 16.222 -0.007 0.007
1 2 57 2033.066 2033.066 12.399 12.399 -0.008 0.007
1 2 58 2031.493 2031.493 15.617 15.617 -0.003 0.007
1 2 59 2041.794 2041.794 13.558 13.558 0.009 0.007
1 2 60 2079.713 2079.713 12.065 12.065 -0.011 0.007
1 2 61 2057.495 2057.495 16.868 16.868 0.012 0.007
1 2 62 2053.194 2053.194 14.716 14.716 -0.006 0.007
1 3 1 857.999 857.999 89.959 89.959 -0.022 0.008
1 3 2 776.261 776.261 1.438 1.438 0.002 0.008
1 3 3 779.822 779.822 1.544 1.544 -0.031 0.009
1 3 4 799.287 799.287 2.355 2.355 -0.031 0.011
1 3 5 816.815 816.815 2.781 2.781 -0.069 0.011
2 1 1 862.055 862.055 1.648 1.648 -0.001 0.001
2 1 2 852.364 852.364 1.574 1.574 0.004 0.002
2 1 3 848.574 848.574 1.618 1.618 -0.003 0.002
2 1 4 835.961 835.961 1.792 1.792 0.004 0.002
2 1 5 824.482 824.482 1.879 1.879 0.005 0.003
2 1 6 816.247 816.247 1.870 1.870 -0.004 0.003
2 1 7 802.966 802.966 1.829 1.829 -0.014 0.004
2 1 8 794.072 794.072 1.830 1.830 -0.003 0.004
2 1 9 784.652 784.652 1.588 1.588 -0.009 0.004
2 1 10 783.581 783.581 1.523 1.523 -0.024 0.004
2 1 11 787.532 787.532 1.560 1.560 -0.020 0.005
2 1 12 790.027 790.027 1.605 1.605 -0.025 0.005
2 1 13 798.462 798.462 1.724 1.724 -0.026 0.005
2 1 14 804.584 804.584 1.845 1.845 -0.045 0.005
2 1 15 819.610 819.610 2.248 2.248 -0.035 0.006
2 1 16 826.899 826.899 2.478 2.478 -0.028 0.006
2 1 17 841.014 841.014 3.090 3.090 -0.031 0.007
2 1 18 854.278 854.278 3.401 3.401 -0.027 0.007
2 1 19 858.274 858.274 4.002 4.002 -0.028 0.007
2 1 20 869.150 869.150 4.653 4.653 -0.029 0.008
2 1 21 877.755 877.755 5.279 5.279 -0.037 0.008
2 1 22 852.955 852.955 3.784 3.784 -0.044 0.009
2 1 23 860.424 860.424 4.008 4.008 -0.041 0.009
2 2 1 2083.592 2083.592 6.794 6.794 -0.001 0.001
2 2 2 2074.446 2074.446 6.139 6.139 0.003 0.001
2 2 3 2077.786 2077.786 6.404 6.404 0.002 0.001
2 2 4 2050.408 2050.408 6.312 6.312 0.003 0.001
2 2 5 2066.168 2066.168 6.068 6.068 0.001 0.001
2 2 6 2056.308 2056.308 5.656 5.656 0.006 0.002
2 2 7 2039.435 2039.435 5.722 5.722 0.003 0.002
2 2 8 2016.539 2016.539 5.581 5.581 0.001 0.002
2 2 9 2024.526 2024.526 6.472 6.472 0.005 0.002
2 2 10 2007.934 2007.934 5.549 5.549 0.004 0.002
2 2 11 2032.385 2032.385 6.282 6.282 0.000 0.002
2 2 12 2000.451 2000.451 6.175 6.175 0.000 0.003
2 2 13 1998.497 1998.497 6.524 6.524 -0.001 0.003
2 2 14 1998.468 1998.468 6.433 6.433 -0.001 0.003
2 2 15 1986.652 1986.652 6.053 6.053 0.002 0.003
2 2 16 1965.504 1965.504 5.586 5.586 0.011 0.003
2 2 17 1966.191 1966.191 6.807 6.807 -0.006 0.003
2 2 18 1968.549 1968.549 6.109 6.109 0.001 0.004
2 2 19 1931.607 1931.607 6.326 6.326 -0.005 0.004
2 2 20 1942.413 1942.413 5.872 5.872 -0.008 0.004
2 2 21 1947.989 1947.989 6.014 6.014 -0.003 0.004
2 2 22 1929.469 1929.469 5.709 5.709 -0.005 0.004
2 2 23 1926.333 1926.333 5.678 5.678 -0.000 0.004
2 2 24 1923.346 1923.346 5.374 5.374 0.003 0.004
2 2 25 1923.151 1923.151 4.909 4.909 -0.004 0.004
2 2 26 1900.441 1900.441 4.546 4.546 0.000 0.004
2 2 27 1914.436 1914.436 4.891 4.891 -0.007 0.004
2 2 28 1914.500 1914.500 4.982 4.982 -0.013 0.005
2 2 29 1917.362 1917.362 4.837 4.837 -0.003 0.004
2 2 30 1920.964 1920.964 4.748 4.748 -0.007 0.005
2 2 31 1935.362 1935.362 5.180 5.180 -0.011 0.005
2 2 32 1925.018 1925.018 5.046 5.046 -0.014 0.005
2 2 33 1938.965 1938.965 5.138 5.138 -0.022 0.005
2 2 34 1941.379 1941.379 5.029 5.029 -0.015 0.005
2 2 35 1932.498 1932.498 5.384 5.384 -0.011 0.005
2 2 36 1960.682 1960.682 6.166 6.166 -0.017 0.005
2 2 37 1955.369 1955.369 6.150 6.150 -0.020 0.005
2 2 38 1976.996 1976.996 6.536 6.536 -0.023 0.005
2 2 39 1982.384 1982.384 6.914 6.914 -0.019 0.005
2 2 40 1988.408 1988.408 7.068 7.068 -0.007 0.005
2 2 41 2003.421 2003.421 8.052 8.052 -0.020 0.005
2 2 42 1991.126 1991.126 8.273 8.273 -0.012 0.006
2 2 43 2012.698 2012.698 8.197 8.197 -0.012 0.006
2 2 44 2024.654 2024.654 9.046 9.046 -0.016 0.006
2 2 45 2008.412 2008.412 9.583 9.583 -0.007 0.006
2 2 46 2040.426 2040.426 11.042 11.042 -0.015 0.006
2 2 47 2060.071 2060.071 11.176 11.176 -0.013 0.006
2 2 48 2034.850 2034.850 13.298 13.298 0.000 0.006
2 2 49 2058.540 2058.540 12.678 12.678 -0.005 0.006
2 2 50 2047.538 2047.538 12.683 12.683 -0.012 0.006
2 2 51 2141.837 2141.837 16.756 16.756 -0.013 0.006
2 2 52 2044.224 2044.224 14.297 14.297 -0.016 0.006
2 2 53 2067.353 2067.353 13.776 13.776 -0.013 0.006
2 2 54 2023.690 2023.690 15.422 15.422 -0.009 0.007
2 2 55 2070.385 2070.385 15.633 15.633 0.000 0.007
2 2 56 2052.594 2052.594 16.303 16.303 -0.014 0.007
2 2 57 2042.945 2042.945 13.599 13.599 -0.020 0.007
2 2 58 2074.500 2074.500 14.077 14.077 -0.013 0.007
2 2 59 2053.729 2053.729 13.904 13.904 -0.005 0.007
2 2 60 2037.901 2037.901 14.647 14.647 -0.003 0.007
2 2 61 2088.669 2088.669 18.466 18.466 -0.010 0.007
2 2 62 2071.186 2071.186 15.169 15.169 -0.019 0.008
2 3 1 776.939 776.939 1.744 1.744 -0.044 0.008
2 3 2 773.648 773.648 1.396 1.396 -0.021 0.008
2 3 3 779.146 779.146 1.592 1.592 -0.034 0.009
2 3 4 793.810 793.810 2.313 2.313 -0.015 0.011
2 3 5 811.907 811.907 2.960 2.960 -0.039 0.011
3 1 1 864.883 864.883 1.702 1.702 0.002 0.001
3 1 2 852.419 852.419 1.603 1.603 -0.001 0.002
3 1 3 843.476 843.476 1.658 1.658 -0.001 0.002
3 1 4 833.930 833.930 1.760 1.760 -0.003 0.002
3 1 5 825.860 825.860 1.827 1.827 0.002 0.003
3 1 6 810.777 810.777 1.781 1.781 -0.002 0.003
3 1 7 1065.573 1065.573 8.204 8.204 -0.009 0.004
3 1 8 911.288 911.288 8.168 8.168 -0.012 0.004
3 1 9 787.288 787.288 1.677 1.677 -0.019 0.004
3 1 10 785.756 785.756 1.667 1.667 -0.010 0.005
3 1 11 786.876 786.876 1.618 1.618 -0.027 0.005
3 1 12 790.599 790.599 1.748 1.748 -0.032 0.005
3 1 13 799.585 799.585 1.696 1.696 -0.032 0.005
3 1 14 807.728 807.728 1.906 1.906 -0.029 0.006
3 1 15 820.445 820.445 2.297 2.297 -0.041 0.006
3 1 16 828.227 828.227 2.546 2.546 -0.062 0.006
3 1 17 838.593 838.593 3.035 3.035 -0.060 0.007
3 1 18 853.658 853.658 3.658 3.658 -0.043 0.007
3 1 19 866.417 866.417 4.562 4.562 -0.059 0.007
3 1 20 865.863 865.863 5.369 5.369 -0.037 0.008
3 1 21 882.309 882.309 6.535 6.535 -0.048 0.008
3 1 22 874.858 874.858 5.348 5.348 -0.039 0.009
3 1 23 853.753 853.753 3.987 3.987 -0.025 0.009
3 2 1 2085.738 2085.738 7.210 7.210 -0.001 0.001
3 2 2 2080.694 2080.694 7.093 7.093 0.000 0.001
3 2 3 2066.048 2066.048 6.495 6.495 0.001 0.001
3 2 4 2079.096 2079.096 6.383 6.383 -0.000 0.001
3 2 5 2048.646 2048.646 5.801 5.801 0.002 0.001
3 2 6 2045.151 2045.151 6.091 6.091 -0.000 0.002
3 2 7 2026.868 2026.868 6.065 6.065 0.003 0.002
3 2 8 2031.348 2031.348 5.620 5.620 0.001 0.002
3 2 9 2034.524 2034.524 5.999 5.999 0.002 0.002
3 2 10 2011.548 2011.548 5.418 5.418 -0.001 0.002
3 2 11 2007.152 2007.152 6.317 6.317 0.003 0.002
3 2 12 2000.234 2000.234 5.977 5.977 0.000 0.003
3 2 13 2004.065 2004.065 6.341 6.341 -0.011 0.003
3 2 14 1999.982 1999.982 6.198 6.198 0.005 0.003
3 2 15 1995.338 1995.338 5.815 5.815 0.004 0.003
3 2 16 1970.167 1970.167 6.292 6.292 0.001 0.003
3 2 17 1961.792 1961.792 5.547 5.547 0.001 0.004
3 2 18 1963.387 1963.387 6.080 6.080 -0.001 0.004
3 2 19 1965.471 1965.471 6.279 6.279 0.002 0.004
3 2 20 1949.786 1949.786 6.117 6.117 0.003 0.004
3 2 21 1940.949 1940.949 6.231 6.231 -0.002 0.004
3 2 22 1921.163 1921.163 5.045 5.045 -0.012 0.004
3 2 23 1922.660 1922.660 5.959 5.959 -0.001 0.004
3 2 24 1917.735 1917.735 4.957 4.957 -0.004 0.004
3 2 25 1932.731 1932.731 5.214 5.214 -0.007 0.004
3 2 26 1917.599 1917.599 5.187 5.187 -0.006 0.004
3 2 27 1941.016 1941.016 5.520 5.520 -0.002 0.005
3 2 28 1923.434 1923.434 5.087 5.087 -0.003 0.005
3 2 29 1919.703 1919.703 5.191 5.191 -0.010 0.005
3 2 30 1911.363 1911.363 5.002 5.002 -0.015 0.005
3 2 31 1926.039 1926.039 4.935 4.935 -0.011 0.005
3 2 32 1914.118 1914.118 5.123 5.123 -0.005 0.005
3 2 33 1956.216 1956.216 5.451 5.451 -0.016 0.005
3 2 34 1942.679 1942.679 5.171 5.171 -0.013 0.005
3 2 35 1934.590 1934.590 5.326 5.326 -0.017 0.005
3 2 36 1958.549 1958.549 6.149 6.149 -0.034 0.005
3 2 37 1971.066 1971.066 6.426 6.426 -0.015 0.005
3 2 38 1961.979 1961.979 6.458 6.458 -0.020 0.005
3 2 39 1993.304 1993.304 7.980 7.980 -0.018 0.006
3 2 40 1978.504 1978.504 7.240 7.240 -0.016 0.005
3 2 41 1991.815 1991.815 7.442 7.442 -0.014 0.006
3 2 42 1986.030 1986.030 7.613 7.613 -0.039 0.006
3 2 43 2007.176 2007.176 8.070 8.070 -0.033 0.006
3 2 44 2027.652 2027.652 9.977 9.977 -0.031 0.006
3 2 45 2024.341 2024.341 9.514 9.514 -0.037 0.006
3 2 46 2022.921 2022.921 10.979 10.979 -0.015 0.006
3 2 47 2058.844 2058.844 10.818 10.818 -0.023 0.006
3 2 48 2082.639 2082.639 14.772 14.772 -0.024 0.006
3 2 49 2027.127 2027.127 11.926 11.926 -0.024 0.006
3 2 50 2061.154 2061.154 13.357 13.357 -0.022 0.006
3 2 51 2060.628 2060.628 16.009 16.009 -0.034 0.007
3 2 52 2018.503 2018.503 15.597 15.597 -0.007 0.007
3 2 53 2052.924 2052.924 15.694 15.694 -0.013 0.007
3 2 54 2031.033 2031.033 15.350 15.350 -0.027 0.007
3 2 55 2047.040 2047.040 11.687 11.687 -0.041 0.007
3 2 56 2048.838 2048.838 15.729 15.729 -0.024 0.007
3 2 57 2014.103 2014.103 13.187 13.187 -0.024 0.007
3 2 58 2026.917 2026.917 16.301 16.301 -0.024 0.007
3 2 59 2017.612 2017.612 22.767 22.767 -0.009 0.007
3 2 60 2070.670 2070.670 14.628 14.628 -0.010 0.008
3 2 61 2041.657 2041.657 16.748 16.748 -0.023 0.008
3 2 62 2029.826 2029.826 12.604 12.604 -0.027 0.008
3 3 1 778.378 778.378 1.758 1.758 -0.029 0.008
3 3 2 772.621 772.621 1.488 1.488 -0.030 0.008
3 3 3 783.281 783.281 1.714 1.714 -0.040 0.010
3 3 4 796.181 796.181 2.301 2.301 -0.029 0.011
3 3 5 810.060 810.060 3.049 3.049 -0.036 0.012
4 1 1 858.709 858.709 1.890 1.890 -0.001 0.001
4 1 2 851.051 851.051 1.860 1.860 -0.003 0.002
4 1 3 844.403 844.403 1.793 1.793 -0.010 0.002
4 1 4 831.455 831.455 1.924 1.924 -0.013 0.003
4 1 5 825.550 825.550 2.001 2.001 -0.003 0.003
4 1 6 812.284 812.284 2.207 2.207 -0.013 0.004
4 1 7 803.665 803.665 2.100 2.100 -0.017 0.004
4 1 8 793.035 793.035 1.961 1.961 -0.018 0.004
4 1 9 791.176 791.176 2.013 2.013 -0.010 0.005
4 1 10 785.331 785.331 1.772 1.772 -0.025 0.005
4 1 11 799.208 799.208 10.172 10.172 -0.023 0.005
4 1 12 791.306 791.306 1.888 1.888 -0.033 0.006
4 1 13 794.116 794.116 1.944 1.944 -0.030 0.006
4 1 14 811.344 811.344 2.130 2.130 -0.027 0.006
4 1 15 821.752 821.752 2.556 2.556 -0.043 0.007
4 1 16 829.760 829.760 2.836 2.836 -0.041 0.007
4 1 17 831.950 831.950 3.334 3.334 -0.036 0.007
4 1 18 860.249 860.249 4.471 4.471 -0.049 0.008
4 1 19 871.667 871.667 5.663 5.663 -0.041 0.008
4 1 20 871.443 871.443 5.924 5.924 -0.051 0.008
4 1 21 864.366 864.366 5.529 5.529 -0.036 0.009
4 1 22 857.655 857.655 5.543 5.543 -0.061 0.009
4 1 23 850.951 850.951 4.203 4.203 -0.008 0.010
4 2 1 2080.135 2080.135 8.354 8.354 -0.001 0.001
4 2 2 2080.022 2080.022 7.498 7.498 -0.001 0.001
4 2 3 2074.534 2074.534 7.334 7.334 -0.001 0.001
4 2 4 2047.241 2047.241 6.261 6.261 0.000 0.001
4 2 5 2047.136 2047.136 6.830 6.830 -0.002 0.001
4 2 6 2041.927 2041.927 6.412 6.412 0.001 0.002
4 2 7 2031.712 2031.712 7.188 7.188 -0.000 0.002
4 2 8 2034.552 2034.552 6.483 6.483 -0.005 0.002
4 2 9 2025.638 2025.638 6.795 6.795 -0.001 0.002
4 2 10 2014.141 2014.141 6.515 6.515 -0.007 0.002
4 2 11 2023.536 2023.536 6.726 6.726 -0.003 0.003
4 2 12 1998.277 1998.277 6.452 6.452 -0.005 0.003
4 2 13 1992.669 1992.669 5.868 5.868 -0.011 0.003
4 2 14 1987.391 1987.391 6.574 6.574 -0.008 0.003
4 2 15 1984.318 1984.318 7.015 7.015 -0.005 0.003
4 2 16 1974.947 1974.947 7.017 7.017 -0.003 0.004
4 2 17 1964.345 1964.345 7.045 7.045 -0.012 0.004
4 2 18 1953.976 1953.976 6.968 6.968 -0.011 0.004
4 2 19 1960.185 1960.185 6.492 6.492 -0.008 0.004
4 2 20 1951.360 1951.360 6.550 6.550 -0.011 0.004
4 2 21 1937.752 1937.752 6.344 6.344 0.000 0.004
4 2 22 1942.016 1942.016 6.964 6.964 -0.011 0.005
4 2 23 1923.585 1923.585 6.509 6.509 -0.008 0.005
4 2 24 1918.800 1918.800 5.956 5.956 -0.013 0.005
4 2 25 1909.105 1909.105 5.965 5.965 -0.010 0.005
4 2 26 1908.892 1908.892 5.989 5.989 -0.002 0.005
4 2 27 1890.419 1890.419 5.146 5.146 -0.014 0.005
4 2 28 1912.500 1912.500 6.786 6.786 -0.010 0.005
4 2 29 1919.557 1919.557 5.690 5.690 -0.018 0.005
4 2 30 1944.937 1944.937 5.879 5.879 -0.015 0.005
4 2 31 1930.751 1930.751 5.618 5.618 -0.004 0.005
4 2 32 1943.424 1943.424 6.024 6.024 -0.010 0.005
4 2 33 1939.876 1939.876 6.319 6.319 -0.008 0.005
4 2 34 1943.430 1943.430 6.257 6.257 -0.007 0.005
4 2 35 1956.460 1956.460 6.859 6.859 -0.014 0.005
4 2 36 1957.942 1957.942 6.579 6.579 -0.016 0.005
4 2 37 1961.568 1961.568 7.144 7.144 -0.015 0.006
4 2 38 1967.071 1967.071 7.481 7.481 -0.030 0.006
4 2 39 1966.550 1966.550 8.539 8.539 -0.030 0.006
4 2 40 1988.432 1988.432 8.532 8.532 -0.024 0.006
4 2 41 2010.768 2010.768 9.131 9.131 -0.018 0.006
4 2 42 2050.824 2050.824 10.391 10.391 -0.016 0.006
4 2 43 2018.911 2018.911 9.885 9.885 -0.027 0.006
4 2 44 2004.146 2004.146 9.979 9.979 -0.007 0.006
4 2 45 2026.969 2026.969 11.840 11.840 -0.014 0.006
4 2 46 2019.461 2019.461 12.136 12.136 -0.023 0.006
4 2 47 2056.445 2056.445 14.800 14.800 -0.040 0.007
4 2 48 2039.611 2039.611 14.130 14.130 -0.028 0.007
4 2 49 1996.471 1996.471 11.841 11.841 -0.032 0.007
4 2 50 2068.221 2068.221 17.425 17.425 -0.019 0.007
4 2 51 2078.631 2078.631 18.438 18.438 -0.036 0.007
4 2 52 2092.529 2092.529 19.872 19.872 -0.022 0.007
4 2 53 2059.014 2059.014 14.494 14.494 -0.014 0.007
4 2 54 2102.653 2102.653 22.046 22.046 -0.028 0.007
4 2 55 2016.270 2016.270 15.438 15.438 -0.016 0.007
4 2 56 2044.014 2044.014 15.826 15.826 -0.034 0.007
4 2 57 2003.472 2003.472 15.107 15.107 -0.019 0.008
4 2 58 2028.763 2028.763 17.939 17.939 -0.011 0.008
4 2 59 2026.717 2026.717 15.969 15.969 -0.019 0.008
4 2 60 2085.111 2085.111 19.976 19.976 -0.019 0.008
4 2 61 2077.542 2077.542 22.575 22.575 0.008 0.008
4 2 62 2098.529 2098.529 15.745 15.745 0.006 0.008
4 3 1 777.925 777.925 1.934 1.934 -0.037 0.009
4 3 2 771.687 771.687 1.600 1.600 -0.022 0.009
4 3 3 839.646 839.646 4.720 4.720 -0.038 0.010
4 3 4 792.332 792.332 2.392 2.392 -0.034 0.011
4 3 5 816.599 816.599 3.289 3.289 -0.062 0.013
5 1 1 858.838 858.838 1.912 1.912 0.001 0.001
5 1 2 852.357 852.357 1.953 1.953 -0.001 0.002
5 1 3 844.650 844.650 1.908 1.908 -0.004 0.002
5 1 4 836.213 836.213 2.170 2.170 -0.007 0.003
5 1 5 824.449 824.449 2.163 2.163 -0.005 0.003
5 1 6 814.563 814.563 2.446 2.446 -0.004 0.004
5 1 7 799.848 799.848 2.277 2.277 -0.004 0.004
5 1 8 793.175 793.175 2.129 2.129 -0.015 0.005
5 1 9 786.357 786.357 1.965 1.965 -0.001 0.005
5 1 10 784.793 784.793 1.922 1.922 -0.016 0.005
5 1 11 789.295 789.295 1.969 1.969 -0.016 0.006
5 1 12 792.440 792.440 1.997 1.997 -0.022 0.006
5 1 13 797.536 797.536 2.185 2.185 -0.022 0.006
5 1 14 805.677 805.677 2.357 2.357 -0.019 0.007
5 1 15 818.599 818.599 2.615 2.615 -0.035 0.007
5 1 16 827.676 827.676 2.950 2.950 -0.045 0.007
5 1 17 843.058 843.058 3.832 3.832 -0.025 0.008
5 1 18 850.807 850.807 4.586 4.586 -0.037 0.008
5 1 19 864.874 864.874 5.383 5.383 -0.026 0.008
5 1 20 872.600 872.600 6.556 6.556 -0.042 0.009
5 1 21 876.428 876.428 6.975 6.975 -0.019 0.009
5 1 22 864.118 864.118 6.165 6.165 -0.026 0.010
5 1 23 849.201 849.201 3.892 3.892 -0.025 0.011
5 2 1 2072.582 2072.582 8.575 8.575 -0.001 0.001
5 2 2 2078.035 2078.035 8.667 8.667 -0.001 0.001
5 2 3 2065.223 2065.223 7.358 7.358 0.002 0.001
5 2 4 2071.162 2071.162 7.407 7.407 -0.001 0.001
5 2 5 2062.039 2062.039 7.214 7.214 -0.000 0.002
5 2 6 2048.652 2048.652 7.395 7.395 -0.000 0.002
5 2 7 2043.134 2043.134 6.852 6.852 0.002 0.002
5 2 8 2031.006 2031.006 6.589 6.589 0.002 0.002
5 2 9 2024.707 2024.707 7.326 7.326 0.002 0.002
5 2 10 2030.000 2030.000 8.010 8.010 -0.000 0.003
5 2 11 2011.197 2011.197 7.375 7.375 -0.005 0.003
5 2 12 2003.197 2003.197 7.097 7.097 -0.006 0.003
5 2 13 1995.809 1995.809 7.616 7.616 -0.001 0.003
5 2 14 1993.986 1993.986 6.985 6.985 0.003 0.003
5 2 15 1970.153 1970.153 7.210 7.210 -0.001 0.004
5 2 16 1982.539 1982.539 7.455 7.455 -0.004 0.004
5 2 17 1954.892 1954.892 7.637 7.637 -0.001 0.004
5 2 18 1956.756 1956.756 7.935 7.935 -0.007 0.004
5 2 19 1956.225 1956.225 6.721 6.721 0.000 0.004
5 2 20 1962.462 1962.462 7.266 7.266 0.004 0.004
5 2 21 1939.942 1939.942 7.432 7.432 -0.008 0.005
5 2 22 1926.164 1926.164 7.035 7.035 -0.006 0.005
5 2 23 1928.172 1928.172 7.464 7.464 -0.002 0.005
5 2 24 1929.322 1929.322 7.342 7.342 -0.009 0.005
5 2 25 1914.387 1914.387 5.987 5.987 0.003 0.005
5 2 26 1919.823 1919.823 6.036 6.036 0.002 0.005
5 2 27 1904.989 1904.989 6.256 6.256 0.004 0.005
5 2 28 1910.409 1910.409 5.795 5.795 -0.018 0.005
5 2 29 1914.138 1914.138 5.477 5.477 -0.012 0.005
5 2 30 1928.728 1928.728 5.803 5.803 -0.009 0.005
5 2 31 1925.630 1925.630 6.362 6.362 -0.020 0.006
5 2 32 1936.520 1936.520 6.460 6.460 -0.018 0.006
5 2 33 1954.707 1954.707 6.563 6.563 -0.009 0.005
5 2 34 1933.862 1933.862 6.577 6.577 -0.008 0.006
5 2 35 1961.045 1961.045 7.307 7.307 -0.006 0.006
5 2 36 1967.058 1967.058 7.103 7.103 -0.016 0.006
5 2 37 1956.586 1956.586 7.213 7.213 -0.008 0.006
5 2 38 1981.490 1981.490 7.940 7.940 -0.008 0.006
5 2 39 1960.841 1960.841 9.100 9.100 -0.014 0.006
5 2 40 2015.090 2015.090 9.969 9.969 -0.018 0.006
5 2 41 1993.600 1993.600 9.652 9.652 -0.021 0.006
5 2 42 2035.638 2035.638 11.523 11.523 -0.021 0.006
5 2 43 2029.974 2029.974 11.515 11.515 -0.004 0.006
5 2 44 2021.864 2021.864 11.324 11.324 -0.000 0.006
5 2 45 2023.958 2023.958 12.815 12.815 -0.012 0.007
5 2 46 2036.755 2036.755 12.003 12.003 -0.013 0.007
5 2 47 2033.609 2033.609 14.390 14.390 -0.010 0.007
5 2 48 2034.101 2034.101 12.827 12.827 -0.014 0.007
5 2 49 2030.059 2030.059 14.316 14.316 -0.014 0.007
5 2 50 2083.309 2083.309 17.794 17.794 -0.016 0.007
5 2 51 2063.818 2063.818 22.915 22.915 -0.020 0.007
5 2 52 2030.504 2030.504 19.062 19.062 -0.021 0.007
5 2 53 2076.176 2076.176 19.136 19.136 -0.011 0.008
5 2 54 2069.537 2069.537 14.470 14.470 -0.003 0.008
5 2 55 2021.119 2021.119 14.830 14.830 -0.007 0.008
5 2 56 2050.937 2050.937 16.539 16.539 -0.012 0.008
5 2 57 2034.157 2034.157 16.148 16.148 -0.012 0.008
5 2 58 2069.701 2069.701 17.517 17.517 -0.004 0.008
5 2 59 2056.675 2056.675 19.674 19.674 0.001 0.008
5 2 60 2053.442 2053.442 15.149 15.149 0.007 0.009
5 2 61 2034.338 2034.338 19.964 19.964 -0.005 0.009
5 2 62 2047.632 2047.632 17.875 17.875 -0.010 0.009
5 3 1 771.636 771.636 1.936 1.936 -0.064 0.009
5 3 2 772.719 772.719 1.839 1.839 -0.040 0.009
5 3 3 1139.433 1139.433 15.099 15.099 -0.027 0.011
5 3 4 795.644 795.644 2.709 2.709 -0.023 0.012
5 3 5 818.879 818.879 3.750 3.750 -0.026 0.013
6 1 1 859.943 859.943 2.092 2.092 0.002 0.001
6 1 2 852.314 852.314 2.070 2.070 -0.002 0.002
6 1 3 843.475 843.475 2.312 2.312 0.001 0.002
6 1 4 837.169 837.169 2.262 2.262 -0.005 0.003
6 1 5 827.382 827.382 2.310 2.310 0.001 0.003
6 1 6 814.420 814.420 2.422 2.422 0.000 0.004
6 1 7 800.252 800.252 2.269 2.269 -0.021 0.004
6 1 8 795.106 795.106 2.296 2.296 -0.013 0.005
6 1 9 787.849 787.849 2.279 2.279 -0.010 0.005
6 1 10 782.089 782.089 2.036 2.036 -0.014 0.006
6 1 11 782.723 782.723 2.045 2.045 -0.023 0.006
6 1 12 789.306 789.306 2.145 2.145 -0.025 0.006
6 1 13 794.942 794.942 2.305 2.305 -0.021 0.006
6 1 14 807.563 807.563 2.477 2.477 -0.026 0.007
6 1 15 812.441 812.441 2.904 2.904 -0.031 0.007
6 1 16 836.041 836.041 3.573 3.573 -0.036 0.008
6 1 17 847.879 847.879 4.088 4.088 -0.036 0.008
6 1 18 855.183 855.183 4.735 4.735 -0.037 0.008
6 1 19 866.243 866.243 5.982 5.982 -0.041 0.009
6 1 20 871.460 871.460 6.967 6.967 -0.034 0.009
6 1 21 887.459 887.459 9.154 9.154 -0.039 0.010
6 1 22 852.728 852.728 5.302 5.302 -0.037 0.011
6 1 23 835.391 835.391 4.355 4.355 -0.047 0.011
6 2 1 2085.810 2085.810 9.238 9.238 -0.001 0.001
6 2 2 2069.445 2069.445 7.287 7.287 0.003 0.001
6 2 3 2078.805 2078.805 7.744 7.744 0.003 0.001
6 2 4 2063.287 2063.287 8.420 8.420 0.002 0.001
6 2 5 2062.198 2062.198 7.452 7.452 0.001 0.002
6 2 6 2046.357 2046.357 7.455 7.455 0.001 0.002
6 2 7 2041.263 2041.263 7.226 7.226 0.001 0.002
6 2 8 2032.757 2032.757 6.603 6.603 -0.002 0.002
6 2 9 2020.510 2020.510 7.569 7.569 0.004 0.002
6 2 10 2019.527 2019.527 7.441 7.441 -0.002 0.003
6 2 11 2013.008 2013.008 7.234 7.234 0.003 0.003
6 2 12 2013.845 2013.845 7.649 7.649 0.005 0.003
6 2 13 1999.658 1999.658 7.980 7.980 0.000 0.003
6 2 14 1992.602 1992.602 7.184 7.184 -0.003 0.003
6 2 15 1981.196 1981.196 8.266 8.266 0.009 0.004
6 2 16 1960.975 1960.975 7.712 7.712 -0.000 0.004
6 2 17 1935.684 1935.684 7.711 7.711 0.007 0.004
6 2 18 1964.472 1964.472 7.885 7.885 0.002 0.004
6 2 19 1942.250 1942.250 7.653 7.653 -0.000 0.005
6 2 20 1935.058 1935.058 7.742 7.742 -0.011 0.005
6 2 21 1930.092 1930.092 7.163 7.163 -0.005 0.005
6 2 22 1928.724 1928.724 7.681 7.681 -0.003 0.005
6 2 23 1930.598 1930.598 7.014 7.014 -0.012 0.005
6 2 24 1929.402 1929.402 7.228 7.228 -0.004 0.005
6 2 25 1908.145 1908.145 6.727 6.727 0.004 0.005
6 2 26 1928.702 1928.702 7.217 7.217 -0.007 0.005
6 2 27 1913.599 1913.599 6.483 6.483 -0.005 0.006
6 2 28 1910.154 1910.154 6.437 6.437 -0.007 0.006
6 2 29 1928.276 1928.276 6.703 6.703 -0.011 0.006
6 2 30 1915.525 1915.525 6.261 6.261 -0.013 0.006
6 2 31 1927.274 1927.274 6.178 6.178 -0.004 0.006
6 2 32 1939.361 1939.361 6.227 6.227 -0.011 0.006
6 2 33 1919.327 1919.327 6.603 6.603 -0.022 0.006
6 2 34 1948.176 1948.176 7.521 7.521 -0.010 0.006
6 2 35 1950.375 1950.375 7.532 7.532 -0.001 0.006
6 2 36 1962.252 1962.252 8.167 8.167 -0.021 0.006
6 2 37 1965.745 1965.745 8.681 8.681 -0.013 0.006
6 2 38 1971.411 1971.411 8.630 8.630 -0.020 0.006
6 2 39 1974.013 1974.013 8.771 8.771 -0.008 0.006
6 2 40 1988.172 1988.172 9.798 9.798 -0.017 0.006
6 2 41 2017.102 2017.102 9.789 9.789 -0.035 0.007
6 2 42 2002.113 2002.113 10.785 10.785 -0.023 0.007
6 2 43 1996.426 1996.426 13.840 13.840 -0.008 0.007
6 2 44 2014.307 2014.307 12.988 12.988 -0.020 0.007
6 2 45 2023.719 2023.719 12.348 12.348 -0.019 0.007
6 2 46 2035.369 2035.369 14.208 14.208 -0.005 0.007
6 2 47 2061.154 2061.154 17.601 17.601 -0.026 0.007
6 2 48 2020.688 2020.688 16.084 16.084 -0.001 0.007
6 2 49 2033.128 2033.128 17.084 17.084 -0.010 0.008
6 2 50 2114.153 2114.153 31.117 31.117 -0.012 0.008
6 2 51 2030.683 2030.683 16.871 16.871 -0.022 0.007
6 2 52 2033.792 2033.792 17.461 17.461 -0.010 0.008
6 2 53 2068.322 2068.322 23.884 23.884 -0.031 0.008
6 2 54 2046.353 2046.353 19.493 19.493 -0.016 0.008
6 2 55 2016.302 2016.302 16.392 16.392 -0.010 0.008
6 2 56 2082.884 2082.884 26.636 26.636 -0.015 0.008
6 2 57 2060.067 2060.067 21.073 21.073 -0.021 0.009
6 2 58 2012.717 2012.717 20.149 20.149 -0.018 0.009
6 2 59 2030.815 2030.815 18.861 18.861 -0.024 0.009
6 2 60 2052.095 2052.095 18.840 18.840 -0.027 0.009
6 2 61 2094.671 2094.671 22.546 22.546 -0.020 0.009
6 2 62 2040.960 2040.960 21.247 21.247 -0.002 0.009
6 3 1 773.377 773.377 2.111 2.111 -0.035 0.010
6 3 2 771.487 771.487 1.757 1.757 -0.040 0.010
6 3 3 778.693 778.693 1.996 1.996 -0.027 0.011
6 3 4 796.885 796.885 3.039 3.039 -0.026 0.013
6 3 5 817.460 817.460 3.527 3.527 -0.022 0.015
