1 1 1 133.062 133.062 995.008 995.008 0.000
1 1 2 137.041 137.041 1061.068 1061.068 0.000
1 1 3 141.019 141.019 1129.331 1129.331 0.000
1 1 4 144.997 144.997 1199.802 1199.802 0.000
1 1 5 148.976 148.976 1272.485 1272.485 0.000
1 1 6 151.704 151.704 1323.614 1323.614 0.000
1 1 7 155.682 155.682 1400.040 1400.040 0.000
1 1 8 159.661 159.661 1478.692 1478.692 0.000
1 1 9 163.639 163.639 1559.575 1559.575 0.000
1 1 10 167.617 167.617 1642.694 1642.694 0.000
1 1 11 171.596 171.596 1728.054 1728.054 0.000
1 1 12 175.574 175.574 1815.659 1815.659 0.000
1 1 13 179.553 179.553 1905.514 1905.514 0.000
1 1 14 183.531 183.531 1997.625 1997.625 0.000
1 1 15 187.509 187.509 2091.994 2091.994 0.000
1 1 16 191.488 191.488 2188.629 2188.629 0.000
1 1 17 195.466 195.466 2287.532 2287.532 0.000
1 1 18 199.444 199.444 2388.709 2388.709 0.000
1 1 19 203.423 203.423 2492.164 2492.164 0.000
1 1 20 190.119 190.119 3482.162 3482.162 -0.017
1 1 21 211.379 211.379 2705.928 2705.928 0.000
1 1 22 215.358 215.358 2816.246 2816.246 0.000
1 1 23 219.336 219.336 2928.862 2928.862 0.000
1 2 1 139.062 139.062 1095.474 1095.474 0.000
1 2 2 143.139 143.139 1166.603 1166.603 0.000
1 2 3 147.215 147.215 1240.054 1240.054 0.000
1 2 4 151.292 151.292 1315.831 1315.831 0.000
1 2 5 155.369 155.369 1393.940 1393.940 0.000
1 2 6 159.446 159.446 1474.387 1474.387 0.000
1 2 7 163.523 163.523 1557.176 1557.176 0.000
1 2 8 167.599 167.599 1642.313 1642.313 0.000
1 2 9 171.676 171.676 1729.803 1729.803 0.000
1 2 10 175.753 175.753 1819.652 1819.652 0.000
1 2 11 179.830 179.830 1911.863 1911.863 0.000
1 2 12 183.907 183.907 2006.443 2006.443 0.000
1 2 13 187.983 187.983 2103.396 2103.396 0.000
1 2 14 192.060 192.060 2202.727 2202.727 0.000
1 2 15 196.137 196.137 2304.442 2304.442 0.000
1 2 16 200.214 200.214 2408.545 2408.545 0.000
1 2 17 204.291 204.291 2515.041 2515.041 0.000
1 2 18 180.290 180.290 3088.816 3088.816 0.024
1 2 19 212.444 212.444 2735.234 2735.234 0.000
1 2 20 216.521 216.521 2848.942 2848.942 0.000
1 2 21 220.598 220.598 2965.063 2965.063 0.000
1 2 22 224.675 224.675 3083.602 3083.602 0.000
1 2 23 228.751 228.751 3204.567 3204.567 0.000
1 2 24 232.828 232.828 3327.960 3327.960 0.000
1 2 25 236.905 236.905 3453.789 3453.789 0.000
1 2 26 240.982 240.982 3582.058 3582.058 0.000
1 2 27 245.059 245.059 3712.772 3712.772 0.000
1 2 28 249.135 249.135 3845.938 3845.938 0.000
1 2 29 253.212 253.212 3981.561 3981.561 0.000
1 2 30 257.289 257.289 4119.646 4119.646 0.000
1 2 31 261.366 261.366 4260.199 4260.199 0.000
1 2 32 265.443 265.443 4403.227 4403.227 0.000
1 2 33 269.519 269.519 4548.735 4548.735 0.000
1 2 34 273.596 273.596 4696.729 4696.729 0.000
1 2 35 277.673 277.673 4847.216 4847.216 0.000
1 2 36 281.750 281.750 5000.202 5000.202 0.000
1 2 37 285.827 285.827 5155.694 5155.694 0.000
1 2 38 289.903 289.903 5313.698 5313.698 0.000
1 2 39 293.980 293.980 5474.222 5474.222 0.000
1 2 40 298.057 298.057 5637.272 5637.272 0.000
1 2 41 302.134 302.134 5802.856 5802.856 0.000
1 2 42 306.211 306.211 5970.981 5970.981 0.000
1 2 43 310.287 310.287 6141.655 6141.655 0.000
1 2 44 314.364 314.364 6314.886 6314.886 0.000
1 2 45 318.441 318.441 6490.682 6490.682 0.000
1 2 46 322.518 322.518 6669.053 6669.053 0.000
1 2 47 326.595 326.595 6850.006 6850.006 0.000
1 2 48 330.671 330.671 7033.551 7033.551 0.000
1 2 49 334.748 334.748 7219.699 7219.699 0.000
1 2 50 359.167 359.167 6949.703 6949.703 0.012
1 2 51 296.069 296.069 7260.536 7260.536 -0.014
1 2 52 346.979 346.979 7793.853 7793.853 0.000
1 2 53 351.055 351.055 7990.513 7990.513 0.000
1 2 54 355.132 355.132 8189.829 8189.829 0.000
1 2 55 359.209 359.209 8391.815 8391.815 0.000
1 2 56 363.286 363.286 8596.484 8596.484 0.000
1 2 57 367.363 367.363 8803.850 8803.850 0.000
1 2 58 371.439 371.439 9013.929 9013.929 0.000
1 2 59 375.516 375.516 9226.735 9226.735 0.000
1 2 60 379.593 379.593 9442.287 9442.287 0.000
1 2 61 383.670 383.670 9660.601 9660.601 0.000
1 2 62 387.747 387.747 9881.699 9881.699 0.000
1 3 1 302.248 302.248 6041.214 6041.214 -0.062
1 3 2 221.598 221.598 2993.904 2993.904 0.000
1 3 3 240.315 240.315 206.748 206.748 -0.020
1 3 4 247.916 247.916 174.355 174.355 -0.002
1 3 5 231.936 231.936 3300.752 3300.752 0.000
2 1 1 133.062 133.062 995.008 995.008 0.000
2 1 2 137.041 137.041 1061.068 1061.068 0.000
2 1 3 141.019 141.019 1129.331 1129.331 0.000
2 1 4 144.997 144.997 1199.802 1199.802 0.000
2 1 5 148.976 148.976 1272.485 1272.485 0.000
2 1 6 151.704 151.704 1323.614 1323.614 0.000
2 1 7 155.682 155.682 1400.040 1400.040 0.000
2 1 8 159.661 159.661 1478.692 1478.692 0.000
2 1 9 163.639 163.639 1559.575 1559.575 0.000
2 1 10 167.617 167.617 1642.694 1642.694 0.000
2 1 11 171.596 171.596 1728.054 1728.054 0.000
2 1 12 175.574 175.574 1815.659 1815.659 0.000
2 1 13 179.553 179.553 1905.514 1905.514 0.000
2 1 14 183.531 183.531 1997.625 1997.625 0.000
2 1 15 187.509 187.509 2091.994 2091.994 0.000
2 1 16 191.488 191.488 2188.629 2188.629 0.000
2 1 17 195.466 195.466 2287.532 2287.532 0.000
2 1 18 199.444 199.444 2388.709 2388.709 0.000
2 1 19 203.423 203.423 2492.164 2492.164 0.000
2 1 20 207.401 207.401 2597.902 2597.902 0.000
2 1 21 211.379 211.379 2705.928 2705.928 0.000
2 1 22 215.358 215.358 2816.246 2816.246 0.000
2 1 23 219.336 219.336 2928.862 2928.862 0.000
2 2 1 139.062 139.062 1095.474 1095.474 0.000
2 2 2 143.139 143.139 1166.603 1166.603 0.000
2 2 3 147.215 147.215 1240.054 1240.054 0.000
2 2 4 151.292 151.292 1315.831 1315.831 0.000
2 2 5 155.369 155.369 1393.940 1393.940 0.000
2 2 6 159.446 159.446 1474.387 1474.387 0.000
2 2 7 163.523 163.523 1557.176 1557.176 0.000
2 2 8 167.599 167.599 1642.313 1642.313 0.000
2 2 9 171.676 171.676 1729.803 1729.803 0.000
2 2 10 175.753 175.753 1819.652 1819.652 0.000
2 2 11 179.830 179.830 1911.863 1911.863 0.000
2 2 12 183.907 183.907 2006.443 2006.443 0.000
2 2 13 187.983 187.983 2103.396 2103.396 0.000
2 2 14 192.060 192.060 2202.727 2202.727 0.000
2 2 15 196.137 196.137 2304.442 2304.442 0.000
2 2 16 200.214 200.214 2408.545 2408.545 0.000
2 2 17 204.291 204.291 2515.041 2515.041 0.000
2 2 18 208.367 208.367 2623.936 2623.936 0.000
2 2 19 212.444 212.444 2735.234 2735.234 0.000
2 2 20 216.521 216.521 2848.942 2848.942 0.000
2 2 21 220.598 220.598 2965.063 2965.063 0.000
2 2 22 224.675 224.675 3083.602 3083.602 0.000
2 2 23 228.751 228.751 3204.567 3204.567 0.000
2 2 24 232.828 232.828 3327.960 3327.960 0.000
2 2 25 236.905 236.905 3453.789 3453.789 0.000
2 2 26 240.982 240.982 3582.058 3582.058 0.000
2 2 27 245.059 245.059 3712.772 3712.772 0.000
2 2 28 249.135 249.135 3845.938 3845.938 0.000
2 2 29 253.212 253.212 3981.561 3981.561 0.000
2 2 30 257.289 257.289 4119.646 4119.646 0.000
2 2 31 261.366 261.366 4260.199 4260.199 0.000
2 2 32 265.443 265.443 4403.227 4403.227 0.000
2 2 33 269.519 269.519 4548.735 4548.735 0.000
2 2 34 273.596 273.596 4696.729 4696.729 0.000
2 2 35 277.673 277.673 4847.216 4847.216 0.000
2 2 36 281.750 281.750 5000.202 5000.202 0.000
2 2 37 285.827 285.827 5155.694 5155.694 0.000
2 2 38 289.903 289.903 5313.698 5313.698 0.000
2 2 39 293.980 293.980 5474.222 5474.222 0.000
2 2 40 298.057 298.057 5637.272 5637.272 0.000
2 2 41 302.134 302.134 5802.856 5802.856 0.000
2 2 42 306.211 306.211 5970.981 5970.981 0.000
2 2 43 310.287 310.287 6141.655 6141.655 0.000
2 2 44 314.364 314.364 6314.886 6314.886 0.000
2 2 45 318.441 318.441 6490.682 6490.682 0.000
2 2 46 322.518 322.518 6669.053 6669.053 0.000
2 2 47 326.595 326.595 6850.006 6850.006 0.000
2 2 48 330.671 330.671 7033.551 7033.551 0.000
2 2 49 334.748 334.748 7219.699 7219.699 0.000
2 2 50 338.825 338.825 7408.458 7408.458 0.000
2 2 51 342.902 342.902 7599.839 7599.839 0.000
2 2 52 346.979 346.979 7793.853 7793.853 0.000
2 2 53 351.055 351.055 7990.513 7990.513 0.000
2 2 54 355.132 355.132 8189.829 8189.829 0.000
2 2 55 359.209 359.209 8391.815 8391.815 0.000
2 2 56 363.286 363.286 8596.484 8596.484 0.000
2 2 57 367.363 367.363 8803.850 8803.850 0.000
2 2 58 371.439 371.439 9013.929 9013.929 0.000
2 2 59 375.516 375.516 9226.735 9226.735 0.000
2 2 60 379.593 379.593 9442.287 9442.287 0.000
2 2 61 383.670 383.670 9660.601 9660.601 0.000
2 2 62 387.747 387.747 9881.699 9881.699 0.000
2 3 1 218.151 218.151 2895.085 2895.085 0.000
2 3 2 221.598 221.598 2993.904 2993.904 0.000
2 3 3 225.044 225.044 3094.453 3094.453 0.000
2 3 4 228.490 228.490 3196.735 3196.735 0.000
2 3 5 231.936 231.936 3300.752 3300.752 0.000
3 1 1 133.062 133.062 995.008 995.008 0.000
3 1 2 137.041 137.041 1061.068 1061.068 0.000
3 1 3 141.019 141.019 1129.331 1129.331 0.000
3 1 4 144.997 144.997 1199.802 1199.802 0.000
3 1 5 148.976 148.976 1272.485 1272.485 0.000
3 1 6 151.704 151.704 1323.614 1323.614 0.000
3 1 7 155.682 155.682 1400.040 1400.040 0.000
3 1 8 159.661 159.661 1478.692 1478.692 0.000
3 1 9 163.639 163.639 1559.575 1559.575 0.000
3 1 10 167.617 167.617 1642.694 1642.694 0.000
3 1 11 171.596 171.596 1728.054 1728.054 0.000
3 1 12 136.501 136.501 1572.013 1572.013 0.017
3 1 13 179.553 179.553 1905.514 1905.514 0.000
3 1 14 183.531 183.531 1997.625 1997.625 0.000
3 1 15 187.509 187.509 2091.994 2091.994 0.000
3 1 16 191.488 191.488 2188.629 2188.629 0.000
3 1 17 195.466 195.466 2287.532 2287.532 0.000
3 1 18 199.444 199.444 2388.709 2388.709 0.000
3 1 19 203.423 203.423 2492.164 2492.164 0.000
3 1 20 207.401 207.401 2597.902 2597.902 0.000
3 1 21 198.205 198.205 1984.307 1984.307 -0.025
3 1 22 14.694 14.694 14.719 14.719 0.042
3 1 23 219.336 219.336 2928.862 2928.862 0.000
3 2 1 139.062 139.062 1095.474 1095.474 0.000
3 2 2 143.139 143.139 1166.603 1166.603 0.000
3 2 3 147.215 147.215 1240.054 1240.054 0.000
3 2 4 151.292 151.292 1315.831 1315.831 0.000
3 2 5 155.369 155.369 1393.940 1393.940 0.000
3 2 6 159.446 159.446 1474.387 1474.387 0.000
3 2 7 163.523 163.523 1557.176 1557.176 0.000
3 2 8 167.599 167.599 1642.313 1642.313 0.000
3 2 9 171.676 171.676 1729.803 1729.803 0.000
3 2 10 175.753 175.753 1819.652 1819.652 0.000
3 2 11 179.830 179.830 1911.863 1911.863 0.000
3 2 12 183.907 183.907 2006.443 2006.443 0.000
3 2 13 187.983 187.983 2103.396 2103.396 0.000
3 2 14 192.060 192.060 2202.727 2202.727 0.000
3 2 15 196.137 196.137 2304.442 2304.442 0.000
3 2 16 200.214 200.214 2408.545 2408.545 0.000
3 2 17 204.291 204.291 2515.041 2515.041 0.000
3 2 18 208.367 208.367 2623.936 2623.936 0.000
3 2 19 212.444 212.444 2735.234 2735.234 0.000
3 2 20 216.521 216.521 2848.942 2848.942 0.000
3 2 21 220.598 220.598 2965.063 2965.063 0.000
3 2 22 224.675 224.675 3083.602 3083.602 0.000
3 2 23 228.751 228.751 3204.567 3204.567 0.000
3 2 24 232.828 232.828 3327.960 3327.960 0.000
3 2 25 213.224 213.224 2288.766 2288.766 -0.047
3 2 26 240.982 240.982 3582.058 3582.058 0.000
3 2 27 245.059 245.059 3712.772 3712.772 0.000
3 2 28 249.135 249.135 3845.938 3845.938 0.000
3 2 29 253.212 253.212 3981.561 3981.561 0.000
3 2 30 257.289 257.289 4119.646 4119.646 0.000
3 2 31 261.366 261.366 4260.199 4260.199 0.000
3 2 32 265.443 265.443 4403.227 4403.227 0.000
3 2 33 269.519 269.519 4548.735 4548.735 0.000
3 2 34 273.596 273.596 4696.729 4696.729 0.000
3 2 35 277.673 277.673 4847.216 4847.216 0.000
3 2 36 281.750 281.750 5000.202 5000.202 0.000
3 2 37 285.827 285.827 5155.694 5155.694 0.000
3 2 38 289.903 289.903 5313.698 5313.698 0.000
3 2 39 293.980 293.980 5474.222 5474.222 0.000
3 2 40 298.057 298.057 5637.272 5637.272 0.000
3 2 41 302.134 302.134 5802.856 5802.856 0.000
3 2 42 306.211 306.211 5970.981 5970.981 0.000
3 2 43 310.287 310.287 6141.655 6141.655 0.000
3 2 44 314.364 314.364 6314.886 6314.886 0.000
3 2 45 318.441 318.441 6490.682 6490.682 0.000
3 2 46 322.518 322.518 6669.053 6669.053 0.000
3 2 47 326.595 326.595 6850.006 6850.006 0.000
3 2 48 330.671 330.671 7033.551 7033.551 0.000
3 2 49 334.748 334.748 7219.699 7219.699 0.000
3 2 50 338.825 338.825 7408.458 7408.458 0.000
3 2 51 342.902 342.902 7599.839 7599.839 0.000
3 2 52 346.979 346.979 7793.853 7793.853 0.000
3 2 53 351.055 351.055 7990.513 7990.513 0.000
3 2 54 355.132 355.132 8189.829 8189.829 0.000
3 2 55 201.612 201.612 2051.798 2051.798 -0.000
3 2 56 363.286 363.286 8596.484 8596.484 0.000
3 2 57 367.363 367.363 8803.850 8803.850 0.000
3 2 58 371.439 371.439 9013.929 9013.929 0.000
3 2 59 375.516 375.516 9226.735 9226.735 0.000
3 2 60 379.593 379.593 9442.287 9442.287 0.000
3 2 61 383.670 383.670 9660.601 9660.601 0.000
3 2 62 387.747 387.747 9881.699 9881.699 0.000
3 3 1 212.429 212.429 226.448 226.448 0.007
3 3 2 229.673 229.673 181.092 181.092 -0.023
3 3 3 242.716 242.716 4051.924 4051.924 0.003
3 3 4 217.782 217.782 383.021 383.021 0.025
3 3 5 231.741 231.741 4901.113 4901.113 -0.001
4 1 1 133.062 133.062 995.008 995.008 0.000
4 1 2 137.041 137.041 1061.068 1061.068 0.000
4 1 3 141.019 141.019 1129.331 1129.331 0.000
4 1 4 144.997 144.997 1199.802 1199.802 0.000
4 1 5 148.976 148.976 1272.485 1272.485 0.000
4 1 6 151.704 151.704 1323.614 1323.614 0.000
4 1 7 155.682 155.682 1400.040 1400.040 0.000
4 1 8 159.661 159.661 1478.692 1478.692 0.000
4 1 9 163.639 163.639 1559.575 1559.575 0.000
4 1 10 167.617 167.617 1642.694 1642.694 0.000
4 1 11 171.596 171.596 1728.054 1728.054 0.000
4 1 12 175.574 175.574 1815.659 1815.659 0.000
4 1 13 179.553 179.553 1905.514 1905.514 0.000
4 1 14 183.531 183.531 1997.625 1997.625 0.000
4 1 15 187.509 187.509 2091.994 2091.994 0.000
4 1 16 191.488 191.488 2188.629 2188.629 0.000
4 1 17 195.466 195.466 2287.532 2287.532 0.000
4 1 18 195.037 195.037 2037.274 2037.274 0.014
4 1 19 203.423 203.423 2492.164 2492.164 0.000
4 1 20 207.401 207.401 2597.902 2597.902 0.000
4 1 21 211.379 211.379 2705.928 2705.928 0.000
4 1 22 215.358 215.358 2816.246 2816.246 0.000
4 1 23 219.336 219.336 2928.862 2928.862 0.000
4 2 1 139.062 139.062 1095.474 1095.474 0.000
4 2 2 143.139 143.139 1166.603 1166.603 0.000
4 2 3 147.215 147.215 1240.054 1240.054 0.000
4 2 4 151.292 151.292 1315.831 1315.831 0.000
4 2 5 155.369 155.369 1393.940 1393.940 0.000
4 2 6 159.446 159.446 1474.387 1474.387 0.000
4 2 7 163.523 163.523 1557.176 1557.176 0.000
4 2 8 167.599 167.599 1642.313 1642.313 0.000
4 2 9 171.676 171.676 1729.803 1729.803 0.000
4 2 10 175.753 175.753 1819.652 1819.652 0.000
4 2 11 179.830 179.830 1911.863 1911.863 0.000
4 2 12 183.907 183.907 2006.443 2006.443 0.000
4 2 13 187.983 187.983 2103.396 2103.396 0.000
4 2 14 192.060 192.060 2202.727 2202.727 0.000
4 2 15 196.137 196.137 2304.442 2304.442 0.000
4 2 16 200.214 200.214 2408.545 2408.545 0.000
4 2 17 204.291 204.291 2515.041 2515.041 0.000
4 2 18 208.367 208.367 2623.936 2623.936 0.000
4 2 19 212.444 212.444 2735.234 2735.234 0.000
4 2 20 216.521 216.521 2848.942 2848.942 0.000
4 2 21 220.598 220.598 2965.063 2965.063 0.000
4 2 22 224.675 224.675 3083.602 3083.602 0.000
4 2 23 228.751 228.751 3204.567 3204.567 0.000
4 2 24 232.828 232.828 3327.960 3327.960 0.000
4 2 25 236.905 236.905 3453.789 3453.789 0.000
4 2 26 240.982 240.982 3582.058 3582.058 0.000
4 2 27 245.059 245.059 3712.772 3712.772 0.000
4 2 28 249.135 249.135 3845.938 3845.938 0.000
4 2 29 253.212 253.212 3981.561 3981.561 0.000
4 2 30 257.289 257.289 4119.646 4119.646 0.000
4 2 31 261.366 261.366 4260.199 4260.199 0.000
4 2 32 265.443 265.443 4403.227 4403.227 0.000
4 2 33 269.519 269.519 4548.735 4548.735 0.000
4 2 34 273.596 273.596 4696.729 4696.729 0.000
4 2 35 277.673 277.673 4847.216 4847.216 0.000
4 2 36 281.750 281.750 5000.202 5000.202 0.000
4 2 37 285.827 285.827 5155.694 5155.694 0.000
4 2 38 289.903 289.903 5313.698 5313.698 0.000
4 2 39 293.980 293.980 5474.222 5474.222 0.000
4 2 40 298.057 298.057 5637.272 5637.272 0.000
4 2 41 302.134 302.134 5802.856 5802.856 0.000
4 2 42 306.211 306.211 5970.981 5970.981 0.000
4 2 43 310.287 310.287 6141.655 6141.655 0.000
4 2 44 314.364 314.364 6314.886 6314.886 0.000
4 2 45 318.441 318.441 6490.682 6490.682 0.000
4 2 46 322.518 322.518 6669.053 6669.053 0.000
4 2 47 326.595 326.595 6850.006 6850.006 0.000
4 2 48 330.671 330.671 7033.551 7033.551 0.000
4 2 49 331.633 331.633 5879.975 5879.975 0.006
4 2 50 68.801 68.801 432.504 432.504 -0.001
4 2 51 342.902 342.902 7599.839 7599.839 0.000
4 2 52 346.979 346.979 7793.853 7793.853 0.000
4 2 53 351.055 351.055 7990.513 7990.513 0.000
4 2 54 355.132 355.132 8189.829 8189.829 0.000
4 2 55 359.209 359.209 8391.815 8391.815 0.000
4 2 56 374.053 374.053 6908.663 6908.663 -0.020
4 2 57 351.397 351.397 6250.910 6250.910 -0.024
4 2 58 371.439 371.439 9013.929 9013.929 0.000
4 2 59 266.743 266.743 363.417 363.417 -0.030
4 2 60 379.593 379.593 9442.287 9442.287 0.000
4 2 61 383.670 383.670 9660.601 9660.601 0.000
4 2 62 387.747 387.747 9881.699 9881.699 0.000
4 3 1 257.980 257.980 1320.916 1320.916 -0.151
4 3 2 227.709 227.709 199.379 199.379 -0.024
4 3 3 214.928 214.928 149.029 149.029 -0.012
4 3 4 228.490 228.490 3196.735 3196.735 0.000
4 3 5 235.061 235.061 3445.053 3445.053 0.010
5 1 1 133.062 133.062 995.008 995.008 0.000
5 1 2 137.041 137.041 1061.068 1061.068 0.000
5 1 3 141.019 141.019 1129.331 1129.331 0.000
5 1 4 144.997 144.997 1199.802 1199.802 0.000
5 1 5 148.976 148.976 1272.485 1272.485 0.000
5 1 6 151.704 151.704 1323.614 1323.614 0.000
5 1 7 155.682 155.682 1400.040 1400.040 0.000
5 1 8 159.661 159.661 1478.692 1478.692 0.000
5 1 9 163.639 163.639 1559.575 1559.575 0.000
5 1 10 167.617 167.617 1642.694 1642.694 0.000
5 1 11 171.596 171.596 1728.054 1728.054 0.000
5 1 12 175.574 175.574 1815.659 1815.659 0.000
5 1 13 179.553 179.553 1905.514 1905.514 0.000
5 1 14 183.531 183.531 1997.625 1997.625 0.000
5 1 15 187.509 187.509 2091.994 2091.994 0.000
5 1 16 191.488 191.488 2188.629 2188.629 0.000
5 1 17 195.466 195.466 2287.532 2287.532 0.000
5 1 18 199.444 199.444 2388.709 2388.709 0.000
5 1 19 203.423 203.423 2492.164 2492.164 0.000
5 1 20 207.401 207.401 2597.902 2597.902 0.000
5 1 21 211.379 211.379 2705.928 2705.928 0.000
5 1 22 215.358 215.358 2816.246 2816.246 0.000
5 1 23 215.727 215.727 2341.091 2341.091 0.008
5 2 1 139.062 139.062 1095.474 1095.474 0.000
5 2 2 143.139 143.139 1166.603 1166.603 0.000
5 2 3 147.215 147.215 1240.054 1240.054 0.000
5 2 4 151.292 151.292 1315.831 1315.831 0.000
5 2 5 155.369 155.369 1393.940 1393.940 0.000
5 2 6 159.446 159.446 1474.387 1474.387 0.000
5 2 7 163.523 163.523 1557.176 1557.176 0.000
5 2 8 167.599 167.599 1642.313 1642.313 0.000
5 2 9 171.676 171.676 1729.803 1729.803 0.000
5 2 10 175.753 175.753 1819.652 1819.652 0.000
5 2 11 179.830 179.830 1911.863 1911.863 0.000
5 2 12 183.907 183.907 2006.443 2006.443 0.000
5 2 13 187.983 187.983 2103.396 2103.396 0.000
5 2 14 192.060 192.060 2202.727 2202.727 0.000
5 2 15 198.191 198.191 2155.142 2155.142 -0.004
5 2 16 200.214 200.214 2408.545 2408.545 0.000
5 2 17 204.291 204.291 2515.041 2515.041 0.000
5 2 18 208.367 208.367 2623.936 2623.936 0.000
5 2 19 212.444 212.444 2735.234 2735.234 0.000
5 2 20 216.521 216.521 2848.942 2848.942 0.000
5 2 21 220.598 220.598 2965.063 2965.063 0.000
5 2 22 224.675 224.675 3083.602 3083.602 0.000
5 2 23 228.751 228.751 3204.567 3204.567 0.000
5 2 24 232.828 232.828 3327.960 3327.960 0.000
5 2 25 236.905 236.905 3453.789 3453.789 0.000
5 2 26 240.982 240.982 3582.058 3582.058 0.000
5 2 27 245.059 245.059 3712.772 3712.772 0.000
5 2 28 249.135 249.135 3845.938 3845.938 0.000
5 2 29 253.212 253.212 3981.561 3981.561 0.000
5 2 30 257.289 257.289 4119.646 4119.646 0.000
5 2 31 261.366 261.366 4260.199 4260.199 0.000
5 2 32 265.443 265.443 4403.227 4403.227 0.000
5 2 33 269.519 269.519 4548.735 4548.735 0.000
5 2 34 273.596 273.596 4696.729 4696.729 0.000
5 2 35 277.673 277.673 4847.216 4847.216 0.000
5 2 36 281.750 281.750 5000.202 5000.202 0.000
5 2 37 285.827 285.827 5155.694 5155.694 0.000
5 2 38 289.903 289.903 5313.698 5313.698 0.000
5 2 39 293.980 293.980 5474.222 5474.222 0.000
5 2 40 298.057 298.057 5637.272 5637.272 0.000
5 2 41 302.134 302.134 5802.856 5802.856 0.000
5 2 42 306.211 306.211 5970.981 5970.981 0.000
5 2 43 310.287 310.287 6141.655 6141.655 0.000
5 2 44 314.364 314.364 6314.886 6314.886 0.000
5 2 45 318.441 318.441 6490.682 6490.682 0.000
5 2 46 322.518 322.518 6669.053 6669.053 0.000
5 2 47 330.713 330.713 5386.677 5386.677 0.007
5 2 48 330.671 330.671 7033.551 7033.551 0.000
5 2 49 334.748 334.748 7219.699 7219.699 0.000
5 2 50 377.906 377.906 7042.210 7042.210 -0.096
5 2 51 342.902 342.902 7599.839 7599.839 0.000
5 2 52 346.979 346.979 7793.853 7793.853 0.000
5 2 53 341.619 341.619 11382.754 11382.754 -0.006
5 2 54 355.132 355.132 8189.829 8189.829 0.000
5 2 55 359.209 359.209 8391.815 8391.815 0.000
5 2 56 363.286 363.286 8596.484 8596.484 0.000
5 2 57 367.363 367.363 8803.850 8803.850 0.000
5 2 58 371.439 371.439 9013.929 9013.929 0.000
5 2 59 375.516 375.516 9226.735 9226.735 0.000
5 2 60 379.593 379.593 9442.287 9442.287 0.000
5 2 61 383.670 383.670 9660.601 9660.601 0.000
5 2 62 387.747 387.747 9881.699 9881.699 0.000
5 3 1 150.509 150.509 1409.422 1409.422 -0.317
5 3 2 218.259 218.259 158.661 158.661 0.008
5 3 3 227.170 227.170 159.187 159.187 -0.020
5 3 4 218.945 218.945 207.922 207.922 0.003
5 3 5 231.936 231.936 3300.752 3300.752 0.000
6 1 1 133.062 133.062 995.008 995.008 0.000
6 1 2 137.041 137.041 1061.068 1061.068 0.000
6 1 3 141.019 141.019 1129.331 1129.331 0.000
6 1 4 144.997 144.997 1199.802 1199.802 0.000
6 1 5 148.976 148.976 1272.485 1272.485 0.000
6 1 6 151.704 151.704 1323.614 1323.614 0.000
6 1 7 155.682 155.682 1400.040 1400.040 0.000
6 1 8 159.661 159.661 1478.692 1478.692 0.000
6 1 9 163.639 163.639 1559.575 1559.575 0.000
6 1 10 168.813 168.813 1426.511 1426.511 0.004
6 1 11 171.596 171.596 1728.054 1728.054 0.000
6 1 12 175.574 175.574 1815.659 1815.659 0.000
6 1 13 179.553 179.553 1905.514 1905.514 0.000
6 1 14 183.531 183.531 1997.625 1997.625 0.000
6 1 15 187.509 187.509 2091.994 2091.994 0.000
6 1 16 191.488 191.488 2188.629 2188.629 0.000
6 1 17 195.466 195.466 2287.532 2287.532 0.000
6 1 18 199.444 199.444 2388.709 2388.709 0.000
6 1 19 203.423 203.423 2492.164 2492.164 0.000
6 1 20 207.401 207.401 2597.902 2597.902 0.000
6 1 21 211.379 211.379 2705.928 2705.928 0.000
6 1 22 215.358 215.358 2816.246 2816.246 0.000
6 1 23 219.336 219.336 2928.862 2928.862 0.000
6 2 1 139.062 139.062 1095.474 1095.474 0.000
6 2 2 143.139 143.139 1166.603 1166.603 0.000
6 2 3 147.215 147.215 1240.054 1240.054 0.000
6 2 4 151.292 151.292 1315.831 1315.831 0.000
6 2 5 155.369 155.369 1393.940 1393.940 0.000
6 2 6 159.446 159.446 1474.387 1474.387 0.000
6 2 7 163.523 163.523 1557.176 1557.176 0.000
6 2 8 167.599 167.599 1642.313 1642.313 0.000
6 2 9 171.676 171.676 1729.803 1729.803 0.000
6 2 10 175.753 175.753 1819.652 1819.652 0.000
6 2 11 179.830 179.830 1911.863 1911.863 0.000
6 2 12 183.907 183.907 2006.443 2006.443 0.000
6 2 13 187.983 187.983 2103.396 2103.396 0.000
6 2 14 192.060 192.060 2202.727 2202.727 0.000
6 2 15 196.137 196.137 2304.442 2304.442 0.000
6 2 16 200.214 200.214 2408.545 2408.545 0.000
6 2 17 204.291 204.291 2515.041 2515.041 0.000
6 2 18 208.367 208.367 2623.936 2623.936 0.000
6 2 19 212.444 212.444 2735.234 2735.234 0.000
6 2 20 216.521 216.521 2848.942 2848.942 0.000
6 2 21 220.598 220.598 2965.063 2965.063 0.000
6 2 22 224.675 224.675 3083.602 3083.602 0.000
6 2 23 228.751 228.751 3204.567 3204.567 0.000
6 2 24 232.828 232.828 3327.960 3327.960 0.000
6 2 25 236.905 236.905 3453.789 3453.789 0.000
6 2 26 240.982 240.982 3582.058 3582.058 0.000
6 2 27 245.059 245.059 3712.772 3712.772 0.000
6 2 28 249.135 249.135 3845.938 3845.938 0.000
6 2 29 253.212 253.212 3981.561 3981.561 0.000
6 2 30 257.289 257.289 4119.646 4119.646 0.000
6 2 31 261.366 261.366 4260.199 4260.199 0.000
6 2 32 265.443 265.443 4403.227 4403.227 0.000
6 2 33 269.519 269.519 4548.735 4548.735 0.000
6 2 34 273.596 273.596 4696.729 4696.729 0.000
6 2 35 277.673 277.673 4847.216 4847.216 0.000
6 2 36 281.750 281.750 5000.202 5000.202 0.000
6 2 37 285.827 285.827 5155.694 5155.694 0.000
6 2 38 289.903 289.903 5313.698 5313.698 0.000
6 2 39 293.980 293.980 5474.222 5474.222 0.000
6 2 40 298.057 298.057 5637.272 5637.272 0.000
6 2 41 302.134 302.134 5802.856 5802.856 0.000
6 2 42 306.211 306.211 5970.981 5970.981 0.000
6 2 43 310.287 310.287 6141.655 6141.655 0.000
6 2 44 314.364 314.364 6314.886 6314.886 0.000
6 2 45 318.441 318.441 6490.682 6490.682 0.000
6 2 46 322.518 322.518 6669.053 6669.053 0.000
6 2 47 326.595 326.595 6850.006 6850.006 0.000
6 2 48 330.671 330.671 7033.551 7033.551 0.000
6 2 49 334.748 334.748 7219.699 7219.699 0.000
6 2 50 338.825 338.825 7408.458 7408.458 0.000
6 2 51 342.902 342.902 7599.839 7599.839 0.000
6 2 52 346.979 346.979 7793.853 7793.853 0.000
6 2 53 351.055 351.055 7990.513 7990.513 0.000
6 2 54 355.132 355.132 8189.829 8189.829 0.000
6 2 55 370.700 370.700 7210.720 7210.720 -0.027
6 2 56 363.286 363.286 8596.484 8596.484 0.000
6 2 57 367.363 367.363 8803.850 8803.850 0.000
6 2 58 371.439 371.439 9013.929 9013.929 0.000
6 2 59 375.516 375.516 9226.735 9226.735 0.000
6 2 60 215.508 215.508 2277.548 2277.548 -0.001
6 2 61 292.052 292.052 8102.792 8102.792 0.001
6 2 62 387.747 387.747 9881.699 9881.699 0.000
6 3 1 216.937 216.937 179.984 179.984 -0.020
6 3 2 227.004 227.004 189.326 189.326 -0.026
6 3 3 233.746 233.746 145.861 145.861 -0.022
6 3 4 218.325 218.325 194.609 194.609 0.020
6 3 5 227.220 227.220 3507.106 3507.106 -0.015
