  1   1   1   8.478046e+02    8.478046e+02    8.650821e+00    8.650821e+00    4.109749e-03    3.540555e-03  
  1   1   2   8.374341e+02    8.374341e+02    6.609466e+00    6.609466e+00    -2.488219e-03    4.482680e-03  
  1   1   3   8.311707e+02    8.311707e+02    7.519944e+00    7.519944e+00    5.574450e-03    5.366373e-03  
  1   1   4   8.336811e+02    8.336811e+02    6.414177e+00    6.414177e+00    -5.432836e-03    6.115808e-03  
  1   1   5   8.300082e+02    8.300082e+02    5.525043e+00    5.525043e+00    4.430380e-04    7.062843e-03  
  1   1   6   8.302717e+02    8.302717e+02    6.815001e+00    6.815001e+00    3.134583e-03    7.841817e-03  
  1   1   7   8.157284e+02    8.157284e+02    6.978294e+00    6.978294e+00    -1.045226e-02    9.149056e-03  
  1   1   8   7.926850e+02    7.926850e+02    9.734830e+00    9.734830e+00    -1.785247e-02    1.003059e-02  
  1   1   9   7.723173e+02    7.723173e+02    1.051776e+01    1.051776e+01    -1.761252e-02    1.101307e-02  
  1   1  10   8.021739e+02    8.021739e+02    1.047378e+01    1.047378e+01    -5.776173e-04    1.226949e-02  
  1   1  11   7.841569e+02    7.841569e+02    1.380245e+01    1.380245e+01    -1.306478e-03    1.313915e-02  
  1   1  12   7.632778e+02    7.632778e+02    1.754181e+01    1.754181e+01    -2.122720e-03    1.391895e-02  
  1   1  13   7.451327e+02    7.451327e+02    8.566710e+00    8.566710e+00    -1.060241e-03    1.553839e-02  
  1   1  14   7.143872e+02    7.143872e+02    2.189659e+01    2.189659e+01    -1.340363e-02    1.588497e-02  
  1   1  15   7.500035e+02    7.500035e+02    1.120686e+01    1.120686e+01    -1.725490e-02    1.680422e-02  
  1   1  16   7.041987e+02    7.041987e+02    2.531442e+01    2.531442e+01    -1.431632e-02    1.768544e-02  
  1   1  17   6.835338e+02    6.835338e+02    4.714011e+01    4.714011e+01    1.494949e-02    1.802066e-02  
  1   1  18   7.008599e+02    7.008599e+02    2.867932e+01    2.867932e+01    4.305575e-02    1.981671e-02  
  1   1  19   6.947817e+02    6.947817e+02    4.609294e+01    4.609294e+01    2.232558e-02    2.059129e-02  
  1   1  20   7.280196e+02    7.280196e+02    1.972123e+01    1.972123e+01    4.082445e-02    2.169328e-02  
  1   1  21   7.128161e+02    7.128161e+02    1.270896e+01    1.270896e+01    1.343772e-02    2.201493e-02  
  1   1  22   6.641698e+02    6.641698e+02    4.789842e+01    4.789842e+01    2.656512e-02    2.324711e-02  
  1   1  23   6.698011e+02    6.698011e+02    7.876013e+01    7.876013e+01    1.421384e-02    2.421864e-02  
  1   2   1   2.015812e+03    2.015812e+03    3.068503e+01    3.068503e+01    2.979943e-03    3.895215e-03  
  1   2   2   1.963243e+03    1.963243e+03    2.718506e+01    2.718506e+01    8.589263e-03    4.126145e-03  
  1   2   3   1.966456e+03    1.966456e+03    4.468618e+01    4.468618e+01    -1.027837e-03    4.380757e-03  
  1   2   4   2.048747e+03    2.048747e+03    3.654145e+01    3.654145e+01    -7.319305e-04    4.561465e-03  
  1   2   5   2.052764e+03    2.052764e+03    2.412340e+01    2.412340e+01    -2.057878e-03    4.947665e-03  
  1   2   6   2.103924e+03    2.103924e+03    2.334709e+01    2.334709e+01    5.223994e-03    5.244573e-03  
  1   2   7   1.998823e+03    1.998823e+03    3.025897e+01    3.025897e+01    1.751026e-03    5.423396e-03  
  1   2   8   2.056931e+03    2.056931e+03    1.653247e+01    1.653247e+01    4.079031e-04    5.655741e-03  
  1   2   9   2.041728e+03    2.041728e+03    2.577329e+01    2.577329e+01    1.995012e-03    5.860509e-03  
  1   2  10   2.027144e+03    2.027144e+03    2.382234e+01    2.382234e+01    -7.320891e-03    6.046823e-03  
  1   2  11   1.993780e+03    1.993780e+03    2.339568e+01    2.339568e+01    8.914684e-03    6.423324e-03  
  1   2  12   2.049275e+03    2.049275e+03    2.557351e+01    2.557351e+01    1.855072e-03    6.835991e-03  
  1   2  13   2.011914e+03    2.011914e+03    2.092284e+01    2.092284e+01    1.309438e-02    7.020887e-03  
  1   2  14   2.024192e+03    2.024192e+03    3.478145e+01    3.478145e+01    7.331269e-03    7.140422e-03  
  1   2  15   1.991027e+03    1.991027e+03    2.469385e+01    2.469385e+01    9.807356e-03    7.397503e-03  
  1   2  16   2.043397e+03    2.043397e+03    3.272517e+01    3.272517e+01    -1.043073e-02    7.554971e-03  
  1   2  17   1.985265e+03    1.985265e+03    2.730046e+01    2.730046e+01    9.269988e-04    7.752472e-03  
  1   2  18   2.006512e+03    2.006512e+03    2.627195e+01    2.627195e+01    -3.892701e-03    8.074391e-03  
  1   2  19   1.978401e+03    1.978401e+03    3.043670e+01    3.043670e+01    1.132216e-02    8.752281e-03  
  1   2  20   1.968510e+03    1.968510e+03    2.166415e+01    2.166415e+01    -1.878826e-02    8.846546e-03  
  1   2  21   1.875299e+03    1.875299e+03    2.955777e+01    2.955777e+01    -5.117493e-03    9.174822e-03  
  1   2  22   1.936109e+03    1.936109e+03    1.914610e+01    1.914610e+01    -1.523810e-02    9.395721e-03  
  1   2  23   1.944961e+03    1.944961e+03    2.676268e+01    2.676268e+01    3.475971e-03    9.555856e-03  
  1   2  24   1.978820e+03    1.978820e+03    1.926561e+01    1.926561e+01    -1.336658e-02    9.362118e-03  
  1   2  25   1.930627e+03    1.930627e+03    3.560120e+01    3.560120e+01    2.003955e-03    1.009265e-02  
  1   2  26   1.925138e+03    1.925138e+03    2.996812e+01    2.996812e+01    -9.538462e-03    9.741676e-03  
  1   2  27   1.936159e+03    1.936159e+03    3.468850e+01    3.468850e+01    -3.953186e-03    1.051954e-02  
  1   2  28   1.897489e+03    1.897489e+03    3.097217e+01    3.097217e+01    -2.104698e-02    1.066726e-02  
  1   2  29   1.907957e+03    1.907957e+03    3.886840e+01    3.886840e+01    -1.961644e-02    1.070896e-02  
  1   2  30   1.961042e+03    1.961042e+03    3.304764e+01    3.304764e+01    2.679169e-03    1.065789e-02  
  1   2  31   1.889878e+03    1.889878e+03    4.064426e+01    4.064426e+01    -2.493097e-02    1.104690e-02  
  1   2  32   1.950817e+03    1.950817e+03    4.925443e+01    4.925443e+01    2.141901e-04    1.141153e-02  
  1   2  33   1.818495e+03    1.818495e+03    5.707799e+01    5.707799e+01    -2.661123e-03    1.176458e-02  
  1   2  34   1.851599e+03    1.851599e+03    3.511921e+01    3.511921e+01    -1.075992e-03    1.148438e-02  
  1   2  35   2.200000e+03    2.200000e+03    3.262566e+03    3.262566e+03    -7.311828e-03    1.172629e-02  
  1   2  36   1.214337e+03    1.214337e+03    1.855647e+03    1.855647e+03    -1.658604e-02    1.187853e-02  
  1   2  37   1.854603e+03    1.854603e+03    5.884497e+01    5.884497e+01    1.975709e-02    1.205528e-02  
  1   2  38   1.833178e+03    1.833178e+03    4.462013e+01    4.462013e+01    -1.130194e-02    1.244396e-02  
  1   2  39   1.886021e+03    1.886021e+03    3.241172e+01    3.241172e+01    2.006969e-02    1.227566e-02  
  1   2  40   1.727677e+03    1.727677e+03    5.165094e+01    5.165094e+01    -6.153846e-04    1.220038e-02  
  1   2  41   1.849128e+03    1.849128e+03    6.103629e+01    6.103629e+01    1.726141e-02    1.277382e-02  
  1   2  42   1.878270e+03    1.878270e+03    3.955588e+01    3.955588e+01    -1.669291e-02    1.233871e-02  
  1   2  43   1.662325e+03    1.662325e+03    1.635389e+02    1.635389e+02    6.537634e-03    1.356447e-02  
  1   2  44   1.669193e+03    1.669193e+03    7.732617e+01    7.732617e+01    -4.841964e-03    1.234798e-02  
  1   2  45   1.727888e+03    1.727888e+03    2.215450e+02    2.215450e+02    -1.341317e-02    1.263864e-02  
  1   2  46   1.880601e+03    1.880601e+03    3.460835e+01    3.460835e+01    -2.888087e-03    1.347845e-02  
  1   2  47   1.800994e+03    1.800994e+03    6.536471e+01    6.536471e+01    4.204703e-03    1.307685e-02  
  1   2  48   1.746273e+03    1.746273e+03    1.075529e+02    1.075529e+02    -1.126761e-04    1.337622e-02  
  1   2  49   1.682124e+03    1.682124e+03    6.797114e+01    6.797114e+01    -1.255109e-02    1.288464e-02  
  1   2  50   1.613802e+03    1.613802e+03    4.669730e+02    4.669730e+02    -4.318182e-03    1.385943e-02  
  1   2  51   1.933375e+03    1.933375e+03    7.092831e+01    7.092831e+01    -2.826855e-03    1.396023e-02  
  1   2  52   1.528538e+03    1.528538e+03    1.197595e+02    1.197595e+02    4.339360e-03    1.341475e-02  
  1   2  53   1.569716e+03    1.569716e+03    1.548548e+02    1.548548e+02    -1.631068e-02    1.365899e-02  
  1   2  54   1.561039e+03    1.561039e+03    8.034291e+00    8.034291e+00    -1.865371e-02    1.363252e-02  
  1   2  55   1.895576e+03    1.895576e+03    7.188588e+01    7.188588e+01    -8.561501e-03    1.365983e-02  
  1   2  56   1.659705e+03    1.659705e+03    8.573383e+01    8.573383e+01    1.878453e-03    1.422834e-02  
  1   2  57   1.505799e+03    1.505799e+03    6.110542e+02    6.110542e+02    -1.363897e-02    1.411505e-02  
  1   2  58   1.949199e+03    1.949199e+03    1.221589e+02    1.221589e+02    -2.081119e-02    1.425940e-02  
  1   2  59   1.559547e+03    1.559547e+03    1.097982e+01    1.097982e+01    -3.350478e-02    1.466887e-02  
  1   2  60   2.454314e+03    2.454314e+03    3.801349e+02    3.801349e+02    9.323741e-03    1.459298e-02  
  1   2  61   1.588242e+03    1.588242e+03    2.901163e+01    2.901163e+01    1.245577e-03    1.446871e-02  
  1   2  62   1.481348e+03    1.481348e+03    5.833941e+02    5.833941e+02    2.234637e-04    1.437568e-02  
  1   3   1   6.893322e+02    6.893322e+02    1.358322e+01    1.358322e+01    2.074210e-02    1.844676e-02  
  1   3   2   6.771112e+02    6.771112e+02    7.724731e+00    7.724731e+00    1.845005e-02    1.861616e-02  
  1   3   3   6.500000e+02    6.500000e+02    4.103875e+02    4.103875e+02    3.066922e-02    1.945830e-02  
  1   3   4   3.723219e+02    3.723219e+02    5.430419e+02    5.430419e+02    -1.920000e-02    1.975859e-02  
  1   3   5   5.359601e+02    5.359601e+02    5.351622e+02    5.351622e+02    -4.110705e-02    2.106007e-02  
  2   1   1   8.349752e+02    8.349752e+02    6.526154e+00    6.526154e+00    7.467911e-04    3.539835e-03  
  2   1   2   8.458986e+02    8.458986e+02    8.166224e+00    8.166224e+00    2.533768e-03    4.477227e-03  
  2   1   3   8.495875e+02    8.495875e+02    8.161168e+00    8.161168e+00    4.194053e-03    5.224290e-03  
  2   1   4   8.228123e+02    8.228123e+02    5.358503e+00    5.358503e+00    3.978577e-03    6.037499e-03  
  2   1   5   8.251587e+02    8.251587e+02    5.848041e+00    5.848041e+00    1.694371e-16    6.978038e-03  
  2   1   6   8.168911e+02    8.168911e+02    6.234814e+00    6.234814e+00    -1.047892e-03    7.603395e-03  
  2   1   7   8.147412e+02    8.147412e+02    6.893058e+00    6.893058e+00    2.089149e-03    9.235868e-03  
  2   1   8   7.996286e+02    7.996286e+02    6.830522e+00    6.830522e+00    1.725490e-02    1.007966e-02  
  2   1   9   8.184765e+02    8.184765e+02    7.666699e+00    7.666699e+00    1.034826e-03    1.103139e-02  
  2   1  10   7.902631e+02    7.902631e+02    1.081731e+01    1.081731e+01    2.267717e-03    1.224365e-02  
  2   1  11   7.883595e+02    7.883595e+02    3.432719e+01    3.432719e+01    -3.342496e-03    1.350850e-02  
  2   1  12   7.543925e+02    7.543925e+02    9.739317e+00    9.739317e+00    7.674289e-03    1.409416e-02  
  2   1  13   7.214370e+02    7.214370e+02    3.315548e+01    3.315548e+01    5.610754e-03    1.504416e-02  
  2   1  14   7.082152e+02    7.082152e+02    1.363641e+01    1.363641e+01    -1.556916e-02    1.605861e-02  
  2   1  15   7.323591e+02    7.323591e+02    1.803359e+01    1.803359e+01    1.013717e-02    1.739682e-02  
  2   1  16   7.181304e+02    7.181304e+02    2.014983e+01    2.014983e+01    1.564444e-02    1.787271e-02  
  2   1  17   7.320737e+02    7.320737e+02    3.594506e+01    3.594506e+01    3.230047e-02    1.926283e-02  
  2   1  18   7.212782e+02    7.212782e+02    1.850335e+01    1.850335e+01    2.352318e-02    1.999517e-02  
  2   1  19   7.441592e+02    7.441592e+02    1.479986e+01    1.479986e+01    -4.989605e-03    2.080047e-02  
  2   1  20   6.829458e+02    6.829458e+02    7.887940e+01    7.887940e+01    -2.202899e-02    2.155956e-02  
  2   1  21   7.071195e+02    7.071195e+02    1.957553e+01    1.957553e+01    -4.525714e-02    2.207756e-02  
  2   1  22   5.940879e+02    5.940879e+02    2.133990e+02    2.133990e+02    4.236006e-03    2.312633e-02  
  2   1  23   6.817656e+02    6.817656e+02    1.689508e+02    1.689508e+02    2.803473e-02    2.434179e-02  
  2   2   1   2.109814e+03    2.109814e+03    3.342987e+01    3.342987e+01    -2.971429e-03    3.802529e-03  
  2   2   2   2.030430e+03    2.030430e+03    3.583598e+01    3.583598e+01    -1.726619e-03    4.064715e-03  
  2   2   3   2.075456e+03    2.075456e+03    2.361510e+01    2.361510e+01    -2.601626e-03    4.239320e-03  
  2   2   4   2.057032e+03    2.057032e+03    2.818542e+01    2.818542e+01    7.692308e-04    4.658709e-03  
  2   2   5   2.079667e+03    2.079667e+03    3.945891e+01    3.945891e+01    -3.163097e-03    4.830858e-03  
  2   2   6   2.077233e+03    2.077233e+03    3.128884e+01    3.128884e+01    -8.484848e-04    5.312581e-03  
  2   2   7   1.998661e+03    1.998661e+03    2.883104e+01    2.883104e+01    6.773074e-03    5.451326e-03  
  2   2   8   1.981770e+03    1.981770e+03    2.731600e+01    2.731600e+01    1.375000e-02    5.553809e-03  
  2   2   9   2.064526e+03    2.064526e+03    1.890136e+01    1.890136e+01    6.739927e-03    5.742471e-03  
  2   2  10   1.992547e+03    1.992547e+03    2.393843e+01    2.393843e+01    9.527317e-03    6.050867e-03  
  2   2  11   2.027306e+03    2.027306e+03    2.649122e+01    2.649122e+01    9.953488e-03    6.407367e-03  
  2   2  12   2.000149e+03    2.000149e+03    2.594947e+01    2.594947e+01    2.929062e-03    6.542807e-03  
  2   2  13   2.010624e+03    2.010624e+03    2.072260e+01    2.072260e+01    -3.853101e-04    6.943597e-03  
  2   2  14   2.021604e+03    2.021604e+03    2.134734e+01    2.134734e+01    1.159420e-02    7.286398e-03  
  2   2  15   2.002769e+03    2.002769e+03    2.669559e+01    2.669559e+01    5.497962e-03    7.329744e-03  
  2   2  16   1.989686e+03    1.989686e+03    2.303762e+01    2.303762e+01    -1.995249e-03    7.687593e-03  
  2   2  17   1.941113e+03    1.941113e+03    2.635207e+01    2.635207e+01    -3.723209e-03    8.125254e-03  
  2   2  18   1.961268e+03    1.961268e+03    2.274010e+01    2.274010e+01    1.513241e-03    8.350054e-03  
  2   2  19   1.958731e+03    1.958731e+03    3.112213e+01    3.112213e+01    1.224490e-03    8.847538e-03  
  2   2  20   1.980258e+03    1.980258e+03    3.219046e+01    3.219046e+01    -1.235521e-03    8.991139e-03  
  2   2  21   1.974124e+03    1.974124e+03    2.524618e+01    2.524618e+01    3.226213e-03    8.824617e-03  
  2   2  22   1.936768e+03    1.936768e+03    2.748699e+01    2.748699e+01    -3.173385e-03    9.149356e-03  
  2   2  23   1.949766e+03    1.949766e+03    3.342178e+01    3.342178e+01    1.772021e-02    9.445448e-03  
  2   2  24   1.896881e+03    1.896881e+03    2.693914e+01    2.693914e+01    4.026490e-03    9.862302e-03  
  2   2  25   1.979697e+03    1.979697e+03    3.281979e+01    3.281979e+01    -1.385987e-02    1.013806e-02  
  2   2  26   1.837239e+03    1.837239e+03    3.382971e+01    3.382971e+01    7.456724e-04    1.044646e-02  
  2   2  27   1.794362e+03    1.794362e+03    3.095957e+01    3.095957e+01    -1.516787e-02    1.052816e-02  
  2   2  28   1.958225e+03    1.958225e+03    3.786322e+01    3.786322e+01    -7.129751e-03    1.056898e-02  
  2   2  29   1.881612e+03    1.881612e+03    1.770790e+01    1.770790e+01    1.749481e-02    1.092257e-02  
  2   2  30   1.894819e+03    1.894819e+03    3.364084e+01    3.364084e+01    -4.333108e-04    1.084575e-02  
  2   2  31   1.914819e+03    1.914819e+03    2.859408e+01    2.859408e+01    -1.447820e-02    1.100629e-02  
  2   2  32   1.745747e+03    1.745747e+03    7.096821e+01    7.096821e+01    -1.121852e-02    1.153076e-02  
  2   2  33   1.714841e+03    1.714841e+03    1.015104e+02    1.015104e+02    3.838215e-02    1.167742e-02  
  2   2  34   1.876187e+03    1.876187e+03    2.145898e+01    2.145898e+01    2.170380e-02    1.124330e-02  
  2   2  35   1.667436e+03    1.667436e+03    1.317386e+02    1.317386e+02    8.699243e-03    1.188484e-02  
  2   2  36   1.804020e+03    1.804020e+03    8.753450e+01    8.753450e+01    2.295082e-03    1.210537e-02  
  2   2  37   1.893191e+03    1.893191e+03    2.982816e+01    2.982816e+01    -5.761773e-03    1.196888e-02  
  2   2  38   1.613034e+03    1.613034e+03    3.905463e+02    3.905463e+02    2.331126e-03    1.210810e-02  
  2   2  39   1.660790e+03    1.660790e+03    1.189727e+02    1.189727e+02    4.845148e-03    1.246059e-02  
  2   2  40   1.552820e+03    1.552820e+03    6.332386e+02    6.332386e+02    2.824176e-02    1.238576e-02  
  2   2  41   1.560373e+03    1.560373e+03    2.430339e+02    2.430339e+02    2.049261e-02    1.280770e-02  
  2   2  42   1.768357e+03    1.768357e+03    6.184410e+01    6.184410e+01    -7.834483e-03    1.283397e-02  
  2   2  43   1.817036e+03    1.817036e+03    3.977584e+01    3.977584e+01    -1.034717e-02    1.270134e-02  
  2   2  44   1.631991e+03    1.631991e+03    2.279195e+02    2.279195e+02    -3.302264e-03    1.240102e-02  
  2   2  45   1.682221e+03    1.682221e+03    2.351405e+02    2.351405e+02    1.279147e-03    1.290991e-02  
  2   2  46   2.137497e+03    2.137497e+03    2.770220e+01    2.770220e+01    -1.505755e-02    1.241566e-02  
  2   2  47   1.772823e+03    1.772823e+03    3.924628e+01    3.924628e+01    2.544444e-02    1.280653e-02  
  2   2  48   1.742617e+03    1.742617e+03    3.286646e+01    3.286646e+01    -7.493404e-03    1.264628e-02  
  2   2  49   1.656708e+03    1.656708e+03    1.660124e+02    1.660124e+02    -1.148487e-02    1.344326e-02  
  2   2  50   -9.124884e-01    -9.124884e-01    2.024686e+03    2.024686e+03    -3.392226e-04    1.372117e-02  
  2   2  51   1.677031e+03    1.677031e+03    2.284151e+02    2.284151e+02    -8.739496e-03    1.363164e-02  
  2   2  52   2.008651e+03    2.008651e+03    1.810602e+03    1.810602e+03    -2.115331e-02    1.387262e-02  
  2   2  53   2.194709e+03    2.194709e+03    7.967842e+01    7.967842e+01    1.364771e-02    1.359597e-02  
  2   2  54   1.496544e+03    1.496544e+03    3.933203e+02    3.933203e+02    2.060338e-02    1.398726e-02  
  2   2  55   1.633638e+03    1.633638e+03    9.356845e+01    9.356845e+01    -4.416136e-03    1.401999e-02  
  2   2  56   1.874787e+03    1.874787e+03    5.547338e+01    5.547338e+01    7.349823e-03    1.420692e-02  
  2   2  57   1.586368e+03    1.586368e+03    4.232659e+01    4.232659e+01    -1.894292e-02    1.406514e-02  
  2   2  58   1.584740e+03    1.584740e+03    2.182705e+01    2.182705e+01    -2.606807e-02    1.435441e-02  
  2   2  59   1.700942e+03    1.700942e+03    7.841009e+01    7.841009e+01    1.740586e-02    1.434393e-02  
  2   2  60   1.264268e+03    1.264268e+03    1.203059e+03    1.203059e+03    -5.828571e-03    1.412302e-02  
  2   2  61   1.549602e+03    1.549602e+03    3.331797e+02    3.331797e+02    1.576520e-02    1.433136e-02  
  2   2  62   7.568987e+02    7.568987e+02    4.836532e+03    4.836532e+03    -2.230715e-02    1.487535e-02  
  2   3   1   6.790580e+02    6.790580e+02    1.358084e+01    1.358084e+01    -5.021077e-03    1.816753e-02  
  2   3   2   6.868576e+02    6.868576e+02    1.446032e+01    1.446032e+01    -5.386715e-03    1.828254e-02  
  2   3   3   6.971984e+02    6.971984e+02    9.027508e+00    9.027508e+00    -4.907063e-03    1.897237e-02  
  2   3   4   6.500000e+02    6.500000e+02    7.875249e+01    7.875249e+01    -1.147013e-02    2.069595e-02  
  2   3   5   6.992055e+02    6.992055e+02    1.345091e+01    1.345091e+01    -1.360978e-02    2.102308e-02  
  3   1   1   8.454274e+02    8.454274e+02    7.316959e+00    7.316959e+00    -1.392111e-03    3.473614e-03  
  3   1   2   8.409607e+02    8.409607e+02    8.282499e+00    8.282499e+00    5.074762e-03    4.509836e-03  
  3   1   3   8.370159e+02    8.370159e+02    6.499583e+00    6.499583e+00    -7.953604e-04    5.387038e-03  
  3   1   4   8.371637e+02    8.371637e+02    5.959735e+00    5.959735e+00    -1.024096e-03    5.973550e-03  
  3   1   5   8.282940e+02    8.282940e+02    6.144993e+00    6.144993e+00    -1.008403e-02    7.024970e-03  
  3   1   6   8.154787e+02    8.154787e+02    7.901882e+00    7.901882e+00    -8.269970e-03    7.940819e-03  
  3   1   7   7.904459e+02    7.904459e+02    1.337843e+01    1.337843e+01    -1.201290e-02    9.198113e-03  
  3   1   8   7.904392e+02    7.904392e+02    1.018937e+01    1.018937e+01    9.411765e-03    1.017158e-02  
  3   1   9   7.959547e+02    7.959547e+02    6.665951e+00    6.665951e+00    7.919192e-03    1.122539e-02  
  3   1  10   7.451502e+02    7.451502e+02    7.107702e+00    7.107702e+00    7.962284e-03    1.234373e-02  
  3   1  11   7.680846e+02    7.680846e+02    1.484140e+01    1.484140e+01    1.574603e-02    1.332351e-02  
  3   1  12   7.736519e+02    7.736519e+02    2.286127e+01    2.286127e+01    2.548753e-02    1.405581e-02  
  3   1  13   7.543675e+02    7.543675e+02    1.800758e+01    1.800758e+01    -5.380531e-03    1.522168e-02  
  3   1  14   7.363550e+02    7.363550e+02    1.814046e+01    1.814046e+01    4.691204e-03    1.650255e-02  
  3   1  15   7.024072e+02    7.024072e+02    2.255075e+01    2.255075e+01    2.487353e-02    1.718786e-02  
  3   1  16   7.373239e+02    7.373239e+02    1.046394e+01    1.046394e+01    3.018868e-03    1.781599e-02  
  3   1  17   6.905308e+02    6.905308e+02    1.662433e+01    1.662433e+01    -1.274523e-02    1.842245e-02  
  3   1  18   7.205771e+02    7.205771e+02    2.268087e+01    2.268087e+01    3.349616e-04    1.953879e-02  
  3   1  19   6.921956e+02    6.921956e+02    3.424130e+01    3.424130e+01    1.544444e-02    2.034322e-02  
  3   1  20   5.492074e+02    5.492074e+02    1.029727e+03    1.029727e+03    -1.848787e-02    2.196121e-02  
  3   1  21   6.772297e+02    6.772297e+02    3.611550e+01    3.611550e+01    -2.367658e-02    2.268096e-02  
  3   1  22   6.804697e+02    6.804697e+02    1.788615e+01    1.788615e+01    -6.987952e-03    2.343101e-02  
  3   1  23   3.267075e+02    3.267075e+02    1.414214e+00    1.414214e+00    3.952191e-03    2.493147e-02  
  3   2   1   2.069481e+03    2.069481e+03    4.866509e+01    4.866509e+01    3.054332e-03    3.922670e-03  
  3   2   2   2.079764e+03    2.079764e+03    2.986487e+01    2.986487e+01    3.329253e-03    4.302416e-03  
  3   2   3   2.042097e+03    2.042097e+03    3.064874e+01    3.064874e+01    -1.112214e-03    4.194611e-03  
  3   2   4   2.082599e+03    2.082599e+03    2.145782e+01    2.145782e+01    2.625216e-03    4.313644e-03  
  3   2   5   2.033507e+03    2.033507e+03    1.985823e+01    1.985823e+01    -7.915653e-03    4.876088e-03  
  3   2   6   1.994849e+03    1.994849e+03    2.329209e+01    2.329209e+01    9.156627e-03    5.306201e-03  
  3   2   7   2.002949e+03    2.002949e+03    2.308169e+01    2.308169e+01    -2.738944e-03    5.602005e-03  
  3   2   8   2.063803e+03    2.063803e+03    1.962761e+01    1.962761e+01    -9.738220e-03    5.671237e-03  
  3   2   9   2.036857e+03    2.036857e+03    1.987798e+01    1.987798e+01    7.420584e-03    5.876157e-03  
  3   2  10   2.052481e+03    2.052481e+03    2.124253e+01    2.124253e+01    5.367863e-03    5.904498e-03  
  3   2  11   2.006616e+03    2.006616e+03    2.062667e+01    2.062667e+01    7.591934e-04    6.534938e-03  
  3   2  12   2.008771e+03    2.008771e+03    2.539250e+01    2.539250e+01    -1.021675e-02    6.622554e-03  
  3   2  13   1.989358e+03    1.989358e+03    2.498563e+01    2.498563e+01    -1.562321e-03    6.844533e-03  
  3   2  14   2.010441e+03    2.010441e+03    2.225079e+01    2.225079e+01    -3.442917e-03    7.248991e-03  
  3   2  15   1.971889e+03    1.971889e+03    2.454396e+01    2.454396e+01    -1.380467e-02    7.255195e-03  
  3   2  16   2.026071e+03    2.026071e+03    3.254032e+01    3.254032e+01    2.867738e-03    7.785456e-03  
  3   2  17   2.000438e+03    2.000438e+03    3.076709e+01    3.076709e+01    -2.174182e-03    7.987048e-03  
  3   2  18   1.978470e+03    1.978470e+03    2.587725e+01    2.587725e+01    4.450063e-03    8.402827e-03  
  3   2  19   1.968521e+03    1.968521e+03    1.984763e+01    1.984763e+01    3.414940e-03    8.616318e-03  
  3   2  20   1.971930e+03    1.971930e+03    2.050614e+01    2.050614e+01    7.228327e-03    8.806746e-03  
  3   2  21   1.947958e+03    1.947958e+03    3.668114e+01    3.668114e+01    -1.646050e-02    9.077080e-03  
  3   2  22   1.966772e+03    1.966772e+03    2.866945e+01    2.866945e+01    -1.019108e-04    9.254827e-03  
  3   2  23   1.928825e+03    1.928825e+03    3.572269e+01    3.572269e+01    3.685637e-03    9.826435e-03  
  3   2  24   1.963760e+03    1.963760e+03    3.899587e+01    3.899587e+01    9.580838e-03    9.971832e-03  
  3   2  25   1.885773e+03    1.885773e+03    1.735700e+01    1.735700e+01    -4.163956e-03    1.013292e-02  
  3   2  26   1.922346e+03    1.922346e+03    5.682874e+01    5.682874e+01    1.393168e-03    1.046778e-02  
  3   2  27   1.953885e+03    1.953885e+03    3.192323e+01    3.192323e+01    1.363276e-02    1.038790e-02  
  3   2  28   1.803649e+03    1.803649e+03    5.295166e+01    5.295166e+01    1.096774e-02    1.073817e-02  
  3   2  29   1.990167e+03    1.990167e+03    3.949467e+01    3.949467e+01    1.329106e-02    1.045373e-02  
  3   2  30   1.720432e+03    1.720432e+03    4.343219e+01    4.343219e+01    -3.263086e-03    1.065575e-02  
  3   2  31   1.878178e+03    1.878178e+03    2.430269e+01    2.430269e+01    -6.276748e-03    1.146171e-02  
  3   2  32   1.830099e+03    1.830099e+03    5.611992e+01    5.611992e+01    -6.680356e-03    1.112657e-02  
  3   2  33   1.921693e+03    1.921693e+03    3.299569e+01    3.299569e+01    -1.043240e-02    1.158990e-02  
  3   2  34   1.823869e+03    1.823869e+03    5.485510e+01    5.485510e+01    1.040559e-02    1.192380e-02  
  3   2  35   1.868986e+03    1.868986e+03    1.841589e+01    1.841589e+01    -1.581584e-02    1.170619e-02  
  3   2  36   1.822109e+03    1.822109e+03    3.397159e+01    3.397159e+01    6.901510e-03    1.246281e-02  
  3   2  37   1.701958e+03    1.701958e+03    1.080666e+02    1.080666e+02    -5.238745e-03    1.193003e-02  
  3   2  38   1.761416e+03    1.761416e+03    6.072573e+01    6.072573e+01    -1.856867e-03    1.170564e-02  
  3   2  39   1.693819e+03    1.693819e+03    1.108702e+02    1.108702e+02    1.548038e-02    1.234725e-02  
  3   2  40   1.799330e+03    1.799330e+03    6.164351e+01    6.164351e+01    7.776984e-03    1.254225e-02  
  3   2  41   1.753191e+03    1.753191e+03    9.303102e+01    9.303102e+01    -1.074878e-02    1.253501e-02  
  3   2  42   1.750249e+03    1.750249e+03    1.356391e+02    1.356391e+02    1.009818e-03    1.286215e-02  
  3   2  43   1.675376e+03    1.675376e+03    1.085874e+02    1.085874e+02    -8.475304e-03    1.280399e-02  
  3   2  44   1.865022e+03    1.865022e+03    3.699378e+01    3.699378e+01    4.834856e-03    1.269794e-02  
  3   2  45   5.124976e+03    5.124976e+03    1.414214e+00    1.414214e+00    -1.219973e-02    1.282907e-02  
  3   2  46   1.432756e+03    1.432756e+03    1.035601e+03    1.035601e+03    1.242612e-02    1.316295e-02  
  3   2  47   2.091400e+03    2.091400e+03    1.708714e+01    1.708714e+01    3.584521e-03    1.276400e-02  
  3   2  48   1.903467e+03    1.903467e+03    7.224679e+01    7.224679e+01    -5.017819e-03    1.335045e-02  
  3   2  49   1.087574e+03    1.087574e+03    2.110035e+03    2.110035e+03    5.084746e-03    1.334940e-02  
  3   2  50   1.567748e+03    1.567748e+03    1.413157e+02    1.413157e+02    1.549474e-02    1.391132e-02  
  3   2  51   1.558451e+02    1.558451e+02    1.398414e+03    1.398414e+03    -4.841816e-03    1.392040e-02  
  3   2  52   1.546653e+03    1.546653e+03    3.970459e+02    3.970459e+02    2.672401e-02    1.357001e-02  
  3   2  53   7.704797e+02    7.704797e+02    1.377000e+03    1.377000e+03    -5.003554e-03    1.376805e-02  
  3   2  54   -2.155729e+03    -2.155729e+03    NaN    NaN    7.970260e-03    1.417145e-02  
  3   2  55   1.553441e+03    1.553441e+03    9.581046e+01    9.581046e+01    -3.227766e-02    1.399746e-02  
  3   2  56   4.619303e+02    4.619303e+02    2.315107e+03    2.315107e+03    -2.335855e-02    1.457018e-02  
  3   2  57   1.600202e+03    1.600202e+03    2.564334e+01    2.564334e+01    6.727400e-04    1.375785e-02  
  3   2  58   1.531424e+03    1.531424e+03    1.191561e+02    1.191561e+02    -1.075332e-02    1.485489e-02  
  3   2  59   1.833260e+03    1.833260e+03    1.604553e+02    1.604553e+02    7.540501e-03    1.477459e-02  
  3   2  60   1.562303e+03    1.562303e+03    2.218180e+01    2.218180e+01    -4.851904e-03    1.448412e-02  
  3   2  61   1.503190e+03    1.503190e+03    3.300773e+02    3.300773e+02    -4.410751e-03    1.444180e-02  
  3   2  62   8.539656e+02    8.539656e+02    3.643820e+04    3.643820e+04    -2.217822e-02    1.476514e-02  
  3   3   1   6.303486e+02    6.303486e+02    1.723365e+02    1.723365e+02    -1.796752e-02    1.869890e-02  
  3   3   2   6.616342e+02    6.616342e+02    4.072899e+01    4.072899e+01    -1.302744e-02    1.806930e-02  
  3   3   3   6.527296e+02    6.527296e+02    5.389427e+01    5.389427e+01    -2.594595e-02    1.921577e-02  
  3   3   4   2.464697e+02    2.464697e+02    1.695268e+03    1.695268e+03    3.702610e-03    2.010976e-02  
  3   3   5   6.352580e+02    6.352580e+02    2.611440e+01    2.611440e+01    1.821004e-03    2.102297e-02  
  4   1   1   8.279710e+02    8.279710e+02    6.076152e+00    6.076152e+00    6.260481e-04    3.432472e-03  
  4   1   2   8.381496e+02    8.381496e+02    7.396785e+00    7.396785e+00    -6.755556e-03    4.359864e-03  
  4   1   3   8.343605e+02    8.343605e+02    6.686181e+00    6.686181e+00    -7.030801e-03    5.317227e-03  
  4   1   4   8.319937e+02    8.319937e+02    6.221048e+00    6.221048e+00    2.958398e-03    6.183975e-03  
  4   1   5   8.218784e+02    8.218784e+02    5.374870e+00    5.374870e+00    -1.447881e-02    6.960618e-03  
  4   1   6   8.193223e+02    8.193223e+02    5.741258e+00    5.741258e+00    7.183397e-03    7.929493e-03  
  4   1   7   8.201468e+02    8.201468e+02    8.745315e+00    8.745315e+00    2.174617e-02    8.935555e-03  
  4   1   8   8.098816e+02    8.098816e+02    8.605868e+00    8.605868e+00    -4.462734e-03    9.934979e-03  
  4   1   9   8.175306e+02    8.175306e+02    1.148460e+01    1.148460e+01    1.443137e-02    1.112106e-02  
  4   1  10   7.722679e+02    7.722679e+02    1.833807e+01    1.833807e+01    4.657814e-03    1.208274e-02  
  4   1  11   7.581883e+02    7.581883e+02    1.313848e+01    1.313848e+01    2.568730e-02    1.296267e-02  
  4   1  12   7.845529e+02    7.845529e+02    1.777431e+01    1.777431e+01    7.597513e-03    1.415598e-02  
  4   1  13   7.253464e+02    7.253464e+02    1.362477e+01    1.362477e+01    2.303391e-02    1.555836e-02  
  4   1  14   7.428892e+02    7.428892e+02    1.217834e+01    1.217834e+01    8.674131e-03    1.550994e-02  
  4   1  15   7.513678e+02    7.513678e+02    1.235648e+01    1.235648e+01    -2.192844e-02    1.706903e-02  
  4   1  16   7.297561e+02    7.297561e+02    1.226131e+01    1.226131e+01    -1.782178e-03    1.787829e-02  
  4   1  17   7.246340e+02    7.246340e+02    1.967209e+01    1.967209e+01    5.903308e-03    1.843556e-02  
  4   1  18   7.276248e+02    7.276248e+02    1.345194e+01    1.345194e+01    -1.080351e-03    1.959399e-02  
  4   1  19   7.171409e+02    7.171409e+02    2.227855e+01    2.227855e+01    -1.519674e-02    1.997602e-02  
  4   1  20   3.197914e+02    3.197914e+02    2.762536e+02    2.762536e+02    1.425965e-02    2.124975e-02  
  4   1  21   7.078839e+02    7.078839e+02    1.490483e+01    1.490483e+01    -3.334298e-02    2.211015e-02  
  4   1  22   7.391195e+02    7.391195e+02    2.182547e+01    2.182547e+01    9.074627e-03    2.278054e-02  
  4   1  23   7.342637e+02    7.342637e+02    1.840234e+01    1.840234e+01    1.728356e-02    2.474646e-02  
  4   2   1   2.066471e+03    2.066471e+03    2.501102e+01    2.501102e+01    -2.704225e-03    3.796345e-03  
  4   2   2   2.001087e+03    2.001087e+03    2.403215e+01    2.403215e+01    3.108571e-03    4.188465e-03  
  4   2   3   2.088856e+03    2.088856e+03    2.771862e+01    2.771862e+01    -6.317868e-04    4.148873e-03  
  4   2   4   2.001218e+03    2.001218e+03    3.122226e+01    3.122226e+01    -3.698630e-03    4.426960e-03  
  4   2   5   2.031409e+03    2.031409e+03    2.384751e+01    2.384751e+01    -6.060606e-03    4.675876e-03  
  4   2   6   2.005909e+03    2.005909e+03    2.240495e+01    2.240495e+01    6.221570e-03    5.206185e-03  
  4   2   7   2.041964e+03    2.041964e+03    2.830790e+01    2.830790e+01    5.830904e-04    5.714264e-03  
  4   2   8   2.041251e+03    2.041251e+03    2.695652e+01    2.695652e+01    -1.531100e-03    5.766172e-03  
  4   2   9   2.032298e+03    2.032298e+03    2.979131e+01    2.979131e+01    4.100000e-03    5.644421e-03  
  4   2  10   2.025991e+03    2.025991e+03    3.503138e+01    3.503138e+01    9.306931e-03    6.129450e-03  
  4   2  11   2.050821e+03    2.050821e+03    2.418020e+01    2.418020e+01    -3.128235e-03    6.284371e-03  
  4   2  12   2.007038e+03    2.007038e+03    2.198976e+01    2.198976e+01    -2.834286e-03    6.611020e-03  
  4   2  13   2.030978e+03    2.030978e+03    2.087488e+01    2.087488e+01    -3.924701e-03    6.856926e-03  
  4   2  14   1.998239e+03    1.998239e+03    1.736510e+01    1.736510e+01    6.082949e-03    7.193364e-03  
  4   2  15   1.995590e+03    1.995590e+03    1.992258e+01    1.992258e+01    -6.588235e-03    7.452024e-03  
  4   2  16   1.972056e+03    1.972056e+03    1.899639e+01    1.899639e+01    2.685851e-03    7.629084e-03  
  4   2  17   2.015519e+03    2.015519e+03    3.211097e+01    3.211097e+01    2.397004e-03    7.899386e-03  
  4   2  18   1.998038e+03    1.998038e+03    2.231023e+01    2.231023e+01    3.940887e-03    8.316237e-03  
  4   2  19   1.955081e+03    1.955081e+03    2.152882e+01    2.152882e+01    1.409379e-02    8.487338e-03  
  4   2  20   1.981660e+03    1.981660e+03    2.261765e+01    2.261765e+01    5.145019e-03    9.070114e-03  
  4   2  21   1.985269e+03    1.985269e+03    2.650836e+01    2.650836e+01    8.050314e-03    9.197492e-03  
  4   2  22   1.966635e+03    1.966635e+03    2.098058e+01    2.098058e+01    -1.203762e-03    9.378055e-03  
  4   2  23   1.946282e+03    1.946282e+03    3.187058e+01    3.187058e+01    -9.043478e-03    9.260841e-03  
  4   2  24   1.953681e+03    1.953681e+03    5.326660e+01    5.326660e+01    7.193320e-03    9.633797e-03  
  4   2  25   1.940344e+03    1.940344e+03    2.712842e+01    2.712842e+01    3.981663e-03    9.847736e-03  
  4   2  26   1.912499e+03    1.912499e+03    2.958288e+01    2.958288e+01    -6.469003e-03    1.016545e-02  
  4   2  27   1.953988e+03    1.953988e+03    2.968882e+01    2.968882e+01    1.369322e-03    1.031123e-02  
  4   2  28   1.941523e+03    1.941523e+03    3.468549e+01    3.468549e+01    4.418754e-03    1.033448e-02  
  4   2  29   1.768829e+03    1.768829e+03    7.233765e+01    7.233765e+01    -8.830486e-03    1.066453e-02  
  4   2  30   2.023738e+03    2.023738e+03    5.233286e+01    5.233286e+01    6.305945e-03    1.122330e-02  
  4   2  31   1.934500e+03    1.934500e+03    2.234003e+01    2.234003e+01    1.840325e-03    1.127552e-02  
  4   2  32   1.924639e+03    1.924639e+03    2.707227e+01    2.707227e+01    -1.313510e-02    1.118081e-02  
  4   2  33   1.865866e+03    1.865866e+03    1.843826e+01    1.843826e+01    -7.447109e-03    1.178082e-02  
  4   2  34   1.932748e+03    1.932748e+03    4.526762e+01    4.526762e+01    2.356091e-02    1.165891e-02  
  4   2  35   1.905882e+03    1.905882e+03    2.902734e+01    2.902734e+01    1.935829e-02    1.160765e-02  
  4   2  36   1.751236e+03    1.751236e+03    4.645206e+01    4.645206e+01    2.175391e-02    1.186077e-02  
  4   2  37   2.010120e+03    2.010120e+03    2.185308e+01    2.185308e+01    -6.980609e-03    1.188453e-02  
  4   2  38   1.694412e+03    1.694412e+03    6.980190e+01    6.980190e+01    -1.396325e-02    1.181529e-02  
  4   2  39   1.726189e+03    1.726189e+03    5.812251e+01    5.812251e+01    -2.147651e-04    1.212615e-02  
  4   2  40   1.908958e+03    1.908958e+03    1.021584e+02    1.021584e+02    -4.426451e-03    1.223449e-02  
  4   2  41   1.723716e+03    1.723716e+03    9.765506e+01    9.765506e+01    1.447619e-02    1.250089e-02  
  4   2  42   1.883944e+03    1.883944e+03    6.231521e+01    6.231521e+01    -2.700422e-03    1.271478e-02  
  4   2  43   1.705525e+03    1.705525e+03    6.763624e+01    6.763624e+01    1.672474e-03    1.260810e-02  
  4   2  44   2.118509e+03    2.118509e+03    3.303886e+02    3.303886e+02    1.434410e-02    1.281197e-02  
  4   2  45   1.900301e+03    1.900301e+03    3.661661e+01    3.661661e+01    4.297521e-03    1.304841e-02  
  4   2  46   1.556521e+03    1.556521e+03    4.501178e+02    4.501178e+02    -8.894772e-03    1.289485e-02  
  4   2  47   1.652301e+03    1.652301e+03    2.092249e+02    2.092249e+02    2.425913e-02    1.290316e-02  
  4   2  48   1.702771e+03    1.702771e+03    6.158066e+01    6.158066e+01    2.099125e-02    1.347652e-02  
  4   2  49   1.634563e+03    1.634563e+03    1.999466e+02    1.999466e+02    3.907734e-03    1.311373e-02  
  4   2  50   1.964046e+03    1.964046e+03    1.001615e+01    1.001615e+01    -5.826331e-03    1.374462e-02  
  4   2  51   1.325104e+03    1.325104e+03    8.049982e+02    8.049982e+02    -3.815029e-03    1.385076e-02  
  4   2  52   1.803245e+03    1.803245e+03    6.571311e+02    6.571311e+02    3.361345e-04    1.384059e-02  
  4   2  53   1.790908e+03    1.790908e+03    7.661829e+01    7.661829e+01    7.826087e-03    1.357455e-02  
  4   2  54   1.517697e+03    1.517697e+03    9.069747e+01    9.069747e+01    1.149111e-02    1.362482e-02  
  4   2  55   1.533317e+03    1.533317e+03    3.786295e-01    3.786295e-01    -2.280827e-04    1.416043e-02  
  4   2  56   1.561344e+03    1.561344e+03    9.220691e+00    9.220691e+00    -4.146868e-03    1.433330e-02  
  4   2  57   1.116758e+03    1.116758e+03    1.363367e+03    1.363367e+03    -9.500362e-03    1.411907e-02  
  4   2  58   1.564890e+03    1.564890e+03    1.511199e+01    1.511199e+01    1.497143e-02    1.426730e-02  
  4   2  59   1.570621e+03    1.570621e+03    5.806869e+02    5.806869e+02    -1.251329e-02    1.456286e-02  
  4   2  60   1.581052e+03    1.581052e+03    6.991116e+01    6.991116e+01    -2.210284e-02    1.482456e-02  
  4   2  61   1.700809e+03    1.700809e+03    5.572550e+01    5.572550e+01    2.338205e-02    1.444344e-02  
  4   2  62   1.660304e+03    1.660304e+03    8.300229e+01    8.300229e+01    3.617021e-03    1.387522e-02  
  4   3   1   7.110004e+02    7.110004e+02    1.513621e+01    1.513621e+01    -4.875346e-03    1.827803e-02  
  4   3   2   6.813816e+02    6.813816e+02    1.673639e+01    1.673639e+01    2.799263e-02    1.875569e-02  
  4   3   3   6.902207e+02    6.902207e+02    1.262079e+01    1.262079e+01    -5.486968e-03    1.914720e-02  
  4   3   4   6.721457e+02    6.721457e+02    2.909322e+01    2.909322e+01    3.217137e-02    1.965531e-02  
  4   3   5   6.779346e+02    6.779346e+02    2.604167e+01    2.604167e+01    4.046254e-02    2.079803e-02  
  5   1   1   8.533417e+02    8.533417e+02    8.007416e+00    8.007416e+00    2.452830e-03    3.594329e-03  
  5   1   2   8.286483e+02    8.286483e+02    6.090385e+00    6.090385e+00    3.463842e-03    4.528717e-03  
  5   1   3   8.196276e+02    8.196276e+02    5.599922e+00    5.599922e+00    7.351713e-04    5.373762e-03  
  5   1   4   8.347506e+02    8.347506e+02    5.374924e+00    5.374924e+00    -8.457054e-03    6.255254e-03  
  5   1   5   8.276365e+02    8.276365e+02    5.446533e+00    5.446533e+00    6.074412e-05    6.908558e-03  
  5   1   6   8.192501e+02    8.192501e+02    6.896855e+00    6.896855e+00    3.646113e-03    8.091550e-03  
  5   1   7   8.142946e+02    8.142946e+02    6.921040e+00    6.921040e+00    -3.158861e-03    9.158359e-03  
  5   1   8   8.100640e+02    8.100640e+02    6.044526e+00    6.044526e+00    -7.026253e-03    1.029751e-02  
  5   1   9   8.094405e+02    8.094405e+02    6.492121e+00    6.492121e+00    1.011448e-02    1.116091e-02  
  5   1  10   7.828285e+02    7.828285e+02    1.700607e+02    1.700607e+02    1.023861e-02    1.236753e-02  
  5   1  11   7.876850e+02    7.876850e+02    2.206954e+01    2.206954e+01    1.217021e-02    1.313237e-02  
  5   1  12   7.864038e+02    7.864038e+02    1.677926e+01    1.677926e+01    -1.063123e-02    1.409168e-02  
  5   1  13   7.885518e+02    7.885518e+02    7.471074e+00    7.471074e+00    -1.332562e-02    1.494900e-02  
  5   1  14   7.284428e+02    7.284428e+02    1.345653e+01    1.345653e+01    2.719330e-02    1.602042e-02  
  5   1  15   7.482167e+02    7.482167e+02    2.261447e+01    2.261447e+01    -9.950249e-03    1.674180e-02  
  5   1  16   7.079126e+02    7.079126e+02    1.508131e+01    1.508131e+01    7.019355e-03    1.785568e-02  
  5   1  17   7.191333e+02    7.191333e+02    2.133452e+01    2.133452e+01    8.918381e-03    1.893462e-02  
  5   1  18   6.956183e+02    6.956183e+02    3.170883e+01    3.170883e+01    4.080537e-03    2.006216e-02  
  5   1  19   6.282630e+02    6.282630e+02    9.035603e+01    9.035603e+01    8.729361e-03    2.092340e-02  
  5   1  20   7.003881e+02    7.003881e+02    2.332651e+01    2.332651e+01    -3.885714e-03    2.134947e-02  
  5   1  21   6.425766e+02    6.425766e+02    1.840605e+02    1.840605e+02    3.195159e-02    2.224668e-02  
  5   1  22   7.061622e+02    7.061622e+02    5.390358e+01    5.390358e+01    2.890555e-02    2.288733e-02  
  5   1  23   5.345200e+02    5.345200e+02    5.513643e+02    5.513643e+02    2.175115e-02    2.459322e-02  
  5   2   1   2.085685e+03    2.085685e+03    3.014820e+01    3.014820e+01    5.484352e-03    4.005760e-03  
  5   2   2   2.080496e+03    2.080496e+03    3.071072e+01    3.071072e+01    -4.421053e-03    4.398034e-03  
  5   2   3   2.066317e+03    2.066317e+03    2.531160e+01    2.531160e+01    1.420644e-03    4.435706e-03  
  5   2   4   2.041489e+03    2.041489e+03    2.191344e+01    2.191344e+01    2.782609e-04    4.555319e-03  
  5   2   5   1.996233e+03    1.996233e+03    3.150583e+01    3.150583e+01    3.836930e-03    4.958870e-03  
  5   2   6   2.032624e+03    2.032624e+03    2.579810e+01    2.579810e+01    1.186944e-04    5.290893e-03  
  5   2   7   2.066668e+03    2.066668e+03    2.213044e+01    2.213044e+01    3.431022e-04    5.490819e-03  
  5   2   8   2.075315e+03    2.075315e+03    2.944806e+01    2.944806e+01    7.624161e-03    5.718176e-03  
  5   2   9   2.058147e+03    2.058147e+03    3.288487e+01    3.288487e+01    3.765972e-03    6.044907e-03  
  5   2  10   2.016190e+03    2.016190e+03    2.705506e+01    2.705506e+01    -7.021944e-03    6.255676e-03  
  5   2  11   1.992191e+03    1.992191e+03    2.029315e+01    2.029315e+01    5.110565e-03    6.609173e-03  
  5   2  12   2.053015e+03    2.053015e+03    1.898641e+01    1.898641e+01    -7.323291e-03    6.698414e-03  
  5   2  13   2.048029e+03    2.048029e+03    2.785883e+01    2.785883e+01    1.181818e-03    6.617597e-03  
  5   2  14   2.023528e+03    2.023528e+03    2.114973e+01    2.114973e+01    5.127596e-03    7.245464e-03  
  5   2  15   2.029534e+03    2.029534e+03    1.930265e+01    1.930265e+01    -3.598784e-03    7.497674e-03  
  5   2  16   2.022730e+03    2.022730e+03    2.796378e+01    2.796378e+01    2.132041e-03    7.645352e-03  
  5   2  17   1.979711e+03    1.979711e+03    2.449161e+01    2.449161e+01    7.365233e-03    8.067802e-03  
  5   2  18   1.972798e+03    1.972798e+03    2.445568e+01    2.445568e+01    1.379976e-02    8.218344e-03  
  5   2  19   1.955392e+03    1.955392e+03    2.168202e+01    2.168202e+01    6.249225e-03    8.719230e-03  
  5   2  20   2.014588e+03    2.014588e+03    2.852043e+01    2.852043e+01    -3.788162e-03    8.942617e-03  
  5   2  21   2.020189e+03    2.020189e+03    1.730260e+01    1.730260e+01    -5.955836e-03    8.892913e-03  
  5   2  22   1.952736e+03    1.952736e+03    3.186445e+01    3.186445e+01    -1.453621e-02    9.358601e-03  
  5   2  23   1.931577e+03    1.931577e+03    2.917625e+01    2.917625e+01    -6.907216e-03    9.458788e-03  
  5   2  24   1.973593e+03    1.973593e+03    3.531832e+01    3.531832e+01    -1.199231e-02    9.594546e-03  
  5   2  25   1.934269e+03    1.934269e+03    2.698893e+01    2.698893e+01    -4.232804e-04    1.005346e-02  
  5   2  26   1.946615e+03    1.946615e+03    4.569240e+01    4.569240e+01    7.820343e-03    1.027568e-02  
  5   2  27   1.975700e+03    1.975700e+03    4.132849e+01    4.132849e+01    9.261477e-03    1.058665e-02  
  5   2  28   1.895833e+03    1.895833e+03    2.554970e+01    2.554970e+01    3.578947e-03    1.061502e-02  
  5   2  29   1.869377e+03    1.869377e+03    3.902966e+01    3.902966e+01    -6.526020e-03    1.114187e-02  
  5   2  30   1.894365e+03    1.894365e+03    2.326471e+01    2.326471e+01    -1.391304e-02    1.121983e-02  
  5   2  31   1.927741e+03    1.927741e+03    3.153879e+01    3.153879e+01    -2.494915e-03    1.137621e-02  
  5   2  32   1.897833e+03    1.897833e+03    2.403075e+01    2.403075e+01    2.112211e-03    1.128687e-02  
  5   2  33   1.877336e+03    1.877336e+03    2.846859e+01    2.846859e+01    -2.156250e-02    1.125921e-02  
  5   2  34   1.732413e+03    1.732413e+03    6.409091e+01    6.409091e+01    -7.677330e-03    1.161205e-02  
  5   2  35   1.764353e+03    1.764353e+03    5.592924e+01    5.592924e+01    8.273934e-03    1.194754e-02  
  5   2  36   1.823145e+03    1.823145e+03    1.426914e+02    1.426914e+02    -3.200000e-03    1.196538e-02  
  5   2  37   1.925458e+03    1.925458e+03    9.038069e+01    9.038069e+01    -1.123404e-02    1.245131e-02  
  5   2  38   2.100418e+03    2.100418e+03    5.909249e+01    5.909249e+01    1.413699e-02    1.221984e-02  
  5   2  39   1.832061e+03    1.832061e+03    1.355005e+02    1.355005e+02    8.651535e-03    1.193618e-02  
  5   2  40   1.745953e+03    1.745953e+03    1.477682e+02    1.477682e+02    -3.024055e-02    1.228224e-02  
  5   2  41   1.509372e+03    1.509372e+03    4.908801e+02    4.908801e+02    -2.855182e-03    1.229313e-02  
  5   2  42   1.789598e+03    1.789598e+03    5.987841e+01    5.987841e+01    -1.070950e-04    1.233547e-02  
  5   2  43   1.750549e+03    1.750549e+03    5.527552e+01    5.527552e+01    -6.985915e-03    1.283780e-02  
  5   2  44   1.609634e+03    1.609634e+03    4.873052e+01    4.873052e+01    1.291723e-02    1.261468e-02  
  5   2  45   1.861142e+03    1.861142e+03    3.458859e+01    3.458859e+01    -1.948579e-03    1.308481e-02  
  5   2  46   1.875879e+03    1.875879e+03    3.547425e+01    3.547425e+01    -1.013371e-03    1.327923e-02  
  5   2  47   1.694936e+03    1.694936e+03    7.016897e+01    7.016897e+01    -1.832884e-02    1.305808e-02  
  5   2  48   1.931619e+03    1.931619e+03    7.310790e+02    7.310790e+02    -6.451613e-04    1.285474e-02  
  5   2  49   1.869409e+03    1.869409e+03    4.701060e+01    4.701060e+01    -2.530554e-03    1.376734e-02  
  5   2  50   1.200210e+03    1.200210e+03    7.409581e+02    7.409581e+02    -1.884368e-02    1.392802e-02  
  5   2  51   1.670785e+03    1.670785e+03    5.482389e+01    5.482389e+01    5.502063e-03    1.349892e-02  
  5   2  52   1.527501e+03    1.527501e+03    1.583384e+01    1.583384e+01    -2.344922e-02    1.373692e-02  
  5   2  53   1.849077e+03    1.849077e+03    1.156538e+02    1.156538e+02    2.399447e-02    1.393686e-02  
  5   2  54   1.595834e+03    1.595834e+03    5.998296e+01    5.998296e+01    2.520548e-03    1.352199e-02  
  5   2  55   3.796610e+02    3.796610e+02    2.049757e+03    2.049757e+03    -9.457580e-03    1.382114e-02  
  5   2  56   1.648014e+03    1.648014e+03    5.887874e+01    5.887874e+01    1.815029e-02    1.417361e-02  
  5   2  57   1.558535e+03    1.558535e+03    6.491615e+01    6.491615e+01    -1.116014e-02    1.432576e-02  
  5   2  58   1.234888e+03    1.234888e+03    5.808561e+02    5.808561e+02    -4.791086e-03    1.429302e-02  
  5   2  59   1.533333e+03    1.533333e+03    2.420404e+01    2.420404e+01    3.170559e-03    1.448046e-02  
  5   2  60   1.679752e+03    1.679752e+03    7.309071e+01    7.309071e+01    1.113343e-02    1.483531e-02  
  5   2  61   1.533333e+03    1.533333e+03    2.373606e+02    2.373606e+02    -1.581662e-02    1.462311e-02  
  5   2  62   1.933137e+03    1.933137e+03    3.943837e+01    3.943837e+01    9.362262e-03    1.408098e-02  
  5   3   1   6.733518e+02    6.733518e+02    1.396917e+01    1.396917e+01    -1.738490e-02    1.836462e-02  
  5   3   2   6.775635e+02    6.775635e+02    2.574507e+01    2.574507e+01    1.707052e-02    1.877433e-02  
  5   3   3   6.354098e+02    6.354098e+02    1.816349e+02    1.816349e+02    2.777673e-02    1.928926e-02  
  5   3   4   5.638390e+02    5.638390e+02    1.617172e+02    1.617172e+02    -1.604814e-04    2.069962e-02  
  5   3   5   6.776890e+02    6.776890e+02    1.314245e+01    1.314245e+01    -4.971517e-03    2.103273e-02  
  6   1   1   8.408075e+02    8.408075e+02    6.868739e+00    6.868739e+00    -5.536332e-04    3.489279e-03  
  6   1   2   8.541465e+02    8.541465e+02    7.635160e+00    7.635160e+00    7.282759e-03    4.422669e-03  
  6   1   3   8.398496e+02    8.398496e+02    7.685086e+00    7.685086e+00    -5.842324e-03    5.375866e-03  
  6   1   4   8.419464e+02    8.419464e+02    7.316773e+00    7.316773e+00    3.851072e-03    6.033062e-03  
  6   1   5   8.185722e+02    8.185722e+02    6.434234e+00    6.434234e+00    2.128468e-03    6.905609e-03  
  6   1   6   8.377842e+02    8.377842e+02    6.090206e+00    6.090206e+00    -4.022156e-03    7.887229e-03  
  6   1   7   8.261500e+02    8.261500e+02    6.488932e+00    6.488932e+00    1.382716e-02    9.131965e-03  
  6   1   8   8.048194e+02    8.048194e+02    6.537747e+00    6.537747e+00    2.295552e-03    1.028072e-02  
  6   1   9   7.725654e+02    7.725654e+02    1.245535e+01    1.245535e+01    3.934426e-03    1.143518e-02  
  6   1  10   7.912308e+02    7.912308e+02    8.644837e+00    8.644837e+00    -1.691667e-02    1.217852e-02  
  6   1  11   7.666671e+02    7.666671e+02    1.171041e+01    1.171041e+01    -1.973190e-03    1.292477e-02  
  6   1  12   7.584914e+02    7.584914e+02    1.505089e+01    1.505089e+01    5.948946e-03    1.401326e-02  
  6   1  13   7.478657e+02    7.478657e+02    9.427263e+00    9.427263e+00    -3.179427e-03    1.513902e-02  
  6   1  14   7.218669e+02    7.218669e+02    2.003211e+01    2.003211e+01    1.065996e-02    1.674198e-02  
  6   1  15   7.490281e+02    7.490281e+02    1.317000e+01    1.317000e+01    2.288700e-02    1.705918e-02  
  6   1  16   7.103501e+02    7.103501e+02    3.203470e+01    3.203470e+01    1.501312e-02    1.821381e-02  
  6   1  17   6.684034e+02    6.684034e+02    5.986784e+01    5.986784e+01    -4.239583e-02    1.886974e-02  
  6   1  18   7.096797e+02    7.096797e+02    2.763183e+01    2.763183e+01    -8.494624e-03    1.951629e-02  
  6   1  19   7.015920e+02    7.015920e+02    2.591652e+01    2.591652e+01    2.700855e-02    2.081293e-02  
  6   1  20   4.198598e+03    4.198598e+03    1.414214e+00    1.414214e+00    -1.104210e-02    2.069947e-02  
  6   1  21   -6.423606e+02    -6.423606e+02    5.175409e+04    5.175409e+04    1.454545e-02    2.212900e-02  
  6   1  22   6.245325e+02    6.245325e+02    3.725294e+01    3.725294e+01    -3.406887e-02    2.204841e-02  
  6   1  23   5.719395e+02    5.719395e+02    4.988004e+02    4.988004e+02    1.010008e-02    2.418899e-02  
  6   2   1   2.073299e+03    2.073299e+03    3.058441e+01    3.058441e+01    7.570978e-04    4.029849e-03  
  6   2   2   2.047754e+03    2.047754e+03    2.035872e+01    2.035872e+01    5.977584e-04    4.296607e-03  
  6   2   3   2.038684e+03    2.038684e+03    3.229553e+01    3.229553e+01    8.316008e-04    4.390897e-03  
  6   2   4   2.040921e+03    2.040921e+03    3.468066e+01    3.468066e+01    1.382887e-04    4.326909e-03  
  6   2   5   2.044163e+03    2.044163e+03    3.130522e+01    3.130522e+01    -7.940447e-04    4.990441e-03  
  6   2   6   2.050048e+03    2.050048e+03    2.431110e+01    2.431110e+01    -4.311377e-03    5.207901e-03  
  6   2   7   2.037152e+03    2.037152e+03    3.353837e+01    3.353837e+01    -2.632332e-03    5.579469e-03  
  6   2   8   1.997599e+03    1.997599e+03    2.148912e+01    2.148912e+01    -3.174603e-04    5.636343e-03  
  6   2   9   2.018721e+03    2.018721e+03    2.256869e+01    2.256869e+01    -7.890980e-03    5.932110e-03  
  6   2  10   2.013005e+03    2.013005e+03    3.008234e+01    3.008234e+01    -9.962640e-04    6.121909e-03  
  6   2  11   2.030539e+03    2.030539e+03    1.525104e+01    1.525104e+01    -8.441480e-03    6.520727e-03  
  6   2  12   1.999876e+03    1.999876e+03    1.783924e+01    1.783924e+01    -2.548673e-03    6.675135e-03  
  6   2  13   2.036979e+03    2.036979e+03    2.350022e+01    2.350022e+01    2.061625e-03    6.714141e-03  
  6   2  14   1.989620e+03    1.989620e+03    2.973295e+01    2.973295e+01    -1.460701e-02    7.203502e-03  
  6   2  15   1.960494e+03    1.960494e+03    1.980615e+01    1.980615e+01    2.645438e-03    7.523725e-03  
  6   2  16   1.972010e+03    1.972010e+03    1.946186e+01    1.946186e+01    1.205882e-02    7.982662e-03  
  6   2  17   1.980781e+03    1.980781e+03    2.551946e+01    2.551946e+01    -1.028846e-02    7.836462e-03  
  6   2  18   2.004439e+03    2.004439e+03    2.440577e+01    2.440577e+01    -2.970297e-03    8.379913e-03  
  6   2  19   1.985468e+03    1.985468e+03    2.700708e+01    2.700708e+01    -6.087508e-03    8.652996e-03  
  6   2  20   1.920685e+03    1.920685e+03    2.485285e+01    2.485285e+01    -7.370441e-03    8.890454e-03  
  6   2  21   1.984180e+03    1.984180e+03    2.560443e+01    2.560443e+01    -2.696047e-03    9.336824e-03  
  6   2  22   1.863082e+03    1.863082e+03    3.299574e+01    3.299574e+01    -5.524430e-03    9.601562e-03  
  6   2  23   1.947435e+03    1.947435e+03    2.342751e+01    2.342751e+01    7.603748e-03    9.901298e-03  
  6   2  24   1.919235e+03    1.919235e+03    3.542015e+01    3.542015e+01    6.538953e-03    9.865407e-03  
  6   2  25   1.927879e+03    1.927879e+03    1.649930e+01    1.649930e+01    -1.027617e-02    9.905493e-03  
  6   2  26   1.934841e+03    1.934841e+03    3.304350e+01    3.304350e+01    -4.051948e-03    1.020195e-02  
  6   2  27   1.985398e+03    1.985398e+03    4.445591e+01    4.445591e+01    -3.512974e-03    1.042501e-02  
  6   2  28   1.910160e+03    1.910160e+03    3.722584e+01    3.722584e+01    5.118362e-04    1.070753e-02  
  6   2  29   1.954814e+03    1.954814e+03    2.580800e+01    2.580800e+01    2.793821e-03    1.073985e-02  
  6   2  30   1.929661e+03    1.929661e+03    4.004791e+01    4.004791e+01    1.283019e-02    1.093128e-02  
  6   2  31   1.923675e+03    1.923675e+03    2.794608e+01    2.794608e+01    -8.304862e-03    1.092029e-02  
  6   2  32   1.885055e+03    1.885055e+03    2.772002e+01    2.772002e+01    6.934353e-03    1.081090e-02  
  6   2  33   1.899425e+03    1.899425e+03    4.834413e+01    4.834413e+01    1.144476e-02    1.192431e-02  
  6   2  34   1.896017e+03    1.896017e+03    1.960736e+01    1.960736e+01    -2.731451e-03    1.146772e-02  
  6   2  35   1.903261e+03    1.903261e+03    5.721639e+01    5.721639e+01    3.530249e-03    1.202829e-02  
  6   2  36   1.878682e+03    1.878682e+03    3.513844e+01    3.513844e+01    3.202287e-03    1.211293e-02  
  6   2  37   1.755165e+03    1.755165e+03    5.679500e+01    5.679500e+01    -5.003399e-03    1.182569e-02  
  6   2  38   1.764630e+03    1.764630e+03    7.170962e+01    7.170962e+01    1.265720e-02    1.179113e-02  
  6   2  39   1.718919e+03    1.718919e+03    5.735552e+01    5.735552e+01    -1.282654e-02    1.243877e-02  
  6   2  40   1.753933e+03    1.753933e+03    7.046598e+01    7.046598e+01    -7.405330e-03    1.255105e-02  
  6   2  41   1.682256e+03    1.682256e+03    9.245648e+01    9.245648e+01    2.570062e-02    1.281722e-02  
  6   2  42   1.686039e+03    1.686039e+03    1.398754e+02    1.398754e+02    -3.347280e-04    1.254672e-02  
  6   2  43   1.569794e+03    1.569794e+03    4.349641e+02    4.349641e+02    -2.037370e-02    1.273143e-02  
  6   2  44   1.647346e+03    1.647346e+03    1.352620e+02    1.352620e+02    1.753425e-03    1.279417e-02  
  6   2  45   1.676693e+03    1.676693e+03    8.159316e+01    8.159316e+01    -1.188119e-02    1.254696e-02  
  6   2  46   1.559814e+03    1.559814e+03    1.105904e+01    1.105904e+01    5.333333e-03    1.322230e-02  
  6   2  47   1.477227e+03    1.477227e+03    8.064895e+01    8.064895e+01    1.369472e-02    1.306380e-02  
  6   2  48   1.797329e+03    1.797329e+03    3.824253e+01    3.824253e+01    -2.539510e-02    1.328539e-02  
  6   2  49   1.811968e+03    1.811968e+03    6.844440e+01    6.844440e+01    2.403292e-02    1.335673e-02  
  6   2  50   1.260555e+03    1.260555e+03    9.238757e+02    9.238757e+02    1.045897e-02    1.364620e-02  
  6   2  51   1.667132e+03    1.667132e+03    6.736978e+01    6.736978e+01    1.806982e-02    1.367320e-02  
  6   2  52   1.528969e+03    1.528969e+03    1.168150e+02    1.168150e+02    2.857143e-03    1.362351e-02  
  6   2  53   1.538921e+03    1.538921e+03    4.799107e+02    4.799107e+02    1.573407e-02    1.367334e-02  
  6   2  54   1.599566e+03    1.599566e+03    3.606983e+01    3.606983e+01    4.201561e-03    1.429992e-02  
  6   2  55   1.497768e+03    1.497768e+03    5.319701e+02    5.319701e+02    -5.774947e-03    1.408989e-02  
  6   2  56   7.298413e+02    7.298413e+02    1.204219e+03    1.204219e+03    -1.972299e-02    1.377355e-02  
  6   2  57   1.559653e+03    1.559653e+03    1.223119e+01    1.223119e+01    -3.526819e-04    1.445709e-02  
  6   2  58   1.515547e+03    1.515547e+03    3.631388e+02    3.631388e+02    -1.413139e-02    1.435324e-02  
  6   2  59   1.561113e+03    1.561113e+03    1.180101e+01    1.180101e+01    -3.893449e-02    1.424913e-02  
  6   2  60   1.533333e+03    1.533333e+03    7.841481e-02    7.841481e-02    -9.826590e-03    1.476323e-02  
  6   2  61   1.514010e+03    1.514010e+03    1.233969e+03    1.233969e+03    -7.881773e-04    1.468210e-02  
  6   2  62   1.452380e+03    1.452380e+03    4.675621e+02    4.675621e+02    -9.965010e-03    1.457003e-02  
  6   3   1   4.222250e+02    4.222250e+02    1.054149e+03    1.054149e+03    -1.237449e-02    1.795360e-02  
  6   3   2   6.561928e+02    6.561928e+02    4.620485e+01    4.620485e+01    1.998079e-02    1.900515e-02  
  6   3   3   6.500000e+02    6.500000e+02    2.351902e+01    2.351902e+01    -3.818265e-03    1.920322e-02  
  6   3   4   6.729613e+02    6.729613e+02    8.268748e+00    8.268748e+00    1.351543e-02    2.008955e-02  
  6   3   5   6.729236e+02    6.729236e+02    5.520918e+00    5.520918e+00    -2.186285e-02    2.062493e-02  
