1 1 1 0.000
1 1 2 0.000
1 1 3 0.000
1 1 4 0.000
1 1 5 0.000
1 1 6 0.000
1 1 7 0.000
1 1 8 0.000
1 1 9 0.000
1 1 10 0.000
1 1 11 0.000
1 1 12 0.000
1 1 13 0.000
1 1 14 0.000
1 1 15 0.000
1 1 16 0.000
1 1 17 0.000
1 1 18 0.000
1 1 19 0.000
1 1 20 0.000
1 1 21 0.000
1 1 22 0.000
1 1 23 0.000
1 2 1 0.000
1 2 2 0.000
1 2 3 0.000
1 2 4 0.000
1 2 5 0.000
1 2 6 0.000
1 2 7 0.000
1 2 8 0.000
1 2 9 0.000
1 2 10 0.000
1 2 11 0.000
1 2 12 0.000
1 2 13 0.000
1 2 14 0.000
1 2 15 0.000
1 2 16 0.000
1 2 17 0.000
1 2 18 0.000
1 2 19 0.000
1 2 20 0.000
1 2 21 0.000
1 2 22 0.000
1 2 23 0.000
1 2 24 0.000
1 2 25 0.000
1 2 26 0.000
1 2 27 0.000
1 2 28 0.000
1 2 29 0.000
1 2 30 0.000
1 2 31 0.000
1 2 32 0.000
1 2 33 0.000
1 2 34 0.000
1 2 35 0.000
1 2 36 0.000
1 2 37 0.000
1 2 38 0.000
1 2 39 0.000
1 2 40 0.000
1 2 41 0.000
1 2 42 0.000
1 2 43 0.000
1 2 44 0.000
1 2 45 0.000
1 2 46 0.000
1 2 47 0.000
1 2 48 0.000
1 2 49 0.000
1 2 50 0.000
1 2 51 0.000
1 2 52 0.000
1 2 53 0.000
1 2 54 0.000
1 2 55 0.000
1 2 56 0.000
1 2 57 0.000
1 2 58 0.000
1 2 59 0.000
1 2 60 0.000
1 2 61 0.000
1 2 62 0.000
1 3 1 0.000
1 3 2 0.000
1 3 3 0.000
1 3 4 0.000
1 3 5 0.000
2 1 1 0.549
2 1 2 0.389
2 1 3 0.338
2 1 4 -0.373
2 1 5 0.000
2 1 6 -0.720
2 1 7 -0.811
2 1 8 -0.090
2 1 9 0.042
2 1 10 0.000
2 1 11 -0.216
2 1 12 -0.584
2 1 13 0.230
2 1 14 -0.446
2 1 15 -0.170
2 1 16 0.183
2 1 17 -0.555
2 1 18 0.680
2 1 19 0.106
2 1 20 -0.794
2 1 21 0.000
2 1 22 -0.101
2 1 23 3.012
2 2 1 -0.010
2 2 2 -0.950
2 2 3 -0.599
2 2 4 -0.849
2 2 5 -0.982
2 2 6 0.554
2 2 7 0.892
2 2 8 -0.182
2 2 9 0.027
2 2 10 0.508
2 2 11 0.928
2 2 12 -0.126
2 2 13 -0.537
2 2 14 0.883
2 2 15 -0.229
2 2 16 0.206
2 2 17 1.013
2 2 18 -0.716
2 2 19 -0.884
2 2 20 0.814
2 2 21 -0.617
2 2 22 -0.442
2 2 23 -0.113
2 2 24 0.430
2 2 25 0.524
2 2 26 -0.052
2 2 27 -0.346
2 2 28 0.647
2 2 29 0.410
2 2 30 0.098
2 2 31 -0.022
2 2 32 -0.375
2 2 33 0.350
2 2 34 0.217
2 2 35 0.543
2 2 36 0.946
2 2 37 0.397
2 2 38 0.099
2 2 39 0.651
2 2 40 0.226
2 2 41 -0.803
2 2 42 -0.275
2 2 43 -0.217
2 2 44 -0.911
2 2 45 -0.328
2 2 46 -0.110
2 2 47 0.968
2 2 48 0.893
2 2 49 0.564
2 2 50 0.658
2 2 51 0.754
2 2 52 -0.312
2 2 53 0.753
2 2 54 -0.889
2 2 55 -0.621
2 2 56 0.283
2 2 57 0.653
2 2 58 -0.346
2 2 59 1.002
2 2 60 -0.080
2 2 61 1.975
2 2 62 -0.750
2 3 1 -1.559
2 3 2 1.631
2 3 3 1.927
2 3 4 0.000
2 3 5 -0.077
3 1 1 0.000
3 1 2 0.000
3 1 3 0.000
3 1 4 0.000
3 1 5 0.000
3 1 6 0.000
3 1 7 0.000
3 1 8 0.000
3 1 9 0.000
3 1 10 0.000
3 1 11 0.000
3 1 12 0.000
3 1 13 0.000
3 1 14 0.000
3 1 15 0.000
3 1 16 0.000
3 1 17 0.000
3 1 18 0.000
3 1 19 0.000
3 1 20 0.000
3 1 21 0.000
3 1 22 0.000
3 1 23 0.000
3 2 1 0.000
3 2 2 0.000
3 2 3 0.000
3 2 4 0.000
3 2 5 0.000
3 2 6 0.000
3 2 7 0.000
3 2 8 0.000
3 2 9 0.000
3 2 10 0.000
3 2 11 0.000
3 2 12 0.000
3 2 13 0.000
3 2 14 0.000
3 2 15 0.000
3 2 16 0.000
3 2 17 0.000
3 2 18 0.000
3 2 19 0.000
3 2 20 0.000
3 2 21 0.000
3 2 22 0.000
3 2 23 0.000
3 2 24 0.000
3 2 25 0.000
3 2 26 0.000
3 2 27 0.000
3 2 28 0.000
3 2 29 0.000
3 2 30 0.000
3 2 31 0.000
3 2 32 0.000
3 2 33 0.000
3 2 34 0.000
3 2 35 0.000
3 2 36 0.000
3 2 37 0.000
3 2 38 0.000
3 2 39 0.000
3 2 40 0.000
3 2 41 0.000
3 2 42 0.000
3 2 43 0.000
3 2 44 0.000
3 2 45 0.000
3 2 46 0.000
3 2 47 0.000
3 2 48 0.000
3 2 49 0.000
3 2 50 0.000
3 2 51 0.000
3 2 52 0.000
3 2 53 0.000
3 2 54 0.000
3 2 55 0.000
3 2 56 0.000
3 2 57 0.000
3 2 58 0.000
3 2 59 0.000
3 2 60 0.000
3 2 61 0.000
3 2 62 0.000
3 3 1 0.000
3 3 2 0.000
3 3 3 0.000
3 3 4 0.000
3 3 5 0.000
4 1 1 0.000
4 1 2 0.000
4 1 3 0.000
4 1 4 0.000
4 1 5 0.000
4 1 6 0.000
4 1 7 0.000
4 1 8 0.000
4 1 9 0.000
4 1 10 0.000
4 1 11 0.000
4 1 12 0.000
4 1 13 0.000
4 1 14 0.000
4 1 15 0.000
4 1 16 0.000
4 1 17 0.000
4 1 18 0.000
4 1 19 0.000
4 1 20 0.000
4 1 21 0.000
4 1 22 0.000
4 1 23 0.000
4 2 1 0.000
4 2 2 0.000
4 2 3 0.000
4 2 4 0.000
4 2 5 0.000
4 2 6 0.000
4 2 7 0.000
4 2 8 0.000
4 2 9 0.000
4 2 10 0.000
4 2 11 0.000
4 2 12 0.000
4 2 13 0.000
4 2 14 0.000
4 2 15 0.000
4 2 16 0.000
4 2 17 0.000
4 2 18 0.000
4 2 19 0.000
4 2 20 0.000
4 2 21 0.000
4 2 22 0.000
4 2 23 0.000
4 2 24 0.000
4 2 25 0.000
4 2 26 0.000
4 2 27 0.000
4 2 28 0.000
4 2 29 0.000
4 2 30 0.000
4 2 31 0.000
4 2 32 0.000
4 2 33 0.000
4 2 34 0.000
4 2 35 0.000
4 2 36 0.000
4 2 37 0.000
4 2 38 0.000
4 2 39 0.000
4 2 40 0.000
4 2 41 0.000
4 2 42 0.000
4 2 43 0.000
4 2 44 0.000
4 2 45 0.000
4 2 46 0.000
4 2 47 0.000
4 2 48 0.000
4 2 49 0.000
4 2 50 0.000
4 2 51 0.000
4 2 52 0.000
4 2 53 0.000
4 2 54 0.000
4 2 55 0.000
4 2 56 0.000
4 2 57 0.000
4 2 58 0.000
4 2 59 0.000
4 2 60 0.000
4 2 61 0.000
4 2 62 0.000
4 3 1 0.000
4 3 2 0.000
4 3 3 0.000
4 3 4 0.000
4 3 5 0.000
5 1 1 0.000
5 1 2 0.000
5 1 3 0.000
5 1 4 0.000
5 1 5 0.000
5 1 6 0.000
5 1 7 0.000
5 1 8 0.000
5 1 9 0.000
5 1 10 0.000
5 1 11 0.000
5 1 12 0.000
5 1 13 0.000
5 1 14 0.000
5 1 15 0.000
5 1 16 0.000
5 1 17 0.000
5 1 18 0.000
5 1 19 0.000
5 1 20 0.000
5 1 21 0.000
5 1 22 0.000
5 1 23 0.000
5 2 1 0.000
5 2 2 0.000
5 2 3 0.000
5 2 4 0.000
5 2 5 0.000
5 2 6 0.000
5 2 7 0.000
5 2 8 0.000
5 2 9 0.000
5 2 10 0.000
5 2 11 0.000
5 2 12 0.000
5 2 13 0.000
5 2 14 0.000
5 2 15 0.000
5 2 16 0.000
5 2 17 0.000
5 2 18 0.000
5 2 19 0.000
5 2 20 0.000
5 2 21 0.000
5 2 22 0.000
5 2 23 0.000
5 2 24 0.000
5 2 25 0.000
5 2 26 0.000
5 2 27 0.000
5 2 28 0.000
5 2 29 0.000
5 2 30 0.000
5 2 31 0.000
5 2 32 0.000
5 2 33 0.000
5 2 34 0.000
5 2 35 0.000
5 2 36 0.000
5 2 37 0.000
5 2 38 0.000
5 2 39 0.000
5 2 40 0.000
5 2 41 0.000
5 2 42 0.000
5 2 43 0.000
5 2 44 0.000
5 2 45 0.000
5 2 46 0.000
5 2 47 0.000
5 2 48 0.000
5 2 49 0.000
5 2 50 0.000
5 2 51 0.000
5 2 52 0.000
5 2 53 0.000
5 2 54 0.000
5 2 55 0.000
5 2 56 0.000
5 2 57 0.000
5 2 58 0.000
5 2 59 0.000
5 2 60 0.000
5 2 61 0.000
5 2 62 0.000
5 3 1 0.000
5 3 2 0.000
5 3 3 0.000
5 3 4 0.000
5 3 5 0.000
6 1 1 0.000
6 1 2 0.000
6 1 3 0.000
6 1 4 0.000
6 1 5 0.000
6 1 6 0.000
6 1 7 0.000
6 1 8 0.000
6 1 9 0.000
6 1 10 0.000
6 1 11 0.000
6 1 12 0.000
6 1 13 0.000
6 1 14 0.000
6 1 15 0.000
6 1 16 0.000
6 1 17 0.000
6 1 18 0.000
6 1 19 0.000
6 1 20 0.000
6 1 21 0.000
6 1 22 0.000
6 1 23 0.000
6 2 1 0.000
6 2 2 0.000
6 2 3 0.000
6 2 4 0.000
6 2 5 0.000
6 2 6 0.000
6 2 7 0.000
6 2 8 0.000
6 2 9 0.000
6 2 10 0.000
6 2 11 0.000
6 2 12 0.000
6 2 13 0.000
6 2 14 0.000
6 2 15 0.000
6 2 16 0.000
6 2 17 0.000
6 2 18 0.000
6 2 19 0.000
6 2 20 0.000
6 2 21 0.000
6 2 22 0.000
6 2 23 0.000
6 2 24 0.000
6 2 25 0.000
6 2 26 0.000
6 2 27 0.000
6 2 28 0.000
6 2 29 0.000
6 2 30 0.000
6 2 31 0.000
6 2 32 0.000
6 2 33 0.000
6 2 34 0.000
6 2 35 0.000
6 2 36 0.000
6 2 37 0.000
6 2 38 0.000
6 2 39 0.000
6 2 40 0.000
6 2 41 0.000
6 2 42 0.000
6 2 43 0.000
6 2 44 0.000
6 2 45 0.000
6 2 46 0.000
6 2 47 0.000
6 2 48 0.000
6 2 49 0.000
6 2 50 0.000
6 2 51 0.000
6 2 52 0.000
6 2 53 0.000
6 2 54 0.000
6 2 55 0.000
6 2 56 0.000
6 2 57 0.000
6 2 58 0.000
6 2 59 0.000
6 2 60 0.000
6 2 61 0.000
6 2 62 0.000
6 3 1 0.000
6 3 2 0.000
6 3 3 0.000
6 3 4 0.000
6 3 5 0.000
