  1   1   1   1.330623e+02    1.330623e+02    9.950082e+02    9.950082e+02    0.000000e+00  
  1   1   2   1.370406e+02    1.370406e+02    1.061068e+03    1.061068e+03    0.000000e+00  
  1   1   3   1.410190e+02    1.410190e+02    1.129331e+03    1.129331e+03    0.000000e+00  
  1   1   4   1.449973e+02    1.449973e+02    1.199802e+03    1.199802e+03    0.000000e+00  
  1   1   5   1.489757e+02    1.489757e+02    1.272485e+03    1.272485e+03    0.000000e+00  
  1   1   6   1.517041e+02    1.517041e+02    1.323614e+03    1.323614e+03    0.000000e+00  
  1   1   7   1.556824e+02    1.556824e+02    1.400040e+03    1.400040e+03    0.000000e+00  
  1   1   8   1.596607e+02    1.596607e+02    1.478692e+03    1.478692e+03    0.000000e+00  
  1   1   9   1.636391e+02    1.636391e+02    1.559575e+03    1.559575e+03    0.000000e+00  
  1   1  10   1.676174e+02    1.676174e+02    1.642694e+03    1.642694e+03    0.000000e+00  
  1   1  11   1.715958e+02    1.715958e+02    1.728054e+03    1.728054e+03    0.000000e+00  
  1   1  12   1.755742e+02    1.755742e+02    1.815659e+03    1.815659e+03    0.000000e+00  
  1   1  13   1.795525e+02    1.795525e+02    1.905514e+03    1.905514e+03    0.000000e+00  
  1   1  14   1.835309e+02    1.835309e+02    1.997625e+03    1.997625e+03    0.000000e+00  
  1   1  15   1.875092e+02    1.875092e+02    2.091994e+03    2.091994e+03    0.000000e+00  
  1   1  16   1.914876e+02    1.914876e+02    2.188629e+03    2.188629e+03    0.000000e+00  
  1   1  17   1.954659e+02    1.954659e+02    2.287532e+03    2.287532e+03    0.000000e+00  
  1   1  18   1.994443e+02    1.994443e+02    2.388709e+03    2.388709e+03    0.000000e+00  
  1   1  19   2.034226e+02    2.034226e+02    2.492164e+03    2.492164e+03    0.000000e+00  
  1   1  20   2.074009e+02    2.074009e+02    2.597902e+03    2.597902e+03    0.000000e+00  
  1   1  21   2.113793e+02    2.113793e+02    2.705928e+03    2.705928e+03    0.000000e+00  
  1   1  22   2.153577e+02    2.153577e+02    2.816246e+03    2.816246e+03    0.000000e+00  
  1   1  23   2.193360e+02    2.193360e+02    2.928862e+03    2.928862e+03    0.000000e+00  
  1   2   1   1.390619e+02    1.390619e+02    1.095474e+03    1.095474e+03    0.000000e+00  
  1   2   2   1.431387e+02    1.431387e+02    1.166603e+03    1.166603e+03    0.000000e+00  
  1   2   3   1.472155e+02    1.472155e+02    1.240054e+03    1.240054e+03    0.000000e+00  
  1   2   4   1.512923e+02    1.512923e+02    1.315831e+03    1.315831e+03    0.000000e+00  
  1   2   5   1.553691e+02    1.553691e+02    1.393940e+03    1.393940e+03    0.000000e+00  
  1   2   6   1.594459e+02    1.594459e+02    1.474387e+03    1.474387e+03    0.000000e+00  
  1   2   7   1.635227e+02    1.635227e+02    1.557176e+03    1.557176e+03    0.000000e+00  
  1   2   8   1.675995e+02    1.675995e+02    1.642313e+03    1.642313e+03    0.000000e+00  
  1   2   9   1.716763e+02    1.716763e+02    1.729803e+03    1.729803e+03    0.000000e+00  
  1   2  10   1.757531e+02    1.757531e+02    1.819652e+03    1.819652e+03    0.000000e+00  
  1   2  11   1.798299e+02    1.798299e+02    1.911863e+03    1.911863e+03    0.000000e+00  
  1   2  12   1.839067e+02    1.839067e+02    2.006443e+03    2.006443e+03    0.000000e+00  
  1   2  13   1.879835e+02    1.879835e+02    2.103396e+03    2.103396e+03    0.000000e+00  
  1   2  14   1.920603e+02    1.920603e+02    2.202727e+03    2.202727e+03    0.000000e+00  
  1   2  15   1.961371e+02    1.961371e+02    2.304442e+03    2.304442e+03    0.000000e+00  
  1   2  16   2.002139e+02    2.002139e+02    2.408545e+03    2.408545e+03    0.000000e+00  
  1   2  17   2.042907e+02    2.042907e+02    2.515041e+03    2.515041e+03    0.000000e+00  
  1   2  18   2.083675e+02    2.083675e+02    2.623936e+03    2.623936e+03    0.000000e+00  
  1   2  19   2.124443e+02    2.124443e+02    2.735234e+03    2.735234e+03    0.000000e+00  
  1   2  20   2.165211e+02    2.165211e+02    2.848942e+03    2.848942e+03    0.000000e+00  
  1   2  21   2.205979e+02    2.205979e+02    2.965063e+03    2.965063e+03    0.000000e+00  
  1   2  22   2.246747e+02    2.246747e+02    3.083602e+03    3.083602e+03    0.000000e+00  
  1   2  23   2.287515e+02    2.287515e+02    3.204567e+03    3.204567e+03    0.000000e+00  
  1   2  24   2.328283e+02    2.328283e+02    3.327960e+03    3.327960e+03    0.000000e+00  
  1   2  25   2.369051e+02    2.369051e+02    3.453789e+03    3.453789e+03    0.000000e+00  
  1   2  26   2.409819e+02    2.409819e+02    3.582058e+03    3.582058e+03    0.000000e+00  
  1   2  27   2.450587e+02    2.450587e+02    3.712772e+03    3.712772e+03    0.000000e+00  
  1   2  28   2.491355e+02    2.491355e+02    3.845938e+03    3.845938e+03    0.000000e+00  
  1   2  29   2.532123e+02    2.532123e+02    3.981561e+03    3.981561e+03    0.000000e+00  
  1   2  30   2.572891e+02    2.572891e+02    4.119646e+03    4.119646e+03    0.000000e+00  
  1   2  31   2.613659e+02    2.613659e+02    4.260199e+03    4.260199e+03    0.000000e+00  
  1   2  32   2.654427e+02    2.654427e+02    4.403227e+03    4.403227e+03    0.000000e+00  
  1   2  33   2.695195e+02    2.695195e+02    4.548735e+03    4.548735e+03    0.000000e+00  
  1   2  34   2.735963e+02    2.735963e+02    4.696729e+03    4.696729e+03    0.000000e+00  
  1   2  35   2.776731e+02    2.776731e+02    4.847216e+03    4.847216e+03    0.000000e+00  
  1   2  36   2.817499e+02    2.817499e+02    5.000202e+03    5.000202e+03    0.000000e+00  
  1   2  37   2.858267e+02    2.858267e+02    5.155694e+03    5.155694e+03    0.000000e+00  
  1   2  38   2.899035e+02    2.899035e+02    5.313698e+03    5.313698e+03    0.000000e+00  
  1   2  39   2.939803e+02    2.939803e+02    5.474222e+03    5.474222e+03    0.000000e+00  
  1   2  40   2.980571e+02    2.980571e+02    5.637272e+03    5.637272e+03    0.000000e+00  
  1   2  41   3.021339e+02    3.021339e+02    5.802856e+03    5.802856e+03    0.000000e+00  
  1   2  42   3.062107e+02    3.062107e+02    5.970981e+03    5.970981e+03    0.000000e+00  
  1   2  43   3.102875e+02    3.102875e+02    6.141655e+03    6.141655e+03    0.000000e+00  
  1   2  44   3.143643e+02    3.143643e+02    6.314886e+03    6.314886e+03    0.000000e+00  
  1   2  45   3.184411e+02    3.184411e+02    6.490682e+03    6.490682e+03    0.000000e+00  
  1   2  46   3.225179e+02    3.225179e+02    6.669053e+03    6.669053e+03    0.000000e+00  
  1   2  47   3.265947e+02    3.265947e+02    6.850006e+03    6.850006e+03    0.000000e+00  
  1   2  48   3.306715e+02    3.306715e+02    7.033551e+03    7.033551e+03    0.000000e+00  
  1   2  49   3.347483e+02    3.347483e+02    7.219699e+03    7.219699e+03    0.000000e+00  
  1   2  50   3.388251e+02    3.388251e+02    7.408458e+03    7.408458e+03    0.000000e+00  
  1   2  51   3.429019e+02    3.429019e+02    7.599839e+03    7.599839e+03    0.000000e+00  
  1   2  52   3.469787e+02    3.469787e+02    7.793853e+03    7.793853e+03    0.000000e+00  
  1   2  53   3.510555e+02    3.510555e+02    7.990513e+03    7.990513e+03    0.000000e+00  
  1   2  54   3.551323e+02    3.551323e+02    8.189829e+03    8.189829e+03    0.000000e+00  
  1   2  55   3.592091e+02    3.592091e+02    8.391815e+03    8.391815e+03    0.000000e+00  
  1   2  56   3.632859e+02    3.632859e+02    8.596484e+03    8.596484e+03    0.000000e+00  
  1   2  57   3.673627e+02    3.673627e+02    8.803850e+03    8.803850e+03    0.000000e+00  
  1   2  58   3.714395e+02    3.714395e+02    9.013929e+03    9.013929e+03    0.000000e+00  
  1   2  59   3.755163e+02    3.755163e+02    9.226735e+03    9.226735e+03    0.000000e+00  
  1   2  60   3.795931e+02    3.795931e+02    9.442287e+03    9.442287e+03    0.000000e+00  
  1   2  61   3.836699e+02    3.836699e+02    9.660601e+03    9.660601e+03    0.000000e+00  
  1   2  62   3.877467e+02    3.877467e+02    9.881699e+03    9.881699e+03    0.000000e+00  
  1   3   1   2.181513e+02    2.181513e+02    2.895085e+03    2.895085e+03    0.000000e+00  
  1   3   2   2.215975e+02    2.215975e+02    2.993904e+03    2.993904e+03    0.000000e+00  
  1   3   3   2.250437e+02    2.250437e+02    3.094453e+03    3.094453e+03    0.000000e+00  
  1   3   4   2.284900e+02    2.284900e+02    3.196735e+03    3.196735e+03    0.000000e+00  
  1   3   5   2.319362e+02    2.319362e+02    3.300752e+03    3.300752e+03    0.000000e+00  
  2   1   1   9.295238e+01    9.295238e+01    6.983381e+01    6.983381e+01    -5.798594e-02  
  2   1   2   7.852380e+01    7.852380e+01    3.778855e+01    3.778855e+01    -4.877209e-02  
  2   1   3   8.550535e+01    8.550535e+01    3.024435e+01    3.024435e+01    -1.402200e-02  
  2   1   4   7.106817e+01    7.106817e+01    1.908265e+01    1.908265e+01    8.041090e-02  
  2   1   5   9.092137e+01    9.092137e+01    2.178483e+01    2.178483e+01    -2.188866e-01  
  2   1   6   1.517041e+02    1.517041e+02    1.323614e+03    1.323614e+03    0.000000e+00  
  2   1   7   1.009298e+02    1.009298e+02    5.541013e+01    5.541013e+01    -1.323413e+00  
  2   1   8   1.442720e+02    1.442720e+02    2.995884e+01    2.995884e+01    -4.071633e-01  
  2   1   9   1.745959e+02    1.745959e+02    3.710069e+01    3.710069e+01    -1.200495e-01  
  2   1  10   1.676174e+02    1.676174e+02    1.642694e+03    1.642694e+03    0.000000e+00  
  2   1  11   1.458735e+02    1.458735e+02    2.365459e+01    2.365459e+01    -1.026848e-01  
  2   1  12   6.615413e+01    6.615413e+01    6.697992e+00    6.697992e+00    -1.151354e-02  
  2   1  13   1.277670e+02    1.277670e+02    1.566481e+01    1.566481e+01    -7.266390e-01  
  2   1  14   1.261437e+02    1.261437e+02    1.506281e+01    1.506281e+01    -5.562853e-02  
  2   1  15   1.742576e+02    1.742576e+02    2.331241e+01    2.331241e+01    -9.522059e-02  
  2   1  16   1.329707e+02    1.329707e+02    1.443491e+01    1.443491e+01    -1.203273e+00  
  2   1  17   1.507415e+02    1.507415e+02    1.647209e+01    1.647209e+01    -1.989692e-01  
  2   1  18   1.881718e+02    1.881718e+02    2.160427e+01    2.160427e+01    -2.396525e-01  
  2   1  19   1.674179e+02    1.674179e+02    1.620815e+01    1.620815e+01    -6.919094e-01  
  2   1  20   2.715226e+02    2.715226e+02    3.416727e+01    3.416727e+01    -6.824636e-02  
  2   1  21   2.206681e+02    2.206681e+02    2.318865e+01    2.318865e+01    3.027492e-01  
  2   1  22   1.661669e+02    1.661669e+02    1.506142e+01    1.506142e+01    -1.385527e-01  
  2   1  23   1.450926e+02    1.450926e+02    1.394877e+01    1.394877e+01    8.502565e-02  
  2   2   1   4.542824e+02    4.542824e+02    1.635252e+04    1.635252e+04    3.436596e-01  
  2   2   2   1.431387e+02    1.431387e+02    1.166603e+03    1.166603e+03    0.000000e+00  
  2   2   3   1.692242e+02    1.692242e+02    3.107711e+02    3.107711e+02    7.515359e-02  
  2   2   4   1.573264e+02    1.573264e+02    2.113421e+02    2.113421e+02    2.314854e-02  
  2   2   5   5.000000e+02    5.000000e+02    2.014550e+03    2.014550e+03    1.382906e-01  
  2   2   6   2.423247e+02    2.423247e+02    2.327389e+02    2.327389e+02    -6.298030e-02  
  2   2   7   1.247971e+02    1.247971e+02    6.993723e+01    6.993723e+01    -4.704264e-02  
  2   2   8   1.756462e+02    1.756462e+02    1.141875e+02    1.141875e+02    -3.256930e-05  
  2   2   9   1.612055e+02    1.612055e+02    1.041692e+02    1.041692e+02    -1.912410e-02  
  2   2  10   4.022632e+02    4.022632e+02    3.953201e+02    3.953201e+02    -6.172226e-02  
  2   2  11   1.937636e+02    1.937636e+02    1.148534e+02    1.148534e+02    -2.041901e-01  
  2   2  12   3.428864e+02    3.428864e+02    2.080076e+02    2.080076e+02    -3.929902e-02  
  2   2  13   1.665122e+02    1.665122e+02    5.997744e+01    5.997744e+01    1.676657e-01  
  2   2  14   1.299454e+02    1.299454e+02    3.806364e+01    3.806364e+01    1.301581e-01  
  2   2  15   1.602836e+02    1.602836e+02    5.183289e+01    5.183289e+01    -1.404393e-01  
  2   2  16   2.290702e+02    2.290702e+02    8.980995e+01    8.980995e+01    -8.917536e-02  
  2   2  17   2.092575e+02    2.092575e+02    6.959039e+01    6.959039e+01    5.904151e-02  
  2   2  18   1.520713e+02    1.520713e+02    3.999244e+01    3.999244e+01    5.809306e-02  
  2   2  19   1.877713e+02    1.877713e+02    5.694207e+01    5.694207e+01    -5.804147e-01  
  2   2  20   2.115328e+02    2.115328e+02    6.058004e+01    6.058004e+01    3.849784e-02  
  2   2  21   1.002394e+02    1.002394e+02    1.784953e+01    1.784953e+01    1.209547e-01  
  2   2  22   2.092486e+02    2.092486e+02    5.080381e+01    5.080381e+01    -1.681684e-01  
  2   2  23   1.894899e+02    1.894899e+02    4.627629e+01    4.627629e+01    -1.024384e-01  
  2   2  24   1.504201e+02    1.504201e+02    3.038285e+01    3.038285e+01    1.143270e-01  
  2   2  25   1.990875e+02    1.990875e+02    5.229600e+01    5.229600e+01    -6.878507e-01  
  2   2  26   1.600240e+02    1.600240e+02    2.902043e+01    2.902043e+01    1.588965e-01  
  2   2  27   2.514792e+02    2.514792e+02    5.527042e+01    5.527042e+01    -4.131995e-02  
  2   2  28   2.367478e+02    2.367478e+02    4.928485e+01    4.928485e+01    -1.044744e-01  
  2   2  29   2.010732e+02    2.010732e+02    3.747130e+01    3.747130e+01    5.472922e-02  
  2   2  30   2.656311e+02    2.656311e+02    5.792521e+01    5.792521e+01    -1.342778e-03  
  2   2  31   1.379925e+02    1.379925e+02    1.978578e+01    1.978578e+01    -8.068131e-02  
  2   2  32   3.362847e+02    3.362847e+02    7.354618e+01    7.354618e+01    2.284484e-02  
  2   2  33   2.424604e+02    2.424604e+02    4.287466e+01    4.287466e+01    4.355747e-02  
  2   2  34   3.186151e+02    3.186151e+02    6.347069e+01    6.347069e+01    6.002779e-02  
  2   2  35   2.527105e+02    2.527105e+02    4.299663e+01    4.299663e+01    1.558231e-02  
  2   2  36   2.815350e+02    2.815350e+02    5.010922e+01    5.010922e+01    -1.651851e-01  
  2   2  37   2.519328e+02    2.519328e+02    4.086471e+01    4.086471e+01    -9.954686e-02  
  2   2  38   3.918324e+02    3.918324e+02    7.754900e+01    7.754900e+01    -2.807770e-02  
  2   2  39   1.991438e+02    1.991438e+02    2.525420e+01    2.525420e+01    -7.936335e-01  
  2   2  40   2.450218e+02    2.450218e+02    3.637811e+01    3.637811e+01    -1.175090e-01  
  2   2  41   3.102793e+02    3.102793e+02    5.074283e+01    5.074283e+01    -5.640602e-02  
  2   2  42   1.572912e+02    1.572912e+02    1.891913e+01    1.891913e+01    -2.707419e-02  
  2   2  43   3.102875e+02    3.102875e+02    6.141655e+03    6.141655e+03    0.000000e+00  
  2   2  44   3.651962e+02    3.651962e+02    6.197520e+01    6.197520e+01    -1.940937e-02  
  2   2  45   2.280004e+02    2.280004e+02    2.913885e+01    2.913885e+01    -2.074849e-02  
  2   2  46   3.382334e+02    3.382334e+02    5.019451e+01    5.019451e+01    -2.227742e-01  
  2   2  47   1.879157e+02    1.879157e+02    2.206840e+01    2.206840e+01    -2.612678e-02  
  2   2  48   3.646363e+02    3.646363e+02    5.572910e+01    5.572910e+01    -9.757191e-02  
  2   2  49   4.029449e+02    4.029449e+02    6.378563e+01    6.378563e+01    -8.415207e-03  
  2   2  50   4.709817e+02    4.709817e+02    8.065881e+01    8.065881e+01    1.444564e-02  
  2   2  51   4.152174e+02    4.152174e+02    6.486690e+01    6.486690e+01    -8.588675e-02  
  2   2  52   3.875253e+02    3.875253e+02    5.801130e+01    5.801130e+01    -9.025121e-02  
  2   2  53   4.113848e+02    4.113848e+02    6.342943e+01    6.342943e+01    -3.321055e-03  
  2   2  54   2.839562e+02    2.839562e+02    3.492036e+01    3.492036e+01    -1.060933e-01  
  2   2  55   3.170252e+02    3.170252e+02    4.341442e+01    4.341442e+01    2.549502e-02  
  2   2  56   4.625177e+02    4.625177e+02    8.083415e+01    8.083415e+01    3.685498e-02  
  2   2  57   3.380181e+02    3.380181e+02    5.098710e+01    5.098710e+01    -4.568652e-02  
  2   2  58   2.255804e+02    2.255804e+02    2.995806e+01    2.995806e+01    -1.053137e-02  
  2   2  59   2.594124e+02    2.594124e+02    4.302349e+01    4.302349e+01    -1.501884e-02  
  2   2  60   2.194427e+02    2.194427e+02    3.147564e+01    3.147564e+01    -2.675056e-01  
  2   2  61   3.320499e+02    3.320499e+02    6.447431e+01    6.447431e+01    -2.564777e-01  
  2   2  62   3.247803e+02    3.247803e+02    6.674004e+01    6.674004e+01    7.980711e-02  
  2   3   1   1.806637e+02    1.806637e+02    2.587062e+01    2.587062e+01    -5.980911e-03  
  2   3   2   3.961596e+02    3.961596e+02    1.372135e+02    1.372135e+02    -7.857995e-02  
  2   3   3   2.758106e+02    2.758106e+02    6.272109e+01    6.272109e+01    -1.810004e-01  
  2   3   4   2.284900e+02    2.284900e+02    3.196735e+03    3.196735e+03    0.000000e+00  
  2   3   5   2.523432e+02    2.523432e+02    7.907399e+01    7.907399e+01    -1.366719e-01  
  3   1   1   1.330623e+02    1.330623e+02    9.950082e+02    9.950082e+02    0.000000e+00  
  3   1   2   1.370406e+02    1.370406e+02    1.061068e+03    1.061068e+03    0.000000e+00  
  3   1   3   1.410190e+02    1.410190e+02    1.129331e+03    1.129331e+03    0.000000e+00  
  3   1   4   1.449973e+02    1.449973e+02    1.199802e+03    1.199802e+03    0.000000e+00  
  3   1   5   1.489757e+02    1.489757e+02    1.272485e+03    1.272485e+03    0.000000e+00  
  3   1   6   1.517041e+02    1.517041e+02    1.323614e+03    1.323614e+03    0.000000e+00  
  3   1   7   1.556824e+02    1.556824e+02    1.400040e+03    1.400040e+03    0.000000e+00  
  3   1   8   1.596607e+02    1.596607e+02    1.478692e+03    1.478692e+03    0.000000e+00  
  3   1   9   1.636391e+02    1.636391e+02    1.559575e+03    1.559575e+03    0.000000e+00  
  3   1  10   1.676174e+02    1.676174e+02    1.642694e+03    1.642694e+03    0.000000e+00  
  3   1  11   1.715958e+02    1.715958e+02    1.728054e+03    1.728054e+03    0.000000e+00  
  3   1  12   1.755742e+02    1.755742e+02    1.815659e+03    1.815659e+03    0.000000e+00  
  3   1  13   1.795525e+02    1.795525e+02    1.905514e+03    1.905514e+03    0.000000e+00  
  3   1  14   1.835309e+02    1.835309e+02    1.997625e+03    1.997625e+03    0.000000e+00  
  3   1  15   1.875092e+02    1.875092e+02    2.091994e+03    2.091994e+03    0.000000e+00  
  3   1  16   1.914876e+02    1.914876e+02    2.188629e+03    2.188629e+03    0.000000e+00  
  3   1  17   1.954659e+02    1.954659e+02    2.287532e+03    2.287532e+03    0.000000e+00  
  3   1  18   1.994443e+02    1.994443e+02    2.388709e+03    2.388709e+03    0.000000e+00  
  3   1  19   2.034226e+02    2.034226e+02    2.492164e+03    2.492164e+03    0.000000e+00  
  3   1  20   2.074009e+02    2.074009e+02    2.597902e+03    2.597902e+03    0.000000e+00  
  3   1  21   2.113793e+02    2.113793e+02    2.705928e+03    2.705928e+03    0.000000e+00  
  3   1  22   2.153577e+02    2.153577e+02    2.816246e+03    2.816246e+03    0.000000e+00  
  3   1  23   2.193360e+02    2.193360e+02    2.928862e+03    2.928862e+03    0.000000e+00  
  3   2   1   1.390619e+02    1.390619e+02    1.095474e+03    1.095474e+03    0.000000e+00  
  3   2   2   1.431387e+02    1.431387e+02    1.166603e+03    1.166603e+03    0.000000e+00  
  3   2   3   1.472155e+02    1.472155e+02    1.240054e+03    1.240054e+03    0.000000e+00  
  3   2   4   1.512923e+02    1.512923e+02    1.315831e+03    1.315831e+03    0.000000e+00  
  3   2   5   1.553691e+02    1.553691e+02    1.393940e+03    1.393940e+03    0.000000e+00  
  3   2   6   1.594459e+02    1.594459e+02    1.474387e+03    1.474387e+03    0.000000e+00  
  3   2   7   1.635227e+02    1.635227e+02    1.557176e+03    1.557176e+03    0.000000e+00  
  3   2   8   1.675995e+02    1.675995e+02    1.642313e+03    1.642313e+03    0.000000e+00  
  3   2   9   1.716763e+02    1.716763e+02    1.729803e+03    1.729803e+03    0.000000e+00  
  3   2  10   1.757531e+02    1.757531e+02    1.819652e+03    1.819652e+03    0.000000e+00  
  3   2  11   1.798299e+02    1.798299e+02    1.911863e+03    1.911863e+03    0.000000e+00  
  3   2  12   1.839067e+02    1.839067e+02    2.006443e+03    2.006443e+03    0.000000e+00  
  3   2  13   1.879835e+02    1.879835e+02    2.103396e+03    2.103396e+03    0.000000e+00  
  3   2  14   1.920603e+02    1.920603e+02    2.202727e+03    2.202727e+03    0.000000e+00  
  3   2  15   1.961371e+02    1.961371e+02    2.304442e+03    2.304442e+03    0.000000e+00  
  3   2  16   2.002139e+02    2.002139e+02    2.408545e+03    2.408545e+03    0.000000e+00  
  3   2  17   2.042907e+02    2.042907e+02    2.515041e+03    2.515041e+03    0.000000e+00  
  3   2  18   2.083675e+02    2.083675e+02    2.623936e+03    2.623936e+03    0.000000e+00  
  3   2  19   2.124443e+02    2.124443e+02    2.735234e+03    2.735234e+03    0.000000e+00  
  3   2  20   2.165211e+02    2.165211e+02    2.848942e+03    2.848942e+03    0.000000e+00  
  3   2  21   2.205979e+02    2.205979e+02    2.965063e+03    2.965063e+03    0.000000e+00  
  3   2  22   2.246747e+02    2.246747e+02    3.083602e+03    3.083602e+03    0.000000e+00  
  3   2  23   2.287515e+02    2.287515e+02    3.204567e+03    3.204567e+03    0.000000e+00  
  3   2  24   2.328283e+02    2.328283e+02    3.327960e+03    3.327960e+03    0.000000e+00  
  3   2  25   2.369051e+02    2.369051e+02    3.453789e+03    3.453789e+03    0.000000e+00  
  3   2  26   2.409819e+02    2.409819e+02    3.582058e+03    3.582058e+03    0.000000e+00  
  3   2  27   2.450587e+02    2.450587e+02    3.712772e+03    3.712772e+03    0.000000e+00  
  3   2  28   2.491355e+02    2.491355e+02    3.845938e+03    3.845938e+03    0.000000e+00  
  3   2  29   2.532123e+02    2.532123e+02    3.981561e+03    3.981561e+03    0.000000e+00  
  3   2  30   2.572891e+02    2.572891e+02    4.119646e+03    4.119646e+03    0.000000e+00  
  3   2  31   2.613659e+02    2.613659e+02    4.260199e+03    4.260199e+03    0.000000e+00  
  3   2  32   2.654427e+02    2.654427e+02    4.403227e+03    4.403227e+03    0.000000e+00  
  3   2  33   2.695195e+02    2.695195e+02    4.548735e+03    4.548735e+03    0.000000e+00  
  3   2  34   2.735963e+02    2.735963e+02    4.696729e+03    4.696729e+03    0.000000e+00  
  3   2  35   2.776731e+02    2.776731e+02    4.847216e+03    4.847216e+03    0.000000e+00  
  3   2  36   2.817499e+02    2.817499e+02    5.000202e+03    5.000202e+03    0.000000e+00  
  3   2  37   2.858267e+02    2.858267e+02    5.155694e+03    5.155694e+03    0.000000e+00  
  3   2  38   2.899035e+02    2.899035e+02    5.313698e+03    5.313698e+03    0.000000e+00  
  3   2  39   2.939803e+02    2.939803e+02    5.474222e+03    5.474222e+03    0.000000e+00  
  3   2  40   2.980571e+02    2.980571e+02    5.637272e+03    5.637272e+03    0.000000e+00  
  3   2  41   3.021339e+02    3.021339e+02    5.802856e+03    5.802856e+03    0.000000e+00  
  3   2  42   3.062107e+02    3.062107e+02    5.970981e+03    5.970981e+03    0.000000e+00  
  3   2  43   3.102875e+02    3.102875e+02    6.141655e+03    6.141655e+03    0.000000e+00  
  3   2  44   3.143643e+02    3.143643e+02    6.314886e+03    6.314886e+03    0.000000e+00  
  3   2  45   3.184411e+02    3.184411e+02    6.490682e+03    6.490682e+03    0.000000e+00  
  3   2  46   3.225179e+02    3.225179e+02    6.669053e+03    6.669053e+03    0.000000e+00  
  3   2  47   3.265947e+02    3.265947e+02    6.850006e+03    6.850006e+03    0.000000e+00  
  3   2  48   3.306715e+02    3.306715e+02    7.033551e+03    7.033551e+03    0.000000e+00  
  3   2  49   3.347483e+02    3.347483e+02    7.219699e+03    7.219699e+03    0.000000e+00  
  3   2  50   3.388251e+02    3.388251e+02    7.408458e+03    7.408458e+03    0.000000e+00  
  3   2  51   3.429019e+02    3.429019e+02    7.599839e+03    7.599839e+03    0.000000e+00  
  3   2  52   3.469787e+02    3.469787e+02    7.793853e+03    7.793853e+03    0.000000e+00  
  3   2  53   3.510555e+02    3.510555e+02    7.990513e+03    7.990513e+03    0.000000e+00  
  3   2  54   3.551323e+02    3.551323e+02    8.189829e+03    8.189829e+03    0.000000e+00  
  3   2  55   3.592091e+02    3.592091e+02    8.391815e+03    8.391815e+03    0.000000e+00  
  3   2  56   3.632859e+02    3.632859e+02    8.596484e+03    8.596484e+03    0.000000e+00  
  3   2  57   3.673627e+02    3.673627e+02    8.803850e+03    8.803850e+03    0.000000e+00  
  3   2  58   3.714395e+02    3.714395e+02    9.013929e+03    9.013929e+03    0.000000e+00  
  3   2  59   3.755163e+02    3.755163e+02    9.226735e+03    9.226735e+03    0.000000e+00  
  3   2  60   3.795931e+02    3.795931e+02    9.442287e+03    9.442287e+03    0.000000e+00  
  3   2  61   3.836699e+02    3.836699e+02    9.660601e+03    9.660601e+03    0.000000e+00  
  3   2  62   3.877467e+02    3.877467e+02    9.881699e+03    9.881699e+03    0.000000e+00  
  3   3   1   2.181513e+02    2.181513e+02    2.895085e+03    2.895085e+03    0.000000e+00  
  3   3   2   2.215975e+02    2.215975e+02    2.993904e+03    2.993904e+03    0.000000e+00  
  3   3   3   2.250437e+02    2.250437e+02    3.094453e+03    3.094453e+03    0.000000e+00  
  3   3   4   2.284900e+02    2.284900e+02    3.196735e+03    3.196735e+03    0.000000e+00  
  3   3   5   2.319362e+02    2.319362e+02    3.300752e+03    3.300752e+03    0.000000e+00  
  4   1   1   1.330623e+02    1.330623e+02    9.950082e+02    9.950082e+02    0.000000e+00  
  4   1   2   1.370406e+02    1.370406e+02    1.061068e+03    1.061068e+03    0.000000e+00  
  4   1   3   1.410190e+02    1.410190e+02    1.129331e+03    1.129331e+03    0.000000e+00  
  4   1   4   1.449973e+02    1.449973e+02    1.199802e+03    1.199802e+03    0.000000e+00  
  4   1   5   1.489757e+02    1.489757e+02    1.272485e+03    1.272485e+03    0.000000e+00  
  4   1   6   1.517041e+02    1.517041e+02    1.323614e+03    1.323614e+03    0.000000e+00  
  4   1   7   1.556824e+02    1.556824e+02    1.400040e+03    1.400040e+03    0.000000e+00  
  4   1   8   1.596607e+02    1.596607e+02    1.478692e+03    1.478692e+03    0.000000e+00  
  4   1   9   1.636391e+02    1.636391e+02    1.559575e+03    1.559575e+03    0.000000e+00  
  4   1  10   1.676174e+02    1.676174e+02    1.642694e+03    1.642694e+03    0.000000e+00  
  4   1  11   1.715958e+02    1.715958e+02    1.728054e+03    1.728054e+03    0.000000e+00  
  4   1  12   1.755742e+02    1.755742e+02    1.815659e+03    1.815659e+03    0.000000e+00  
  4   1  13   1.795525e+02    1.795525e+02    1.905514e+03    1.905514e+03    0.000000e+00  
  4   1  14   1.835309e+02    1.835309e+02    1.997625e+03    1.997625e+03    0.000000e+00  
  4   1  15   1.875092e+02    1.875092e+02    2.091994e+03    2.091994e+03    0.000000e+00  
  4   1  16   1.914876e+02    1.914876e+02    2.188629e+03    2.188629e+03    0.000000e+00  
  4   1  17   1.954659e+02    1.954659e+02    2.287532e+03    2.287532e+03    0.000000e+00  
  4   1  18   1.994443e+02    1.994443e+02    2.388709e+03    2.388709e+03    0.000000e+00  
  4   1  19   2.034226e+02    2.034226e+02    2.492164e+03    2.492164e+03    0.000000e+00  
  4   1  20   2.074009e+02    2.074009e+02    2.597902e+03    2.597902e+03    0.000000e+00  
  4   1  21   2.113793e+02    2.113793e+02    2.705928e+03    2.705928e+03    0.000000e+00  
  4   1  22   2.153577e+02    2.153577e+02    2.816246e+03    2.816246e+03    0.000000e+00  
  4   1  23   2.193360e+02    2.193360e+02    2.928862e+03    2.928862e+03    0.000000e+00  
  4   2   1   1.390619e+02    1.390619e+02    1.095474e+03    1.095474e+03    0.000000e+00  
  4   2   2   1.431387e+02    1.431387e+02    1.166603e+03    1.166603e+03    0.000000e+00  
  4   2   3   1.472155e+02    1.472155e+02    1.240054e+03    1.240054e+03    0.000000e+00  
  4   2   4   1.512923e+02    1.512923e+02    1.315831e+03    1.315831e+03    0.000000e+00  
  4   2   5   1.553691e+02    1.553691e+02    1.393940e+03    1.393940e+03    0.000000e+00  
  4   2   6   1.594459e+02    1.594459e+02    1.474387e+03    1.474387e+03    0.000000e+00  
  4   2   7   1.635227e+02    1.635227e+02    1.557176e+03    1.557176e+03    0.000000e+00  
  4   2   8   1.675995e+02    1.675995e+02    1.642313e+03    1.642313e+03    0.000000e+00  
  4   2   9   1.716763e+02    1.716763e+02    1.729803e+03    1.729803e+03    0.000000e+00  
  4   2  10   1.757531e+02    1.757531e+02    1.819652e+03    1.819652e+03    0.000000e+00  
  4   2  11   1.798299e+02    1.798299e+02    1.911863e+03    1.911863e+03    0.000000e+00  
  4   2  12   1.839067e+02    1.839067e+02    2.006443e+03    2.006443e+03    0.000000e+00  
  4   2  13   1.879835e+02    1.879835e+02    2.103396e+03    2.103396e+03    0.000000e+00  
  4   2  14   1.920603e+02    1.920603e+02    2.202727e+03    2.202727e+03    0.000000e+00  
  4   2  15   1.961371e+02    1.961371e+02    2.304442e+03    2.304442e+03    0.000000e+00  
  4   2  16   2.002139e+02    2.002139e+02    2.408545e+03    2.408545e+03    0.000000e+00  
  4   2  17   2.042907e+02    2.042907e+02    2.515041e+03    2.515041e+03    0.000000e+00  
  4   2  18   2.083675e+02    2.083675e+02    2.623936e+03    2.623936e+03    0.000000e+00  
  4   2  19   2.124443e+02    2.124443e+02    2.735234e+03    2.735234e+03    0.000000e+00  
  4   2  20   2.165211e+02    2.165211e+02    2.848942e+03    2.848942e+03    0.000000e+00  
  4   2  21   2.205979e+02    2.205979e+02    2.965063e+03    2.965063e+03    0.000000e+00  
  4   2  22   2.246747e+02    2.246747e+02    3.083602e+03    3.083602e+03    0.000000e+00  
  4   2  23   2.287515e+02    2.287515e+02    3.204567e+03    3.204567e+03    0.000000e+00  
  4   2  24   2.328283e+02    2.328283e+02    3.327960e+03    3.327960e+03    0.000000e+00  
  4   2  25   2.369051e+02    2.369051e+02    3.453789e+03    3.453789e+03    0.000000e+00  
  4   2  26   2.409819e+02    2.409819e+02    3.582058e+03    3.582058e+03    0.000000e+00  
  4   2  27   2.450587e+02    2.450587e+02    3.712772e+03    3.712772e+03    0.000000e+00  
  4   2  28   2.491355e+02    2.491355e+02    3.845938e+03    3.845938e+03    0.000000e+00  
  4   2  29   2.532123e+02    2.532123e+02    3.981561e+03    3.981561e+03    0.000000e+00  
  4   2  30   2.572891e+02    2.572891e+02    4.119646e+03    4.119646e+03    0.000000e+00  
  4   2  31   2.613659e+02    2.613659e+02    4.260199e+03    4.260199e+03    0.000000e+00  
  4   2  32   2.654427e+02    2.654427e+02    4.403227e+03    4.403227e+03    0.000000e+00  
  4   2  33   2.695195e+02    2.695195e+02    4.548735e+03    4.548735e+03    0.000000e+00  
  4   2  34   2.735963e+02    2.735963e+02    4.696729e+03    4.696729e+03    0.000000e+00  
  4   2  35   2.776731e+02    2.776731e+02    4.847216e+03    4.847216e+03    0.000000e+00  
  4   2  36   2.817499e+02    2.817499e+02    5.000202e+03    5.000202e+03    0.000000e+00  
  4   2  37   2.858267e+02    2.858267e+02    5.155694e+03    5.155694e+03    0.000000e+00  
  4   2  38   2.899035e+02    2.899035e+02    5.313698e+03    5.313698e+03    0.000000e+00  
  4   2  39   2.939803e+02    2.939803e+02    5.474222e+03    5.474222e+03    0.000000e+00  
  4   2  40   2.980571e+02    2.980571e+02    5.637272e+03    5.637272e+03    0.000000e+00  
  4   2  41   3.021339e+02    3.021339e+02    5.802856e+03    5.802856e+03    0.000000e+00  
  4   2  42   3.062107e+02    3.062107e+02    5.970981e+03    5.970981e+03    0.000000e+00  
  4   2  43   3.102875e+02    3.102875e+02    6.141655e+03    6.141655e+03    0.000000e+00  
  4   2  44   3.143643e+02    3.143643e+02    6.314886e+03    6.314886e+03    0.000000e+00  
  4   2  45   3.184411e+02    3.184411e+02    6.490682e+03    6.490682e+03    0.000000e+00  
  4   2  46   3.225179e+02    3.225179e+02    6.669053e+03    6.669053e+03    0.000000e+00  
  4   2  47   3.265947e+02    3.265947e+02    6.850006e+03    6.850006e+03    0.000000e+00  
  4   2  48   3.306715e+02    3.306715e+02    7.033551e+03    7.033551e+03    0.000000e+00  
  4   2  49   3.347483e+02    3.347483e+02    7.219699e+03    7.219699e+03    0.000000e+00  
  4   2  50   3.388251e+02    3.388251e+02    7.408458e+03    7.408458e+03    0.000000e+00  
  4   2  51   3.429019e+02    3.429019e+02    7.599839e+03    7.599839e+03    0.000000e+00  
  4   2  52   3.469787e+02    3.469787e+02    7.793853e+03    7.793853e+03    0.000000e+00  
  4   2  53   3.510555e+02    3.510555e+02    7.990513e+03    7.990513e+03    0.000000e+00  
  4   2  54   3.551323e+02    3.551323e+02    8.189829e+03    8.189829e+03    0.000000e+00  
  4   2  55   3.592091e+02    3.592091e+02    8.391815e+03    8.391815e+03    0.000000e+00  
  4   2  56   3.632859e+02    3.632859e+02    8.596484e+03    8.596484e+03    0.000000e+00  
  4   2  57   3.673627e+02    3.673627e+02    8.803850e+03    8.803850e+03    0.000000e+00  
  4   2  58   3.714395e+02    3.714395e+02    9.013929e+03    9.013929e+03    0.000000e+00  
  4   2  59   3.755163e+02    3.755163e+02    9.226735e+03    9.226735e+03    0.000000e+00  
  4   2  60   3.795931e+02    3.795931e+02    9.442287e+03    9.442287e+03    0.000000e+00  
  4   2  61   3.836699e+02    3.836699e+02    9.660601e+03    9.660601e+03    0.000000e+00  
  4   2  62   3.877467e+02    3.877467e+02    9.881699e+03    9.881699e+03    0.000000e+00  
  4   3   1   2.181513e+02    2.181513e+02    2.895085e+03    2.895085e+03    0.000000e+00  
  4   3   2   2.215975e+02    2.215975e+02    2.993904e+03    2.993904e+03    0.000000e+00  
  4   3   3   2.250437e+02    2.250437e+02    3.094453e+03    3.094453e+03    0.000000e+00  
  4   3   4   2.284900e+02    2.284900e+02    3.196735e+03    3.196735e+03    0.000000e+00  
  4   3   5   2.319362e+02    2.319362e+02    3.300752e+03    3.300752e+03    0.000000e+00  
  5   1   1   1.330623e+02    1.330623e+02    9.950082e+02    9.950082e+02    0.000000e+00  
  5   1   2   1.370406e+02    1.370406e+02    1.061068e+03    1.061068e+03    0.000000e+00  
  5   1   3   1.410190e+02    1.410190e+02    1.129331e+03    1.129331e+03    0.000000e+00  
  5   1   4   1.449973e+02    1.449973e+02    1.199802e+03    1.199802e+03    0.000000e+00  
  5   1   5   1.489757e+02    1.489757e+02    1.272485e+03    1.272485e+03    0.000000e+00  
  5   1   6   1.517041e+02    1.517041e+02    1.323614e+03    1.323614e+03    0.000000e+00  
  5   1   7   1.556824e+02    1.556824e+02    1.400040e+03    1.400040e+03    0.000000e+00  
  5   1   8   1.596607e+02    1.596607e+02    1.478692e+03    1.478692e+03    0.000000e+00  
  5   1   9   1.636391e+02    1.636391e+02    1.559575e+03    1.559575e+03    0.000000e+00  
  5   1  10   1.676174e+02    1.676174e+02    1.642694e+03    1.642694e+03    0.000000e+00  
  5   1  11   1.715958e+02    1.715958e+02    1.728054e+03    1.728054e+03    0.000000e+00  
  5   1  12   1.755742e+02    1.755742e+02    1.815659e+03    1.815659e+03    0.000000e+00  
  5   1  13   1.795525e+02    1.795525e+02    1.905514e+03    1.905514e+03    0.000000e+00  
  5   1  14   1.835309e+02    1.835309e+02    1.997625e+03    1.997625e+03    0.000000e+00  
  5   1  15   1.875092e+02    1.875092e+02    2.091994e+03    2.091994e+03    0.000000e+00  
  5   1  16   1.914876e+02    1.914876e+02    2.188629e+03    2.188629e+03    0.000000e+00  
  5   1  17   1.954659e+02    1.954659e+02    2.287532e+03    2.287532e+03    0.000000e+00  
  5   1  18   1.994443e+02    1.994443e+02    2.388709e+03    2.388709e+03    0.000000e+00  
  5   1  19   2.034226e+02    2.034226e+02    2.492164e+03    2.492164e+03    0.000000e+00  
  5   1  20   2.074009e+02    2.074009e+02    2.597902e+03    2.597902e+03    0.000000e+00  
  5   1  21   2.113793e+02    2.113793e+02    2.705928e+03    2.705928e+03    0.000000e+00  
  5   1  22   2.153577e+02    2.153577e+02    2.816246e+03    2.816246e+03    0.000000e+00  
  5   1  23   2.193360e+02    2.193360e+02    2.928862e+03    2.928862e+03    0.000000e+00  
  5   2   1   1.390619e+02    1.390619e+02    1.095474e+03    1.095474e+03    0.000000e+00  
  5   2   2   1.431387e+02    1.431387e+02    1.166603e+03    1.166603e+03    0.000000e+00  
  5   2   3   1.472155e+02    1.472155e+02    1.240054e+03    1.240054e+03    0.000000e+00  
  5   2   4   1.512923e+02    1.512923e+02    1.315831e+03    1.315831e+03    0.000000e+00  
  5   2   5   1.553691e+02    1.553691e+02    1.393940e+03    1.393940e+03    0.000000e+00  
  5   2   6   1.594459e+02    1.594459e+02    1.474387e+03    1.474387e+03    0.000000e+00  
  5   2   7   1.635227e+02    1.635227e+02    1.557176e+03    1.557176e+03    0.000000e+00  
  5   2   8   1.675995e+02    1.675995e+02    1.642313e+03    1.642313e+03    0.000000e+00  
  5   2   9   1.716763e+02    1.716763e+02    1.729803e+03    1.729803e+03    0.000000e+00  
  5   2  10   1.757531e+02    1.757531e+02    1.819652e+03    1.819652e+03    0.000000e+00  
  5   2  11   1.798299e+02    1.798299e+02    1.911863e+03    1.911863e+03    0.000000e+00  
  5   2  12   1.839067e+02    1.839067e+02    2.006443e+03    2.006443e+03    0.000000e+00  
  5   2  13   1.879835e+02    1.879835e+02    2.103396e+03    2.103396e+03    0.000000e+00  
  5   2  14   1.920603e+02    1.920603e+02    2.202727e+03    2.202727e+03    0.000000e+00  
  5   2  15   1.961371e+02    1.961371e+02    2.304442e+03    2.304442e+03    0.000000e+00  
  5   2  16   2.002139e+02    2.002139e+02    2.408545e+03    2.408545e+03    0.000000e+00  
  5   2  17   2.042907e+02    2.042907e+02    2.515041e+03    2.515041e+03    0.000000e+00  
  5   2  18   2.083675e+02    2.083675e+02    2.623936e+03    2.623936e+03    0.000000e+00  
  5   2  19   2.124443e+02    2.124443e+02    2.735234e+03    2.735234e+03    0.000000e+00  
  5   2  20   2.165211e+02    2.165211e+02    2.848942e+03    2.848942e+03    0.000000e+00  
  5   2  21   2.205979e+02    2.205979e+02    2.965063e+03    2.965063e+03    0.000000e+00  
  5   2  22   2.246747e+02    2.246747e+02    3.083602e+03    3.083602e+03    0.000000e+00  
  5   2  23   2.287515e+02    2.287515e+02    3.204567e+03    3.204567e+03    0.000000e+00  
  5   2  24   2.328283e+02    2.328283e+02    3.327960e+03    3.327960e+03    0.000000e+00  
  5   2  25   2.369051e+02    2.369051e+02    3.453789e+03    3.453789e+03    0.000000e+00  
  5   2  26   2.409819e+02    2.409819e+02    3.582058e+03    3.582058e+03    0.000000e+00  
  5   2  27   2.450587e+02    2.450587e+02    3.712772e+03    3.712772e+03    0.000000e+00  
  5   2  28   2.491355e+02    2.491355e+02    3.845938e+03    3.845938e+03    0.000000e+00  
  5   2  29   2.532123e+02    2.532123e+02    3.981561e+03    3.981561e+03    0.000000e+00  
  5   2  30   2.572891e+02    2.572891e+02    4.119646e+03    4.119646e+03    0.000000e+00  
  5   2  31   2.613659e+02    2.613659e+02    4.260199e+03    4.260199e+03    0.000000e+00  
  5   2  32   2.654427e+02    2.654427e+02    4.403227e+03    4.403227e+03    0.000000e+00  
  5   2  33   2.695195e+02    2.695195e+02    4.548735e+03    4.548735e+03    0.000000e+00  
  5   2  34   2.735963e+02    2.735963e+02    4.696729e+03    4.696729e+03    0.000000e+00  
  5   2  35   2.776731e+02    2.776731e+02    4.847216e+03    4.847216e+03    0.000000e+00  
  5   2  36   2.817499e+02    2.817499e+02    5.000202e+03    5.000202e+03    0.000000e+00  
  5   2  37   2.858267e+02    2.858267e+02    5.155694e+03    5.155694e+03    0.000000e+00  
  5   2  38   2.899035e+02    2.899035e+02    5.313698e+03    5.313698e+03    0.000000e+00  
  5   2  39   2.939803e+02    2.939803e+02    5.474222e+03    5.474222e+03    0.000000e+00  
  5   2  40   2.980571e+02    2.980571e+02    5.637272e+03    5.637272e+03    0.000000e+00  
  5   2  41   3.021339e+02    3.021339e+02    5.802856e+03    5.802856e+03    0.000000e+00  
  5   2  42   3.062107e+02    3.062107e+02    5.970981e+03    5.970981e+03    0.000000e+00  
  5   2  43   3.102875e+02    3.102875e+02    6.141655e+03    6.141655e+03    0.000000e+00  
  5   2  44   3.143643e+02    3.143643e+02    6.314886e+03    6.314886e+03    0.000000e+00  
  5   2  45   3.184411e+02    3.184411e+02    6.490682e+03    6.490682e+03    0.000000e+00  
  5   2  46   3.225179e+02    3.225179e+02    6.669053e+03    6.669053e+03    0.000000e+00  
  5   2  47   3.265947e+02    3.265947e+02    6.850006e+03    6.850006e+03    0.000000e+00  
  5   2  48   3.306715e+02    3.306715e+02    7.033551e+03    7.033551e+03    0.000000e+00  
  5   2  49   3.347483e+02    3.347483e+02    7.219699e+03    7.219699e+03    0.000000e+00  
  5   2  50   3.388251e+02    3.388251e+02    7.408458e+03    7.408458e+03    0.000000e+00  
  5   2  51   3.429019e+02    3.429019e+02    7.599839e+03    7.599839e+03    0.000000e+00  
  5   2  52   3.469787e+02    3.469787e+02    7.793853e+03    7.793853e+03    0.000000e+00  
  5   2  53   3.510555e+02    3.510555e+02    7.990513e+03    7.990513e+03    0.000000e+00  
  5   2  54   3.551323e+02    3.551323e+02    8.189829e+03    8.189829e+03    0.000000e+00  
  5   2  55   3.592091e+02    3.592091e+02    8.391815e+03    8.391815e+03    0.000000e+00  
  5   2  56   3.632859e+02    3.632859e+02    8.596484e+03    8.596484e+03    0.000000e+00  
  5   2  57   3.673627e+02    3.673627e+02    8.803850e+03    8.803850e+03    0.000000e+00  
  5   2  58   3.714395e+02    3.714395e+02    9.013929e+03    9.013929e+03    0.000000e+00  
  5   2  59   3.755163e+02    3.755163e+02    9.226735e+03    9.226735e+03    0.000000e+00  
  5   2  60   3.795931e+02    3.795931e+02    9.442287e+03    9.442287e+03    0.000000e+00  
  5   2  61   3.836699e+02    3.836699e+02    9.660601e+03    9.660601e+03    0.000000e+00  
  5   2  62   3.877467e+02    3.877467e+02    9.881699e+03    9.881699e+03    0.000000e+00  
  5   3   1   2.181513e+02    2.181513e+02    2.895085e+03    2.895085e+03    0.000000e+00  
  5   3   2   2.215975e+02    2.215975e+02    2.993904e+03    2.993904e+03    0.000000e+00  
  5   3   3   2.250437e+02    2.250437e+02    3.094453e+03    3.094453e+03    0.000000e+00  
  5   3   4   2.284900e+02    2.284900e+02    3.196735e+03    3.196735e+03    0.000000e+00  
  5   3   5   2.319362e+02    2.319362e+02    3.300752e+03    3.300752e+03    0.000000e+00  
  6   1   1   1.330623e+02    1.330623e+02    9.950082e+02    9.950082e+02    0.000000e+00  
  6   1   2   1.370406e+02    1.370406e+02    1.061068e+03    1.061068e+03    0.000000e+00  
  6   1   3   1.410190e+02    1.410190e+02    1.129331e+03    1.129331e+03    0.000000e+00  
  6   1   4   1.449973e+02    1.449973e+02    1.199802e+03    1.199802e+03    0.000000e+00  
  6   1   5   1.489757e+02    1.489757e+02    1.272485e+03    1.272485e+03    0.000000e+00  
  6   1   6   1.517041e+02    1.517041e+02    1.323614e+03    1.323614e+03    0.000000e+00  
  6   1   7   1.556824e+02    1.556824e+02    1.400040e+03    1.400040e+03    0.000000e+00  
  6   1   8   1.596607e+02    1.596607e+02    1.478692e+03    1.478692e+03    0.000000e+00  
  6   1   9   1.636391e+02    1.636391e+02    1.559575e+03    1.559575e+03    0.000000e+00  
  6   1  10   1.676174e+02    1.676174e+02    1.642694e+03    1.642694e+03    0.000000e+00  
  6   1  11   1.715958e+02    1.715958e+02    1.728054e+03    1.728054e+03    0.000000e+00  
  6   1  12   1.755742e+02    1.755742e+02    1.815659e+03    1.815659e+03    0.000000e+00  
  6   1  13   1.795525e+02    1.795525e+02    1.905514e+03    1.905514e+03    0.000000e+00  
  6   1  14   1.835309e+02    1.835309e+02    1.997625e+03    1.997625e+03    0.000000e+00  
  6   1  15   1.875092e+02    1.875092e+02    2.091994e+03    2.091994e+03    0.000000e+00  
  6   1  16   1.914876e+02    1.914876e+02    2.188629e+03    2.188629e+03    0.000000e+00  
  6   1  17   1.954659e+02    1.954659e+02    2.287532e+03    2.287532e+03    0.000000e+00  
  6   1  18   1.994443e+02    1.994443e+02    2.388709e+03    2.388709e+03    0.000000e+00  
  6   1  19   2.034226e+02    2.034226e+02    2.492164e+03    2.492164e+03    0.000000e+00  
  6   1  20   2.074009e+02    2.074009e+02    2.597902e+03    2.597902e+03    0.000000e+00  
  6   1  21   2.113793e+02    2.113793e+02    2.705928e+03    2.705928e+03    0.000000e+00  
  6   1  22   2.153577e+02    2.153577e+02    2.816246e+03    2.816246e+03    0.000000e+00  
  6   1  23   2.193360e+02    2.193360e+02    2.928862e+03    2.928862e+03    0.000000e+00  
  6   2   1   1.390619e+02    1.390619e+02    1.095474e+03    1.095474e+03    0.000000e+00  
  6   2   2   1.431387e+02    1.431387e+02    1.166603e+03    1.166603e+03    0.000000e+00  
  6   2   3   1.472155e+02    1.472155e+02    1.240054e+03    1.240054e+03    0.000000e+00  
  6   2   4   1.512923e+02    1.512923e+02    1.315831e+03    1.315831e+03    0.000000e+00  
  6   2   5   1.553691e+02    1.553691e+02    1.393940e+03    1.393940e+03    0.000000e+00  
  6   2   6   1.594459e+02    1.594459e+02    1.474387e+03    1.474387e+03    0.000000e+00  
  6   2   7   1.635227e+02    1.635227e+02    1.557176e+03    1.557176e+03    0.000000e+00  
  6   2   8   1.675995e+02    1.675995e+02    1.642313e+03    1.642313e+03    0.000000e+00  
  6   2   9   1.716763e+02    1.716763e+02    1.729803e+03    1.729803e+03    0.000000e+00  
  6   2  10   1.757531e+02    1.757531e+02    1.819652e+03    1.819652e+03    0.000000e+00  
  6   2  11   1.798299e+02    1.798299e+02    1.911863e+03    1.911863e+03    0.000000e+00  
  6   2  12   1.839067e+02    1.839067e+02    2.006443e+03    2.006443e+03    0.000000e+00  
  6   2  13   1.879835e+02    1.879835e+02    2.103396e+03    2.103396e+03    0.000000e+00  
  6   2  14   1.920603e+02    1.920603e+02    2.202727e+03    2.202727e+03    0.000000e+00  
  6   2  15   1.961371e+02    1.961371e+02    2.304442e+03    2.304442e+03    0.000000e+00  
  6   2  16   2.002139e+02    2.002139e+02    2.408545e+03    2.408545e+03    0.000000e+00  
  6   2  17   2.042907e+02    2.042907e+02    2.515041e+03    2.515041e+03    0.000000e+00  
  6   2  18   2.083675e+02    2.083675e+02    2.623936e+03    2.623936e+03    0.000000e+00  
  6   2  19   2.124443e+02    2.124443e+02    2.735234e+03    2.735234e+03    0.000000e+00  
  6   2  20   2.165211e+02    2.165211e+02    2.848942e+03    2.848942e+03    0.000000e+00  
  6   2  21   2.205979e+02    2.205979e+02    2.965063e+03    2.965063e+03    0.000000e+00  
  6   2  22   2.246747e+02    2.246747e+02    3.083602e+03    3.083602e+03    0.000000e+00  
  6   2  23   2.287515e+02    2.287515e+02    3.204567e+03    3.204567e+03    0.000000e+00  
  6   2  24   2.328283e+02    2.328283e+02    3.327960e+03    3.327960e+03    0.000000e+00  
  6   2  25   2.369051e+02    2.369051e+02    3.453789e+03    3.453789e+03    0.000000e+00  
  6   2  26   2.409819e+02    2.409819e+02    3.582058e+03    3.582058e+03    0.000000e+00  
  6   2  27   2.450587e+02    2.450587e+02    3.712772e+03    3.712772e+03    0.000000e+00  
  6   2  28   2.491355e+02    2.491355e+02    3.845938e+03    3.845938e+03    0.000000e+00  
  6   2  29   2.532123e+02    2.532123e+02    3.981561e+03    3.981561e+03    0.000000e+00  
  6   2  30   2.572891e+02    2.572891e+02    4.119646e+03    4.119646e+03    0.000000e+00  
  6   2  31   2.613659e+02    2.613659e+02    4.260199e+03    4.260199e+03    0.000000e+00  
  6   2  32   2.654427e+02    2.654427e+02    4.403227e+03    4.403227e+03    0.000000e+00  
  6   2  33   2.695195e+02    2.695195e+02    4.548735e+03    4.548735e+03    0.000000e+00  
  6   2  34   2.735963e+02    2.735963e+02    4.696729e+03    4.696729e+03    0.000000e+00  
  6   2  35   2.776731e+02    2.776731e+02    4.847216e+03    4.847216e+03    0.000000e+00  
  6   2  36   2.817499e+02    2.817499e+02    5.000202e+03    5.000202e+03    0.000000e+00  
  6   2  37   2.858267e+02    2.858267e+02    5.155694e+03    5.155694e+03    0.000000e+00  
  6   2  38   2.899035e+02    2.899035e+02    5.313698e+03    5.313698e+03    0.000000e+00  
  6   2  39   2.939803e+02    2.939803e+02    5.474222e+03    5.474222e+03    0.000000e+00  
  6   2  40   2.980571e+02    2.980571e+02    5.637272e+03    5.637272e+03    0.000000e+00  
  6   2  41   3.021339e+02    3.021339e+02    5.802856e+03    5.802856e+03    0.000000e+00  
  6   2  42   3.062107e+02    3.062107e+02    5.970981e+03    5.970981e+03    0.000000e+00  
  6   2  43   3.102875e+02    3.102875e+02    6.141655e+03    6.141655e+03    0.000000e+00  
  6   2  44   3.143643e+02    3.143643e+02    6.314886e+03    6.314886e+03    0.000000e+00  
  6   2  45   3.184411e+02    3.184411e+02    6.490682e+03    6.490682e+03    0.000000e+00  
  6   2  46   3.225179e+02    3.225179e+02    6.669053e+03    6.669053e+03    0.000000e+00  
  6   2  47   3.265947e+02    3.265947e+02    6.850006e+03    6.850006e+03    0.000000e+00  
  6   2  48   3.306715e+02    3.306715e+02    7.033551e+03    7.033551e+03    0.000000e+00  
  6   2  49   3.347483e+02    3.347483e+02    7.219699e+03    7.219699e+03    0.000000e+00  
  6   2  50   3.388251e+02    3.388251e+02    7.408458e+03    7.408458e+03    0.000000e+00  
  6   2  51   3.429019e+02    3.429019e+02    7.599839e+03    7.599839e+03    0.000000e+00  
  6   2  52   3.469787e+02    3.469787e+02    7.793853e+03    7.793853e+03    0.000000e+00  
  6   2  53   3.510555e+02    3.510555e+02    7.990513e+03    7.990513e+03    0.000000e+00  
  6   2  54   3.551323e+02    3.551323e+02    8.189829e+03    8.189829e+03    0.000000e+00  
  6   2  55   3.592091e+02    3.592091e+02    8.391815e+03    8.391815e+03    0.000000e+00  
  6   2  56   3.632859e+02    3.632859e+02    8.596484e+03    8.596484e+03    0.000000e+00  
  6   2  57   3.673627e+02    3.673627e+02    8.803850e+03    8.803850e+03    0.000000e+00  
  6   2  58   3.714395e+02    3.714395e+02    9.013929e+03    9.013929e+03    0.000000e+00  
  6   2  59   3.755163e+02    3.755163e+02    9.226735e+03    9.226735e+03    0.000000e+00  
  6   2  60   3.795931e+02    3.795931e+02    9.442287e+03    9.442287e+03    0.000000e+00  
  6   2  61   3.836699e+02    3.836699e+02    9.660601e+03    9.660601e+03    0.000000e+00  
  6   2  62   3.877467e+02    3.877467e+02    9.881699e+03    9.881699e+03    0.000000e+00  
  6   3   1   2.181513e+02    2.181513e+02    2.895085e+03    2.895085e+03    0.000000e+00  
  6   3   2   2.215975e+02    2.215975e+02    2.993904e+03    2.993904e+03    0.000000e+00  
  6   3   3   2.250437e+02    2.250437e+02    3.094453e+03    3.094453e+03    0.000000e+00  
  6   3   4   2.284900e+02    2.284900e+02    3.196735e+03    3.196735e+03    0.000000e+00  
  6   3   5   2.319362e+02    2.319362e+02    3.300752e+03    3.300752e+03    0.000000e+00  
