  1   1   1   1.400752e+02    1.400752e+02    2.800714e+02    2.800714e+02    -6.622618e-03  
  1   1   2   1.553916e+02    1.553916e+02    1.983124e+02    1.983124e+02    -4.898532e-04  
  1   1   3   1.592154e+02    1.592154e+02    1.496013e+02    1.496013e+02    2.954282e-03  
  1   1   4   1.670410e+02    1.670410e+02    1.505961e+02    1.505961e+02    4.016316e-03  
  1   1   5   1.704140e+02    1.704140e+02    1.198392e+02    1.198392e+02    4.768826e-04  
  1   1   6   1.712130e+02    1.712130e+02    1.088238e+02    1.088238e+02    -1.276011e-03  
  1   1   7   1.789976e+02    1.789976e+02    8.117731e+01    8.117731e+01    4.417963e-03  
  1   1   8   1.797158e+02    1.797158e+02    7.728436e+01    7.728436e+01    -4.536970e-03  
  1   1   9   1.826289e+02    1.826289e+02    7.297482e+01    7.297482e+01    -5.047710e-03  
  1   1  10   1.909365e+02    1.909365e+02    6.013805e+01    6.013805e+01    2.614770e-03  
  1   1  11   1.824835e+02    1.824835e+02    5.219115e+01    5.219115e+01    -1.800933e-02  
  1   1  12   1.901954e+02    1.901954e+02    4.933266e+01    4.933266e+01    -8.989121e-03  
  1   1  13   1.959002e+02    1.959002e+02    5.034538e+01    5.034538e+01    -7.927521e-03  
  1   1  14   2.047632e+02    2.047632e+02    5.003706e+01    5.003706e+01    4.600369e-03  
  1   1  15   2.064844e+02    2.064844e+02    5.667545e+01    5.667545e+01    2.549980e-03  
  1   1  16   2.072083e+02    2.072083e+02    4.721555e+01    4.721555e+01    -9.358077e-03  
  1   1  17   2.100191e+02    2.100191e+02    4.211984e+01    4.211984e+01    -7.300909e-03  
  1   1  18   2.190253e+02    2.190253e+02    4.985697e+01    4.985697e+01    3.998800e-03  
  1   1  19   2.235249e+02    2.235249e+02    4.186374e+01    4.186374e+01    -1.659497e-03  
  1   1  20   2.241431e+02    2.241431e+02    4.559719e+01    4.559719e+01    -6.398865e-03  
  1   1  21   2.289746e+02    2.289746e+02    4.564343e+01    4.564343e+01    4.157834e-03  
  1   1  22   2.319487e+02    2.319487e+02    4.405017e+01    4.405017e+01    -3.862016e-03  
  1   1  23   2.349721e+02    2.349721e+02    3.981290e+01    3.981290e+01    -8.288236e-03  
  1   2   1   1.376553e+02    1.376553e+02    1.066500e+03    1.066500e+03    -5.629556e-03  
  1   2   2   1.716862e+02    1.716862e+02    5.180933e+02    5.180933e+02    2.293039e-03  
  1   2   3   1.724923e+02    1.724923e+02    3.828391e+02    3.828391e+02    4.072443e-03  
  1   2   4   1.681122e+02    1.681122e+02    3.388314e+02    3.388314e+02    3.600140e-03  
  1   2   5   1.769425e+02    1.769425e+02    3.231525e+02    3.231525e+02    3.692337e-03  
  1   2   6   1.798694e+02    1.798694e+02    2.962514e+02    2.962514e+02    1.996192e-03  
  1   2   7   1.727670e+02    1.727670e+02    2.095233e+02    2.095233e+02    -6.494178e-03  
  1   2   8   1.925407e+02    1.925407e+02    1.829243e+02    1.829243e+02    4.274986e-03  
  1   2   9   1.941370e+02    1.941370e+02    1.728551e+02    1.728551e+02    5.002962e-03  
  1   2  10   1.898137e+02    1.898137e+02    1.585187e+02    1.585187e+02    -1.346058e-03  
  1   2  11   2.039019e+02    2.039019e+02    1.702307e+02    1.702307e+02    -4.495071e-04  
  1   2  12   1.986294e+02    1.986294e+02    1.537976e+02    1.537976e+02    -7.028272e-03  
  1   2  13   2.141480e+02    2.141480e+02    1.685604e+02    1.685604e+02    9.614394e-03  
  1   2  14   2.135545e+02    2.135545e+02    1.709576e+02    1.709576e+02    2.071163e-03  
  1   2  15   2.237177e+02    2.237177e+02    1.527456e+02    1.527456e+02    3.976508e-03  
  1   2  16   2.245669e+02    2.245669e+02    1.200605e+02    1.200605e+02    1.127856e-03  
  1   2  17   2.341456e+02    2.341456e+02    1.320180e+02    1.320180e+02    6.515075e-03  
  1   2  18   2.316567e+02    2.316567e+02    1.093376e+02    1.093376e+02    3.806188e-03  
  1   2  19   2.187983e+02    2.187983e+02    9.924535e+01    9.924535e+01    -1.382534e-02  
  1   2  20   2.404843e+02    2.404843e+02    1.083788e+02    1.083788e+02    -2.777596e-03  
  1   2  21   2.407326e+02    2.407326e+02    1.255508e+02    1.255508e+02    -7.222891e-04  
  1   2  22   2.363875e+02    2.363875e+02    1.161607e+02    1.161607e+02    -7.203557e-03  
  1   2  23   2.321340e+02    2.321340e+02    9.824814e+01    9.824814e+01    -1.650696e-02  
  1   2  24   2.456998e+02    2.456998e+02    9.125765e+01    9.125765e+01    -6.074808e-03  
  1   2  25   2.561745e+02    2.561745e+02    1.256745e+02    1.256745e+02    -1.950741e-03  
  1   2  26   2.648476e+02    2.648476e+02    1.171972e+02    1.171972e+02    7.674840e-03  
  1   2  27   2.634688e+02    2.634688e+02    1.169847e+02    1.169847e+02    -8.441454e-04  
  1   2  28   2.736152e+02    2.736152e+02    1.246439e+02    1.246439e+02    -5.445968e-04  
  1   2  29   2.880477e+02    2.880477e+02    1.083642e+02    1.083642e+02    9.537122e-03  
  1   2  30   2.872533e+02    2.872533e+02    1.212359e+02    1.212359e+02    8.670722e-03  
  1   2  31   2.841265e+02    2.841265e+02    1.048403e+02    1.048403e+02    3.827183e-03  
  1   2  32   2.818901e+02    2.818901e+02    1.150650e+02    1.150650e+02    -3.571927e-03  
  1   2  33   2.786559e+02    2.786559e+02    9.382919e+01    9.382919e+01    -1.212192e-02  
  1   2  34   3.036138e+02    3.036138e+02    1.009897e+02    1.009897e+02    7.223267e-03  
  1   2  35   2.971213e+02    2.971213e+02    8.886401e+01    8.886401e+01    -9.082840e-04  
  1   2  36   2.955992e+02    2.955992e+02    1.013700e+02    1.013700e+02    -8.012005e-03  
  1   2  37   3.193362e+02    3.193362e+02    1.109937e+02    1.109937e+02    1.399549e-02  
  1   2  38   3.094662e+02    3.094662e+02    9.676553e+01    9.676553e+01    -1.682348e-03  
  1   2  39   3.223054e+02    3.223054e+02    9.584946e+01    9.584946e+01    1.358924e-02  
  1   2  40   3.165750e+02    3.165750e+02    8.838571e+01    8.838571e+01    -4.455036e-03  
  1   2  41   3.258903e+02    3.258903e+02    1.006161e+02    1.006161e+02    2.999056e-03  
  1   2  42   3.183329e+02    3.183329e+02    9.112953e+01    9.112953e+01    -5.920226e-03  
  1   2  43   3.398249e+02    3.398249e+02    1.062827e+02    1.062827e+02    7.417957e-03  
  1   2  44   3.296105e+02    3.296105e+02    8.322045e+01    8.322045e+01    -1.363663e-02  
  1   2  45   3.332488e+02    3.332488e+02    8.264863e+01    8.264863e+01    -4.925325e-03  
  1   2  46   3.393683e+02    3.393683e+02    8.874933e+01    8.874933e+01    -2.084767e-03  
  1   2  47   3.627496e+02    3.627496e+02    1.002471e+02    1.002471e+02    1.730574e-02  
  1   2  48   3.579416e+02    3.579416e+02    9.439577e+01    9.439577e+01    7.830485e-03  
  1   2  49   3.380953e+02    3.380953e+02    8.262651e+01    8.262651e+01    -2.539156e-02  
  1   2  50   3.560923e+02    3.560923e+02    9.512034e+01    9.512034e+01    -2.718197e-03  
  1   2  51   3.686317e+02    3.686317e+02    8.387536e+01    8.387536e+01    -5.178498e-04  
  1   2  52   3.599851e+02    3.599851e+02    8.475479e+01    8.475479e+01    -9.425885e-03  
  1   2  53   3.709912e+02    3.709912e+02    8.078898e+01    8.078898e+01    -2.406078e-03  
  1   2  54   3.846524e+02    3.846524e+02    1.032524e+02    1.032524e+02    8.440639e-03  
  1   2  55   3.754782e+02    3.754782e+02    8.368901e+01    8.368901e+01    -6.759107e-03  
  1   2  56   3.864976e+02    3.864976e+02    9.674400e+01    9.674400e+01    -1.189014e-03  
  1   2  57   3.843166e+02    3.843166e+02    1.007438e+02    1.007438e+02    -4.096407e-03  
  1   2  58   3.993324e+02    3.993324e+02    9.332083e+01    9.332083e+01    4.849334e-03  
  1   2  59   4.140941e+02    4.140941e+02    9.933964e+01    9.933964e+01    1.115466e-02  
  1   2  60   4.011845e+02    4.011845e+02    9.636922e+01    9.636922e+01    -6.338533e-03  
  1   2  61   4.163974e+02    4.163974e+02    1.026704e+02    1.026704e+02    8.741754e-03  
  1   2  62   4.094006e+02    4.094006e+02    9.158917e+01    9.158917e+01    3.366720e-03  
  1   3   1   2.374111e+02    2.374111e+02    4.761549e+01    4.761549e+01    1.753818e-03  
  1   3   2   2.431628e+02    2.431628e+02    4.021835e+01    4.021835e+01    1.197658e-02  
  1   3   3   2.452056e+02    2.452056e+02    3.973603e+01    3.973603e+01    5.006074e-03  
  1   3   4   2.470770e+02    2.470770e+02    4.194915e+01    4.194915e+01    -7.209733e-03  
  1   3   5   2.552323e+02    2.552323e+02    5.253844e+01    5.253844e+01    4.518037e-03  
  2   1   1   1.622800e+02    1.622800e+02    2.502774e+02    2.502774e+02    4.792770e-03  
  2   1   2   1.452840e+02    1.452840e+02    1.668009e+02    1.668009e+02    -6.904556e-03  
  2   1   3   1.601682e+02    1.601682e+02    1.496554e+02    1.496554e+02    2.448826e-03  
  2   1   4   1.664081e+02    1.664081e+02    1.085581e+02    1.085581e+02    3.175479e-03  
  2   1   5   1.703420e+02    1.703420e+02    1.198821e+02    1.198821e+02    4.588834e-04  
  2   1   6   1.767784e+02    1.767784e+02    9.567120e+01    9.567120e+01    6.259966e-03  
  2   1   7   1.771734e+02    1.771734e+02    7.357584e+01    7.357584e+01    2.247308e-03  
  2   1   8   1.775743e+02    1.775743e+02    6.838508e+01    6.838508e+01    -8.461359e-03  
  2   1   9   1.810589e+02    1.810589e+02    6.766907e+01    6.766907e+01    -6.005046e-03  
  2   1  10   1.903720e+02    1.903720e+02    6.250743e+01    6.250743e+01    2.047607e-03  
  2   1  11   1.889525e+02    1.889525e+02    6.496702e+01    6.496702e+01    -4.944890e-03  
  2   1  12   1.970014e+02    1.970014e+02    6.510573e+01    6.510573e+01    5.159426e-03  
  2   1  13   2.019644e+02    2.019644e+02    6.974929e+01    6.974929e+01    7.972586e-03  
  2   1  14   2.009899e+02    2.009899e+02    4.673966e+01    4.673966e+01    -6.341617e-03  
  2   1  15   2.046546e+02    2.046546e+02    5.348382e+01    5.348382e+01    -4.693097e-03  
  2   1  16   2.134412e+02    2.134412e+02    5.125085e+01    5.125085e+01    5.797749e-03  
  2   1  17   2.143254e+02    2.143254e+02    4.711693e+01    4.711693e+01    -3.920969e-03  
  2   1  18   2.157928e+02    2.157928e+02    4.590586e+01    4.590586e+01    -9.490224e-03  
  2   1  19   2.265967e+02    2.265967e+02    4.213893e+01    4.213893e+01    6.551723e-03  
  2   1  20   2.248086e+02    2.248086e+02    4.720900e+01    4.720900e+01    -7.744670e-04  
  2   1  21   2.305910e+02    2.305910e+02    4.426742e+01    4.426742e+01    1.858770e-03  
  2   1  22   2.367501e+02    2.367501e+02    4.253357e+01    4.253357e+01    8.493596e-03  
  2   1  23   2.357177e+02    2.357177e+02    4.381989e+01    4.381989e+01    -5.445742e-03  
  2   2   1   1.543509e+02    1.543509e+02    1.466914e+03    1.466914e+03    1.966547e-03  
  2   2   2   1.939710e+02    1.939710e+02    2.013680e+03    2.013680e+03    1.328562e-02  
  2   2   3   1.692085e+02    1.692085e+02    3.640587e+02    3.640587e+02    5.121822e-03  
  2   2   4   1.756163e+02    1.756163e+02    3.647839e+02    3.647839e+02    3.687187e-03  
  2   2   5   1.642636e+02    1.642636e+02    2.693352e+02    2.693352e+02    -4.285820e-03  
  2   2   6   1.640223e+02    1.640223e+02    2.121662e+02    2.121662e+02    -1.467708e-02  
  2   2   7   1.919449e+02    1.919449e+02    2.076493e+02    2.076493e+02    -2.243321e-03  
  2   2   8   1.967782e+02    1.967782e+02    1.895418e+02    1.895418e+02    6.634155e-03  
  2   2   9   1.960379e+02    1.960379e+02    1.621393e+02    1.621393e+02    2.581869e-03  
  2   2  10   2.060237e+02    2.060237e+02    2.177786e+02    2.177786e+02    1.163304e-02  
  2   2  11   1.952216e+02    1.952216e+02    1.311807e+02    1.311807e+02    -7.769602e-03  
  2   2  12   2.050022e+02    2.050022e+02    1.636735e+02    1.636735e+02    2.119122e-03  
  2   2  13   1.998349e+02    1.998349e+02    1.322070e+02    1.322070e+02    -3.946177e-03  
  2   2  14   2.114522e+02    2.114522e+02    1.421204e+02    1.421204e+02    -2.259232e-03  
  2   2  15   2.240685e+02    2.240685e+02    1.742663e+02    1.742663e+02    1.047751e-02  
  2   2  16   2.266180e+02    2.266180e+02    1.462704e+02    1.462704e+02    1.081093e-02  
  2   2  17   2.276322e+02    2.276322e+02    1.265182e+02    1.265182e+02    -5.832215e-04  
  2   2  18   2.315116e+02    2.315116e+02    1.189891e+02    1.189891e+02    5.979123e-04  
  2   2  19   2.416033e+02    2.416033e+02    1.218794e+02    1.218794e+02    2.223071e-03  
  2   2  20   2.450716e+02    2.450716e+02    1.440073e+02    1.440073e+02    5.001522e-03  
  2   2  21   2.528430e+02    2.528430e+02    1.446240e+02    1.446240e+02    8.827767e-03  
  2   2  22   2.525752e+02    2.525752e+02    1.265970e+02    1.265970e+02    4.107551e-03  
  2   2  23   2.515747e+02    2.515747e+02    1.131071e+02    1.131071e+02    1.135389e-03  
  2   2  24   2.509354e+02    2.509354e+02    1.285767e+02    1.285767e+02    -8.835685e-05  
  2   2  25   2.598972e+02    2.598972e+02    1.131612e+02    1.131612e+02    1.030567e-03  
  2   2  26   2.607927e+02    2.607927e+02    1.050540e+02    1.050540e+02    2.801090e-04  
  2   2  27   2.613632e+02    2.613632e+02    1.013996e+02    1.013996e+02    -4.713261e-03  
  2   2  28   2.765040e+02    2.765040e+02    1.171577e+02    1.171577e+02    1.023443e-02  
  2   2  29   2.896825e+02    2.896825e+02    9.866452e+01    9.866452e+01    1.411413e-02  
  2   2  30   2.775111e+02    2.775111e+02    1.179287e+02    1.179287e+02    -4.481416e-03  
  2   2  31   2.868052e+02    2.868052e+02    1.156338e+02    1.156338e+02    5.038565e-03  
  2   2  32   2.939707e+02    2.939707e+02    9.750149e+01    9.750149e+01    -4.239083e-03  
  2   2  33   2.838373e+02    2.838373e+02    1.127164e+02    1.127164e+02    -3.919337e-03  
  2   2  34   2.978547e+02    2.978547e+02    1.097625e+02    1.097625e+02    4.842452e-03  
  2   2  35   2.885789e+02    2.885789e+02    1.012474e+02    1.012474e+02    -1.306596e-02  
  2   2  36   3.009097e+02    3.009097e+02    9.777962e+01    9.777962e+01    -3.378658e-03  
  2   2  37   3.129431e+02    3.129431e+02    9.518470e+01    9.518470e+01    1.028667e-02  
  2   2  38   3.239877e+02    3.239877e+02    1.061123e+02    1.061123e+02    1.277491e-02  
  2   2  39   3.208760e+02    3.208760e+02    8.627412e+01    8.627412e+01    3.392951e-03  
  2   2  40   3.191674e+02    3.191674e+02    1.106680e+02    1.106680e+02    6.265659e-04  
  2   2  41   3.179205e+02    3.179205e+02    8.190994e+01    8.190994e+01    -4.959117e-03  
  2   2  42   3.308952e+02    3.308952e+02    1.053286e+02    1.053286e+02    4.432761e-03  
  2   2  43   3.301697e+02    3.301697e+02    9.132829e+01    9.132829e+01    4.425225e-04  
  2   2  44   3.472220e+02    3.472220e+02    8.765884e+01    8.765884e+01    1.194430e-02  
  2   2  45   3.515458e+02    3.515458e+02    1.151846e+02    1.151846e+02    1.051767e-02  
  2   2  46   3.393957e+02    3.393957e+02    8.475401e+01    8.475401e+01    -1.007584e-02  
  2   2  47   3.458352e+02    3.458352e+02    8.800880e+01    8.800880e+01    -2.507836e-03  
  2   2  48   3.551601e+02    3.551601e+02    9.375633e+01    9.375633e+01    8.231140e-03  
  2   2  49   3.611429e+02    3.611429e+02    9.881312e+01    9.881312e+01    4.370847e-03  
  2   2  50   3.806609e+02    3.806609e+02    8.613850e+01    8.613850e+01    1.811006e-02  
  2   2  51   3.588751e+02    3.588751e+02    9.662506e+01    9.662506e+01    -6.151424e-03  
  2   2  52   3.667040e+02    3.667040e+02    8.842355e+01    8.842355e+01    -2.297976e-04  
  2   2  53   3.741288e+02    3.741288e+02    9.527700e+01    9.527700e+01    5.672987e-03  
  2   2  54   3.860492e+02    3.860492e+02    9.600077e+01    9.600077e+01    8.129686e-03  
  2   2  55   3.984006e+02    3.984006e+02    1.016469e+02    1.016469e+02    1.259952e-02  
  2   2  56   3.803447e+02    3.803447e+02    9.936467e+01    9.936467e+01    -1.367979e-03  
  2   2  57   3.847644e+02    3.847644e+02    9.051087e+01    9.051087e+01    -9.139676e-03  
  2   2  58   4.006138e+02    4.006138e+02    9.568672e+01    9.568672e+01    3.591624e-03  
  2   2  59   3.870086e+02    3.870086e+02    8.232776e+01    8.232776e+01    -1.110347e-02  
  2   2  60   4.114756e+02    4.114756e+02    1.016529e+02    1.016529e+02    5.357629e-03  
  2   2  61   3.980247e+02    3.980247e+02    1.019345e+02    1.019345e+02    -1.258800e-02  
  2   2  62   4.211777e+02    4.211777e+02    9.509320e+01    9.509320e+01    9.108226e-03  
  2   3   1   2.367576e+02    2.367576e+02    4.833067e+01    4.833067e+01    3.632253e-03  
  2   3   2   2.341992e+02    2.341992e+02    3.690855e+01    3.690855e+01    -1.322021e-02  
  2   3   3   2.455760e+02    2.455760e+02    4.104942e+01    4.104942e+01    4.170197e-03  
  2   3   4   2.474345e+02    2.474345e+02    4.558001e+01    4.558001e+01    -8.996633e-05  
  2   3   5   2.564191e+02    2.564191e+02    4.171172e+01    4.171172e+01    -2.702309e-04  
  3   1   1   1.501217e+02    1.501217e+02    3.270720e+02    3.270720e+02    -1.402932e-03  
  3   1   2   1.597936e+02    1.597936e+02    2.232784e+02    2.232784e+02    5.387902e-03  
  3   1   3   1.560426e+02    1.560426e+02    1.279044e+02    1.279044e+02    -5.262435e-03  
  3   1   4   1.681071e+02    1.681071e+02    1.540689e+02    1.540689e+02    5.052896e-03  
  3   1   5   1.702421e+02    1.702421e+02    1.162198e+02    1.162198e+02    3.539786e-04  
  3   1   6   1.657309e+02    1.657309e+02    9.868571e+01    9.868571e+01    -7.334311e-03  
  3   1   7   1.815732e+02    1.815732e+02    1.024399e+02    1.024399e+02    5.795798e-03  
  3   1   8   1.809194e+02    1.809194e+02    8.215971e+01    8.215971e+01    2.054162e-03  
  3   1   9   1.831588e+02    1.831588e+02    8.169288e+01    8.169288e+01    -2.410901e-03  
  3   1  10   1.838946e+02    1.838946e+02    7.103545e+01    7.103545e+01    -3.525675e-03  
  3   1  11   1.916278e+02    1.916278e+02    6.368771e+01    6.368771e+01    4.611108e-03  
  3   1  12   1.961736e+02    1.961736e+02    6.251248e+01    6.251248e+01    2.356695e-03  
  3   1  13   1.960116e+02    1.960116e+02    5.404531e+01    5.404531e+01    -5.823009e-03  
  3   1  14   2.070519e+02    2.070519e+02    6.201081e+01    6.201081e+01    1.211231e-02  
  3   1  15   2.075323e+02    2.075323e+02    5.093719e+01    5.093719e+01    4.949577e-04  
  3   1  16   2.112466e+02    2.112466e+02    4.416406e+01    4.416406e+01    4.245731e-04  
  3   1  17   2.160726e+02    2.160726e+02    5.159737e+01    5.159737e+01    2.246161e-03  
  3   1  18   2.169824e+02    2.169824e+02    4.333984e+01    4.333984e+01    -3.871197e-03  
  3   1  19   2.251352e+02    2.251352e+02    4.856985e+01    4.856985e+01    6.145074e-03  
  3   1  20   2.205637e+02    2.205637e+02    4.406360e+01    4.406360e+01    -1.675728e-02  
  3   1  21   2.323154e+02    2.323154e+02    4.349774e+01    4.349774e+01    5.079185e-03  
  3   1  22   2.313859e+02    2.313859e+02    4.279525e+01    4.279525e+01    -4.339089e-03  
  3   1  23   2.393185e+02    2.393185e+02    4.226596e+01    4.226596e+01    8.123002e-03  
  3   2   1   1.238808e+02    1.238808e+02    8.204217e+02    8.204217e+02    -8.945309e-03  
  3   2   2   1.526673e+02    1.526673e+02    3.295838e+02    3.295838e+02    -6.408240e-03  
  3   2   3   1.860220e+02    1.860220e+02    5.022263e+02    5.022263e+02    6.310030e-03  
  3   2   4   1.573389e+02    1.573389e+02    2.662836e+02    2.662836e+02    -8.884809e-03  
  3   2   5   1.810078e+02    1.810078e+02    2.331751e+02    2.331751e+02    5.374823e-03  
  3   2   6   1.779839e+02    1.779839e+02    2.839639e+02    2.839639e+02    1.628378e-03  
  3   2   7   1.872374e+02    1.872374e+02    1.695987e+02    1.695987e+02    1.822528e-03  
  3   2   8   1.866376e+02    1.866376e+02    1.535108e+02    1.535108e+02    2.616344e-03  
  3   2   9   1.999267e+02    1.999267e+02    2.421566e+02    2.421566e+02    1.007173e-02  
  3   2  10   1.874755e+02    1.874755e+02    1.873536e+02    1.873536e+02    -8.360380e-03  
  3   2  11   2.077869e+02    2.077869e+02    1.926153e+02    1.926153e+02    4.426623e-03  
  3   2  12   2.018874e+02    2.018874e+02    1.395798e+02    1.395798e+02    -6.627025e-03  
  3   2  13   2.172101e+02    2.172101e+02    2.005186e+02    2.005186e+02    8.468267e-03  
  3   2  14   2.116781e+02    2.116781e+02    1.516561e+02    1.516561e+02    2.748581e-03  
  3   2  15   2.174380e+02    2.174380e+02    1.454289e+02    1.454289e+02    1.420269e-03  
  3   2  16   2.441382e+02    2.441382e+02    1.416952e+02    1.416952e+02    1.657782e-02  
  3   2  17   2.334219e+02    2.334219e+02    1.333726e+02    1.333726e+02    4.794577e-03  
  3   2  18   2.331900e+02    2.331900e+02    1.473124e+02    1.473124e+02    6.482488e-03  
  3   2  19   2.350945e+02    2.350945e+02    1.121297e+02    1.121297e+02    5.180518e-03  
  3   2  20   2.478266e+02    2.478266e+02    1.374166e+02    1.374166e+02    1.115426e-02  
  3   2  21   2.453431e+02    2.453431e+02    1.095251e+02    1.095251e+02    6.352772e-03  
  3   2  22   2.479635e+02    2.479635e+02    1.009134e+02    1.009134e+02    -1.007140e-03  
  3   2  23   2.474194e+02    2.474194e+02    1.086233e+02    1.086233e+02    -3.292925e-03  
  3   2  24   2.690502e+02    2.690502e+02    1.003922e+02    1.003922e+02    7.893404e-03  
  3   2  25   2.635570e+02    2.635570e+02    1.254461e+02    1.254461e+02    4.868761e-03  
  3   2  26   2.678720e+02    2.678720e+02    1.011586e+02    1.011586e+02    3.170210e-03  
  3   2  27   2.580848e+02    2.580848e+02    1.242211e+02    1.242211e+02    -5.878194e-03  
  3   2  28   2.692121e+02    2.692121e+02    1.130707e+02    1.130707e+02    2.888319e-03  
  3   2  29   2.815319e+02    2.815319e+02    1.007270e+02    1.007270e+02    1.061521e-02  
  3   2  30   2.842112e+02    2.842112e+02    1.209023e+02    1.209023e+02    9.721578e-03  
  3   2  31   2.863474e+02    2.863474e+02    9.852918e+01    9.852918e+01    4.646895e-03  
  3   2  32   2.800289e+02    2.800289e+02    8.914818e+01    8.914818e+01    -5.736532e-03  
  3   2  33   2.970551e+02    2.970551e+02    1.028247e+02    1.028247e+02    8.283831e-03  
  3   2  34   2.945044e+02    2.945044e+02    9.621074e+01    9.621074e+01    3.159637e-04  
  3   2  35   3.079225e+02    3.079225e+02    9.657172e+01    9.657172e+01    9.187457e-03  
  3   2  36   3.145298e+02    3.145298e+02    1.312867e+02    1.312867e+02    1.240823e-02  
  3   2  37   3.003415e+02    3.003415e+02    9.309033e+01    9.309033e+01    -2.663957e-03  
  3   2  38   3.070691e+02    3.070691e+02    1.014681e+02    1.014681e+02    -6.489781e-03  
  3   2  39   3.154458e+02    3.154458e+02    9.494997e+01    9.494997e+01    -4.911639e-04  
  3   2  40   3.226998e+02    3.226998e+02    1.018857e+02    1.018857e+02    7.821202e-03  
  3   2  41   3.118616e+02    3.118616e+02    8.136115e+01    8.136115e+01    -2.454029e-02  
  3   2  42   3.301542e+02    3.301542e+02    9.620198e+01    9.620198e+01    -1.431316e-03  
  3   2  43   3.352395e+02    3.352395e+02    9.381610e+01    9.381610e+01    5.078480e-03  
  3   2  44   3.378788e+02    3.378788e+02    8.315487e+01    8.315487e+01    4.908695e-04  
  3   2  45   3.392177e+02    3.392177e+02    9.098043e+01    9.098043e+01    -1.917214e-05  
  3   2  46   3.411677e+02    3.411677e+02    8.814686e+01    8.814686e+01    -3.572838e-03  
  3   2  47   3.507189e+02    3.507189e+02    8.810245e+01    8.810245e+01    8.802080e-03  
  3   2  48   3.720774e+02    3.720774e+02    9.220014e+01    9.220014e+01    2.176065e-02  
  3   2  49   3.693259e+02    3.693259e+02    1.012292e+02    1.012292e+02    1.569201e-02  
  3   2  50   3.520233e+02    3.520233e+02    8.293476e+01    8.293476e+01    -4.700008e-03  
  3   2  51   3.692749e+02    3.692749e+02    9.870269e+01    9.870269e+01    6.425747e-03  
  3   2  52   3.745402e+02    3.745402e+02    9.520613e+01    9.520613e+01    7.048959e-03  
  3   2  53   3.780017e+02    3.780017e+02    9.759267e+01    9.759267e+01    8.381502e-03  
  3   2  54   3.666091e+02    3.666091e+02    8.608360e+01    8.608360e+01    -8.856984e-03  
  3   2  55   3.847607e+02    3.847607e+02    9.669874e+01    9.669874e+01    1.613827e-03  
  3   2  56   3.868848e+02    3.868848e+02    1.091059e+02    1.091059e+02    1.188850e-03  
  3   2  57   3.889410e+02    3.889410e+02    1.019747e+02    1.019747e+02    -1.313600e-03  
  3   2  58   4.041739e+02    4.041739e+02    9.856729e+01    9.856729e+01    7.566616e-03  
  3   2  59   3.926402e+02    3.926402e+02    9.908463e+01    9.908463e+01    -8.973035e-03  
  3   2  60   4.086425e+02    4.086425e+02    1.176513e+02    1.176513e+02    4.532162e-03  
  3   2  61   3.930544e+02    3.930544e+02    8.659847e+01    8.659847e+01    -1.133152e-02  
  3   2  62   3.954465e+02    3.954465e+02    9.386667e+01    9.386667e+01    -1.749112e-02  
  3   3   1   2.343025e+02    2.343025e+02    3.813539e+01    3.813539e+01    -5.249323e-03  
  3   3   2   2.407742e+02    2.407742e+02    4.070126e+01    4.070126e+01    6.104380e-03  
  3   3   3   2.402959e+02    2.402959e+02    3.920377e+01    3.920377e+01    -1.701553e-02  
  3   3   4   2.488710e+02    2.488710e+02    4.221131e+01    4.221131e+01    2.908282e-03  
  3   3   5   2.559211e+02    2.559211e+02    4.896603e+01    4.896603e+01    -3.412986e-04  
  4   1   1   1.480324e+02    1.480324e+02    3.169223e+02    3.169223e+02    -7.855593e-04  
  4   1   2   1.526635e+02    1.526635e+02    1.936770e+02    1.936770e+02    -7.544588e-04  
  4   1   3   1.575865e+02    1.575865e+02    1.412237e+02    1.412237e+02    -1.539245e-03  
  4   1   4   1.692350e+02    1.692350e+02    1.119332e+02    1.119332e+02    3.072964e-03  
  4   1   5   1.740723e+02    1.740723e+02    1.040248e+02    1.040248e+02    5.605745e-03  
  4   1   6   1.741503e+02    1.741503e+02    9.214541e+01    9.214541e+01    5.813260e-03  
  4   1   7   1.795617e+02    1.795617e+02    7.529397e+01    7.529397e+01    1.663655e-03  
  4   1   8   1.752827e+02    1.752827e+02    6.719355e+01    6.719355e+01    -6.404966e-03  
  4   1   9   1.848511e+02    1.848511e+02    7.448952e+01    7.448952e+01    1.567506e-04  
  4   1  10   1.920000e+02    1.920000e+02    7.037647e+01    7.037647e+01    9.132116e-03  
  4   1  11   1.927650e+02    1.927650e+02    6.459181e+01    6.459181e+01    2.660452e-04  
  4   1  12   1.911480e+02    1.911480e+02    5.741565e+01    5.741565e+01    -7.888129e-03  
  4   1  13   1.978865e+02    1.978865e+02    5.483990e+01    5.483990e+01    -1.243437e-03  
  4   1  14   2.030244e+02    2.030244e+02    6.264404e+01    6.264404e+01    2.378343e-03  
  4   1  15   2.107600e+02    2.107600e+02    5.198023e+01    5.198023e+01    7.981584e-03  
  4   1  16   2.133014e+02    2.133014e+02    4.826981e+01    4.826981e+01    5.656889e-03  
  4   1  17   2.139309e+02    2.139309e+02    5.506203e+01    5.506203e+01    3.210271e-04  
  4   1  18   2.184731e+02    2.184731e+02    4.214406e+01    4.214406e+01    2.769504e-04  
  4   1  19   2.222012e+02    2.222012e+02    5.068754e+01    5.068754e+01    3.662537e-03  
  4   1  20   2.217289e+02    2.217289e+02    4.476927e+01    4.476927e+01    -1.296845e-02  
  4   1  21   2.256520e+02    2.256520e+02    4.400330e+01    4.400330e+01    -8.954962e-03  
  4   1  22   2.369616e+02    2.369616e+02    4.578609e+01    4.578609e+01    1.421696e-02  
  4   1  23   2.386752e+02    2.386752e+02    4.108119e+01    4.108119e+01    4.776497e-03  
  4   2   1   1.437181e+02    1.437181e+02    1.158718e+03    1.158718e+03    -6.050556e-03  
  4   2   2   1.483828e+02    1.483828e+02    3.447892e+02    3.447892e+02    5.928061e-04  
  4   2   3   1.694954e+02    1.694954e+02    3.536772e+02    3.536772e+02    -7.403651e-04  
  4   2   4   1.761702e+02    1.761702e+02    3.589053e+02    3.589053e+02    2.749985e-03  
  4   2   5   1.839755e+02    1.839755e+02    2.521935e+02    2.521935e+02    7.783379e-03  
  4   2   6   1.726917e+02    1.726917e+02    2.673922e+02    2.673922e+02    -1.218987e-03  
  4   2   7   1.778768e+02    1.778768e+02    2.330574e+02    2.330574e+02    -7.818403e-04  
  4   2   8   1.889147e+02    1.889147e+02    2.275180e+02    2.275180e+02    4.176134e-03  
  4   2   9   1.895786e+02    1.895786e+02    2.085295e+02    2.085295e+02    -1.524386e-03  
  4   2  10   1.863727e+02    1.863727e+02    1.476725e+02    1.476725e+02    -3.601968e-03  
  4   2  11   1.883868e+02    1.883868e+02    1.270234e+02    1.270234e+02    -6.640586e-03  
  4   2  12   2.022589e+02    2.022589e+02    1.630586e+02    1.630586e+02    -3.621132e-03  
  4   2  13   2.126125e+02    2.126125e+02    1.592434e+02    1.592434e+02    2.937174e-03  
  4   2  14   2.160263e+02    2.160263e+02    1.838908e+02    1.838908e+02    2.459295e-03  
  4   2  15   2.155391e+02    2.155391e+02    1.418731e+02    1.418731e+02    -1.319108e-03  
  4   2  16   2.221126e+02    2.221126e+02    1.732331e+02    1.732331e+02    3.250703e-04  
  4   2  17   2.318032e+02    2.318032e+02    1.385599e+02    1.385599e+02    6.643227e-03  
  4   2  18   2.284632e+02    2.284632e+02    1.251505e+02    1.251505e+02    -3.381158e-03  
  4   2  19   2.323285e+02    2.323285e+02    1.334864e+02    1.334864e+02    -1.260853e-03  
  4   2  20   2.260030e+02    2.260030e+02    1.098280e+02    1.098280e+02    -1.243816e-02  
  4   2  21   2.508505e+02    2.508505e+02    1.391091e+02    1.391091e+02    5.826878e-03  
  4   2  22   2.523602e+02    2.523602e+02    1.176481e+02    1.176481e+02    6.778768e-03  
  4   2  23   2.470896e+02    2.470896e+02    1.111718e+02    1.111718e+02    -1.492331e-03  
  4   2  24   2.583244e+02    2.583244e+02    1.352195e+02    1.352195e+02    3.279547e-03  
  4   2  25   2.533583e+02    2.533583e+02    9.402769e+01    9.402769e+01    -5.523943e-03  
  4   2  26   2.614420e+02    2.614420e+02    1.122449e+02    1.122449e+02    1.236489e-04  
  4   2  27   2.783362e+02    2.783362e+02    1.287510e+02    1.287510e+02    1.236729e-02  
  4   2  28   2.845680e+02    2.845680e+02    1.024940e+02    1.024940e+02    5.735305e-03  
  4   2  29   2.706415e+02    2.706415e+02    1.053002e+02    1.053002e+02    -2.172095e-03  
  4   2  30   2.757185e+02    2.757185e+02    9.194304e+01    9.194304e+01    -3.109716e-03  
  4   2  31   2.889012e+02    2.889012e+02    1.162326e+02    1.162326e+02    9.633007e-03  
  4   2  32   2.812873e+02    2.812873e+02    9.046457e+01    9.046457e+01    -8.326607e-03  
  4   2  33   2.912281e+02    2.912281e+02    1.077454e+02    1.077454e+02    2.134690e-03  
  4   2  34   2.897740e+02    2.897740e+02    1.040744e+02    1.040744e+02    -3.432578e-03  
  4   2  35   2.988692e+02    2.988692e+02    9.109568e+01    9.109568e+01    -6.534642e-04  
  4   2  36   3.180853e+02    3.180853e+02    9.096601e+01    9.096601e+01    1.757087e-02  
  4   2  37   3.196555e+02    3.196555e+02    1.108817e+02    1.108817e+02    9.904743e-03  
  4   2  38   3.142083e+02    3.142083e+02    1.083651e+02    1.083651e+02    5.382247e-03  
  4   2  39   3.152837e+02    3.152837e+02    9.063526e+01    9.063526e+01    3.209268e-03  
  4   2  40   3.112492e+02    3.112492e+02    9.291800e+01    9.291800e+01    -7.439169e-03  
  4   2  41   3.228380e+02    3.228380e+02    9.605126e+01    9.605126e+01    4.108327e-03  
  4   2  42   3.275944e+02    3.275944e+02    8.838197e+01    8.838197e+01    -6.536556e-03  
  4   2  43   3.228812e+02    3.228812e+02    8.671500e+01    8.671500e+01    -1.234885e-02  
  4   2  44   3.257724e+02    3.257724e+02    8.887946e+01    8.887946e+01    -6.675983e-03  
  4   2  45   3.371245e+02    3.371245e+02    9.897624e+01    9.897624e+01    1.794401e-03  
  4   2  46   3.345304e+02    3.345304e+02    8.309455e+01    8.309455e+01    -4.453759e-03  
  4   2  47   3.447844e+02    3.447844e+02    9.399500e+01    9.399500e+01    7.364868e-05  
  4   2  48   3.580560e+02    3.580560e+02    9.970138e+01    9.970138e+01    1.673109e-03  
  4   2  49   3.654948e+02    3.654948e+02    8.837031e+01    8.837031e+01    1.017582e-02  
  4   2  50   3.629138e+02    3.629138e+02    8.715343e+01    8.715343e+01    -2.575090e-03  
  4   2  51   3.645268e+02    3.645268e+02    9.178374e+01    9.178374e+01    1.403376e-03  
  4   2  52   3.901307e+02    3.901307e+02    1.028297e+02    1.028297e+02    1.616358e-02  
  4   2  53   3.820228e+02    3.820228e+02    8.416218e+01    8.416218e+01    7.758493e-03  
  4   2  54   3.651910e+02    3.651910e+02    9.211817e+01    9.211817e+01    -7.924373e-03  
  4   2  55   3.836540e+02    3.836540e+02    9.440993e+01    9.440993e+01    4.730159e-03  
  4   2  56   3.797660e+02    3.797660e+02    9.064254e+01    9.064254e+01    -3.916444e-03  
  4   2  57   3.922668e+02    3.922668e+02    9.731901e+01    9.731901e+01    -2.366795e-03  
  4   2  58   3.889388e+02    3.889388e+02    8.940183e+01    8.940183e+01    8.665068e-03  
  4   2  59   3.980553e+02    3.980553e+02    9.693084e+01    9.693084e+01    -4.249326e-04  
  4   2  60   4.027310e+02    4.027310e+02    1.030825e+02    1.030825e+02    2.015422e-03  
  4   2  61   3.977264e+02    3.977264e+02    9.972442e+01    9.972442e+01    -4.614163e-03  
  4   2  62   4.202270e+02    4.202270e+02    1.045047e+02    1.045047e+02    7.540598e-03  
  4   3   1   2.342336e+02    2.342336e+02    4.489868e+01    4.489868e+01    -3.885376e-03  
  4   3   2   2.402517e+02    2.402517e+02    4.525597e+01    4.525597e+01    1.607750e-04  
  4   3   3   2.445545e+02    2.445545e+02    4.304328e+01    4.304328e+01    -7.398947e-04  
  4   3   4   2.522055e+02    2.522055e+02    4.495122e+01    4.495122e+01    1.740100e-03  
  4   3   5   2.619839e+02    2.619839e+02    4.501527e+01    4.501527e+01    2.221981e-02  
  5   1   1   1.490327e+02    1.490327e+02    3.242446e+02    3.242446e+02    -5.645228e-04  
  5   1   2   1.584205e+02    1.584205e+02    2.129901e+02    2.129901e+02    1.244856e-03  
  5   1   3   1.556649e+02    1.556649e+02    1.285610e+02    1.285610e+02    -3.688094e-03  
  5   1   4   1.580755e+02    1.580755e+02    1.260299e+02    1.260299e+02    -7.373116e-03  
  5   1   5   1.655015e+02    1.655015e+02    1.102649e+02    1.102649e+02    -3.901216e-03  
  5   1   6   1.757435e+02    1.757435e+02    9.500887e+01    9.500887e+01    5.108405e-03  
  5   1   7   1.731415e+02    1.731415e+02    8.953392e+01    8.953392e+01    -5.009746e-03  
  5   1   8   1.855015e+02    1.855015e+02    8.917783e+01    8.917783e+01    6.419423e-03  
  5   1   9   1.776656e+02    1.776656e+02    6.686540e+01    6.686540e+01    -1.067961e-02  
  5   1  10   1.826954e+02    1.826954e+02    6.326939e+01    6.326939e+01    -1.178203e-02  
  5   1  11   1.906587e+02    1.906587e+02    5.379105e+01    5.379105e+01    1.531064e-03  
  5   1  12   1.946613e+02    1.946613e+02    5.955774e+01    5.955774e+01    1.933955e-03  
  5   1  13   1.976952e+02    1.976952e+02    5.191831e+01    5.191831e+01    -5.123377e-03  
  5   1  14   2.075282e+02    2.075282e+02    5.398566e+01    5.398566e+01    8.820013e-03  
  5   1  15   2.078362e+02    2.078362e+02    5.016654e+01    5.016654e+01    4.132050e-03  
  5   1  16   2.107601e+02    2.107601e+02    4.617997e+01    4.617997e+01    1.661896e-03  
  5   1  17   2.126664e+02    2.126664e+02    4.704790e+01    4.704790e+01    -4.371441e-03  
  5   1  18   2.167295e+02    2.167295e+02    4.722457e+01    4.722457e+01    -3.493912e-04  
  5   1  19   2.211255e+02    2.211255e+02    5.003712e+01    5.003712e+01    -8.016591e-04  
  5   1  20   2.263335e+02    2.263335e+02    5.209976e+01    5.209976e+01    2.009177e-03  
  5   1  21   2.347177e+02    2.347177e+02    4.557233e+01    4.557233e+01    1.411231e-02  
  5   1  22   2.319426e+02    2.319426e+02    4.181839e+01    4.181839e+01    -9.298761e-04  
  5   1  23   2.373063e+02    2.373063e+02    3.858334e+01    3.858334e+01    1.705450e-03  
  5   2   1   1.455024e+02    1.455024e+02    1.252497e+03    1.252497e+03    -1.772206e-03  
  5   2   2   1.487031e+02    1.487031e+02    3.039259e+02    3.039259e+02    -8.130086e-03  
  5   2   3   1.562996e+02    1.562996e+02    2.763222e+02    2.763222e+02    -7.202946e-03  
  5   2   4   1.850890e+02    1.850890e+02    2.703608e+02    2.703608e+02    3.698249e-03  
  5   2   5   1.759219e+02    1.759219e+02    1.931913e+02    1.931913e+02    7.104054e-04  
  5   2   6   1.904465e+02    1.904465e+02    2.259620e+02    2.259620e+02    4.084212e-03  
  5   2   7   1.857414e+02    1.857414e+02    1.663826e+02    1.663826e+02    2.995452e-03  
  5   2   8   1.958110e+02    1.958110e+02    1.715725e+02    1.715725e+02    3.880521e-04  
  5   2   9   1.913270e+02    1.913270e+02    1.467097e+02    1.467097e+02    2.370925e-03  
  5   2  10   2.064968e+02    2.064968e+02    2.455726e+02    2.455726e+02    7.261337e-03  
  5   2  11   1.979846e+02    1.979846e+02    1.431071e+02    1.431071e+02    -5.187461e-03  
  5   2  12   1.988881e+02    1.988881e+02    1.445458e+02    1.445458e+02    -7.822812e-03  
  5   2  13   2.055261e+02    2.055261e+02    1.712113e+02    1.712113e+02    -3.954428e-03  
  5   2  14   2.148572e+02    2.148572e+02    1.445002e+02    1.445002e+02    4.599643e-04  
  5   2  15   2.190997e+02    2.190997e+02    1.716816e+02    1.716816e+02    1.982902e-03  
  5   2  16   2.231912e+02    2.231912e+02    1.110818e+02    1.110818e+02    1.078464e-03  
  5   2  17   2.247510e+02    2.247510e+02    1.637158e+02    1.637158e+02    -7.291323e-03  
  5   2  18   2.302344e+02    2.302344e+02    1.040582e+02    1.040582e+02    1.959695e-03  
  5   2  19   2.458695e+02    2.458695e+02    1.574088e+02    1.574088e+02    9.710653e-03  
  5   2  20   2.330976e+02    2.330976e+02    1.029837e+02    1.029837e+02    -3.829619e-03  
  5   2  21   2.424284e+02    2.424284e+02    1.273971e+02    1.273971e+02    -1.566206e-03  
  5   2  22   2.514837e+02    2.514837e+02    1.098342e+02    1.098342e+02    1.926870e-03  
  5   2  23   2.476719e+02    2.476719e+02    1.207654e+02    1.207654e+02    -6.071454e-03  
  5   2  24   2.515769e+02    2.515769e+02    1.149314e+02    1.149314e+02    4.612551e-04  
  5   2  25   2.659227e+02    2.659227e+02    1.116529e+02    1.116529e+02    1.036639e-02  
  5   2  26   2.600857e+02    2.600857e+02    1.211698e+02    1.211698e+02    -6.089519e-03  
  5   2  27   2.791828e+02    2.791828e+02    1.121806e+02    1.121806e+02    8.204454e-03  
  5   2  28   2.842919e+02    2.842919e+02    9.682161e+01    9.682161e+01    5.181780e-04  
  5   2  29   2.710133e+02    2.710133e+02    8.609488e+01    8.609488e+01    -3.823795e-03  
  5   2  30   3.025397e+02    3.025397e+02    1.075339e+02    1.075339e+02    1.824854e-02  
  5   2  31   2.946806e+02    2.946806e+02    9.364603e+01    9.364603e+01    9.654086e-03  
  5   2  32   2.848098e+02    2.848098e+02    1.067145e+02    1.067145e+02    -5.469707e-03  
  5   2  33   3.096417e+02    3.096417e+02    1.035788e+02    1.035788e+02    1.811575e-02  
  5   2  34   2.867548e+02    2.867548e+02    8.644438e+01    8.644438e+01    -1.134607e-02  
  5   2  35   2.998500e+02    2.998500e+02    1.005365e+02    1.005365e+02    2.336903e-03  
  5   2  36   3.059089e+02    3.059089e+02    9.721275e+01    9.721275e+01    6.852091e-03  
  5   2  37   3.309242e+02    3.309242e+02    1.111167e+02    1.111167e+02    2.194563e-02  
  5   2  38   3.096050e+02    3.096050e+02    9.229548e+01    9.229548e+01    3.500212e-03  
  5   2  39   3.168374e+02    3.168374e+02    9.145651e+01    9.145651e+01    3.269593e-03  
  5   2  40   3.157745e+02    3.157745e+02    9.739349e+01    9.739349e+01    -4.393056e-03  
  5   2  41   3.191372e+02    3.191372e+02    8.985605e+01    8.985605e+01    -5.714907e-03  
  5   2  42   3.319181e+02    3.319181e+02    1.000328e+02    1.000328e+02    4.681130e-03  
  5   2  43   3.443790e+02    3.443790e+02    9.584783e+01    9.584783e+01    9.647241e-03  
  5   2  44   3.420555e+02    3.420555e+02    1.163079e+02    1.163079e+02    6.738360e-03  
  5   2  45   3.447693e+02    3.447693e+02    8.743945e+01    8.743945e+01    3.832531e-03  
  5   2  46   3.485281e+02    3.485281e+02    9.741132e+01    9.741132e+01    9.436908e-03  
  5   2  47   3.618027e+02    3.618027e+02    9.335706e+01    9.335706e+01    1.445144e-02  
  5   2  48   3.595871e+02    3.595871e+02    9.887019e+01    9.887019e+01    2.047580e-03  
  5   2  49   3.559537e+02    3.559537e+02    8.630017e+01    8.630017e+01    -6.936214e-03  
  5   2  50   3.600958e+02    3.600958e+02    9.790370e+01    9.790370e+01    -3.423295e-03  
  5   2  51   3.544512e+02    3.544512e+02    8.723221e+01    8.723221e+01    -5.809062e-03  
  5   2  52   3.746106e+02    3.746106e+02    1.036054e+02    1.036054e+02    7.709550e-03  
  5   2  53   3.755236e+02    3.755236e+02    8.942500e+01    8.942500e+01    5.696593e-03  
  5   2  54   3.795812e+02    3.795812e+02    1.045369e+02    1.045369e+02    6.609593e-03  
  5   2  55   3.678985e+02    3.678985e+02    9.131607e+01    9.131607e+01    -1.822784e-02  
  5   2  56   3.736379e+02    3.736379e+02    9.169639e+01    9.169639e+01    -1.099590e-02  
  5   2  57   3.897738e+02    3.897738e+02    9.522784e+01    9.522784e+01    2.000118e-03  
  5   2  58   4.066829e+02    4.066829e+02    1.259317e+02    1.259317e+02    7.907614e-03  
  5   2  59   4.081791e+02    4.081791e+02    1.027464e+02    1.027464e+02    8.928341e-03  
  5   2  60   4.070940e+02    4.070940e+02    1.047658e+02    1.047658e+02    3.160675e-03  
  5   2  61   4.161696e+02    4.161696e+02    1.024094e+02    1.024094e+02    7.516762e-03  
  5   2  62   4.058383e+02    4.058383e+02    9.296247e+01    9.296247e+01    -3.982929e-06  
  5   3   1   2.364739e+02    2.364739e+02    4.405365e+01    4.405365e+01    3.950558e-03  
  5   3   2   2.339178e+02    2.339178e+02    3.608486e+01    3.608486e+01    -1.875946e-02  
  5   3   3   2.404520e+02    2.404520e+02    4.345450e+01    4.345450e+01    -1.027173e-02  
  5   3   4   2.530824e+02    2.530824e+02    4.529602e+01    4.529602e+01    7.610324e-03  
  5   3   5   2.569860e+02    2.569860e+02    4.626976e+01    4.626976e+01    -3.795280e-03  
  6   1   1   1.566075e+02    1.566075e+02    2.238010e+02    2.238010e+02    2.607462e-03  
  6   1   2   1.613964e+02    1.613964e+02    2.279074e+02    2.279074e+02    4.413738e-03  
  6   1   3   1.605802e+02    1.605802e+02    1.472466e+02    1.472466e+02    9.944771e-04  
  6   1   4   1.612415e+02    1.612415e+02    1.335581e+02    1.335581e+02    -5.321393e-03  
  6   1   5   1.705798e+02    1.705798e+02    1.199679e+02    1.199679e+02    3.161460e-03  
  6   1   6   1.711033e+02    1.711033e+02    1.071249e+02    1.071249e+02    -2.470857e-03  
  6   1   7   1.725520e+02    1.725520e+02    8.693508e+01    8.693508e+01    -7.480880e-03  
  6   1   8   1.838978e+02    1.838978e+02    8.739883e+01    8.739883e+01    4.085158e-03  
  6   1   9   1.892666e+02    1.892666e+02    6.133413e+01    6.133413e+01    1.139407e-02  
  6   1  10   1.907179e+02    1.907179e+02    6.918378e+01    6.918378e+01    4.982460e-03  
  6   1  11   1.921645e+02    1.921645e+02    7.148339e+01    7.148339e+01    -3.635760e-04  
  6   1  12   1.884732e+02    1.884732e+02    5.907536e+01    5.907536e+01    -1.279570e-02  
  6   1  13   2.028819e+02    2.028819e+02    4.982472e+01    4.982472e+01    8.981839e-03  
  6   1  14   1.986781e+02    1.986781e+02    4.743378e+01    4.743378e+01    -8.248217e-03  
  6   1  15   2.090470e+02    2.090470e+02    5.972949e+01    5.972949e+01    6.157892e-03  
  6   1  16   2.111279e+02    2.111279e+02    5.573310e+01    5.573310e+01    2.268767e-03  
  6   1  17   2.165905e+02    2.165905e+02    5.780148e+01    5.780148e+01    7.219080e-03  
  6   1  18   2.175168e+02    2.175168e+02    4.381408e+01    4.381408e+01    -3.763320e-03  
  6   1  19   2.223668e+02    2.223668e+02    5.208509e+01    5.208509e+01    3.542874e-03  
  6   1  20   2.265134e+02    2.265134e+02    4.407876e+01    4.407876e+01    -1.094971e-03  
  6   1  21   2.292975e+02    2.292975e+02    4.964938e+01    4.964938e+01    4.439554e-05  
  6   1  22   2.333271e+02    2.333271e+02    4.081839e+01    4.081839e+01    7.302541e-03  
  6   1  23   2.309150e+02    2.309150e+02    3.747966e+01    3.747966e+01    -9.473611e-03  
  6   2   1   1.681716e+02    1.681716e+02    1.772297e+03    1.772297e+03    3.331229e-04  
  6   2   2   1.535998e+02    1.535998e+02    3.599167e+02    3.599167e+02    1.866749e-03  
  6   2   3   1.579504e+02    1.579504e+02    2.989835e+02    2.989835e+02    -4.168782e-03  
  6   2   4   1.548077e+02    1.548077e+02    2.711537e+02    2.711537e+02    -8.837525e-03  
  6   2   5   1.641156e+02    1.641156e+02    2.578665e+02    2.578665e+02    -1.122807e-02  
  6   2   6   1.825141e+02    1.825141e+02    2.992255e+02    2.992255e+02    4.928743e-03  
  6   2   7   2.060821e+02    2.060821e+02    2.465488e+02    2.465488e+02    1.182649e-02  
  6   2   8   1.803028e+02    1.803028e+02    1.971621e+02    1.971621e+02    -4.787785e-03  
  6   2   9   1.918442e+02    1.918442e+02    2.138557e+02    2.138557e+02    -6.811296e-04  
  6   2  10   2.021926e+02    2.021926e+02    1.531888e+02    1.531888e+02    2.824587e-03  
  6   2  11   2.055444e+02    2.055444e+02    1.810065e+02    1.810065e+02    3.212388e-03  
  6   2  12   2.169035e+02    2.169035e+02    1.429920e+02    1.429920e+02    1.017218e-02  
  6   2  13   2.112573e+02    2.112573e+02    1.494491e+02    1.494491e+02    3.700995e-04  
  6   2  14   2.137655e+02    2.137655e+02    1.477567e+02    1.477567e+02    4.525682e-03  
  6   2  15   2.171606e+02    2.171606e+02    1.431793e+02    1.431793e+02    3.956735e-04  
  6   2  16   2.245103e+02    2.245103e+02    1.266093e+02    1.266093e+02    2.461805e-03  
  6   2  17   2.294644e+02    2.294644e+02    1.357659e+02    1.357659e+02    6.051113e-03  
  6   2  18   2.344265e+02    2.344265e+02    1.481796e+02    1.481796e+02    4.225519e-03  
  6   2  19   2.333568e+02    2.333568e+02    1.368045e+02    1.368045e+02    8.139540e-04  
  6   2  20   2.312248e+02    2.312248e+02    1.092146e+02    1.092146e+02    -1.203241e-02  
  6   2  21   2.413416e+02    2.413416e+02    1.058168e+02    1.058168e+02    -5.628379e-03  
  6   2  22   2.367187e+02    2.367187e+02    1.004917e+02    1.004917e+02    -3.764345e-03  
  6   2  23   2.572114e+02    2.572114e+02    1.320997e+02    1.320997e+02    6.060615e-03  
  6   2  24   2.526290e+02    2.526290e+02    1.143924e+02    1.143924e+02    3.141955e-03  
  6   2  25   2.614586e+02    2.614586e+02    1.316321e+02    1.316321e+02    5.214637e-03  
  6   2  26   2.571466e+02    2.571466e+02    1.187347e+02    1.187347e+02    -6.702759e-03  
  6   2  27   2.541901e+02    2.541901e+02    1.129401e+02    1.129401e+02    -1.389608e-02  
  6   2  28   2.694144e+02    2.694144e+02    9.932141e+01    9.932141e+01    -6.643309e-03  
  6   2  29   2.718792e+02    2.718792e+02    1.110452e+02    1.110452e+02    1.475990e-03  
  6   2  30   2.749251e+02    2.749251e+02    9.066031e+01    9.066031e+01    -3.146763e-03  
  6   2  31   2.870077e+02    2.870077e+02    1.066349e+02    1.066349e+02    7.032072e-03  
  6   2  32   3.012090e+02    3.012090e+02    9.292879e+01    9.292879e+01    1.033582e-02  
  6   2  33   2.945836e+02    2.945836e+02    1.148536e+02    1.148536e+02    5.251905e-03  
  6   2  34   3.035916e+02    3.035916e+02    1.162161e+02    1.162161e+02    1.360714e-02  
  6   2  35   2.940617e+02    2.940617e+02    1.056874e+02    1.056874e+02    -1.188326e-03  
  6   2  36   3.053236e+02    3.053236e+02    1.008763e+02    1.008763e+02    6.174170e-03  
  6   2  37   3.094377e+02    3.094377e+02    1.077166e+02    1.077166e+02    6.497145e-03  
  6   2  38   3.171660e+02    3.171660e+02    9.286114e+01    9.286114e+01    1.063541e-02  
  6   2  39   3.065669e+02    3.065669e+02    8.247198e+01    8.247198e+01    -1.260239e-02  
  6   2  40   3.391735e+02    3.391735e+02    9.257139e+01    9.257139e+01    9.169572e-03  
  6   2  41   3.398516e+02    3.398516e+02    8.730192e+01    8.730192e+01    4.541040e-03  
  6   2  42   3.194840e+02    3.194840e+02    8.529631e+01    8.529631e+01    -7.951951e-03  
  6   2  43   3.333889e+02    3.333889e+02    8.663864e+01    8.663864e+01    2.380155e-03  
  6   2  44   3.290518e+02    3.290518e+02    8.578001e+01    8.578001e+01    -8.145416e-03  
  6   2  45   3.300934e+02    3.300934e+02    8.161006e+01    8.161006e+01    -1.253650e-02  
  6   2  46   3.357150e+02    3.357150e+02    9.019759e+01    9.019759e+01    -1.646374e-03  
  6   2  47   3.503633e+02    3.503633e+02    1.078900e+02    1.078900e+02    4.374040e-03  
  6   2  48   3.431010e+02    3.431010e+02    9.532237e+01    9.532237e+01    -5.404655e-03  
  6   2  49   3.615398e+02    3.615398e+02    8.953084e+01    8.953084e+01    1.311446e-02  
  6   2  50   3.637524e+02    3.637524e+02    9.020339e+01    9.020339e+01    4.818379e-03  
  6   2  51   3.660535e+02    3.660535e+02    9.527139e+01    9.527139e+01    2.127423e-03  
  6   2  52   3.888144e+02    3.888144e+02    9.450814e+01    9.450814e+01    1.800678e-02  
  6   2  53   3.707820e+02    3.707820e+02    9.569816e+01    9.569816e+01    -7.737396e-03  
  6   2  54   3.786570e+02    3.786570e+02    9.785213e+01    9.785213e+01    5.827253e-03  
  6   2  55   3.981026e+02    3.981026e+02    9.703984e+01    9.703984e+01    1.194973e-02  
  6   2  56   3.745764e+02    3.745764e+02    1.004278e+02    1.004278e+02    -1.241629e-02  
  6   2  57   4.017094e+02    4.017094e+02    9.544403e+01    9.544403e+01    1.171108e-02  
  6   2  58   4.172947e+02    4.172947e+02    1.024309e+02    1.024309e+02    1.968786e-02  
  6   2  59   4.022761e+02    4.022761e+02    1.007979e+02    1.007979e+02    2.656353e-03  
  6   2  60   4.030490e+02    4.030490e+02    9.707990e+01    9.707990e+01    1.110503e-03  
  6   2  61   4.065735e+02    4.065735e+02    9.468936e+01    9.468936e+01    -4.367351e-03  
  6   2  62   4.171123e+02    4.171123e+02    1.074957e+02    1.074957e+02    9.487210e-03  
  6   3   1   2.346397e+02    2.346397e+02    4.009593e+01    4.009593e+01    -4.749253e-03  
  6   3   2   2.415622e+02    2.415622e+02    4.588828e+01    4.588828e+01    7.539061e-03  
  6   3   3   2.451683e+02    2.451683e+02    3.977418e+01    3.977418e+01    3.438526e-03  
  6   3   4   2.531472e+02    2.531472e+02    4.366623e+01    4.366623e+01    3.216579e-03  
  6   3   5   2.570375e+02    2.570375e+02    4.406437e+01    4.406437e+01    6.135230e-03  
