  1   1   1   -1.001760e+02  
  1   1   2   -1.001760e+02  
  1   1   3   -1.001760e+02  
  1   1   4   -1.001760e+02  
  1   1   5   -1.001760e+02  
  1   1   6   -1.001760e+02  
  1   1   7   -1.001760e+02  
  1   1   8   -1.001760e+02  
  1   1   9   -1.001760e+02  
  1   1  10   -1.001760e+02  
  1   1  11   -1.001760e+02  
  1   1  12   -1.001760e+02  
  1   1  13   -1.001760e+02  
  1   1  14   -1.001760e+02  
  1   1  15   -1.001760e+02  
  1   1  16   -1.001760e+02  
  1   1  17   -1.001760e+02  
  1   1  18   -1.001760e+02  
  1   1  19   -1.001760e+02  
  1   1  20   -1.001760e+02  
  1   1  21   -1.001760e+02  
  1   1  22   -1.001760e+02  
  1   1  23   -1.001760e+02  
  1   2   1   1.367356e-01  
  1   2   2   1.616453e-01  
  1   2   3   1.671819e-01  
  1   2   4   1.624930e-01  
  1   2   5   1.693964e-01  
  1   2   6   1.662844e-01  
  1   2   7   1.656111e-01  
  1   2   8   1.713354e-01  
  1   2   9   1.609255e-01  
  1   2  10   1.767468e-01  
  1   2  11   1.671409e-01  
  1   2  12   1.814100e-01  
  1   2  13   1.675776e-01  
  1   2  14   1.827347e-01  
  1   2  15   1.875464e-01  
  1   2  16   1.704146e-01  
  1   2  17   1.736824e-01  
  1   2  18   1.635032e-01  
  1   2  19   1.770398e-01  
  1   2  20   1.806926e-01  
  1   2  21   1.758074e-01  
  1   2  22   5.749917e-01  
  1   2  23   1.102991e-01  
  1   2  24   2.344228e-01  
  1   2  25   1.482158e-01  
  1   2  26   1.742439e-01  
  1   2  27   2.058371e-01  
  1   2  28   2.032888e-01  
  1   2  29   1.763823e-01  
  1   2  30   1.792432e-01  
  1   2  31   1.790197e-01  
  1   2  32   1.727635e-01  
  1   2  33   1.037775e-01  
  1   2  34   1.601740e-01  
  1   2  35   1.425970e-01  
  1   2  36   1.820462e-01  
  1   2  37   1.617055e-01  
  1   2  38   2.119546e-01  
  1   2  39   2.033340e-01  
  1   2  40   1.826882e-01  
  1   2  41   1.515551e-01  
  1   2  42   2.123056e+00  
  1   2  43   2.529470e-01  
  1   2  44   1.101298e-01  
  1   2  45   1.087483e+00  
  1   2  46   -3.156209e+00  
  1   2  47   -1.190916e-01  
  1   2  48   -7.808934e-01  
  1   2  49   -1.001760e+02  
  1   2  50   -1.001760e+02  
  1   2  51   -1.001760e+02  
  1   2  52   -1.001760e+02  
  1   2  53   -1.001760e+02  
  1   2  54   -1.001760e+02  
  1   2  55   -1.001760e+02  
  1   2  56   -1.001760e+02  
  1   2  57   -1.001760e+02  
  1   2  58   -1.001760e+02  
  1   2  59   -1.001760e+02  
  1   2  60   -1.001760e+02  
  1   2  61   -1.001760e+02  
  1   2  62   -1.001760e+02  
  1   3   1   -1.001760e+02  
  1   3   2   -1.001760e+02  
  1   3   3   -1.001760e+02  
  1   3   4   -1.001760e+02  
  1   3   5   -1.001760e+02  
  2   1   1   -1.001760e+02  
  2   1   2   -1.001760e+02  
  2   1   3   -1.001760e+02  
  2   1   4   -1.001760e+02  
  2   1   5   -1.001760e+02  
  2   1   6   -1.001760e+02  
  2   1   7   -1.001760e+02  
  2   1   8   -1.001760e+02  
  2   1   9   -1.001760e+02  
  2   1  10   -1.001760e+02  
  2   1  11   -1.001760e+02  
  2   1  12   -1.001760e+02  
  2   1  13   -1.001760e+02  
  2   1  14   -1.001760e+02  
  2   1  15   -1.001760e+02  
  2   1  16   -1.001760e+02  
  2   1  17   -1.001760e+02  
  2   1  18   -1.001760e+02  
  2   1  19   -1.001760e+02  
  2   1  20   -1.001760e+02  
  2   1  21   -1.001760e+02  
  2   1  22   -1.001760e+02  
  2   1  23   -1.001760e+02  
  2   2   1   1.807322e-01  
  2   2   2   1.580327e-01  
  2   2   3   1.685779e-01  
  2   2   4   1.702589e-01  
  2   2   5   1.719026e-01  
  2   2   6   1.689026e-01  
  2   2   7   1.742274e-01  
  2   2   8   1.687201e-01  
  2   2   9   1.703768e-01  
  2   2  10   1.794536e-01  
  2   2  11   1.944398e-01  
  2   2  12   1.878175e-01  
  2   2  13   1.781116e-01  
  2   2  14   1.835099e-01  
  2   2  15   1.884695e-01  
  2   2  16   -2.600000e-01  
  2   2  17   1.632046e-01  
  2   2  18   1.500184e-01  
  2   2  19   1.497344e-01  
  2   2  20   1.555700e-01  
  2   2  21   1.504070e-01  
  2   2  22   1.699632e-01  
  2   2  23   1.000000e-01  
  2   2  24   1.856994e-01  
  2   2  25   1.654452e-01  
  2   2  26   1.585531e-01  
  2   2  27   1.790685e-01  
  2   2  28   1.723487e-01  
  2   2  29   1.637990e-01  
  2   2  30   1.528350e-01  
  2   2  31   1.654103e-01  
  2   2  32   1.761591e-01  
  2   2  33   1.709129e-01  
  2   2  34   1.538124e-01  
  2   2  35   -1.826504e-02  
  2   2  36   1.686705e-01  
  2   2  37   2.111984e-01  
  2   2  38   6.894916e-01  
  2   2  39   1.872411e-01  
  2   2  40   7.320668e-02  
  2   2  41   1.748960e-01  
  2   2  42   1.573803e-01  
  2   2  43   7.125231e-01  
  2   2  44   4.125379e+00  
  2   2  45   -2.930427e+01  
  2   2  46   3.686950e-01  
  2   2  47   3.499017e-01  
  2   2  48   9.501213e-01  
  2   2  49   -1.001760e+02  
  2   2  50   -1.001760e+02  
  2   2  51   -1.001760e+02  
  2   2  52   -1.001760e+02  
  2   2  53   -1.001760e+02  
  2   2  54   -1.001760e+02  
  2   2  55   -1.001760e+02  
  2   2  56   -1.001760e+02  
  2   2  57   -1.001760e+02  
  2   2  58   -1.001760e+02  
  2   2  59   -1.001760e+02  
  2   2  60   -1.001760e+02  
  2   2  61   -1.001760e+02  
  2   2  62   -1.001760e+02  
  2   3   1   -1.001760e+02  
  2   3   2   -1.001760e+02  
  2   3   3   -1.001760e+02  
  2   3   4   -1.001760e+02  
  2   3   5   -1.001760e+02  
  3   1   1   -1.001760e+02  
  3   1   2   -1.001760e+02  
  3   1   3   -1.001760e+02  
  3   1   4   -1.001760e+02  
  3   1   5   -1.001760e+02  
  3   1   6   -1.001760e+02  
  3   1   7   -1.001760e+02  
  3   1   8   -1.001760e+02  
  3   1   9   -1.001760e+02  
  3   1  10   -1.001760e+02  
  3   1  11   -1.001760e+02  
  3   1  12   -1.001760e+02  
  3   1  13   -1.001760e+02  
  3   1  14   -1.001760e+02  
  3   1  15   -1.001760e+02  
  3   1  16   -1.001760e+02  
  3   1  17   -1.001760e+02  
  3   1  18   -1.001760e+02  
  3   1  19   -1.001760e+02  
  3   1  20   -1.001760e+02  
  3   1  21   -1.001760e+02  
  3   1  22   -1.001760e+02  
  3   1  23   -1.001760e+02  
  3   2   1   1.549458e-01  
  3   2   2   1.488144e-01  
  3   2   3   1.650984e-01  
  3   2   4   1.679138e-01  
  3   2   5   1.709859e-01  
  3   2   6   1.701163e-01  
  3   2   7   1.645485e-01  
  3   2   8   1.745456e-01  
  3   2   9   1.746628e-01  
  3   2  10   1.805598e-01  
  3   2  11   -1.852195e+01  
  3   2  12   1.826413e-01  
  3   2  13   1.945011e-01  
  3   2  14   1.833937e-01  
  3   2  15   2.017698e-01  
  3   2  16   1.611326e-01  
  3   2  17   1.412267e-01  
  3   2  18   1.589153e-01  
  3   2  19   1.722973e-01  
  3   2  20   1.620086e-01  
  3   2  21   1.681540e-01  
  3   2  22   1.648029e-01  
  3   2  23   1.918831e-01  
  3   2  24   1.829045e-01  
  3   2  25   1.823442e-01  
  3   2  26   1.912408e-01  
  3   2  27   1.765180e-01  
  3   2  28   1.823305e-01  
  3   2  29   1.789813e-01  
  3   2  30   1.645300e-01  
  3   2  31   2.019016e-01  
  3   2  32   1.863551e-01  
  3   2  33   1.704058e-01  
  3   2  34   1.817384e-01  
  3   2  35   2.088824e-01  
  3   2  36   1.679524e-01  
  3   2  37   4.868478e-01  
  3   2  38   1.598828e-01  
  3   2  39   1.684327e-01  
  3   2  40   4.188000e+00  
  3   2  41   2.283323e-01  
  3   2  42   7.214627e-01  
  3   2  43   1.249543e-01  
  3   2  44   5.324255e-02  
  3   2  45   -6.731303e-01  
  3   2  46   -3.189773e+01  
  3   2  47   1.305431e+00  
  3   2  48   8.493289e-01  
  3   2  49   -1.001760e+02  
  3   2  50   -1.001760e+02  
  3   2  51   -1.001760e+02  
  3   2  52   -1.001760e+02  
  3   2  53   -1.001760e+02  
  3   2  54   -1.001760e+02  
  3   2  55   -1.001760e+02  
  3   2  56   -1.001760e+02  
  3   2  57   -1.001760e+02  
  3   2  58   -1.001760e+02  
  3   2  59   -1.001760e+02  
  3   2  60   -1.001760e+02  
  3   2  61   -1.001760e+02  
  3   2  62   -1.001760e+02  
  3   3   1   -1.001760e+02  
  3   3   2   -1.001760e+02  
  3   3   3   -1.001760e+02  
  3   3   4   -1.001760e+02  
  3   3   5   -1.001760e+02  
  4   1   1   -1.001760e+02  
  4   1   2   -1.001760e+02  
  4   1   3   -1.001760e+02  
  4   1   4   -1.001760e+02  
  4   1   5   -1.001760e+02  
  4   1   6   -1.001760e+02  
  4   1   7   -1.001760e+02  
  4   1   8   -1.001760e+02  
  4   1   9   -1.001760e+02  
  4   1  10   -1.001760e+02  
  4   1  11   -1.001760e+02  
  4   1  12   -1.001760e+02  
  4   1  13   -1.001760e+02  
  4   1  14   -1.001760e+02  
  4   1  15   -1.001760e+02  
  4   1  16   -1.001760e+02  
  4   1  17   -1.001760e+02  
  4   1  18   -1.001760e+02  
  4   1  19   -1.001760e+02  
  4   1  20   -1.001760e+02  
  4   1  21   -1.001760e+02  
  4   1  22   -1.001760e+02  
  4   1  23   -1.001760e+02  
  4   2   1   1.512656e-01  
  4   2   2   1.541937e-01  
  4   2   3   1.558094e-01  
  4   2   4   1.632117e-01  
  4   2   5   1.590506e-01  
  4   2   6   1.563009e-01  
  4   2   7   1.673769e-01  
  4   2   8   1.688310e-01  
  4   2   9   1.546769e-01  
  4   2  10   1.765545e-01  
  4   2  11   1.762351e-01  
  4   2  12   1.839340e-01  
  4   2  13   1.803576e-01  
  4   2  14   2.037707e-01  
  4   2  15   1.901864e-01  
  4   2  16   1.292035e-01  
  4   2  17   1.552660e-01  
  4   2  18   1.758620e-01  
  4   2  19   1.696957e-01  
  4   2  20   1.710973e-01  
  4   2  21   1.686664e-01  
  4   2  22   1.836950e-01  
  4   2  23   1.513223e-01  
  4   2  24   1.990123e-01  
  4   2  25   1.810381e-01  
  4   2  26   1.942699e-01  
  4   2  27   1.642606e-01  
  4   2  28   1.827218e-01  
  4   2  29   1.891227e-01  
  4   2  30   2.129115e-01  
  4   2  31   2.009138e-01  
  4   2  32   1.934402e-01  
  4   2  33   1.403280e-01  
  4   2  34   -1.392476e-01  
  4   2  35   1.396965e-01  
  4   2  36   1.604148e-01  
  4   2  37   1.572596e-01  
  4   2  38   1.382683e-01  
  4   2  39   1.626777e-01  
  4   2  40   1.859860e-01  
  4   2  41   1.747690e-01  
  4   2  42   9.686469e-01  
  4   2  43   4.140160e+00  
  4   2  44   2.330891e-01  
  4   2  45   1.096419e-01  
  4   2  46   2.192998e-01  
  4   2  47   8.308254e-01  
  4   2  48   5.334656e-01  
  4   2  49   -1.001760e+02  
  4   2  50   -1.001760e+02  
  4   2  51   -1.001760e+02  
  4   2  52   -1.001760e+02  
  4   2  53   -1.001760e+02  
  4   2  54   -1.001760e+02  
  4   2  55   -1.001760e+02  
  4   2  56   -1.001760e+02  
  4   2  57   -1.001760e+02  
  4   2  58   -1.001760e+02  
  4   2  59   -1.001760e+02  
  4   2  60   -1.001760e+02  
  4   2  61   -1.001760e+02  
  4   2  62   -1.001760e+02  
  4   3   1   -1.001760e+02  
  4   3   2   -1.001760e+02  
  4   3   3   -1.001760e+02  
  4   3   4   -1.001760e+02  
  4   3   5   -1.001760e+02  
  5   1   1   -1.001760e+02  
  5   1   2   -1.001760e+02  
  5   1   3   -1.001760e+02  
  5   1   4   -1.001760e+02  
  5   1   5   -1.001760e+02  
  5   1   6   -1.001760e+02  
  5   1   7   -1.001760e+02  
  5   1   8   -1.001760e+02  
  5   1   9   -1.001760e+02  
  5   1  10   -1.001760e+02  
  5   1  11   -1.001760e+02  
  5   1  12   -1.001760e+02  
  5   1  13   -1.001760e+02  
  5   1  14   -1.001760e+02  
  5   1  15   -1.001760e+02  
  5   1  16   -1.001760e+02  
  5   1  17   -1.001760e+02  
  5   1  18   -1.001760e+02  
  5   1  19   -1.001760e+02  
  5   1  20   -1.001760e+02  
  5   1  21   -1.001760e+02  
  5   1  22   -1.001760e+02  
  5   1  23   -1.001760e+02  
  5   2   1   1.328384e-01  
  5   2   2   1.885725e+01  
  5   2   3   7.262126e-01  
  5   2   4   1.664404e-01  
  5   2   5   1.662070e-01  
  5   2   6   1.678901e-01  
  5   2   7   1.725447e-01  
  5   2   8   1.739996e-01  
  5   2   9   1.692285e-01  
  5   2  10   1.754308e-01  
  5   2  11   1.867012e-01  
  5   2  12   1.971307e-01  
  5   2  13   1.974082e-01  
  5   2  14   2.079391e-01  
  5   2  15   2.098793e-01  
  5   2  16   1.396888e-01  
  5   2  17   1.589556e-01  
  5   2  18   1.634341e-01  
  5   2  19   1.696859e-01  
  5   2  20   -1.870930e+01  
  5   2  21   1.778596e-01  
  5   2  22   1.651521e-01  
  5   2  23   1.833676e-01  
  5   2  24   1.626774e-01  
  5   2  25   1.680795e-01  
  5   2  26   1.709329e-01  
  5   2  27   1.582636e-01  
  5   2  28   1.160013e-01  
  5   2  29   1.370840e-01  
  5   2  30   1.724301e-01  
  5   2  31   1.668324e-01  
  5   2  32   1.797401e-01  
  5   2  33   1.804550e-01  
  5   2  34   1.707126e-01  
  5   2  35   1.965489e-01  
  5   2  36   2.255196e+01  
  5   2  37   1.801730e-01  
  5   2  38   1.825938e-01  
  5   2  39   6.129221e-01  
  5   2  40   1.723522e-01  
  5   2  41   1.702056e-01  
  5   2  42   2.408594e-01  
  5   2  43   -5.826502e+01  
  5   2  44   1.002689e-01  
  5   2  45   1.240294e-01  
  5   2  46   6.743416e-01  
  5   2  47   -3.775060e+02  
  5   2  48   9.441193e-01  
  5   2  49   -1.001760e+02  
  5   2  50   -1.001760e+02  
  5   2  51   -1.001760e+02  
  5   2  52   -1.001760e+02  
  5   2  53   -1.001760e+02  
  5   2  54   -1.001760e+02  
  5   2  55   -1.001760e+02  
  5   2  56   -1.001760e+02  
  5   2  57   -1.001760e+02  
  5   2  58   -1.001760e+02  
  5   2  59   -1.001760e+02  
  5   2  60   -1.001760e+02  
  5   2  61   -1.001760e+02  
  5   2  62   -1.001760e+02  
  5   3   1   -1.001760e+02  
  5   3   2   -1.001760e+02  
  5   3   3   -1.001760e+02  
  5   3   4   -1.001760e+02  
  5   3   5   -1.001760e+02  
  6   1   1   -1.001760e+02  
  6   1   2   -1.001760e+02  
  6   1   3   -1.001760e+02  
  6   1   4   -1.001760e+02  
  6   1   5   -1.001760e+02  
  6   1   6   -1.001760e+02  
  6   1   7   -1.001760e+02  
  6   1   8   -1.001760e+02  
  6   1   9   -1.001760e+02  
  6   1  10   -1.001760e+02  
  6   1  11   -1.001760e+02  
  6   1  12   -1.001760e+02  
  6   1  13   -1.001760e+02  
  6   1  14   -1.001760e+02  
  6   1  15   -1.001760e+02  
  6   1  16   -1.001760e+02  
  6   1  17   -1.001760e+02  
  6   1  18   -1.001760e+02  
  6   1  19   -1.001760e+02  
  6   1  20   -1.001760e+02  
  6   1  21   -1.001760e+02  
  6   1  22   -1.001760e+02  
  6   1  23   -1.001760e+02  
  6   2   1   -1.848902e+01  
  6   2   2   1.765313e-01  
  6   2   3   1.993912e-01  
  6   2   4   1.617073e-01  
  6   2   5   1.614801e-01  
  6   2   6   1.677271e-01  
  6   2   7   1.655836e-01  
  6   2   8   1.752964e-01  
  6   2   9   1.816965e-01  
  6   2  10   1.704650e-01  
  6   2  11   1.808736e-01  
  6   2  12   1.846542e-01  
  6   2  13   1.922204e-01  
  6   2  14   1.968457e-01  
  6   2  15   2.134893e-01  
  6   2  16   1.484727e-01  
  6   2  17   1.520128e-01  
  6   2  18   1.531199e-01  
  6   2  19   1.844884e-01  
  6   2  20   1.752438e-01  
  6   2  21   1.873137e-01  
  6   2  22   1.537444e-01  
  6   2  23   2.012389e-01  
  6   2  24   1.869869e-01  
  6   2  25   9.374617e-01  
  6   2  26   1.924201e-01  
  6   2  27   1.831288e-01  
  6   2  28   1.873216e-01  
  6   2  29   1.910235e-01  
  6   2  30   2.071293e-01  
  6   2  31   1.781109e-01  
  6   2  32   1.908125e-01  
  6   2  33   1.610051e-01  
  6   2  34   1.708152e-01  
  6   2  35   1.815953e-01  
  6   2  36   1.758592e-01  
  6   2  37   2.068612e-01  
  6   2  38   1.763026e-01  
  6   2  39   1.555027e-01  
  6   2  40   1.506671e-01  
  6   2  41   1.731748e-01  
  6   2  42   -5.467461e-01  
  6   2  43   3.089558e-01  
  6   2  44   -6.235797e-01  
  6   2  45   1.350458e-01  
  6   2  46   8.050166e-02  
  6   2  47   7.843995e-01  
  6   2  48   9.000994e+00  
  6   2  49   -1.001760e+02  
  6   2  50   -1.001760e+02  
  6   2  51   -1.001760e+02  
  6   2  52   -1.001760e+02  
  6   2  53   -1.001760e+02  
  6   2  54   -1.001760e+02  
  6   2  55   -1.001760e+02  
  6   2  56   -1.001760e+02  
  6   2  57   -1.001760e+02  
  6   2  58   -1.001760e+02  
  6   2  59   -1.001760e+02  
  6   2  60   -1.001760e+02  
  6   2  61   -1.001760e+02  
  6   2  62   -1.001760e+02  
  6   3   1   -1.001760e+02  
  6   3   2   -1.001760e+02  
  6   3   3   -1.001760e+02  
  6   3   4   -1.001760e+02  
  6   3   5   -1.001760e+02  
