  1   1   1   2.981789e+01    4.500127e-01    0.000000e+00    5.615606e+01    5.499958e-01    0.000000e+00  
  1   1   2   5.217156e+01    5.499994e-01    0.000000e+00    4.818764e+01    5.498795e-01    0.000000e+00  
  1   1   3   2.755211e+01    5.499952e-01    0.000000e+00    5.082653e+01    5.499980e-01    0.000000e+00  
  1   1   4   4.874910e+01    5.499445e-01    0.000000e+00    4.959608e+01    5.499990e-01    0.000000e+00  
  1   1   5   4.980273e+01    5.499994e-01    0.000000e+00    4.501283e+01    5.499986e-01    0.000000e+00  
  1   1   6   4.581291e+01    5.500000e-01    0.000000e+00    4.732766e+01    5.500000e-01    0.000000e+00  
  1   1   7   1.591803e+01    5.500000e-01    0.000000e+00    2.447937e+01    5.500000e-01    0.000000e+00  
  1   1   8   2.853900e-01    5.497280e-01    0.000000e+00    3.257069e+00    5.492177e-01    0.000000e+00  
  1   1   9   2.919935e+01    5.500000e-01    0.000000e+00    -4.593766e+00    5.499996e-01    0.000000e+00  
  1   1  10   -2.959204e+00    5.499127e-01    0.000000e+00    -1.887786e+00    5.497239e-01    0.000000e+00  
  1   1  11   5.447206e+00    5.472930e-01    0.000000e+00    9.736664e+01    5.499999e-01    0.000000e+00  
  1   1  12   -5.872141e+00    5.499989e-01    0.000000e+00    5.183190e+01    5.500000e-01    0.000000e+00  
  1   1  13   4.785829e+01    5.500000e-01    0.000000e+00    2.659288e+01    5.499999e-01    0.000000e+00  
  1   1  14   5.145421e+00    5.488389e-01    0.000000e+00    4.180844e+01    4.925718e-01    0.000000e+00  
  1   1  15   1.518030e+00    5.492538e-01    0.000000e+00    4.433753e+01    5.499994e-01    0.000000e+00  
  1   1  16   7.604651e+00    5.499994e-01    0.000000e+00    4.008427e+01    4.500000e-01    0.000000e+00  
  1   1  17   2.155923e+01    5.500000e-01    0.000000e+00    2.662825e+01    5.500000e-01    0.000000e+00  
  1   1  18   3.309689e+00    5.488299e-01    0.000000e+00    5.373304e+01    5.499993e-01    0.000000e+00  
  1   1  19   9.263384e+00    5.499981e-01    0.000000e+00    8.486735e+01    5.500000e-01    0.000000e+00  
  1   1  20   1.398685e+01    5.499997e-01    0.000000e+00    6.333129e+01    5.499956e-01    0.000000e+00  
  1   1  21   1.203163e+00    5.491893e-01    0.000000e+00    4.747926e+01    5.499999e-01    0.000000e+00  
  1   1  22   3.782555e+01    5.499992e-01    0.000000e+00    6.221510e+01    5.303603e-01    0.000000e+00  
  1   1  23   5.247018e+01    5.500000e-01    0.000000e+00    1.172610e+02    5.500000e-01    0.000000e+00  
  1   2   1   3.987897e+01    5.499952e-01    0.000000e+00    3.440199e+01    5.499998e-01    0.000000e+00  
  1   2   2   5.191650e+01    5.499917e-01    0.000000e+00    3.633561e+01    5.103707e-01    0.000000e+00  
  1   2   3   5.505510e+00    5.477061e-01    0.000000e+00    -1.624285e+00    5.485885e-01    0.000000e+00  
  1   2   4   4.901455e+01    5.499986e-01    0.000000e+00    4.701329e+01    5.499918e-01    0.000000e+00  
  1   2   5   4.000000e+01    5.000000e-01    0.000000e+00    4.000000e+01    5.000000e-01    0.000000e+00  
  1   2   6   4.805653e+01    5.499947e-01    0.000000e+00    4.122939e+01    4.956499e-01    0.000000e+00  
  1   2   7   5.432044e+01    5.499959e-01    0.000000e+00    3.769448e+01    5.068309e-01    0.000000e+00  
  1   2   8   1.488823e+01    5.500000e-01    0.000000e+00    4.953369e+01    5.499935e-01    0.000000e+00  
  1   2   9   2.849742e+01    5.499546e-01    0.000000e+00    8.643122e+01    5.491135e-01    0.000000e+00  
  1   2  10   3.037849e+01    5.223575e-01    0.000000e+00    3.696017e+01    5.499982e-01    0.000000e+00  
  1   2  11   7.187435e+01    5.499699e-01    0.000000e+00    4.833317e+01    5.499946e-01    0.000000e+00  
  1   2  12   2.965468e+01    5.499992e-01    0.000000e+00    3.147164e+01    5.499978e-01    0.000000e+00  
  1   2  13   4.040582e+01    5.499996e-01    0.000000e+00    4.078227e+01    5.499992e-01    0.000000e+00  
  1   2  14   2.695990e+01    5.500000e-01    0.000000e+00    5.640154e+01    5.499925e-01    0.000000e+00  
  1   2  15   4.728757e+01    5.499999e-01    0.000000e+00    3.012161e+01    5.499996e-01    0.000000e+00  
  1   2  16   1.732297e+01    5.499987e-01    0.000000e+00    4.465459e+01    5.499953e-01    0.000000e+00  
  1   2  17   8.718113e+01    4.500000e-01    0.000000e+00    5.646116e-01    5.483259e-01    0.000000e+00  
  1   2  18   3.139668e+01    5.497217e-01    0.000000e+00    8.845630e-02    5.483968e-01    0.000000e+00  
  1   2  19   5.090300e+01    5.499960e-01    0.000000e+00    4.864116e+01    5.499978e-01    0.000000e+00  
  1   2  20   8.474752e-01    5.477277e-01    0.000000e+00    2.311365e-01    5.483905e-01    0.000000e+00  
  1   2  21   5.792388e+01    5.500000e-01    0.000000e+00    1.461663e+02    5.253784e-01    0.000000e+00  
  1   2  22   -1.585166e-01    5.484148e-01    0.000000e+00    9.649630e+01    5.499969e-01    0.000000e+00  
  1   2  23   -1.270295e+00    5.487568e-01    0.000000e+00    4.651255e+01    5.499999e-01    0.000000e+00  
  1   2  24   4.001523e-01    5.483228e-01    0.000000e+00    1.036362e+01    5.500000e-01    0.000000e+00  
  1   2  25   7.594841e+00    5.442379e-01    0.000000e+00    3.670976e+01    5.500000e-01    0.000000e+00  
  1   2  26   9.285754e-01    5.474814e-01    0.000000e+00    1.551534e+00    5.473093e-01    0.000000e+00  
  1   2  27   4.569001e-01    5.483158e-01    0.000000e+00    -1.658704e-01    5.483187e-01    0.000000e+00  
  1   2  28   6.703125e+00    5.442787e-01    0.000000e+00    4.178631e+01    5.499993e-01    0.000000e+00  
  1   2  29   2.697586e+00    5.477118e-01    0.000000e+00    -1.456787e+00    5.486772e-01    0.000000e+00  
  1   2  30   3.449533e+01    5.500000e-01    0.000000e+00    5.085965e+01    5.500000e-01    0.000000e+00  
  1   2  31   1.240685e+00    5.478894e-01    0.000000e+00    3.274621e+01    5.499996e-01    0.000000e+00  
  1   2  32   8.183726e+01    5.499999e-01    0.000000e+00    5.831272e+01    5.500000e-01    0.000000e+00  
  1   2  33   -4.395353e-01    5.484098e-01    0.000000e+00    1.469759e+00    5.479803e-01    0.000000e+00  
  1   2  34   1.129963e+02    5.500000e-01    0.000000e+00    1.089483e+01    5.499930e-01    0.000000e+00  
  1   2  35   2.224731e+01    5.499996e-01    0.000000e+00    6.337359e+01    5.499997e-01    0.000000e+00  
  1   2  36   4.297489e+01    5.500000e-01    0.000000e+00    6.388882e+01    5.500000e-01    0.000000e+00  
  1   2  37   2.320984e+01    5.500000e-01    0.000000e+00    3.079105e+00    5.472561e-01    0.000000e+00  
  1   2  38   4.058256e+00    5.470470e-01    0.000000e+00    5.199757e+01    5.500000e-01    0.000000e+00  
  1   2  39   6.839219e+00    5.444245e-01    0.000000e+00    -1.100098e+00    5.486895e-01    0.000000e+00  
  1   2  40   5.093984e+01    5.500000e-01    0.000000e+00    1.002569e+01    5.500000e-01    0.000000e+00  
  1   2  41   5.816934e+01    5.500000e-01    0.000000e+00    8.306260e+01    5.500000e-01    0.000000e+00  
  1   2  42   3.833163e+01    5.499982e-01    0.000000e+00    1.396345e+01    5.499999e-01    0.000000e+00  
  1   2  43   9.283026e+01    5.499998e-01    0.000000e+00    6.995398e+01    5.499959e-01    0.000000e+00  
  1   2  44   1.182465e+02    5.499999e-01    0.000000e+00    5.994313e+01    5.500000e-01    0.000000e+00  
  1   2  45   2.764852e+00    5.476242e-01    0.000000e+00    4.652235e+01    5.499999e-01    0.000000e+00  
  1   2  46   5.605769e+01    5.499998e-01    0.000000e+00    1.370331e+01    5.500000e-01    0.000000e+00  
  1   2  47   1.438660e+01    5.499995e-01    0.000000e+00    8.319434e+01    5.500000e-01    0.000000e+00  
  1   2  48   1.740219e+01    5.500000e-01    0.000000e+00    1.562200e-01    5.486458e-01    0.000000e+00  
  1   2  49   1.571209e+02    5.500000e-01    0.000000e+00    6.196959e+01    5.499999e-01    0.000000e+00  
  1   2  50   7.956111e+01    5.499978e-01    0.000000e+00    7.121220e+01    5.500000e-01    0.000000e+00  
  1   2  51   6.531132e-01    5.477808e-01    0.000000e+00    5.726819e+00    5.450251e-01    0.000000e+00  
  1   2  52   1.204374e+02    4.500000e-01    0.000000e+00    -2.543813e-01    5.483522e-01    0.000000e+00  
  1   2  53   1.383657e+00    5.478531e-01    0.000000e+00    2.803636e+00    5.477919e-01    0.000000e+00  
  1   2  54   7.455024e+01    4.500012e-01    0.000000e+00    2.409248e-01    5.481152e-01    0.000000e+00  
  1   2  55   1.252087e+00    5.482001e-01    0.000000e+00    2.774963e+00    5.476898e-01    0.000000e+00  
  1   2  56   1.112665e+02    5.499427e-01    0.000000e+00    3.255487e+00    5.475248e-01    0.000000e+00  
  1   2  57   2.699717e+01    5.499963e-01    0.000000e+00    8.062691e+01    5.499987e-01    0.000000e+00  
  1   2  58   1.754776e+02    5.499717e-01    0.000000e+00    6.521855e+01    5.500000e-01    0.000000e+00  
  1   2  59   2.625839e+01    5.500000e-01    0.000000e+00    6.992469e+01    5.499996e-01    0.000000e+00  
  1   2  60   5.540379e+01    5.500000e-01    0.000000e+00    1.703188e+00    5.475814e-01    0.000000e+00  
  1   2  61   5.695070e+01    5.499993e-01    0.000000e+00    1.645129e+00    5.481272e-01    0.000000e+00  
  1   2  62   6.198173e+00    5.446346e-01    0.000000e+00    2.226587e+00    5.479406e-01    0.000000e+00  
  1   3   1   6.021528e+01    5.094971e-01    0.000000e+00    3.910756e+01    5.500000e-01    0.000000e+00  
  1   3   2   5.575021e+01    5.499996e-01    0.000000e+00    4.204195e+01    4.500000e-01    0.000000e+00  
  1   3   3   1.383954e+00    5.495876e-01    0.000000e+00    -3.238296e+00    5.499648e-01    0.000000e+00  
  1   3   4   3.634260e-02    5.497236e-01    0.000000e+00    -7.364893e-01    5.498087e-01    0.000000e+00  
  1   3   5   5.734741e+01    5.499998e-01    0.000000e+00    6.257761e+01    5.499999e-01    0.000000e+00  
  2   1   1   5.185935e+01    5.499992e-01    0.000000e+00    2.799780e+01    5.283769e-01    0.000000e+00  
  2   1   2   5.231968e+01    5.499994e-01    0.000000e+00    3.420647e+01    4.500005e-01    0.000000e+00  
  2   1   3   5.461039e+01    5.499998e-01    0.000000e+00    5.045661e+01    5.499995e-01    0.000000e+00  
  2   1   4   2.285027e+00    5.492399e-01    0.000000e+00    3.406148e+01    5.500000e-01    0.000000e+00  
  2   1   5   4.618706e+01    5.499997e-01    0.000000e+00    6.347059e+01    5.500000e-01    0.000000e+00  
  2   1   6   3.978772e+01    5.500000e-01    0.000000e+00    4.956681e+00    5.489849e-01    0.000000e+00  
  2   1   7   5.606134e+01    5.499995e-01    0.000000e+00    3.356490e+01    4.500303e-01    0.000000e+00  
  2   1   8   1.136319e+00    5.494725e-01    0.000000e+00    1.709835e+01    5.499999e-01    0.000000e+00  
  2   1   9   4.232601e+01    5.500000e-01    0.000000e+00    5.157682e+01    5.500000e-01    0.000000e+00  
  2   1  10   9.069032e-01    5.491602e-01    0.000000e+00    -6.939504e-01    5.499993e-01    0.000000e+00  
  2   1  11   -3.451123e-02    5.498634e-01    0.000000e+00    1.030114e+00    5.495375e-01    0.000000e+00  
  2   1  12   -2.067319e-01    5.497771e-01    0.000000e+00    -5.122316e+00    5.499635e-01    0.000000e+00  
  2   1  13   4.000000e+01    5.000000e-01    0.000000e+00    4.000000e+01    5.000000e-01    0.000000e+00  
  2   1  14   2.680954e+01    5.499999e-01    0.000000e+00    8.489506e+01    5.500000e-01    0.000000e+00  
  2   1  15   3.386857e+01    5.500000e-01    0.000000e+00    1.783698e+00    5.493062e-01    0.000000e+00  
  2   1  16   2.810658e+01    5.500000e-01    0.000000e+00    6.031987e+01    5.499999e-01    0.000000e+00  
  2   1  17   2.482723e+02    4.500000e-01    0.000000e+00    3.254145e+01    4.500020e-01    0.000000e+00  
  2   1  18   6.025265e+01    5.499948e-01    0.000000e+00    4.421769e+00    5.491022e-01    0.000000e+00  
  2   1  19   5.282954e+01    5.500000e-01    0.000000e+00    1.512307e+00    5.494271e-01    0.000000e+00  
  2   1  20   2.641450e+00    5.491661e-01    0.000000e+00    -6.489094e+00    5.499987e-01    0.000000e+00  
  2   1  21   1.380244e+01    5.500000e-01    0.000000e+00    2.303770e+00    5.493832e-01    0.000000e+00  
  2   1  22   1.085022e+02    5.500000e-01    0.000000e+00    8.895148e+01    5.499975e-01    0.000000e+00  
  2   1  23   6.252230e+01    5.500000e-01    0.000000e+00    4.378001e+01    4.501010e-01    0.000000e+00  
  2   2   1   3.427643e+01    4.500000e-01    0.000000e+00    -4.047729e-02    5.484275e-01    0.000000e+00  
  2   2   2   4.099972e+01    5.499599e-01    0.000000e+00    4.933602e+01    5.499981e-01    0.000000e+00  
  2   2   3   4.487358e+01    5.499873e-01    0.000000e+00    4.660212e+01    5.499993e-01    0.000000e+00  
  2   2   4   5.656274e+01    5.499994e-01    0.000000e+00    3.870551e+01    5.041274e-01    0.000000e+00  
  2   2   5   2.553517e+01    5.500000e-01    0.000000e+00    1.416100e+01    4.500001e-01    0.000000e+00  
  2   2   6   4.020270e+01    5.498797e-01    0.000000e+00    4.936056e+01    5.369120e-01    0.000000e+00  
  2   2   7   3.797784e+01    5.499998e-01    0.000000e+00    1.596935e+01    5.400277e-01    0.000000e+00  
  2   2   8   5.327295e+01    5.499998e-01    0.000000e+00    3.866128e+01    5.499999e-01    0.000000e+00  
  2   2   9   4.244777e+01    5.499941e-01    0.000000e+00    3.787162e+01    5.499997e-01    0.000000e+00  
  2   2  10   3.230139e+01    5.189300e-01    0.000000e+00    5.244498e+01    5.499989e-01    0.000000e+00  
  2   2  11   5.967036e+01    5.499492e-01    0.000000e+00    9.233792e+00    5.434811e-01    0.000000e+00  
  2   2  12   5.428094e+01    5.499964e-01    0.000000e+00    4.657501e+01    5.499969e-01    0.000000e+00  
  2   2  13   4.902125e+01    5.499998e-01    0.000000e+00    -1.850144e-01    5.483989e-01    0.000000e+00  
  2   2  14   3.974977e+00    5.476745e-01    0.000000e+00    1.762638e+01    5.499986e-01    0.000000e+00  
  2   2  15   5.577319e+01    5.499997e-01    0.000000e+00    1.388217e-01    5.481134e-01    0.000000e+00  
  2   2  16   5.310415e+01    5.500000e-01    0.000000e+00    4.854484e+01    5.499897e-01    0.000000e+00  
  2   2  17   1.375492e+00    5.479448e-01    0.000000e+00    -7.944600e-01    5.485003e-01    0.000000e+00  
  2   2  18   -4.530310e-01    5.484263e-01    0.000000e+00    3.191748e+00    5.476578e-01    0.000000e+00  
  2   2  19   4.408341e+01    5.499952e-01    0.000000e+00    4.781970e+01    5.499968e-01    0.000000e+00  
  2   2  20   4.008535e+01    4.997498e-01    0.000000e+00    -8.640546e-01    5.484654e-01    0.000000e+00  
  2   2  21   4.155741e+00    5.471915e-01    0.000000e+00    2.899609e+00    5.477313e-01    0.000000e+00  
  2   2  22   2.751805e+00    5.475552e-01    0.000000e+00    -5.484084e+00    5.492164e-01    0.000000e+00  
  2   2  23   5.336047e+01    5.500000e-01    0.000000e+00    2.714541e+01    5.499998e-01    0.000000e+00  
  2   2  24   4.067708e+01    5.499995e-01    0.000000e+00    -5.096712e-02    5.483442e-01    0.000000e+00  
  2   2  25   4.556870e+00    5.472142e-01    0.000000e+00    1.713099e+00    5.476822e-01    0.000000e+00  
  2   2  26   6.182145e+01    5.499982e-01    0.000000e+00    5.585877e-01    5.481163e-01    0.000000e+00  
  2   2  27   6.395656e+00    5.445951e-01    0.000000e+00    -5.801107e+00    5.493537e-01    0.000000e+00  
  2   2  28   8.705926e-01    5.480591e-01    0.000000e+00    -1.771881e+00    5.486850e-01    0.000000e+00  
  2   2  29   -1.503754e+00    5.487193e-01    0.000000e+00    7.792786e+01    5.500000e-01    0.000000e+00  
  2   2  30   8.210695e+01    5.500000e-01    0.000000e+00    6.410699e+01    5.500000e-01    0.000000e+00  
  2   2  31   3.144189e+00    5.476793e-01    0.000000e+00    2.241337e-01    5.482762e-01    0.000000e+00  
  2   2  32   -8.440889e-01    5.490768e-01    0.000000e+00    6.004258e+00    5.444132e-01    0.000000e+00  
  2   2  33   8.848645e+01    5.499967e-01    0.000000e+00    5.016331e+01    5.499994e-01    0.000000e+00  
  2   2  34   6.581057e+01    5.500000e-01    0.000000e+00    1.244338e+02    5.499991e-01    0.000000e+00  
  2   2  35   5.548853e+01    5.499917e-01    0.000000e+00    5.404422e+00    5.448671e-01    0.000000e+00  
  2   2  36   1.383858e+01    5.500000e-01    0.000000e+00    4.582438e+01    5.499995e-01    0.000000e+00  
  2   2  37   5.068232e+01    5.499997e-01    0.000000e+00    5.127233e+01    5.500000e-01    0.000000e+00  
  2   2  38   5.559005e+01    5.499958e-01    0.000000e+00    7.392400e+01    5.500000e-01    0.000000e+00  
  2   2  39   6.657581e+01    5.499997e-01    0.000000e+00    4.797503e+01    5.499988e-01    0.000000e+00  
  2   2  40   3.938588e+01    5.499994e-01    0.000000e+00    1.055811e+01    5.500000e-01    0.000000e+00  
  2   2  41   7.798814e+01    5.499999e-01    0.000000e+00    3.743448e+01    5.076267e-01    0.000000e+00  
  2   2  42   3.149779e+01    5.500000e-01    0.000000e+00    7.384216e+01    5.499960e-01    0.000000e+00  
  2   2  43   7.550652e+01    5.499998e-01    0.000000e+00    6.622910e+01    5.499963e-01    0.000000e+00  
  2   2  44   4.547217e+01    5.500000e-01    0.000000e+00    6.492376e+01    5.500000e-01    0.000000e+00  
  2   2  45   5.311906e+00    5.450764e-01    0.000000e+00    3.843879e-01    5.481697e-01    0.000000e+00  
  2   2  46   3.585980e+01    5.500000e-01    0.000000e+00    -2.162998e-01    5.484449e-01    0.000000e+00  
  2   2  47   5.440525e+01    5.500000e-01    0.000000e+00    1.489100e+02    5.499999e-01    0.000000e+00  
  2   2  48   6.354366e-01    5.481690e-01    0.000000e+00    3.568805e+00    5.476187e-01    0.000000e+00  
  2   2  49   5.401656e+01    5.499984e-01    0.000000e+00    8.341173e+01    5.500000e-01    0.000000e+00  
  2   2  50   6.429061e+01    5.499997e-01    0.000000e+00    6.565936e+01    5.499993e-01    0.000000e+00  
  2   2  51   7.648926e+01    5.499999e-01    0.000000e+00    8.049649e+01    5.500000e-01    0.000000e+00  
  2   2  52   2.654758e+01    5.499996e-01    0.000000e+00    6.350480e+01    5.499998e-01    0.000000e+00  
  2   2  53   4.223477e+01    4.915492e-01    0.000000e+00    6.417852e+00    5.450209e-01    0.000000e+00  
  2   2  54   4.535248e+00    5.472815e-01    0.000000e+00    7.025918e-01    5.483115e-01    0.000000e+00  
  2   2  55   3.923064e+01    5.500000e-01    0.000000e+00    4.732914e+01    5.499992e-01    0.000000e+00  
  2   2  56   7.055759e+01    5.499965e-01    0.000000e+00    1.442164e+02    5.499967e-01    0.000000e+00  
  2   2  57   5.825311e+01    4.500000e-01    0.000000e+00    2.356628e+00    5.477061e-01    0.000000e+00  
  2   2  58   -1.177301e+00    5.488817e-01    0.000000e+00    3.415823e+01    5.500000e-01    0.000000e+00  
  2   2  59   1.156284e+02    5.499520e-01    0.000000e+00    1.021749e+02    5.464358e-01    0.000000e+00  
  2   2  60   1.372628e+00    5.482037e-01    0.000000e+00    4.328820e+01    5.499998e-01    0.000000e+00  
  2   2  61   4.241377e+01    5.500000e-01    0.000000e+00    1.001619e+02    5.499988e-01    0.000000e+00  
  2   2  62   4.449141e+01    4.794302e-01    0.000000e+00    4.772197e+01    4.500069e-01    0.000000e+00  
  2   3   1   8.175393e+01    5.499992e-01    0.000000e+00    1.149365e+02    5.500000e-01    0.000000e+00  
  2   3   2   5.635118e+01    5.500000e-01    0.000000e+00    7.244578e+01    5.499990e-01    0.000000e+00  
  2   3   3   2.336388e+00    5.494001e-01    0.000000e+00    3.856734e+01    4.500029e-01    0.000000e+00  
  2   3   4   7.726679e-01    5.495765e-01    0.000000e+00    -2.356178e-02    5.497052e-01    0.000000e+00  
  2   3   5   4.078446e+01    4.500010e-01    0.000000e+00    1.755599e+01    5.500000e-01    0.000000e+00  
  3   1   1   3.057702e+01    5.242470e-01    0.000000e+00    5.499006e+01    5.500000e-01    0.000000e+00  
  3   1   2   4.070144e+01    4.973728e-01    0.000000e+00    5.796155e+01    5.500000e-01    0.000000e+00  
  3   1   3   4.794394e+01    5.499998e-01    0.000000e+00    5.322360e+01    5.499989e-01    0.000000e+00  
  3   1   4   3.883930e+01    5.039235e-01    0.000000e+00    4.447194e+01    5.500000e-01    0.000000e+00  
  3   1   5   7.071527e+01    5.500000e-01    0.000000e+00    2.335471e+01    5.499997e-01    0.000000e+00  
  3   1   6   1.985453e+00    5.492770e-01    0.000000e+00    4.323478e+01    5.499986e-01    0.000000e+00  
  3   1   7   4.087491e+01    5.499997e-01    0.000000e+00    1.104718e+00    5.490985e-01    0.000000e+00  
  3   1   8   4.293377e+01    5.500000e-01    0.000000e+00    5.340362e+01    5.455173e-01    0.000000e+00  
  3   1   9   3.426957e+00    5.491687e-01    0.000000e+00    3.253381e+01    5.499996e-01    0.000000e+00  
  3   1  10   1.681690e+01    5.500000e-01    0.000000e+00    4.385606e+01    5.499997e-01    0.000000e+00  
  3   1  11   5.242195e-01    5.495327e-01    0.000000e+00    1.215122e+01    5.499998e-01    0.000000e+00  
  3   1  12   3.953728e+00    5.491532e-01    0.000000e+00    5.269746e+01    4.500000e-01    0.000000e+00  
  3   1  13   4.913358e+01    5.499998e-01    0.000000e+00    1.341185e+00    5.495021e-01    0.000000e+00  
  3   1  14   -5.922117e+00    5.499673e-01    0.000000e+00    2.977993e+00    5.492307e-01    0.000000e+00  
  3   1  15   5.418464e+01    4.500000e-01    0.000000e+00    -1.649921e-01    5.497439e-01    0.000000e+00  
  3   1  16   4.201753e+01    4.917549e-01    0.000000e+00    5.967929e+01    5.500000e-01    0.000000e+00  
  3   1  17   4.426332e+01    5.499999e-01    0.000000e+00    4.745711e+01    5.499996e-01    0.000000e+00  
  3   1  18   2.668714e+00    5.492799e-01    0.000000e+00    -4.889643e+00    5.499883e-01    0.000000e+00  
  3   1  19   1.682233e+00    5.495327e-01    0.000000e+00    8.039471e-01    5.496467e-01    0.000000e+00  
  3   1  20   1.138498e+01    5.500000e-01    0.000000e+00    6.403535e+01    5.500000e-01    0.000000e+00  
  3   1  21   7.193580e+01    5.499978e-01    0.000000e+00    6.161450e+01    5.186521e-01    0.000000e+00  
  3   1  22   4.759149e+01    5.500000e-01    0.000000e+00    6.867505e+00    5.500000e-01    0.000000e+00  
  3   1  23   5.715273e+01    4.526239e-01    0.000000e+00    3.758129e+01    4.500051e-01    0.000000e+00  
  3   2   1   3.717686e+01    5.080930e-01    0.000000e+00    4.848950e+01    5.500000e-01    0.000000e+00  
  3   2   2   3.914065e+01    5.027838e-01    0.000000e+00    3.836704e+01    5.049940e-01    0.000000e+00  
  3   2   3   4.635025e+01    4.500000e-01    0.000000e+00    -3.630303e-02    5.483839e-01    0.000000e+00  
  3   2   4   3.817301e+01    5.055482e-01    0.000000e+00    3.765155e+01    5.070404e-01    0.000000e+00  
  3   2   5   3.781640e+00    5.470648e-01    0.000000e+00    5.029309e+01    5.499992e-01    0.000000e+00  
  3   2   6   5.171079e+01    5.499992e-01    0.000000e+00    2.605742e+01    4.500000e-01    0.000000e+00  
  3   2   7   4.771106e+01    5.499995e-01    0.000000e+00    4.958360e+01    5.495088e-01    0.000000e+00  
  3   2   8   4.678524e+01    5.499998e-01    0.000000e+00    2.234287e+01    5.499886e-01    0.000000e+00  
  3   2   9   3.918788e+01    5.025787e-01    0.000000e+00    6.915992e+01    5.499990e-01    0.000000e+00  
  3   2  10   5.334559e+01    5.499983e-01    0.000000e+00    6.394405e+01    5.500000e-01    0.000000e+00  
  3   2  11   2.687108e+01    5.499978e-01    0.000000e+00    5.620624e+00    5.451954e-01    0.000000e+00  
  3   2  12   3.630037e+01    5.499995e-01    0.000000e+00    2.773752e-01    5.483188e-01    0.000000e+00  
  3   2  13   3.645335e+01    5.499983e-01    0.000000e+00    -4.683828e-01    5.479164e-01    0.000000e+00  
  3   2  14   4.678570e+01    5.498696e-01    0.000000e+00    6.788063e+01    5.499992e-01    0.000000e+00  
  3   2  15   3.218432e+01    5.499983e-01    0.000000e+00    9.745978e+00    5.434161e-01    0.000000e+00  
  3   2  16   4.071596e+01    5.499996e-01    0.000000e+00    7.136787e-01    5.481489e-01    0.000000e+00  
  3   2  17   -2.208869e+00    5.487287e-01    0.000000e+00    -4.159928e-01    5.484453e-01    0.000000e+00  
  3   2  18   1.053588e+00    5.480575e-01    0.000000e+00    2.383889e+00    5.476769e-01    0.000000e+00  
  3   2  19   -3.430559e+00    5.491361e-01    0.000000e+00    2.545281e+00    5.474262e-01    0.000000e+00  
  3   2  20   7.266145e+01    5.499980e-01    0.000000e+00    4.238721e+01    5.500000e-01    0.000000e+00  
  3   2  21   1.599498e+01    5.500000e-01    0.000000e+00    6.435207e+01    5.499955e-01    0.000000e+00  
  3   2  22   1.709570e+00    5.476505e-01    0.000000e+00    4.291537e+01    5.500000e-01    0.000000e+00  
  3   2  23   1.910977e+00    5.478674e-01    0.000000e+00    3.589602e+01    5.499994e-01    0.000000e+00  
  3   2  24   4.021283e+01    5.500000e-01    0.000000e+00    5.020393e+00    5.469553e-01    0.000000e+00  
  3   2  25   -2.041628e+00    5.487660e-01    0.000000e+00    1.764460e+00    5.479522e-01    0.000000e+00  
  3   2  26   -2.131271e+00    5.487778e-01    0.000000e+00    8.229551e+01    5.499998e-01    0.000000e+00  
  3   2  27   1.770754e+01    5.499998e-01    0.000000e+00    1.395252e+00    5.478889e-01    0.000000e+00  
  3   2  28   -2.396103e+00    5.489178e-01    0.000000e+00    1.318440e+00    5.480967e-01    0.000000e+00  
  3   2  29   1.974891e+01    5.499999e-01    0.000000e+00    -5.466226e+00    5.494387e-01    0.000000e+00  
  3   2  30   5.960440e+01    5.499989e-01    0.000000e+00    4.655839e+00    5.474370e-01    0.000000e+00  
  3   2  31   1.875694e+00    5.479859e-01    0.000000e+00    1.298830e+00    5.480950e-01    0.000000e+00  
  3   2  32   4.102149e-02    5.483480e-01    0.000000e+00    1.096983e+02    5.500000e-01    0.000000e+00  
  3   2  33   1.169892e+02    5.500000e-01    0.000000e+00    -9.188769e-02    5.483347e-01    0.000000e+00  
  3   2  34   5.131544e+01    5.500000e-01    0.000000e+00    -2.874509e-02    5.484127e-01    0.000000e+00  
  3   2  35   7.124540e+01    5.500000e-01    0.000000e+00    4.219902e+01    4.916021e-01    0.000000e+00  
  3   2  36   5.447401e+00    5.447366e-01    0.000000e+00    -8.028962e-01    5.487271e-01    0.000000e+00  
  3   2  37   3.817851e+01    5.500000e-01    0.000000e+00    4.342384e+01    5.500000e-01    0.000000e+00  
  3   2  38   9.202185e+01    5.499999e-01    0.000000e+00    6.907040e+01    5.499997e-01    0.000000e+00  
  3   2  39   -1.489862e+00    5.486027e-01    0.000000e+00    2.100130e+00    5.479549e-01    0.000000e+00  
  3   2  40   2.663212e+00    5.473399e-01    0.000000e+00    -7.348363e-01    5.488084e-01    0.000000e+00  
  3   2  41   1.501782e+02    5.500000e-01    0.000000e+00    6.682176e+01    5.499999e-01    0.000000e+00  
  3   2  42   1.577992e+01    5.500000e-01    0.000000e+00    3.651173e-01    5.481633e-01    0.000000e+00  
  3   2  43   6.161981e+01    5.500000e-01    0.000000e+00    1.039913e+02    5.499998e-01    0.000000e+00  
  3   2  44   1.087286e+02    5.499997e-01    0.000000e+00    2.282866e+00    5.478973e-01    0.000000e+00  
  3   2  45   7.233870e+01    5.500000e-01    0.000000e+00    1.248164e+00    5.479091e-01    0.000000e+00  
  3   2  46   3.044957e+01    5.498412e-01    0.000000e+00    4.723648e+01    5.499996e-01    0.000000e+00  
  3   2  47   7.968192e+01    5.499975e-01    0.000000e+00    6.382080e+01    5.499977e-01    0.000000e+00  
  3   2  48   4.978197e+01    5.499997e-01    0.000000e+00    7.312541e+01    5.500000e-01    0.000000e+00  
  3   2  49   1.786666e+02    5.499999e-01    0.000000e+00    5.708518e+01    5.500000e-01    0.000000e+00  
  3   2  50   4.538739e+01    5.499978e-01    0.000000e+00    4.560593e+01    4.500048e-01    0.000000e+00  
  3   2  51   3.211372e+01    5.499998e-01    0.000000e+00    3.408274e+01    5.500000e-01    0.000000e+00  
  3   2  52   7.383684e+00    5.441791e-01    0.000000e+00    4.984938e+01    5.500000e-01    0.000000e+00  
  3   2  53   7.332637e+01    5.499999e-01    0.000000e+00    6.294982e+01    5.500000e-01    0.000000e+00  
  3   2  54   3.120867e+01    5.499996e-01    0.000000e+00    6.564995e+01    5.499996e-01    0.000000e+00  
  3   2  55   4.812994e+01    5.500000e-01    0.000000e+00    2.111795e+00    5.479086e-01    0.000000e+00  
  3   2  56   1.473430e+01    5.499999e-01    0.000000e+00    -1.226447e-01    5.484180e-01    0.000000e+00  
  3   2  57   4.501670e+00    5.470117e-01    0.000000e+00    4.251633e+00    5.475753e-01    0.000000e+00  
  3   2  58   1.382239e+02    5.499895e-01    0.000000e+00    1.639550e+01    5.500000e-01    0.000000e+00  
  3   2  59   8.338278e+00    5.440044e-01    0.000000e+00    -1.032214e+00    5.488341e-01    0.000000e+00  
  3   2  60   2.944967e+01    5.499999e-01    0.000000e+00    -3.559846e+00    5.488849e-01    0.000000e+00  
  3   2  61   5.992391e-02    5.483052e-01    0.000000e+00    3.895155e+00    5.473420e-01    0.000000e+00  
  3   2  62   7.578952e+01    5.499983e-01    0.000000e+00    4.362178e+01    5.499998e-01    0.000000e+00  
  3   3   1   4.643867e+01    5.500000e-01    0.000000e+00    4.485515e+01    4.745119e-01    0.000000e+00  
  3   3   2   1.935572e+02    5.500000e-01    0.000000e+00    4.503835e+01    4.500005e-01    0.000000e+00  
  3   3   3   4.000000e+01    5.000000e-01    0.000000e+00    4.000000e+01    5.000000e-01    0.000000e+00  
  3   3   4   1.058885e+02    5.500000e-01    0.000000e+00    4.775581e+01    4.500001e-01    0.000000e+00  
  3   3   5   1.319712e+01    5.499997e-01    0.000000e+00    -3.336735e-01    5.499531e-01    0.000000e+00  
  4   1   1   5.042958e+01    5.499992e-01    0.000000e+00    5.432554e+01    5.499984e-01    0.000000e+00  
  4   1   2   5.581627e+01    5.499937e-01    0.000000e+00    2.989168e+01    4.500080e-01    0.000000e+00  
  4   1   3   5.679377e+01    5.499999e-01    0.000000e+00    3.658769e+01    4.500062e-01    0.000000e+00  
  4   1   4   4.836050e+01    5.499966e-01    0.000000e+00    3.259605e+01    5.499989e-01    0.000000e+00  
  4   1   5   3.991149e+01    5.499941e-01    0.000000e+00    5.504386e+01    5.499980e-01    0.000000e+00  
  4   1   6   1.253434e+01    5.500000e-01    0.000000e+00    1.479702e+01    5.437421e-01    0.000000e+00  
  4   1   7   -1.020947e-02    5.496775e-01    0.000000e+00    8.060304e+01    5.500000e-01    0.000000e+00  
  4   1   8   3.859577e+01    5.049065e-01    0.000000e+00    4.988238e+01    5.499914e-01    0.000000e+00  
  4   1   9   -3.043800e+00    5.499439e-01    0.000000e+00    -3.956083e+00    5.499426e-01    0.000000e+00  
  4   1  10   -2.124453e+00    5.499109e-01    0.000000e+00    2.099851e+00    5.493044e-01    0.000000e+00  
  4   1  11   -6.914401e-01    5.497462e-01    0.000000e+00    2.961935e+00    5.492035e-01    0.000000e+00  
  4   1  12   9.393989e+00    5.499998e-01    0.000000e+00    2.356801e-01    5.493553e-01    0.000000e+00  
  4   1  13   -2.441978e+00    5.499154e-01    0.000000e+00    -5.247737e+00    5.499870e-01    0.000000e+00  
  4   1  14   5.226797e+01    5.499986e-01    0.000000e+00    -1.099217e+00    5.498531e-01    0.000000e+00  
  4   1  15   4.459618e+01    5.499984e-01    0.000000e+00    2.257434e+01    5.500000e-01    0.000000e+00  
  4   1  16   -1.301431e+00    5.498461e-01    0.000000e+00    -8.570228e-01    5.498250e-01    0.000000e+00  
  4   1  17   -7.386420e-02    5.497854e-01    0.000000e+00    1.445612e+00    5.495075e-01    0.000000e+00  
  4   1  18   2.775702e+00    5.489979e-01    0.000000e+00    1.171776e+01    5.500000e-01    0.000000e+00  
  4   1  19   5.683647e+00    5.500000e-01    0.000000e+00    1.064244e+01    5.500000e-01    0.000000e+00  
  4   1  20   1.174537e+02    5.500000e-01    0.000000e+00    3.382816e+01    4.500004e-01    0.000000e+00  
  4   1  21   4.060793e-01    5.491443e-01    0.000000e+00    2.272491e+00    5.493621e-01    0.000000e+00  
  4   1  22   8.127469e+01    5.499997e-01    0.000000e+00    6.615855e+01    5.500000e-01    0.000000e+00  
  4   1  23   5.000217e+00    5.488659e-01    0.000000e+00    4.997005e+01    5.500000e-01    0.000000e+00  
  4   2   1   4.132178e+01    4.952783e-01    0.000000e+00    5.294735e+01    5.499990e-01    0.000000e+00  
  4   2   2   5.517900e+01    5.499837e-01    0.000000e+00    4.159717e+01    4.941607e-01    0.000000e+00  
  4   2   3   3.923829e+01    5.024461e-01    0.000000e+00    5.567104e+01    5.498011e-01    0.000000e+00  
  4   2   4   4.012443e+01    5.499979e-01    0.000000e+00    2.156167e+01    4.500031e-01    0.000000e+00  
  4   2   5   3.889027e+01    5.033731e-01    0.000000e+00    5.154088e+01    5.499999e-01    0.000000e+00  
  4   2   6   4.296659e+01    5.499996e-01    0.000000e+00    2.458203e+01    5.499991e-01    0.000000e+00  
  4   2   7   5.009852e+01    5.499999e-01    0.000000e+00    3.601741e+01    5.112337e-01    0.000000e+00  
  4   2   8   5.434416e+00    5.475110e-01    0.000000e+00    3.031092e-01    5.481510e-01    0.000000e+00  
  4   2   9   4.200523e+01    4.926003e-01    0.000000e+00    4.107113e+01    4.963163e-01    0.000000e+00  
  4   2  10   3.394513e+01    5.499997e-01    0.000000e+00    9.789464e+00    5.499957e-01    0.000000e+00  
  4   2  11   3.206703e+01    5.500000e-01    0.000000e+00    3.309786e-01    5.485758e-01    0.000000e+00  
  4   2  12   7.932454e+01    5.499280e-01    0.000000e+00    2.638281e+01    5.500000e-01    0.000000e+00  
  4   2  13   7.545186e+01    5.490676e-01    0.000000e+00    3.804716e+01    5.499993e-01    0.000000e+00  
  4   2  14   3.753514e+01    5.072778e-01    0.000000e+00    4.171693e+01    5.499921e-01    0.000000e+00  
  4   2  15   1.267174e+00    5.481341e-01    0.000000e+00    3.640718e+01    5.499971e-01    0.000000e+00  
  4   2  16   2.839061e+01    5.500000e-01    0.000000e+00    8.322134e+01    5.498331e-01    0.000000e+00  
  4   2  17   4.923721e+01    5.499962e-01    0.000000e+00    2.212649e+01    5.348525e-01    0.000000e+00  
  4   2  18   2.499990e+01    5.499990e-01    0.000000e+00    2.473370e+00    5.479617e-01    0.000000e+00  
  4   2  19   3.388688e+01    5.500000e-01    0.000000e+00    4.324135e+01    5.499972e-01    0.000000e+00  
  4   2  20   6.351567e+01    5.499769e-01    0.000000e+00    6.867895e+01    5.500000e-01    0.000000e+00  
  4   2  21   4.214272e+01    5.499969e-01    0.000000e+00    3.857080e+01    5.500000e-01    0.000000e+00  
  4   2  22   6.363863e-02    5.483362e-01    0.000000e+00    -6.496530e-01    5.484726e-01    0.000000e+00  
  4   2  23   5.554015e+00    5.447991e-01    0.000000e+00    9.142454e+01    5.499996e-01    0.000000e+00  
  4   2  24   2.415206e+01    5.500000e-01    0.000000e+00    1.322786e+01    5.500000e-01    0.000000e+00  
  4   2  25   1.390359e+01    5.500000e-01    0.000000e+00    -3.462923e+00    5.490106e-01    0.000000e+00  
  4   2  26   -1.522389e+00    5.486313e-01    0.000000e+00    1.955776e+00    5.478229e-01    0.000000e+00  
  4   2  27   -1.580089e-01    5.483127e-01    0.000000e+00    -7.752123e-01    5.484177e-01    0.000000e+00  
  4   2  28   2.868297e-02    5.482802e-01    0.000000e+00    3.969011e-01    5.482839e-01    0.000000e+00  
  4   2  29   3.619113e-01    5.480964e-01    0.000000e+00    -1.857898e-01    5.484608e-01    0.000000e+00  
  4   2  30   -1.086238e-01    5.483122e-01    0.000000e+00    4.333513e+01    4.861647e-01    0.000000e+00  
  4   2  31   -2.923476e-01    5.480148e-01    0.000000e+00    4.506002e+02    4.500000e-01    0.000000e+00  
  4   2  32   4.000000e+01    5.000000e-01    0.000000e+00    4.000000e+01    5.000000e-01    0.000000e+00  
  4   2  33   6.793833e+00    5.499957e-01    0.000000e+00    4.220747e+01    4.917702e-01    0.000000e+00  
  4   2  34   2.712136e+01    5.499999e-01    0.000000e+00    8.718760e+01    5.500000e-01    0.000000e+00  
  4   2  35   1.960446e+01    5.500000e-01    0.000000e+00    3.634515e+01    5.499999e-01    0.000000e+00  
  4   2  36   8.021406e-01    5.481915e-01    0.000000e+00    7.887448e-01    5.483095e-01    0.000000e+00  
  4   2  37   1.163540e+02    5.495586e-01    0.000000e+00    3.123609e+00    5.472620e-01    0.000000e+00  
  4   2  38   2.670931e+01    5.500000e-01    0.000000e+00    1.324694e+01    5.500000e-01    0.000000e+00  
  4   2  39   3.297822e+00    5.476044e-01    0.000000e+00    -5.911061e-02    5.483588e-01    0.000000e+00  
  4   2  40   7.033928e+01    5.499995e-01    0.000000e+00    1.123163e+02    5.500000e-01    0.000000e+00  
  4   2  41   1.270470e+00    5.474480e-01    0.000000e+00    3.250386e+01    5.499999e-01    0.000000e+00  
  4   2  42   4.575431e+01    5.500000e-01    0.000000e+00    4.996645e+01    5.500000e-01    0.000000e+00  
  4   2  43   4.827208e+01    5.499999e-01    0.000000e+00    1.093566e+02    5.499998e-01    0.000000e+00  
  4   2  44   9.597583e+01    5.499987e-01    0.000000e+00    3.267296e+01    4.500005e-01    0.000000e+00  
  4   2  45   1.485143e+02    5.499999e-01    0.000000e+00    5.487096e+01    5.500000e-01    0.000000e+00  
  4   2  46   1.274890e+01    5.499999e-01    0.000000e+00    1.166213e+02    5.500000e-01    0.000000e+00  
  4   2  47   3.345726e+00    5.473524e-01    0.000000e+00    7.261302e+01    5.499984e-01    0.000000e+00  
  4   2  48   4.584349e+01    5.499993e-01    0.000000e+00    5.717660e+01    5.499990e-01    0.000000e+00  
  4   2  49   1.019914e+02    5.499999e-01    0.000000e+00    6.771119e+01    5.500000e-01    0.000000e+00  
  4   2  50   7.097722e+01    5.499999e-01    0.000000e+00    1.272626e+01    5.499995e-01    0.000000e+00  
  4   2  51   8.520820e+01    4.935263e-01    0.000000e+00    5.847426e+01    5.500000e-01    0.000000e+00  
  4   2  52   4.631419e+01    5.499998e-01    0.000000e+00    5.007657e+01    5.499992e-01    0.000000e+00  
  4   2  53   3.740580e+00    5.473170e-01    0.000000e+00    -1.494834e-01    5.484259e-01    0.000000e+00  
  4   2  54   5.478320e+01    5.500000e-01    0.000000e+00    7.923136e+01    5.499987e-01    0.000000e+00  
  4   2  55   8.517582e+01    5.500000e-01    0.000000e+00    1.164242e+01    5.499999e-01    0.000000e+00  
  4   2  56   4.189422e+00    5.475394e-01    0.000000e+00    1.735312e+02    5.499949e-01    0.000000e+00  
  4   2  57   1.702561e+01    5.499988e-01    0.000000e+00    4.667952e+01    5.499999e-01    0.000000e+00  
  4   2  58   4.872142e+01    5.499947e-01    0.000000e+00    2.587181e+01    5.499999e-01    0.000000e+00  
  4   2  59   6.489021e+01    5.499962e-01    0.000000e+00    4.606482e+01    5.499995e-01    0.000000e+00  
  4   2  60   2.090921e+00    5.482990e-01    0.000000e+00    3.269660e+00    5.476451e-01    0.000000e+00  
  4   2  61   8.068290e+01    5.499997e-01    0.000000e+00    9.863166e+01    4.992345e-01    0.000000e+00  
  4   2  62   3.820891e+01    5.499995e-01    0.000000e+00    5.546039e+01    5.500000e-01    0.000000e+00  
  4   3   1   6.154315e+01    5.499997e-01    0.000000e+00    6.574508e+01    5.500000e-01    0.000000e+00  
  4   3   2   3.952823e+01    4.500000e-01    0.000000e+00    -1.501376e-01    5.497049e-01    0.000000e+00  
  4   3   3   9.179005e+00    5.499999e-01    0.000000e+00    3.792410e+01    4.500003e-01    0.000000e+00  
  4   3   4   6.734279e+01    5.500000e-01    0.000000e+00    4.761033e+01    4.500014e-01    0.000000e+00  
  4   3   5   1.614039e+01    5.500000e-01    0.000000e+00    -2.349231e-02    5.494796e-01    0.000000e+00  
  5   1   1   3.351218e+01    5.184088e-01    0.000000e+00    5.502102e+01    5.499986e-01    0.000000e+00  
  5   1   2   5.530329e+01    5.499999e-01    0.000000e+00    5.380946e+01    5.499944e-01    0.000000e+00  
  5   1   3   4.882124e+01    5.499348e-01    0.000000e+00    4.999763e+01    5.499986e-01    0.000000e+00  
  5   1   4   2.454955e+01    5.500000e-01    0.000000e+00    3.789288e+01    5.499993e-01    0.000000e+00  
  5   1   5   3.718454e+01    5.092349e-01    0.000000e+00    3.701579e+01    5.096380e-01    0.000000e+00  
  5   1   6   1.315403e+01    5.499998e-01    0.000000e+00    5.048223e+01    5.499998e-01    0.000000e+00  
  5   1   7   -3.674050e+00    5.499425e-01    0.000000e+00    -1.626138e+00    5.498860e-01    0.000000e+00  
  5   1   8   2.322197e+00    5.492815e-01    0.000000e+00    3.449638e+00    5.491506e-01    0.000000e+00  
  5   1   9   7.909561e+01    5.500000e-01    0.000000e+00    4.884126e+01    5.500000e-01    0.000000e+00  
  5   1  10   -5.943735e+00    5.499999e-01    0.000000e+00    4.351452e+00    5.489868e-01    0.000000e+00  
  5   1  11   4.424576e+01    5.500000e-01    0.000000e+00    4.145192e-01    5.496009e-01    0.000000e+00  
  5   1  12   -4.247525e+00    5.499981e-01    0.000000e+00    -4.796986e-02    5.497194e-01    0.000000e+00  
  5   1  13   1.408551e+01    5.499998e-01    0.000000e+00    4.710000e+01    5.500000e-01    0.000000e+00  
  5   1  14   3.153428e+01    4.500007e-01    0.000000e+00    -3.695130e-01    5.497583e-01    0.000000e+00  
  5   1  15   7.325761e+00    5.499997e-01    0.000000e+00    4.998483e+01    5.499956e-01    0.000000e+00  
  5   1  16   1.341545e+01    5.500000e-01    0.000000e+00    4.245534e+01    4.896288e-01    0.000000e+00  
  5   1  17   1.425993e+00    5.490089e-01    0.000000e+00    1.139258e+01    5.500000e-01    0.000000e+00  
  5   1  18   4.375316e+00    5.491939e-01    0.000000e+00    4.093760e+01    4.963498e-01    0.000000e+00  
  5   1  19   4.278487e+01    5.499997e-01    0.000000e+00    6.296062e+01    5.499998e-01    0.000000e+00  
  5   1  20   5.101363e+01    5.499999e-01    0.000000e+00    6.306209e+01    5.499922e-01    0.000000e+00  
  5   1  21   3.299994e+01    5.499998e-01    0.000000e+00    6.496710e+01    5.500000e-01    0.000000e+00  
  5   1  22   6.948968e+01    5.500000e-01    0.000000e+00    5.988780e+01    5.499997e-01    0.000000e+00  
  5   1  23   6.061474e+01    5.499992e-01    0.000000e+00    1.074054e+02    5.499997e-01    0.000000e+00  
  5   2   1   2.172431e+01    4.500006e-01    0.000000e+00    5.510011e+01    5.500000e-01    0.000000e+00  
  5   2   2   4.090456e+01    5.499995e-01    0.000000e+00    4.496649e+01    5.499995e-01    0.000000e+00  
  5   2   3   2.627102e+01    4.500013e-01    0.000000e+00    4.874299e+01    5.500000e-01    0.000000e+00  
  5   2   4   2.058807e+01    4.500134e-01    0.000000e+00    5.270029e+01    5.499999e-01    0.000000e+00  
  5   2   5   5.624790e+01    5.499964e-01    0.000000e+00    6.473589e+01    5.499941e-01    0.000000e+00  
  5   2   6   4.069275e+01    4.976972e-01    0.000000e+00    5.663306e+01    5.492737e-01    0.000000e+00  
  5   2   7   5.065648e+01    5.499979e-01    0.000000e+00    4.379557e+01    5.499994e-01    0.000000e+00  
  5   2   8   4.873322e+01    5.499929e-01    0.000000e+00    2.924073e+01    5.499910e-01    0.000000e+00  
  5   2   9   5.652336e+01    5.499868e-01    0.000000e+00    5.538481e+01    5.499879e-01    0.000000e+00  
  5   2  10   4.757564e+01    5.499972e-01    0.000000e+00    4.396618e+01    5.499956e-01    0.000000e+00  
  5   2  11   2.730288e+01    5.500000e-01    0.000000e+00    4.992042e+01    5.500000e-01    0.000000e+00  
  5   2  12   1.651877e+01    5.499990e-01    0.000000e+00    4.688939e+01    5.499834e-01    0.000000e+00  
  5   2  13   3.572317e-01    5.481838e-01    0.000000e+00    5.072488e-01    5.481782e-01    0.000000e+00  
  5   2  14   3.649506e+01    5.499998e-01    0.000000e+00    4.716375e+01    5.499998e-01    0.000000e+00  
  5   2  15   6.719103e+01    5.500000e-01    0.000000e+00    4.115559e+01    5.499999e-01    0.000000e+00  
  5   2  16   1.611932e-01    5.482683e-01    0.000000e+00    5.097999e+01    5.499995e-01    0.000000e+00  
  5   2  17   -1.819921e+00    5.490643e-01    0.000000e+00    1.974787e+01    5.500000e-01    0.000000e+00  
  5   2  18   -1.790446e+00    5.488325e-01    0.000000e+00    1.454855e+01    5.409793e-01    0.000000e+00  
  5   2  19   4.223120e+00    5.473377e-01    0.000000e+00    3.035053e+01    5.499998e-01    0.000000e+00  
  5   2  20   4.512998e+01    5.499998e-01    0.000000e+00    -1.074918e-01    5.484646e-01    0.000000e+00  
  5   2  21   -2.299574e+01    4.500000e-01    0.000000e+00    -3.492478e-01    5.485522e-01    0.000000e+00  
  5   2  22   3.313325e+01    5.500000e-01    0.000000e+00    4.823011e+01    5.500000e-01    0.000000e+00  
  5   2  23   1.206074e+00    5.481502e-01    0.000000e+00    4.194913e+01    5.499985e-01    0.000000e+00  
  5   2  24   9.849566e+01    5.500000e-01    0.000000e+00    1.260439e+00    5.477137e-01    0.000000e+00  
  5   2  25   5.130307e+01    5.500000e-01    0.000000e+00    -2.155552e+00    5.488749e-01    0.000000e+00  
  5   2  26   3.719732e+01    5.500000e-01    0.000000e+00    -1.735082e+00    5.487503e-01    0.000000e+00  
  5   2  27   5.763521e+01    5.499978e-01    0.000000e+00    -6.309572e-02    5.483721e-01    0.000000e+00  
  5   2  28   1.881670e+01    5.500000e-01    0.000000e+00    1.912868e+00    5.474306e-01    0.000000e+00  
  5   2  29   6.666506e+01    5.499988e-01    0.000000e+00    -1.844796e-01    5.484664e-01    0.000000e+00  
  5   2  30   4.374812e+01    5.499991e-01    0.000000e+00    8.961755e+01    5.499988e-01    0.000000e+00  
  5   2  31   4.513029e+01    5.499995e-01    0.000000e+00    9.921611e+01    5.500000e-01    0.000000e+00  
  5   2  32   6.125241e-01    5.481857e-01    0.000000e+00    2.836887e-01    5.481378e-01    0.000000e+00  
  5   2  33   6.335785e+00    5.445943e-01    0.000000e+00    -1.287901e+00    5.487246e-01    0.000000e+00  
  5   2  34   5.637891e+01    5.499999e-01    0.000000e+00    6.319624e+01    5.499995e-01    0.000000e+00  
  5   2  35   1.656699e+00    5.479889e-01    0.000000e+00    -5.224409e-01    5.485785e-01    0.000000e+00  
  5   2  36   1.304257e+00    5.477008e-01    0.000000e+00    3.961418e+01    5.499995e-01    0.000000e+00  
  5   2  37   6.033025e+01    5.499999e-01    0.000000e+00    7.212394e+01    5.499991e-01    0.000000e+00  
  5   2  38   2.029875e+01    5.500000e-01    0.000000e+00    1.312987e+01    5.499993e-01    0.000000e+00  
  5   2  39   4.533778e+00    5.472440e-01    0.000000e+00    2.250370e+01    5.499995e-01    0.000000e+00  
  5   2  40   5.325056e+01    5.500000e-01    0.000000e+00    7.539627e+01    5.500000e-01    0.000000e+00  
  5   2  41   5.468061e+01    5.499998e-01    0.000000e+00    4.898595e+01    5.500000e-01    0.000000e+00  
  5   2  42   8.421256e-01    5.481408e-01    0.000000e+00    5.029291e+01    5.499993e-01    0.000000e+00  
  5   2  43   3.262258e+01    5.500000e-01    0.000000e+00    5.214782e+01    5.500000e-01    0.000000e+00  
  5   2  44   9.456135e+01    5.500000e-01    0.000000e+00    4.793503e+01    5.499999e-01    0.000000e+00  
  5   2  45   7.565274e+01    4.500002e-01    0.000000e+00    4.697435e+01    5.499993e-01    0.000000e+00  
  5   2  46   6.001269e+01    4.513015e-01    0.000000e+00    6.279622e+01    5.499950e-01    0.000000e+00  
  5   2  47   6.702524e+01    5.499999e-01    0.000000e+00    5.352082e+01    5.500000e-01    0.000000e+00  
  5   2  48   7.549868e+01    5.500000e-01    0.000000e+00    5.951748e+01    5.500000e-01    0.000000e+00  
  5   2  49   4.000000e+01    5.000000e-01    0.000000e+00    4.000000e+01    5.000000e-01    0.000000e+00  
  5   2  50   8.005435e+01    5.499994e-01    0.000000e+00    8.036929e+01    5.499997e-01    0.000000e+00  
  5   2  51   2.286844e+00    5.476591e-01    0.000000e+00    9.642254e-01    5.481196e-01    0.000000e+00  
  5   2  52   4.205755e+01    5.499989e-01    0.000000e+00    4.055568e+00    5.473292e-01    0.000000e+00  
  5   2  53   1.309753e+00    5.480944e-01    0.000000e+00    2.253533e-01    5.481103e-01    0.000000e+00  
  5   2  54   1.942513e+00    5.481700e-01    0.000000e+00    1.108100e+02    5.499988e-01    0.000000e+00  
  5   2  55   2.472937e+01    5.500000e-01    0.000000e+00    2.621141e+00    5.476788e-01    0.000000e+00  
  5   2  56   3.804861e+00    5.476695e-01    0.000000e+00    8.195822e+01    5.498302e-01    0.000000e+00  
  5   2  57   3.528198e+00    5.474847e-01    0.000000e+00    1.121576e+01    5.499765e-01    0.000000e+00  
  5   2  58   7.467084e+01    5.500000e-01    0.000000e+00    1.897513e+01    5.500000e-01    0.000000e+00  
  5   2  59   5.770894e+01    5.500000e-01    0.000000e+00    1.187797e+01    5.423810e-01    0.000000e+00  
  5   2  60   6.177135e+01    5.500000e-01    0.000000e+00    1.096531e+02    5.499988e-01    0.000000e+00  
  5   2  61   3.057456e+01    5.499997e-01    0.000000e+00    6.145759e+01    5.500000e-01    0.000000e+00  
  5   2  62   7.510787e+00    5.499999e-01    0.000000e+00    1.258664e+01    5.499970e-01    0.000000e+00  
  5   3   1   7.358302e+01    5.389624e-01    0.000000e+00    1.337691e+01    5.499999e-01    0.000000e+00  
  5   3   2   5.284073e+01    5.499998e-01    0.000000e+00    3.655340e+01    5.499998e-01    0.000000e+00  
  5   3   3   5.556419e+01    5.119876e-01    0.000000e+00    3.159877e+00    5.488962e-01    0.000000e+00  
  5   3   4   4.450295e+01    4.500075e-01    0.000000e+00    4.914007e+01    5.500000e-01    0.000000e+00  
  5   3   5   7.197797e+01    5.499053e-01    0.000000e+00    2.525226e+00    5.493206e-01    0.000000e+00  
  6   1   1   2.242101e+01    4.516001e-01    0.000000e+00    5.471688e+01    5.500000e-01    0.000000e+00  
  6   1   2   5.272691e+01    5.500000e-01    0.000000e+00    4.932886e+01    5.499869e-01    0.000000e+00  
  6   1   3   5.797493e+01    5.499969e-01    0.000000e+00    3.501016e+01    5.150674e-01    0.000000e+00  
  6   1   4   5.304840e+01    5.496557e-01    0.000000e+00    5.344747e+01    5.499885e-01    0.000000e+00  
  6   1   5   5.040177e+01    5.499986e-01    0.000000e+00    2.581484e+01    5.499999e-01    0.000000e+00  
  6   1   6   3.100357e+01    4.500022e-01    0.000000e+00    4.670357e+01    5.500000e-01    0.000000e+00  
  6   1   7   4.015369e+01    5.499995e-01    0.000000e+00    1.097370e+01    5.499999e-01    0.000000e+00  
  6   1   8   4.385572e+01    5.499983e-01    0.000000e+00    1.297476e+01    5.499998e-01    0.000000e+00  
  6   1   9   -4.706345e-01    5.499342e-01    0.000000e+00    8.177576e-01    5.495654e-01    0.000000e+00  
  6   1  10   7.471860e+01    5.500000e-01    0.000000e+00    3.888292e+01    5.039683e-01    0.000000e+00  
  6   1  11   -8.670926e-01    5.498512e-01    0.000000e+00    -2.375003e+00    5.499553e-01    0.000000e+00  
  6   1  12   9.408879e-01    5.496079e-01    0.000000e+00    3.587385e+01    5.127599e-01    0.000000e+00  
  6   1  13   -3.578769e-01    5.497965e-01    0.000000e+00    -2.958684e+00    5.499759e-01    0.000000e+00  
  6   1  14   1.851161e+00    5.495085e-01    0.000000e+00    -9.488407e+00    5.499068e-01    0.000000e+00  
  6   1  15   -8.118066e-01    5.498765e-01    0.000000e+00    -9.491297e-01    5.497947e-01    0.000000e+00  
  6   1  16   7.653034e+01    5.499999e-01    0.000000e+00    3.003782e+01    5.500000e-01    0.000000e+00  
  6   1  17   6.501438e+01    5.500000e-01    0.000000e+00    4.696377e+01    5.499970e-01    0.000000e+00  
  6   1  18   4.743248e+01    5.499998e-01    0.000000e+00    4.162520e+01    4.936232e-01    0.000000e+00  
  6   1  19   6.083265e+01    5.499995e-01    0.000000e+00    4.558788e+00    5.488550e-01    0.000000e+00  
  6   1  20   3.384109e-01    5.495826e-01    0.000000e+00    3.834011e-01    5.496264e-01    0.000000e+00  
  6   1  21   5.148003e+01    5.499998e-01    0.000000e+00    3.405608e+01    4.500066e-01    0.000000e+00  
  6   1  22   7.510593e+01    5.500000e-01    0.000000e+00    7.054052e+01    5.499996e-01    0.000000e+00  
  6   1  23   5.313389e+01    5.500000e-01    0.000000e+00    7.304101e+01    5.489719e-01    0.000000e+00  
  6   2   1   4.056144e+01    4.980981e-01    0.000000e+00    5.109079e+01    5.499982e-01    0.000000e+00  
  6   2   2   4.057399e+01    4.980000e-01    0.000000e+00    4.692799e+01    5.499988e-01    0.000000e+00  
  6   2   3   4.990790e+01    5.499977e-01    0.000000e+00    3.949227e+01    5.016505e-01    0.000000e+00  
  6   2   4   3.700920e+01    5.499996e-01    0.000000e+00    4.240757e+01    5.499979e-01    0.000000e+00  
  6   2   5   5.151922e+01    5.500000e-01    0.000000e+00    3.565103e+01    5.118838e-01    0.000000e+00  
  6   2   6   4.280891e+01    5.499995e-01    0.000000e+00    4.124648e+01    5.499994e-01    0.000000e+00  
  6   2   7   4.874899e+01    5.499971e-01    0.000000e+00    5.044449e+01    5.499991e-01    0.000000e+00  
  6   2   8   2.870625e+01    5.248065e-01    0.000000e+00    4.844679e+01    5.499980e-01    0.000000e+00  
  6   2   9   4.281637e+01    5.499992e-01    0.000000e+00    1.010958e-01    5.486772e-01    0.000000e+00  
  6   2  10   4.129505e+01    5.499951e-01    0.000000e+00    4.234475e+01    5.499979e-01    0.000000e+00  
  6   2  11   5.911774e+01    5.499992e-01    0.000000e+00    5.637857e+01    5.499366e-01    0.000000e+00  
  6   2  12   1.045794e+01    5.431083e-01    0.000000e+00    1.326545e+00    5.479708e-01    0.000000e+00  
  6   2  13   2.111282e-01    5.481688e-01    0.000000e+00    7.719804e+00    5.442650e-01    0.000000e+00  
  6   2  14   -3.924094e-01    5.484316e-01    0.000000e+00    3.488576e+01    5.499999e-01    0.000000e+00  
  6   2  15   2.512782e+01    5.499994e-01    0.000000e+00    -9.376817e-01    5.485004e-01    0.000000e+00  
  6   2  16   3.498443e+01    5.135553e-01    0.000000e+00    5.789849e+01    5.499989e-01    0.000000e+00  
  6   2  17   2.343291e+00    5.476841e-01    0.000000e+00    -2.640500e+01    5.499961e-01    0.000000e+00  
  6   2  18   -2.923498e+00    5.488205e-01    0.000000e+00    -1.384212e-01    5.483994e-01    0.000000e+00  
  6   2  19   5.291265e+01    5.500000e-01    0.000000e+00    3.479520e-01    5.482999e-01    0.000000e+00  
  6   2  20   3.076610e+01    5.500000e-01    0.000000e+00    6.956095e-01    5.478442e-01    0.000000e+00  
  6   2  21   1.499633e+01    5.500000e-01    0.000000e+00    8.738055e+01    5.499993e-01    0.000000e+00  
  6   2  22   4.069429e+01    5.500000e-01    0.000000e+00    5.211028e-02    5.482339e-01    0.000000e+00  
  6   2  23   3.532161e-01    5.479367e-01    0.000000e+00    1.196642e+01    4.500002e-01    0.000000e+00  
  6   2  24   7.360850e+01    5.500000e-01    0.000000e+00    -1.205580e+00    5.485892e-01    0.000000e+00  
  6   2  25   6.636670e+01    5.499997e-01    0.000000e+00    -1.221544e+00    5.489600e-01    0.000000e+00  
  6   2  26   1.930150e+01    5.499997e-01    0.000000e+00    -1.058938e+01    5.497299e-01    0.000000e+00  
  6   2  27   2.243947e-01    5.481220e-01    0.000000e+00    -2.916893e+00    5.488908e-01    0.000000e+00  
  6   2  28   5.981554e+01    5.500000e-01    0.000000e+00    5.355102e+01    5.499994e-01    0.000000e+00  
  6   2  29   4.123382e+00    5.473182e-01    0.000000e+00    7.019975e+00    5.444088e-01    0.000000e+00  
  6   2  30   2.329963e+00    5.474705e-01    0.000000e+00    -3.157453e+00    5.491811e-01    0.000000e+00  
  6   2  31   6.024912e+01    5.500000e-01    0.000000e+00    -1.993940e+00    5.486595e-01    0.000000e+00  
  6   2  32   3.319184e+01    5.500000e-01    0.000000e+00    4.857600e+01    5.499968e-01    0.000000e+00  
  6   2  33   2.149601e+01    5.499999e-01    0.000000e+00    8.222287e+00    5.499999e-01    0.000000e+00  
  6   2  34   4.894515e-01    5.481897e-01    0.000000e+00    2.137176e-01    5.478914e-01    0.000000e+00  
  6   2  35   2.642968e+00    5.472474e-01    0.000000e+00    4.224808e+01    5.499998e-01    0.000000e+00  
  6   2  36   4.683069e+01    5.499995e-01    0.000000e+00    4.833916e+00    5.473133e-01    0.000000e+00  
  6   2  37   -4.942632e+00    5.492261e-01    0.000000e+00    1.576623e+01    5.500000e-01    0.000000e+00  
  6   2  38   3.725745e+01    5.080789e-01    0.000000e+00    4.722761e+00    5.473105e-01    0.000000e+00  
  6   2  39   1.036896e+01    5.494968e-01    0.000000e+00    6.130394e+01    5.500000e-01    0.000000e+00  
  6   2  40   7.630782e+01    5.500000e-01    0.000000e+00    4.347456e+01    4.855000e-01    0.000000e+00  
  6   2  41   4.575131e+01    5.499993e-01    0.000000e+00    8.323214e+01    5.499996e-01    0.000000e+00  
  6   2  42   1.550724e+00    5.473153e-01    0.000000e+00    2.842454e+01    5.500000e-01    0.000000e+00  
  6   2  43   3.872955e+01    5.499999e-01    0.000000e+00    4.552600e+01    5.499990e-01    0.000000e+00  
  6   2  44   6.153656e+01    5.500000e-01    0.000000e+00    7.253748e+01    5.499986e-01    0.000000e+00  
  6   2  45   -1.626799e+00    5.487024e-01    0.000000e+00    5.030008e+01    5.499998e-01    0.000000e+00  
  6   2  46   8.918984e+01    4.500012e-01    0.000000e+00    2.166267e+00    5.478895e-01    0.000000e+00  
  6   2  47   8.364505e+01    4.500015e-01    0.000000e+00    -1.272348e-01    5.483320e-01    0.000000e+00  
  6   2  48   7.356375e+01    5.499993e-01    0.000000e+00    7.864880e+01    5.499998e-01    0.000000e+00  
  6   2  49   1.217164e+00    5.473007e-01    0.000000e+00    5.054517e-02    5.482188e-01    0.000000e+00  
  6   2  50   3.076652e+00    5.475612e-01    0.000000e+00    2.543942e-01    5.481998e-01    0.000000e+00  
  6   2  51   6.419501e+01    5.500000e-01    0.000000e+00    8.280336e+01    5.499998e-01    0.000000e+00  
  6   2  52   2.765501e+01    5.500000e-01    0.000000e+00    5.303413e+01    5.500000e-01    0.000000e+00  
  6   2  53   1.199421e+02    5.500000e-01    0.000000e+00    2.733762e+01    5.500000e-01    0.000000e+00  
  6   2  54   8.159477e+01    4.500000e-01    0.000000e+00    2.737411e+01    5.500000e-01    0.000000e+00  
  6   2  55   1.006486e+01    5.500000e-01    0.000000e+00    -2.161158e+00    5.488431e-01    0.000000e+00  
  6   2  56   1.646025e+01    5.500000e-01    0.000000e+00    2.244588e+01    5.500000e-01    0.000000e+00  
  6   2  57   -4.040809e+00    5.491104e-01    0.000000e+00    6.129330e+00    5.445164e-01    0.000000e+00  
  6   2  58   1.514780e+01    5.500000e-01    0.000000e+00    6.547008e+01    5.499992e-01    0.000000e+00  
  6   2  59   3.651384e+01    5.499978e-01    0.000000e+00    7.868862e+01    5.499966e-01    0.000000e+00  
  6   2  60   1.001033e+00    5.480335e-01    0.000000e+00    1.296593e+02    5.499995e-01    0.000000e+00  
  6   2  61   1.194655e+02    5.500000e-01    0.000000e+00    6.225678e+01    5.500000e-01    0.000000e+00  
  6   2  62   3.550507e+01    4.500010e-01    0.000000e+00    6.603573e+01    5.499995e-01    0.000000e+00  
  6   3   1   1.572835e+02    4.500000e-01    0.000000e+00    4.224348e+01    4.500003e-01    0.000000e+00  
  6   3   2   6.411133e+01    5.499972e-01    0.000000e+00    4.382148e+01    4.818443e-01    0.000000e+00  
  6   3   3   6.380818e+01    5.500000e-01    0.000000e+00    7.752407e+01    5.500000e-01    0.000000e+00  
  6   3   4   2.426144e+00    5.494575e-01    0.000000e+00    -1.597126e+00    5.498442e-01    0.000000e+00  
  6   3   5   3.700326e+01    5.500000e-01    0.000000e+00    7.426601e-01    5.495487e-01    0.000000e+00  
