  1   1   1   2.214251e+01    2.214251e+01    6.905926e+01    6.905926e+01  
  1   1   2   1.677559e+01    1.677559e+01    2.400280e+01    2.400280e+01  
  1   1   3   1.305273e+01    1.305273e+01    8.526255e+00    8.526255e+00  
  1   1   4   1.335440e+01    1.335440e+01    6.787646e+00    6.787646e+00  
  1   1   5   1.458336e+01    1.458336e+01    6.016194e+00    6.016194e+00  
  1   1   6   1.822944e+01    1.822944e+01    8.041602e+00    8.041602e+00  
  1   1   7   2.026822e+01    2.026822e+01    7.972582e+00    7.972582e+00  
  1   1   8   1.435588e+01    1.435588e+01    3.417445e+00    3.417445e+00  
  1   1   9   1.082842e+01    1.082842e+01    1.572371e+00    1.572371e+00  
  1   1  10   1.759071e+01    1.759071e+01    3.717887e+00    3.717887e+00  
  1   1  11   1.440865e+01    1.440865e+01    2.100259e+00    2.100259e+00  
  1   1  12   1.743537e+01    1.743537e+01    2.795114e+00    2.795114e+00  
  1   1  13   1.867517e+01    1.867517e+01    2.881756e+00    2.881756e+00  
  1   1  14   1.558722e+01    1.558722e+01    1.751582e+00    1.751582e+00  
  1   1  15   2.166068e+01    2.166068e+01    3.147487e+00    3.147487e+00  
  1   1  16   1.378178e+01    1.378178e+01    1.279259e+00    1.279259e+00  
  1   1  17   1.639340e+01    1.639340e+01    1.473720e+00    1.473720e+00  
  1   1  18   1.377766e+01    1.377766e+01    1.093315e+00    1.093315e+00  
  1   1  19   1.341477e+01    1.341477e+01    1.469529e+00    1.469529e+00  
  1   1  20   1.779445e+01    1.779445e+01    1.366283e+00    1.366283e+00  
  1   1  21   1.770286e+01    1.770286e+01    1.238588e+00    1.238588e+00  
  1   1  22   2.006044e+01    2.006044e+01    1.513738e+00    1.513738e+00  
  1   1  23   1.386945e+01    1.386945e+01    6.244511e-01    6.244511e-01  
  1   2   1   2.171820e+01    2.171820e+01    2.110497e+02    2.110497e+02  
  1   2   2   1.489812e+01    1.489812e+01    4.670941e+01    4.670941e+01  
  1   2   3   1.921070e+01    1.921070e+01    9.566891e+01    9.566891e+01  
  1   2   4   1.682425e+01    1.682425e+01    3.483365e+01    3.483365e+01  
  1   2   5   1.600000e+01    1.600000e+01    3.620387e+02    3.620387e+02  
  1   2   6   1.126679e+01    1.126679e+01    1.008294e+01    1.008294e+01  
  1   2   7   1.701456e+01    1.701456e+01    1.740450e+01    1.740450e+01  
  1   2   8   8.850855e+00    8.850855e+00    4.164501e+00    4.164501e+00  
  1   2   9   1.034884e+01    1.034884e+01    5.097026e+00    5.097026e+00  
  1   2  10   1.213932e+01    1.213932e+01    5.881395e+00    5.881395e+00  
  1   2  11   2.174343e+01    2.174343e+01    1.724569e+01    1.724569e+01  
  1   2  12   1.215546e+01    1.215546e+01    4.923438e+00    4.923438e+00  
  1   2  13   1.914563e+01    1.914563e+01    1.040434e+01    1.040434e+01  
  1   2  14   1.701663e+01    1.701663e+01    7.628427e+00    7.628427e+00  
  1   2  15   1.972287e+01    1.972287e+01    9.545701e+00    9.545701e+00  
  1   2  16   2.219961e+01    2.219961e+01    1.077517e+01    1.077517e+01  
  1   2  17   8.536717e+00    8.536717e+00    4.820631e+01    4.820631e+01  
  1   2  18   1.524631e+01    1.524631e+01    4.221039e+00    4.221039e+00  
  1   2  19   1.773017e+01    1.773017e+01    5.412279e+00    5.412279e+00  
  1   2  20   1.343742e+01    1.343742e+01    3.586687e+01    3.586687e+01  
  1   2  21   1.446904e+01    1.446904e+01    3.064610e+00    3.064610e+00  
  1   2  22   1.908232e+01    1.908232e+01    5.171188e+00    5.171188e+00  
  1   2  23   1.673587e+01    1.673587e+01    3.787400e+00    3.787400e+00  
  1   2  24   1.603528e+01    1.603528e+01    3.164928e+00    3.164928e+00  
  1   2  25   1.365527e+01    1.365527e+01    2.187661e+00    2.187661e+00  
  1   2  26   1.738691e+01    1.738691e+01    3.421424e+00    3.421424e+00  
  1   2  27   1.229673e+01    1.229673e+01    1.627150e+00    1.627150e+00  
  1   2  28   1.189869e+01    1.189869e+01    1.395588e+00    1.395588e+00  
  1   2  29   1.668042e+01    1.668042e+01    2.648778e+00    2.648778e+00  
  1   2  30   2.123021e+01    2.123021e+01    4.091430e+00    4.091430e+00  
  1   2  31   1.471198e+01    1.471198e+01    1.873897e+00    1.873897e+00  
  1   2  32   1.671049e+01    1.671049e+01    2.308728e+00    2.308728e+00  
  1   2  33   1.756597e+01    1.756597e+01    2.461190e+00    2.461190e+00  
  1   2  34   1.855058e+01    1.855058e+01    2.620715e+00    2.620715e+00  
  1   2  35   1.703556e+01    1.703556e+01    2.082778e+00    2.082778e+00  
  1   2  36   2.173237e+01    2.173237e+01    3.310161e+00    3.310161e+00  
  1   2  37   1.593078e+01    1.593078e+01    1.706715e+00    1.706715e+00  
  1   2  38   1.718756e+01    1.718756e+01    1.878896e+00    1.878896e+00  
  1   2  39   1.571748e+01    1.571748e+01    1.514588e+00    1.514588e+00  
  1   2  40   1.370021e+01    1.370021e+01    1.108355e+00    1.108355e+00  
  1   2  41   1.313826e+01    1.313826e+01    9.719970e-01    9.719970e-01  
  1   2  42   1.676577e+01    1.676577e+01    1.559450e+00    1.559450e+00  
  1   2  43   1.914514e+01    1.914514e+01    1.971026e+00    1.971026e+00  
  1   2  44   1.685594e+01    1.685594e+01    1.455293e+00    1.455293e+00  
  1   2  45   1.615375e+01    1.615375e+01    1.300244e+00    1.300244e+00  
  1   2  46   1.656010e+01    1.656010e+01    1.298990e+00    1.298990e+00  
  1   2  47   2.026395e+01    2.026395e+01    1.933960e+00    1.933960e+00  
  1   2  48   1.342622e+01    1.342622e+01    7.993794e-01    7.993794e-01  
  1   2  49   1.145276e+01    1.145276e+01    8.995315e-01    8.995315e-01  
  1   2  50   1.650932e+01    1.650932e+01    1.149055e+00    1.149055e+00  
  1   2  51   1.526071e+01    1.526071e+01    9.600513e-01    9.600513e-01  
  1   2  52   1.865470e+01    1.865470e+01    1.389196e+00    1.389196e+00  
  1   2  53   1.299266e+01    1.299266e+01    6.252169e-01    6.252169e-01  
  1   2  54   1.706439e+01    1.706439e+01    1.729921e+01    1.729921e+01  
  1   2  55   1.944079e+01    1.944079e+01    1.396071e+00    1.396071e+00  
  1   2  56   1.417000e+01    1.417000e+01    6.927240e-01    6.927240e-01  
  1   2  57   1.654575e+01    1.654575e+01    9.328973e-01    9.328973e-01  
  1   2  58   1.886536e+01    1.886536e+01    1.233498e+00    1.233498e+00  
  1   2  59   2.572940e+01    2.572940e+01    2.248539e+00    2.248539e+00  
  1   2  60   1.436191e+01    1.436191e+01    6.312566e-01    6.312566e-01  
  1   2  61   1.133870e+01    1.133870e+01    5.492283e-01    5.492283e-01  
  1   2  62   1.521379e+01    1.521379e+01    6.947899e-01    6.947899e-01  
  1   3   1   1.575136e+01    1.575136e+01    8.641550e-01    8.641550e-01  
  1   3   2   1.399245e+01    1.399245e+01    7.047345e-01    7.047345e-01  
  1   3   3   1.690959e+01    1.690959e+01    8.946499e-01    8.946499e-01  
  1   3   4   1.601930e+01    1.601930e+01    7.431833e-01    7.431833e-01  
  1   3   5   1.776275e+01    1.776275e+01    9.100396e-01    9.100396e-01  
  2   1   1   1.431893e+01    1.431893e+01    2.887809e+01    2.887809e+01  
  2   1   2   1.179758e+01    1.179758e+01    1.186066e+01    1.186066e+01  
  2   1   3   2.081492e+01    2.081492e+01    2.170022e+01    2.170022e+01  
  2   1   4   1.273599e+01    1.273599e+01    6.171483e+00    6.171483e+00  
  2   1   5   1.647050e+01    1.647050e+01    7.679934e+00    7.679934e+00  
  2   1   6   1.611539e+01    1.611539e+01    6.278586e+00    6.278586e+00  
  2   1   7   1.552350e+01    1.552350e+01    4.661840e+00    4.661840e+00  
  2   1   8   1.944196e+01    1.944196e+01    6.291869e+00    6.291869e+00  
  2   1   9   2.080723e+01    2.080723e+01    5.899549e+00    5.899549e+00  
  2   1  10   1.303057e+01    1.303057e+01    2.028190e+00    2.028190e+00  
  2   1  11   1.613477e+01    1.613477e+01    2.644359e+00    2.644359e+00  
  2   1  12   1.247142e+01    1.247142e+01    1.411239e+00    1.411239e+00  
  2   1  13   1.600000e+01    1.600000e+01    3.620387e+02    3.620387e+02  
  2   1  14   1.596627e+01    1.596627e+01    1.835324e+00    1.835324e+00  
  2   1  15   2.203032e+01    2.203032e+01    3.255742e+00    3.255742e+00  
  2   1  16   1.565779e+01    1.565779e+01    1.460232e+00    1.460232e+00  
  2   1  17   1.926893e+01    1.926893e+01    2.053849e+00    2.053849e+00  
  2   1  18   1.603360e+01    1.603360e+01    1.295826e+00    1.295826e+00  
  2   1  19   1.591455e+01    1.591455e+01    1.162668e+00    1.162668e+00  
  2   1  20   2.553994e+01    2.553994e+01    2.871126e+00    2.871126e+00  
  2   1  21   2.095759e+01    2.095759e+01    1.762210e+00    1.762210e+00  
  2   1  22   1.578715e+01    1.578715e+01    9.116487e-01    9.116487e-01  
  2   1  23   1.419990e+01    1.419990e+01    6.962795e-01    6.962795e-01  
  2   2   1   1.600000e+01    1.600000e+01    1.600000e+01    1.600000e+01  
  2   2   2   1.891987e+01    1.891987e+01    7.534920e+01    7.534920e+01  
  2   2   3   1.228347e+01    1.228347e+01    2.439364e+01    2.439364e+01  
  2   2   4   2.220894e+01    2.220894e+01    6.071951e+01    6.071951e+01  
  2   2   5   1.692264e+01    1.692264e+01    2.754405e+01    2.754405e+01  
  2   2   6   1.917115e+01    1.917115e+01    2.923505e+01    2.923505e+01  
  2   2   7   9.491430e+00    9.491430e+00    5.402837e+00    5.402837e+00  
  2   2   8   1.723358e+01    1.723358e+01    1.585846e+01    1.585846e+01  
  2   2   9   1.594698e+01    1.594698e+01    1.212480e+01    1.212480e+01  
  2   2  10   2.323991e+01    2.323991e+01    2.189098e+01    2.189098e+01  
  2   2  11   1.688903e+01    1.688903e+01    1.039888e+01    1.039888e+01  
  2   2  12   2.222536e+01    2.222536e+01    1.652293e+01    1.652293e+01  
  2   2  13   1.603705e+01    1.603705e+01    7.282615e+00    7.282615e+00  
  2   2  14   1.452510e+01    1.452510e+01    5.549678e+00    5.549678e+00  
  2   2  15   1.487806e+01    1.487806e+01    5.425606e+00    5.425606e+00  
  2   2  16   2.004960e+01    2.004960e+01    8.776040e+00    8.776040e+00  
  2   2  17   1.600000e+01    1.600000e+01    1.600000e+01    1.600000e+01  
  2   2  18   1.795994e+01    1.795994e+01    5.868658e+00    5.868658e+00  
  2   2  19   2.323271e+01    2.323271e+01    9.302739e+00    9.302739e+00  
  2   2  20   1.963453e+01    1.963453e+01    6.292480e+00    6.292480e+00  
  2   2  21   1.244441e+01    1.244441e+01    2.258148e+00    2.258148e+00  
  2   2  22   1.750496e+01    1.750496e+01    4.350566e+00    4.350566e+00  
  2   2  23   1.892832e+01    1.892832e+01    4.849932e+00    4.849932e+00  
  2   2  24   1.842466e+01    1.842466e+01    4.189495e+00    4.189495e+00  
  2   2  25   1.976169e+01    1.976169e+01    4.616981e+00    4.616981e+00  
  2   2  26   1.491224e+01    1.491224e+01    2.506491e+00    2.506491e+00  
  2   2  27   1.833049e+01    1.833049e+01    3.499298e+00    3.499298e+00  
  2   2  28   2.003507e+01    2.003507e+01    4.028144e+00    4.028144e+00  
  2   2  29   1.878733e+01    1.878733e+01    3.369402e+00    3.369402e+00  
  2   2  30   2.359631e+01    2.359631e+01    5.062350e+00    5.062350e+00  
  2   2  31   1.778931e+01    1.778931e+01    2.757593e+00    2.757593e+00  
  2   2  32   2.040455e+01    2.040455e+01    3.458918e+00    3.458918e+00  
  2   2  33   1.587196e+01    1.587196e+01    1.971801e+00    1.971801e+00  
  2   2  34   1.646170e+01    1.646170e+01    2.056129e+00    2.056129e+00  
  2   2  35   1.490756e+01    1.490756e+01    1.582895e+00    1.582895e+00  
  2   2  36   1.911296e+01    1.911296e+01    2.555300e+00    2.555300e+00  
  2   2  37   1.561363e+01    1.561363e+01    1.638036e+00    1.638036e+00  
  2   2  38   1.851960e+01    1.851960e+01    2.186585e+00    2.186585e+00  
  2   2  39   1.566036e+01    1.566036e+01    1.506024e+00    1.506024e+00  
  2   2  40   1.767895e+01    1.767895e+01    1.878653e+00    1.878653e+00  
  2   2  41   1.907911e+01    1.907911e+01    2.089613e+00    2.089613e+00  
  2   2  42   1.125083e+01    1.125083e+01    6.872335e-01    6.872335e-01  
  2   2  43   1.777435e+01    1.777435e+01    1.694760e+00    1.694760e+00  
  2   2  44   2.068516e+01    2.068516e+01    2.215881e+00    2.215881e+00  
  2   2  45   1.504240e+01    1.504240e+01    1.122012e+00    1.122012e+00  
  2   2  46   2.131915e+01    2.131915e+01    2.187852e+00    2.187852e+00  
  2   2  47   1.248860e+01    1.248860e+01    7.847721e-01    7.847721e-01  
  2   2  48   1.971488e+01    1.971488e+01    1.788094e+00    1.788094e+00  
  2   2  49   2.360623e+01    2.360623e+01    2.466158e+00    2.466158e+00  
  2   2  50   2.361986e+01    2.361986e+01    2.413748e+00    2.413748e+00  
  2   2  51   1.864588e+01    1.864588e+01    1.449789e+00    1.449789e+00  
  2   2  52   1.944664e+01    1.944664e+01    1.511451e+00    1.511451e+00  
  2   2  53   2.008324e+01    2.008324e+01    1.582323e+00    1.582323e+00  
  2   2  54   1.470231e+01    1.470231e+01    7.954672e-01    7.954672e-01  
  2   2  55   2.057545e+01    2.057545e+01    1.568199e+00    1.568199e+00  
  2   2  56   2.113367e+01    2.113367e+01    1.655746e+00    1.655746e+00  
  2   2  57   1.763611e+01    1.763611e+01    4.337181e+00    4.337181e+00  
  2   2  58   1.661852e+01    1.661852e+01    9.195492e-01    9.195492e-01  
  2   2  59   1.714978e+01    1.714978e+01    9.666983e-01    9.666983e-01  
  2   2  60   1.383042e+01    1.383042e+01    5.685374e-01    5.685374e-01  
  2   2  61   1.742679e+01    1.742679e+01    9.405415e-01    9.405415e-01  
  2   2  62   1.739449e+01    1.739449e+01    9.328188e-01    9.328188e-01  
  2   3   1   1.484611e+01    1.484611e+01    7.597826e-01    7.597826e-01  
  2   3   2   2.412551e+01    2.412551e+01    1.988604e+00    1.988604e+00  
  2   3   3   2.050898e+01    2.050898e+01    1.348478e+00    1.348478e+00  
  2   3   4   1.371335e+01    1.371335e+01    5.266369e-01    5.266369e-01  
  2   3   5   1.919177e+01    1.919177e+01    1.086704e+00    1.086704e+00  
  3   1   1   1.598749e+01    1.598749e+01    3.601970e+01    3.601970e+01  
  3   1   2   1.963800e+01    1.963800e+01    3.287525e+01    3.287525e+01  
  3   1   3   1.631152e+01    1.631152e+01    1.332934e+01    1.332934e+01  
  3   1   4   1.137565e+01    1.137565e+01    4.916847e+00    4.916847e+00  
  3   1   5   1.531928e+01    1.531928e+01    6.640878e+00    6.640878e+00  
  3   1   6   1.530087e+01    1.530087e+01    5.657923e+00    5.657923e+00  
  3   1   7   1.978173e+01    1.978173e+01    7.582310e+00    7.582310e+00  
  3   1   8   2.288416e+01    2.288416e+01    8.736585e+00    8.736585e+00  
  3   1   9   1.529058e+01    1.529058e+01    3.164869e+00    3.164869e+00  
  3   1  10   1.628517e+01    1.628517e+01    3.189326e+00    3.189326e+00  
  3   1  11   1.608522e+01    1.608522e+01    2.625554e+00    2.625554e+00  
  3   1  12   2.043977e+01    2.043977e+01    3.844543e+00    3.844543e+00  
  3   1  13   1.693471e+01    1.693471e+01    2.366769e+00    2.366769e+00  
  3   1  14   1.296301e+01    1.296301e+01    1.197051e+00    1.197051e+00  
  3   1  15   1.697679e+01    1.697679e+01    1.554738e+01    1.554738e+01  
  3   1  16   1.362508e+01    1.362508e+01    1.093577e+00    1.093577e+00  
  3   1  17   2.108341e+01    2.108341e+01    2.467182e+00    2.467182e+00  
  3   1  18   1.369863e+01    1.369863e+01    1.376188e+00    1.376188e+00  
  3   1  19   1.307074e+01    1.307074e+01    1.123653e+00    1.123653e+00  
  3   1  20   1.683694e+01    1.683694e+01    1.215427e+00    1.215427e+00  
  3   1  21   1.683888e+01    1.683888e+01    1.119004e+00    1.119004e+00  
  3   1  22   2.324031e+01    2.324031e+01    2.048097e+00    2.048097e+00  
  3   1  23   1.621688e+01    1.621688e+01    9.428320e-01    9.428320e-01  
  3   2   1   2.090948e+01    2.090948e+01    1.600000e+01    1.600000e+01  
  3   2   2   1.555298e+01    1.555298e+01    1.600000e+01    1.600000e+01  
  3   2   3   1.600000e+01    1.600000e+01    1.600000e+01    1.600000e+01  
  3   2   4   1.862122e+01    1.862122e+01    1.600000e+01    1.600000e+01  
  3   2   5   1.685109e+01    1.685109e+01    2.645232e+01    2.645232e+01  
  3   2   6   1.670444e+01    1.670444e+01    2.218767e+01    2.218767e+01  
  3   2   7   1.546318e+01    1.546318e+01    1.437269e+01    1.437269e+01  
  3   2   8   1.008628e+01    1.008628e+01    5.412857e+00    5.412857e+00  
  3   2   9   1.740802e+01    1.740802e+01    1.446015e+01    1.446015e+01  
  3   2  10   1.618051e+01    1.618051e+01    1.045845e+01    1.045845e+01  
  3   2  11   1.321607e+01    1.321607e+01    6.359726e+00    6.359726e+00  
  3   2  12   1.584484e+01    1.584484e+01    8.377522e+00    8.377522e+00  
  3   2  13   1.409740e+01    1.409740e+01    5.626291e+00    5.626291e+00  
  3   2  14   2.058308e+01    2.058308e+01    1.116053e+01    1.116053e+01  
  3   2  15   2.000914e+01    2.000914e+01    9.830915e+00    9.830915e+00  
  3   2  16   1.588872e+01    1.588872e+01    5.507771e+00    5.507771e+00  
  3   2  17   1.355652e+01    1.355652e+01    3.758616e+00    3.758616e+00  
  3   2  18   1.595603e+01    1.595603e+01    4.626264e+00    4.626264e+00  
  3   2  19   1.651052e+01    1.651052e+01    4.688216e+00    4.688216e+00  
  3   2  20   1.958502e+01    1.958502e+01    6.262258e+00    6.262258e+00  
  3   2  21   1.468822e+01    1.468822e+01    3.159180e+00    3.159180e+00  
  3   2  22   2.103181e+01    2.103181e+01    6.287847e+00    6.287847e+00  
  3   2  23   1.894774e+01    1.894774e+01    4.861978e+00    4.861978e+00  
  3   2  24   1.837620e+01    1.837620e+01    4.165460e+00    4.165460e+00  
  3   2  25   1.585203e+01    1.585203e+01    2.961100e+00    2.961100e+00  
  3   2  26   9.967340e+00    9.967340e+00    1.395928e+00    1.395928e+00  
  3   2  27   2.032045e+01    2.032045e+01    4.311714e+00    4.311714e+00  
  3   2  28   1.741857e+01    1.741857e+01    3.036445e+00    3.036445e+00  
  3   2  29   1.150413e+01    1.150413e+01    1.237415e+00    1.237415e+00  
  3   2  30   1.789432e+01    1.789432e+01    2.928605e+00    2.928605e+00  
  3   2  31   1.649507e+01    1.649507e+01    2.369572e+00    2.369572e+00  
  3   2  32   1.233118e+01    1.233118e+01    1.240011e+00    1.240011e+00  
  3   2  33   1.388560e+01    1.388560e+01    1.497670e+00    1.497670e+00  
  3   2  34   1.628419e+01    1.628419e+01    2.010602e+00    2.010602e+00  
  3   2  35   1.969529e+01    1.969529e+01    2.799710e+00    2.799710e+00  
  3   2  36   1.413489e+01    1.413489e+01    1.376865e+00    1.376865e+00  
  3   2  37   1.165261e+01    1.165261e+01    8.918493e-01    8.918493e-01  
  3   2  38   1.388857e+01    1.388857e+01    1.209977e+00    1.209977e+00  
  3   2  39   1.318081e+01    1.318081e+01    1.052329e+00    1.052329e+00  
  3   2  40   1.364136e+01    1.364136e+01    1.099592e+00    1.099592e+00  
  3   2  41   1.284194e+01    1.284194e+01    9.433494e-01    9.433494e-01  
  3   2  42   2.015068e+01    2.015068e+01    2.275749e+00    2.275749e+00  
  3   2  43   1.834627e+01    1.834627e+01    1.806720e+00    1.806720e+00  
  3   2  44   1.491604e+01    1.491604e+01    1.140413e+00    1.140413e+00  
  3   2  45   1.321810e+01    1.321810e+01    8.525642e-01    8.525642e-01  
  3   2  46   2.078762e+01    2.078762e+01    2.075657e+00    2.075657e+00  
  3   2  47   1.795146e+01    1.795146e+01    1.511033e+00    1.511033e+00  
  3   2  48   1.877972e+01    1.877972e+01    1.615588e+00    1.615588e+00  
  3   2  49   1.537834e+01    1.537834e+01    1.014893e+00    1.014893e+00  
  3   2  50   1.498665e+01    1.498665e+01    9.388526e-01    9.388526e-01  
  3   2  51   1.433189e+01    1.433189e+01    8.336464e-01    8.336464e-01  
  3   2  52   1.520540e+01    1.520540e+01    9.017240e-01    9.017240e-01  
  3   2  53   1.776790e+01    1.776790e+01    1.223572e+00    1.223572e+00  
  3   2  54   1.629603e+01    1.629603e+01    9.938436e-01    9.938436e-01  
  3   2  55   1.908803e+01    1.908803e+01    1.342071e+00    1.342071e+00  
  3   2  56   1.384500e+01    1.384500e+01    6.576069e-01    6.576069e-01  
  3   2  57   1.789084e+01    1.789084e+01    1.100161e+00    1.100161e+00  
  3   2  58   1.516097e+01    1.516097e+01    7.698672e-01    7.698672e-01  
  3   2  59   1.674966e+01    1.674966e+01    9.166685e-01    9.166685e-01  
  3   2  60   1.645222e+01    1.645222e+01    8.506882e-01    8.506882e-01  
  3   2  61   1.310386e+01    1.310386e+01    5.199228e-01    5.199228e-01  
  3   2  62   1.704559e+01    1.704559e+01    8.830330e-01    8.830330e-01  
  3   3   1   1.412608e+01    1.412608e+01    6.803508e-01    6.803508e-01  
  3   3   2   1.308194e+01    1.308194e+01    9.717998e-01    9.717998e-01  
  3   3   3   1.600000e+01    1.600000e+01    1.600000e+01    1.600000e+01  
  3   3   4   1.422068e+01    1.422068e+01    6.214468e-01    6.214468e-01  
  3   3   5   1.172879e+01    1.172879e+01    8.466182e-01    8.466182e-01  
  4   1   1   1.603998e+01    1.603998e+01    3.620347e+01    3.620347e+01  
  4   1   2   2.065453e+01    2.065453e+01    3.636237e+01    3.636237e+01  
  4   1   3   1.391312e+01    1.391312e+01    9.679615e+00    9.679615e+00  
  4   1   4   1.091381e+01    1.091381e+01    4.524094e+00    4.524094e+00  
  4   1   5   2.120062e+01    2.120062e+01    1.274453e+01    1.274453e+01  
  4   1   6   1.648885e+01    1.648885e+01    6.564470e+00    6.564470e+00  
  4   1   7   1.157807e+01    1.157807e+01    2.581041e+00    2.581041e+00  
  4   1   8   1.989363e+01    1.989363e+01    6.590816e+00    6.590816e+00  
  4   1   9   1.481189e+01    1.481189e+01    2.968377e+00    2.968377e+00  
  4   1  10   1.570875e+01    1.570875e+01    2.956907e+00    2.956907e+00  
  4   1  11   1.350371e+01    1.350371e+01    1.841226e+00    1.841226e+00  
  4   1  12   1.852008e+01    1.852008e+01    3.152966e+00    3.152966e+00  
  4   1  13   1.559416e+01    1.559416e+01    2.000150e+00    2.000150e+00  
  4   1  14   2.084113e+01    2.084113e+01    3.155632e+00    3.155632e+00  
  4   1  15   1.379046e+01    1.379046e+01    1.250842e+00    1.250842e+00  
  4   1  16   2.052515e+01    2.052515e+01    2.541131e+00    2.541131e+00  
  4   1  17   1.423217e+01    1.423217e+01    1.098800e+00    1.098800e+00  
  4   1  18   1.574425e+01    1.574425e+01    1.249677e+00    1.249677e+00  
  4   1  19   1.351694e+01    1.351694e+01    8.242671e-01    8.242671e-01  
  4   1  20   1.898919e+01    1.898919e+01    1.566487e+00    1.566487e+00  
  4   1  21   1.701608e+01    1.701608e+01    1.140110e+00    1.140110e+00  
  4   1  22   1.953520e+01    1.953520e+01    1.425625e+00    1.425625e+00  
  4   1  23   1.827689e+01    1.827689e+01    1.151419e+00    1.151419e+00  
  4   2   1   2.581872e+01    2.581872e+01    2.983744e+02    2.983744e+02  
  4   2   2   2.076849e+01    2.076849e+01    9.078945e+01    9.078945e+01  
  4   2   3   2.220118e+01    2.220118e+01    7.974387e+01    7.974387e+01  
  4   2   4   1.383887e+01    1.383887e+01    2.355723e+01    2.355723e+01  
  4   2   5   1.856224e+01    1.856224e+01    3.211404e+01    3.211404e+01  
  4   2   6   1.252700e+01    1.252700e+01    1.247376e+01    1.247376e+01  
  4   2   7   1.715273e+01    1.715273e+01    1.769682e+01    1.769682e+01  
  4   2   8   2.470357e+01    2.470357e+01    5.356523e+01    5.356523e+01  
  4   2   9   1.616676e+01    1.616676e+01    1.246820e+01    1.246820e+01  
  4   2  10   1.307730e+01    1.307730e+01    6.830476e+00    6.830476e+00  
  4   2  11   1.666679e+01    1.666679e+01    1.012004e+01    1.012004e+01  
  4   2  12   1.999494e+01    1.999494e+01    1.336777e+01    1.336777e+01  
  4   2  13   2.191936e+01    2.191936e+01    1.363642e+01    1.363642e+01  
  4   2  14   2.543162e+01    2.543162e+01    1.706508e+01    1.706508e+01  
  4   2  15   1.707708e+01    1.707708e+01    7.150829e+00    7.150829e+00  
  4   2  16   1.149533e+01    1.149533e+01    2.869620e+00    2.869620e+00  
  4   2  17   1.638700e+01    1.638700e+01    5.507190e+00    5.507190e+00  
  4   2  18   1.329836e+01    1.329836e+01    3.206853e+00    3.206853e+00  
  4   2  19   1.381838e+01    1.381838e+01    3.275790e+00    3.275790e+00  
  4   2  20   2.341719e+01    2.341719e+01    8.961595e+00    8.961595e+00  
  4   2  21   1.873584e+01    1.873584e+01    5.165912e+00    5.165912e+00  
  4   2  22   1.600369e+01    1.600369e+01    3.625048e+00    3.625048e+00  
  4   2  23   1.744166e+01    1.744166e+01    4.115014e+00    4.115014e+00  
  4   2  24   1.744716e+01    1.744716e+01    3.750183e+00    3.750183e+00  
  4   2  25   1.200397e+01    1.200397e+01    1.682723e+00    1.682723e+00  
  4   2  26   1.744748e+01    1.744748e+01    3.446568e+00    3.446568e+00  
  4   2  27   1.922373e+01    1.922373e+01    3.854250e+00    3.854250e+00  
  4   2  28   1.253393e+01    1.253393e+01    1.555533e+00    1.555533e+00  
  4   2  29   1.692200e+01    1.692200e+01    8.136330e+00    8.136330e+00  
  4   2  30   1.773366e+01    1.773366e+01    2.845180e+00    2.845180e+00  
  4   2  31   1.515515e+01    1.515515e+01    1.991261e+00    1.991261e+00  
  4   2  32   1.600000e+01    1.600000e+01    1.600000e+01    1.600000e+01  
  4   2  33   2.027105e+01    2.027105e+01    1.548660e+01    1.548660e+01  
  4   2  34   1.892774e+01    1.892774e+01    2.728604e+00    2.728604e+00  
  4   2  35   1.544856e+01    1.544856e+01    1.705621e+00    1.705621e+00  
  4   2  36   1.623100e+01    1.623100e+01    1.831080e+00    1.831080e+00  
  4   2  37   1.065026e+01    1.065026e+01    1.600000e+01    1.600000e+01  
  4   2  38   1.387499e+01    1.387499e+01    1.206890e+00    1.206890e+00  
  4   2  39   1.297887e+01    1.297887e+01    1.019715e+00    1.019715e+00  
  4   2  40   2.167576e+01    2.167576e+01    2.842416e+00    2.842416e+00  
  4   2  41   1.754932e+01    1.754932e+01    1.763986e+00    1.763986e+00  
  4   2  42   1.558106e+01    1.558106e+01    1.339543e+00    1.339543e+00  
  4   2  43   1.265027e+01    1.265027e+01    8.336815e-01    8.336815e-01  
  4   2  44   2.409640e+01    2.409640e+01    3.025564e+00    3.025564e+00  
  4   2  45   1.910289e+01    1.910289e+01    1.835483e+00    1.835483e+00  
  4   2  46   1.155734e+01    1.155734e+01    1.169620e+00    1.169620e+00  
  4   2  47   1.541152e+01    1.541152e+01    1.098294e+00    1.098294e+00  
  4   2  48   1.746070e+01    1.746070e+01    1.390058e+00    1.390058e+00  
  4   2  49   1.894019e+01    1.894019e+01    1.566757e+00    1.566757e+00  
  4   2  50   1.971709e+01    1.971709e+01    1.660003e+00    1.660003e+00  
  4   2  51   2.507246e+01    2.507246e+01    2.830553e+00    2.830553e+00  
  4   2  52   1.347728e+01    1.347728e+01    6.949666e-01    6.949666e-01  
  4   2  53   2.069956e+01    2.069956e+01    1.683555e+00    1.683555e+00  
  4   2  54   1.454936e+01    1.454936e+01    7.760920e-01    7.760920e-01  
  4   2  55   1.667945e+01    1.667945e+01    1.009737e+00    1.009737e+00  
  4   2  56   1.061837e+01    1.061837e+01    7.801343e-01    7.801343e-01  
  4   2  57   1.435026e+01    1.435026e+01    6.819774e-01    6.819774e-01  
  4   2  58   1.485804e+01    1.485804e+01    7.209780e-01    7.209780e-01  
  4   2  59   1.582683e+01    1.582683e+01    8.104716e-01    8.104716e-01  
  4   2  60   1.361355e+01    1.361355e+01    5.729368e-01    5.729368e-01  
  4   2  61   9.880785e+00    9.880785e+00    8.657630e-01    8.657630e-01  
  4   2  62   1.283734e+01    1.283734e+01    4.993185e-01    4.993185e-01  
  4   3   1   1.807639e+01    1.807639e+01    1.156151e+00    1.156151e+00  
  4   3   2   1.995521e+01    1.995521e+01    1.345423e+00    1.345423e+00  
  4   3   3   1.490829e+01    1.490829e+01    6.807757e-01    6.807757e-01  
  4   3   4   1.821935e+01    1.821935e+01    9.876924e-01    9.876924e-01  
  4   3   5   1.923970e+01    1.923970e+01    1.100467e+00    1.100467e+00  
  5   1   1   1.748469e+01    1.748469e+01    4.302447e+01    4.302447e+01  
  5   1   2   1.905312e+01    1.905312e+01    3.094945e+01    3.094945e+01  
  5   1   3   1.564290e+01    1.564290e+01    1.225316e+01    1.225316e+01  
  5   1   4   1.012950e+01    1.012950e+01    3.897418e+00    3.897418e+00  
  5   1   5   2.099659e+01    2.099659e+01    1.250311e+01    1.250311e+01  
  5   1   6   1.118939e+01    1.118939e+01    3.007405e+00    3.007405e+00  
  5   1   7   1.637638e+01    1.637638e+01    5.182324e+00    5.182324e+00  
  5   1   8   1.574850e+01    1.574850e+01    4.115237e+00    4.115237e+00  
  5   1   9   1.817142e+01    1.817142e+01    4.482247e+00    4.482247e+00  
  5   1  10   1.838756e+01    1.838756e+01    4.065274e+00    4.065274e+00  
  5   1  11   1.531491e+01    1.531491e+01    2.380397e+00    2.380397e+00  
  5   1  12   1.540945e+01    1.540945e+01    2.170076e+00    2.170076e+00  
  5   1  13   1.437708e+01    1.437708e+01    1.695489e+00    1.695489e+00  
  5   1  14   1.752477e+01    1.752477e+01    2.222432e+00    2.222432e+00  
  5   1  15   2.201798e+01    2.201798e+01    3.254338e+00    3.254338e+00  
  5   1  16   1.361177e+01    1.361177e+01    1.092955e+00    1.092955e+00  
  5   1  17   1.443361e+01    1.443361e+01    1.129948e+00    1.129948e+00  
  5   1  18   2.108827e+01    2.108827e+01    2.283449e+00    2.283449e+00  
  5   1  19   1.354400e+01    1.354400e+01    8.267321e-01    8.267321e-01  
  5   1  20   1.516088e+01    1.516088e+01    9.761388e-01    9.761388e-01  
  5   1  21   1.393657e+01    1.393657e+01    7.457531e-01    7.457531e-01  
  5   1  22   1.454981e+01    1.454981e+01    7.696465e-01    7.696465e-01  
  5   1  23   1.318489e+01    1.318489e+01    6.530455e-01    6.530455e-01  
  5   2   1   2.326465e+01    2.326465e+01    2.422318e+02    2.422318e+02  
  5   2   2   1.475467e+01    1.475467e+01    4.581591e+01    4.581591e+01  
  5   2   3   1.844779e+01    1.844779e+01    5.503586e+01    5.503586e+01  
  5   2   4   1.437887e+01    1.437887e+01    2.543481e+01    2.543481e+01  
  5   2   5   1.899822e+01    1.899822e+01    3.363416e+01    3.363416e+01  
  5   2   6   1.862116e+01    1.862116e+01    2.760796e+01    2.760796e+01  
  5   2   7   2.199213e+01    2.199213e+01    2.907463e+01    2.907463e+01  
  5   2   8   1.293709e+01    1.293709e+01    8.924502e+00    8.924502e+00  
  5   2   9   1.889814e+01    1.889814e+01    1.704098e+01    1.704098e+01  
  5   2  10   1.757931e+01    1.757931e+01    1.235447e+01    1.235447e+01  
  5   2  11   1.163557e+01    1.163557e+01    4.922449e+00    4.922449e+00  
  5   2  12   1.930818e+01    1.930818e+01    1.246245e+01    1.246245e+01  
  5   2  13   6.875676e+00    6.875676e+00    1.600000e+01    1.600000e+01  
  5   2  14   2.015077e+01    2.015077e+01    1.069351e+01    1.069351e+01  
  5   2  15   1.833511e+01    1.833511e+01    8.257151e+00    8.257151e+00  
  5   2  16   1.602418e+01    1.602418e+01    5.605097e+00    5.605097e+00  
  5   2  17   1.438275e+01    1.438275e+01    4.234446e+00    4.234446e+00  
  5   2  18   1.558304e+01    1.558304e+01    4.407318e+00    4.407318e+00  
  5   2  19   1.336304e+01    1.336304e+01    3.056918e+00    3.056918e+00  
  5   2  20   1.713776e+01    1.713776e+01    4.782632e+00    4.782632e+00  
  5   2  21   1.150672e+01    1.150672e+01    1.925534e+00    1.925534e+00  
  5   2  22   1.958268e+01    1.958268e+01    5.446995e+00    5.446995e+00  
  5   2  23   1.290240e+01    1.290240e+01    2.238039e+00    2.238039e+00  
  5   2  24   1.267263e+01    1.267263e+01    1.964514e+00    1.964514e+00  
  5   2  25   1.345196e+01    1.345196e+01    2.124858e+00    2.124858e+00  
  5   2  26   1.242396e+01    1.242396e+01    1.728167e+00    1.728167e+00  
  5   2  27   1.864984e+01    1.864984e+01    3.624131e+00    3.624131e+00  
  5   2  28   1.496588e+01    1.496588e+01    2.234301e+00    2.234301e+00  
  5   2  29   1.494096e+01    1.494096e+01    2.117120e+00    2.117120e+00  
  5   2  30   1.352313e+01    1.352313e+01    1.636180e+00    1.636180e+00  
  5   2  31   1.418570e+01    1.418570e+01    1.740868e+00    1.740868e+00  
  5   2  32   1.483889e+01    1.483889e+01    1.953264e+00    1.953264e+00  
  5   2  33   1.305135e+01    1.305135e+01    1.317488e+00    1.317488e+00  
  5   2  34   1.503750e+01    1.503750e+01    1.708924e+00    1.708924e+00  
  5   2  35   1.703994e+01    1.703994e+01    2.084092e+00    2.084092e+00  
  5   2  36   2.066275e+01    2.066275e+01    2.993493e+00    2.993493e+00  
  5   2  37   1.721750e+01    1.721750e+01    2.002612e+00    2.002612e+00  
  5   2  38   1.803814e+01    1.803814e+01    2.071203e+00    2.071203e+00  
  5   2  39   1.382208e+01    1.382208e+01    1.161617e+00    1.161617e+00  
  5   2  40   1.678456e+01    1.678456e+01    1.689837e+00    1.689837e+00  
  5   2  41   1.878942e+01    1.878942e+01    2.026357e+00    2.026357e+00  
  5   2  42   1.632822e+01    1.632822e+01    1.478049e+00    1.478049e+00  
  5   2  43   2.220814e+01    2.220814e+01    2.669727e+00    2.669727e+00  
  5   2  44   1.835963e+01    1.835963e+01    1.734554e+00    1.734554e+00  
  5   2  45   1.438664e+01    1.438664e+01    1.068607e+00    1.068607e+00  
  5   2  46   1.720969e+01    1.720969e+01    1.407790e+00    1.407790e+00  
  5   2  47   1.716778e+01    1.716778e+01    1.473757e+00    1.473757e+00  
  5   2  48   2.137927e+01    2.137927e+01    2.112322e+00    2.112322e+00  
  5   2  49   1.600000e+01    1.600000e+01    1.600000e+01    1.600000e+01  
  5   2  50   1.236356e+01    1.236356e+01    7.161484e-01    7.161484e-01  
  5   2  51   1.609252e+01    1.609252e+01    1.063866e+00    1.063866e+00  
  5   2  52   1.964527e+01    1.964527e+01    1.544704e+00    1.544704e+00  
  5   2  53   1.426188e+01    1.426188e+01    7.661864e-01    7.661864e-01  
  5   2  54   1.561836e+01    1.561836e+01    9.057376e-01    9.057376e-01  
  5   2  55   1.426396e+01    1.426396e+01    7.216383e-01    7.216383e-01  
  5   2  56   1.097710e+01    1.097710e+01    6.133267e-01    6.133267e-01  
  5   2  57   2.033465e+01    2.033465e+01    1.437210e+00    1.437210e+00  
  5   2  58   1.469045e+01    1.469045e+01    7.041971e-01    7.041971e-01  
  5   2  59   1.265818e+01    1.265818e+01    1.305007e+00    1.305007e+00  
  5   2  60   2.104307e+01    2.104307e+01    1.454148e+00    1.454148e+00  
  5   2  61   1.077105e+01    1.077105e+01    3.571596e-01    3.571596e-01  
  5   2  62   9.656143e+00    9.656143e+00    1.746650e+00    1.746650e+00  
  5   3   1   1.331993e+01    1.331993e+01    6.300585e-01    6.300585e-01  
  5   3   2   1.686617e+01    1.686617e+01    9.417542e-01    9.417542e-01  
  5   3   3   2.014512e+01    2.014512e+01    1.298577e+00    1.298577e+00  
  5   3   4   1.370689e+01    1.370689e+01    5.277229e-01    5.277229e-01  
  5   3   5   1.672604e+01    1.672604e+01    7.869484e-01    7.869484e-01  
  6   1   1   2.230383e+01    2.230383e+01    6.999807e+01    6.999807e+01  
  6   1   2   1.147743e+01    1.147743e+01    1.122646e+01    1.122646e+01  
  6   1   3   1.870506e+01    1.870506e+01    1.750904e+01    1.750904e+01  
  6   1   4   2.061590e+01    2.061590e+01    1.618815e+01    1.618815e+01  
  6   1   5   1.678342e+01    1.678342e+01    7.981700e+00    7.981700e+00  
  6   1   6   1.479903e+01    1.479903e+01    5.288836e+00    5.288836e+00  
  6   1   7   1.363468e+01    1.363468e+01    3.589792e+00    3.589792e+00  
  6   1   8   1.996533e+01    1.996533e+01    6.634974e+00    6.634974e+00  
  6   1   9   1.340213e+01    1.340213e+01    2.424767e+00    2.424767e+00  
  6   1  10   1.909168e+01    1.909168e+01    4.379021e+00    4.379021e+00  
  6   1  11   2.013523e+01    2.013523e+01    4.146550e+00    4.146550e+00  
  6   1  12   1.555943e+01    1.555943e+01    2.219825e+00    2.219825e+00  
  6   1  13   2.203619e+01    2.203619e+01    4.033355e+00    4.033355e+00  
  6   1  14   1.334149e+01    1.334149e+01    1.270170e+00    1.270170e+00  
  6   1  15   1.887480e+01    1.887480e+01    2.375500e+00    2.375500e+00  
  6   1  16   1.897833e+01    1.897833e+01    2.168155e+00    2.168155e+00  
  6   1  17   1.661708e+01    1.661708e+01    1.509623e+00    1.509623e+00  
  6   1  18   2.159052e+01    2.159052e+01    2.394090e+00    2.394090e+00  
  6   1  19   1.446793e+01    1.446793e+01    9.512237e-01    9.512237e-01  
  6   1  20   1.287606e+01    1.287606e+01    6.873789e-01    6.873789e-01  
  6   1  21   1.526705e+01    1.526705e+01    9.114819e-01    9.114819e-01  
  6   1  22   2.000736e+01    2.000736e+01    1.503329e+00    1.503329e+00  
  6   1  23   1.484618e+01    1.484618e+01    7.308816e-01    7.308816e-01  
  6   2   1   2.036010e+01    2.036010e+01    1.855546e+02    1.855546e+02  
  6   2   2   1.666249e+01    1.666249e+01    5.844357e+01    5.844357e+01  
  6   2   3   1.830433e+01    1.830433e+01    5.422976e+01    5.422976e+01  
  6   2   4   1.508848e+01    1.508848e+01    2.800138e+01    2.800138e+01  
  6   2   5   2.066036e+01    2.066036e+01    3.976853e+01    3.976853e+01  
  6   2   6   1.565711e+01    1.565711e+01    1.950766e+01    1.950766e+01  
  6   2   7   1.303596e+01    1.303596e+01    1.020819e+01    1.020819e+01  
  6   2   8   1.672005e+01    1.672005e+01    1.490420e+01    1.490420e+01  
  6   2   9   1.519323e+01    1.519323e+01    1.100897e+01    1.100897e+01  
  6   2  10   1.345747e+01    1.345747e+01    7.227937e+00    7.227937e+00  
  6   2  11   1.726361e+01    1.726361e+01    1.086004e+01    1.086004e+01  
  6   2  12   1.756693e+01    1.756693e+01    1.031451e+01    1.031451e+01  
  6   2  13   1.580029e+01    1.580029e+01    7.080158e+00    7.080158e+00  
  6   2  14   1.782093e+01    1.782093e+01    8.371989e+00    8.371989e+00  
  6   2  15   2.007300e+01    2.007300e+01    9.891369e+00    9.891369e+00  
  6   2  16   1.840747e+01    1.840747e+01    7.404424e+00    7.404424e+00  
  6   2  17   1.341406e+01    1.341406e+01    3.684854e+00    3.684854e+00  
  6   2  18   1.432527e+01    1.432527e+01    3.720965e+00    3.720965e+00  
  6   2  19   1.412872e+01    1.412872e+01    3.421629e+00    3.421629e+00  
  6   2  20   1.457069e+01    1.457069e+01    3.450679e+00    3.450679e+00  
  6   2  21   1.682569e+01    1.682569e+01    4.156413e+00    4.156413e+00  
  6   2  22   1.918466e+01    1.918466e+01    5.228460e+00    5.228460e+00  
  6   2  23   1.160559e+01    1.160559e+01    1.803551e+00    1.803551e+00  
  6   2  24   1.354229e+01    1.354229e+01    2.250988e+00    2.250988e+00  
  6   2  25   1.615929e+01    1.615929e+01    3.077877e+00    3.077877e+00  
  6   2  26   1.200193e+01    1.200193e+01    1.610336e+00    1.610336e+00  
  6   2  27   1.454386e+01    1.454386e+01    2.192003e+00    2.192003e+00  
  6   2  28   1.466500e+01    1.466500e+01    2.143493e+00    2.143493e+00  
  6   2  29   1.293965e+01    1.293965e+01    1.577395e+00    1.577395e+00  
  6   2  30   1.726547e+01    1.726547e+01    2.690809e+00    2.690809e+00  
  6   2  31   1.457985e+01    1.457985e+01    1.841106e+00    1.841106e+00  
  6   2  32   1.603364e+01    1.603364e+01    2.122536e+00    2.122536e+00  
  6   2  33   1.914633e+01    1.914633e+01    2.882926e+00    2.882926e+00  
  6   2  34   2.011022e+01    2.011022e+01    3.082196e+00    3.082196e+00  
  6   2  35   1.796460e+01    1.796460e+01    2.325295e+00    2.325295e+00  
  6   2  36   1.562547e+01    1.562547e+01    1.692855e+00    1.692855e+00  
  6   2  37   1.556422e+01    1.556422e+01    1.630156e+00    1.630156e+00  
  6   2  38   1.592923e+01    1.592923e+01    1.604329e+00    1.604329e+00  
  6   2  39   2.131638e+01    2.131638e+01    2.826052e+00    2.826052e+00  
  6   2  40   1.826988e+01    1.826988e+01    2.008717e+00    2.008717e+00  
  6   2  41   1.922758e+01    1.922758e+01    2.126176e+00    2.126176e+00  
  6   2  42   1.640316e+01    1.640316e+01    1.491564e+00    1.491564e+00  
  6   2  43   2.062792e+01    2.062792e+01    2.296074e+00    2.296074e+00  
  6   2  44   1.689230e+01    1.689230e+01    1.464367e+00    1.464367e+00  
  6   2  45   1.361683e+01    1.361683e+01    9.078462e-01    9.078462e-01  
  6   2  46   1.135751e+01    1.135751e+01    3.630207e+00    3.630207e+00  
  6   2  47   1.489319e+01    1.489319e+01    1.600000e+01    1.600000e+01  
  6   2  48   1.652139e+01    1.652139e+01    1.239652e+00    1.239652e+00  
  6   2  49   1.622921e+01    1.622921e+01    6.098842e+00    6.098842e+00  
  6   2  50   1.263468e+01    1.263468e+01    6.484387e-01    6.484387e-01  
  6   2  51   2.264662e+01    2.264662e+01    2.167943e+00    2.167943e+00  
  6   2  52   1.183796e+01    1.183796e+01    6.778818e-01    6.778818e-01  
  6   2  53   1.401927e+01    1.401927e+01    7.396773e-01    7.396773e-01  
  6   2  54   1.565707e+01    1.565707e+01    9.953228e-01    9.953228e-01  
  6   2  55   1.858323e+01    1.858323e+01    1.269682e+00    1.269682e+00  
  6   2  56   1.626504e+01    1.626504e+01    9.382760e-01    9.382760e-01  
  6   2  57   1.693997e+01    1.693997e+01    9.884245e-01    9.884245e-01  
  6   2  58   1.298956e+01    1.298956e+01    5.313044e-01    5.313044e-01  
  6   2  59   1.681125e+01    1.681125e+01    9.187368e-01    9.187368e-01  
  6   2  60   2.686806e+01    2.686806e+01    4.660800e+00    4.660800e+00  
  6   2  61   1.339888e+01    1.339888e+01    5.293243e-01    5.293243e-01  
  6   2  62   1.682342e+01    1.682342e+01    8.665328e-01    8.665328e-01  
  6   3   1   1.691588e+01    1.691588e+01    1.006869e+00    1.006869e+00  
  6   3   2   1.740799e+01    1.740799e+01    1.006312e+00    1.006312e+00  
  6   3   3   1.696489e+01    1.696489e+01    9.052155e-01    9.052155e-01  
  6   3   4   1.220933e+01    1.220933e+01    8.363000e-01    8.363000e-01  
  6   3   5   1.857006e+01    1.857006e+01    9.953403e-01    9.953403e-01  
