  1   1   1   3.193473e+00    0.000000e+00  
  1   1   2   7.198821e+00    0.000000e+00  
  1   1   3   1.221023e+00    0.000000e+00  
  1   1   4   4.342427e+00    0.000000e+00  
  1   1   5   -2.256031e+00    0.000000e+00  
  1   1   6   -1.245380e+00    0.000000e+00  
  1   1   7   -9.112393e+00    0.000000e+00  
  1   1   8   1.948224e+00    0.000000e+00  
  1   1   9   7.074231e-01    0.000000e+00  
  1   1  10   8.692545e+00    0.000000e+00  
  1   1  11   1.245148e+00    0.000000e+00  
  1   1  12   -2.776124e+00    0.000000e+00  
  1   1  13   5.881303e+00    0.000000e+00  
  1   1  14   7.148847e+00    0.000000e+00  
  1   1  15   7.193612e+00    0.000000e+00  
  1   1  16   -4.829046e+00    0.000000e+00  
  1   1  17   9.060272e+00    0.000000e+00  
  1   1  18   -5.699662e+00    0.000000e+00  
  1   1  19   -3.097365e-01    0.000000e+00  
  1   1  20   5.856149e+00    0.000000e+00  
  1   1  21   -6.139046e+00    0.000000e+00  
  1   1  22   -6.460797e+00    0.000000e+00  
  1   1  23   4.958462e+00    0.000000e+00  
  1   2   1   9.804216e+00    0.000000e+00  
  1   2   2   5.238945e+00    0.000000e+00  
  1   2   3   -5.074480e-01    0.000000e+00  
  1   2   4   -3.056177e+00    0.000000e+00  
  1   2   5   -8.480335e+00    0.000000e+00  
  1   2   6   7.172939e+00    0.000000e+00  
  1   2   7   8.526256e+00    0.000000e+00  
  1   2   8   4.086259e+00    0.000000e+00  
  1   2   9   6.539668e+00    0.000000e+00  
  1   2  10   -5.061559e+00    0.000000e+00  
  1   2  11   -4.766081e+00    0.000000e+00  
  1   2  12   1.571069e+00    0.000000e+00  
  1   2  13   -6.936623e+00    0.000000e+00  
  1   2  14   2.676706e+00    0.000000e+00  
  1   2  15   6.049957e+00    0.000000e+00  
  1   2  16   6.997837e+00    0.000000e+00  
  1   2  17   -8.032764e-01    0.000000e+00  
  1   2  18   4.314199e-01    0.000000e+00  
  1   2  19   9.645819e+00    0.000000e+00  
  1   2  20   -1.356848e-01    0.000000e+00  
  1   2  21   -7.505672e+00    0.000000e+00  
  1   2  22   -4.677975e+00    0.000000e+00  
  1   2  23   3.835672e+00    0.000000e+00  
  1   2  24   3.095240e+00    0.000000e+00  
  1   2  25   8.257709e+00    0.000000e+00  
  1   2  26   -7.823664e+00    0.000000e+00  
  1   2  27   -7.380813e+00    0.000000e+00  
  1   2  28   -9.496051e+00    0.000000e+00  
  1   2  29   2.540208e+00    0.000000e+00  
  1   2  30   2.578851e+00    0.000000e+00  
  1   2  31   -2.353106e+00    0.000000e+00  
  1   2  32   -2.323386e+00    0.000000e+00  
  1   2  33   3.899202e-03    0.000000e+00  
  1   2  34   7.105019e+00    0.000000e+00  
  1   2  35   2.865411e+00    0.000000e+00  
  1   2  36   2.747884e+00    0.000000e+00  
  1   2  37   -4.169574e+00    0.000000e+00  
  1   2  38   6.012237e+00    0.000000e+00  
  1   2  39   1.621016e+00    0.000000e+00  
  1   2  40   -4.781395e+00    0.000000e+00  
  1   2  41   -1.435027e+00    0.000000e+00  
  1   2  42   -4.747201e+00    0.000000e+00  
  1   2  43   1.475967e+00    0.000000e+00  
  1   2  44   -9.771754e+00    0.000000e+00  
  1   2  45   -2.425907e+00    0.000000e+00  
  1   2  46   1.663879e+00    0.000000e+00  
  1   2  47   5.068899e+00    0.000000e+00  
  1   2  48   -8.085005e+00    0.000000e+00  
  1   2  49   4.059850e+00    0.000000e+00  
  1   2  50   4.712192e+00    0.000000e+00  
  1   2  51   6.859263e-01    0.000000e+00  
  1   2  52   -2.102662e+00    0.000000e+00  
  1   2  53   4.252830e+00    0.000000e+00  
  1   2  54   -8.808278e-01    0.000000e+00  
  1   2  55   3.011490e+00    0.000000e+00  
  1   2  56   -5.320170e+00    0.000000e+00  
  1   2  57   -6.519960e+00    0.000000e+00  
  1   2  58   -6.298337e+00    0.000000e+00  
  1   2  59   4.112521e+00    0.000000e+00  
  1   2  60   4.527888e+00    0.000000e+00  
  1   2  61   -3.815189e+00    0.000000e+00  
  1   2  62   -1.929241e+00    0.000000e+00  
  1   3   1   2.566524e+00    0.000000e+00  
  1   3   2   -3.399360e+00    0.000000e+00  
  1   3   3   3.964088e+00    0.000000e+00  
  1   3   4   -2.642894e+00    0.000000e+00  
  1   3   5   -5.644827e+00    0.000000e+00  
  2   1   1   9.458029e+00    0.000000e+00  
  2   1   2   -1.338406e+00    0.000000e+00  
  2   1   3   3.022405e+00    0.000000e+00  
  2   1   4   3.706736e+00    0.000000e+00  
  2   1   5   6.565213e+00    0.000000e+00  
  2   1   6   -4.544025e+00    0.000000e+00  
  2   1   7   3.376901e+00    0.000000e+00  
  2   1   8   -7.227367e+00    0.000000e+00  
  2   1   9   6.813727e+00    0.000000e+00  
  2   1  10   4.797045e+00    0.000000e+00  
  2   1  11   -2.021206e+00    0.000000e+00  
  2   1  12   -7.474566e+00    0.000000e+00  
  2   1  13   -1.250101e+00    0.000000e+00  
  2   1  14   2.535657e+00    0.000000e+00  
  2   1  15   -1.893969e+00    0.000000e+00  
  2   1  16   -9.271861e+00    0.000000e+00  
  2   1  17   -3.133204e+00    0.000000e+00  
  2   1  18   8.556778e+00    0.000000e+00  
  2   1  19   8.588229e-01    0.000000e+00  
  2   1  20   6.166240e+00    0.000000e+00  
  2   1  21   7.267973e+00    0.000000e+00  
  2   1  22   4.308826e-01    0.000000e+00  
  2   1  23   4.460512e+00    0.000000e+00  
  2   2   1   -5.257415e-01    0.000000e+00  
  2   2   2   2.505697e+00    0.000000e+00  
  2   2   3   -4.778508e+00    0.000000e+00  
  2   2   4   6.461064e+00    0.000000e+00  
  2   2   5   -1.642778e-01    0.000000e+00  
  2   2   6   4.365708e-01    0.000000e+00  
  2   2   7   1.590588e+00    0.000000e+00  
  2   2   8   6.969241e+00    0.000000e+00  
  2   2   9   6.916136e+00    0.000000e+00  
  2   2  10   -5.774589e-02    0.000000e+00  
  2   2  11   -9.166785e+00    0.000000e+00  
  2   2  12   -3.985289e+00    0.000000e+00  
  2   2  13   2.606171e+00    0.000000e+00  
  2   2  14   4.041607e+00    0.000000e+00  
  2   2  15   8.881252e+00    0.000000e+00  
  2   2  16   6.714413e+00    0.000000e+00  
  2   2  17   -8.832054e-01    0.000000e+00  
  2   2  18   8.074979e+00    0.000000e+00  
  2   2  19   6.518121e+00    0.000000e+00  
  2   2  20   -5.840137e+00    0.000000e+00  
  2   2  21   -1.676717e+00    0.000000e+00  
  2   2  22   1.100052e+00    0.000000e+00  
  2   2  23   2.899989e+00    0.000000e+00  
  2   2  24   1.116305e+00    0.000000e+00  
  2   2  25   -5.664217e+00    0.000000e+00  
  2   2  26   9.131629e+00    0.000000e+00  
  2   2  27   -3.153236e+00    0.000000e+00  
  2   2  28   6.249687e+00    0.000000e+00  
  2   2  29   -3.370976e+00    0.000000e+00  
  2   2  30   6.270528e+00    0.000000e+00  
  2   2  31   7.395855e+00    0.000000e+00  
  2   2  32   5.164926e+00    0.000000e+00  
  2   2  33   2.433654e+00    0.000000e+00  
  2   2  34   9.515263e+00    0.000000e+00  
  2   2  35   -7.349635e+00    0.000000e+00  
  2   2  36   8.235009e+00    0.000000e+00  
  2   2  37   3.452722e+00    0.000000e+00  
  2   2  38   1.545762e+00    0.000000e+00  
  2   2  39   9.764044e+00    0.000000e+00  
  2   2  40   8.631224e+00    0.000000e+00  
  2   2  41   -7.099465e+00    0.000000e+00  
  2   2  42   -7.303694e+00    0.000000e+00  
  2   2  43   -3.068766e+00    0.000000e+00  
  2   2  44   -3.681369e+00    0.000000e+00  
  2   2  45   5.239242e+00    0.000000e+00  
  2   2  46   -9.610070e+00    0.000000e+00  
  2   2  47   6.265251e+00    0.000000e+00  
  2   2  48   3.988801e+00    0.000000e+00  
  2   2  49   5.059942e+00    0.000000e+00  
  2   2  50   -1.036514e+01    0.000000e+00  
  2   2  51   -6.983642e+00    0.000000e+00  
  2   2  52   9.072049e+00    0.000000e+00  
  2   2  53   7.132257e-01    0.000000e+00  
  2   2  54   4.205499e+00    0.000000e+00  
  2   2  55   7.805832e+00    0.000000e+00  
  2   2  56   8.118036e+00    0.000000e+00  
  2   2  57   -3.323079e-02    0.000000e+00  
  2   2  58   8.330336e+00    0.000000e+00  
  2   2  59   -8.166844e+00    0.000000e+00  
  2   2  60   -2.175824e+00    0.000000e+00  
  2   2  61   -6.527494e+00    0.000000e+00  
  2   2  62   5.868652e+00    0.000000e+00  
  2   3   1   -4.782202e+00    0.000000e+00  
  2   3   2   -8.666725e+00    0.000000e+00  
  2   3   3   7.392240e+00    0.000000e+00  
  2   3   4   -4.527809e+00    0.000000e+00  
  2   3   5   6.481117e+00    0.000000e+00  
  3   1   1   -3.904205e+00    0.000000e+00  
  3   1   2   3.644429e+00    0.000000e+00  
  3   1   3   -1.786587e+00    0.000000e+00  
  3   1   4   -7.350178e+00    0.000000e+00  
  3   1   5   -1.721970e+00    0.000000e+00  
  3   1   6   -6.405513e+00    0.000000e+00  
  3   1   7   5.623581e+00    0.000000e+00  
  3   1   8   -5.578366e+00    0.000000e+00  
  3   1   9   -2.738147e+00    0.000000e+00  
  3   1  10   7.617521e+00    0.000000e+00  
  3   1  11   -3.071401e+00    0.000000e+00  
  3   1  12   1.014858e+00    0.000000e+00  
  3   1  13   -1.687465e+00    0.000000e+00  
  3   1  14   -6.181453e+00    0.000000e+00  
  3   1  15   -9.641962e+00    0.000000e+00  
  3   1  16   -2.679402e+00    0.000000e+00  
  3   1  17   5.157495e+00    0.000000e+00  
  3   1  18   -2.469470e+00    0.000000e+00  
  3   1  19   5.131729e+00    0.000000e+00  
  3   1  20   6.695667e+00    0.000000e+00  
  3   1  21   9.334844e+00    0.000000e+00  
  3   1  22   7.765885e+00    0.000000e+00  
  3   1  23   -3.987654e-01    0.000000e+00  
  3   2   1   9.752625e-02    0.000000e+00  
  3   2   2   -8.667567e+00    0.000000e+00  
  3   2   3   -8.787822e-01    0.000000e+00  
  3   2   4   -2.169997e+00    0.000000e+00  
  3   2   5   1.526092e+00    0.000000e+00  
  3   2   6   -7.900073e+00    0.000000e+00  
  3   2   7   3.287711e+00    0.000000e+00  
  3   2   8   -3.337658e+00    0.000000e+00  
  3   2   9   -9.167864e+00    0.000000e+00  
  3   2  10   7.933770e+00    0.000000e+00  
  3   2  11   -1.175966e+00    0.000000e+00  
  3   2  12   -2.816266e+00    0.000000e+00  
  3   2  13   3.159752e+00    0.000000e+00  
  3   2  14   8.704219e+00    0.000000e+00  
  3   2  15   -7.505274e+00    0.000000e+00  
  3   2  16   5.196673e+00    0.000000e+00  
  3   2  17   -5.498357e+00    0.000000e+00  
  3   2  18   -8.727174e+00    0.000000e+00  
  3   2  19   -2.198758e+00    0.000000e+00  
  3   2  20   5.664559e+00    0.000000e+00  
  3   2  21   -3.468016e+00    0.000000e+00  
  3   2  22   -2.190002e+00    0.000000e+00  
  3   2  23   6.595101e+00    0.000000e+00  
  3   2  24   9.498056e+00    0.000000e+00  
  3   2  25   -2.269538e+00    0.000000e+00  
  3   2  26   6.890886e+00    0.000000e+00  
  3   2  27   -4.827954e+00    0.000000e+00  
  3   2  28   2.563493e+00    0.000000e+00  
  3   2  29   5.369812e+00    0.000000e+00  
  3   2  30   -3.291588e-01    0.000000e+00  
  3   2  31   -6.104219e+00    0.000000e+00  
  3   2  32   9.717220e+00    0.000000e+00  
  3   2  33   -2.920316e+00    0.000000e+00  
  3   2  34   7.840287e+00    0.000000e+00  
  3   2  35   -6.971149e+00    0.000000e+00  
  3   2  36   -8.168068e+00    0.000000e+00  
  3   2  37   6.576831e-01    0.000000e+00  
  3   2  38   7.712015e+00    0.000000e+00  
  3   2  39   1.258096e+00    0.000000e+00  
  3   2  40   -7.648325e+00    0.000000e+00  
  3   2  41   8.220919e+00    0.000000e+00  
  3   2  42   -2.806546e+00    0.000000e+00  
  3   2  43   1.062750e+00    0.000000e+00  
  3   2  44   1.768126e+00    0.000000e+00  
  3   2  45   -6.321121e+00    0.000000e+00  
  3   2  46   -6.956083e+00    0.000000e+00  
  3   2  47   -2.964138e+00    0.000000e+00  
  3   2  48   8.265766e+00    0.000000e+00  
  3   2  49   -1.466636e+00    0.000000e+00  
  3   2  50   3.549919e+00    0.000000e+00  
  3   2  51   -6.445334e+00    0.000000e+00  
  3   2  52   9.268082e+00    0.000000e+00  
  3   2  53   4.193283e+00    0.000000e+00  
  3   2  54   1.449444e+00    0.000000e+00  
  3   2  55   8.526502e+00    0.000000e+00  
  3   2  56   -5.097713e+00    0.000000e+00  
  3   2  57   6.839611e+00    0.000000e+00  
  3   2  58   3.854067e+00    0.000000e+00  
  3   2  59   7.555948e+00    0.000000e+00  
  3   2  60   4.661944e+00    0.000000e+00  
  3   2  61   4.182158e+00    0.000000e+00  
  3   2  62   7.802556e+00    0.000000e+00  
  3   3   1   -3.068147e+00    0.000000e+00  
  3   3   2   -2.789986e+00    0.000000e+00  
  3   3   3   9.529003e+00    0.000000e+00  
  3   3   4   2.829705e+00    0.000000e+00  
  3   3   5   5.128109e+00    0.000000e+00  
  4   1   1   -5.273863e+00    0.000000e+00  
  4   1   2   -6.423622e+00    0.000000e+00  
  4   1   3   -8.103522e+00    0.000000e+00  
  4   1   4   1.205613e+00    0.000000e+00  
  4   1   5   8.618579e+00    0.000000e+00  
  4   1   6   -1.709378e+00    0.000000e+00  
  4   1   7   -9.259263e+00    0.000000e+00  
  4   1   8   2.158824e+00    0.000000e+00  
  4   1   9   -7.827509e+00    0.000000e+00  
  4   1  10   8.607736e+00    0.000000e+00  
  4   1  11   -7.818767e+00    0.000000e+00  
  4   1  12   -2.228827e+00    0.000000e+00  
  4   1  13   4.719419e+00    0.000000e+00  
  4   1  14   7.643475e+00    0.000000e+00  
  4   1  15   3.571684e+00    0.000000e+00  
  4   1  16   -4.411780e+00    0.000000e+00  
  4   1  17   -1.294461e+00    0.000000e+00  
  4   1  18   -3.143000e+00    0.000000e+00  
  4   1  19   1.923610e+00    0.000000e+00  
  4   1  20   1.264190e+00    0.000000e+00  
  4   1  21   -8.800898e+00    0.000000e+00  
  4   1  22   9.772716e+00    0.000000e+00  
  4   1  23   -4.481206e+00    0.000000e+00  
  4   2   1   2.902426e+00    0.000000e+00  
  4   2   2   -9.045152e+00    0.000000e+00  
  4   2   3   5.023312e+00    0.000000e+00  
  4   2   4   -1.713637e+00    0.000000e+00  
  4   2   5   8.611844e+00    0.000000e+00  
  4   2   6   4.520234e+00    0.000000e+00  
  4   2   7   -1.495301e+00    0.000000e+00  
  4   2   8   -2.966036e-01    0.000000e+00  
  4   2   9   7.981946e+00    0.000000e+00  
  4   2  10   -3.543437e+00    0.000000e+00  
  4   2  11   -9.380906e+00    0.000000e+00  
  4   2  12   3.647589e+00    0.000000e+00  
  4   2  13   -2.996101e+00    0.000000e+00  
  4   2  14   8.857040e+00    0.000000e+00  
  4   2  15   5.035274e+00    0.000000e+00  
  4   2  16   -5.682688e+00    0.000000e+00  
  4   2  17   1.380457e+00    0.000000e+00  
  4   2  18   8.004424e+00    0.000000e+00  
  4   2  19   3.909705e+00    0.000000e+00  
  4   2  20   -2.627374e+00    0.000000e+00  
  4   2  21   -9.014985e+00    0.000000e+00  
  4   2  22   -3.689010e+00    0.000000e+00  
  4   2  23   -6.042255e+00    0.000000e+00  
  4   2  24   5.881517e+00    0.000000e+00  
  4   2  25   6.363550e+00    0.000000e+00  
  4   2  26   -5.512131e+00    0.000000e+00  
  4   2  27   -3.787084e+00    0.000000e+00  
  4   2  28   -7.163994e+00    0.000000e+00  
  4   2  29   -1.208755e-01    0.000000e+00  
  4   2  30   -4.440840e+00    0.000000e+00  
  4   2  31   -5.125101e+00    0.000000e+00  
  4   2  32   5.895721e+00    0.000000e+00  
  4   2  33   -4.101900e-01    0.000000e+00  
  4   2  34   7.600486e+00    0.000000e+00  
  4   2  35   1.915762e+00    0.000000e+00  
  4   2  36   -3.054058e+00    0.000000e+00  
  4   2  37   -5.761072e-01    0.000000e+00  
  4   2  38   -3.888877e+00    0.000000e+00  
  4   2  39   -9.058635e+00    0.000000e+00  
  4   2  40   7.750139e+00    0.000000e+00  
  4   2  41   5.994111e+00    0.000000e+00  
  4   2  42   -1.168609e+00    0.000000e+00  
  4   2  43   7.867058e+00    0.000000e+00  
  4   2  44   -4.930170e+00    0.000000e+00  
  4   2  45   -8.140590e+00    0.000000e+00  
  4   2  46   -3.488677e+00    0.000000e+00  
  4   2  47   -4.249973e+00    0.000000e+00  
  4   2  48   -2.013281e+00    0.000000e+00  
  4   2  49   -9.414236e+00    0.000000e+00  
  4   2  50   -2.194779e+00    0.000000e+00  
  4   2  51   2.246608e+00    0.000000e+00  
  4   2  52   -6.875061e+00    0.000000e+00  
  4   2  53   -3.270334e+00    0.000000e+00  
  4   2  54   8.277707e+00    0.000000e+00  
  4   2  55   -9.933884e+00    0.000000e+00  
  4   2  56   1.875171e+00    0.000000e+00  
  4   2  57   6.093211e+00    0.000000e+00  
  4   2  58   -3.185579e+00    0.000000e+00  
  4   2  59   -6.106614e+00    0.000000e+00  
  4   2  60   1.669688e+00    0.000000e+00  
  4   2  61   1.609488e+00    0.000000e+00  
  4   2  62   7.912862e+00    0.000000e+00  
  4   3   1   -4.314786e+00    0.000000e+00  
  4   3   2   -6.225822e+00    0.000000e+00  
  4   3   3   -6.421506e+00    0.000000e+00  
  4   3   4   7.999667e+00    0.000000e+00  
  4   3   5   -8.099282e+00    0.000000e+00  
  5   1   1   1.307545e+00    0.000000e+00  
  5   1   2   2.121826e+00    0.000000e+00  
  5   1   3   7.011316e+00    0.000000e+00  
  5   1   4   6.471308e-01    0.000000e+00  
  5   1   5   -1.425686e+00    0.000000e+00  
  5   1   6   -1.228303e+00    0.000000e+00  
  5   1   7   -5.353822e+00    0.000000e+00  
  5   1   8   5.271974e+00    0.000000e+00  
  5   1   9   -7.991606e+00    0.000000e+00  
  5   1  10   5.834988e+00    0.000000e+00  
  5   1  11   4.438336e+00    0.000000e+00  
  5   1  12   -5.292271e+00    0.000000e+00  
  5   1  13   -8.396665e+00    0.000000e+00  
  5   1  14   1.077500e+00    0.000000e+00  
  5   1  15   -7.518609e+00    0.000000e+00  
  5   1  16   6.650890e+00    0.000000e+00  
  5   1  17   9.245449e+00    0.000000e+00  
  5   1  18   -2.178436e+00    0.000000e+00  
  5   1  19   5.619501e+00    0.000000e+00  
  5   1  20   -1.439241e+00    0.000000e+00  
  5   1  21   3.582912e+00    0.000000e+00  
  5   1  22   -6.249067e+00    0.000000e+00  
  5   1  23   4.827050e+00    0.000000e+00  
  5   2   1   3.210197e+00    0.000000e+00  
  5   2   2   -5.122950e+00    0.000000e+00  
  5   2   3   8.007310e+00    0.000000e+00  
  5   2   4   -3.349391e+00    0.000000e+00  
  5   2   5   -1.516349e+00    0.000000e+00  
  5   2   6   7.341541e+00    0.000000e+00  
  5   2   7   -8.687885e+00    0.000000e+00  
  5   2   8   -9.152557e+00    0.000000e+00  
  5   2   9   -8.552856e+00    0.000000e+00  
  5   2  10   -6.724796e+00    0.000000e+00  
  5   2  11   -8.175673e+00    0.000000e+00  
  5   2  12   3.422534e+00    0.000000e+00  
  5   2  13   -6.514057e-01    0.000000e+00  
  5   2  14   3.334002e+00    0.000000e+00  
  5   2  15   -8.970687e+00    0.000000e+00  
  5   2  16   2.152187e+00    0.000000e+00  
  5   2  17   -3.405973e+00    0.000000e+00  
  5   2  18   9.859877e+00    0.000000e+00  
  5   2  19   -8.298631e+00    0.000000e+00  
  5   2  20   5.937606e+00    0.000000e+00  
  5   2  21   -5.837954e+00    0.000000e+00  
  5   2  22   -2.197448e+00    0.000000e+00  
  5   2  23   -8.291147e+00    0.000000e+00  
  5   2  24   2.358885e+00    0.000000e+00  
  5   2  25   5.522908e+00    0.000000e+00  
  5   2  26   3.187044e+00    0.000000e+00  
  5   2  27   -2.053992e+00    0.000000e+00  
  5   2  28   5.170295e+00    0.000000e+00  
  5   2  29   7.035913e+00    0.000000e+00  
  5   2  30   2.320674e+00    0.000000e+00  
  5   2  31   4.806405e+00    0.000000e+00  
  5   2  32   6.355301e+00    0.000000e+00  
  5   2  33   -3.566915e+00    0.000000e+00  
  5   2  34   -2.805561e+00    0.000000e+00  
  5   2  35   -9.715788e+00    0.000000e+00  
  5   2  36   9.623825e+00    0.000000e+00  
  5   2  37   6.671814e+00    0.000000e+00  
  5   2  38   -3.872325e+00    0.000000e+00  
  5   2  39   5.302083e+00    0.000000e+00  
  5   2  40   -2.815538e+00    0.000000e+00  
  5   2  41   -4.343235e+00    0.000000e+00  
  5   2  42   1.241056e+00    0.000000e+00  
  5   2  43   2.295190e+00    0.000000e+00  
  5   2  44   6.187809e+00    0.000000e+00  
  5   2  45   -1.669526e-01    0.000000e+00  
  5   2  46   -6.946432e+00    0.000000e+00  
  5   2  47   -3.151440e-01    0.000000e+00  
  5   2  48   3.288716e+00    0.000000e+00  
  5   2  49   7.583597e+00    0.000000e+00  
  5   2  50   -2.781220e+00    0.000000e+00  
  5   2  51   -2.575170e+00    0.000000e+00  
  5   2  52   -7.095227e+00    0.000000e+00  
  5   2  53   7.371492e+00    0.000000e+00  
  5   2  54   -2.675761e+00    0.000000e+00  
  5   2  55   7.064767e+00    0.000000e+00  
  5   2  56   2.662456e+00    0.000000e+00  
  5   2  57   -2.609620e+00    0.000000e+00  
  5   2  58   8.119610e+00    0.000000e+00  
  5   2  59   1.082642e-02    0.000000e+00  
  5   2  60   -8.543297e+00    0.000000e+00  
  5   2  61   1.159465e-01    0.000000e+00  
  5   2  62   1.279828e+00    0.000000e+00  
  5   3   1   -1.699710e+00    0.000000e+00  
  5   3   2   7.806202e+00    0.000000e+00  
  5   3   3   1.870510e+00    0.000000e+00  
  5   3   4   -3.800578e+00    0.000000e+00  
  5   3   5   -6.304146e+00    0.000000e+00  
  6   1   1   -9.362014e+00    0.000000e+00  
  6   1   2   -6.725168e+00    0.000000e+00  
  6   1   3   6.988268e+00    0.000000e+00  
  6   1   4   -4.817250e+00    0.000000e+00  
  6   1   5   -1.162031e+00    0.000000e+00  
  6   1   6   -6.122827e+00    0.000000e+00  
  6   1   7   -4.048896e+00    0.000000e+00  
  6   1   8   -2.848035e+00    0.000000e+00  
  6   1   9   -1.762628e+00    0.000000e+00  
  6   1  10   -9.590524e+00    0.000000e+00  
  6   1  11   9.140116e+00    0.000000e+00  
  6   1  12   7.681372e+00    0.000000e+00  
  6   1  13   -1.661864e+00    0.000000e+00  
  6   1  14   4.843336e+00    0.000000e+00  
  6   1  15   6.470431e+00    0.000000e+00  
  6   1  16   4.069702e+00    0.000000e+00  
  6   1  17   -9.405068e+00    0.000000e+00  
  6   1  18   -8.988534e+00    0.000000e+00  
  6   1  19   5.331740e+00    0.000000e+00  
  6   1  20   3.857621e+00    0.000000e+00  
  6   1  21   -2.103039e+00    0.000000e+00  
  6   1  22   -5.677240e+00    0.000000e+00  
  6   1  23   -7.668355e+00    0.000000e+00  
  6   2   1   -9.761536e+00    0.000000e+00  
  6   2   2   6.045904e+00    0.000000e+00  
  6   2   3   1.170555e+00    0.000000e+00  
  6   2   4   -1.566694e+00    0.000000e+00  
  6   2   5   8.853559e+00    0.000000e+00  
  6   2   6   6.005375e+00    0.000000e+00  
  6   2   7   4.746729e+00    0.000000e+00  
  6   2   8   2.980475e+00    0.000000e+00  
  6   2   9   -2.576700e+00    0.000000e+00  
  6   2  10   -7.468148e+00    0.000000e+00  
  6   2  11   8.150354e+00    0.000000e+00  
  6   2  12   9.054553e+00    0.000000e+00  
  6   2  13   -3.649455e+00    0.000000e+00  
  6   2  14   8.641817e+00    0.000000e+00  
  6   2  15   6.265410e+00    0.000000e+00  
  6   2  16   -6.142136e+00    0.000000e+00  
  6   2  17   -1.717313e+00    0.000000e+00  
  6   2  18   9.495090e+00    0.000000e+00  
  6   2  19   1.066614e+00    0.000000e+00  
  6   2  20   6.838401e+00    0.000000e+00  
  6   2  21   7.543832e+00    0.000000e+00  
  6   2  22   6.710105e+00    0.000000e+00  
  6   2  23   8.498052e+00    0.000000e+00  
  6   2  24   -9.335952e+00    0.000000e+00  
  6   2  25   6.508193e+00    0.000000e+00  
  6   2  26   -4.722099e+00    0.000000e+00  
  6   2  27   -9.150470e+00    0.000000e+00  
  6   2  28   -6.087313e+00    0.000000e+00  
  6   2  29   -1.591440e+00    0.000000e+00  
  6   2  30   -2.310316e+00    0.000000e+00  
  6   2  31   -8.684426e+00    0.000000e+00  
  6   2  32   6.185502e+00    0.000000e+00  
  6   2  33   9.633615e+00    0.000000e+00  
  6   2  34   -3.108424e+00    0.000000e+00  
  6   2  35   -4.773755e+00    0.000000e+00  
  6   2  36   5.782337e+00    0.000000e+00  
  6   2  37   -5.642718e+00    0.000000e+00  
  6   2  38   -4.992030e+00    0.000000e+00  
  6   2  39   -2.350458e+00    0.000000e+00  
  6   2  40   7.836172e+00    0.000000e+00  
  6   2  41   7.331423e+00    0.000000e+00  
  6   2  42   -2.551259e+00    0.000000e+00  
  6   2  43   1.359622e+00    0.000000e+00  
  6   2  44   -1.321041e+00    0.000000e+00  
  6   2  45   -3.977830e+00    0.000000e+00  
  6   2  46   -1.384488e-02    0.000000e+00  
  6   2  47   -9.240845e-01    0.000000e+00  
  6   2  48   6.047603e+00    0.000000e+00  
  6   2  49   -1.128479e+00    0.000000e+00  
  6   2  50   8.891002e+00    0.000000e+00  
  6   2  51   -6.019432e+00    0.000000e+00  
  6   2  52   -3.696621e+00    0.000000e+00  
  6   2  53   8.949565e+00    0.000000e+00  
  6   2  54   -7.200654e-01    0.000000e+00  
  6   2  55   5.088164e+00    0.000000e+00  
  6   2  56   -7.238344e+00    0.000000e+00  
  6   2  57   -3.267347e+00    0.000000e+00  
  6   2  58   3.602206e+00    0.000000e+00  
  6   2  59   -6.022098e+00    0.000000e+00  
  6   2  60   -5.358219e-02    0.000000e+00  
  6   2  61   -3.825327e+00    0.000000e+00  
  6   2  62   -2.544736e+00    0.000000e+00  
  6   3   1   -2.065487e+00    0.000000e+00  
  6   3   2   -5.952044e+00    0.000000e+00  
  6   3   3   -4.644108e+00    0.000000e+00  
  6   3   4   -1.210546e+00    0.000000e+00  
  6   3   5   -6.643865e+00    0.000000e+00  
