1 1 1 0.02319 0.02312
1 1 2 0.02322 0.02331
1 1 3 0.02326 0.02321
1 1 4 0.02329 0.02345
1 1 5 0.02326 0.02326
1 1 6 0.02322 0.02336
1 1 7 0.02330 0.02332
1 1 8 0.02339 0.02328
1 1 9 0.02345 0.02345
1 1 10 0.02329 0.02345
1 1 11 0.02345 0.02345
1 1 12 0.02356 0.02365
1 1 13 0.02343 0.02337
1 1 14 0.02345 0.02345
1 1 15 0.02345 0.02345
1 1 16 0.02338 0.02345
1 1 17 0.02345 0.02345
1 1 18 0.02345 0.02345
1 1 19 0.02335 0.02345
1 1 20 0.02345 0.02324
1 1 21 0.02345 0.02336
1 1 22 0.02330 0.02345
1 1 23 0.02345 0.02345
1 2 1 0.02503 0.02495
1 2 2 0.02329 0.02345
1 2 3 0.02345 0.02379
1 2 4 0.02327 0.02319
1 2 5 0.02301 0.02317
1 2 6 0.02345 0.02345
1 2 7 0.02345 0.02312
1 2 8 0.02345 0.02345
1 2 9 0.02328 0.02345
1 2 10 0.02330 0.02337
1 2 11 0.02345 0.02345
1 2 12 0.02345 0.02345
1 2 13 0.02345 0.02345
1 2 14 0.02345 0.02345
1 2 15 0.02345 0.02345
1 2 16 0.02334 0.02345
1 2 17 0.02354 0.02335
1 2 18 0.02345 0.02333
1 2 19 0.02338 0.02345
1 2 20 0.02345 0.02332
1 2 21 0.02355 0.02338
1 2 22 0.02345 0.02326
1 2 23 0.02351 0.02345
1 2 24 0.02335 0.02338
1 2 25 0.02345 0.02339
1 2 26 0.02345 0.02338
1 2 27 0.02341 0.02345
1 2 28 0.02326 0.02345
1 2 29 0.02345 0.02345
1 2 30 0.02345 0.02345
1 2 31 0.02345 0.02345
1 2 32 0.02369 0.02359
1 2 33 0.02366 0.02339
1 2 34 0.02345 0.02345
1 2 35 0.02345 0.02345
1 2 36 0.02331 0.02332
1 2 37 0.02345 0.02345
1 2 38 0.02338 0.02346
1 2 39 0.02345 0.02357
1 2 40 0.02345 0.02353
1 2 41 0.02337 0.02345
1 2 42 0.02345 0.02345
1 2 43 0.02345 0.02345
1 2 44 0.02351 0.02358
1 2 45 0.02345 0.02345
1 2 46 0.02345 0.02345
1 2 47 0.02345 0.02345
1 2 48 0.02345 0.02345
1 2 49 0.02345 0.02345
1 2 50 0.02315 0.02334
1 2 51 0.02345 0.02345
1 2 52 0.02338 0.02345
1 2 53 0.02340 0.02355
1 2 54 0.02345 0.02344
1 2 55 0.02345 0.02324
1 2 56 0.02345 0.02328
1 2 57 0.02335 0.02345
1 2 58 0.02345 0.02367
1 2 59 0.02344 0.02345
1 2 60 0.02333 0.02344
1 2 61 0.02345 0.02345
1 2 62 0.02337 0.02345
1 3 1 0.02341 0.02345
1 3 2 0.02342 0.02345
1 3 3 0.02325 0.02333
1 3 4 0.02319 0.02364
1 3 5 0.02343 0.02345
2 1 1 0.02345 0.02345
2 1 2 0.02293 0.02345
2 1 3 0.02321 0.02345
2 1 4 0.02345 0.02345
2 1 5 0.02334 0.02345
2 1 6 0.02360 0.02335
2 1 7 0.02345 0.02345
2 1 8 0.02345 0.02345
2 1 9 0.02345 0.02345
2 1 10 0.02345 0.02345
2 1 11 0.02352 0.02345
2 1 12 0.02354 0.02345
2 1 13 0.02363 0.02345
2 1 14 0.02345 0.02360
2 1 15 0.02345 0.02345
2 1 16 0.02345 0.02345
2 1 17 0.02345 0.02345
2 1 18 0.02345 0.02345
2 1 19 0.02345 0.02328
2 1 20 0.02267 0.02345
2 1 21 0.02346 0.02416
2 1 22 0.02345 0.01966
2 1 23 0.02294 0.02146
2 2 1 0.02345 0.02345
2 2 2 0.02345 0.02345
2 2 3 0.02345 0.02345
2 2 4 0.02345 0.02345
2 2 5 0.02345 0.02345
2 2 6 0.02345 0.02345
2 2 7 0.02345 0.02345
2 2 8 0.02345 0.02345
2 2 9 0.02345 0.02345
2 2 10 0.02345 0.02345
2 2 11 0.02345 0.02345
2 2 12 0.02345 0.02345
2 2 13 0.02345 0.02345
2 2 14 0.02345 0.02345
2 2 15 0.02345 0.02345
2 2 16 0.02345 0.02345
2 2 17 0.02345 0.02345
2 2 18 0.02345 0.02345
2 2 19 0.02345 0.02345
2 2 20 0.02345 0.02345
2 2 21 0.02345 0.02345
2 2 22 0.02345 0.02345
2 2 23 0.02345 0.02345
2 2 24 0.02345 0.02345
2 2 25 0.02345 0.02345
2 2 26 0.02345 0.02345
2 2 27 0.02345 0.02345
2 2 28 0.02345 0.02345
2 2 29 0.02345 0.02345
2 2 30 0.02345 0.02345
2 2 31 0.02345 0.02345
2 2 32 0.02345 0.02345
2 2 33 0.02345 0.02345
2 2 34 0.02345 0.02345
2 2 35 0.02345 0.02345
2 2 36 0.02352 0.02345
2 2 37 0.02350 0.02345
2 2 38 0.02345 0.02345
2 2 39 0.02345 0.02345
2 2 40 0.02345 0.02345
2 2 41 0.02345 0.02345
2 2 42 0.02345 0.02345
2 2 43 0.02345 0.02345
2 2 44 0.02345 0.02345
2 2 45 0.02345 0.02345
2 2 46 0.02345 0.02362
2 2 47 0.02345 0.02345
2 2 48 0.02345 0.02337
2 2 49 0.02345 0.02346
2 2 50 0.02345 0.02430
2 2 51 0.02354 0.02345
2 2 52 0.02345 0.02422
2 2 53 0.02339 0.02201
2 2 54 0.02346 0.02234
2 2 55 0.02346 0.02299
2 2 56 0.02348 0.02345
2 2 57 0.02345 0.02640
2 2 58 0.02345 0.02345
2 2 59 0.02343 0.02344
2 2 60 0.02345 0.02345
2 2 61 0.02337 0.02347
2 2 62 0.02345 0.02345
2 3 1 0.02331 0.02324
2 3 2 0.02346 0.02347
2 3 3 0.02345 0.02345
2 3 4 0.02345 0.02345
2 3 5 0.02345 0.02345
3 1 1 0.02345 0.02345
3 1 2 0.02345 0.02334
3 1 3 0.02334 0.02332
3 1 4 0.02322 0.02332
3 1 5 0.02323 0.02335
3 1 6 0.02333 0.02335
3 1 7 0.02326 0.02345
3 1 8 0.02345 0.02339
3 1 9 0.02336 0.02336
3 1 10 0.02345 0.02338
3 1 11 0.02345 0.02354
3 1 12 0.02374 0.02345
3 1 13 0.02345 0.02345
3 1 14 0.02338 0.02344
3 1 15 0.02345 0.02345
3 1 16 0.02345 0.02345
3 1 17 0.02345 0.02345
3 1 18 0.02345 0.02345
3 1 19 0.02345 0.02345
3 1 20 0.02345 0.02345
3 1 21 0.02345 0.02357
3 1 22 0.02358 0.02345
3 1 23 0.02345 0.02328
3 2 1 0.02410 0.02345
3 2 2 0.02345 0.02439
3 2 3 0.02331 0.02363
3 2 4 0.02345 0.02388
3 2 5 0.02345 0.02345
3 2 6 0.02345 0.02345
3 2 7 0.02345 0.02366
3 2 8 0.02345 0.02371
3 2 9 0.02366 0.02320
3 2 10 0.02345 0.02345
3 2 11 0.02345 0.02345
3 2 12 0.02345 0.02345
3 2 13 0.02345 0.02345
3 2 14 0.02333 0.02336
3 2 15 0.02345 0.02339
3 2 16 0.02332 0.02345
3 2 17 0.02345 0.02345
3 2 18 0.02345 0.02352
3 2 19 0.02345 0.02345
3 2 20 0.02336 0.02345
3 2 21 0.02354 0.02345
3 2 22 0.02358 0.02362
3 2 23 0.02337 0.02345
3 2 24 0.02339 0.02345
3 2 25 0.02345 0.02345
3 2 26 0.02339 0.02345
3 2 27 0.02345 0.02331
3 2 28 0.02336 0.02340
3 2 29 0.02335 0.02345
3 2 30 0.02345 0.02345
3 2 31 0.02352 0.02345
3 2 32 0.02367 0.02357
3 2 33 0.02380 0.02372
3 2 34 0.02345 0.02359
3 2 35 0.02345 0.02345
3 2 36 0.02345 0.02339
3 2 37 0.02345 0.02336
3 2 38 0.02345 0.02340
3 2 39 0.02355 0.02358
3 2 40 0.02345 0.02345
3 2 41 0.02335 0.02345
3 2 42 0.02335 0.02338
3 2 43 0.02335 0.02337
3 2 44 0.02345 0.02345
3 2 45 0.02346 0.02345
3 2 46 0.02338 0.02345
3 2 47 0.02345 0.02345
3 2 48 0.02345 0.02350
3 2 49 0.02351 0.02351
3 2 50 0.02341 0.02337
3 2 51 0.02345 0.02345
3 2 52 0.02345 0.02337
3 2 53 0.02339 0.02345
3 2 54 0.02345 0.02355
3 2 55 0.02329 0.02345
3 2 56 0.02340 0.02353
3 2 57 0.02345 0.02345
3 2 58 0.02354 0.02333
3 2 59 0.02345 0.02333
3 2 60 0.02331 0.02345
3 2 61 0.02345 0.02382
3 2 62 0.02325 0.02345
3 3 1 0.02342 0.02345
3 3 2 0.02342 0.02340
3 3 3 0.02345 0.02346
3 3 4 0.02345 0.02268
3 3 5 0.02345 0.02345
4 1 1 0.02345 0.02255
4 1 2 0.02345 0.02345
4 1 3 0.02327 0.02308
4 1 4 0.02317 0.02332
4 1 5 0.02334 0.02334
4 1 6 0.02337 0.02337
4 1 7 0.02331 0.02333
4 1 8 0.02329 0.02334
4 1 9 0.02339 0.02339
4 1 10 0.02345 0.02345
4 1 11 0.02339 0.02345
4 1 12 0.02362 0.02365
4 1 13 0.02338 0.02337
4 1 14 0.02335 0.02345
4 1 15 0.02353 0.02345
4 1 16 0.02345 0.02350
4 1 17 0.02345 0.02345
4 1 18 0.02344 0.02345
4 1 19 0.02338 0.02345
4 1 20 0.02355 0.02352
4 1 21 0.02334 0.02331
4 1 22 0.02345 0.02312
4 1 23 0.02358 0.02345
4 2 1 0.02345 0.02345
4 2 2 0.02345 0.02404
4 2 3 0.02345 0.02345
4 2 4 0.02405 0.02361
4 2 5 0.02384 0.02392
4 2 6 0.02345 0.02345
4 2 7 0.02334 0.02345
4 2 8 0.02360 0.02333
4 2 9 0.02345 0.02345
4 2 10 0.02345 0.02345
4 2 11 0.02345 0.02325
4 2 12 0.02337 0.02345
4 2 13 0.02345 0.02345
4 2 14 0.02345 0.02345
4 2 15 0.02345 0.02345
4 2 16 0.02345 0.02352
4 2 17 0.02345 0.02345
4 2 18 0.02345 0.02357
4 2 19 0.02345 0.02345
4 2 20 0.02332 0.02345
4 2 21 0.02345 0.02339
4 2 22 0.02336 0.02345
4 2 23 0.02322 0.02345
4 2 24 0.02345 0.02336
4 2 25 0.02345 0.02328
4 2 26 0.02354 0.02345
4 2 27 0.02339 0.02339
4 2 28 0.02341 0.02335
4 2 29 0.02345 0.02345
4 2 30 0.02345 0.02345
4 2 31 0.02353 0.02364
4 2 32 0.02367 0.02369
4 2 33 0.02376 0.02365
4 2 34 0.02345 0.02334
4 2 35 0.02345 0.02335
4 2 36 0.02329 0.02337
4 2 37 0.02341 0.02338
4 2 38 0.02345 0.02350
4 2 39 0.02345 0.02345
4 2 40 0.02345 0.02354
4 2 41 0.02345 0.02338
4 2 42 0.02340 0.02345
4 2 43 0.02345 0.02345
4 2 44 0.02345 0.02345
4 2 45 0.02345 0.02336
4 2 46 0.02345 0.02345
4 2 47 0.02345 0.02345
4 2 48 0.02345 0.02346
4 2 49 0.02338 0.02345
4 2 50 0.02345 0.02345
4 2 51 0.02346 0.02325
4 2 52 0.02339 0.02345
4 2 53 0.02345 0.02345
4 2 54 0.02345 0.02335
4 2 55 0.02326 0.02329
4 2 56 0.02345 0.02345
4 2 57 0.02345 0.02345
4 2 58 0.02345 0.02359
4 2 59 0.02334 0.02345
4 2 60 0.02363 0.02328
4 2 61 0.02345 0.02345
4 2 62 0.02345 0.02333
4 3 1 0.02343 0.02354
4 3 2 0.02342 0.02344
4 3 3 0.02355 0.02359
4 3 4 0.02348 0.02359
4 3 5 0.02348 0.02345
5 1 1 0.02310 0.02284
5 1 2 0.02329 0.02328
5 1 3 0.02331 0.02330
5 1 4 0.02315 0.02295
5 1 5 0.02345 0.02344
5 1 6 0.02320 0.02317
5 1 7 0.02339 0.02345
5 1 8 0.02333 0.02332
5 1 9 0.02334 0.02332
5 1 10 0.02336 0.02340
5 1 11 0.02349 0.02345
5 1 12 0.02363 0.02361
5 1 13 0.02345 0.02345
5 1 14 0.02339 0.02345
5 1 15 0.02345 0.02345
5 1 16 0.02335 0.02345
5 1 17 0.02345 0.02345
5 1 18 0.02345 0.02345
5 1 19 0.02334 0.02345
5 1 20 0.02345 0.02345
5 1 21 0.02345 0.02364
5 1 22 0.02374 0.02345
5 1 23 0.02339 0.02337
5 2 1 0.02532 0.02546
5 2 2 0.02418 0.02367
5 2 3 0.02334 0.02345
5 2 4 0.02345 0.02345
5 2 5 0.02345 0.02320
5 2 6 0.02345 0.02345
5 2 7 0.02345 0.02345
5 2 8 0.02379 0.02345
5 2 9 0.02345 0.02345
5 2 10 0.02345 0.02345
5 2 11 0.02345 0.02345
5 2 12 0.02345 0.02345
5 2 13 0.02345 0.02345
5 2 14 0.02345 0.02330
5 2 15 0.02345 0.02345
5 2 16 0.02331 0.02353
5 2 17 0.02345 0.02345
5 2 18 0.02345 0.02345
5 2 19 0.02345 0.02345
5 2 20 0.02336 0.02331
5 2 21 0.02340 0.02345
5 2 22 0.02334 0.02345
5 2 23 0.02331 0.02345
5 2 24 0.02336 0.02327
5 2 25 0.02345 0.02335
5 2 26 0.02345 0.02345
5 2 27 0.02332 0.02345
5 2 28 0.02340 0.02335
5 2 29 0.02337 0.02345
5 2 30 0.02341 0.02345
5 2 31 0.02351 0.02339
5 2 32 0.02360 0.02345
5 2 33 0.02367 0.02369
5 2 34 0.02327 0.02346
5 2 35 0.02352 0.02344
5 2 36 0.02338 0.02338
5 2 37 0.02334 0.02338
5 2 38 0.02345 0.02345
5 2 39 0.02353 0.02353
5 2 40 0.02335 0.02345
5 2 41 0.02330 0.02345
5 2 42 0.02345 0.02337
5 2 43 0.02345 0.02338
5 2 44 0.02336 0.02345
5 2 45 0.02345 0.02336
5 2 46 0.02345 0.02345
5 2 47 0.02345 0.02345
5 2 48 0.02345 0.02345
5 2 49 0.02355 0.02332
5 2 50 0.02355 0.02345
5 2 51 0.02340 0.02345
5 2 52 0.02330 0.02345
5 2 53 0.02328 0.02345
5 2 54 0.02345 0.02345
5 2 55 0.02335 0.02354
5 2 56 0.02345 0.02327
5 2 57 0.02345 0.02345
5 2 58 0.02345 0.02345
5 2 59 0.02345 0.02345
5 2 60 0.02345 0.02324
5 2 61 0.02345 0.02345
5 2 62 0.02346 0.02322
5 3 1 0.02347 0.02344
5 3 2 0.02344 0.02352
5 3 3 0.02335 0.02345
5 3 4 0.02325 0.02345
5 3 5 0.02345 0.02343
6 1 1 0.02322 0.02333
6 1 2 0.02344 0.02345
6 1 3 0.02315 0.02324
6 1 4 0.02327 0.02338
6 1 5 0.02334 0.02326
6 1 6 0.02334 0.02345
6 1 7 0.02345 0.02331
6 1 8 0.02333 0.02345
6 1 9 0.02345 0.02336
6 1 10 0.02338 0.02341
6 1 11 0.02346 0.02345
6 1 12 0.02364 0.02372
6 1 13 0.02339 0.02345
6 1 14 0.02345 0.02345
6 1 15 0.02355 0.02350
6 1 16 0.02345 0.02345
6 1 17 0.02345 0.02345
6 1 18 0.02345 0.02355
6 1 19 0.02345 0.02345
6 1 20 0.02345 0.02345
6 1 21 0.02345 0.02345
6 1 22 0.02353 0.02353
6 1 23 0.02354 0.02345
6 2 1 0.02302 0.02295
6 2 2 0.02400 0.02409
6 2 3 0.02390 0.02345
6 2 4 0.02345 0.02301
6 2 5 0.02345 0.02368
6 2 6 0.02345 0.02345
6 2 7 0.02302 0.02345
6 2 8 0.02345 0.02321
6 2 9 0.02345 0.02345
6 2 10 0.02354 0.02345
6 2 11 0.02345 0.02345
6 2 12 0.02345 0.02345
6 2 13 0.02345 0.02345
6 2 14 0.02345 0.02345
6 2 15 0.02353 0.02359
6 2 16 0.02345 0.02345
6 2 17 0.02345 0.02345
6 2 18 0.02345 0.02345
6 2 19 0.02345 0.02318
6 2 20 0.02335 0.02345
6 2 21 0.02355 0.02349
6 2 22 0.02335 0.02335
6 2 23 0.02328 0.02345
6 2 24 0.02345 0.02336
6 2 25 0.02338 0.02336
6 2 26 0.02345 0.02345
6 2 27 0.02340 0.02345
6 2 28 0.02337 0.02334
6 2 29 0.02335 0.02334
6 2 30 0.02345 0.02345
6 2 31 0.02360 0.02345
6 2 32 0.02371 0.02369
6 2 33 0.02381 0.02383
6 2 34 0.02345 0.02345
6 2 35 0.02336 0.02337
6 2 36 0.02345 0.02336
6 2 37 0.02335 0.02322
6 2 38 0.02337 0.02345
6 2 39 0.02345 0.02345
6 2 40 0.02350 0.02345
6 2 41 0.02345 0.02340
6 2 42 0.02345 0.02335
6 2 43 0.02345 0.02334
6 2 44 0.02350 0.02356
6 2 45 0.02345 0.02345
6 2 46 0.02333 0.02345
6 2 47 0.02346 0.02354
6 2 48 0.02345 0.02345
6 2 49 0.02336 0.02345
6 2 50 0.02328 0.02345
6 2 51 0.02337 0.02333
6 2 52 0.02337 0.02345
6 2 53 0.02345 0.02338
6 2 54 0.02331 0.02345
6 2 55 0.02345 0.02328
6 2 56 0.02345 0.02337
6 2 57 0.02345 0.02330
6 2 58 0.02324 0.02330
6 2 59 0.02351 0.02345
6 2 60 0.02345 0.02380
6 2 61 0.02331 0.02345
6 2 62 0.02371 0.02346
6 3 1 0.02336 0.02340
6 3 2 0.02346 0.02341
6 3 3 0.02345 0.02324
6 3 4 0.02345 0.02318
6 3 5 0.02342 0.02345
