  1   1   1   7.165269e+02    7.165269e+02    3.200607e+00    3.200607e+00    -3.470958e-02    2.068657e-03  
  1   1   2   6.715609e+02    6.715609e+02    6.616553e+00    6.616553e+00    -6.022134e-02    2.060308e-03  
  1   1   3   6.869006e+02    6.869006e+02    2.870154e+00    2.870154e+00    4.647829e-02    3.303796e-03  
  1   1   4   6.454822e+02    6.454822e+02    2.364453e+01    2.364453e+01    -2.881964e-01    3.203712e-03  
  1   1   5   7.260509e+02    7.260509e+02    2.371169e+00    2.371169e+00    -1.429555e-01    3.284863e-03  
  1   1   6   6.847955e+02    6.847955e+02    3.071317e+00    3.071317e+00    -3.986766e-02    5.016708e-03  
  1   1   7   6.738651e+02    6.738651e+02    4.101589e+00    4.101589e+00    7.926968e-02    4.580444e-03  
  1   1   8   6.317677e+02    6.317677e+02    2.361454e+01    2.361454e+01    -1.109541e-02    5.241156e-03  
  1   1   9   6.775992e+02    6.775992e+02    3.359887e+00    3.359887e+00    3.034087e-02    4.670080e-03  
  1   1  10   6.661906e+02    6.661906e+02    5.167543e+00    5.167543e+00    -9.481012e-02    5.648598e-03  
  1   1  11   6.320838e+02    6.320838e+02    1.603022e+01    1.603022e+01    1.279775e-01    5.916740e-03  
  1   1  12   1.573137e+02    1.573137e+02    2.461273e+02    2.461273e+02    -1.404875e-02    6.072010e-03  
  1   1  13   5.421960e+01    5.421960e+01    4.828669e+02    4.828669e+02    -1.766028e-01    7.203063e-03  
  1   1  14   4.866410e+01    4.866410e+01    8.714128e+01    8.714128e+01    -6.232040e-02    6.226543e-03  
  1   1  15   6.635439e+02    6.635439e+02    1.330741e+01    1.330741e+01    1.392879e-03    6.018975e-03  
  1   1  16   1.242088e+02    1.242088e+02    4.399653e+01    4.399653e+01    1.085869e-01    6.897375e-03  
  1   1  17   5.646638e+02    5.646638e+02    7.888658e+01    7.888658e+01    1.263768e-01    7.433863e-03  
  1   1  18   1.066832e+02    1.066832e+02    1.407370e+02    1.407370e+02    -1.954341e-02    6.385228e-03  
  1   1  19   1.762037e+02    1.762037e+02    2.477830e+02    2.477830e+02    -8.193904e-03    8.555870e-03  
  1   1  20   5.941161e+02    5.941161e+02    9.298881e+01    9.298881e+01    -1.400421e-03    7.079720e-03  
  1   1  21   7.169229e+02    7.169229e+02    3.536825e+00    3.536825e+00    9.051718e-02    7.193896e-03  
  1   1  22   6.451527e+02    6.451527e+02    2.302434e+01    2.302434e+01    -1.700561e-02    9.312340e-03  
  1   1  23   6.844379e+02    6.844379e+02    5.000129e+00    5.000129e+00    -1.131318e-01    1.035930e-02  
  1   2   1   2.192632e+03    2.192632e+03    5.106160e+01    5.106160e+01    -2.082073e-02    3.554085e-03  
  1   2   2   2.097813e+03    2.097813e+03    5.239549e+01    5.239549e+01    -1.230808e-01    3.196265e-03  
  1   2   3   2.008328e+03    2.008328e+03    2.264093e+01    2.264093e+01    -1.257328e-02    2.635874e-03  
  1   2   4   1.968565e+03    1.968565e+03    1.769101e+01    1.769101e+01    6.558646e-02    2.002547e-03  
  1   2   5   1.975209e+03    1.975209e+03    1.366707e+01    1.366707e+01    1.142261e-01    1.871876e-03  
  1   2   6   1.782165e+03    1.782165e+03    1.109807e+01    1.109807e+01    -5.378253e-02    2.147226e-03  
  1   2   7   1.792351e+03    1.792351e+03    1.153226e+01    1.153226e+01    -1.524312e-02    1.606832e-03  
  1   2   8   1.748375e+03    1.748375e+03    1.027532e+01    1.027532e+01    -2.216702e-02    1.949331e-03  
  1   2   9   1.730264e+03    1.730264e+03    9.636815e+00    9.636815e+00    1.612466e-02    1.906553e-03  
  1   2  10   1.726580e+03    1.726580e+03    9.079767e+00    9.079767e+00    2.134224e-02    2.422300e-03  
  1   2  11   1.718405e+03    1.718405e+03    9.220810e+00    9.220810e+00    -6.414339e-02    2.062539e-03  
  1   2  12   1.723307e+03    1.723307e+03    9.709296e+00    9.709296e+00    -3.286061e-02    1.901315e-03  
  1   2  13   1.702718e+03    1.702718e+03    8.386852e+00    8.386852e+00    -7.762760e-02    3.129173e-03  
  1   2  14   1.644634e+03    1.644634e+03    1.439715e+01    1.439715e+01    -2.473766e-03    2.863107e-03  
  1   2  15   1.694796e+03    1.694796e+03    9.169601e+00    9.169601e+00    1.123676e-02    2.768153e-03  
  1   2  16   1.675254e+03    1.675254e+03    8.724295e+00    8.724295e+00    -3.712907e-02    2.971146e-03  
  1   2  17   1.647862e+03    1.647862e+03    1.189210e+01    1.189210e+01    2.230315e-02    2.936435e-03  
  1   2  18   1.660951e+03    1.660951e+03    8.631132e+00    8.631132e+00    -7.616899e-02    4.280579e-03  
  1   2  19   1.690468e+03    1.690468e+03    8.212743e+00    8.212743e+00    -2.749504e-03    3.716898e-03  
  1   2  20   1.657988e+03    1.657988e+03    8.157893e+00    8.157893e+00    -3.636980e-02    3.978652e-03  
  1   2  21   1.625449e+03    1.625449e+03    1.436329e+01    1.436329e+01    -1.019356e-02    4.972535e-03  
  1   2  22   1.632338e+03    1.632338e+03    1.195402e+01    1.195402e+01    -2.198656e-02    3.961221e-03  
  1   2  23   1.652400e+03    1.652400e+03    9.247517e+00    9.247517e+00    2.481087e-02    4.804688e-03  
  1   2  24   1.684440e+03    1.684440e+03    7.773173e+00    7.773173e+00    -9.083859e-02    4.026811e-03  
  1   2  25   1.632550e+03    1.632550e+03    9.428402e+00    9.428402e+00    -8.167234e-03    3.814004e-03  
  1   2  26   1.666703e+03    1.666703e+03    1.002777e+01    1.002777e+01    -4.385284e-02    4.179813e-03  
  1   2  27   1.650615e+03    1.650615e+03    1.275104e+01    1.275104e+01    -2.346641e-02    3.592854e-03  
  1   2  28   1.573957e+03    1.573957e+03    2.959852e+01    2.959852e+01    -1.159869e-01    5.332100e-03  
  1   2  29   1.622183e+03    1.622183e+03    2.108051e+01    2.108051e+01    -5.429812e-02    5.446602e-03  
  1   2  30   1.567974e+03    1.567974e+03    3.937405e+01    3.937405e+01    -1.934447e-02    4.857121e-03  
  1   2  31   1.623930e+03    1.623930e+03    3.726836e+01    3.726836e+01    -8.012998e-02    6.574544e-03  
  1   2  32   1.673138e+03    1.673138e+03    2.852301e+01    2.852301e+01    -8.998835e-02    2.837756e-03  
  1   2  33   1.603172e+03    1.603172e+03    3.706582e+01    3.706582e+01    -1.012486e-01    3.997874e-03  
  1   2  34   1.757721e+03    1.757721e+03    1.298579e+01    1.298579e+01    -6.681926e-02    3.265830e-03  
  1   2  35   1.721086e+03    1.721086e+03    1.152020e+01    1.152020e+01    -6.561859e-03    3.920767e-03  
  1   2  36   1.712198e+03    1.712198e+03    1.452306e+01    1.452306e+01    -5.151604e-02    4.025310e-03  
  1   2  37   1.755351e+03    1.755351e+03    1.383296e+01    1.383296e+01    -4.855443e-02    4.003387e-03  
  1   2  38   1.906191e+03    1.906191e+03    9.592360e+00    9.592360e+00    -1.375131e-01    3.191954e-03  
  1   2  39   1.744308e+03    1.744308e+03    1.532392e+01    1.532392e+01    -2.723129e-02    4.703242e-03  
  1   2  40   1.713255e+03    1.713255e+03    1.242283e+01    1.242283e+01    -4.791273e-02    4.467628e-03  
  1   2  41   1.723002e+03    1.723002e+03    1.189485e+01    1.189485e+01    -2.977201e-02    3.987630e-03  
  1   2  42   1.731328e+03    1.731328e+03    1.337284e+01    1.337284e+01    -1.486708e-02    5.682024e-03  
  1   2  43   1.696683e+03    1.696683e+03    2.326537e+01    2.326537e+01    -6.056991e-02    5.916058e-03  
  1   2  44   1.747669e+03    1.747669e+03    1.339245e+01    1.339245e+01    -1.903159e-02    5.585187e-03  
  1   2  45   1.812131e+03    1.812131e+03    1.128644e+01    1.128644e+01    -1.876763e-01    4.840259e-03  
  1   2  46   1.769370e+03    1.769370e+03    1.308344e+01    1.308344e+01    -1.293591e-02    5.747641e-03  
  1   2  47   1.783197e+03    1.783197e+03    1.266963e+01    1.266963e+01    -1.316309e-02    5.579976e-03  
  1   2  48   1.807161e+03    1.807161e+03    1.319355e+01    1.319355e+01    -1.984670e-02    4.506133e-03  
  1   2  49   1.730440e+03    1.730440e+03    1.562007e+01    1.562007e+01    -1.169486e-01    5.971243e-03  
  1   2  50   1.804687e+03    1.804687e+03    1.330907e+01    1.330907e+01    -4.353878e-02    4.454326e-03  
  1   2  51   1.819548e+03    1.819548e+03    1.416197e+01    1.416197e+01    -1.433280e-02    4.009158e-03  
  1   2  52   1.841056e+03    1.841056e+03    1.676705e+01    1.676705e+01    9.209787e-03    5.361468e-03  
  1   2  53   1.787829e+03    1.787829e+03    1.304948e+01    1.304948e+01    -6.890110e-03    5.042814e-03  
  1   2  54   1.810939e+03    1.810939e+03    1.612463e+01    1.612463e+01    -4.248646e-02    7.720048e-03  
  1   2  55   1.832519e+03    1.832519e+03    1.801035e+01    1.801035e+01    -1.968359e-02    6.784960e-03  
  1   2  56   1.795641e+03    1.795641e+03    1.763139e+01    1.763139e+01    -4.852552e-02    5.135349e-03  
  1   2  57   1.812589e+03    1.812589e+03    1.734668e+01    1.734668e+01    -1.737513e-02    7.531478e-03  
  1   2  58   1.779867e+03    1.779867e+03    1.935561e+01    1.935561e+01    -5.407994e-02    7.097840e-03  
  1   2  59   1.982275e+03    1.982275e+03    2.191424e+01    2.191424e+01    -1.040785e-01    7.030350e-03  
  1   2  60   1.783049e+03    1.783049e+03    3.018770e+01    3.018770e+01    -5.359032e-02    7.212219e-03  
  1   2  61   1.816036e+03    1.816036e+03    2.904960e+01    2.904960e+01    -1.149017e-01    7.901820e-03  
  1   2  62   1.811029e+03    1.811029e+03    3.236710e+01    3.236710e+01    -8.892305e-02    7.670037e-03  
  1   3   1   7.853038e+02    7.853038e+02    3.548542e+00    3.548542e+00    -1.525360e-01    7.631579e-03  
  1   3   2   6.544987e+02    6.544987e+02    1.109330e+01    1.109330e+01    1.234735e-01    7.551457e-03  
  1   3   3   6.568620e+02    6.568620e+02    1.205232e+01    1.205232e+01    5.124656e-01    7.881201e-03  
  1   3   4   7.170943e+02    7.170943e+02    2.830460e+00    2.830460e+00    -9.968576e-02    8.297630e-03  
  1   3   5   7.079390e+02    7.079390e+02    4.774796e+00    4.774796e+00    3.319072e-01    9.603717e-03  
  2   1   1   1.216471e+02    1.216471e+02    1.836405e+02    1.836405e+02    -5.904762e-02    1.108551e-03  
  2   1   2   4.294184e+02    4.294184e+02    3.629289e+01    3.629289e+01    1.812304e-02    1.434127e-03  
  2   1   3   4.534656e+02    4.534656e+02    6.187756e+01    6.187756e+01    -1.676486e-02    2.999846e-03  
  2   1   4   6.896107e+02    6.896107e+02    1.340845e+00    1.340845e+00    -1.730034e-02    2.464358e-03  
  2   1   5   1.000000e+01    1.000000e+01    1.414214e+00    1.414214e+00    0.000000e+00    0.000000e+00  
  2   1   6   5.371562e+02    5.371562e+02    2.790926e+02    2.790926e+02    3.300534e+00    2.581025e-02  
  2   1   7   6.853241e+02    6.853241e+02    1.794532e+00    1.794532e+00    -1.631931e-02    3.067281e-03  
  2   1   8   6.655673e+02    6.655673e+02    3.751505e+00    3.751505e+00    -1.122015e-03    3.297103e-03  
  2   1   9   6.678289e+02    6.678289e+02    3.219984e+00    3.219984e+00    -1.111054e-01    3.493087e-03  
  2   1  10   1.000000e+01    1.000000e+01    1.414214e+00    1.414214e+00    0.000000e+00    0.000000e+00  
  2   1  11   7.115550e+02    7.115550e+02    2.276687e+00    2.276687e+00    -1.332357e-01    3.520599e-03  
  2   1  12   6.617262e+02    6.617262e+02    8.195467e+00    8.195467e+00    9.532421e-02    5.621285e-03  
  2   1  13   5.122136e+02    5.122136e+02    3.287123e+01    3.287123e+01    -1.833071e-02    4.061304e-03  
  2   1  14   -1.230124e+02    -1.230124e+02    3.026643e+01    3.026643e+01    -1.510313e-01    4.177509e-03  
  2   1  15   -3.044521e+02    -3.044521e+02    6.526778e+01    6.526778e+01    -9.877396e-02    4.655666e-03  
  2   1  16   4.551991e+02    4.551991e+02    2.308072e+01    2.308072e+01    -1.746623e-01    4.416444e-03  
  2   1  17   3.907986e+02    3.907986e+02    3.930300e+01    3.930300e+01    -2.719252e-02    4.758188e-03  
  2   1  18   3.842593e+02    3.842593e+02    1.895942e+01    1.895942e+01    -5.625410e-02    3.738459e-03  
  2   1  19   6.394201e+02    6.394201e+02    2.487270e+01    2.487270e+01    2.331110e+00    7.121907e-03  
  2   1  20   6.877286e+02    6.877286e+02    1.858553e+00    1.858553e+00    -3.419554e-02    4.458964e-03  
  2   1  21   1.000000e+01    1.000000e+01    1.414214e+00    1.414214e+00    0.000000e+00    0.000000e+00  
  2   1  22   6.860208e+02    6.860208e+02    1.195623e+00    1.195623e+00    -7.699488e-02    5.432015e-03  
  2   1  23   3.951870e+02    3.951870e+02    1.208968e+02    1.208968e+02    7.605279e-02    9.448348e-03  
  2   2   1   2.027196e+03    2.027196e+03    2.952574e+01    2.952574e+01    5.711914e-03    2.926322e-03  
  2   2   2   2.035832e+03    2.035832e+03    2.772687e+01    2.772687e+01    -8.347525e-02    2.559083e-03  
  2   2   3   1.978288e+03    1.978288e+03    1.431960e+01    1.431960e+01    3.308688e-02    1.589141e-03  
  2   2   4   1.832091e+03    1.832091e+03    8.910145e+00    8.910145e+00    -1.926315e-02    1.756216e-03  
  2   2   5   1.813011e+03    1.813011e+03    9.139561e+00    9.139561e+00    5.212810e-02    1.285806e-03  
  2   2   6   1.773679e+03    1.773679e+03    8.001441e+00    8.001441e+00    -5.560310e-02    1.170922e-03  
  2   2   7   1.743915e+03    1.743915e+03    7.665671e+00    7.665671e+00    -7.043938e-02    1.361068e-03  
  2   2   8   1.798396e+03    1.798396e+03    6.840655e+00    6.840655e+00    -1.060662e-01    1.912953e-03  
  2   2   9   1.930166e+03    1.930166e+03    7.386203e+00    7.386203e+00    -1.532927e-01    1.724571e-03  
  2   2  10   1.750051e+03    1.750051e+03    9.173844e+00    9.173844e+00    -3.336392e-02    1.439552e-03  
  2   2  11   1.736926e+03    1.736926e+03    7.688031e+00    7.688031e+00    6.414471e-02    1.484243e-03  
  2   2  12   1.743379e+03    1.743379e+03    8.994530e+00    8.994530e+00    -7.884284e-03    1.595635e-03  
  2   2  13   1.766151e+03    1.766151e+03    8.761663e+00    8.761663e+00    1.635058e-02    2.113941e-03  
  2   2  14   1.816235e+03    1.816235e+03    8.599473e+00    8.599473e+00    1.121481e-01    2.553055e-03  
  2   2  15   1.770202e+03    1.770202e+03    5.802142e+00    5.802142e+00    -8.031551e-02    2.494377e-03  
  2   2  16   1.701015e+03    1.701015e+03    5.940066e+00    5.940066e+00    -3.591837e-02    2.252356e-03  
  2   2  17   1.694389e+03    1.694389e+03    5.214754e+00    5.214754e+00    -4.588735e-03    2.242860e-03  
  2   2  18   1.718045e+03    1.718045e+03    5.513493e+00    5.513493e+00    7.808459e-02    3.317767e-03  
  2   2  19   1.730189e+03    1.730189e+03    5.357502e+00    5.357502e+00    -4.523744e-03    3.356304e-03  
  2   2  20   1.780919e+03    1.780919e+03    6.095282e+00    6.095282e+00    -6.453437e-02    2.607573e-03  
  2   2  21   1.729665e+03    1.729665e+03    4.994730e+00    4.994730e+00    -2.428657e-02    3.541650e-03  
  2   2  22   1.717124e+03    1.717124e+03    4.885753e+00    4.885753e+00    1.222755e-02    2.722545e-03  
  2   2  23   1.712202e+03    1.712202e+03    5.723558e+00    5.723558e+00    -5.681186e-02    3.066488e-03  
  2   2  24   1.743560e+03    1.743560e+03    5.560195e+00    5.560195e+00    -3.774035e-02    3.760320e-03  
  2   2  25   1.713955e+03    1.713955e+03    4.954919e+00    4.954919e+00    -4.488136e-02    3.227333e-03  
  2   2  26   1.714346e+03    1.714346e+03    5.363785e+00    5.363785e+00    -2.566539e-02    3.102569e-03  
  2   2  27   1.760459e+03    1.760459e+03    4.587888e+00    4.587888e+00    -2.374956e-02    2.754338e-03  
  2   2  28   1.751824e+03    1.751824e+03    4.779746e+00    4.779746e+00    -5.314931e-03    3.176699e-03  
  2   2  29   1.744761e+03    1.744761e+03    5.828743e+00    5.828743e+00    4.700394e-03    3.695870e-03  
  2   2  30   1.688254e+03    1.688254e+03    8.233505e+00    8.233505e+00    1.335208e-02    3.761037e-03  
  2   2  31   1.690932e+03    1.690932e+03    8.344954e+00    8.344954e+00    1.180748e-02    4.714475e-03  
  2   2  32   1.746133e+03    1.746133e+03    6.723581e+00    6.723581e+00    -1.950335e-03    2.446158e-03  
  2   2  33   1.702761e+03    1.702761e+03    8.605221e+00    8.605221e+00    -1.356713e-02    2.790952e-03  
  2   2  34   1.690023e+03    1.690023e+03    9.666861e+00    9.666861e+00    -1.144818e-02    2.304947e-03  
  2   2  35   1.677332e+03    1.677332e+03    1.232065e+01    1.232065e+01    -2.702181e-02    2.511870e-03  
  2   2  36   1.573314e+03    1.573314e+03    1.938241e+01    1.938241e+01    -3.864061e-02    2.944819e-03  
  2   2  37   1.644967e+03    1.644967e+03    1.530266e+01    1.530266e+01    -5.221039e-02    2.867773e-03  
  2   2  38   1.789288e+03    1.789288e+03    1.296446e+01    1.296446e+01    -4.626359e-02    2.370643e-03  
  2   2  39   7.268504e+02    7.268504e+02    1.324163e+02    1.324163e+02    -3.708101e-01    3.715812e-03  
  2   2  40   1.402928e+03    1.402928e+03    1.008530e+02    1.008530e+02    -1.421427e-01    3.488619e-03  
  2   2  41   1.730934e+03    1.730934e+03    7.875950e+00    7.875950e+00    -1.663000e-02    2.996589e-03  
  2   2  42   1.764805e+03    1.764805e+03    7.885662e+00    7.885662e+00    5.078755e-03    3.385994e-03  
  2   2  43   -4.832188e+02    -4.832188e+02    6.373895e+01    6.373895e+01    -3.703917e-01    4.019122e-03  
  2   2  44   1.694981e+03    1.694981e+03    9.349774e+00    9.349774e+00    5.648992e-03    3.212550e-03  
  2   2  45   1.763564e+03    1.763564e+03    8.841374e+00    8.841374e+00    -2.802937e-02    3.772938e-03  
  2   2  46   1.730199e+03    1.730199e+03    8.069721e+00    8.069721e+00    -5.192510e-02    3.465842e-03  
  2   2  47   1.742082e+03    1.742082e+03    8.685492e+00    8.685492e+00    -8.347845e-02    3.397009e-03  
  2   2  48   1.767680e+03    1.767680e+03    7.029350e+00    7.029350e+00    -1.361434e-01    3.306123e-03  
  2   2  49   1.711574e+03    1.711574e+03    8.358702e+00    8.358702e+00    8.196969e-03    3.388084e-03  
  2   2  50   1.778712e+03    1.778712e+03    6.631466e+00    6.631466e+00    -3.428739e-02    3.306034e-03  
  2   2  51   1.763104e+03    1.763104e+03    7.257635e+00    7.257635e+00    -5.676003e-02    2.890804e-03  
  2   2  52   1.740782e+03    1.740782e+03    5.813086e+00    5.813086e+00    -1.082806e-01    3.149797e-03  
  2   2  53   1.719639e+03    1.719639e+03    7.531619e+00    7.531619e+00    -2.196638e-02    3.254587e-03  
  2   2  54   1.765599e+03    1.765599e+03    6.449899e+00    6.449899e+00    -3.028053e-02    3.539906e-03  
  2   2  55   1.720363e+03    1.720363e+03    8.039838e+00    8.039838e+00    7.053038e-03    4.594376e-03  
  2   2  56   1.753732e+03    1.753732e+03    5.680984e+00    5.680984e+00    -9.949912e-03    3.429977e-03  
  2   2  57   1.753823e+03    1.753823e+03    7.223464e+00    7.223464e+00    -4.405841e-02    4.729483e-03  
  2   2  58   1.752265e+03    1.752265e+03    1.106507e+01    1.106507e+01    -4.813500e-02    7.143976e-03  
  2   2  59   1.728393e+03    1.728393e+03    1.018049e+01    1.018049e+01    -6.188626e-02    7.370915e-03  
  2   2  60   1.729118e+03    1.729118e+03    1.316266e+01    1.316266e+01    -6.545666e-02    6.847998e-03  
  2   2  61   1.605120e+03    1.605120e+03    2.148551e+01    2.148551e+01    -2.827498e-01    6.329203e-03  
  2   2  62   1.546415e+03    1.546415e+03    3.216470e+01    3.216470e+01    6.518158e-02    6.500747e-03  
  2   3   1   1.745241e+02    1.745241e+02    3.463204e+02    3.463204e+02    -2.692171e-02    7.451991e-03  
  2   3   2   6.745207e+02    6.745207e+02    3.950955e+00    3.950955e+00    -2.738028e-02    5.985623e-03  
  2   3   3   6.899466e+02    6.899466e+02    7.589715e+00    7.589715e+00    -1.695789e-01    7.345070e-03  
  2   3   4   1.000000e+01    1.000000e+01    1.414214e+00    1.414214e+00    0.000000e+00    0.000000e+00  
  2   3   5   7.225153e+02    7.225153e+02    3.552274e+00    3.552274e+00    -8.404759e-02    8.500973e-03  
  3   1   1   1.000000e+01    1.000000e+01    1.414214e+00    1.414214e+00    0.000000e+00    0.000000e+00  
  3   1   2   1.000000e+01    1.000000e+01    1.414214e+00    1.414214e+00    0.000000e+00    0.000000e+00  
  3   1   3   1.000000e+01    1.000000e+01    1.414214e+00    1.414214e+00    0.000000e+00    0.000000e+00  
  3   1   4   1.000000e+01    1.000000e+01    1.414214e+00    1.414214e+00    0.000000e+00    0.000000e+00  
  3   1   5   1.000000e+01    1.000000e+01    1.414214e+00    1.414214e+00    0.000000e+00    0.000000e+00  
  3   1   6   1.000000e+01    1.000000e+01    1.414214e+00    1.414214e+00    0.000000e+00    0.000000e+00  
  3   1   7   1.000000e+01    1.000000e+01    1.414214e+00    1.414214e+00    0.000000e+00    0.000000e+00  
  3   1   8   1.000000e+01    1.000000e+01    1.414214e+00    1.414214e+00    0.000000e+00    0.000000e+00  
  3   1   9   1.000000e+01    1.000000e+01    1.414214e+00    1.414214e+00    0.000000e+00    0.000000e+00  
  3   1  10   1.000000e+01    1.000000e+01    1.414214e+00    1.414214e+00    0.000000e+00    0.000000e+00  
  3   1  11   1.000000e+01    1.000000e+01    1.414214e+00    1.414214e+00    0.000000e+00    0.000000e+00  
  3   1  12   1.000000e+01    1.000000e+01    1.414214e+00    1.414214e+00    0.000000e+00    0.000000e+00  
  3   1  13   1.000000e+01    1.000000e+01    1.414214e+00    1.414214e+00    0.000000e+00    0.000000e+00  
  3   1  14   1.000000e+01    1.000000e+01    1.414214e+00    1.414214e+00    0.000000e+00    0.000000e+00  
  3   1  15   1.000000e+01    1.000000e+01    1.414214e+00    1.414214e+00    0.000000e+00    0.000000e+00  
  3   1  16   1.000000e+01    1.000000e+01    1.414214e+00    1.414214e+00    0.000000e+00    0.000000e+00  
  3   1  17   5.348912e+02    5.348912e+02    4.264248e+01    4.264248e+01    -1.959480e-01    6.519024e-03  
  3   1  18   3.027683e+02    3.027683e+02    2.419139e+02    2.419139e+02    -2.171274e-02    5.247038e-03  
  3   1  19   4.778997e+02    4.778997e+02    8.595890e+01    8.595890e+01    -1.025658e-01    6.350522e-03  
  3   1  20   4.693813e+02    4.693813e+02    8.570020e+01    8.570020e+01    -1.055518e-01    7.215231e-03  
  3   1  21   1.631867e+02    1.631867e+02    4.872310e+01    4.872310e+01    1.063974e-01    7.314542e-03  
  3   1  22   7.060978e+02    7.060978e+02    3.757896e+00    3.757896e+00    2.107687e-01    7.957035e-03  
  3   1  23   -1.512321e+02    -1.512321e+02    1.301181e+02    1.301181e+02    6.943390e-01    9.879308e-03  
  3   2   1   1.333333e+01    1.333333e+01    1.414214e+00    1.414214e+00    0.000000e+00    0.000000e+00  
  3   2   2   1.333333e+01    1.333333e+01    1.414214e+00    1.414214e+00    0.000000e+00    0.000000e+00  
  3   2   3   1.333333e+01    1.333333e+01    1.414214e+00    1.414214e+00    0.000000e+00    0.000000e+00  
  3   2   4   1.333333e+01    1.333333e+01    1.414214e+00    1.414214e+00    0.000000e+00    0.000000e+00  
  3   2   5   1.333333e+01    1.333333e+01    1.414214e+00    1.414214e+00    0.000000e+00    0.000000e+00  
  3   2   6   1.333333e+01    1.333333e+01    1.414214e+00    1.414214e+00    0.000000e+00    0.000000e+00  
  3   2   7   1.333333e+01    1.333333e+01    1.414214e+00    1.414214e+00    0.000000e+00    0.000000e+00  
  3   2   8   1.333333e+01    1.333333e+01    1.414214e+00    1.414214e+00    0.000000e+00    0.000000e+00  
  3   2   9   1.333333e+01    1.333333e+01    1.414214e+00    1.414214e+00    0.000000e+00    0.000000e+00  
  3   2  10   1.333333e+01    1.333333e+01    1.414214e+00    1.414214e+00    0.000000e+00    0.000000e+00  
  3   2  11   1.333333e+01    1.333333e+01    1.414214e+00    1.414214e+00    0.000000e+00    0.000000e+00  
  3   2  12   1.333333e+01    1.333333e+01    1.414214e+00    1.414214e+00    0.000000e+00    0.000000e+00  
  3   2  13   1.333333e+01    1.333333e+01    1.414214e+00    1.414214e+00    0.000000e+00    0.000000e+00  
  3   2  14   1.333333e+01    1.333333e+01    1.414214e+00    1.414214e+00    0.000000e+00    0.000000e+00  
  3   2  15   1.333333e+01    1.333333e+01    1.414214e+00    1.414214e+00    0.000000e+00    0.000000e+00  
  3   2  16   1.333333e+01    1.333333e+01    1.414214e+00    1.414214e+00    0.000000e+00    0.000000e+00  
  3   2  17   1.741750e+03    1.741750e+03    9.008477e+00    9.008477e+00    -4.998322e-02    2.612026e-03  
  3   2  18   1.710729e+03    1.710729e+03    8.537205e+00    8.537205e+00    -2.962683e-02    3.450813e-03  
  3   2  19   1.758769e+03    1.758769e+03    1.409204e+01    1.409204e+01    -5.041734e-02    2.647423e-03  
  3   2  20   1.659039e+03    1.659039e+03    9.113203e+00    9.113203e+00    -8.105798e-02    2.993160e-03  
  3   2  21   1.741441e+03    1.741441e+03    7.618409e+00    7.618409e+00    -9.584341e-02    4.479892e-03  
  3   2  22   1.666131e+03    1.666131e+03    1.118774e+01    1.118774e+01    -7.092514e-02    3.273301e-03  
  3   2  23   1.751926e+03    1.751926e+03    8.761038e+00    8.761038e+00    -8.664599e-02    3.851272e-03  
  3   2  24   1.725339e+03    1.725339e+03    7.872502e+00    7.872502e+00    -1.672213e-01    3.717471e-03  
  3   2  25   1.777707e+03    1.777707e+03    8.158852e+00    8.158852e+00    -8.159103e-02    3.910636e-03  
  3   2  26   1.629507e+03    1.629507e+03    1.570770e+01    1.570770e+01    -1.457735e-02    3.803017e-03  
  3   2  27   1.786038e+03    1.786038e+03    7.919587e+00    7.919587e+00    -7.316973e-02    3.996242e-03  
  3   2  28   1.762794e+03    1.762794e+03    1.082501e+01    1.082501e+01    -9.975970e-02    4.564527e-03  
  3   2  29   1.806031e+03    1.806031e+03    5.939844e+00    5.939844e+00    -6.889330e-02    5.134106e-03  
  3   2  30   1.333333e+01    1.333333e+01    1.414214e+00    1.414214e+00    0.000000e+00    0.000000e+00  
  3   2  31   1.775616e+03    1.775616e+03    1.060891e+01    1.060891e+01    -7.722227e-02    4.520182e-03  
  3   2  32   1.333333e+01    1.333333e+01    1.414214e+00    1.414214e+00    0.000000e+00    0.000000e+00  
  3   2  33   1.333333e+01    1.333333e+01    1.414214e+00    1.414214e+00    0.000000e+00    0.000000e+00  
  3   2  34   1.333333e+01    1.333333e+01    1.414214e+00    1.414214e+00    0.000000e+00    0.000000e+00  
  3   2  35   1.333333e+01    1.333333e+01    1.414214e+00    1.414214e+00    0.000000e+00    0.000000e+00  
  3   2  36   1.333333e+01    1.333333e+01    1.414214e+00    1.414214e+00    0.000000e+00    0.000000e+00  
  3   2  37   1.333333e+01    1.333333e+01    1.414214e+00    1.414214e+00    0.000000e+00    0.000000e+00  
  3   2  38   1.333333e+01    1.333333e+01    1.414214e+00    1.414214e+00    0.000000e+00    0.000000e+00  
  3   2  39   1.333333e+01    1.333333e+01    1.414214e+00    1.414214e+00    0.000000e+00    0.000000e+00  
  3   2  40   1.333333e+01    1.333333e+01    1.414214e+00    1.414214e+00    0.000000e+00    0.000000e+00  
  3   2  41   1.333333e+01    1.333333e+01    1.414214e+00    1.414214e+00    0.000000e+00    0.000000e+00  
  3   2  42   1.333333e+01    1.333333e+01    1.414214e+00    1.414214e+00    0.000000e+00    0.000000e+00  
  3   2  43   1.333333e+01    1.333333e+01    1.414214e+00    1.414214e+00    0.000000e+00    0.000000e+00  
  3   2  44   1.333333e+01    1.333333e+01    1.414214e+00    1.414214e+00    0.000000e+00    0.000000e+00  
  3   2  45   1.333333e+01    1.333333e+01    1.414214e+00    1.414214e+00    0.000000e+00    0.000000e+00  
  3   2  46   1.333333e+01    1.333333e+01    1.414214e+00    1.414214e+00    0.000000e+00    0.000000e+00  
  3   2  47   1.333333e+01    1.333333e+01    1.414214e+00    1.414214e+00    0.000000e+00    0.000000e+00  
  3   2  48   1.333333e+01    1.333333e+01    1.414214e+00    1.414214e+00    0.000000e+00    0.000000e+00  
  3   2  49   1.933526e+03    1.933526e+03    8.376327e+00    8.376327e+00    -1.133787e-01    6.279731e-03  
  3   2  50   1.857045e+03    1.857045e+03    1.604688e+01    1.604688e+01    -7.974248e-02    6.861653e-03  
  3   2  51   1.717171e+03    1.717171e+03    4.630753e+01    4.630753e+01    -1.057642e-01    6.595387e-03  
  3   2  52   1.905115e+03    1.905115e+03    1.099614e+01    1.099614e+01    -6.594241e-02    3.995262e-03  
  3   2  53   1.867359e+03    1.867359e+03    1.179953e+01    1.179953e+01    -5.194211e-02    6.752273e-03  
  3   2  54   1.924806e+03    1.924806e+03    1.184495e+01    1.184495e+01    2.209842e-02    5.478125e-03  
  3   2  55   1.867005e+03    1.867005e+03    1.322749e+01    1.322749e+01    4.363336e-02    6.036676e-03  
  3   2  56   1.946791e+03    1.946791e+03    8.863835e+00    8.863835e+00    1.652270e-03    4.394739e-03  
  3   2  57   1.959642e+03    1.959642e+03    1.071338e+01    1.071338e+01    -5.851528e-02    6.698254e-03  
  3   2  58   1.888737e+03    1.888737e+03    1.079797e+01    1.079797e+01    2.379028e-01    7.809040e-03  
  3   2  59   2.021590e+03    2.021590e+03    1.436954e+01    1.436954e+01    -1.275304e-01    7.221947e-03  
  3   2  60   1.765319e+03    1.765319e+03    2.779146e+01    2.779146e+01    8.119721e-02    6.819583e-03  
  3   2  61   2.200115e+03    2.200115e+03    1.212820e+01    1.212820e+01    6.093696e-01    7.344303e-03  
  3   2  62   2.710526e+03    2.710526e+03    1.474826e+01    1.474826e+01    5.589433e-01    5.865686e-03  
  3   3   1   7.773901e+02    7.773901e+02    4.226847e+00    4.226847e+00    -7.065519e-01    7.543621e-03  
  3   3   2   6.891356e+02    6.891356e+02    5.016696e+00    5.016696e+00    5.189170e-02    5.942190e-03  
  3   3   3   6.930714e+02    6.930714e+02    5.858040e+00    5.858040e+00    -1.007942e-01    7.294251e-03  
  3   3   4   6.214802e+02    6.214802e+02    3.182858e+01    3.182858e+01    -2.007119e-01    8.283431e-03  
  3   3   5   4.098526e+02    4.098526e+02    1.715243e+02    1.715243e+02    1.443260e+00    9.413037e-03  
  4   1   1   7.164847e+02    7.164847e+02    3.754717e+00    3.754717e+00    2.541753e-01    2.172944e-03  
  4   1   2   6.653948e+02    6.653948e+02    8.190929e+00    8.190929e+00    -1.970593e-01    2.284136e-03  
  4   1   3   6.641607e+02    6.641607e+02    1.038763e+01    1.038763e+01    2.750769e-01    2.693801e-03  
  4   1   4   4.780586e+02    4.780586e+02    2.128810e+02    2.128810e+02    -9.061408e-02    3.353349e-03  
  4   1   5   4.738387e+02    4.738387e+02    3.587857e+01    3.587857e+01    9.812576e-02    5.456084e-03  
  4   1   6   4.875281e+02    4.875281e+02    3.235481e+01    3.235481e+01    1.129222e-01    5.345938e-03  
  4   1   7   2.934300e+02    2.934300e+02    3.580830e+01    3.580830e+01    1.424151e-03    3.917218e-03  
  4   1   8   4.939672e+02    4.939672e+02    2.643876e+01    2.643876e+01    -9.326886e-02    4.372634e-03  
  4   1   9   6.572578e+02    6.572578e+02    7.787492e+00    7.787492e+00    6.571490e-03    4.117327e-03  
  4   1  10   4.390015e+02    4.390015e+02    3.032771e+01    3.032771e+01    -1.215911e-01    4.461985e-03  
  4   1  11   6.471936e+02    6.471936e+02    1.620368e+01    1.620368e+01    -2.835337e-02    7.188754e-03  
  4   1  12   6.718547e+02    6.718547e+02    6.087822e+00    6.087822e+00    2.094245e-01    4.103016e-03  
  4   1  13   6.051579e+02    6.051579e+02    2.319424e+01    2.319424e+01    -3.954512e-02    4.803992e-03  
  4   1  14   5.987209e+02    5.987209e+02    2.566475e+01    2.566475e+01    1.469735e-03    6.086627e-03  
  4   1  15   5.382803e+02    5.382803e+02    5.338527e+01    5.338527e+01    -2.036411e-02    6.359967e-03  
  4   1  16   4.567296e+02    4.567296e+02    1.198814e+02    1.198814e+02    -2.741601e-01    5.977835e-03  
  4   1  17   6.234672e+02    6.234672e+02    2.260776e+01    2.260776e+01    -8.082797e-02    5.621770e-03  
  4   1  18   1.000000e+01    1.000000e+01    1.414214e+00    1.414214e+00    0.000000e+00    0.000000e+00  
  4   1  19   5.915159e+02    5.915159e+02    3.903877e+01    3.903877e+01    -9.866987e-02    5.855586e-03  
  4   1  20   2.156451e+02    2.156451e+02    3.942293e+01    3.942293e+01    -3.456714e-02    8.189909e-03  
  4   1  21   3.517037e+02    3.517037e+02    2.666809e+02    2.666809e+02    -1.463473e-02    7.722801e-03  
  4   1  22   5.663409e+02    5.663409e+02    1.657792e+01    1.657792e+01    -1.971151e-02    7.480389e-03  
  4   1  23   5.144386e+02    5.144386e+02    6.189987e+01    6.189987e+01    -5.887789e-02    8.195502e-03  
  4   2   1   2.043390e+03    2.043390e+03    4.502198e+01    4.502198e+01    4.988453e-03    3.767239e-03  
  4   2   2   2.088611e+03    2.088611e+03    4.923268e+01    4.923268e+01    1.318272e-02    2.993420e-03  
  4   2   3   1.956875e+03    1.956875e+03    2.186820e+01    2.186820e+01    1.617540e-02    2.116069e-03  
  4   2   4   1.876343e+03    1.876343e+03    2.774504e+01    2.774504e+01    -1.027013e-02    2.601996e-03  
  4   2   5   1.735562e+03    1.735562e+03    2.105140e+01    2.105140e+01    4.954712e-02    1.980655e-03  
  4   2   6   1.792491e+03    1.792491e+03    1.775880e+01    1.775880e+01    2.637726e-02    1.887832e-03  
  4   2   7   2.114215e+03    2.114215e+03    1.623796e+01    1.623796e+01    2.065809e-02    1.705594e-03  
  4   2   8   1.660315e+03    1.660315e+03    1.459292e+01    1.459292e+01    -8.106045e-02    2.617111e-03  
  4   2   9   1.778766e+03    1.778766e+03    1.242239e+01    1.242239e+01    5.648548e-02    2.372176e-03  
  4   2  10   1.752776e+03    1.752776e+03    1.021168e+01    1.021168e+01    -3.098568e-02    1.952078e-03  
  4   2  11   1.682754e+03    1.682754e+03    9.906580e+00    9.906580e+00    3.479763e-02    2.368937e-03  
  4   2  12   1.706816e+03    1.706816e+03    8.955500e+00    8.955500e+00    -1.755674e-02    1.972778e-03  
  4   2  13   1.619935e+03    1.619935e+03    1.649580e+01    1.649580e+01    1.787704e-02    2.350223e-03  
  4   2  14   1.657515e+03    1.657515e+03    9.570963e+00    9.570963e+00    -2.364480e-02    2.883951e-03  
  4   2  15   1.567324e+03    1.567324e+03    2.829457e+01    2.829457e+01    -5.686309e-02    2.643874e-03  
  4   2  16   1.584960e+03    1.584960e+03    1.894421e+01    1.894421e+01    3.443002e-02    3.250133e-03  
  4   2  17   1.384827e+03    1.384827e+03    1.378466e+02    1.378466e+02    -7.467564e-03    2.952621e-03  
  4   2  18   1.654628e+03    1.654628e+03    8.053036e+00    8.053036e+00    1.074014e-01    3.395428e-03  
  4   2  19   1.642226e+03    1.642226e+03    7.594745e+00    7.594745e+00    3.386416e-02    2.650149e-03  
  4   2  20   1.640370e+03    1.640370e+03    9.882642e+00    9.882642e+00    7.283095e-02    3.538567e-03  
  4   2  21   1.568991e+03    1.568991e+03    1.989468e+01    1.989468e+01    1.336450e-01    4.338991e-03  
  4   2  22   1.572409e+03    1.572409e+03    1.816020e+01    1.816020e+01    6.712427e-03    3.290808e-03  
  4   2  23   1.551255e+03    1.551255e+03    2.782005e+01    2.782005e+01    -2.798743e-02    3.077176e-03  
  4   2  24   1.491603e+03    1.491603e+03    4.922025e+01    4.922025e+01    3.609463e-02    3.439983e-03  
  4   2  25   1.572784e+03    1.572784e+03    2.032081e+01    2.032081e+01    2.936704e-02    3.856605e-03  
  4   2  26   1.531183e+03    1.531183e+03    3.340973e+01    3.340973e+01    5.096015e-02    3.746667e-03  
  4   2  27   1.530780e+03    1.530780e+03    3.423541e+01    3.423541e+01    -2.081970e-02    3.682872e-03  
  4   2  28   1.642050e+03    1.642050e+03    1.790617e+01    1.790617e+01    4.696756e-02    3.574354e-03  
  4   2  29   1.582777e+03    1.582777e+03    2.952551e+01    2.952551e+01    5.519408e-02    4.802195e-03  
  4   2  30   1.479484e+03    1.479484e+03    4.939097e+01    4.939097e+01    7.392565e-02    4.822545e-03  
  4   2  31   1.333333e+01    1.333333e+01    1.414214e+00    1.414214e+00    0.000000e+00    0.000000e+00  
  4   2  32   1.455967e+03    1.455967e+03    3.772521e+01    3.772521e+01    2.538124e-01    2.483595e-03  
  4   2  33   1.383902e+03    1.383902e+03    4.752372e+01    4.752372e+01    3.428399e-02    4.308614e-03  
  4   2  34   1.281750e+03    1.281750e+03    7.859204e+01    7.859204e+01    -4.695403e-03    3.229262e-03  
  4   2  35   1.505772e+03    1.505772e+03    4.701335e+01    4.701335e+01    -2.891378e-01    2.971598e-03  
  4   2  36   1.196485e+03    1.196485e+03    8.740268e+01    8.740268e+01    2.792290e-02    3.599258e-03  
  4   2  37   1.239461e+03    1.239461e+03    1.006749e+02    1.006749e+02    -2.058461e-02    2.966358e-03  
  4   2  38   9.902789e+02    9.902789e+02    8.703810e+01    8.703810e+01    3.505512e-02    3.029744e-03  
  4   2  39   8.551254e+02    8.551254e+02    5.977431e+02    5.977431e+02    -2.156177e-02    3.681635e-03  
  4   2  40   1.295194e+03    1.295194e+03    6.334079e+01    6.334079e+01    5.795579e-02    3.659554e-03  
  4   2  41   8.334721e+02    8.334721e+02    1.834839e+02    1.834839e+02    6.341773e-02    3.770119e-03  
  4   2  42   9.541025e+02    9.541025e+02    1.594188e+02    1.594188e+02    1.581304e-03    3.503193e-03  
  4   2  43   1.064163e+03    1.064163e+03    1.759377e+02    1.759377e+02    2.365639e-02    4.444831e-03  
  4   2  44   1.308010e+03    1.308010e+03    9.286195e+01    9.286195e+01    -6.181462e-03    3.968040e-03  
  4   2  45   1.267659e+03    1.267659e+03    7.814241e+01    7.814241e+01    -4.848609e-02    4.018060e-03  
  4   2  46   6.524541e+02    6.524541e+02    4.378515e+02    4.378515e+02    2.345613e-02    4.863115e-03  
  4   2  47   7.010028e+02    7.010028e+02    2.432751e+02    2.432751e+02    7.954764e-03    4.871298e-03  
  4   2  48   1.248342e+03    1.248342e+03    8.139685e+01    8.139685e+01    -2.218036e-02    3.972758e-03  
  4   2  49   1.846360e+03    1.846360e+03    1.990621e+01    1.990621e+01    3.621435e-01    6.531551e-03  
  4   2  50   1.008476e+03    1.008476e+03    1.583494e+02    1.583494e+02    1.889792e-02    4.758712e-03  
  4   2  51   9.030038e+02    9.030038e+02    1.345451e+02    1.345451e+02    -6.722014e-02    4.180277e-03  
  4   2  52   9.481613e+02    9.481613e+02    1.143503e+02    1.143503e+02    5.161585e-03    4.962533e-03  
  4   2  53   1.454997e+03    1.454997e+03    1.595884e+02    1.595884e+02    5.719444e-03    4.865687e-03  
  4   2  54   1.471684e+03    1.471684e+03    5.178175e+01    5.178175e+01    -1.240242e-01    5.501988e-03  
  4   2  55   1.411646e+03    1.411646e+03    2.869031e+02    2.869031e+02    6.021505e-04    6.698605e-03  
  4   2  56   -4.593323e+01    -4.593323e+01    1.382981e+03    1.382981e+03    -5.270915e-03    4.932239e-03  
  4   2  57   2.981736e+01    2.981736e+01    3.226269e+02    3.226269e+02    -3.764197e-02    8.375089e-03  
  4   2  58   9.629955e+02    9.629955e+02    2.049645e+02    2.049645e+02    4.349464e-02    7.468160e-03  
  4   2  59   1.692053e+03    1.692053e+03    1.233990e+02    1.233990e+02    4.236045e-02    8.510503e-03  
  4   2  60   1.703230e+03    1.703230e+03    4.537468e+01    4.537468e+01    9.940195e-03    8.951658e-03  
  4   2  61   8.804907e+02    8.804907e+02    2.033449e+02    2.033449e+02    3.284509e-02    8.046446e-03  
  4   2  62   -6.064831e+00    -6.064831e+00    3.249152e+02    3.249152e+02    6.791700e-02    6.231737e-03  
  4   3   1   1.000000e+01    1.000000e+01    1.414214e+00    1.414214e+00    0.000000e+00    0.000000e+00  
  4   3   2   7.218996e+02    7.218996e+02    2.342890e+00    2.342890e+00    9.439857e-02    6.679075e-03  
  4   3   3   4.775399e+02    4.775399e+02    1.766865e+02    1.766865e+02    -4.340577e-01    7.388036e-03  
  4   3   4   6.556563e+02    6.556563e+02    1.207620e+01    1.207620e+01    -2.300494e-01    8.246964e-03  
  4   3   5   1.000000e+01    1.000000e+01    1.414214e+00    1.414214e+00    0.000000e+00    0.000000e+00  
  5   1   1   7.057857e+02    7.057857e+02    3.357470e+00    3.357470e+00    5.327227e-02    1.728548e-03  
  5   1   2   7.132702e+02    7.132702e+02    3.264917e+00    3.264917e+00    8.386294e-03    2.152206e-03  
  5   1   3   6.982571e+02    6.982571e+02    2.487288e+00    2.487288e+00    2.020224e-01    1.827523e-03  
  5   1   4   6.499589e+02    6.499589e+02    1.792668e+00    1.792668e+00    4.962462e+00    2.022730e-02  
  5   1   5   6.742432e+02    6.742432e+02    5.300773e+00    5.300773e+00    -8.631390e-02    4.679539e-03  
  5   1   6   6.882905e+02    6.882905e+02    2.572649e+00    2.572649e+00    -3.402510e-02    4.735998e-03  
  5   1   7   6.794763e+02    6.794763e+02    3.278265e+00    3.278265e+00    -2.943242e-02    5.364419e-03  
  5   1   8   6.525274e+02    6.525274e+02    1.033101e+01    1.033101e+01    -5.437384e-02    5.524878e-03  
  5   1   9   6.927071e+02    6.927071e+02    2.032947e+00    2.032947e+00    5.712461e-02    4.749800e-03  
  5   1  10   7.119782e+02    7.119782e+02    2.111834e+00    2.111834e+00    -1.067157e-01    4.822213e-03  
  5   1  11   6.452908e+02    6.452908e+02    9.768174e+00    9.768174e+00    -2.016766e-01    5.399936e-03  
  5   1  12   4.351271e+02    4.351271e+02    3.109679e+02    3.109679e+02    -7.823112e-02    5.467350e-03  
  5   1  13   5.209958e+02    5.209958e+02    1.284577e+02    1.284577e+02    -6.563808e-02    5.109011e-03  
  5   1  14   6.439420e+02    6.439420e+02    1.918388e+01    1.918388e+01    -1.895809e-01    6.914126e-03  
  5   1  15   6.439286e+02    6.439286e+02    1.552186e+01    1.552186e+01    -3.362561e-02    5.538134e-03  
  5   1  16   6.671211e+02    6.671211e+02    6.779734e+00    6.779734e+00    -9.004175e-02    6.519353e-03  
  5   1  17   6.454575e+02    6.454575e+02    1.359872e+01    1.359872e+01    -2.656672e-02    6.985050e-03  
  5   1  18   2.687138e+02    2.687138e+02    1.226140e+02    1.226140e+02    -1.443547e-01    6.183238e-03  
  5   1  19   2.839844e+02    2.839844e+02    4.514854e+01    4.514854e+01    -2.541015e-02    6.729986e-03  
  5   1  20   7.140623e+02    7.140623e+02    3.000336e+00    3.000336e+00    5.807815e-02    7.440796e-03  
  5   1  21   6.618200e+02    6.618200e+02    1.140256e+01    1.140256e+01    -1.357029e-01    7.737345e-03  
  5   1  22   7.144583e+02    7.144583e+02    3.020218e+00    3.020218e+00    -1.278429e-01    8.677586e-03  
  5   1  23   2.518731e+02    2.518731e+02    1.743431e+02    1.743431e+02    -3.665743e-02    1.030290e-02  
  5   2   1   2.015124e+03    2.015124e+03    4.956209e+01    4.956209e+01    2.381743e-02    3.376489e-03  
  5   2   2   1.928365e+03    1.928365e+03    4.645491e+01    4.645491e+01    -1.227076e-03    3.535785e-03  
  5   2   3   2.104351e+03    2.104351e+03    1.947460e+01    1.947460e+01    -2.100577e-02    2.471851e-03  
  5   2   4   2.168856e+03    2.168856e+03    1.939981e+01    1.939981e+01    1.291421e-01    2.184561e-03  
  5   2   5   1.965056e+03    1.965056e+03    1.602936e+01    1.602936e+01    3.604379e-02    2.773870e-03  
  5   2   6   1.984995e+03    1.984995e+03    1.687745e+01    1.687745e+01    2.123326e-02    2.493976e-03  
  5   2   7   1.861364e+03    1.861364e+03    1.386380e+01    1.386380e+01    6.020595e-02    2.176169e-03  
  5   2   8   1.882212e+03    1.882212e+03    1.088419e+01    1.088419e+01    1.432333e-02    2.154407e-03  
  5   2   9   1.866805e+03    1.866805e+03    1.003659e+01    1.003659e+01    -4.783660e-03    2.567497e-03  
  5   2  10   1.869298e+03    1.869298e+03    1.270531e+01    1.270531e+01    -1.089248e-02    2.103899e-03  
  5   2  11   1.863145e+03    1.863145e+03    9.733856e+00    9.733856e+00    -7.331842e-02    1.979265e-03  
  5   2  12   1.828539e+03    1.828539e+03    9.286581e+00    9.286581e+00    2.911654e-02    1.825386e-03  
  5   2  13   1.817966e+03    1.817966e+03    1.139390e+01    1.139390e+01    5.128069e-02    2.385092e-03  
  5   2  14   1.839467e+03    1.839467e+03    1.313680e+01    1.313680e+01    4.650424e-02    2.589209e-03  
  5   2  15   1.857639e+03    1.857639e+03    9.495158e+00    9.495158e+00    5.251542e-02    2.872033e-03  
  5   2  16   1.768121e+03    1.768121e+03    1.023185e+01    1.023185e+01    1.317715e-02    3.145013e-03  
  5   2  17   1.829268e+03    1.829268e+03    1.764823e+01    1.764823e+01    2.850441e-02    3.265244e-03  
  5   2  18   1.849225e+03    1.849225e+03    9.797066e+00    9.797066e+00    5.273294e-02    4.024389e-03  
  5   2  19   1.855998e+03    1.855998e+03    8.931328e+00    8.931328e+00    -2.511435e-02    3.260082e-03  
  5   2  20   1.833605e+03    1.833605e+03    9.099691e+00    9.099691e+00    2.149212e-02    3.192709e-03  
  5   2  21   1.798557e+03    1.798557e+03    9.353773e+00    9.353773e+00    6.060536e-02    5.038408e-03  
  5   2  22   1.882759e+03    1.882759e+03    7.997025e+00    7.997025e+00    6.058773e-02    4.087725e-03  
  5   2  23   1.897124e+03    1.897124e+03    9.326055e+00    9.326055e+00    2.263995e-02    3.518955e-03  
  5   2  24   1.950919e+03    1.950919e+03    9.144835e+00    9.144835e+00    -1.925564e-01    4.555922e-03  
  5   2  25   1.851296e+03    1.851296e+03    1.096570e+01    1.096570e+01    -4.004798e-02    4.254449e-03  
  5   2  26   1.822749e+03    1.822749e+03    7.293453e+00    7.293453e+00    7.653380e-03    4.358245e-03  
  5   2  27   1.874618e+03    1.874618e+03    8.128319e+00    8.128319e+00    -1.175938e-02    3.711342e-03  
  5   2  28   1.832496e+03    1.832496e+03    6.319508e+00    6.319508e+00    -1.106001e-01    4.928593e-03  
  5   2  29   1.870936e+03    1.870936e+03    9.065483e+00    9.065483e+00    -4.595181e-03    5.849599e-03  
  5   2  30   1.934043e+03    1.934043e+03    9.151697e+00    9.151697e+00    -3.826280e-02    3.936171e-03  
  5   2  31   1.842379e+03    1.842379e+03    7.563035e+00    7.563035e+00    -3.289634e-02    6.325500e-03  
  5   2  32   1.942905e+03    1.942905e+03    6.861938e+00    6.861938e+00    -2.893219e-02    3.122751e-03  
  5   2  33   1.907046e+03    1.907046e+03    8.616999e+00    8.616999e+00    -1.825331e-02    4.120019e-03  
  5   2  34   1.977512e+03    1.977512e+03    7.597902e+00    7.597902e+00    -4.117100e-02    3.445310e-03  
  5   2  35   1.946032e+03    1.946032e+03    8.707226e+00    8.707226e+00    -2.631438e-02    3.616221e-03  
  5   2  36   1.860153e+03    1.860153e+03    8.230084e+00    8.230084e+00    5.974061e-02    3.758325e-03  
  5   2  37   1.982762e+03    1.982762e+03    7.682146e+00    7.682146e+00    -1.048760e-02    3.785091e-03  
  5   2  38   2.024095e+03    2.024095e+03    8.442033e+00    8.442033e+00    3.126301e-02    3.005847e-03  
  5   2  39   1.926772e+03    1.926772e+03    8.620290e+00    8.620290e+00    8.533333e-02    5.588538e-03  
  5   2  40   1.962695e+03    1.962695e+03    8.589312e+00    8.589312e+00    2.283949e-02    4.287402e-03  
  5   2  41   1.955981e+03    1.955981e+03    7.583055e+00    7.583055e+00    -3.214565e-02    4.368891e-03  
  5   2  42   1.886132e+03    1.886132e+03    7.424492e+00    7.424492e+00    -2.981035e-02    4.928104e-03  
  5   2  43   1.931912e+03    1.931912e+03    7.429659e+00    7.429659e+00    -5.476248e-02    5.063502e-03  
  5   2  44   2.002140e+03    2.002140e+03    7.635434e+00    7.635434e+00    -1.692192e-02    4.020665e-03  
  5   2  45   1.946711e+03    1.946711e+03    7.808237e+00    7.808237e+00    -6.118259e-02    4.892098e-03  
  5   2  46   1.935457e+03    1.935457e+03    8.001353e+00    8.001353e+00    -1.182087e-02    5.492048e-03  
  5   2  47   1.997054e+03    1.997054e+03    8.518464e+00    8.518464e+00    -2.123953e-02    5.379508e-03  
  5   2  48   2.058900e+03    2.058900e+03    7.786178e+00    7.786178e+00    -2.322565e-02    4.619336e-03  
  5   2  49   1.954898e+03    1.954898e+03    8.545364e+00    8.545364e+00    1.833240e-02    6.098606e-03  
  5   2  50   2.069310e+03    2.069310e+03    8.444954e+00    8.444954e+00    4.870611e-02    4.621859e-03  
  5   2  51   2.013361e+03    2.013361e+03    8.242388e+00    8.242388e+00    -3.610484e-02    4.461055e-03  
  5   2  52   2.013042e+03    2.013042e+03    8.355057e+00    8.355057e+00    7.354831e-03    4.488796e-03  
  5   2  53   2.089085e+03    2.089085e+03    8.792952e+00    8.792952e+00    1.292049e-02    5.280294e-03  
  5   2  54   1.981436e+03    1.981436e+03    1.027447e+01    1.027447e+01    -1.936179e-02    5.963574e-03  
  5   2  55   2.007467e+03    2.007467e+03    1.043769e+01    1.043769e+01    -1.829740e-02    5.963607e-03  
  5   2  56   2.027866e+03    2.027866e+03    1.135598e+01    1.135598e+01    -2.520663e-02    7.639284e-03  
  5   2  57   1.974118e+03    1.974118e+03    1.283423e+01    1.283423e+01    -9.903796e-03    8.602973e-03  
  5   2  58   1.986741e+03    1.986741e+03    1.256617e+01    1.256617e+01    -3.472706e-02    7.310604e-03  
  5   2  59   1.970661e+03    1.970661e+03    1.280621e+01    1.280621e+01    -5.528909e-02    9.152865e-03  
  5   2  60   1.962212e+03    1.962212e+03    1.254623e+01    1.254623e+01    -1.906105e-02    6.826637e-03  
  5   2  61   1.890942e+03    1.890942e+03    1.185816e+01    1.185816e+01    -4.510050e-02    8.052934e-03  
  5   2  62   2.101289e+03    2.101289e+03    1.165352e+01    1.165352e+01    -5.625431e-02    6.732092e-03  
  5   3   1   7.839886e+02    7.839886e+02    1.024301e+01    1.024301e+01    -6.058138e-02    6.761816e-03  
  5   3   2   8.386376e+02    8.386376e+02    4.104399e+00    4.104399e+00    -3.187194e-01    6.240659e-03  
  5   3   3   4.631811e+02    4.631811e+02    5.721646e+02    5.721646e+02    -1.943533e-01    6.580035e-03  
  5   3   4   6.888738e+02    6.888738e+02    5.830671e+00    5.830671e+00    1.605601e-01    7.612412e-03  
  5   3   5   7.312407e+02    7.312407e+02    4.648904e+00    4.648904e+00    3.229762e-01    7.750889e-03  
  6   1   1   8.009459e+02    8.009459e+02    4.847183e+00    4.847183e+00    -1.768270e-01    1.881017e-03  
  6   1   2   6.994862e+02    6.994862e+02    3.042096e+00    3.042096e+00    -1.586338e-01    1.828511e-03  
  6   1   3   6.963549e+02    6.963549e+02    2.273815e+00    2.273815e+00    4.859991e-02    1.984306e-03  
  6   1   4   6.612996e+02    6.612996e+02    1.065755e+01    1.065755e+01    1.209715e-02    2.903929e-03  
  6   1   5   7.078026e+02    7.078026e+02    2.090787e+00    2.090787e+00    2.769449e-02    3.482927e-03  
  6   1   6   6.516227e+02    6.516227e+02    1.345935e+01    1.345935e+01    -2.522666e-02    4.829249e-03  
  6   1   7   7.090642e+02    7.090642e+02    1.790998e+00    1.790998e+00    -8.210181e-02    4.143138e-03  
  6   1   8   7.093247e+02    7.093247e+02    1.747386e+00    1.747386e+00    -1.214398e-01    3.337946e-03  
  6   1   9   6.926557e+02    6.926557e+02    2.560538e+00    2.560538e+00    -2.316382e-01    4.709482e-03  
  6   1  10   6.777019e+02    6.777019e+02    4.393176e+00    4.393176e+00    -4.423246e-02    4.997198e-03  
  6   1  11   6.579096e+02    6.579096e+02    1.205774e+01    1.205774e+01    -7.641408e-02    5.040193e-03  
  6   1  12   4.942623e+02    4.942623e+02    7.426633e+01    7.426633e+01    -1.088578e-01    5.125826e-03  
  6   1  13   -9.983100e+01    -9.983100e+01    8.219713e+01    8.219713e+01    -1.549104e-01    5.593128e-03  
  6   1  14   7.933514e+02    7.933514e+02    7.756761e+00    7.756761e+00    1.038757e-01    5.389983e-03  
  6   1  15   4.431902e+02    4.431902e+02    3.175884e+01    3.175884e+01    7.136513e-02    5.515842e-03  
  6   1  16   1.028054e+02    1.028054e+02    3.713896e+01    3.713896e+01    6.103270e-02    5.731292e-03  
  6   1  17   1.869917e+02    1.869917e+02    3.329041e+02    3.329041e+02    -5.493586e-02    6.312257e-03  
  6   1  18   1.675856e+02    1.675856e+02    1.904203e+02    1.904203e+02    -5.795295e-02    5.484704e-03  
  6   1  19   1.703377e+02    1.703377e+02    1.425705e+02    1.425705e+02    -1.846427e-01    6.200003e-03  
  6   1  20   5.589985e+02    5.589985e+02    4.953110e+01    4.953110e+01    -6.735434e-02    6.652614e-03  
  6   1  21   6.828499e+02    6.828499e+02    6.429696e+03    6.429696e+03    2.800000e+00    0.000000e+00  
  6   1  22   7.370297e+02    7.370297e+02    3.427962e+00    3.427962e+00    7.583497e-02    9.403774e-03  
  6   1  23   5.217855e+02    5.217855e+02    2.300567e+01    2.300567e+01    -7.014314e-02    1.037049e-02  
  6   2   1   1.918984e+03    1.918984e+03    3.060810e+01    3.060810e+01    1.459991e-02    3.061407e-03  
  6   2   2   2.032449e+03    2.032449e+03    2.292344e+01    2.292344e+01    -4.183828e-02    3.290690e-03  
  6   2   3   2.024525e+03    2.024525e+03    2.040424e+01    2.040424e+01    -6.896997e-03    2.239911e-03  
  6   2   4   1.956152e+03    1.956152e+03    2.104960e+01    2.104960e+01    -6.475520e-03    1.598302e-03  
  6   2   5   1.848470e+03    1.848470e+03    1.759573e+01    1.759573e+01    -1.942504e-02    1.942310e-03  
  6   2   6   1.949343e+03    1.949343e+03    1.320906e+01    1.320906e+01    -3.502853e-02    1.793767e-03  
  6   2   7   1.832416e+03    1.832416e+03    1.567161e+01    1.567161e+01    -7.667825e-03    1.558171e-03  
  6   2   8   1.911739e+03    1.911739e+03    1.052837e+01    1.052837e+01    1.406055e-03    2.133433e-03  
  6   2   9   1.899852e+03    1.899852e+03    1.033178e+01    1.033178e+01    -2.435647e-02    1.990717e-03  
  6   2  10   1.872173e+03    1.872173e+03    9.164063e+00    9.164063e+00    -3.049841e-03    1.793225e-03  
  6   2  11   1.884346e+03    1.884346e+03    8.808626e+00    8.808626e+00    -6.280667e-04    2.145082e-03  
  6   2  12   1.857772e+03    1.857772e+03    1.042031e+01    1.042031e+01    -7.901582e-02    1.871472e-03  
  6   2  13   1.829848e+03    1.829848e+03    9.535586e+00    9.535586e+00    -8.089095e-03    2.320917e-03  
  6   2  14   1.829324e+03    1.829324e+03    1.675247e+01    1.675247e+01    -4.168295e-02    2.918435e-03  
  6   2  15   1.613735e+03    1.613735e+03    1.333527e+01    1.333527e+01    -1.183923e-02    2.805891e-03  
  6   2  16   1.845681e+03    1.845681e+03    9.300275e+00    9.300275e+00    -2.149661e-02    3.008653e-03  
  6   2  17   1.803497e+03    1.803497e+03    1.152073e+01    1.152073e+01    -1.255335e-01    3.205486e-03  
  6   2  18   1.826512e+03    1.826512e+03    1.196134e+01    1.196134e+01    -1.002789e-01    3.876924e-03  
  6   2  19   1.869535e+03    1.869535e+03    8.411626e+00    8.411626e+00    -8.426006e-02    3.372245e-03  
  6   2  20   1.819796e+03    1.819796e+03    6.827405e+00    6.827405e+00    -7.112122e-02    3.496439e-03  
  6   2  21   1.747109e+03    1.747109e+03    7.494707e+00    7.494707e+00    -7.396606e-02    4.309686e-03  
  6   2  22   1.805605e+03    1.805605e+03    1.319818e+01    1.319818e+01    -5.957420e-02    3.490942e-03  
  6   2  23   1.813748e+03    1.813748e+03    1.124547e+01    1.124547e+01    -3.627741e-02    3.860296e-03  
  6   2  24   1.492794e+03    1.492794e+03    5.826532e+01    5.826532e+01    1.902713e-02    4.791436e-03  
  6   2  25   1.827392e+03    1.827392e+03    8.772134e+00    8.772134e+00    -8.848095e-02    4.125567e-03  
  6   2  26   1.846567e+03    1.846567e+03    1.161994e+01    1.161994e+01    -5.959547e-02    4.172003e-03  
  6   2  27   1.792960e+03    1.792960e+03    7.075350e+00    7.075350e+00    -1.802923e-02    3.674151e-03  
  6   2  28   1.805346e+03    1.805346e+03    9.526574e+00    9.526574e+00    -8.872134e-02    5.698036e-03  
  6   2  29   1.857321e+03    1.857321e+03    6.156483e+00    6.156483e+00    -2.898874e-02    5.745781e-03  
  6   2  30   1.869783e+03    1.869783e+03    6.494356e+00    6.494356e+00    -1.862475e-02    4.233343e-03  
  6   2  31   1.800660e+03    1.800660e+03    8.079897e+00    8.079897e+00    -4.711576e-02    6.490154e-03  
  6   2  32   1.918371e+03    1.918371e+03    6.179393e+00    6.179393e+00    8.016140e-03    2.708018e-03  
  6   2  33   1.909252e+03    1.909252e+03    7.459960e+00    7.459960e+00    -1.934966e-02    4.201891e-03  
  6   2  34   1.994845e+03    1.994845e+03    1.623135e+01    1.623135e+01    -4.548801e-02    3.243938e-03  
  6   2  35   2.002211e+03    2.002211e+03    1.101641e+01    1.101641e+01    -3.678180e-02    3.887987e-03  
  6   2  36   1.918393e+03    1.918393e+03    8.118040e+00    8.118040e+00    -9.634923e-02    3.759629e-03  
  6   2  37   1.965620e+03    1.965620e+03    7.691464e+00    7.691464e+00    -2.807131e-02    4.325204e-03  
  6   2  38   2.047168e+03    2.047168e+03    1.193055e+01    1.193055e+01    1.524881e-02    3.315005e-03  
  6   2  39   1.904024e+03    1.904024e+03    1.009498e+01    1.009498e+01    3.091215e-02    3.265394e-03  
  6   2  40   2.038330e+03    2.038330e+03    1.166122e+01    1.166122e+01    1.480242e-02    3.813348e-03  
  6   2  41   1.965022e+03    1.965022e+03    8.960646e+00    8.960646e+00    -1.129186e-01    4.977868e-03  
  6   2  42   1.945747e+03    1.945747e+03    7.381648e+00    7.381648e+00    -1.137590e-01    5.000541e-03  
  6   2  43   1.969228e+03    1.969228e+03    8.117087e+00    8.117087e+00    -5.925797e-02    5.726640e-03  
  6   2  44   1.956906e+03    1.956906e+03    9.146067e+00    9.146067e+00    -8.161513e-02    5.353704e-03  
  6   2  45   1.933422e+03    1.933422e+03    8.481647e+00    8.481647e+00    -7.857339e-02    6.467585e-03  
  6   2  46   1.920313e+03    1.920313e+03    7.934215e+00    7.934215e+00    -1.210419e-01    5.756355e-03  
  6   2  47   1.925030e+03    1.925030e+03    9.188416e+00    9.188416e+00    -9.273993e-02    6.353934e-03  
  6   2  48   2.049730e+03    2.049730e+03    8.308330e+00    8.308330e+00    -7.475748e-02    3.866965e-03  
  6   2  49   2.039621e+03    2.039621e+03    7.612817e+00    7.612817e+00    -1.607607e-01    4.788009e-03  
  6   2  50   2.049282e+03    2.049282e+03    8.388595e+00    8.388595e+00    -1.438687e-01    4.828942e-03  
  6   2  51   2.050812e+03    2.050812e+03    9.052382e+00    9.052382e+00    -8.255427e-02    4.294415e-03  
  6   2  52   2.041614e+03    2.041614e+03    8.828335e+00    8.828335e+00    -2.779751e-02    4.657745e-03  
  6   2  53   2.054947e+03    2.054947e+03    9.213604e+00    9.213604e+00    -9.382693e-02    4.420378e-03  
  6   2  54   2.047253e+03    2.047253e+03    9.972180e+00    9.972180e+00    -6.252568e-02    6.051815e-03  
  6   2  55   2.199761e+03    2.199761e+03    9.202837e+00    9.202837e+00    -2.133537e-01    5.246382e-03  
  6   2  56   1.959003e+03    1.959003e+03    9.196734e+00    9.196734e+00    -6.458996e-02    6.743549e-03  
  6   2  57   1.895848e+03    1.895848e+03    1.149354e+01    1.149354e+01    2.294335e-02    8.459136e-03  
  6   2  58   1.921466e+03    1.921466e+03    1.241477e+01    1.241477e+01    8.146640e-02    7.369292e-03  
  6   2  59   1.831300e+03    1.831300e+03    1.319486e+01    1.319486e+01    7.503865e-02    7.403772e-03  
  6   2  60   1.926248e+03    1.926248e+03    1.118018e+01    1.118018e+01    7.676138e-02    7.303336e-03  
  6   2  61   1.896806e+03    1.896806e+03    1.107058e+01    1.107058e+01    9.362348e-02    7.176000e-03  
  6   2  62   2.107471e+03    2.107471e+03    1.103934e+01    1.103934e+01    4.083308e-02    5.872043e-03  
  6   3   1   6.809144e+02    6.809144e+02    1.693757e+01    1.693757e+01    3.628108e+00    5.058743e-02  
  6   3   2   6.888809e+02    6.888809e+02    5.832159e+00    5.832159e+00    2.704586e-02    6.708377e-03  
  6   3   3   8.500000e+02    8.500000e+02    1.681885e+01    1.681885e+01    1.895089e-01    6.656210e-03  
  6   3   4   4.701255e+02    4.701255e+02    6.434256e+01    6.434256e+01    2.080843e-01    8.394840e-03  
  6   3   5   7.212371e+02    7.212371e+02    4.435506e+00    4.435506e+00    7.142156e-03    6.934032e-03  
