  1   1   1   1.921987e+02    1.921987e+02    1.936632e+02    1.936632e+02    -4.794336e-02  
  1   1   2   1.100206e+02    1.100206e+02    6.226124e+01    6.226124e+01    -6.475297e-02  
  1   1   3   7.934763e+01    7.934763e+01    2.695610e+01    2.695610e+01    3.333477e-02  
  1   1   4   4.034474e+02    4.034474e+02    1.354080e+04    1.354080e+04    -1.176905e+00  
  1   1   5   1.337467e+02    1.337467e+02    3.901927e+01    3.901927e+01    -1.287814e-01  
  1   1   6   1.091816e+02    1.091816e+02    2.683630e+01    2.683630e+01    -8.038363e-02  
  1   1   7   1.529774e+02    1.529774e+02    3.263761e+01    3.263761e+01    -4.970658e-01  
  1   1   8   1.150818e+02    1.150818e+02    2.104362e+01    2.104362e+01    -4.442491e-01  
  1   1   9   9.775837e+01    9.775837e+01    1.553856e+01    1.553856e+01    3.630025e-02  
  1   1  10   1.410538e+02    1.410538e+02    2.480538e+01    2.480538e+01    -8.176513e-02  
  1   1  11   1.143672e+02    1.143672e+02    1.647914e+01    1.647914e+01    7.023805e-02  
  1   1  12   1.475218e+02    1.475218e+02    2.229983e+01    2.229983e+01    1.049634e-02  
  1   1  13   1.501729e+02    1.501729e+02    2.131608e+01    2.131608e+01    -1.134493e-01  
  1   1  14   1.621411e+02    1.621411e+02    2.116904e+01    2.116904e+01    -4.047991e-01  
  1   1  15   2.460032e+02    2.460032e+02    3.697489e+01    3.697489e+01    -2.997918e-01  
  1   1  16   1.185686e+02    1.185686e+02    1.276647e+01    1.276647e+01    -3.804006e-01  
  1   1  17   1.586319e+02    1.586319e+02    1.773636e+01    1.773636e+01    1.431632e-01  
  1   1  18   1.368515e+02    1.368515e+02    1.356092e+01    1.356092e+01    -3.783785e-02  
  1   1  19   9.277624e+01    9.277624e+01    7.940763e+00    7.940763e+00    -4.629750e-01  
  1   1  20   2.180009e+02    2.180009e+02    2.372033e+01    2.372033e+01    -4.323470e-01  
  1   1  21   2.291038e+02    2.291038e+02    2.506598e+01    2.506598e+01    5.914794e-02  
  1   1  22   2.384619e+02    2.384619e+02    2.556584e+01    2.556584e+01    2.225264e-02  
  1   1  23   1.457142e+02    1.457142e+02    1.161905e+01    1.161905e+01    -1.053799e-01  
  1   2   1   2.152625e+02    2.152625e+02    4.937022e+02    4.937022e+02    -1.850044e-02  
  1   2   2   1.250652e+02    1.250652e+02    1.138956e+02    1.138956e+02    -1.141593e-01  
  1   2   3   4.228942e+02    4.228942e+02    1.941713e+03    1.941713e+03    -5.410771e-02  
  1   2   4   1.547775e+02    1.547775e+02    1.212693e+02    1.212693e+02    6.578309e-02  
  1   2   5   2.792693e+02    2.792693e+02    2.354869e+02    2.354869e+02    8.691394e-02  
  1   2   6   9.801707e+01    9.801707e+01    5.008749e+01    5.008749e+01    -5.683621e-02  
  1   2   7   3.089654e+02    3.089654e+02    2.342537e+02    2.342537e+02    -5.022457e-03  
  1   2   8   1.031663e+02    1.031663e+02    4.168249e+01    4.168249e+01    2.795796e-04  
  1   2   9   1.291111e+02    1.291111e+02    5.403697e+01    5.403697e+01    2.691062e-02  
  1   2  10   1.992824e+02    1.992824e+02    1.048160e+02    1.048160e+02    -1.883202e-01  
  1   2  11   2.695483e+02    2.695483e+02    1.318019e+02    1.318019e+02    -6.795821e-02  
  1   2  12   1.751010e+02    1.751010e+02    6.749535e+01    6.749535e+01    -3.872421e-02  
  1   2  13   1.797531e+02    1.797531e+02    5.366420e+01    5.366420e+01    -4.210849e-01  
  1   2  14   1.907541e+02    1.907541e+02    6.560309e+01    6.560309e+01    -9.184934e-04  
  1   2  15   2.179340e+02    2.179340e+02    7.634084e+01    7.634084e+01    2.527759e-02  
  1   2  16   2.479887e+02    2.479887e+02    8.571243e+01    8.571243e+01    -4.441253e-02  
  1   2  17   2.542593e+02    2.542593e+02    8.559317e+01    8.559317e+01    4.040182e-02  
  1   2  18   1.359108e+02    1.359108e+02    3.084096e+01    3.084096e+01    -7.298844e-02  
  1   2  19   1.778398e+02    1.778398e+02    4.459631e+01    4.459631e+01    -1.945595e-02  
  1   2  20   1.248885e+02    1.248885e+02    2.529510e+01    2.529510e+01    -3.326187e-02  
  1   2  21   1.284113e+02    1.284113e+02    2.463064e+01    2.463064e+01    -3.127575e-02  
  1   2  22   1.996849e+02    1.996849e+02    4.673841e+01    4.673841e+01    -2.607514e-02  
  1   2  23   1.452985e+02    1.452985e+02    2.808867e+01    2.808867e+01    3.707771e-02  
  1   2  24   1.844693e+02    1.844693e+02    3.769815e+01    3.769815e+01    -6.806247e-02  
  1   2  25   1.830599e+02    1.830599e+02    3.634336e+01    3.634336e+01    -4.814315e-03  
  1   2  26   1.979170e+02    1.979170e+02    3.963422e+01    3.963422e+01    -5.272857e-02  
  1   2  27   1.882603e+02    1.882603e+02    3.483745e+01    3.483745e+01    -3.389202e-02  
  1   2  28   1.271181e+02    1.271181e+02    1.877165e+01    1.877165e+01    -1.290381e-01  
  1   2  29   1.762925e+02    1.762925e+02    2.767911e+01    2.767911e+01    -4.227967e-01  
  1   2  30   2.720616e+02    2.720616e+02    6.055388e+01    6.055388e+01    -6.739385e-01  
  1   2  31   1.359987e+02    1.359987e+02    1.904641e+01    1.904641e+01    -5.126465e-02  
  1   2  32   3.684480e+02    3.684480e+02    8.047884e+01    8.047884e+01    -8.048100e-02  
  1   2  33   2.605188e+02    2.605188e+02    4.697308e+01    4.697308e+01    -8.723713e-02  
  1   2  34   3.688369e+02    3.688369e+02    7.746451e+01    7.746451e+01    -5.563948e-02  
  1   2  35   2.927887e+02    2.927887e+02    5.309998e+01    5.309998e+01    2.232090e-03  
  1   2  36   3.753781e+02    3.753781e+02    7.532574e+01    7.532574e+01    -6.223071e-02  
  1   2  37   3.028272e+02    3.028272e+02    5.155706e+01    5.155706e+01    -5.268057e-01  
  1   2  38   4.018833e+02    4.018833e+02    7.279681e+01    7.279681e+01    -3.442062e-01  
  1   2  39   2.556987e+02    2.556987e+02    3.924095e+01    3.924095e+01    -3.627479e-02  
  1   2  40   2.282670e+02    2.282670e+02    3.247460e+01    3.247460e+01    -5.522879e-02  
  1   2  41   2.575601e+02    2.575601e+02    3.780234e+01    3.780234e+01    -3.748765e-02  
  1   2  42   2.340652e+02    2.340652e+02    3.218647e+01    3.218647e+01    -1.053080e-02  
  1   2  43   2.717339e+02    2.717339e+02    3.885316e+01    3.885316e+01    -4.090694e-02  
  1   2  44   2.670862e+02    2.670862e+02    3.723976e+01    3.723976e+01    -3.536521e-02  
  1   2  45   3.040258e+02    3.040258e+02    3.914740e+01    3.914740e+01    -5.645108e-01  
  1   2  46   2.545553e+02    2.545553e+02    3.299408e+01    3.299408e+01    -2.316026e-02  
  1   2  47   3.411658e+02    3.411658e+02    5.037938e+01    5.037938e+01    -9.241900e-02  
  1   2  48   2.853544e+02    2.853544e+02    3.818098e+01    3.818098e+01    -2.375385e-02  
  1   2  49   1.713942e+02    1.713942e+02    1.906767e+01    1.906767e+01    -2.756070e-01  
  1   2  50   3.844285e+02    3.844285e+02    5.696373e+01    5.696373e+01    -4.735759e-02  
  1   2  51   3.929442e+02    3.929442e+02    5.805574e+01    5.805574e+01    -1.527516e-02  
  1   2  52   3.389853e+02    3.389853e+02    4.072015e+01    4.072015e+01    5.907943e-01  
  1   2  53   2.887160e+02    2.887160e+02    3.745318e+01    3.745318e+01    -3.466933e-01  
  1   2  54   2.330259e+02    2.330259e+02    2.499895e+01    2.499895e+01    -4.420778e-02  
  1   2  55   3.306973e+02    3.306973e+02    4.138599e+01    4.138599e+01    -2.714361e-02  
  1   2  56   3.261174e+02    3.261174e+02    3.995361e+01    3.995361e+01    -6.127562e-02  
  1   2  57   2.799054e+02    2.799054e+02    3.069079e+01    3.069079e+01    -1.918991e-01  
  1   2  58   3.516759e+02    3.516759e+02    4.306545e+01    4.306545e+01    -5.372376e-02  
  1   2  59   5.000000e+02    5.000000e+02    1.155730e+02    1.155730e+02    -2.084377e-01  
  1   2  60   2.792997e+02    2.792997e+02    2.949180e+01    2.949180e+01    -4.182664e-02  
  1   2  61   1.961817e+02    1.961817e+02    1.864109e+01    1.864109e+01    -9.681081e-02  
  1   2  62   2.850214e+02    2.850214e+02    2.963572e+01    2.963572e+01    -6.837528e-02  
  1   3   1   2.000581e+02    2.000581e+02    1.908233e+01    1.908233e+01    -2.753282e-02  
  1   3   2   1.884193e+02    1.884193e+02    1.710746e+01    1.710746e+01    7.073039e-01  
  1   3   3   2.366285e+02    2.366285e+02    2.216133e+01    2.216133e+01    4.336684e-01  
  1   3   4   2.286947e+02    2.286947e+02    2.094008e+01    2.094008e+01    5.151747e-02  
  1   3   5   2.562176e+02    2.562176e+02    2.398140e+01    2.398140e+01    1.545235e-01  
  2   1   1   8.346477e+01    8.346477e+01    5.708142e+01    5.708142e+01    -5.740830e-02  
  2   1   2   8.370414e+01    8.370414e+01    4.162568e+01    4.162568e+01    2.704179e-02  
  2   1   3   8.397627e+01    8.397627e+01    2.935611e+01    2.935611e+01    -1.037493e-02  
  2   1   4   7.243491e+01    7.243491e+01    1.965254e+01    1.965254e+01    -2.240259e-02  
  2   1   5   1.489757e+02    1.489757e+02    1.272485e+03    1.272485e+03    0.000000e+00  
  2   1   6   4.999980e+02    4.999980e+02    1.226311e+03    1.226311e+03    2.452216e+00  
  2   1   7   2.311136e+02    2.311136e+02    1.435718e+02    1.435718e+02    -9.158555e-01  
  2   1   8   1.447685e+02    1.447685e+02    2.918451e+01    2.918451e+01    -4.507652e-01  
  2   1   9   1.645013e+02    1.645013e+02    3.377789e+01    3.377789e+01    -9.350287e-02  
  2   1  10   1.676174e+02    1.676174e+02    1.642694e+03    1.642694e+03    0.000000e+00  
  2   1  11   1.478416e+02    1.478416e+02    2.407302e+01    2.407302e+01    -1.271037e-01  
  2   1  12   6.866184e+01    6.866184e+01    7.076731e+00    7.076731e+00    8.692842e-02  
  2   1  13   1.342470e+02    1.342470e+02    1.643171e+01    1.643171e+01    -6.402639e-01  
  2   1  14   1.289995e+02    1.289995e+02    1.554390e+01    1.554390e+01    -1.417781e-01  
  2   1  15   1.783221e+02    1.783221e+02    2.396265e+01    2.396265e+01    -9.182164e-02  
  2   1  16   1.460974e+02    1.460974e+02    1.465005e+01    1.465005e+01    -1.117174e+00  
  2   1  17   1.590436e+02    1.590436e+02    1.787920e+01    1.787920e+01    -4.302027e-02  
  2   1  18   1.933265e+02    1.933265e+02    2.252381e+01    2.252381e+01    -2.183265e-01  
  2   1  19   4.133917e+02    4.133917e+02    1.349479e+02    1.349479e+02    1.852259e+00  
  2   1  20   2.735229e+02    2.735229e+02    3.447885e+01    3.447885e+01    -5.500133e-02  
  2   1  21   2.113793e+02    2.113793e+02    2.705928e+03    2.705928e+03    0.000000e+00  
  2   1  22   1.692169e+02    1.692169e+02    1.526740e+01    1.526740e+01    -1.032714e-01  
  2   1  23   1.453646e+02    1.453646e+02    1.158794e+01    1.158794e+01    4.730069e-02  
  2   2   1   4.999998e+02    4.999998e+02    1.644104e+04    1.644104e+04    2.737636e-02  
  2   2   2   1.431387e+02    1.431387e+02    1.166603e+03    1.166603e+03    0.000000e+00  
  2   2   3   1.403532e+02    1.403532e+02    1.333915e+02    1.333915e+02    3.962312e-02  
  2   2   4   1.549921e+02    1.549921e+02    1.239415e+02    1.239415e+02    -3.057192e-02  
  2   2   5   5.000000e+02    5.000000e+02    9.156741e+02    9.156741e+02    9.662370e-02  
  2   2   6   2.205111e+02    2.205111e+02    1.657154e+02    1.657154e+02    -4.922891e-02  
  2   2   7   8.725006e+01    8.725006e+01    3.492238e+01    3.492238e+01    -6.586248e-02  
  2   2   8   1.299996e+02    1.299996e+02    5.719664e+01    5.719664e+01    -1.162993e-01  
  2   2   9   1.468656e+02    1.468656e+02    6.279747e+01    6.279747e+01    -1.449553e-01  
  2   2  10   3.043064e+02    3.043064e+02    1.739659e+02    1.739659e+02    -2.854552e-02  
  2   2  11   2.635795e+02    2.635795e+02    1.262793e+02    1.262793e+02    -1.020568e-01  
  2   2  12   2.841302e+02    2.841302e+02    1.399173e+02    1.399173e+02    1.013735e-03  
  2   2  13   1.724905e+02    1.724905e+02    5.920421e+01    5.920421e+01    2.572978e-02  
  2   2  14   1.338269e+02    1.338269e+02    3.809812e+01    3.809812e+01    1.185554e-01  
  2   2  15   1.406012e+02    1.406012e+02    3.955077e+01    3.955077e+01    -4.723351e-02  
  2   2  16   2.203324e+02    2.203324e+02    7.196633e+01    7.196633e+01    -2.747045e-02  
  2   2  17   2.037046e+02    2.037046e+02    6.147429e+01    6.147429e+01    -5.880080e-03  
  2   2  18   1.543174e+02    1.543174e+02    3.724498e+01    3.724498e+01    7.337958e-02  
  2   2  19   1.892396e+02    1.892396e+02    4.156268e+01    4.156268e+01    -5.429242e-01  
  2   2  20   2.147229e+02    2.147229e+02    5.685618e+01    5.685618e+01    -6.324241e-02  
  2   2  21   1.065896e+02    1.065896e+02    1.862776e+01    1.862776e+01    -3.191959e-02  
  2   2  22   1.964171e+02    1.964171e+02    4.460559e+01    4.460559e+01    -1.542431e-01  
  2   2  23   1.923675e+02    1.923675e+02    4.265723e+01    4.265723e+01    -7.122317e-02  
  2   2  24   1.530650e+02    1.530650e+02    2.856779e+01    2.856779e+01    -4.287546e-02  
  2   2  25   5.000000e+02    5.000000e+02    2.192621e+02    2.192621e+02    -4.133469e-01  
  2   2  26   1.723503e+02    1.723503e+02    3.225668e+01    3.225668e+01    -1.332381e-02  
  2   2  27   2.511431e+02    2.511431e+02    5.367255e+01    5.367255e+01    -3.501427e-02  
  2   2  28   2.413359e+02    2.413359e+02    4.889438e+01    4.889438e+01    -1.084430e-01  
  2   2  29   1.927388e+02    1.927388e+02    3.373791e+01    3.373791e+01    6.829657e-03  
  2   2  30   2.586397e+02    2.586397e+02    5.117548e+01    5.117548e+01    6.361211e-03  
  2   2  31   1.385251e+02    1.385251e+02    1.959307e+01    1.959307e+01    1.245710e-02  
  2   2  32   3.391995e+02    3.391995e+02    7.164203e+01    7.164203e+01    2.102971e-02  
  2   2  33   2.442971e+02    2.442971e+02    4.285884e+01    4.285884e+01    -2.606491e-03  
  2   2  34   3.157407e+02    3.157407e+02    6.162685e+01    6.162685e+01    5.160212e-03  
  2   2  35   2.643285e+02    2.643285e+02    4.553226e+01    4.553226e+01    -2.553517e-02  
  2   2  36   2.930339e+02    2.930339e+02    5.143267e+01    5.143267e+01    -1.324863e-01  
  2   2  37   2.610318e+02    2.610318e+02    4.280551e+01    4.280551e+01    -7.090125e-02  
  2   2  38   3.807612e+02    3.807612e+02    7.249103e+01    7.249103e+01    -4.677895e-02  
  2   2  39   1.982706e+02    1.982706e+02    2.247819e+01    2.247819e+01    -7.444460e-01  
  2   2  40   2.556589e+02    2.556589e+02    3.822748e+01    3.822748e+01    -1.345210e-01  
  2   2  41   3.299974e+02    3.299974e+02    5.481222e+01    5.481222e+01    -8.307896e-03  
  2   2  42   1.668789e+02    1.668789e+02    1.937095e+01    1.937095e+01    2.135954e-03  
  2   2  43   2.324689e+02    2.324689e+02    2.989831e+01    2.989831e+01    -2.941144e-01  
  2   2  44   3.862361e+02    3.862361e+02    6.475279e+01    6.475279e+01    -7.414210e-03  
  2   2  45   2.398172e+02    2.398172e+02    3.116892e+01    3.116892e+01    -2.387612e-02  
  2   2  46   3.487443e+02    3.487443e+02    5.160807e+01    5.160807e+01    -2.111306e-01  
  2   2  47   2.050973e+02    2.050973e+02    2.358543e+01    2.358543e+01    -8.222381e-02  
  2   2  48   3.654678e+02    3.654678e+02    5.461362e+01    5.461362e+01    -1.232195e-01  
  2   2  49   4.164438e+02    4.164438e+02    6.523642e+01    6.523642e+01    -1.716032e-02  
  2   2  50   4.752222e+02    4.752222e+02    7.818735e+01    7.818735e+01    -1.767020e-02  
  2   2  51   4.265904e+02    4.265904e+02    6.545681e+01    6.545681e+01    -6.213202e-02  
  2   2  52   3.951084e+02    3.951084e+02    5.645953e+01    5.645953e+01    -1.128694e-01  
  2   2  53   4.213721e+02    4.213721e+02    6.174862e+01    6.174862e+01    -1.077980e-02  
  2   2  54   2.905612e+02    2.905612e+02    3.460118e+01    3.460118e+01    -1.181348e-01  
  2   2  55   3.383866e+02    3.383866e+02    4.284731e+01    4.284731e+01    -8.354479e-03  
  2   2  56   4.760729e+02    4.760729e+02    7.051470e+01    7.051470e+01    -1.437517e-02  
  2   2  57   3.257096e+02    3.257096e+02    3.887109e+01    3.887109e+01    -4.719752e-02  
  2   2  58   2.363861e+02    2.363861e+02    2.369224e+01    2.369224e+01    -8.561812e-02  
  2   2  59   2.731479e+02    2.731479e+02    2.911561e+01    2.911561e+01    -2.958350e-02  
  2   2  60   2.316131e+02    2.316131e+02    2.212259e+01    2.212259e+01    -2.091504e-01  
  2   2  61   3.500211e+02    3.500211e+02    3.991018e+01    3.991018e+01    -2.395189e-01  
  2   2  62   3.482395e+02    3.482395e+02    4.002914e+01    4.002914e+01    4.587982e-02  
  2   3   1   1.793811e+02    1.793811e+02    1.620693e+01    1.620693e+01    2.314371e-02  
  2   3   2   4.016932e+02    4.016932e+02    5.196296e+01    5.196296e+01    4.475830e-03  
  2   3   3   2.877501e+02    2.877501e+02    3.047180e+01    3.047180e+01    -1.513856e-01  
  2   3   4   2.284900e+02    2.284900e+02    3.196735e+03    3.196735e+03    0.000000e+00  
  2   3   5   2.781120e+02    2.781120e+02    2.714016e+01    2.714016e+01    -1.208638e-01  
  3   1   1   1.330623e+02    1.330623e+02    9.950082e+02    9.950082e+02    0.000000e+00  
  3   1   2   1.370406e+02    1.370406e+02    1.061068e+03    1.061068e+03    0.000000e+00  
  3   1   3   1.410190e+02    1.410190e+02    1.129331e+03    1.129331e+03    0.000000e+00  
  3   1   4   1.449973e+02    1.449973e+02    1.199802e+03    1.199802e+03    0.000000e+00  
  3   1   5   1.489757e+02    1.489757e+02    1.272485e+03    1.272485e+03    0.000000e+00  
  3   1   6   1.517041e+02    1.517041e+02    1.323614e+03    1.323614e+03    0.000000e+00  
  3   1   7   1.556824e+02    1.556824e+02    1.400040e+03    1.400040e+03    0.000000e+00  
  3   1   8   1.596607e+02    1.596607e+02    1.478692e+03    1.478692e+03    0.000000e+00  
  3   1   9   1.636391e+02    1.636391e+02    1.559575e+03    1.559575e+03    0.000000e+00  
  3   1  10   1.676174e+02    1.676174e+02    1.642694e+03    1.642694e+03    0.000000e+00  
  3   1  11   1.715958e+02    1.715958e+02    1.728054e+03    1.728054e+03    0.000000e+00  
  3   1  12   1.755742e+02    1.755742e+02    1.815659e+03    1.815659e+03    0.000000e+00  
  3   1  13   1.795525e+02    1.795525e+02    1.905514e+03    1.905514e+03    0.000000e+00  
  3   1  14   1.835309e+02    1.835309e+02    1.997625e+03    1.997625e+03    0.000000e+00  
  3   1  15   1.875092e+02    1.875092e+02    2.091994e+03    2.091994e+03    0.000000e+00  
  3   1  16   1.914876e+02    1.914876e+02    2.188629e+03    2.188629e+03    0.000000e+00  
  3   1  17   2.089787e+02    2.089787e+02    2.679421e+01    2.679421e+01    -1.257267e-01  
  3   1  18   1.368871e+02    1.368871e+02    1.453832e+01    1.453832e+01    -2.324182e-02  
  3   1  19   1.157153e+02    1.157153e+02    1.167633e+01    1.167633e+01    -5.336389e-01  
  3   1  20   1.837457e+02    1.837457e+02    1.899263e+01    1.899263e+01    -6.995023e-02  
  3   1  21   2.007144e+02    2.007144e+02    2.050069e+01    2.050069e+01    1.438557e-01  
  3   1  22   3.121127e+02    3.121127e+02    3.728087e+01    3.728087e+01    2.483010e-01  
  3   1  23   1.926132e+02    1.926132e+02    1.779961e+01    1.779961e+01    1.264617e-02  
  3   2   1   1.390619e+02    1.390619e+02    1.095474e+03    1.095474e+03    0.000000e+00  
  3   2   2   1.431387e+02    1.431387e+02    1.166603e+03    1.166603e+03    0.000000e+00  
  3   2   3   1.472155e+02    1.472155e+02    1.240054e+03    1.240054e+03    0.000000e+00  
  3   2   4   1.512923e+02    1.512923e+02    1.315831e+03    1.315831e+03    0.000000e+00  
  3   2   5   1.553691e+02    1.553691e+02    1.393940e+03    1.393940e+03    0.000000e+00  
  3   2   6   1.594459e+02    1.594459e+02    1.474387e+03    1.474387e+03    0.000000e+00  
  3   2   7   1.635227e+02    1.635227e+02    1.557176e+03    1.557176e+03    0.000000e+00  
  3   2   8   1.675995e+02    1.675995e+02    1.642313e+03    1.642313e+03    0.000000e+00  
  3   2   9   1.716763e+02    1.716763e+02    1.729803e+03    1.729803e+03    0.000000e+00  
  3   2  10   1.757531e+02    1.757531e+02    1.819652e+03    1.819652e+03    0.000000e+00  
  3   2  11   1.798299e+02    1.798299e+02    1.911863e+03    1.911863e+03    0.000000e+00  
  3   2  12   1.839067e+02    1.839067e+02    2.006443e+03    2.006443e+03    0.000000e+00  
  3   2  13   1.879835e+02    1.879835e+02    2.103396e+03    2.103396e+03    0.000000e+00  
  3   2  14   1.920603e+02    1.920603e+02    2.202727e+03    2.202727e+03    0.000000e+00  
  3   2  15   1.961371e+02    1.961371e+02    2.304442e+03    2.304442e+03    0.000000e+00  
  3   2  16   2.002139e+02    2.002139e+02    2.408545e+03    2.408545e+03    0.000000e+00  
  3   2  17   1.713032e+02    1.713032e+02    4.727826e+01    4.727826e+01    -4.241501e-02  
  3   2  18   1.689955e+02    1.689955e+02    4.285555e+01    4.285555e+01    -2.351043e-02  
  3   2  19   2.207668e+02    2.207668e+02    5.485749e+01    5.485749e+01    -2.733298e-01  
  3   2  20   2.588495e+02    2.588495e+02    7.428885e+01    7.428885e+01    -7.946585e-02  
  3   2  21   1.171167e+02    1.171167e+02    2.137599e+01    2.137599e+01    -9.829461e-02  
  3   2  22   2.455981e+02    2.455981e+02    6.344820e+01    6.344820e+01    -5.534460e-02  
  3   2  23   4.500084e+02    4.500084e+02    1.762428e+02    1.762428e+02    -3.937214e-01  
  3   2  24   2.128195e+02    2.128195e+02    4.615172e+01    4.615172e+01    -1.423268e-01  
  3   2  25   1.823945e+02    1.823945e+02    3.589352e+01    3.589352e+01    -9.117852e-02  
  3   2  26   1.271503e+02    1.271503e+02    2.307680e+01    2.307680e+01    -1.740289e-02  
  3   2  27   2.764804e+02    2.764804e+02    6.327772e+01    6.327772e+01    -5.815721e-01  
  3   2  28   1.974982e+02    1.974982e+02    3.632341e+01    3.632341e+01    -1.091521e-01  
  3   2  29   1.064861e+02    1.064861e+02    1.385397e+01    1.385397e+01    -5.460365e-03  
  3   2  30   2.572891e+02    2.572891e+02    4.119646e+03    4.119646e+03    0.000000e+00  
  3   2  31   1.720689e+02    1.720689e+02    2.708015e+01    2.708015e+01    -7.768951e-02  
  3   2  32   2.654427e+02    2.654427e+02    4.403227e+03    4.403227e+03    0.000000e+00  
  3   2  33   2.695195e+02    2.695195e+02    4.548735e+03    4.548735e+03    0.000000e+00  
  3   2  34   2.735963e+02    2.735963e+02    4.696729e+03    4.696729e+03    0.000000e+00  
  3   2  35   2.776731e+02    2.776731e+02    4.847216e+03    4.847216e+03    0.000000e+00  
  3   2  36   2.817499e+02    2.817499e+02    5.000202e+03    5.000202e+03    0.000000e+00  
  3   2  37   2.858267e+02    2.858267e+02    5.155694e+03    5.155694e+03    0.000000e+00  
  3   2  38   2.899035e+02    2.899035e+02    5.313698e+03    5.313698e+03    0.000000e+00  
  3   2  39   2.939803e+02    2.939803e+02    5.474222e+03    5.474222e+03    0.000000e+00  
  3   2  40   2.980571e+02    2.980571e+02    5.637272e+03    5.637272e+03    0.000000e+00  
  3   2  41   3.021339e+02    3.021339e+02    5.802856e+03    5.802856e+03    0.000000e+00  
  3   2  42   3.062107e+02    3.062107e+02    5.970981e+03    5.970981e+03    0.000000e+00  
  3   2  43   3.102875e+02    3.102875e+02    6.141655e+03    6.141655e+03    0.000000e+00  
  3   2  44   3.143643e+02    3.143643e+02    6.314886e+03    6.314886e+03    0.000000e+00  
  3   2  45   3.184411e+02    3.184411e+02    6.490682e+03    6.490682e+03    0.000000e+00  
  3   2  46   3.225179e+02    3.225179e+02    6.669053e+03    6.669053e+03    0.000000e+00  
  3   2  47   3.265947e+02    3.265947e+02    6.850006e+03    6.850006e+03    0.000000e+00  
  3   2  48   3.306715e+02    3.306715e+02    7.033551e+03    7.033551e+03    0.000000e+00  
  3   2  49   2.076650e+02    2.076650e+02    2.293695e+01    2.293695e+01    -8.978981e-02  
  3   2  50   1.981404e+02    1.981404e+02    2.109108e+01    2.109108e+01    -5.140869e-02  
  3   2  51   2.000617e+02    2.000617e+02    2.106121e+01    2.106121e+01    -1.080855e-01  
  3   2  52   3.680096e+02    3.680096e+02    5.094906e+01    5.094906e+01    -7.808532e-02  
  3   2  53   2.622462e+02    2.622462e+02    3.032351e+01    3.032351e+01    -3.263354e-02  
  3   2  54   2.918730e+02    2.918730e+02    3.503869e+01    3.503869e+01    8.009693e-04  
  3   2  55   3.660582e+02    3.660582e+02    4.819908e+01    4.819908e+01    5.584064e-02  
  3   2  56   3.438866e+02    3.438866e+02    4.357842e+01    4.357842e+01    -1.461574e-01  
  3   2  57   2.854769e+02    2.854769e+02    3.009075e+01    3.009075e+01    -4.239103e-01  
  3   2  58   2.304184e+02    2.304184e+02    2.269447e+01    2.269447e+01    1.920358e-01  
  3   2  59   2.886436e+02    2.886436e+02    3.147957e+01    3.147957e+01    -1.305413e-01  
  3   2  60   3.130480e+02    3.130480e+02    3.496300e+01    3.496300e+01    5.070409e-02  
  3   2  61   2.215544e+02    2.215544e+02    1.954846e+01    1.954846e+01    5.558895e-01  
  3   2  62   3.622807e+02    3.622807e+02    3.851988e+01    3.851988e+01    4.659338e-01  
  3   3   1   1.717796e+02    1.717796e+02    1.450449e+01    1.450449e+01    -5.600658e-01  
  3   3   2   1.841302e+02    1.841302e+02    1.987177e+01    1.987177e+01    5.917156e-01  
  3   3   3   2.281401e+02    2.281401e+02    2.165847e+01    2.165847e+01    -1.378573e-02  
  3   3   4   1.830513e+02    1.830513e+02    1.499493e+01    1.499493e+01    -4.556389e-02  
  3   3   5   1.528678e+02    1.528678e+02    1.216142e+01    1.216142e+01    1.232385e+00  
  4   1   1   1.024388e+02    1.024388e+02    6.111365e+01    6.111365e+01    2.410842e-01  
  4   1   2   1.448455e+02    1.448455e+02    8.804078e+01    8.804078e+01    -1.995568e-01  
  4   1   3   1.011539e+02    1.011539e+02    3.569982e+01    3.569982e+01    2.845335e-01  
  4   1   4   7.535519e+01    7.535519e+01    2.080431e+01    2.080431e+01    -7.860396e-02  
  4   1   5   1.016586e+02    1.016586e+02    2.596051e+01    2.596051e+01    1.236145e-01  
  4   1   6   8.903193e+01    8.903193e+01    1.978771e+01    1.978771e+01    1.080701e-01  
  4   1   7   8.976152e+01    8.976152e+01    1.729075e+01    1.729075e+01    3.822654e-03  
  4   1   8   2.307607e+02    2.307607e+02    1.534184e+02    1.534184e+02    -1.093991e+00  
  4   1   9   1.180670e+02    1.180670e+02    2.062549e+01    2.062549e+01    2.263278e-02  
  4   1  10   1.466647e+02    1.466647e+02    2.623617e+01    2.623617e+01    -1.176075e-01  
  4   1  11   9.162446e+01    9.162446e+01    1.181861e+01    1.181861e+01    -4.501367e-02  
  4   1  12   2.196555e+02    2.196555e+02    3.616373e+01    3.616373e+01    -5.058743e-01  
  4   1  13   1.446845e+02    1.446845e+02    2.018845e+01    2.018845e+01    -1.683807e-02  
  4   1  14   1.755261e+02    1.755261e+02    2.474290e+01    2.474290e+01    -4.859805e-03  
  4   1  15   1.145811e+02    1.145811e+02    1.236193e+01    1.236193e+01    -3.818816e-02  
  4   1  16   2.038833e+02    2.038833e+02    2.653200e+01    2.653200e+01    -2.796720e-01  
  4   1  17   1.369161e+02    1.369161e+02    1.427375e+01    1.427375e+01    -5.380414e-02  
  4   1  18   1.994443e+02    1.994443e+02    2.388709e+03    2.388709e+03    0.000000e+00  
  4   1  19   1.355711e+02    1.355711e+02    1.260079e+01    1.260079e+01    -8.375329e-02  
  4   1  20   1.689379e+02    1.689379e+02    1.674696e+01    1.674696e+01    -6.067126e-02  
  4   1  21   1.708453e+02    1.708453e+02    1.550601e+01    1.550601e+01    -5.615433e-01  
  4   1  22   2.485881e+02    2.485881e+02    2.721523e+01    2.721523e+01    -4.518174e-03  
  4   1  23   2.457343e+02    2.457343e+02    2.547122e+01    2.547122e+01    -4.866377e-02  
  4   2   1   5.000000e+02    5.000000e+02    1.624846e+04    1.624846e+04    8.841541e-03  
  4   2   2   3.561274e+02    3.561274e+02    1.159407e+03    1.159407e+03    6.525738e-03  
  4   2   3   2.512471e+02    2.512471e+02    3.173359e+02    3.173359e+02    2.244628e-02  
  4   2   4   1.812071e+02    1.812071e+02    1.573291e+02    1.573291e+02    9.996990e-03  
  4   2   5   1.980593e+02    1.980593e+02    1.576072e+02    1.576072e+02    3.799739e-02  
  4   2   6   1.193946e+02    1.193946e+02    6.741303e+01    6.741303e+01    2.943651e-02  
  4   2   7   1.928844e+02    1.928844e+02    1.148537e+02    1.148537e+02    2.309819e-02  
  4   2   8   4.999982e+02    4.999982e+02    2.019993e+04    2.019993e+04    -6.103190e-01  
  4   2   9   1.434294e+02    1.434294e+02    6.282590e+01    6.282590e+01    7.014243e-02  
  4   2  10   1.558131e+02    1.558131e+02    6.374519e+01    6.374519e+01    -4.039052e-02  
  4   2  11   1.830602e+02    1.830602e+02    7.635712e+01    7.635712e+01    3.500368e-02  
  4   2  12   5.000000e+02    5.000000e+02    3.751170e+02    3.751170e+02    -2.781615e-01  
  4   2  13   2.798946e+02    2.798946e+02    1.228391e+02    1.228391e+02    2.144675e-02  
  4   2  14   2.702986e+02    2.702986e+02    1.105923e+02    1.105923e+02    -2.536714e-02  
  4   2  15   3.377089e+02    3.377089e+02    4.388066e+02    4.388066e+02    -5.782846e-01  
  4   2  16   1.160646e+02    1.160646e+02    2.754656e+01    2.754656e+01    3.075831e-02  
  4   2  17   1.858180e+02    1.858180e+02    5.354418e+01    5.354418e+01    1.488662e-03  
  4   2  18   1.445817e+02    1.445817e+02    3.371224e+01    3.371224e+01    9.644445e-02  
  4   2  19   1.930382e+02    1.930382e+02    5.026650e+01    5.026650e+01    4.900279e-02  
  4   2  20   2.586327e+02    2.586327e+02    7.399434e+01    7.399434e+01    1.017490e-01  
  4   2  21   1.726503e+02    1.726503e+02    3.808647e+01    3.808647e+01    1.348480e-01  
  4   2  22   1.974713e+02    1.974713e+02    4.597187e+01    4.597187e+01    1.102539e-02  
  4   2  23   2.529002e+02    2.529002e+02    6.450236e+01    6.450236e+01    -1.586754e-02  
  4   2  24   2.338089e+02    2.338089e+02    5.391341e+01    5.391341e+01    2.238533e-02  
  4   2  25   1.662264e+02    1.662264e+02    3.410727e+01    3.410727e+01    -3.091808e-01  
  4   2  26   2.145591e+02    2.145591e+02    4.474739e+01    4.474739e+01    3.903782e-02  
  4   2  27   2.534520e+02    2.534520e+02    5.444867e+01    5.444867e+01    -1.422783e-02  
  4   2  28   1.764394e+02    1.764394e+02    3.080206e+01    3.080206e+01    3.478556e-02  
  4   2  29   1.806939e+02    1.806939e+02    3.061583e+01    3.061583e+01    -4.014020e-02  
  4   2  30   1.889177e+02    1.889177e+02    3.189225e+01    3.189225e+01    8.025123e-02  
  4   2  31   2.613659e+02    2.613659e+02    4.260199e+03    4.260199e+03    0.000000e+00  
  4   2  32   3.558496e+02    3.558496e+02    7.235935e+01    7.235935e+01    2.394350e-01  
  4   2  33   2.774936e+02    2.774936e+02    5.186345e+01    5.186345e+01    1.550460e-02  
  4   2  34   3.524565e+02    3.524565e+02    7.262645e+01    7.262645e+01    1.300127e-02  
  4   2  35   3.234587e+02    3.234587e+02    5.815454e+01    5.815454e+01    -2.487872e-01  
  4   2  36   2.873808e+02    2.873808e+02    5.050862e+01    5.050862e+01    4.612122e-02  
  4   2  37   3.659703e+02    3.659703e+02    6.849406e+01    6.849406e+01    -1.738215e-01  
  4   2  38   3.162910e+02    3.162910e+02    5.495240e+01    5.495240e+01    4.146674e-02  
  4   2  39   2.583958e+02    2.583958e+02    4.051302e+01    4.051302e+01    -2.287372e-01  
  4   2  40   4.032138e+02    4.032138e+02    7.607462e+01    7.607462e+01    5.322384e-02  
  4   2  41   3.439692e+02    3.439692e+02    5.584567e+01    5.584567e+01    -2.419265e-01  
  4   2  42   3.177143e+02    3.177143e+02    5.087605e+01    5.087605e+01    7.597103e-03  
  4   2  43   2.163249e+02    2.163249e+02    2.760034e+01    2.760034e+01    2.735543e-02  
  4   2  44   4.993403e+02    4.993403e+02    3.098287e+03    3.098287e+03    -4.351502e-03  
  4   2  45   3.724271e+02    3.724271e+02    6.023729e+01    6.023729e+01    -4.365898e-02  
  4   2  46   1.818664e+02    1.818664e+02    2.377734e+01    2.377734e+01    2.459005e-02  
  4   2  47   2.667631e+02    2.667631e+02    3.449411e+01    3.449411e+01    -1.901029e-01  
  4   2  48   3.722476e+02    3.722476e+02    5.685250e+01    5.685250e+01    -7.733313e-03  
  4   2  49   2.288455e+02    2.288455e+02    2.585727e+01    2.585727e+01    3.209505e-01  
  4   2  50   3.957087e+02    3.957087e+02    5.545690e+01    5.545690e+01    -3.066238e-01  
  4   2  51   4.999999e+02    4.999999e+02    5.008991e+01    5.008991e+01    -5.633350e-02  
  4   2  52   2.461594e+02    2.461594e+02    2.797324e+01    2.797324e+01    1.289200e-02  
  4   2  53   4.289603e+02    4.289603e+02    6.340988e+01    6.340988e+01    4.015133e-02  
  4   2  54   2.634541e+02    2.634541e+02    2.978624e+01    2.978624e+01    -1.708787e-01  
  4   2  55   2.710880e+02    2.710880e+02    3.073112e+01    3.073112e+01    1.292973e-02  
  4   2  56   2.140687e+02    2.140687e+02    2.743160e+01    2.743160e+01    1.333258e-02  
  4   2  57   2.055061e+02    2.055061e+02    1.948414e+01    1.948414e+01    -4.339028e-02  
  4   2  58   2.468661e+02    2.468661e+02    2.527357e+01    2.527357e+01    -1.106208e-01  
  4   2  59   2.339410e+02    2.339410e+02    2.305613e+01    2.305613e+01    6.896712e-02  
  4   2  60   2.182671e+02    2.182671e+02    2.037098e+01    2.037098e+01    9.888134e-03  
  4   2  61   1.529083e+02    1.529083e+02    1.557694e+01    1.557694e+01    3.946047e-02  
  4   2  62   2.742993e+02    2.742993e+02    2.798452e+01    2.798452e+01    5.844532e-02  
  4   3   1   2.181513e+02    2.181513e+02    2.895085e+03    2.895085e+03    0.000000e+00  
  4   3   2   3.042705e+02    3.042705e+02    3.414739e+01    3.414739e+01    9.239635e-02  
  4   3   3   2.235678e+02    2.235678e+02    2.059563e+01    2.059563e+01    -3.553650e-01  
  4   3   4   2.570605e+02    2.570605e+02    2.491602e+01    2.491602e+01    -8.890813e-02  
  4   3   5   2.319362e+02    2.319362e+02    3.300752e+03    3.300752e+03    0.000000e+00  
  5   1   1   1.232210e+02    1.232210e+02    1.009687e+02    1.009687e+02    5.454033e-02  
  5   1   2   1.353967e+02    1.353967e+02    8.554705e+01    8.554705e+01    -3.203657e-03  
  5   1   3   4.999927e+02    4.999927e+02    5.229484e+03    5.229484e+03    -3.277165e-01  
  5   1   4   1.449973e+02    1.449973e+02    1.199802e+03    1.199802e+03    0.000000e+00  
  5   1   5   1.327662e+02    1.327662e+02    3.629054e+01    3.629054e+01    -2.789231e-01  
  5   1   6   7.799295e+01    7.799295e+01    1.625397e+01    1.625397e+01    -1.817816e-02  
  5   1   7   1.020462e+02    1.020462e+02    2.096165e+01    2.096165e+01    -2.119827e-03  
  5   1   8   1.100533e+02    1.100533e+02    2.081797e+01    2.081797e+01    -2.191446e-01  
  5   1   9   1.661551e+02    1.661551e+02    3.443082e+01    3.443082e+01    1.336983e-02  
  5   1  10   1.664509e+02    1.664509e+02    3.173539e+01    3.173539e+01    -9.539212e-02  
  5   1  11   1.465959e+02    1.465959e+02    2.362570e+01    2.362570e+01    -1.649646e-01  
  5   1  12   1.805084e+02    1.805084e+02    2.588308e+01    2.588308e+01    -7.778949e-01  
  5   1  13   1.638331e+02    1.638331e+02    2.435110e+01    2.435110e+01    -4.329032e-02  
  5   1  14   1.563929e+02    1.563929e+02    2.070768e+01    2.070768e+01    -1.436643e-01  
  5   1  15   2.768114e+02    2.768114e+02    4.641139e+01    4.641139e+01    3.057066e-02  
  5   1  16   1.578198e+02    1.578198e+02    1.846003e+01    1.846003e+01    -1.261581e-01  
  5   1  17   1.549095e+02    1.549095e+02    1.717919e+01    1.717919e+01    -4.445024e-02  
  5   1  18   2.907732e+02    2.907732e+02    4.191551e+01    4.191551e+01    -8.079880e-02  
  5   1  19   1.750743e+02    1.750743e+02    1.849473e+01    1.849473e+01    5.073621e-02  
  5   1  20   1.819219e+02    1.819219e+02    1.870050e+01    1.870050e+01    8.637445e-02  
  5   1  21   1.738952e+02    1.738952e+02    1.656138e+01    1.656138e+01    -1.101687e-01  
  5   1  22   1.731470e+02    1.731470e+02    1.581370e+01    1.581370e+01    -8.205768e-02  
  5   1  23   1.313314e+02    1.313314e+02    9.955881e+00    9.955881e+00    -3.041686e-02  
  5   2   1   1.715666e+02    1.715666e+02    3.794493e+02    3.794493e+02    -8.494985e-03  
  5   2   2   1.269901e+02    1.269901e+02    1.410268e+02    1.410268e+02    1.569660e-02  
  5   2   3   1.722669e+02    1.722669e+02    1.839298e+02    1.839298e+02    -1.754097e-02  
  5   2   4   4.655727e+02    4.655727e+02    1.372937e+04    1.372937e+04    1.171014e-01  
  5   2   5   1.340602e+02    1.340602e+02    8.895627e+01    8.895627e+01    4.243926e-02  
  5   2   6   1.523830e+02    1.523830e+02    9.726710e+01    9.726710e+01    1.449694e-02  
  5   2   7   2.172367e+02    2.172367e+02    1.343445e+02    1.343445e+02    5.788459e-02  
  5   2   8   1.205844e+02    1.205844e+02    5.253398e+01    5.253398e+01    2.586874e-02  
  5   2   9   1.683128e+02    1.683128e+02    8.065166e+01    8.065166e+01    -7.607332e-03  
  5   2  10   1.946384e+02    1.946384e+02    8.931723e+01    8.931723e+01    -1.103666e-02  
  5   2  11   1.632547e+02    1.632547e+02    6.297070e+01    6.297070e+01    -1.069295e-01  
  5   2  12   2.853436e+02    2.853436e+02    1.401069e+02    1.401069e+02    2.580397e-02  
  5   2  13   4.999855e+02    4.999855e+02    1.718375e+04    1.718375e+04    -4.284539e-01  
  5   2  14   2.358568e+02    2.358568e+02    8.988014e+01    8.988014e+01    3.582930e-02  
  5   2  15   1.833709e+02    1.833709e+02    5.884429e+01    5.884429e+01    5.078856e-02  
  5   2  16   1.792836e+02    1.792836e+02    5.297456e+01    5.297456e+01    4.987588e-02  
  5   2  17   1.551891e+02    1.551891e+02    4.088119e+01    4.088119e+01    5.325826e-03  
  5   2  18   1.404353e+02    1.404353e+02    3.241054e+01    3.241054e+01    5.059703e-02  
  5   2  19   1.584116e+02    1.584116e+02    3.744905e+01    3.744905e+01    -3.585116e-02  
  5   2  20   5.000000e+02    5.000000e+02    7.965932e+01    7.965932e+01    -2.730678e-01  
  5   2  21   9.503152e+01    9.503152e+01    1.567028e+01    1.567028e+01    5.583649e-02  
  5   2  22   2.069610e+02    2.069610e+02    4.916514e+01    4.916514e+01    5.040309e-02  
  5   2  23   1.684434e+02    1.684434e+02    3.506438e+01    3.506438e+01    3.347344e-02  
  5   2  24   1.370877e+02    1.370877e+02    2.397112e+01    2.397112e+01    -1.823986e-01  
  5   2  25   1.603443e+02    1.603443e+02    2.944672e+01    2.944672e+01    -2.741813e-01  
  5   2  26   1.429447e+02    1.429447e+02    2.435963e+01    2.435963e+01    -2.439993e-02  
  5   2  27   2.691415e+02    2.691415e+02    5.959738e+01    5.959738e+01    -1.325429e-03  
  5   2  28   1.622891e+02    1.622891e+02    2.703133e+01    2.703133e+01    -1.071389e-01  
  5   2  29   1.516530e+02    1.516530e+02    2.493309e+01    2.493309e+01    -7.397987e-01  
  5   2  30   2.040352e+02    2.040352e+02    3.584893e+01    3.584893e+01    -3.816588e-02  
  5   2  31   1.289536e+02    1.289536e+02    1.760006e+01    1.760006e+01    -3.050089e-02  
  5   2  32   2.717436e+02    2.717436e+02    5.142754e+01    5.142754e+01    -1.867277e-02  
  5   2  33   1.915663e+02    1.915663e+02    2.976263e+01    2.976263e+01    5.724932e-03  
  5   2  34   2.781600e+02    2.781600e+02    5.090456e+01    5.090456e+01    -3.111937e-02  
  5   2  35   3.655023e+02    3.655023e+02    7.605888e+01    7.605888e+01    -4.298331e-01  
  5   2  36   3.803705e+02    3.803705e+02    7.661414e+01    7.661414e+01    5.987281e-02  
  5   2  37   3.210547e+02    3.210547e+02    5.857576e+01    5.857576e+01    3.793534e-04  
  5   2  38   4.422833e+02    4.422833e+02    9.089075e+01    9.089075e+01    3.315679e-02  
  5   2  39   1.918732e+02    1.918732e+02    2.691877e+01    2.691877e+01    -4.041006e-01  
  5   2  40   2.981313e+02    2.981313e+02    4.851674e+01    4.851674e+01    4.879800e-02  
  5   2  41   3.441924e+02    3.441924e+02    5.833336e+01    5.833336e+01    -3.312370e-02  
  5   2  42   2.633062e+02    2.633062e+02    3.838755e+01    3.838755e+01    -1.233619e-02  
  5   2  43   3.792118e+02    3.792118e+02    5.139357e+01    5.139357e+01    -4.822147e-01  
  5   2  44   3.829203e+02    3.829203e+02    6.392176e+01    6.392176e+01    -1.417934e-02  
  5   2  45   2.507999e+02    2.507999e+02    3.330982e+01    3.330982e+01    -6.048086e-02  
  5   2  46   2.647162e+02    2.647162e+02    3.503391e+01    3.503391e+01    -8.701393e-03  
  5   2  47   2.873647e+02    2.873647e+02    3.920129e+01    3.920129e+01    1.103844e-02  
  5   2  48   4.476332e+02    4.476332e+02    7.495071e+01    7.495071e+01    -1.589486e-02  
  5   2  49   2.385218e+02    2.385218e+02    2.828734e+01    2.828734e+01    1.789864e-02  
  5   2  50   2.454521e+02    2.454521e+02    2.905650e+01    2.905650e+01    5.869975e-02  
  5   2  51   3.661688e+02    3.661688e+02    5.223834e+01    5.223834e+01    -3.411166e-03  
  5   2  52   4.457990e+02    4.457990e+02    6.813193e+01    6.813193e+01    8.533249e-03  
  5   2  53   2.883818e+02    2.883818e+02    3.454686e+01    3.454686e+01    -1.680680e-01  
  5   2  54   2.854370e+02    2.854370e+02    3.388897e+01    3.388897e+01    3.593170e-03  
  5   2  55   2.644886e+02    2.644886e+02    3.019082e+01    3.019082e+01    -3.241280e-01  
  5   2  56   1.441260e+02    1.441260e+02    1.381867e+01    1.381867e+01    -6.247870e-03  
  5   2  57   2.989309e+02    2.989309e+02    2.991848e+01    2.991848e+01    -5.954994e-01  
  5   2  58   2.383204e+02    2.383204e+02    2.403594e+01    2.403594e+01    9.984892e-03  
  5   2  59   1.387726e+02    1.387726e+02    1.273073e+01    1.273073e+01    -5.474232e-01  
  5   2  60   4.180075e+02    4.180075e+02    5.397945e+01    5.397945e+01    -3.801256e-03  
  5   2  61   1.737564e+02    1.737564e+02    1.493791e+01    1.493791e+01    -2.961720e-02  
  5   2  62   1.814408e+02    1.814408e+02    2.067963e+01    2.067963e+01    -1.544765e-02  
  5   3   1   1.605575e+02    1.605575e+02    1.372055e+01    1.372055e+01    -3.546153e-02  
  5   3   2   2.595007e+02    2.595007e+02    2.650720e+01    2.650720e+01    -2.536824e-01  
  5   3   3   3.278503e+02    3.278503e+02    3.662693e+01    3.662693e+01    -2.345642e-01  
  5   3   4   2.118284e+02    2.118284e+02    1.849766e+01    1.849766e+01    2.492248e-01  
  5   3   5   2.469112e+02    2.469112e+02    2.261135e+01    2.261135e+01    2.527818e-01  
  6   1   1   1.196486e+02    1.196486e+02    8.585016e+01    8.585016e+01    -1.784337e-01  
  6   1   2   8.490064e+01    8.490064e+01    4.028372e+01    4.028372e+01    -1.696935e-01  
  6   1   3   1.699996e+02    1.699996e+02    8.344481e+01    8.344481e+01    6.211104e-02  
  6   1   4   1.651294e+02    1.651294e+02    6.762081e+01    6.762081e+01    -6.804603e-03  
  6   1   5   1.237195e+02    1.237195e+02    3.509232e+01    3.509232e+01    1.980041e-02  
  6   1   6   8.662057e+01    8.662057e+01    1.900908e+01    1.900908e+01    -4.154629e-02  
  6   1   7   1.012036e+02    1.012036e+02    2.064663e+01    2.064663e+01    -8.015289e-02  
  6   1   8   2.039164e+02    2.039164e+02    5.227778e+01    5.227778e+01    -1.523401e-01  
  6   1   9   1.013023e+02    1.013023e+02    1.623199e+01    1.623199e+01    -2.354692e-01  
  6   1  10   1.690795e+02    1.690795e+02    3.261835e+01    3.261835e+01    -4.597800e-02  
  6   1  11   1.654177e+02    1.654177e+02    2.347570e+01    2.347570e+01    -6.577566e-01  
  6   1  12   1.507008e+02    1.507008e+02    2.048693e+01    2.048693e+01    -7.623075e-01  
  6   1  13   1.953742e+02    1.953742e+02    3.140714e+01    3.140714e+01    -1.494020e-01  
  6   1  14   1.150413e+02    1.150413e+02    1.309385e+01    1.309385e+01    1.315573e-01  
  6   1  15   1.950243e+02    1.950243e+02    2.738723e+01    2.738723e+01    9.318009e-02  
  6   1  16   2.017536e+02    2.017536e+02    2.675820e+01    2.675820e+01    3.957407e-02  
  6   1  17   1.740547e+02    1.740547e+02    2.042875e+01    2.042875e+01    -8.490245e-02  
  6   1  18   2.989796e+02    2.989796e+02    3.807959e+01    3.807959e+01    -4.890562e-01  
  6   1  19   1.723297e+02    1.723297e+02    1.802201e+01    1.802201e+01    -1.304872e-01  
  6   1  20   1.529256e+02    1.529256e+02    1.443032e+01    1.443032e+01    -5.506843e-02  
  6   1  21   2.113793e+02    2.113793e+02    2.705928e+03    2.705928e+03    0.000000e+00  
  6   1  22   2.135845e+02    2.135845e+02    2.161572e+01    2.161572e+01    1.151997e-01  
  6   1  23   1.659031e+02    1.659031e+02    1.414057e+01    1.414057e+01    1.279851e-02  
  6   2   1   3.975337e+02    3.975337e+02    1.006868e+04    1.006868e+04    6.854246e-03  
  6   2   2   1.102960e+02    1.102960e+02    1.115583e+02    1.115583e+02    -3.417259e-02  
  6   2   3   1.890456e+02    1.890456e+02    2.122321e+02    2.122321e+02    -3.043438e-03  
  6   2   4   1.784473e+02    1.784473e+02    1.538650e+02    1.538650e+02    -2.641956e-02  
  6   2   5   2.557571e+02    2.557571e+02    2.354985e+02    2.354985e+02    -1.369942e-02  
  6   2   6   1.829408e+02    1.829408e+02    1.266944e+02    1.266944e+02    -4.502602e-02  
  6   2   7   4.999985e+02    4.999985e+02    2.970455e+03    2.970455e+03    -1.874704e-01  
  6   2   8   1.477416e+02    1.477416e+02    7.139000e+01    7.139000e+01    -3.734503e-03  
  6   2   9   1.749103e+02    1.749103e+02    8.540615e+01    8.540615e+01    -2.091184e-02  
  6   2  10   1.673160e+02    1.673160e+02    7.123643e+01    7.123643e+01    -1.259444e-02  
  6   2  11   1.993153e+02    1.993153e+02    8.723135e+01    8.723135e+01    1.204445e-03  
  6   2  12   2.420013e+02    2.420013e+02    1.083820e+02    1.083820e+02    -6.573098e-02  
  6   2  13   1.681861e+02    1.681861e+02    5.709303e+01    5.709303e+01    -9.687097e-03  
  6   2  14   1.921393e+02    1.921393e+02    6.664787e+01    6.664787e+01    -7.893304e-03  
  6   2  15   1.964483e+02    1.964483e+02    6.541040e+01    6.541040e+01    -1.606689e-02  
  6   2  16   2.028757e+02    2.028757e+02    6.372473e+01    6.372473e+01    -1.594852e-02  
  6   2  17   1.230456e+02    1.230456e+02    2.850085e+01    2.850085e+01    -1.277821e-01  
  6   2  18   1.154359e+02    1.154359e+02    2.405408e+01    2.405408e+01    -1.027586e-01  
  6   2  19   1.531792e+02    1.531792e+02    3.552746e+01    3.552746e+01    -6.893289e-02  
  6   2  20   4.999997e+02    4.999997e+02    1.315552e+02    1.315552e+02    -3.993042e-01  
  6   2  21   1.395568e+02    1.395568e+02    2.783536e+01    2.783536e+01    -6.940736e-02  
  6   2  22   2.247705e+02    2.247705e+02    5.572308e+01    5.572308e+01    -3.782698e-02  
  6   2  23   1.296352e+02    1.296352e+02    2.367708e+01    2.367708e+01    -4.097755e-02  
  6   2  24   1.293999e+02    1.293999e+02    2.588013e+01    2.588013e+01    -5.802873e-01  
  6   2  25   1.648897e+02    1.648897e+02    3.093987e+01    3.093987e+01    -9.113115e-02  
  6   2  26   1.317018e+02    1.317018e+02    2.152742e+01    2.152742e+01    -7.239351e-02  
  6   2  27   1.952302e+02    1.952302e+02    3.681243e+01    3.681243e+01    -1.199317e-02  
  6   2  28   1.361265e+02    1.361265e+02    2.087126e+01    2.087126e+01    -7.387728e-02  
  6   2  29   1.155251e+02    1.155251e+02    1.565277e+01    1.565277e+01    -2.766860e-02  
  6   2  30   2.357468e+02    2.357468e+02    4.046996e+01    4.046996e+01    -5.610921e-01  
  6   2  31   1.196450e+02    1.196450e+02    1.572140e+01    1.572140e+01    -4.647154e-02  
  6   2  32   3.473259e+02    3.473259e+02    7.073293e+01    7.073293e+01    -1.953106e-01  
  6   2  33   2.689959e+02    2.689959e+02    4.947337e+01    4.947337e+01    -3.687071e-02  
  6   2  34   3.905012e+02    3.905012e+02    8.476543e+01    8.476543e+01    -3.980269e-02  
  6   2  35   2.912457e+02    2.912457e+02    5.263543e+01    5.263543e+01    -3.310263e-02  
  6   2  36   2.703958e+02    2.703958e+02    4.588238e+01    4.588238e+01    -1.067320e-01  
  6   2  37   2.452276e+02    2.452276e+02    3.906139e+01    3.906139e+01    -4.546137e-02  
  6   2  38   3.268415e+02    3.268415e+02    5.782235e+01    5.782235e+01    1.149902e-02  
  6   2  39   4.750165e+02    4.750165e+02    1.037594e+02    1.037594e+02    2.583824e-02  
  6   2  40   3.577196e+02    3.577196e+02    6.377638e+01    6.377638e+01    2.138938e-02  
  6   2  41   2.843257e+02    2.843257e+02    4.366570e+01    4.366570e+01    -1.022963e-01  
  6   2  42   2.509746e+02    2.509746e+02    3.553114e+01    3.553114e+01    -1.323459e-01  
  6   2  43   2.790968e+02    2.790968e+02    4.042850e+01    4.042850e+01    -5.205685e-02  
  6   2  44   2.649503e+02    2.649503e+02    3.668666e+01    3.668666e+01    -1.077355e-01  
  6   2  45   1.686581e+02    1.686581e+02    1.837895e+01    1.837895e+01    -4.628982e-02  
  6   2  46   5.000000e+02    5.000000e+02    1.058793e+02    1.058793e+02    -5.278969e-03  
  6   2  47   2.549607e+02    2.549607e+02    3.268660e+01    3.268660e+01    -6.879058e-02  
  6   2  48   3.675410e+02    3.675410e+02    5.563734e+01    5.563734e+01    -5.851820e-02  
  6   2  49   2.839224e+02    2.839224e+02    3.656166e+01    3.656166e+01    -1.092360e-01  
  6   2  50   2.295298e+02    2.295298e+02    2.619064e+01    2.619064e+01    -1.137458e-01  
  6   2  51   4.934083e+02    4.934083e+02    2.202860e+02    2.202860e+02    -2.743598e-01  
  6   2  52   2.362364e+02    2.362364e+02    2.648890e+01    2.648890e+01    -1.772626e-03  
  6   2  53   3.107054e+02    3.107054e+02    3.902147e+01    3.902147e+01    -7.180515e-02  
  6   2  54   2.446418e+02    2.446418e+02    2.689651e+01    2.689651e+01    -7.690160e-03  
  6   2  55   3.847526e+02    3.847526e+02    5.105978e+01    5.105978e+01    -1.764095e-01  
  6   2  56   2.707688e+02    2.707688e+02    2.994532e+01    2.994532e+01    -2.101217e-01  
  6   2  57   2.394747e+02    2.394747e+02    2.451188e+01    2.451188e+01    5.967092e-02  
  6   2  58   2.172641e+02    2.172641e+02    2.088988e+01    2.088988e+01    8.917155e-02  
  6   2  59   2.923515e+02    2.923515e+02    3.186974e+01    3.186974e+01    -2.040520e-01  
  6   2  60   5.000000e+02    5.000000e+02    3.902526e+01    3.902526e+01    5.892472e-02  
  6   2  61   2.488598e+02    2.488598e+02    2.449447e+01    2.449447e+01    8.641472e-02  
  6   2  62   3.688914e+02    3.688914e+02    4.372182e+01    4.372182e+01    2.882836e-02  
  6   3   1   2.181513e+02    2.181513e+02    2.895085e+03    2.895085e+03    0.000000e+00  
  6   3   2   2.773299e+02    2.773299e+02    2.974174e+01    2.974174e+01    8.063660e-02  
  6   3   3   2.807052e+02    2.807052e+02    2.951601e+01    2.951601e+01    7.985407e-02  
  6   3   4   1.450157e+02    1.450157e+02    1.185355e+01    1.185355e+01    1.363983e-01  
  6   3   5   3.302327e+02    3.302327e+02    3.522876e+01    3.522876e+01    4.978455e-02  
