  1   1   1   1.390374e+02    1.390374e+02    1.234816e+02    1.234816e+02    1.489361e-03  
  1   1   2   1.467174e+02    1.467174e+02    9.647942e+01    9.647942e+01    2.837403e-03  
  1   1   3   1.466448e+02    1.466448e+02    6.770019e+01    6.770019e+01    3.839543e-04  
  1   1   4   1.528025e+02    1.528025e+02    6.023043e+01    6.023043e+01    -2.461970e-04  
  1   1   5   1.577865e+02    1.577865e+02    5.056726e+01    5.056726e+01    2.729109e-03  
  1   1   6   1.574685e+02    1.574685e+02    4.663480e+01    4.663480e+01    9.254931e-04  
  1   1   7   1.632792e+02    1.632792e+02    4.241455e+01    4.241455e+01    7.705194e-04  
  1   1   8   1.696830e+02    1.696830e+02    4.065979e+01    4.065979e+01    -7.634813e-04  
  1   1   9   1.730350e+02    1.730350e+02    3.659295e+01    3.659295e+01    -6.853500e-03  
  1   1  10   1.780877e+02    1.780877e+02    3.528251e+01    3.528251e+01    3.357006e-03  
  1   1  11   1.830182e+02    1.830182e+02    3.336933e+01    3.336933e+01    2.838157e-03  
  1   1  12   1.868863e+02    1.868863e+02    3.179908e+01    3.179908e+01    4.032905e-03  
  1   1  13   1.924589e+02    1.924589e+02    3.096840e+01    3.096840e+01    -1.004203e-02  
  1   1  14   1.961516e+02    1.961516e+02    2.921413e+01    2.921413e+01    5.433724e-03  
  1   1  15   1.998979e+02    1.998979e+02    2.849108e+01    2.849108e+01    -1.200838e-03  
  1   1  16   2.062015e+02    2.062015e+02    2.766333e+01    2.766333e+01    3.439819e-03  
  1   1  17   2.113842e+02    2.113842e+02    2.739762e+01    2.739762e+01    2.138004e-03  
  1   1  18   2.135058e+02    2.135058e+02    2.642819e+01    2.642819e+01    -4.156117e-03  
  1   1  19   2.155854e+02    2.155854e+02    2.528765e+01    2.528765e+01    -3.010592e-04  
  1   1  20   2.193576e+02    2.193576e+02    2.478752e+01    2.478752e+01    -1.387425e-02  
  1   1  21   2.237765e+02    2.237765e+02    2.422146e+01    2.422146e+01    3.392645e-03  
  1   1  22   2.267826e+02    2.267826e+02    2.370780e+01    2.370780e+01    2.964449e-03  
  1   1  23   2.288901e+02    2.288901e+02    2.289952e+01    2.289952e+01    -4.432711e-03  
  1   2   1   1.470136e+02    1.470136e+02    2.720059e+02    2.720059e+02    7.627063e-05  
  1   2   2   1.473160e+02    1.473160e+02    1.731430e+02    1.731430e+02    8.083696e-04  
  1   2   3   1.492496e+02    1.492496e+02    1.492410e+02    1.492410e+02    1.744278e-03  
  1   2   4   1.599913e+02    1.599913e+02    1.309376e+02    1.309376e+02    3.391579e-03  
  1   2   5   1.582588e+02    1.582588e+02    1.146465e+02    1.146465e+02    -9.684698e-04  
  1   2   6   1.629812e+02    1.629812e+02    1.078198e+02    1.078198e+02    -1.299099e-03  
  1   2   7   1.703741e+02    1.703741e+02    9.573051e+01    9.573051e+01    1.153142e-03  
  1   2   8   1.723920e+02    1.723920e+02    8.989396e+01    8.989396e+01    1.587168e-03  
  1   2   9   1.786907e+02    1.786907e+02    8.810910e+01    8.810910e+01    3.923045e-03  
  1   2  10   1.824932e+02    1.824932e+02    8.109836e+01    8.109836e+01    -2.656237e-03  
  1   2  11   1.864253e+02    1.864253e+02    7.872095e+01    7.872095e+01    -2.419476e-03  
  1   2  12   1.878242e+02    1.878242e+02    7.508501e+01    7.508501e+01    -1.781049e-03  
  1   2  13   1.955582e+02    1.955582e+02    7.163753e+01    7.163753e+01    -4.062061e-03  
  1   2  14   1.978482e+02    1.978482e+02    6.929249e+01    6.929249e+01    -6.000292e-04  
  1   2  15   2.001325e+02    2.001325e+02    6.729711e+01    6.729711e+01    4.560738e-03  
  1   2  16   2.074731e+02    2.074731e+02    6.586118e+01    6.586118e+01    -1.208822e-03  
  1   2  17   2.124487e+02    2.124487e+02    6.544496e+01    6.544496e+01    -1.609976e-04  
  1   2  18   2.164457e+02    2.164457e+02    6.215802e+01    6.215802e+01    1.225552e-02  
  1   2  19   2.197342e+02    2.197342e+02    6.121631e+01    6.121631e+01    3.806831e-03  
  1   2  20   2.230830e+02    2.230830e+02    6.041517e+01    6.041517e+01    -1.487200e-03  
  1   2  21   2.283743e+02    2.283743e+02    5.840068e+01    5.840068e+01    3.945306e-03  
  1   2  22   2.296288e+02    2.296288e+02    5.762822e+01    5.762822e+01    -8.193982e-04  
  1   2  23   2.368955e+02    2.368955e+02    5.851106e+01    5.851106e+01    7.858262e-03  
  1   2  24   2.394323e+02    2.394323e+02    5.590067e+01    5.590067e+01    2.259443e-03  
  1   2  25   2.436761e+02    2.436761e+02    5.575782e+01    5.575782e+01    5.459950e-04  
  1   2  26   2.477360e+02    2.477360e+02    5.557258e+01    5.557258e+01    -1.022589e-04  
  1   2  27   2.534698e+02    2.534698e+02    5.444826e+01    5.444826e+01    -1.485457e-03  
  1   2  28   2.570246e+02    2.570246e+02    5.419157e+01    5.419157e+01    7.197852e-03  
  1   2  29   2.617029e+02    2.617029e+02    5.336706e+01    5.336706e+01    -1.063451e-03  
  1   2  30   2.642607e+02    2.642607e+02    5.285428e+01    5.285428e+01    7.293172e-04  
  1   2  31   2.705421e+02    2.705421e+02    5.347226e+01    5.347226e+01    3.519446e-04  
  1   2  32   2.755253e+02    2.755253e+02    5.246615e+01    5.246615e+01    1.785777e-03  
  1   2  33   2.791159e+02    2.791159e+02    5.232672e+01    5.232672e+01    1.973014e-03  
  1   2  34   2.825452e+02    2.825452e+02    5.215604e+01    5.215604e+01    6.924610e-04  
  1   2  35   2.881345e+02    2.881345e+02    5.185614e+01    5.185614e+01    3.543514e-04  
  1   2  36   2.919715e+02    2.919715e+02    5.181122e+01    5.181122e+01    -1.763959e-03  
  1   2  37   2.973211e+02    2.973211e+02    5.218713e+01    5.218713e+01    5.593642e-04  
  1   2  38   3.018082e+02    3.018082e+02    5.131070e+01    5.131070e+01    -1.546796e-04  
  1   2  39   3.055797e+02    3.055797e+02    5.130936e+01    5.130936e+01    -7.211960e-04  
  1   2  40   3.087557e+02    3.087557e+02    5.114453e+01    5.114453e+01    1.697325e-03  
  1   2  41   3.158760e+02    3.158760e+02    5.133926e+01    5.133926e+01    1.337312e-03  
  1   2  42   3.192139e+02    3.192139e+02    5.124362e+01    5.124362e+01    1.534822e-03  
  1   2  43   3.213865e+02    3.213865e+02    4.999453e+01    4.999453e+01    1.964791e-03  
  1   2  44   3.255185e+02    3.255185e+02    5.011381e+01    5.011381e+01    -1.702907e-03  
  1   2  45   3.286210e+02    3.286210e+02    5.000091e+01    5.000091e+01    -2.803321e-03  
  1   2  46   3.343190e+02    3.343190e+02    4.965875e+01    4.965875e+01    2.746019e-03  
  1   2  47   3.341061e+02    3.341061e+02    4.910355e+01    4.910355e+01    -9.452142e-04  
  1   2  48   3.390040e+02    3.390040e+02    4.941655e+01    4.941655e+01    -1.234397e-02  
  1   2  49   3.424561e+02    3.424561e+02    4.865769e+01    4.865769e+01    -9.800335e-04  
  1   2  50   3.465610e+02    3.465610e+02    4.879820e+01    4.879820e+01    5.537082e-04  
  1   2  51   3.516321e+02    3.516321e+02    4.915392e+01    4.915392e+01    2.893312e-03  
  1   2  52   3.577334e+02    3.577334e+02    4.899622e+01    4.899622e+01    -3.005928e-03  
  1   2  53   3.595260e+02    3.595260e+02    4.868157e+01    4.868157e+01    4.468068e-04  
  1   2  54   3.656577e+02    3.656577e+02    4.912521e+01    4.912521e+01    -2.395278e-03  
  1   2  55   3.707062e+02    3.707062e+02    4.913870e+01    4.913870e+01    1.350984e-03  
  1   2  56   3.734887e+02    3.734887e+02    4.902706e+01    4.902706e+01    1.059886e-03  
  1   2  57   3.761255e+02    3.761255e+02    4.825292e+01    4.825292e+01    2.100804e-03  
  1   2  58   3.798890e+02    3.798890e+02    4.835575e+01    4.835575e+01    -3.548280e-03  
  1   2  59   3.856315e+02    3.856315e+02    4.883610e+01    4.883610e+01    1.784204e-04  
  1   2  60   3.901377e+02    3.901377e+02    4.866806e+01    4.866806e+01    2.444963e-04  
  1   2  61   3.928453e+02    3.928453e+02    4.857529e+01    4.857529e+01    -4.770114e-03  
  1   2  62   3.967728e+02    3.967728e+02    4.871252e+01    4.871252e+01    5.935276e-03  
  1   3   1   2.258225e+02    2.258225e+02    2.288492e+01    2.288492e+01    -1.350607e-03  
  1   3   2   2.288185e+02    2.288185e+02    2.232691e+01    2.232691e+01    1.608594e-04  
  1   3   3   2.331971e+02    2.331971e+02    2.238146e+01    2.238146e+01    1.606779e-05  
  1   3   4   2.371225e+02    2.371225e+02    2.210600e+01    2.210600e+01    -7.753711e-04  
  1   3   5   2.409353e+02    2.409353e+02    2.197120e+01    2.197120e+01    -4.152531e-03  
  2   1   1   1.376801e+02    1.376801e+02    1.215679e+02    1.215679e+02    1.426740e-03  
  2   1   2   1.440884e+02    1.440884e+02    9.390181e+01    9.390181e+01    3.035880e-03  
  2   1   3   1.484345e+02    1.484345e+02    6.894398e+01    6.894398e+01    5.695085e-03  
  2   1   4   1.532215e+02    1.532215e+02    6.047710e+01    6.047710e+01    -3.246310e-04  
  2   1   5   1.558791e+02    1.558791e+02    4.965137e+01    4.965137e+01    1.210113e-03  
  2   1   6   1.595282e+02    1.595282e+02    4.756065e+01    4.756065e+01    -2.631741e-03  
  2   1   7   1.645718e+02    1.645718e+02    4.291708e+01    4.291708e+01    3.131470e-03  
  2   1   8   1.680299e+02    1.680299e+02    4.006712e+01    4.006712e+01    2.649819e-03  
  2   1   9   1.738309e+02    1.738309e+02    3.684755e+01    3.684755e+01    5.722892e-04  
  2   1  10   1.781922e+02    1.781922e+02    3.531579e+01    3.531579e+01    -1.397966e-03  
  2   1  11   1.839795e+02    1.839795e+02    3.364847e+01    3.364847e+01    1.190411e-02  
  2   1  12   1.873469e+02    1.873469e+02    3.190790e+01    3.190790e+01    4.437886e-03  
  2   1  13   1.908471e+02    1.908471e+02    3.059473e+01    3.059473e+01    -3.926047e-03  
  2   1  14   1.949920e+02    1.949920e+02    2.895558e+01    2.895558e+01    5.776575e-03  
  2   1  15   1.998471e+02    1.998471e+02    2.848051e+01    2.848051e+01    1.338699e-03  
  2   1  16   2.045829e+02    2.045829e+02    2.733792e+01    2.733792e+01    4.297558e-03  
  2   1  17   2.100350e+02    2.100350e+02    2.713131e+01    2.713131e+01    -4.731934e-03  
  2   1  18   2.125159e+02    2.125159e+02    2.623921e+01    2.623921e+01    8.862541e-03  
  2   1  19   2.166417e+02    2.166417e+02    2.546699e+01    2.546699e+01    -1.408233e-03  
  2   1  20   2.206449e+02    2.206449e+02    2.500808e+01    2.500808e+01    -1.362940e-02  
  2   1  21   2.244039e+02    2.244039e+02    2.432574e+01    2.432574e+01    -7.214354e-03  
  2   1  22   2.251981e+02    2.251981e+02    2.346219e+01    2.346219e+01    2.162932e-03  
  2   1  23   2.280860e+02    2.280860e+02    2.278346e+01    2.278346e+01    -4.339484e-04  
  2   2   1   1.383420e+02    1.383420e+02    2.492430e+02    2.492430e+02    -5.272929e-04  
  2   2   2   1.441479e+02    1.441479e+02    1.677209e+02    1.677209e+02    3.107663e-03  
  2   2   3   1.507809e+02    1.507809e+02    1.514287e+02    1.514287e+02    -8.922203e-04  
  2   2   4   1.597807e+02    1.597807e+02    1.307780e+02    1.307780e+02    -2.964174e-03  
  2   2   5   1.608642e+02    1.608642e+02    1.173898e+02    1.173898e+02    -8.596339e-04  
  2   2   6   1.674697e+02    1.674697e+02    1.123493e+02    1.123493e+02    -1.835425e-04  
  2   2   7   1.698003e+02    1.698003e+02    9.526935e+01    9.526935e+01    -1.057942e-03  
  2   2   8   1.728871e+02    1.728871e+02    9.025589e+01    9.025589e+01    -5.658189e-04  
  2   2   9   1.786102e+02    1.786102e+02    8.806478e+01    8.806478e+01    -4.570381e-04  
  2   2  10   1.851915e+02    1.851915e+02    8.290274e+01    8.290274e+01    1.434774e-04  
  2   2  11   1.874063e+02    1.874063e+02    7.933738e+01    7.933738e+01    -1.165834e-03  
  2   2  12   1.912904e+02    1.912904e+02    7.719855e+01    7.719855e+01    -7.479241e-03  
  2   2  13   1.931056e+02    1.931056e+02    7.021281e+01    7.021281e+01    3.723564e-03  
  2   2  14   1.983977e+02    1.983977e+02    6.958050e+01    6.958050e+01    6.179899e-04  
  2   2  15   1.987245e+02    1.987245e+02    6.652391e+01    6.652391e+01    4.244030e-05  
  2   2  16   2.060544e+02    2.060544e+02    6.519359e+01    6.519359e+01    -1.166948e-03  
  2   2  17   2.107854e+02    2.107854e+02    6.467693e+01    6.467693e+01    2.718960e-03  
  2   2  18   2.176285e+02    2.176285e+02    6.263110e+01    6.263110e+01    6.208978e-04  
  2   2  19   2.175867e+02    2.175867e+02    6.032385e+01    6.032385e+01    2.314788e-03  
  2   2  20   2.247320e+02    2.247320e+02    6.113387e+01    6.113387e+01    1.013635e-02  
  2   2  21   2.297166e+02    2.297166e+02    5.898460e+01    5.898460e+01    8.160659e-03  
  2   2  22   2.312666e+02    2.312666e+02    5.824569e+01    5.824569e+01    3.546695e-03  
  2   2  23   2.355028e+02    2.355028e+02    5.798567e+01    5.798567e+01    3.023577e-04  
  2   2  24   2.398815e+02    2.398815e+02    5.607923e+01    5.607923e+01    5.181517e-03  
  2   2  25   2.445196e+02    2.445196e+02    5.604656e+01    5.604656e+01    1.946283e-03  
  2   2  26   2.467627e+02    2.467627e+02    5.524637e+01    5.524637e+01    2.754610e-04  
  2   2  27   2.529439e+02    2.529439e+02    5.427964e+01    5.427964e+01    1.758277e-03  
  2   2  28   2.559038e+02    2.559038e+02    5.382342e+01    5.382342e+01    -9.542557e-05  
  2   2  29   2.639284e+02    2.639284e+02    5.404864e+01    5.404864e+01    -5.889747e-04  
  2   2  30   2.658681e+02    2.658681e+02    5.333570e+01    5.333570e+01    -3.614850e-03  
  2   2  31   2.687421e+02    2.687421e+02    5.293689e+01    5.293689e+01    -4.200624e-04  
  2   2  32   2.762713e+02    2.762713e+02    5.269786e+01    5.269786e+01    -4.949050e-03  
  2   2  33   2.783289e+02    2.783289e+02    5.212740e+01    5.212740e+01    1.029860e-02  
  2   2  34   2.818966e+02    2.818966e+02    5.197509e+01    5.197509e+01    -6.995564e-04  
  2   2  35   2.886985e+02    2.886985e+02    5.201340e+01    5.201340e+01    -3.253266e-03  
  2   2  36   2.907939e+02    2.907939e+02    5.149838e+01    5.149838e+01    -2.495146e-04  
  2   2  37   2.982027e+02    2.982027e+02    5.243273e+01    5.243273e+01    2.728483e-04  
  2   2  38   2.996603e+02    2.996603e+02    5.076419e+01    5.076419e+01    -2.340910e-03  
  2   2  39   3.046711e+02    3.046711e+02    5.107021e+01    5.107021e+01    -5.034619e-04  
  2   2  40   3.104215e+02    3.104215e+02    5.155841e+01    5.155841e+01    -5.246353e-03  
  2   2  41   3.138904e+02    3.138904e+02    5.085474e+01    5.085474e+01    1.574409e-03  
  2   2  42   3.178765e+02    3.178765e+02    5.092156e+01    5.092156e+01    3.017860e-04  
  2   2  43   3.207773e+02    3.207773e+02    4.986533e+01    4.986533e+01    2.256674e-03  
  2   2  44   3.269187e+02    3.269187e+02    5.043603e+01    5.043603e+01    3.136671e-03  
  2   2  45   3.294360e+02    3.294360e+02    5.018965e+01    5.018965e+01    2.467493e-03  
  2   2  46   3.339927e+02    3.339927e+02    4.960244e+01    4.960244e+01    -1.803732e-03  
  2   2  47   3.359348e+02    3.359348e+02    4.952350e+01    4.952350e+01    4.512220e-03  
  2   2  48   3.386495e+02    3.386495e+02    4.933964e+01    4.933964e+01    4.104802e-03  
  2   2  49   3.431392e+02    3.431392e+02    4.879542e+01    4.879542e+01    6.961909e-04  
  2   2  50   3.465774e+02    3.465774e+02    4.881225e+01    4.881225e+01    4.140498e-03  
  2   2  51   3.534596e+02    3.534596e+02    4.955109e+01    4.955109e+01    -1.912426e-04  
  2   2  52   3.561807e+02    3.561807e+02    4.867380e+01    4.867380e+01    -8.640969e-04  
  2   2  53   3.593096e+02    3.593096e+02    4.862858e+01    4.862858e+01    4.634608e-03  
  2   2  54   3.648751e+02    3.648751e+02    4.896873e+01    4.896873e+01    -3.111691e-04  
  2   2  55   3.686411e+02    3.686411e+02    4.872008e+01    4.872008e+01    1.085408e-03  
  2   2  56   3.705309e+02    3.705309e+02    4.844646e+01    4.844646e+01    -6.864468e-04  
  2   2  57   3.770147e+02    3.770147e+02    4.842427e+01    4.842427e+01    1.095899e-03  
  2   2  58   3.802476e+02    3.802476e+02    4.842476e+01    4.842476e+01    -1.932773e-03  
  2   2  59   3.833092e+02    3.833092e+02    4.839573e+01    4.839573e+01    4.542196e-03  
  2   2  60   3.880330e+02    3.880330e+02    4.827047e+01    4.827047e+01    3.089572e-05  
  2   2  61   3.942505e+02    3.942505e+02    4.883462e+01    4.883462e+01    3.100296e-04  
  2   2  62   3.979252e+02    3.979252e+02    4.893203e+01    4.893203e+01    7.253496e-03  
  2   3   1   2.253825e+02    2.253825e+02    2.281831e+01    2.281831e+01    2.352030e-03  
  2   3   2   2.289342e+02    2.289342e+02    2.234746e+01    2.234746e+01    -3.187158e-03  
  2   3   3   2.322263e+02    2.322263e+02    2.224199e+01    2.224199e+01    -4.062825e-03  
  2   3   4   2.372686e+02    2.372686e+02    2.212629e+01    2.212629e+01    -1.165703e-03  
  2   3   5   2.407704e+02    2.407704e+02    2.194342e+01    2.194342e+01    5.815813e-04  
  3   1   1   1.379731e+02    1.379731e+02    1.221281e+02    1.221281e+02    -2.068313e-03  
  3   1   2   1.459279e+02    1.459279e+02    9.570467e+01    9.570467e+01    -2.112267e-03  
  3   1   3   1.482676e+02    1.482676e+02    6.882870e+01    6.882870e+01    2.074764e-03  
  3   1   4   1.525130e+02    1.525130e+02    6.005866e+01    6.005866e+01    1.612950e-03  
  3   1   5   1.586378e+02    1.586378e+02    5.097658e+01    5.097658e+01    1.530169e-03  
  3   1   6   1.589117e+02    1.589117e+02    4.727883e+01    4.727883e+01    3.365749e-03  
  3   1   7   1.658543e+02    1.658543e+02    4.342038e+01    4.342038e+01    -1.694206e-03  
  3   1   8   1.670903e+02    1.670903e+02    3.973118e+01    3.973118e+01    4.892563e-03  
  3   1   9   1.727409e+02    1.727409e+02    3.650059e+01    3.650059e+01    5.672951e-03  
  3   1  10   1.785351e+02    1.785351e+02    3.541796e+01    3.541796e+01    -1.447761e-03  
  3   1  11   1.810257e+02    1.810257e+02    3.282789e+01    3.282789e+01    -2.495526e-03  
  3   1  12   1.875827e+02    1.875827e+02    3.196842e+01    3.196842e+01    1.460593e-03  
  3   1  13   1.908270e+02    1.908270e+02    3.059214e+01    3.059214e+01    1.758806e-03  
  3   1  14   1.956467e+02    1.956467e+02    2.910182e+01    2.910182e+01    2.199575e-04  
  3   1  15   2.006493e+02    2.006493e+02    2.865139e+01    2.865139e+01    -3.574298e-03  
  3   1  16   2.042996e+02    2.042996e+02    2.728886e+01    2.728886e+01    -7.763590e-03  
  3   1  17   2.088425e+02    2.088425e+02    2.689692e+01    2.689692e+01    3.185764e-03  
  3   1  18   2.110551e+02    2.110551e+02    2.597479e+01    2.597479e+01    3.165379e-03  
  3   1  19   2.149460e+02    2.149460e+02    2.516903e+01    2.516903e+01    8.114212e-04  
  3   1  20   2.180158e+02    2.180158e+02    2.456440e+01    2.456440e+01    5.051857e-03  
  3   1  21   2.226772e+02    2.226772e+02    2.404341e+01    2.404341e+01    3.595738e-03  
  3   1  22   2.274016e+02    2.274016e+02    2.380928e+01    2.380928e+01    -6.410930e-03  
  3   1  23   2.286590e+02    2.286590e+02    2.286420e+01    2.286420e+01    -8.888116e-03  
  3   2   1   1.493947e+02    1.493947e+02    2.791695e+02    2.791695e+02    -1.093837e-03  
  3   2   2   1.471630e+02    1.471630e+02    1.728519e+02    1.728519e+02    6.861002e-05  
  3   2   3   1.538543e+02    1.538543e+02    1.559642e+02    1.559642e+02    1.882627e-03  
  3   2   4   1.554261e+02    1.554261e+02    1.254449e+02    1.254449e+02    -3.426796e-03  
  3   2   5   1.590810e+02    1.590810e+02    1.155766e+02    1.155766e+02    5.093368e-03  
  3   2   6   1.668233e+02    1.668233e+02    1.116947e+02    1.116947e+02    2.361903e-03  
  3   2   7   1.699034e+02    1.699034e+02    9.534293e+01    9.534293e+01    -2.328385e-03  
  3   2   8   1.714769e+02    1.714769e+02    8.919162e+01    8.919162e+01    3.049748e-03  
  3   2   9   1.774979e+02    1.774979e+02    8.724294e+01    8.724294e+01    -2.688653e-03  
  3   2  10   1.842089e+02    1.842089e+02    8.240386e+01    8.240386e+01    -5.768755e-03  
  3   2  11   1.897523e+02    1.897523e+02    8.101222e+01    8.101222e+01    -1.426394e-03  
  3   2  12   1.927383e+02    1.927383e+02    7.806954e+01    7.806954e+01    1.605818e-03  
  3   2  13   1.968072e+02    1.968072e+02    7.223879e+01    7.223879e+01    -2.473180e-03  
  3   2  14   1.994616e+02    1.994616e+02    7.016231e+01    7.016231e+01    -9.567027e-03  
  3   2  15   2.034611e+02    2.034611e+02    6.892637e+01    6.892637e+01    2.869794e-03  
  3   2  16   2.087052e+02    2.087052e+02    6.646810e+01    6.646810e+01    -3.964397e-03  
  3   2  17   2.125950e+02    2.125950e+02    6.554750e+01    6.554750e+01    -7.684748e-03  
  3   2  18   2.168645e+02    2.168645e+02    6.229743e+01    6.229743e+01    -1.421646e-03  
  3   2  19   2.205956e+02    2.205956e+02    6.157798e+01    6.157798e+01    1.917024e-03  
  3   2  20   2.215756e+02    2.215756e+02    5.980419e+01    5.980419e+01    1.714400e-03  
  3   2  21   2.278362e+02    2.278362e+02    5.819256e+01    5.819256e+01    1.276259e-05  
  3   2  22   2.327882e+02    2.327882e+02    5.882096e+01    5.882096e+01    3.397837e-03  
  3   2  23   2.352442e+02    2.352442e+02    5.789050e+01    5.789050e+01    1.968781e-04  
  3   2  24   2.419693e+02    2.419693e+02    5.679305e+01    5.679305e+01    1.025444e-03  
  3   2  25   2.443739e+02    2.443739e+02    5.602156e+01    5.602156e+01    3.629554e-03  
  3   2  26   2.502882e+02    2.502882e+02    5.648114e+01    5.648114e+01    -2.168995e-03  
  3   2  27   2.563573e+02    2.563573e+02    5.538463e+01    5.538463e+01    1.101628e-03  
  3   2  28   2.664824e+02    2.664824e+02    5.733379e+01    5.733379e+01    -1.581245e-02  
  3   2  29   2.626656e+02    2.626656e+02    5.369098e+01    5.369098e+01    6.692451e-03  
  3   2  30   2.638655e+02    2.638655e+02    5.273526e+01    5.273526e+01    1.807430e-03  
  3   2  31   2.698779e+02    2.698779e+02    5.327501e+01    5.327501e+01    -7.695223e-04  
  3   2  32   2.733832e+02    2.733832e+02    5.185395e+01    5.185395e+01    7.371780e-03  
  3   2  33   2.781777e+02    2.781777e+02    5.206442e+01    5.206442e+01    1.026113e-03  
  3   2  34   2.828423e+02    2.828423e+02    5.223837e+01    5.223837e+01    -8.576540e-04  
  3   2  35   2.878138e+02    2.878138e+02    5.175363e+01    5.175363e+01    2.353730e-03  
  3   2  36   2.923644e+02    2.923644e+02    5.191582e+01    5.191582e+01    7.028312e-04  
  3   2  37   2.946193e+02    2.946193e+02    5.150665e+01    5.150665e+01    4.069323e-03  
  3   2  38   2.982364e+02    2.982364e+02    5.040941e+01    5.040941e+01    3.803067e-03  
  3   2  39   3.010974e+02    3.010974e+02    5.018122e+01    5.018122e+01    4.417274e-03  
  3   2  40   3.086019e+02    3.086019e+02    5.110631e+01    5.110631e+01    2.027656e-03  
  3   2  41   3.144227e+02    3.144227e+02    5.100327e+01    5.100327e+01    2.151278e-03  
  3   2  42   3.165596e+02    3.165596e+02    5.060505e+01    5.060505e+01    -1.382674e-03  
  3   2  43   3.208686e+02    3.208686e+02    4.987343e+01    4.987343e+01    8.237218e-04  
  3   2  44   3.241398e+02    3.241398e+02    4.979617e+01    4.979617e+01    4.593892e-04  
  3   2  45   3.285025e+02    3.285025e+02    4.997550e+01    4.997550e+01    3.891106e-05  
  3   2  46   3.323752e+02    3.323752e+02    4.922900e+01    4.922900e+01    3.585176e-03  
  3   2  47   3.358098e+02    3.358098e+02    4.949169e+01    4.949169e+01    4.438671e-03  
  3   2  48   3.397906e+02    3.397906e+02    4.958605e+01    4.958605e+01    -6.644055e-04  
  3   2  49   3.453209e+02    3.453209e+02    4.927273e+01    4.927273e+01    -2.394737e-03  
  3   2  50   3.472903e+02    3.472903e+02    4.895217e+01    4.895217e+01    1.809787e-03  
  3   2  51   3.515834e+02    3.515834e+02    4.913910e+01    4.913910e+01    2.604197e-03  
  3   2  52   3.552659e+02    3.552659e+02    4.848631e+01    4.848631e+01    4.163151e-03  
  3   2  53   3.594105e+02    3.594105e+02    4.865160e+01    4.865160e+01    -2.605163e-04  
  3   2  54   3.654062e+02    3.654062e+02    4.908742e+01    4.908742e+01    -2.593111e-03  
  3   2  55   3.688803e+02    3.688803e+02    4.877867e+01    4.877867e+01    1.179603e-03  
  3   2  56   3.716814e+02    3.716814e+02    4.868237e+01    4.868237e+01    -9.725927e-04  
  3   2  57   3.754131e+02    3.754131e+02    4.811705e+01    4.811705e+01    5.890839e-04  
  3   2  58   3.794413e+02    3.794413e+02    4.827092e+01    4.827092e+01    1.971314e-03  
  3   2  59   3.851426e+02    3.851426e+02    4.874356e+01    4.874356e+01    -9.850007e-04  
  3   2  60   3.890210e+02    3.890210e+02    4.845468e+01    4.845468e+01    1.143124e-03  
  3   2  61   3.921334e+02    3.921334e+02    4.845446e+01    4.845446e+01    -4.969113e-04  
  3   2  62   3.972645e+02    3.972645e+02    4.880627e+01    4.880627e+01    -2.382414e-03  
  3   3   1   2.253760e+02    2.253760e+02    2.281730e+01    2.281730e+01    4.120508e-06  
  3   3   2   2.289174e+02    2.289174e+02    2.234120e+01    2.234120e+01    2.075808e-03  
  3   3   3   2.319853e+02    2.319853e+02    2.220744e+01    2.220744e+01    4.800255e-03  
  3   3   4   2.367886e+02    2.367886e+02    2.205742e+01    2.205742e+01    1.431945e-03  
  3   3   5   2.409104e+02    2.409104e+02    2.196193e+01    2.196193e+01    2.269238e-03  
  4   1   1   1.413059e+02    1.413059e+02    1.264925e+02    1.264925e+02    1.970312e-04  
  4   1   2   1.445932e+02    1.445932e+02    9.439760e+01    9.439760e+01    1.972697e-03  
  4   1   3   1.487076e+02    1.487076e+02    6.921022e+01    6.921022e+01    -1.127089e-02  
  4   1   4   1.521006e+02    1.521006e+02    5.980934e+01    5.980934e+01    -3.240749e-03  
  4   1   5   1.561884e+02    1.561884e+02    4.979997e+01    4.979997e+01    1.494374e-03  
  4   1   6   1.591001e+02    1.591001e+02    4.736237e+01    4.736237e+01    -2.918272e-03  
  4   1   7   1.645962e+02    1.645962e+02    4.292553e+01    4.292553e+01    3.012713e-03  
  4   1   8   1.677771e+02    1.677771e+02    3.997702e+01    3.997702e+01    -1.333341e-04  
  4   1   9   1.759124e+02    1.759124e+02    3.755274e+01    3.755274e+01    -1.167999e-02  
  4   1  10   1.769314e+02    1.769314e+02    3.494060e+01    3.494060e+01    -2.355297e-03  
  4   1  11   1.829200e+02    1.829200e+02    3.334233e+01    3.334233e+01    4.155750e-03  
  4   1  12   1.878607e+02    1.878607e+02    3.203931e+01    3.203931e+01    -2.687303e-03  
  4   1  13   1.925474e+02    1.925474e+02    3.100144e+01    3.100144e+01    4.927528e-03  
  4   1  14   1.962391e+02    1.962391e+02    2.923398e+01    2.923398e+01    1.525207e-03  
  4   1  15   1.994834e+02    1.994834e+02    2.841763e+01    2.841763e+01    1.003876e-03  
  4   1  16   2.052681e+02    2.052681e+02    2.747554e+01    2.747554e+01    4.696442e-03  
  4   1  17   2.084054e+02    2.084054e+02    2.681655e+01    2.681655e+01    4.056139e-03  
  4   1  18   2.100705e+02    2.100705e+02    2.579338e+01    2.579338e+01    1.669344e-03  
  4   1  19   2.153072e+02    2.153072e+02    2.523760e+01    2.523760e+01    6.461032e-03  
  4   1  20   2.175795e+02    2.175795e+02    2.448798e+01    2.448798e+01    1.352333e-02  
  4   1  21   2.222505e+02    2.222505e+02    2.398187e+01    2.398187e+01    1.887384e-03  
  4   1  22   2.258784e+02    2.258784e+02    2.356625e+01    2.356625e+01    -2.011107e-03  
  4   1  23   2.294425e+02    2.294425e+02    2.298238e+01    2.298238e+01    4.922169e-03  
  4   2   1   1.484698e+02    1.484698e+02    2.767107e+02    2.767107e+02    5.400359e-03  
  4   2   2   1.457015e+02    1.457015e+02    1.706100e+02    1.706100e+02    2.290883e-03  
  4   2   3   1.531933e+02    1.531933e+02    1.551116e+02    1.551116e+02    4.536020e-03  
  4   2   4   1.581069e+02    1.581069e+02    1.287399e+02    1.287399e+02    2.749686e-03  
  4   2   5   1.598514e+02    1.598514e+02    1.163298e+02    1.163298e+02    5.955820e-04  
  4   2   6   1.635937e+02    1.635937e+02    1.084110e+02    1.084110e+02    -6.309549e-05  
  4   2   7   1.702479e+02    1.702479e+02    9.562703e+01    9.562703e+01    -9.287298e-04  
  4   2   8   1.728133e+02    1.728133e+02    9.020504e+01    9.020504e+01    -2.479743e-03  
  4   2   9   1.790545e+02    1.790545e+02    8.839005e+01    8.839005e+01    1.720545e-03  
  4   2  10   1.807486e+02    1.807486e+02    7.994902e+01    7.994902e+01    -5.569122e-03  
  4   2  11   1.892949e+02    1.892949e+02    8.053642e+01    8.053642e+01    4.147022e-03  
  4   2  12   1.893863e+02    1.893863e+02    7.604213e+01    7.604213e+01    -1.185599e-03  
  4   2  13   1.934900e+02    1.934900e+02    7.051429e+01    7.051429e+01    -5.856016e-03  
  4   2  14   2.002061e+02    2.002061e+02    7.062548e+01    7.062548e+01    -2.671770e-03  
  4   2  15   2.020754e+02    2.020754e+02    6.822296e+01    6.822296e+01    -1.927944e-03  
  4   2  16   2.077694e+02    2.077694e+02    6.599097e+01    6.599097e+01    5.726943e-03  
  4   2  17   2.134544e+02    2.134544e+02    6.591472e+01    6.591472e+01    5.058870e-05  
  4   2  18   2.166198e+02    2.166198e+02    6.219040e+01    6.219040e+01    -5.071135e-04  
  4   2  19   2.207705e+02    2.207705e+02    6.165019e+01    6.165019e+01    3.138825e-03  
  4   2  20   2.242381e+02    2.242381e+02    6.088214e+01    6.088214e+01    4.274406e-03  
  4   2  21   2.274701e+02    2.274701e+02    5.805100e+01    5.805100e+01    3.185774e-03  
  4   2  22   2.331789e+02    2.331789e+02    5.896976e+01    5.896976e+01    2.358398e-03  
  4   2  23   2.344989e+02    2.344989e+02    5.761634e+01    5.761634e+01    2.814452e-03  
  4   2  24   2.412019e+02    2.412019e+02    5.652622e+01    5.652622e+01    -9.453589e-03  
  4   2  25   2.439279e+02    2.439279e+02    5.584399e+01    5.584399e+01    8.600252e-04  
  4   2  26   2.488303e+02    2.488303e+02    5.593985e+01    5.593985e+01    -1.259593e-03  
  4   2  27   2.523829e+02    2.523829e+02    5.412141e+01    5.412141e+01    1.901790e-03  
  4   2  28   2.566905e+02    2.566905e+02    5.408230e+01    5.408230e+01    -5.490138e-03  
  4   2  29   2.620233e+02    2.620233e+02    5.346509e+01    5.346509e+01    -1.121670e-04  
  4   2  30   2.644599e+02    2.644599e+02    5.295151e+01    5.295151e+01    -1.400112e-03  
  4   2  31   2.714303e+02    2.714303e+02    5.373342e+01    5.373342e+01    2.170394e-03  
  4   2  32   2.807409e+02    2.807409e+02    5.395474e+01    5.395474e+01    2.302661e-02  
  4   2  33   2.771483e+02    2.771483e+02    5.177317e+01    5.177317e+01    -7.895084e-04  
  4   2  34   2.834403e+02    2.834403e+02    5.240127e+01    5.240127e+01    4.422812e-03  
  4   2  35   2.880168e+02    2.880168e+02    5.181472e+01    5.181472e+01    4.799469e-03  
  4   2  36   2.907976e+02    2.907976e+02    5.149911e+01    5.149911e+01    -2.796434e-03  
  4   2  37   2.947902e+02    2.947902e+02    5.155352e+01    5.155352e+01    3.712643e-03  
  4   2  38   2.980157e+02    2.980157e+02    5.035559e+01    5.035559e+01    3.183800e-03  
  4   2  39   3.053489e+02    3.053489e+02    5.124055e+01    5.124055e+01    1.602444e-03  
  4   2  40   3.099333e+02    3.099333e+02    5.143710e+01    5.143710e+01    -1.844814e-03  
  4   2  41   3.160976e+02    3.160976e+02    5.139436e+01    5.139436e+01    1.419316e-02  
  4   2  42   3.176711e+02    3.176711e+02    5.087061e+01    5.087061e+01    2.588676e-03  
  4   2  43   3.213877e+02    3.213877e+02    5.001915e+01    5.001915e+01    1.204222e-02  
  4   2  44   3.241462e+02    3.241462e+02    4.979780e+01    4.979780e+01    1.271535e-03  
  4   2  45   3.279200e+02    3.279200e+02    4.984309e+01    4.984309e+01    6.002917e-04  
  4   2  46   3.324669e+02    3.324669e+02    4.925118e+01    4.925118e+01    2.064293e-04  
  4   2  47   3.364656e+02    3.364656e+02    4.962423e+01    4.962423e+01    1.128965e-03  
  4   2  48   3.390717e+02    3.390717e+02    4.943132e+01    4.943132e+01    -3.911212e-03  
  4   2  49   3.427758e+02    3.427758e+02    4.871796e+01    4.871796e+01    8.967620e-04  
  4   2  50   3.471449e+02    3.471449e+02    4.893019e+01    4.893019e+01    -5.275194e-03  
  4   2  51   3.506136e+02    3.506136e+02    4.894311e+01    4.894311e+01    3.358973e-03  
  4   2  52   3.559049e+02    3.559049e+02    4.861509e+01    4.861509e+01    -5.573015e-03  
  4   2  53   3.587646e+02    3.587646e+02    4.852059e+01    4.852059e+01    -1.492150e-03  
  4   2  54   3.633415e+02    3.633415e+02    4.866136e+01    4.866136e+01    6.352006e-04  
  4   2  55   3.669840e+02    3.669840e+02    4.840198e+01    4.840198e+01    -7.311385e-03  
  4   2  56   3.747423e+02    3.747423e+02    4.927422e+01    4.927422e+01    3.707533e-04  
  4   2  57   3.769505e+02    3.769505e+02    4.841295e+01    4.841295e+01    1.555634e-03  
  4   2  58   3.812324e+02    3.812324e+02    4.861343e+01    4.861343e+01    -1.948742e-04  
  4   2  59   3.833268e+02    3.833268e+02    4.839940e+01    4.839940e+01    -4.254217e-05  
  4   2  60   3.898912e+02    3.898912e+02    4.862787e+01    4.862787e+01    -3.059210e-03  
  4   2  61   3.947793e+02    3.947793e+02    4.893239e+01    4.893239e+01    2.768943e-03  
  4   2  62   3.960097e+02    3.960097e+02    4.857357e+01    4.857357e+01    4.256371e-03  
  4   3   1   2.257720e+02    2.257720e+02    2.287805e+01    2.287805e+01    6.059323e-03  
  4   3   2   2.293753e+02    2.293753e+02    2.241006e+01    2.241006e+01    4.995488e-03  
  4   3   3   2.333047e+02    2.333047e+02    2.240073e+01    2.240073e+01    7.505698e-03  
  4   3   4   2.368688e+02    2.368688e+02    2.206898e+01    2.206898e+01    1.516768e-03  
  4   3   5   2.414623e+02    2.414623e+02    2.203807e+01    2.203807e+01    1.398383e-03  
  5   1   1   1.378855e+02    1.378855e+02    1.218235e+02    1.218235e+02    2.574728e-03  
  5   1   2   1.436688e+02    1.436688e+02    9.348916e+01    9.348916e+01    -5.645192e-04  
  5   1   3   1.465620e+02    1.465620e+02    6.764303e+01    6.764303e+01    6.137853e-04  
  5   1   4   1.511279e+02    1.511279e+02    5.924017e+01    5.924017e+01    -3.970581e-04  
  5   1   5   1.556158e+02    1.556158e+02    4.952803e+01    4.952803e+01    5.089056e-04  
  5   1   6   1.609613e+02    1.609613e+02    4.819457e+01    4.819457e+01    5.922980e-03  
  5   1   7   1.634929e+02    1.634929e+02    4.249754e+01    4.249754e+01    -8.053180e-04  
  5   1   8   1.669857e+02    1.669857e+02    3.969151e+01    3.969151e+01    -2.267251e-03  
  5   1   9   1.728231e+02    1.728231e+02    3.652770e+01    3.652770e+01    -6.031893e-04  
  5   1  10   1.764649e+02    1.764649e+02    3.480390e+01    3.480390e+01    1.631097e-03  
  5   1  11   1.814403e+02    1.814403e+02    3.293902e+01    3.293902e+01    6.320724e-04  
  5   1  12   1.849860e+02    1.849860e+02    3.130721e+01    3.130721e+01    1.122030e-03  
  5   1  13   1.921703e+02    1.921703e+02    3.091344e+01    3.091344e+01    2.001605e-03  
  5   1  14   1.940808e+02    1.940808e+02    2.875646e+01    2.875646e+01    -7.767416e-03  
  5   1  15   1.993794e+02    1.993794e+02    2.838035e+01    2.838035e+01    -1.495522e-03  
  5   1  16   2.041337e+02    2.041337e+02    2.724885e+01    2.724885e+01    1.959350e-03  
  5   1  17   2.076183e+02    2.076183e+02    2.666104e+01    2.666104e+01    -4.112377e-04  
  5   1  18   2.117944e+02    2.117944e+02    2.611139e+01    2.611139e+01    1.692169e-03  
  5   1  19   2.146016e+02    2.146016e+02    2.510839e+01    2.510839e+01    8.810962e-04  
  5   1  20   2.188514e+02    2.188514e+02    2.470676e+01    2.470676e+01    -2.450251e-03  
  5   1  21   2.226479e+02    2.226479e+02    2.403915e+01    2.403915e+01    1.933850e-03  
  5   1  22   2.247146e+02    2.247146e+02    2.338448e+01    2.338448e+01    8.694586e-03  
  5   1  23   2.286376e+02    2.286376e+02    2.286594e+01    2.286594e+01    -1.472302e-03  
  5   2   1   1.414028e+02    1.414028e+02    2.575101e+02    2.575101e+02    -1.082881e-03  
  5   2   2   1.461744e+02    1.461744e+02    1.713420e+02    1.713420e+02    1.724604e-03  
  5   2   3   1.568000e+02    1.568000e+02    1.605852e+02    1.605852e+02    -3.685311e-04  
  5   2   4   1.542943e+02    1.542943e+02    1.240710e+02    1.240710e+02    1.703557e-03  
  5   2   5   1.578663e+02    1.578663e+02    1.142390e+02    1.142390e+02    -1.368600e-03  
  5   2   6   1.693618e+02    1.693618e+02    1.142214e+02    1.142214e+02    3.449020e-03  
  5   2   7   1.679104e+02    1.679104e+02    9.363233e+01    9.363233e+01    2.183747e-03  
  5   2   8   1.720725e+02    1.720725e+02    8.963925e+01    8.963925e+01    -1.657424e-03  
  5   2   9   1.777737e+02    1.777737e+02    8.744737e+01    8.744737e+01    -1.473067e-03  
  5   2  10   1.862487e+02    1.862487e+02    8.398437e+01    8.398437e+01    -5.603428e-04  
  5   2  11   1.875633e+02    1.875633e+02    7.943655e+01    7.943655e+01    -6.816721e-04  
  5   2  12   1.885762e+02    1.885762e+02    7.563098e+01    7.563098e+01    -7.454230e-03  
  5   2  13   1.947033e+02    1.947033e+02    7.108484e+01    7.108484e+01    -9.052975e-03  
  5   2  14   1.999279e+02    1.999279e+02    7.039183e+01    7.039183e+01    -4.922278e-03  
  5   2  15   2.028401e+02    2.028401e+02    6.860943e+01    6.860943e+01    -1.312766e-03  
  5   2  16   2.068592e+02    2.068592e+02    6.557110e+01    6.557110e+01    2.151845e-03  
  5   2  17   2.099617e+02    2.099617e+02    6.430470e+01    6.430470e+01    7.224719e-04  
  5   2  18   2.138003e+02    2.138003e+02    6.098505e+01    6.098505e+01    -7.755182e-04  
  5   2  19   2.203035e+02    2.203035e+02    6.151831e+01    6.151831e+01    6.696805e-03  
  5   2  20   2.228902e+02    2.228902e+02    6.033749e+01    6.033749e+01    1.304906e-03  
  5   2  21   2.303415e+02    2.303415e+02    5.915672e+01    5.915672e+01    2.306973e-03  
  5   2  22   2.341409e+02    2.341409e+02    5.933171e+01    5.933171e+01    5.432372e-03  
  5   2  23   2.355040e+02    2.355040e+02    5.798617e+01    5.798617e+01    1.820334e-03  
  5   2  24   2.410740e+02    2.410740e+02    5.647877e+01    5.647877e+01    -6.785134e-03  
  5   2  25   2.436025e+02    2.436025e+02    5.573267e+01    5.573267e+01    1.841555e-03  
  5   2  26   2.499524e+02    2.499524e+02    5.632172e+01    5.632172e+01    -1.518679e-03  
  5   2  27   2.537136e+02    2.537136e+02    5.454381e+01    5.454381e+01    -3.569213e-03  
  5   2  28   2.560753e+02    2.560753e+02    5.387739e+01    5.387739e+01    -5.664551e-04  
  5   2  29   2.590494e+02    2.590494e+02    5.255669e+01    5.255669e+01    1.053116e-03  
  5   2  30   2.650732e+02    2.650732e+02    5.309759e+01    5.309759e+01    8.502721e-04  
  5   2  31   2.722432e+02    2.722432e+02    5.397479e+01    5.397479e+01    2.997876e-03  
  5   2  32   2.752927e+02    2.752927e+02    5.240162e+01    5.240162e+01    1.047056e-03  
  5   2  33   2.800436e+02    2.800436e+02    5.258966e+01    5.258966e+01    -6.290894e-06  
  5   2  34   2.823924e+02    2.823924e+02    5.211356e+01    5.211356e+01    -1.720209e-03  
  5   2  35   2.855548e+02    2.855548e+02    5.114444e+01    5.114444e+01    6.578311e-03  
  5   2  36   2.913031e+02    2.913031e+02    5.163359e+01    5.163359e+01    -8.473021e-04  
  5   2  37   2.965091e+02    2.965091e+02    5.197909e+01    5.197909e+01    -1.187993e-02  
  5   2  38   2.994886e+02    2.994886e+02    5.072062e+01    5.072062e+01    1.901425e-03  
  5   2  39   3.082223e+02    3.082223e+02    5.197189e+01    5.197189e+01    1.600266e-02  
  5   2  40   3.117893e+02    3.117893e+02    5.189923e+01    5.189923e+01    -3.864633e-03  
  5   2  41   3.142166e+02    3.142166e+02    5.093262e+01    5.093262e+01    3.626202e-03  
  5   2  42   3.165459e+02    3.165459e+02    5.060206e+01    5.060206e+01    9.522421e-04  
  5   2  43   3.216275e+02    3.216275e+02    5.006651e+01    5.006651e+01    1.515368e-03  
  5   2  44   3.243934e+02    3.243934e+02    4.985155e+01    4.985155e+01    5.684081e-03  
  5   2  45   3.303317e+02    3.303317e+02    5.043280e+01    5.043280e+01    4.485779e-03  
  5   2  46   3.314560e+02    3.314560e+02    4.902563e+01    4.902563e+01    2.568037e-03  
  5   2  47   3.336610e+02    3.336610e+02    4.900501e+01    4.900501e+01    -4.009958e-03  
  5   2  48   3.393846e+02    3.393846e+02    4.949729e+01    4.949729e+01    3.800984e-05  
  5   2  49   3.433055e+02    3.433055e+02    4.883080e+01    4.883080e+01    3.563731e-03  
  5   2  50   3.513574e+02    3.513574e+02    4.982312e+01    4.982312e+01    2.068521e-02  
  5   2  51   3.523465e+02    3.523465e+02    4.929904e+01    4.929904e+01    -1.619467e-03  
  5   2  52   3.562337e+02    3.562337e+02    4.868465e+01    4.868465e+01    8.330888e-04  
  5   2  53   3.602375e+02    3.602375e+02    4.883373e+01    4.883373e+01    2.903660e-03  
  5   2  54   3.644744e+02    3.644744e+02    4.888725e+01    4.888725e+01    9.276455e-04  
  5   2  55   3.679132e+02    3.679132e+02    4.857438e+01    4.857438e+01    5.045367e-03  
  5   2  56   3.720251e+02    3.720251e+02    4.873947e+01    4.873947e+01    -1.270023e-03  
  5   2  57   3.770522e+02    3.770522e+02    4.843251e+01    4.843251e+01    1.492905e-03  
  5   2  58   3.781147e+02    3.781147e+02    4.801869e+01    4.801869e+01    -8.734987e-04  
  5   2  59   3.839399e+02    3.839399e+02    4.851626e+01    4.851626e+01    2.203277e-03  
  5   2  60   3.892785e+02    3.892785e+02    4.850275e+01    4.850275e+01    -5.845069e-04  
  5   2  61   3.919022e+02    3.919022e+02    4.840355e+01    4.840355e+01    6.869095e-04  
  5   2  62   3.975901e+02    3.975901e+02    4.887012e+01    4.887012e+01    6.787879e-04  
  5   3   1   2.275801e+02    2.275801e+02    2.315541e+01    2.315541e+01    2.156941e-02  
  5   3   2   2.300496e+02    2.300496e+02    2.251047e+01    2.251047e+01    7.741903e-03  
  5   3   3   2.351433e+02    2.351433e+02    2.266742e+01    2.266742e+01    -1.945268e-04  
  5   3   4   2.402706e+02    2.402706e+02    2.255247e+01    2.255247e+01    -2.055876e-02  
  5   3   5   2.427489e+02    2.427489e+02    2.221676e+01    2.221676e+01    4.788079e-03  
  6   1   1   1.397561e+02    1.397561e+02    1.244133e+02    1.244133e+02    -1.296279e-04  
  6   1   2   1.429788e+02    1.429788e+02    9.282317e+01    9.282317e+01    2.583769e-03  
  6   1   3   1.468507e+02    1.468507e+02    6.784231e+01    6.784231e+01    -9.093935e-05  
  6   1   4   1.547138e+02    1.547138e+02    6.159614e+01    6.159614e+01    6.176287e-03  
  6   1   5   1.559458e+02    1.559458e+02    4.968337e+01    4.968337e+01    3.423762e-03  
  6   1   6   1.610843e+02    1.610843e+02    4.826655e+01    4.826655e+01    -1.798914e-03  
  6   1   7   1.633043e+02    1.633043e+02    4.242305e+01    4.242305e+01    1.843539e-03  
  6   1   8   1.689919e+02    1.689919e+02    4.040832e+01    4.040832e+01    -5.532246e-03  
  6   1   9   1.738940e+02    1.738940e+02    3.686709e+01    3.686709e+01    -5.530253e-03  
  6   1  10   1.775836e+02    1.775836e+02    3.513389e+01    3.513389e+01    2.856566e-03  
  6   1  11   1.809655e+02    1.809655e+02    3.281203e+01    3.281203e+01    -3.410668e-03  
  6   1  12   1.861991e+02    1.861991e+02    3.161547e+01    3.161547e+01    -2.043281e-03  
  6   1  13   1.898590e+02    1.898590e+02    3.034539e+01    3.034539e+01    -9.385715e-03  
  6   1  14   1.952468e+02    1.952468e+02    2.901268e+01    2.901268e+01    7.092939e-04  
  6   1  15   1.994680e+02    1.994680e+02    2.839899e+01    2.839899e+01    -2.706190e-03  
  6   1  16   2.044837e+02    2.044837e+02    2.731812e+01    2.731812e+01    5.283804e-03  
  6   1  17   2.078139e+02    2.078139e+02    2.669871e+01    2.669871e+01    -6.537249e-04  
  6   1  18   2.127442e+02    2.127442e+02    2.631033e+01    2.631033e+01    2.237331e-02  
  6   1  19   2.143625e+02    2.143625e+02    2.506684e+01    2.506684e+01    -2.195888e-03  
  6   1  20   2.179527e+02    2.179527e+02    2.455471e+01    2.455471e+01    -1.409074e-03  
  6   1  21   2.230644e+02    2.230644e+02    2.410476e+01    2.410476e+01    7.441392e-03  
  6   1  22   2.259298e+02    2.259298e+02    2.357420e+01    2.357420e+01    4.982018e-03  
  6   1  23   2.284991e+02    2.284991e+02    2.284132e+01    2.284132e+01    4.061478e-04  
  6   2   1   1.400437e+02    1.400437e+02    2.542648e+02    2.542648e+02    1.938511e-03  
  6   2   2   1.477933e+02    1.477933e+02    1.741255e+02    1.741255e+02    1.892714e-03  
  6   2   3   1.537685e+02    1.537685e+02    1.557214e+02    1.557214e+02    3.239174e-04  
  6   2   4   1.551691e+02    1.551691e+02    1.251807e+02    1.251807e+02    2.436075e-03  
  6   2   5   1.628194e+02    1.628194e+02    1.196328e+02    1.196328e+02    -3.293378e-03  
  6   2   6   1.631427e+02    1.631427e+02    1.079773e+02    1.079773e+02    7.077398e-04  
  6   2   7   1.699484e+02    1.699484e+02    9.537218e+01    9.537218e+01    -2.149564e-03  
  6   2   8   1.738145e+02    1.738145e+02    9.106539e+01    9.106539e+01    -4.295869e-04  
  6   2   9   1.762413e+02    1.762413e+02    8.626450e+01    8.626450e+01    -1.997379e-03  
  6   2  10   1.845640e+02    1.845640e+02    8.247589e+01    8.247589e+01    -4.433624e-03  
  6   2  11   1.838762e+02    1.838762e+02    7.707558e+01    7.707558e+01    -2.828553e-04  
  6   2  12   1.908637e+02    1.908637e+02    7.693068e+01    7.693068e+01    1.903323e-03  
  6   2  13   1.948303e+02    1.948303e+02    7.115418e+01    7.115418e+01    2.755336e-03  
  6   2  14   1.985885e+02    1.985885e+02    6.968303e+01    6.968303e+01    2.437124e-03  
  6   2  15   2.014720e+02    2.014720e+02    6.791982e+01    6.791982e+01    3.901052e-03  
  6   2  16   2.071361e+02    2.071361e+02    6.570936e+01    6.570936e+01    1.560360e-04  
  6   2  17   2.097902e+02    2.097902e+02    6.423415e+01    6.423415e+01    -1.227771e-03  
  6   2  18   2.172112e+02    2.172112e+02    6.244553e+01    6.244553e+01    -2.134436e-03  
  6   2  19   2.203501e+02    2.203501e+02    6.147321e+01    6.147321e+01    1.270112e-03  
  6   2  20   2.224435e+02    2.224435e+02    6.015742e+01    6.015742e+01    9.208030e-04  
  6   2  21   2.305916e+02    2.305916e+02    5.928878e+01    5.928878e+01    1.544606e-02  
  6   2  22   2.334345e+02    2.334345e+02    5.906696e+01    5.906696e+01    -6.261511e-05  
  6   2  23   2.359431e+02    2.359431e+02    5.816650e+01    5.816650e+01    -5.818894e-03  
  6   2  24   2.398878e+02    2.398878e+02    5.605966e+01    5.605966e+01    -1.574004e-04  
  6   2  25   2.485939e+02    2.485939e+02    5.745543e+01    5.745543e+01    -5.784138e-04  
  6   2  26   2.490442e+02    2.490442e+02    5.603645e+01    5.603645e+01    3.759794e-03  
  6   2  27   2.538254e+02    2.538254e+02    5.457039e+01    5.457039e+01    -8.270692e-03  
  6   2  28   2.579576e+02    2.579576e+02    5.449033e+01    5.449033e+01    4.232469e-03  
  6   2  29   2.616921e+02    2.616921e+02    5.336032e+01    5.336032e+01    -3.713909e-03  
  6   2  30   2.662929e+02    2.662929e+02    5.346908e+01    5.346908e+01    1.180797e-03  
  6   2  31   2.697950e+02    2.697950e+02    5.325022e+01    5.325022e+01    -1.709221e-03  
  6   2  32   2.742673e+02    2.742673e+02    5.210775e+01    5.210775e+01    1.714335e-03  
  6   2  33   2.793026e+02    2.793026e+02    5.240422e+01    5.240422e+01    -3.796279e-03  
  6   2  34   2.834990e+02    2.834990e+02    5.242020e+01    5.242020e+01    -1.017526e-03  
  6   2  35   2.880372e+02    2.880372e+02    5.182634e+01    5.182634e+01    -2.437928e-03  
  6   2  36   2.917341e+02    2.917341e+02    5.174797e+01    5.174797e+01    -3.229254e-03  
  6   2  37   2.953800e+02    2.953800e+02    5.170740e+01    5.170740e+01    1.052931e-03  
  6   2  38   2.989067e+02    2.989067e+02    5.057629e+01    5.057629e+01    6.803949e-03  
  6   2  39   3.054444e+02    3.054444e+02    5.127493e+01    5.127493e+01    -2.319389e-03  
  6   2  40   3.075439e+02    3.075439e+02    5.084391e+01    5.084391e+01    2.370001e-03  
  6   2  41   3.133581e+02    3.133581e+02    5.072546e+01    5.072546e+01    -1.927683e-03  
  6   2  42   3.171802e+02    3.171802e+02    5.075447e+01    5.075447e+01    -2.464771e-04  
  6   2  43   3.198020e+02    3.198020e+02    4.962361e+01    4.962361e+01    -2.047139e-03  
  6   2  44   3.247606e+02    3.247606e+02    4.993695e+01    4.993695e+01    5.312803e-03  
  6   2  45   3.275745e+02    3.275745e+02    4.977098e+01    4.977098e+01    -8.216484e-03  
  6   2  46   3.313139e+02    3.313139e+02    4.899478e+01    4.899478e+01    4.130642e-04  
  6   2  47   3.339490e+02    3.339490e+02    4.907341e+01    4.907341e+01    -6.146834e-04  
  6   2  48   3.387132e+02    3.387132e+02    4.935058e+01    4.935058e+01    -4.686248e-04  
  6   2  49   3.430714e+02    3.430714e+02    4.879038e+01    4.879038e+01    1.993590e-03  
  6   2  50   3.458029e+02    3.458029e+02    4.863825e+01    4.863825e+01    2.201491e-03  
  6   2  51   3.510880e+02    3.510880e+02    4.903885e+01    4.903885e+01    -3.068385e-03  
  6   2  52   3.563210e+02    3.563210e+02    4.870696e+01    4.870696e+01    2.946952e-03  
  6   2  53   3.597342e+02    3.597342e+02    4.873211e+01    4.873211e+01    -1.758968e-03  
  6   2  54   3.632356e+02    3.632356e+02    4.863844e+01    4.863844e+01    9.960867e-04  
  6   2  55   3.671643e+02    3.671643e+02    4.842803e+01    4.842803e+01    -5.839117e-04  
  6   2  56   3.710675e+02    3.710675e+02    4.855187e+01    4.855187e+01    -3.583396e-04  
  6   2  57   3.752778e+02    3.752778e+02    4.808998e+01    4.808998e+01    -2.522941e-03  
  6   2  58   3.775354e+02    3.775354e+02    4.790608e+01    4.790608e+01    4.396112e-04  
  6   2  59   3.834562e+02    3.834562e+02    4.842358e+01    4.842358e+01    -9.921081e-04  
  6   2  60   3.876086e+02    3.876086e+02    4.819139e+01    4.819139e+01    -7.369927e-05  
  6   2  61   3.901799e+02    3.901799e+02    4.808093e+01    4.808093e+01    8.755530e-04  
  6   2  62   3.955253e+02    3.955253e+02    4.848592e+01    4.848592e+01    2.703098e-03  
  6   3   1   2.275587e+02    2.275587e+02    2.315067e+01    2.315067e+01    -2.430950e-03  
  6   3   2   2.314490e+02    2.314490e+02    2.271374e+01    2.271374e+01    3.762671e-03  
  6   3   3   2.343058e+02    2.343058e+02    2.254244e+01    2.254244e+01    1.354283e-02  
  6   3   4   2.393105e+02    2.393105e+02    2.241194e+01    2.241194e+01    -4.604840e-03  
  6   3   5   2.441858e+02    2.441858e+02    2.241842e+01    2.241842e+01    1.272218e-02  
