  1   1   1   1.287440e-02    0.000000e+00  
  1   1   2   2.975095e-04    0.000000e+00  
  1   1   3   4.263688e-02    0.000000e+00  
  1   1   4   3.248808e-02    0.000000e+00  
  1   1   5   -8.785083e-02    0.000000e+00  
  1   1   6   -7.832657e-02    0.000000e+00  
  1   1   7   3.631184e-02    0.000000e+00  
  1   1   8   -2.677692e-02    0.000000e+00  
  1   1   9   -7.330557e-02    0.000000e+00  
  1   1  10   -4.813552e-02    0.000000e+00  
  1   1  11   3.567039e-03    0.000000e+00  
  1   1  12   -1.698520e-02    0.000000e+00  
  1   1  13   5.940022e-02    0.000000e+00  
  1   1  14   -6.053468e-03    0.000000e+00  
  1   1  15   1.756724e-02    0.000000e+00  
  1   1  16   -5.376369e-03    0.000000e+00  
  1   1  17   1.487149e-02    0.000000e+00  
  1   1  18   1.521447e-02    0.000000e+00  
  1   1  19   6.639361e-02    0.000000e+00  
  1   1  20   -3.647873e-02    0.000000e+00  
  1   1  21   5.179880e-02    0.000000e+00  
  1   1  22   1.245959e-01    0.000000e+00  
  1   1  23   1.165732e-01    0.000000e+00  
  1   2   1   1.035974e-02    0.000000e+00  
  1   2   2   -1.245933e-02    0.000000e+00  
  1   2   3   1.283765e-02    0.000000e+00  
  1   2   4   6.065763e-02    0.000000e+00  
  1   2   5   1.276742e-02    0.000000e+00  
  1   2   6   -3.857735e-02    0.000000e+00  
  1   2   7   1.100432e-02    0.000000e+00  
  1   2   8   -5.884719e-02    0.000000e+00  
  1   2   9   3.967659e-03    0.000000e+00  
  1   2  10   -4.952766e-02    0.000000e+00  
  1   2  11   -1.887262e-02    0.000000e+00  
  1   2  12   -7.441068e-02    0.000000e+00  
  1   2  13   -2.681304e-02    0.000000e+00  
  1   2  14   -1.624939e-01    0.000000e+00  
  1   2  15   -6.930587e-02    0.000000e+00  
  1   2  16   -4.524829e-02    0.000000e+00  
  1   2  17   -6.223564e-02    0.000000e+00  
  1   2  18   -7.111624e-02    0.000000e+00  
  1   2  19   -1.346003e-01    0.000000e+00  
  1   2  20   -9.170307e-02    0.000000e+00  
  1   2  21   -6.055229e-02    0.000000e+00  
  1   2  22   4.108467e-02    0.000000e+00  
  1   2  23   -5.528303e-02    0.000000e+00  
  1   2  24   9.215653e-03    0.000000e+00  
  1   2  25   -4.976930e-02    0.000000e+00  
  1   2  26   -1.088835e-02    0.000000e+00  
  1   2  27   -2.305418e-01    0.000000e+00  
  1   2  28   -9.131867e-02    0.000000e+00  
  1   2  29   -2.839076e-02    0.000000e+00  
  1   2  30   1.712703e-02    0.000000e+00  
  1   2  31   5.073932e-02    0.000000e+00  
  1   2  32   2.296275e-02    0.000000e+00  
  1   2  33   -1.252599e-01    0.000000e+00  
  1   2  34   5.200517e-03    0.000000e+00  
  1   2  35   -5.841916e-02    0.000000e+00  
  1   2  36   -4.482670e-02    0.000000e+00  
  1   2  37   1.639911e-02    0.000000e+00  
  1   2  38   -4.105930e-03    0.000000e+00  
  1   2  39   -1.561033e-01    0.000000e+00  
  1   2  40   1.462839e-01    0.000000e+00  
  1   2  41   -5.279464e-02    0.000000e+00  
  1   2  42   -1.028462e-01    0.000000e+00  
  1   2  43   -1.024480e-01    0.000000e+00  
  1   2  44   -5.060025e-02    0.000000e+00  
  1   2  45   -3.801829e-03    0.000000e+00  
  1   2  46   5.099289e-02    0.000000e+00  
  1   2  47   -1.385485e-01    0.000000e+00  
  1   2  48   -1.000281e-01    0.000000e+00  
  1   2  49   6.325270e-02    0.000000e+00  
  1   2  50   2.410348e-02    0.000000e+00  
  1   2  51   -1.270163e-01    0.000000e+00  
  1   2  52   6.026644e-02    0.000000e+00  
  1   2  53   1.231056e-03    0.000000e+00  
  1   2  54   -6.851226e-02    0.000000e+00  
  1   2  55   -1.908805e-02    0.000000e+00  
  1   2  56   -1.465547e-01    0.000000e+00  
  1   2  57   -1.994814e-01    0.000000e+00  
  1   2  58   1.711236e-02    0.000000e+00  
  1   2  59   1.759609e-03    0.000000e+00  
  1   2  60   -1.096084e-02    0.000000e+00  
  1   2  61   -1.990804e-01    0.000000e+00  
  1   2  62   -1.647280e-01    0.000000e+00  
  1   3   1   1.351583e-02    0.000000e+00  
  1   3   2   1.174407e-01    0.000000e+00  
  1   3   3   -1.242244e-01    0.000000e+00  
  1   3   4   4.343129e-02    0.000000e+00  
  1   3   5   1.433173e-02    0.000000e+00  
  2   1   1   1.775763e-02    0.000000e+00  
  2   1   2   9.507603e-03    0.000000e+00  
  2   1   3   -8.468673e-02    0.000000e+00  
  2   1   4   -6.083421e-02    0.000000e+00  
  2   1   5   1.122166e-02    0.000000e+00  
  2   1   6   1.958043e-03    0.000000e+00  
  2   1   7   -5.971353e-03    0.000000e+00  
  2   1   8   -2.791225e-02    0.000000e+00  
  2   1   9   -7.934951e-02    0.000000e+00  
  2   1  10   1.183434e-01    0.000000e+00  
  2   1  11   7.601615e-02    0.000000e+00  
  2   1  12   3.827460e-02    0.000000e+00  
  2   1  13   -2.470141e-02    0.000000e+00  
  2   1  14   -2.521005e-02    0.000000e+00  
  2   1  15   1.948828e-01    0.000000e+00  
  2   1  16   2.693185e-02    0.000000e+00  
  2   1  17   1.017318e-01    0.000000e+00  
  2   1  18   1.717778e-01    0.000000e+00  
  2   1  19   1.173465e-01    0.000000e+00  
  2   1  20   4.822032e-03    0.000000e+00  
  2   1  21   9.374065e-02    0.000000e+00  
  2   1  22   -2.356614e-02    0.000000e+00  
  2   1  23   -2.508038e-02    0.000000e+00  
  2   2   1   -3.869712e-02    0.000000e+00  
  2   2   2   4.084328e-02    0.000000e+00  
  2   2   3   -6.803066e-02    0.000000e+00  
  2   2   4   2.419912e-02    0.000000e+00  
  2   2   5   -5.830995e-02    0.000000e+00  
  2   2   6   2.847314e-02    0.000000e+00  
  2   2   7   2.034505e-02    0.000000e+00  
  2   2   8   4.524182e-02    0.000000e+00  
  2   2   9   -2.795423e-02    0.000000e+00  
  2   2  10   3.991324e-02    0.000000e+00  
  2   2  11   -2.209478e-01    0.000000e+00  
  2   2  12   3.187657e-02    0.000000e+00  
  2   2  13   -1.700419e-02    0.000000e+00  
  2   2  14   6.623369e-03    0.000000e+00  
  2   2  15   -1.294078e-02    0.000000e+00  
  2   2  16   5.646199e-03    0.000000e+00  
  2   2  17   -1.396244e-01    0.000000e+00  
  2   2  18   -7.847108e-02    0.000000e+00  
  2   2  19   -6.010243e-02    0.000000e+00  
  2   2  20   -1.048030e-01    0.000000e+00  
  2   2  21   7.063850e-03    0.000000e+00  
  2   2  22   6.735299e-02    0.000000e+00  
  2   2  23   -8.246178e-02    0.000000e+00  
  2   2  24   5.121271e-02    0.000000e+00  
  2   2  25   6.289567e-02    0.000000e+00  
  2   2  26   -6.089601e-02    0.000000e+00  
  2   2  27   -5.867320e-02    0.000000e+00  
  2   2  28   -7.325901e-02    0.000000e+00  
  2   2  29   5.079672e-02    0.000000e+00  
  2   2  30   -2.528539e-02    0.000000e+00  
  2   2  31   -6.257604e-02    0.000000e+00  
  2   2  32   -5.374510e-02    0.000000e+00  
  2   2  33   7.454256e-02    0.000000e+00  
  2   2  34   -7.180916e-03    0.000000e+00  
  2   2  35   1.409972e-03    0.000000e+00  
  2   2  36   3.270703e-02    0.000000e+00  
  2   2  37   1.086228e-03    0.000000e+00  
  2   2  38   -3.850242e-02    0.000000e+00  
  2   2  39   3.312458e-02    0.000000e+00  
  2   2  40   -2.089528e-03    0.000000e+00  
  2   2  41   -6.785498e-02    0.000000e+00  
  2   2  42   8.388466e-02    0.000000e+00  
  2   2  43   5.354233e-02    0.000000e+00  
  2   2  44   5.160499e-02    0.000000e+00  
  2   2  45   -5.829722e-02    0.000000e+00  
  2   2  46   -4.961094e-02    0.000000e+00  
  2   2  47   -1.959804e-02    0.000000e+00  
  2   2  48   4.159299e-02    0.000000e+00  
  2   2  49   1.201387e-01    0.000000e+00  
  2   2  50   -1.914940e-02    0.000000e+00  
  2   2  51   -1.351234e-01    0.000000e+00  
  2   2  52   -4.032788e-02    0.000000e+00  
  2   2  53   -3.573848e-02    0.000000e+00  
  2   2  54   7.778105e-02    0.000000e+00  
  2   2  55   -6.662295e-02    0.000000e+00  
  2   2  56   4.776259e-02    0.000000e+00  
  2   2  57   -7.232696e-02    0.000000e+00  
  2   2  58   8.717971e-02    0.000000e+00  
  2   2  59   -8.986788e-02    0.000000e+00  
  2   2  60   -3.962322e-02    0.000000e+00  
  2   2  61   -1.291696e-01    0.000000e+00  
  2   2  62   7.685558e-02    0.000000e+00  
  2   3   1   -1.429644e-01    0.000000e+00  
  2   3   2   -8.588293e-02    0.000000e+00  
  2   3   3   -2.783584e-02    0.000000e+00  
  2   3   4   1.735587e-01    0.000000e+00  
  2   3   5   1.216669e-01    0.000000e+00  
  3   1   1   4.900172e-03    0.000000e+00  
  3   1   2   -5.475904e-02    0.000000e+00  
  3   1   3   -5.591060e-02    0.000000e+00  
  3   1   4   -9.612053e-02    0.000000e+00  
  3   1   5   -6.542525e-02    0.000000e+00  
  3   1   6   -2.180139e-03    0.000000e+00  
  3   1   7   1.574425e-02    0.000000e+00  
  3   1   8   -9.970721e-02    0.000000e+00  
  3   1   9   -4.040198e-02    0.000000e+00  
  3   1  10   1.293247e-02    0.000000e+00  
  3   1  11   -8.405577e-02    0.000000e+00  
  3   1  12   4.346738e-03    0.000000e+00  
  3   1  13   2.305559e-02    0.000000e+00  
  3   1  14   4.804580e-02    0.000000e+00  
  3   1  15   1.965468e-02    0.000000e+00  
  3   1  16   6.490906e-03    0.000000e+00  
  3   1  17   1.153508e-01    0.000000e+00  
  3   1  18   -1.966091e-02    0.000000e+00  
  3   1  19   1.221278e-01    0.000000e+00  
  3   1  20   5.809473e-02    0.000000e+00  
  3   1  21   2.362548e-01    0.000000e+00  
  3   1  22   1.879254e-01    0.000000e+00  
  3   1  23   4.744231e-02    0.000000e+00  
  3   2   1   6.893557e-02    0.000000e+00  
  3   2   2   4.596381e-02    0.000000e+00  
  3   2   3   -4.276220e-02    0.000000e+00  
  3   2   4   9.315519e-03    0.000000e+00  
  3   2   5   4.101575e-02    0.000000e+00  
  3   2   6   -4.432502e-02    0.000000e+00  
  3   2   7   -3.930715e-02    0.000000e+00  
  3   2   8   -9.436224e-02    0.000000e+00  
  3   2   9   -6.930832e-02    0.000000e+00  
  3   2  10   -7.658365e-02    0.000000e+00  
  3   2  11   5.778989e-02    0.000000e+00  
  3   2  12   4.830158e-02    0.000000e+00  
  3   2  13   2.629699e-02    0.000000e+00  
  3   2  14   -1.104691e-03    0.000000e+00  
  3   2  15   -4.722517e-03    0.000000e+00  
  3   2  16   -3.268926e-02    0.000000e+00  
  3   2  17   -1.413903e-01    0.000000e+00  
  3   2  18   -5.272988e-02    0.000000e+00  
  3   2  19   6.233974e-02    0.000000e+00  
  3   2  20   -8.081816e-03    0.000000e+00  
  3   2  21   3.541228e-03    0.000000e+00  
  3   2  22   -3.908689e-02    0.000000e+00  
  3   2  23   -5.782153e-02    0.000000e+00  
  3   2  24   -5.500045e-02    0.000000e+00  
  3   2  25   -4.746799e-02    0.000000e+00  
  3   2  26   -5.049105e-02    0.000000e+00  
  3   2  27   -3.668327e-02    0.000000e+00  
  3   2  28   -6.008049e-03    0.000000e+00  
  3   2  29   -1.059731e-02    0.000000e+00  
  3   2  30   6.703348e-04    0.000000e+00  
  3   2  31   -9.433433e-02    0.000000e+00  
  3   2  32   -5.215767e-02    0.000000e+00  
  3   2  33   -6.873976e-02    0.000000e+00  
  3   2  34   -1.780434e-02    0.000000e+00  
  3   2  35   -1.676133e-02    0.000000e+00  
  3   2  36   -3.146305e-02    0.000000e+00  
  3   2  37   1.122230e-02    0.000000e+00  
  3   2  38   -9.261766e-02    0.000000e+00  
  3   2  39   6.045066e-03    0.000000e+00  
  3   2  40   -9.147225e-02    0.000000e+00  
  3   2  41   5.718567e-03    0.000000e+00  
  3   2  42   2.893715e-02    0.000000e+00  
  3   2  43   -9.091433e-02    0.000000e+00  
  3   2  44   -8.381923e-02    0.000000e+00  
  3   2  45   -5.711990e-02    0.000000e+00  
  3   2  46   8.454888e-02    0.000000e+00  
  3   2  47   9.253107e-02    0.000000e+00  
  3   2  48   -7.910848e-02    0.000000e+00  
  3   2  49   1.873628e-02    0.000000e+00  
  3   2  50   -6.875259e-02    0.000000e+00  
  3   2  51   -2.488730e-01    0.000000e+00  
  3   2  52   2.309138e-01    0.000000e+00  
  3   2  53   -3.189024e-02    0.000000e+00  
  3   2  54   5.614675e-02    0.000000e+00  
  3   2  55   6.518731e-03    0.000000e+00  
  3   2  56   1.178304e-01    0.000000e+00  
  3   2  57   3.315646e-02    0.000000e+00  
  3   2  58   -4.016680e-02    0.000000e+00  
  3   2  59   7.378315e-02    0.000000e+00  
  3   2  60   3.726993e-02    0.000000e+00  
  3   2  61   8.947121e-02    0.000000e+00  
  3   2  62   1.452606e-01    0.000000e+00  
  3   3   1   4.771060e-02    0.000000e+00  
  3   3   2   2.340493e-02    0.000000e+00  
  3   3   3   3.803480e-02    0.000000e+00  
  3   3   4   1.761239e-01    0.000000e+00  
  3   3   5   3.832636e-02    0.000000e+00  
  4   1   1   4.668271e-02    0.000000e+00  
  4   1   2   -2.456317e-03    0.000000e+00  
  4   1   3   -7.347721e-02    0.000000e+00  
  4   1   4   2.116329e-02    0.000000e+00  
  4   1   5   -3.405614e-02    0.000000e+00  
  4   1   6   -1.274619e-01    0.000000e+00  
  4   1   7   -8.342542e-02    0.000000e+00  
  4   1   8   -7.571636e-03    0.000000e+00  
  4   1   9   4.599887e-02    0.000000e+00  
  4   1  10   -5.925212e-02    0.000000e+00  
  4   1  11   -4.801283e-02    0.000000e+00  
  4   1  12   -6.221393e-02    0.000000e+00  
  4   1  13   8.810167e-02    0.000000e+00  
  4   1  14   1.665808e-01    0.000000e+00  
  4   1  15   1.124803e-01    0.000000e+00  
  4   1  16   -4.437817e-04    0.000000e+00  
  4   1  17   -1.163143e-03    0.000000e+00  
  4   1  18   4.771021e-02    0.000000e+00  
  4   1  19   2.122175e-02    0.000000e+00  
  4   1  20   5.073849e-02    0.000000e+00  
  4   1  21   1.316106e-01    0.000000e+00  
  4   1  22   1.480433e-01    0.000000e+00  
  4   1  23   5.390544e-02    0.000000e+00  
  4   2   1   6.181463e-02    0.000000e+00  
  4   2   2   5.893134e-02    0.000000e+00  
  4   2   3   -2.509845e-02    0.000000e+00  
  4   2   4   7.608692e-02    0.000000e+00  
  4   2   5   -3.531117e-02    0.000000e+00  
  4   2   6   6.725878e-02    0.000000e+00  
  4   2   7   5.295847e-03    0.000000e+00  
  4   2   8   -3.967020e-02    0.000000e+00  
  4   2   9   -4.685684e-02    0.000000e+00  
  4   2  10   2.461842e-02    0.000000e+00  
  4   2  11   -3.996868e-02    0.000000e+00  
  4   2  12   2.039590e-02    0.000000e+00  
  4   2  13   -8.039476e-02    0.000000e+00  
  4   2  14   -2.994881e-02    0.000000e+00  
  4   2  15   -5.940577e-02    0.000000e+00  
  4   2  16   4.069829e-04    0.000000e+00  
  4   2  17   -8.756435e-02    0.000000e+00  
  4   2  18   -1.083063e-02    0.000000e+00  
  4   2  19   -4.994533e-02    0.000000e+00  
  4   2  20   6.605711e-02    0.000000e+00  
  4   2  21   -2.895412e-02    0.000000e+00  
  4   2  22   1.976400e-02    0.000000e+00  
  4   2  23   -9.605134e-03    0.000000e+00  
  4   2  24   1.360621e-02    0.000000e+00  
  4   2  25   2.977244e-02    0.000000e+00  
  4   2  26   6.865931e-02    0.000000e+00  
  4   2  27   4.335724e-02    0.000000e+00  
  4   2  28   -1.993525e-02    0.000000e+00  
  4   2  29   -7.217046e-02    0.000000e+00  
  4   2  30   6.580980e-02    0.000000e+00  
  4   2  31   -4.955889e-03    0.000000e+00  
  4   2  32   6.833244e-02    0.000000e+00  
  4   2  33   3.030409e-02    0.000000e+00  
  4   2  34   -2.571367e-02    0.000000e+00  
  4   2  35   3.630216e-02    0.000000e+00  
  4   2  36   9.818919e-03    0.000000e+00  
  4   2  37   -4.673992e-02    0.000000e+00  
  4   2  38   -5.050637e-02    0.000000e+00  
  4   2  39   4.140298e-02    0.000000e+00  
  4   2  40   6.351180e-02    0.000000e+00  
  4   2  41   3.412441e-02    0.000000e+00  
  4   2  42   7.096466e-02    0.000000e+00  
  4   2  43   6.546999e-02    0.000000e+00  
  4   2  44   1.312383e-01    0.000000e+00  
  4   2  45   7.212666e-04    0.000000e+00  
  4   2  46   -1.200304e-01    0.000000e+00  
  4   2  47   -1.018421e-01    0.000000e+00  
  4   2  48   -1.181463e-01    0.000000e+00  
  4   2  49   -2.470772e-02    0.000000e+00  
  4   2  50   -6.432291e-02    0.000000e+00  
  4   2  51   -2.201364e-02    0.000000e+00  
  4   2  52   4.868198e-02    0.000000e+00  
  4   2  53   -7.032033e-02    0.000000e+00  
  4   2  54   3.812450e-02    0.000000e+00  
  4   2  55   -3.428952e-02    0.000000e+00  
  4   2  56   -3.490733e-03    0.000000e+00  
  4   2  57   -9.470094e-02    0.000000e+00  
  4   2  58   -1.967145e-01    0.000000e+00  
  4   2  59   2.031041e-01    0.000000e+00  
  4   2  60   -4.976017e-02    0.000000e+00  
  4   2  61   5.874435e-02    0.000000e+00  
  4   2  62   1.089027e-01    0.000000e+00  
  4   3   1   -1.109725e-01    0.000000e+00  
  4   3   2   3.452031e-02    0.000000e+00  
  4   3   3   7.893808e-02    0.000000e+00  
  4   3   4   2.530155e-02    0.000000e+00  
  4   3   5   2.093324e-01    0.000000e+00  
  5   1   1   5.039003e-03    0.000000e+00  
  5   1   2   1.459496e-02    0.000000e+00  
  5   1   3   -2.173006e-02    0.000000e+00  
  5   1   4   9.774549e-03    0.000000e+00  
  5   1   5   1.027084e-02    0.000000e+00  
  5   1   6   -7.043454e-02    0.000000e+00  
  5   1   7   2.256021e-02    0.000000e+00  
  5   1   8   -8.832957e-02    0.000000e+00  
  5   1   9   -9.128906e-03    0.000000e+00  
  5   1  10   2.693653e-02    0.000000e+00  
  5   1  11   5.565545e-02    0.000000e+00  
  5   1  12   -8.987716e-03    0.000000e+00  
  5   1  13   3.678738e-02    0.000000e+00  
  5   1  14   1.282607e-01    0.000000e+00  
  5   1  15   1.776493e-02    0.000000e+00  
  5   1  16   2.030810e-01    0.000000e+00  
  5   1  17   -1.519225e-01    0.000000e+00  
  5   1  18   -1.496920e-02    0.000000e+00  
  5   1  19   1.490854e-01    0.000000e+00  
  5   1  20   -1.183853e-02    0.000000e+00  
  5   1  21   1.098338e-01    0.000000e+00  
  5   1  22   1.113341e-01    0.000000e+00  
  5   1  23   7.582609e-02    0.000000e+00  
  5   2   1   2.786992e-02    0.000000e+00  
  5   2   2   4.927656e-02    0.000000e+00  
  5   2   3   -1.396630e-01    0.000000e+00  
  5   2   4   -7.841257e-02    0.000000e+00  
  5   2   5   -2.491328e-02    0.000000e+00  
  5   2   6   7.276362e-03    0.000000e+00  
  5   2   7   -1.693692e-02    0.000000e+00  
  5   2   8   -1.409765e-02    0.000000e+00  
  5   2   9   -1.626561e-02    0.000000e+00  
  5   2  10   6.698236e-02    0.000000e+00  
  5   2  11   -6.828310e-02    0.000000e+00  
  5   2  12   2.568214e-02    0.000000e+00  
  5   2  13   -1.523413e-02    0.000000e+00  
  5   2  14   -1.937849e-02    0.000000e+00  
  5   2  15   6.399631e-02    0.000000e+00  
  5   2  16   -6.943172e-02    0.000000e+00  
  5   2  17   -1.315011e-03    0.000000e+00  
  5   2  18   -7.425452e-02    0.000000e+00  
  5   2  19   -5.719898e-02    0.000000e+00  
  5   2  20   -4.218449e-03    0.000000e+00  
  5   2  21   8.716932e-03    0.000000e+00  
  5   2  22   -8.202529e-02    0.000000e+00  
  5   2  23   -8.679962e-02    0.000000e+00  
  5   2  24   2.535067e-02    0.000000e+00  
  5   2  25   5.353703e-02    0.000000e+00  
  5   2  26   4.722700e-02    0.000000e+00  
  5   2  27   2.819330e-02    0.000000e+00  
  5   2  28   -4.091187e-02    0.000000e+00  
  5   2  29   -4.975974e-03    0.000000e+00  
  5   2  30   2.687371e-02    0.000000e+00  
  5   2  31   -5.935822e-03    0.000000e+00  
  5   2  32   1.534519e-02    0.000000e+00  
  5   2  33   -7.201119e-03    0.000000e+00  
  5   2  34   7.676720e-02    0.000000e+00  
  5   2  35   -3.032538e-04    0.000000e+00  
  5   2  36   -2.095332e-02    0.000000e+00  
  5   2  37   -9.719307e-02    0.000000e+00  
  5   2  38   6.707828e-02    0.000000e+00  
  5   2  39   2.850515e-02    0.000000e+00  
  5   2  40   3.884257e-02    0.000000e+00  
  5   2  41   -3.577700e-04    0.000000e+00  
  5   2  42   1.665253e-01    0.000000e+00  
  5   2  43   -7.237857e-03    0.000000e+00  
  5   2  44   -5.860230e-02    0.000000e+00  
  5   2  45   3.377691e-02    0.000000e+00  
  5   2  46   -8.543552e-02    0.000000e+00  
  5   2  47   -4.764010e-02    0.000000e+00  
  5   2  48   5.453583e-02    0.000000e+00  
  5   2  49   5.208467e-02    0.000000e+00  
  5   2  50   3.210996e-02    0.000000e+00  
  5   2  51   -3.587029e-02    0.000000e+00  
  5   2  52   -1.521371e-01    0.000000e+00  
  5   2  53   -3.040714e-02    0.000000e+00  
  5   2  54   2.353082e-01    0.000000e+00  
  5   2  55   5.428365e-03    0.000000e+00  
  5   2  56   -8.188912e-03    0.000000e+00  
  5   2  57   5.488544e-02    0.000000e+00  
  5   2  58   -5.110340e-02    0.000000e+00  
  5   2  59   -9.067329e-02    0.000000e+00  
  5   2  60   -1.539620e-01    0.000000e+00  
  5   2  61   1.468749e-02    0.000000e+00  
  5   2  62   -5.213224e-03    0.000000e+00  
  5   3   1   -7.382478e-02    0.000000e+00  
  5   3   2   3.541487e-02    0.000000e+00  
  5   3   3   -7.419974e-02    0.000000e+00  
  5   3   4   1.237346e-01    0.000000e+00  
  5   3   5   7.699527e-02    0.000000e+00  
  6   1   1   5.156984e-03    0.000000e+00  
  6   1   2   2.068341e-03    0.000000e+00  
  6   1   3   -3.577551e-02    0.000000e+00  
  6   1   4   -5.463094e-02    0.000000e+00  
  6   1   5   2.762091e-02    0.000000e+00  
  6   1   6   -8.598155e-02    0.000000e+00  
  6   1   7   -4.690284e-02    0.000000e+00  
  6   1   8   -2.965786e-03    0.000000e+00  
  6   1   9   1.950009e-02    0.000000e+00  
  6   1  10   1.340160e-02    0.000000e+00  
  6   1  11   -6.461718e-02    0.000000e+00  
  6   1  12   -5.526823e-02    0.000000e+00  
  6   1  13   4.693393e-02    0.000000e+00  
  6   1  14   3.523374e-02    0.000000e+00  
  6   1  15   3.521147e-02    0.000000e+00  
  6   1  16   5.363983e-02    0.000000e+00  
  6   1  17   9.535524e-02    0.000000e+00  
  6   1  18   -5.311732e-02    0.000000e+00  
  6   1  19   1.890840e-02    0.000000e+00  
  6   1  20   5.234836e-02    0.000000e+00  
  6   1  21   1.028592e-02    0.000000e+00  
  6   1  22   -6.587124e-02    0.000000e+00  
  6   1  23   2.053367e-01    0.000000e+00  
  6   2   1   1.018222e-02    0.000000e+00  
  6   2   2   -2.619070e-02    0.000000e+00  
  6   2   3   2.640636e-02    0.000000e+00  
  6   2   4   4.756777e-02    0.000000e+00  
  6   2   5   5.739396e-02    0.000000e+00  
  6   2   6   6.036215e-02    0.000000e+00  
  6   2   7   -2.938209e-02    0.000000e+00  
  6   2   8   -5.952917e-02    0.000000e+00  
  6   2   9   -4.425892e-02    0.000000e+00  
  6   2  10   -3.179678e-03    0.000000e+00  
  6   2  11   5.425841e-03    0.000000e+00  
  6   2  12   3.079302e-02    0.000000e+00  
  6   2  13   -3.595974e-02    0.000000e+00  
  6   2  14   -1.118252e-01    0.000000e+00  
  6   2  15   -8.634081e-03    0.000000e+00  
  6   2  16   -1.563522e-01    0.000000e+00  
  6   2  17   2.860655e-02    0.000000e+00  
  6   2  18   2.279983e-02    0.000000e+00  
  6   2  19   -3.965627e-02    0.000000e+00  
  6   2  20   -2.760845e-02    0.000000e+00  
  6   2  21   4.017172e-02    0.000000e+00  
  6   2  22   1.142972e-02    0.000000e+00  
  6   2  23   2.185184e-02    0.000000e+00  
  6   2  24   -3.707414e-02    0.000000e+00  
  6   2  25   -2.935636e-03    0.000000e+00  
  6   2  26   5.448526e-02    0.000000e+00  
  6   2  27   -1.356008e-01    0.000000e+00  
  6   2  28   -8.379602e-02    0.000000e+00  
  6   2  29   -5.425511e-02    0.000000e+00  
  6   2  30   -6.306223e-02    0.000000e+00  
  6   2  31   -6.408462e-02    0.000000e+00  
  6   2  32   -9.088108e-02    0.000000e+00  
  6   2  33   2.575923e-03    0.000000e+00  
  6   2  34   -5.176303e-02    0.000000e+00  
  6   2  35   5.479610e-02    0.000000e+00  
  6   2  36   6.792991e-02    0.000000e+00  
  6   2  37   2.281345e-02    0.000000e+00  
  6   2  38   -1.831147e-02    0.000000e+00  
  6   2  39   5.218483e-02    0.000000e+00  
  6   2  40   -5.485242e-02    0.000000e+00  
  6   2  41   4.807076e-02    0.000000e+00  
  6   2  42   2.320237e-02    0.000000e+00  
  6   2  43   -2.165537e-02    0.000000e+00  
  6   2  44   -9.122765e-02    0.000000e+00  
  6   2  45   3.270079e-02    0.000000e+00  
  6   2  46   -4.271434e-02    0.000000e+00  
  6   2  47   -3.972487e-02    0.000000e+00  
  6   2  48   -7.966615e-02    0.000000e+00  
  6   2  49   -1.025893e-01    0.000000e+00  
  6   2  50   8.020315e-02    0.000000e+00  
  6   2  51   1.150757e-01    0.000000e+00  
  6   2  52   -4.430656e-03    0.000000e+00  
  6   2  53   -3.214591e-02    0.000000e+00  
  6   2  54   -3.346827e-02    0.000000e+00  
  6   2  55   -8.018047e-02    0.000000e+00  
  6   2  56   -5.315931e-02    0.000000e+00  
  6   2  57   9.750039e-02    0.000000e+00  
  6   2  58   9.888523e-02    0.000000e+00  
  6   2  59   -4.199237e-03    0.000000e+00  
  6   2  60   -1.092385e-01    0.000000e+00  
  6   2  61   2.076125e-02    0.000000e+00  
  6   2  62   -1.173867e-03    0.000000e+00  
  6   3   1   1.039790e-01    0.000000e+00  
  6   3   2   2.911872e-02    0.000000e+00  
  6   3   3   -2.854089e-02    0.000000e+00  
  6   3   4   -6.796642e-02    0.000000e+00  
  6   3   5   1.755268e-01    0.000000e+00  
