1 1 1 57.9352 0.43829 0 39.2076 0.577235 0
1 1 2 47.9407 0.438426 0 50.0069 0.384876 0
1 1 3 51.8984 0.560741 0 56.3583 0.691602 0
1 1 4 33.1182 0.434649 0 61.5956 0.694754 0
1 1 5 22.9059 0.648626 0 36.1808 0.47394 0
1 1 6 52.5441 0.516593 0 45.3418 0.407207 0
1 1 7 50.0296 0.479544 0 69.5121 0.581546 0
1 1 8 45.5479 0.521957 0 41.0236 0.51963 0
1 1 9 49.4698 0.426266 0 51.2733 0.52321 0
1 1 10 50.7712 0.464417 0 58.1216 0.489125 0
1 1 11 51.7689 0.476648 0 51.9656 0.337508 0
1 1 12 56.7208 0.356461 0 69.9239 0.610133 0
1 1 13 38.9289 0.498636 0 32.2801 0.384442 0
1 1 14 44.6509 0.515768 0 42.4281 0.586801 0
1 1 15 58.8477 0.490128 0 39.0187 0.50899 0
1 1 16 51.7647 0.554312 0 40.8616 0.724449 0
1 1 17 36.1223 0.436695 0 73.2532 0.464655 0
1 1 18 61.3303 0.501751 0 30.6593 0.517885 0
1 1 19 41.339 0.576619 0 51.3492 0.61568 0
1 1 20 69.1622 0.486167 0 38.2038 0.465258 0
1 1 21 49.2711 0.450669 0 53.5604 0.483065 0
1 1 22 51.5567 0.494716 0 46.432 0.565014 0
1 1 23 56.3457 0.516005 0 66.0308 0.436427 0
1 2 1 46.232 0.398185 0 57.4037 0.416874 0
1 2 2 55.4954 0.584866 0 36.3412 0.483423 0
1 2 3 57.2769 0.320114 0 48.214 0.552802 0
1 2 4 47.0018 0.594144 0 45.4774 0.550295 0
1 2 5 50.4708 0.276086 0 47.9071 0.548907 0
1 2 6 43.7529 0.557397 0 44.0402 0.436689 0
1 2 7 39.5223 0.666368 0 65.5542 0.431859 0
1 2 8 53.509 0.498779 0 36.1002 0.512832 0
1 2 9 45.3031 0.757941 0 44.3724 0.440007 0
1 2 10 53.001 0.536376 0 49.7006 0.680202 0
1 2 11 60.3349 0.438049 0 32.644 0.451538 0
1 2 12 50.568 0.470189 0 48.3766 0.536121 0
1 2 13 55.951 0.564032 0 42.1298 0.597542 0
1 2 14 49.073 0.573004 0 61.1809 0.818497 0
1 2 15 47.5086 0.521669 0 46.1658 0.352217 0
1 2 16 46.6011 0.356552 0 62.938 0.607516 0
1 2 17 69.0467 0.432379 0 46.3515 0.49351 0
1 2 18 46.0129 0.758098 0 50.13 0.39088 0
1 2 19 45.9298 0.637147 0 31.9792 0.372577 0
1 2 20 54.5431 0.348161 0 45.0835 0.443896 0
1 2 21 52.2026 0.656081 0 52.8118 0.216175 0
1 2 22 59.4589 0.469378 0 41.8512 0.33781 0
1 2 23 63.8724 0.46725 0 63.2941 0.416504 0
1 2 24 45.531 0.32547 0 40.1004 0.637846 0
1 2 25 27.0889 0.612721 0 30.6722 0.439506 0
1 2 26 50.061 0.519505 0 45.5466 0.36707 0
1 2 27 61.0041 0.582028 0 56.89 0.298885 0
1 2 28 42.144 0.541224 0 61.4235 0.718371 0
1 2 29 51.7755 0.488427 0 37.7537 0.465652 0
1 2 30 59.736 0.509244 0 57.4896 0.601189 0
1 2 31 37.126 0.508836 0 49.0364 0.607381 0
1 2 32 52.7261 0.441593 0 50.4994 0.594377 0
1 2 33 45.3738 0.428978 0 66.3374 0.414655 0
1 2 34 45.1816 0.365763 0 50.6147 0.507697 0
1 2 35 51.9672 0.538523 0 55.1922 0.441797 0
1 2 36 54.066 0.537306 0 62.8199 0.456525 0
1 2 37 58.6867 0.606811 0 66.2824 0.53445 0
1 2 38 28.3012 0.396842 0 46.9875 0.498765 0
1 2 39 58.443 0.526629 0 50.8245 0.566641 0
1 2 40 59.0508 0.544904 0 53.8552 0.477929 0
1 2 41 56.6612 0.543226 0 62.6455 0.358826 0
1 2 42 60.9532 0.602285 0 37.2753 0.308205 0
1 2 43 62.8636 0.445867 0 55.8392 0.572513 0
1 2 44 34.8321 0.354433 0 34.9461 0.533458 0
1 2 45 65.9692 0.73101 0 35.7651 0.668318 0
1 2 46 26.571 0.524387 0 58.4847 0.499445 0
1 2 47 50.7304 0.467486 0 51.1408 0.51539 0
1 2 48 54.3693 0.487425 0 50.8076 0.522812 0
1 2 49 40.9119 0.341949 0 48.7309 0.496727 0
1 2 50 33.6894 0.655367 0 47.6888 0.637044 0
1 2 51 56.7641 0.504736 0 64.6676 0.516072 0
1 2 52 52.808 0.211072 0 43.9516 0.41469 0
1 2 53 25.3426 0.38779 0 39.7837 0.438356 0
1 2 54 56.7956 0.551914 0 57.7974 0.638652 0
1 2 55 39.0646 0.521269 0 57.6 0.547674 0
1 2 56 45.7948 0.420395 0 56.3283 0.719581 0
1 2 57 50.6652 0.524198 0 49.5703 0.559281 0
1 2 58 48.4893 0.320672 0 33.4373 0.584748 0
1 2 59 54.6615 0.524366 0 39.7435 0.552273 0
1 2 60 53.6566 0.506343 0 59.0866 0.462008 0
1 2 61 49.7898 0.490019 0 69.9174 0.574629 0
1 2 62 41.826 0.607344 0 69.2177 0.662498 0
1 3 1 56.0257 0.556117 0 40.0623 0.40781 0
1 3 2 50.0963 0.491324 0 22.4871 0.654342 0
1 3 3 57.0775 0.475518 0 48.6195 0.478899 0
1 3 4 52.2625 0.516278 0 57.6651 0.557472 0
1 3 5 43.3281 0.385615 0 50.7801 0.554446 0
2 1 1 54.4849 0.548054 0 41.4995 0.436379 0
2 1 2 41.4913 0.625774 0 28.3211 0.371112 0
2 1 3 34.3688 0.420149 0 40.5143 0.413738 0
2 1 4 65.7389 0.447328 0 58.456 0.443677 0
2 1 5 43.3136 0.579457 0 50.3069 0.445666 0
2 1 6 46.5948 0.409996 0 41.4825 0.37254 0
2 1 7 41.8401 0.560208 0 27.0738 0.628051 0
2 1 8 52.8575 0.453826 0 45.9128 0.393097 0
2 1 9 48.821 0.393013 0 57.8895 0.610283 0
2 1 10 50.8138 0.492133 0 50.4812 0.538521 0
2 1 11 49.473 0.566996 0 46.9244 0.542618 0
2 1 12 39.0498 0.430571 0 42.3214 0.447217 0
2 1 13 39.418 0.475543 0 32.7853 0.599112 0
2 1 14 59.7711 0.539579 0 56.0272 0.397001 0
2 1 15 44.1986 0.503931 0 43.5935 0.425864 0
2 1 16 37.422 0.444593 0 42.0414 0.591103 0
2 1 17 73.5732 0.242629 0 56.4603 0.659093 0
2 1 18 37.1861 0.58421 0 60.7215 0.60169 0
2 1 19 41.7603 0.546337 0 72.7975 0.589189 0
2 1 20 37.581 0.293304 0 50.0934 0.35306 0
2 1 21 45.233 0.468106 0 53.6555 0.480053 0
2 1 22 49.8593 0.349965 0 54.8717 0.480884 0
2 1 23 53.2456 0.481986 0 48.3838 0.647974 0
2 2 1 43.5161 0.587417 0 59.2724 0.361848 0
2 2 2 52.8277 0.555908 0 49.4575 0.614422 0
2 2 3 31.3851 0.617682 0 53.9785 0.720919 0
2 2 4 34.1011 0.552632 0 51.2908 0.546391 0
2 2 5 55.9749 0.648005 0 64.0324 0.253085 0
2 2 6 54.6961 0.521135 0 32.3357 0.575204 0
2 2 7 40.1909 0.588439 0 54.3626 0.580124 0
2 2 8 56.6588 0.569991 0 61.9354 0.494612 0
2 2 9 34.3266 0.578414 0 62.4261 0.648913 0
2 2 10 42.8869 0.332801 0 47.5041 0.531163 0
2 2 11 46.9104 0.433029 0 45.5003 0.601584 0
2 2 12 66.1369 0.46221 0 65.3462 0.593437 0
2 2 13 54.1945 0.592897 0 68.0045 0.37807 0
2 2 14 34.2281 0.62462 0 36.2443 0.537794 0
2 2 15 64.1477 0.493638 0 46.791 0.629794 0
2 2 16 53.9319 0.409442 0 50.3971 0.5821 0
2 2 17 57.1589 0.558481 0 44.6897 0.392095 0
2 2 18 35.2672 0.416265 0 42.1639 0.430142 0
2 2 19 79.8446 0.628235 0 43.4452 0.566538 0
2 2 20 32.5325 0.521537 0 50.7275 0.337514 0
2 2 21 43.0843 0.560503 0 53.1252 0.351863 0
2 2 22 55.0669 0.442331 0 69.126 0.492423 0
2 2 23 44.9879 0.347914 0 56.2125 0.508795 0
2 2 24 55.0572 0.489055 0 66.7213 0.297985 0
2 2 25 47.9935 0.500311 0 37.9692 0.520151 0
2 2 26 42.1233 0.526632 0 70.4669 0.339748 0
2 2 27 56.9788 0.520648 0 57.2889 0.590707 0
2 2 28 61.2812 0.529248 0 52.3884 0.551029 0
2 2 29 33.5311 0.357542 0 40.6179 0.321864 0
2 2 30 33.8278 0.390693 0 58.9121 0.628064 0
2 2 31 49.3536 0.280951 0 45.557 0.421726 0
2 2 32 63.7175 0.470902 0 59.7755 0.427312 0
2 2 33 58.5231 0.825182 0 52.1642 0.411759 0
2 2 34 42.1667 0.672241 0 50.5896 0.405247 0
2 2 35 57.8333 0.727486 0 56.537 0.383048 0
2 2 36 51.5376 0.559637 0 53.5529 0.649419 0
2 2 37 44.1178 0.489344 0 23.4555 0.618214 0
2 2 38 49.9978 0.602123 0 60.907 0.468489 0
2 2 39 48.2735 0.462026 0 45.6461 0.592518 0
2 2 40 53.0401 0.490095 0 44.1738 0.421752 0
2 2 41 55.4994 0.464595 0 55.3837 0.635344 0
2 2 42 38.5507 0.501368 0 58.7444 0.704338 0
2 2 43 53.3591 0.455825 0 47.5481 0.567828 0
2 2 44 41.554 0.431194 0 51.0016 0.53906 0
2 2 45 49.3705 0.594296 0 63.4685 0.639265 0
2 2 46 54.6845 0.386742 0 50.9926 0.417746 0
2 2 47 40.3111 0.567996 0 54.5746 0.296347 0
2 2 48 39.0239 0.402841 0 55.8922 0.443761 0
2 2 49 53.2858 0.425554 0 48.123 0.436464 0
2 2 50 41.2488 0.560082 0 45.2517 0.437146 0
2 2 51 48.5121 0.469517 0 48.312 0.687891 0
2 2 52 46.7878 0.367995 0 57.5038 0.429179 0
2 2 53 57.1297 0.634468 0 47.0369 0.503451 0
2 2 54 55.8177 0.563793 0 55.1514 0.573109 0
2 2 55 54.0075 0.62719 0 60.8918 0.507617 0
2 2 56 55.7187 0.571068 0 58.4848 0.391851 0
2 2 57 60.6292 0.613992 0 42.3644 0.54234 0
2 2 58 62.4154 0.594909 0 65.8956 0.51893 0
2 2 59 50.8754 0.596368 0 47.7745 0.405741 0
2 2 60 69.3548 0.439988 0 40.1052 0.383201 0
2 2 61 45.8834 0.474444 0 42.3625 0.580256 0
2 2 62 49.4105 0.603347 0 55.2128 0.430057 0
2 3 1 43.4658 0.492504 0 47.5925 0.304273 0
2 3 2 45.0335 0.362379 0 39.4088 0.436096 0
2 3 3 58.6239 0.320742 0 58.6831 0.518031 0
2 3 4 50.5057 0.495003 0 58.9455 0.524437 0
2 3 5 42.9933 0.61476 0 60.5323 0.532 0
3 1 1 36.1696 0.413587 0 45.8558 0.516744 0
3 1 2 62.6453 0.420465 0 50.7609 0.627633 0
3 1 3 57.4137 0.481084 0 49.3571 0.568314 0
3 1 4 49.9288 0.438539 0 52.011 0.54832 0
3 1 5 65.0873 0.365943 0 56.3191 0.403309 0
3 1 6 54.2363 0.576995 0 50.0277 0.595353 0
3 1 7 39.1581 0.449466 0 52.027 0.457468 0
3 1 8 33.1467 0.454085 0 37.4729 0.635204 0
3 1 9 52.5501 0.527133 0 38.8664 0.571701 0
3 1 10 26.9506 0.415838 0 38.8833 0.540305 0
3 1 11 50.218 0.611961 0 53.0069 0.681647 0
3 1 12 61.271 0.287172 0 47.9582 0.639269 0
3 1 13 49.5437 0.593217 0 44.5581 0.537123 0
3 1 14 50.1217 0.46582 0 50.136 0.42752 0
3 1 15 48.4705 0.383036 0 46.2838 0.496815 0
3 1 16 44.1502 0.646283 0 34.5151 0.399759 0
3 1 17 46.9653 0.571199 0 36.8041 0.525347 0
3 1 18 59.9407 0.49001 0 36.0303 0.447217 0
3 1 19 48.8514 0.433115 0 63.1818 0.48281 0
3 1 20 55.1555 0.548484 0 68.119 0.620149 0
3 1 21 45.2414 0.527826 0 60.3868 0.590049 0
3 1 22 61.6232 0.589776 0 61.7128 0.51487 0
3 1 23 46.3952 0.544828 0 49.567 0.511392 0
3 2 1 65.1944 0.424783 0 40.6549 0.597963 0
3 2 2 56.6376 0.658023 0 49.4067 0.567092 0
3 2 3 54.5751 0.455189 0 39.1047 0.556688 0
3 2 4 34.4473 0.604289 0 41.505 0.574335 0
3 2 5 51.9906 0.353092 0 51.651 0.520493 0
3 2 6 45.5658 0.415075 0 55.2302 0.368997 0
3 2 7 66.2134 0.563741 0 63.6092 0.581459 0
3 2 8 48.3306 0.560464 0 61.63 0.533826 0
3 2 9 25.003 0.536781 0 43.3893 0.441462 0
3 2 10 51.7457 0.468126 0 54.9673 0.59008 0
3 2 11 45.8586 0.633754 0 46.8566 0.600379 0
3 2 12 39.4468 0.367794 0 58.4138 0.347263 0
3 2 13 41.6651 0.519377 0 44.3069 0.301925 0
3 2 14 49.4629 0.635049 0 51.3141 0.445085 0
3 2 15 47.9983 0.553869 0 65.0275 0.547623 0
3 2 16 56.3405 0.551562 0 52.6769 0.397754 0
3 2 17 68.6011 0.411314 0 37.78 0.457805 0
3 2 18 53.4245 0.724828 0 44.3004 0.686437 0
3 2 19 39.7274 0.41486 0 40.6871 0.393563 0
3 2 20 57.6216 0.483155 0 60.6967 0.69772 0
3 2 21 46.7607 0.470458 0 51.2895 0.406279 0
3 2 22 63.19 0.535172 0 50.7545 0.431264 0
3 2 23 53.9014 0.538961 0 70.5094 0.598347 0
3 2 24 36.9 0.55015 0 48.6941 0.475512 0
3 2 25 54.361 0.568502 0 46.1468 0.524043 0
3 2 26 41.0967 0.641358 0 45.3298 0.426427 0
3 2 27 72.4053 0.704422 0 30.2561 0.526974 0
3 2 28 45.4255 0.636544 0 57.3125 0.651341 0
3 2 29 61.5177 0.510368 0 56.4747 0.627861 0
3 2 30 50.6795 0.26034 0 43.0651 0.415337 0
3 2 31 51.0137 0.446607 0 45.4905 0.265039 0
3 2 32 56.2341 0.494114 0 46.2934 0.359643 0
3 2 33 64.5382 0.320563 0 45.1645 0.433751 0
3 2 34 51.0327 0.399625 0 61.7608 0.482526 0
3 2 35 63.2629 0.514698 0 39.7035 0.695505 0
3 2 36 39.2911 0.413121 0 46.9545 0.473973 0
3 2 37 57.2404 0.566365 0 39.1975 0.422591 0
3 2 38 56.9355 0.450523 0 42.084 0.584704 0
3 2 39 44.1246 0.658263 0 31.1803 0.572635 0
3 2 40 36.899 0.501209 0 51.1616 0.574315 0
3 2 41 64.1195 0.427181 0 34.6749 0.644589 0
3 2 42 50.9532 0.424868 0 58.3519 0.482347 0
3 2 43 66.2254 0.529902 0 41.046 0.357581 0
3 2 44 42.9756 0.350026 0 36.4264 0.42994 0
3 2 45 52.6063 0.433773 0 48.296 0.518468 0
3 2 46 50.9908 0.557534 0 42.4651 0.558988 0
3 2 47 47.3502 0.449085 0 46.2977 0.598544 0
3 2 48 45.7188 0.429478 0 47.4719 0.508687 0
3 2 49 46.407 0.280472 0 45.1024 0.594561 0
3 2 50 61.8295 0.591761 0 31.0295 0.695304 0
3 2 51 56.7123 0.376674 0 33.8937 0.542085 0
3 2 52 43.314 0.498984 0 39.8285 0.533273 0
3 2 53 50.8811 0.492457 0 40.921 0.448467 0
3 2 54 55.5943 0.456484 0 47.7538 0.514228 0
3 2 55 47.9188 0.468403 0 68.8293 0.628733 0
3 2 56 46.6908 0.42991 0 43.8033 0.448765 0
3 2 57 51.4028 0.471234 0 45.2381 0.467941 0
3 2 58 56.6364 0.404159 0 52.8117 0.669736 0
3 2 59 54.8273 0.527808 0 45.8045 0.548968 0
3 2 60 43.461 0.412006 0 48.0609 0.533164 0
3 2 61 46.7276 0.46731 0 61.1316 0.556138 0
3 2 62 52.1328 0.586922 0 72.4748 0.513485 0
3 3 1 54.3359 0.486855 0 51.131 0.649256 0
3 3 2 56.2781 0.241045 0 55.5396 0.54311 0
3 3 3 49.5701 0.50524 0 49.4936 0.534327 0
3 3 4 58.7067 0.41523 0 46.9739 0.590855 0
3 3 5 69.8111 0.487652 0 35.6962 0.395115 0
4 1 1 61.7574 0.522315 0 47.6719 0.56622 0
4 1 2 65.7479 0.657865 0 40.2891 0.430922 0
4 1 3 40.6801 0.549264 0 44.0003 0.394488 0
4 1 4 49.8297 0.601387 0 51.4894 0.539865 0
4 1 5 33.5559 0.402671 0 62.6732 0.581013 0
4 1 6 49.5391 0.475261 0 42.9934 0.498327 0
4 1 7 51.2677 0.482567 0 38.9039 0.285175 0
4 1 8 34.5508 0.529399 0 61.1551 0.596027 0
4 1 9 54.0926 0.348031 0 60.5263 0.365318 0
4 1 10 43.9903 0.532228 0 38.9762 0.462514 0
4 1 11 18.5417 0.644634 0 36.5372 0.566062 0
4 1 12 30.1726 0.526681 0 40.3559 0.56224 0
4 1 13 50.4014 0.479526 0 57.9512 0.351361 0
4 1 14 54.055 0.574973 0 51.8785 0.383769 0
4 1 15 44.9905 0.575916 0 63.9663 0.493713 0
4 1 16 59.6073 0.549574 0 46.1715 0.510642 0
4 1 17 47.143 0.382101 0 56.8573 0.279292 0
4 1 18 50.4971 0.52239 0 47.8735 0.446209 0
4 1 19 68.1716 0.299307 0 67.6436 0.456783 0
4 1 20 55.5131 0.409796 0 51.2579 0.627126 0
4 1 21 54.5059 0.494158 0 59.997 0.48908 0
4 1 22 42.7337 0.363737 0 50.1104 0.509045 0
4 1 23 70.0159 0.543624 0 53.7781 0.540583 0
4 2 1 63.1966 0.488533 0 54.1447 0.592108 0
4 2 2 48.2183 0.60047 0 40.363 0.422071 0
4 2 3 43.4188 0.519745 0 53.25 0.523551 0
4 2 4 38.748 0.473806 0 50.871 0.318933 0
4 2 5 56.0581 0.400724 0 39.3607 0.444273 0
4 2 6 49.5828 0.368021 0 59.7902 0.430949 0
4 2 7 53.3139 0.514363 0 43.19 0.468579 0
4 2 8 60.0043 0.543282 0 41.037 0.600353 0
4 2 9 50.2245 0.445879 0 67.945 0.601401 0
4 2 10 50.4713 0.606419 0 57.7746 0.575454 0
4 2 11 42.1859 0.54746 0 70 0.43718 0
4 2 12 52.0034 0.407326 0 51.9113 0.502196 0
4 2 13 48.8644 0.446374 0 40.6351 0.609186 0
4 2 14 47.7633 0.582103 0 55.7822 0.525244 0
4 2 15 63.3288 0.511342 0 47.1864 0.542125 0
4 2 16 42.7247 0.504709 0 56.3055 0.425034 0
4 2 17 44.3664 0.573191 0 34.3257 0.46664 0
4 2 18 48.6282 0.603666 0 73.2151 0.418962 0
4 2 19 45.0705 0.716244 0 35.0614 0.477488 0
4 2 20 58.8121 0.672563 0 56.9182 0.485607 0
4 2 21 42.2739 0.585295 0 58.5941 0.506656 0
4 2 22 41.9864 0.552117 0 59.4691 0.621284 0
4 2 23 40.4794 0.601495 0 35.1457 0.390931 0
4 2 24 33.7538 0.530572 0 33.5364 0.456067 0
4 2 25 46.6558 0.517635 0 47.9417 0.677804 0
4 2 26 59.5745 0.540521 0 36.8948 0.322486 0
4 2 27 47.1883 0.538102 0 45.2899 0.530969 0
4 2 28 58.4714 0.597264 0 48.3288 0.588945 0
4 2 29 57.7076 0.643619 0 42.2152 0.498942 0
4 2 30 59.9226 0.30584 0 64.4714 0.614361 0
4 2 31 35.9628 0.488216 0 63.0866 0.183595 0
4 2 32 43.0479 0.49576 0 52.7718 0.697473 0
4 2 33 56.2202 0.445464 0 53.6772 0.414657 0
4 2 34 40.2124 0.509381 0 55.8156 0.396594 0
4 2 35 54.8757 0.538765 0 54.5371 0.364212 0
4 2 36 64.3236 0.613779 0 45.8715 0.55897 0
4 2 37 37.6543 0.518416 0 46.1249 0.640629 0
4 2 38 54.8543 0.67767 0 64.3273 0.57776 0
4 2 39 37.4582 0.509385 0 61.2743 0.597339 0
4 2 40 62.7649 0.511465 0 51.669 0.348971 0
4 2 41 60.8833 0.566208 0 45.2935 0.625904 0
4 2 42 50.5728 0.402983 0 47.6191 0.448859 0
4 2 43 43.5866 0.589275 0 51.3463 0.413301 0
4 2 44 68.814 0.486414 0 43.5813 0.64966 0
4 2 45 41.9613 0.349669 0 61.2177 0.580215 0
4 2 46 55.6082 0.507643 0 54.5306 0.393307 0
4 2 47 56.789 0.49974 0 57.423 0.536601 0
4 2 48 52.9109 0.559053 0 58.22 0.4681 0
4 2 49 50.8034 0.319863 0 70.0709 0.413798 0
4 2 50 66.1859 0.612758 0 44.1058 0.529868 0
4 2 51 54.6105 0.333836 0 67.5904 0.478485 0
4 2 52 56.6811 0.522288 0 68.4894 0.399473 0
4 2 53 54.5777 0.464655 0 45.6231 0.46046 0
4 2 54 41.3686 0.506145 0 35.7361 0.682739 0
4 2 55 50.1328 0.556404 0 45.7655 0.463042 0
4 2 56 42.6777 0.340194 0 63.2235 0.387176 0
4 2 57 23.6502 0.525106 0 49.8261 0.477837 0
4 2 58 57.7303 0.557038 0 43.9689 0.450093 0
4 2 59 77.0351 0.514859 0 42.0953 0.559661 0
4 2 60 33.617 0.760197 0 40.1334 0.56604 0
4 2 61 57.484 0.58041 0 48.8408 0.505908 0
4 2 62 63.1919 0.542145 0 53.5788 0.532055 0
4 3 1 42.78 0.46797 0 68.336 0.547714 0
4 3 2 52.0261 0.637578 0 62.2906 0.361949 0
4 3 3 62.1682 0.511196 0 32.3868 0.544033 0
4 3 4 59.084 0.525495 0 46.9954 0.521709 0
4 3 5 32.697 0.469059 0 46.0051 0.5172 0
5 1 1 54.7247 0.395127 0 54.11 0.439355 0
5 1 2 53.8126 0.559536 0 55.0299 0.529361 0
5 1 3 58.1245 0.577197 0 33.0046 0.526666 0
5 1 4 51.0385 0.539187 0 42.822 0.611625 0
5 1 5 52.0986 0.652927 0 36.0801 0.58529 0
5 1 6 41.2245 0.659565 0 51.4693 0.413328 0
5 1 7 63.9086 0.526654 0 59.5091 0.517878 0
5 1 8 53.7205 0.491629 0 44.7766 0.520272 0
5 1 9 48.5622 0.385609 0 38.7418 0.49265 0
5 1 10 40.5494 0.387416 0 42.3991 0.367223 0
5 1 11 44.022 0.414652 0 51.3403 0.538776 0
5 1 12 57.2092 0.564124 0 46.2216 0.507284 0
5 1 13 57.9435 0.622066 0 55.0026 0.469089 0
5 1 14 38.8865 0.628752 0 63.5755 0.533443 0
5 1 15 43.8284 0.501266 0 39.1773 0.549197 0
5 1 16 30.1507 0.581281 0 33.5208 0.831023 0
5 1 17 57.257 0.561736 0 64.9596 0.485676 0
5 1 18 70.4896 0.460374 0 27.7607 0.548186 0
5 1 19 39.1325 0.496525 0 58.8812 0.586387 0
5 1 20 43.6749 0.400089 0 73.1122 0.605523 0
5 1 21 44.3233 0.500624 0 59.4899 0.657173 0
5 1 22 61.9322 0.508355 0 54.5767 0.642358 0
5 1 23 49.8926 0.548573 0 47.7164 0.399472 0
5 2 1 43.1008 0.436083 0 62.378 0.564809 0
5 2 2 58.9104 0.521281 0 54.3217 0.627072 0
5 2 3 54.4614 0.391627 0 59.8906 0.496867 0
5 2 4 47.2283 0.358065 0 39.7977 0.782835 0
5 2 5 52.8714 0.604541 0 52.5322 0.463916 0
5 2 6 39.913 0.68437 0 34.5826 0.526694 0
5 2 7 55.3009 0.456849 0 54.3484 0.651195 0
5 2 8 35.9495 0.458015 0 52.9649 0.468128 0
5 2 9 49.8324 0.531673 0 62.7353 0.544903 0
5 2 10 55.783 0.481534 0 65.5153 0.492008 0
5 2 11 49.2223 0.49996 0 42.2761 0.404934 0
5 2 12 60.6547 0.581317 0 68.3454 0.669722 0
5 2 13 40.0735 0.452353 0 48.7178 0.613226 0
5 2 14 48.9463 0.417179 0 50.824 0.599329 0
5 2 15 61.9372 0.400377 0 49.6962 0.430014 0
5 2 16 57.2382 0.428926 0 37.0895 0.617719 0
5 2 17 53.3187 0.675104 0 41.7217 0.514194 0
5 2 18 31.5295 0.452798 0 47.2724 0.44909 0
5 2 19 42.1545 0.58206 0 56.2455 0.678249 0
5 2 20 42.9683 0.343487 0 43.555 0.388895 0
5 2 21 53.1786 0.59345 0 55.9732 0.465156 0
5 2 22 58.882 0.569843 0 46.5121 0.387838 0
5 2 23 50.125 0.339597 0 59.0016 0.675839 0
5 2 24 32.3612 0.395919 0 50.4822 0.865736 0
5 2 25 47.7638 0.47061 0 75.7921 0.683951 0
5 2 26 51.0509 0.466376 0 46.5765 0.5585 0
5 2 27 32.443 0.599792 0 86.0087 0.376308 0
5 2 28 53.2784 0.518848 0 53.2556 0.604057 0
5 2 29 41.2726 0.422912 0 40.4565 0.575574 0
5 2 30 43.4695 0.708151 0 60.3042 0.473105 0
5 2 31 41.1702 0.494949 0 52.5008 0.399639 0
5 2 32 70.7727 0.296598 0 73.2935 0.505042 0
5 2 33 48.1653 0.461607 0 43.2524 0.485924 0
5 2 34 41.7571 0.471139 0 55.5219 0.415183 0
5 2 35 68.2729 0.500725 0 51.7383 0.474345 0
5 2 36 53.0053 0.517289 0 46.6361 0.544878 0
5 2 37 55.805 0.759327 0 53.9774 0.413655 0
5 2 38 41.8858 0.501711 0 55.7301 0.539362 0
5 2 39 64.7527 0.603654 0 34.9668 0.450353 0
5 2 40 44.6875 0.571532 0 59.9991 0.456495 0
5 2 41 24.8112 0.296505 0 46.9242 0.430912 0
5 2 42 50.9215 0.497499 0 50.4575 0.421225 0
5 2 43 44.9007 0.541983 0 42.2586 0.691386 0
5 2 44 57.1456 0.347212 0 35.7564 0.635285 0
5 2 45 57.3097 0.609791 0 51.5581 0.541556 0
5 2 46 44.591 0.315167 0 60.6778 0.557907 0
5 2 47 57.4062 0.582094 0 68.737 0.392518 0
5 2 48 61.1047 0.609738 0 55.036 0.531944 0
5 2 49 31.5357 0.522773 0 62.6418 0.443434 0
5 2 50 43.4517 0.476445 0 42.001 0.443067 0
5 2 51 63.1826 0.471536 0 45.6414 0.439416 0
5 2 52 45.6414 0.461405 0 55.8096 0.46592 0
5 2 53 55.1527 0.542073 0 50.7269 0.53167 0
5 2 54 33.0893 0.608112 0 32.1577 0.357977 0
5 2 55 60.3027 0.513389 0 56.5408 0.474752 0
5 2 56 60.8967 0.53074 0 49.6876 0.439186 0
5 2 57 54.6891 0.473489 0 58.623 0.463432 0
5 2 58 49.3205 0.435474 0 40.4732 0.545509 0
5 2 59 54.6848 0.561295 0 35.4069 0.531159 0
5 2 60 49.6414 0.614867 0 48.1072 0.404711 0
5 2 61 44.6613 0.502594 0 47.2129 0.55683 0
5 2 62 40.7043 0.476063 0 41.2355 0.55336 0
5 3 1 33.4377 0.551171 0 55.8749 0.523387 0
5 3 2 50.949 0.540908 0 55.4429 0.465884 0
5 3 3 48.7297 0.607402 0 48.6631 0.521805 0
5 3 4 60.2111 0.646465 0 39.2363 0.44256 0
5 3 5 41.8923 0.603057 0 47.7452 0.604314 0
6 1 1 42.678 0.408659 0 49.7474 0.508153 0
6 1 2 70.0655 0.555736 0 60.4128 0.487344 0
6 1 3 60.3817 0.607469 0 58.1639 0.495562 0
6 1 4 59.887 0.439936 0 56.4531 0.696418 0
6 1 5 43.9486 0.472923 0 55.9165 0.456041 0
6 1 6 52.2465 0.317119 0 46.1507 0.592679 0
6 1 7 52.8959 0.590067 0 46.9882 0.489396 0
6 1 8 50.3434 0.490366 0 43.0448 0.430503 0
6 1 9 54.9813 0.431414 0 55.8513 0.421193 0
6 1 10 48.5734 0.445094 0 47.6636 0.761111 0
6 1 11 58.6328 0.474373 0 51.0065 0.452104 0
6 1 12 41.0464 0.566323 0 27.7306 0.549538 0
6 1 13 43.3988 0.401019 0 46.4564 0.419947 0
6 1 14 52.1029 0.35008 0 65.1037 0.405114 0
6 1 15 41.3466 0.480028 0 44.5087 0.484472 0
6 1 16 44.8794 0.354151 0 50.0858 0.478279 0
6 1 17 55.2575 0.443156 0 49.5077 0.61049 0
6 1 18 43.7282 0.468161 0 58.43 0.683797 0
6 1 19 57.3532 0.570538 0 68.2927 0.534671 0
6 1 20 51.4394 0.542253 0 47.8346 0.532808 0
6 1 21 39.9154 0.487735 0 31.3665 0.596791 0
6 1 22 60.1686 0.437699 0 60.6485 0.551005 0
6 1 23 53.6529 0.437092 0 49.0783 0.571874 0
6 2 1 50.8179 0.449225 0 50.0545 0.584756 0
6 2 2 46.3763 0.430526 0 52.9252 0.542136 0
6 2 3 51.7416 0.560508 0 50.9342 0.755556 0
6 2 4 34.6177 0.454703 0 48.1346 0.531792 0
6 2 5 51.292 0.538281 0 57.871 0.372927 0
6 2 6 61.3102 0.415655 0 40.5554 0.531132 0
6 2 7 58.4418 0.492613 0 59.2751 0.501964 0
6 2 8 45.6962 0.330416 0 66.4774 0.583673 0
6 2 9 48.4091 0.716784 0 63.2534 0.472826 0
6 2 10 46.5972 0.605509 0 51.0672 0.493229 0
6 2 11 67.4716 0.712143 0 69.5359 0.460993 0
6 2 12 46.7638 0.580807 0 48.746 0.558931 0
6 2 13 57.2438 0.476527 0 56.4083 0.446577 0
6 2 14 55.2584 0.29959 0 52.1783 0.564408 0
6 2 15 63.536 0.476771 0 63.6139 0.383239 0
6 2 16 42.0812 0.538894 0 48.7293 0.613554 0
6 2 17 46.8631 0.379503 0 58.8964 0.437118 0
6 2 18 73.7223 0.526283 0 46.7239 0.30818 0
6 2 19 48.2703 0.554131 0 65.4432 0.355601 0
6 2 20 72.6095 0.655867 0 48.005 0.567394 0
6 2 21 54.1496 0.538411 0 66.6797 0.442799 0
6 2 22 48.9394 0.693112 0 43.0327 0.303609 0
6 2 23 56.5125 0.637521 0 65.5685 0.435478 0
6 2 24 52.9639 0.442924 0 65.6014 0.620461 0
6 2 25 51.5653 0.389242 0 49.5994 0.46979 0
6 2 26 41.0432 0.414624 0 44.5728 0.519735 0
6 2 27 42.7097 0.478463 0 63.6482 0.553046 0
6 2 28 50.6536 0.424053 0 39.1328 0.63389 0
6 2 29 63.7294 0.544417 0 40.4244 0.530148 0
6 2 30 48.1533 0.508879 0 45.1526 0.563191 0
6 2 31 70.2392 0.495709 0 38.7971 0.567082 0
6 2 32 34.3467 0.449271 0 54.7088 0.610724 0
6 2 33 46.557 0.40724 0 57.2016 0.496606 0
6 2 34 56.3523 0.333059 0 46.1401 0.53525 0
6 2 35 46.2824 0.538395 0 53.9276 0.457237 0
6 2 36 56.6601 0.582114 0 47.0807 0.357305 0
6 2 37 55.8399 0.523176 0 42.7437 0.413699 0
6 2 38 49.4709 0.701678 0 55.9596 0.359554 0
6 2 39 59.59 0.486624 0 46.6936 0.512813 0
6 2 40 45.3806 0.461732 0 29.2583 0.624884 0
6 2 41 36.9487 0.591831 0 46.4516 0.35214 0
6 2 42 47.8256 0.582691 0 43.4211 0.463961 0
6 2 43 62.7019 0.487497 0 47.1945 0.398291 0
6 2 44 45.1358 0.500132 0 31.1926 0.699833 0
6 2 45 43.2568 0.471792 0 48.5785 0.408258 0
6 2 46 51.3796 0.547764 0 39.7396 0.537035 0
6 2 47 49.2556 0.58625 0 57.1365 0.458112 0
6 2 48 51.0959 0.514791 0 55.7796 0.425822 0
6 2 49 47.6574 0.447255 0 55.6437 0.763107 0
6 2 50 55.7256 0.502116 0 45.7794 0.465439 0
6 2 51 45.6011 0.420889 0 52.1524 0.52498 0
6 2 52 51.3856 0.481016 0 32.6304 0.461979 0
6 2 53 59.0667 0.438133 0 56.0455 0.658744 0
6 2 54 64.0079 0.515962 0 79.2135 0.523391 0
6 2 55 50.4912 0.45667 0 55.1396 0.503516 0
6 2 56 59.0265 0.508052 0 60.1756 0.599867 0
6 2 57 42.5247 0.522947 0 54.7161 0.460422 0
6 2 58 56.2655 0.653943 0 51.1754 0.769 0
6 2 59 50.9593 0.489594 0 49.0467 0.566499 0
6 2 60 40.4061 0.399171 0 51.4906 0.307843 0
6 2 61 34.7377 0.374408 0 37.4874 0.598379 0
6 2 62 41.6197 0.460891 0 39.2442 0.69514 0
6 3 1 72.3086 0.233563 0 52.7476 0.466004 0
6 3 2 64.9889 0.667652 0 39.2222 0.717526 0
6 3 3 31.5128 0.487692 0 49.9471 0.395454 0
6 3 4 47.4488 0.564127 0 51.8455 0.617547 0
6 3 5 66.4974 0.576484 0 54.6245 0.563523 0
