1 1 1 16.000 16.000 362.039 362.039
1 1 2 16.000 16.000 362.039 362.039
1 1 3 16.000 16.000 362.039 362.039
1 1 4 16.000 16.000 362.039 362.039
1 1 5 16.000 16.000 362.039 362.039
1 1 6 16.000 16.000 362.039 362.039
1 1 7 16.000 16.000 362.039 362.039
1 1 8 16.000 16.000 362.039 362.039
1 1 9 16.000 16.000 362.039 362.039
1 1 10 16.000 16.000 362.039 362.039
1 1 11 16.000 16.000 362.039 362.039
1 1 12 16.000 16.000 362.039 362.039
1 1 13 16.000 16.000 362.039 362.039
1 1 14 16.000 16.000 362.039 362.039
1 1 15 16.000 16.000 362.039 362.039
1 1 16 16.000 16.000 362.039 362.039
1 1 17 16.000 16.000 362.039 362.039
1 1 18 16.000 16.000 362.039 362.039
1 1 19 16.000 16.000 362.039 362.039
1 1 20 16.000 16.000 362.039 362.039
1 1 21 16.000 16.000 362.039 362.039
1 1 22 16.000 16.000 362.039 362.039
1 1 23 16.000 16.000 362.039 362.039
1 2 1 16.000 16.000 362.039 362.039
1 2 2 16.000 16.000 362.039 362.039
1 2 3 16.000 16.000 362.039 362.039
1 2 4 16.000 16.000 362.039 362.039
1 2 5 16.000 16.000 362.039 362.039
1 2 6 16.000 16.000 362.039 362.039
1 2 7 16.000 16.000 362.039 362.039
1 2 8 16.000 16.000 362.039 362.039
1 2 9 16.000 16.000 362.039 362.039
1 2 10 16.000 16.000 362.039 362.039
1 2 11 16.000 16.000 362.039 362.039
1 2 12 16.000 16.000 362.039 362.039
1 2 13 16.000 16.000 362.039 362.039
1 2 14 16.000 16.000 362.039 362.039
1 2 15 16.000 16.000 362.039 362.039
1 2 16 16.000 16.000 362.039 362.039
1 2 17 16.000 16.000 362.039 362.039
1 2 18 16.000 16.000 362.039 362.039
1 2 19 16.000 16.000 362.039 362.039
1 2 20 16.000 16.000 362.039 362.039
1 2 21 16.000 16.000 362.039 362.039
1 2 22 16.000 16.000 362.039 362.039
1 2 23 16.000 16.000 362.039 362.039
1 2 24 16.000 16.000 362.039 362.039
1 2 25 16.000 16.000 362.039 362.039
1 2 26 16.000 16.000 362.039 362.039
1 2 27 16.000 16.000 362.039 362.039
1 2 28 16.000 16.000 362.039 362.039
1 2 29 16.000 16.000 362.039 362.039
1 2 30 16.000 16.000 362.039 362.039
1 2 31 16.000 16.000 362.039 362.039
1 2 32 16.000 16.000 362.039 362.039
1 2 33 16.000 16.000 362.039 362.039
1 2 34 16.000 16.000 362.039 362.039
1 2 35 16.000 16.000 362.039 362.039
1 2 36 16.000 16.000 362.039 362.039
1 2 37 16.000 16.000 362.039 362.039
1 2 38 16.000 16.000 362.039 362.039
1 2 39 16.000 16.000 362.039 362.039
1 2 40 16.000 16.000 362.039 362.039
1 2 41 16.000 16.000 362.039 362.039
1 2 42 16.000 16.000 362.039 362.039
1 2 43 16.000 16.000 362.039 362.039
1 2 44 16.000 16.000 362.039 362.039
1 2 45 16.000 16.000 362.039 362.039
1 2 46 16.000 16.000 362.039 362.039
1 2 47 16.000 16.000 362.039 362.039
1 2 48 16.000 16.000 362.039 362.039
1 2 49 16.000 16.000 362.039 362.039
1 2 50 16.000 16.000 362.039 362.039
1 2 51 16.000 16.000 362.039 362.039
1 2 52 16.000 16.000 362.039 362.039
1 2 53 16.000 16.000 362.039 362.039
1 2 54 16.000 16.000 362.039 362.039
1 2 55 16.000 16.000 362.039 362.039
1 2 56 16.000 16.000 362.039 362.039
1 2 57 16.000 16.000 362.039 362.039
1 2 58 16.000 16.000 362.039 362.039
1 2 59 16.000 16.000 362.039 362.039
1 2 60 16.000 16.000 362.039 362.039
1 2 61 16.000 16.000 362.039 362.039
1 2 62 16.000 16.000 362.039 362.039
1 3 1 16.000 16.000 362.039 362.039
1 3 2 16.000 16.000 362.039 362.039
1 3 3 16.000 16.000 362.039 362.039
1 3 4 16.000 16.000 362.039 362.039
1 3 5 16.000 16.000 362.039 362.039
2 1 1 12.700 12.700 27.379 27.379
2 1 2 13.109 13.109 17.854 17.854
2 1 3 13.554 13.554 11.992 11.992
2 1 4 14.398 14.398 9.362 9.362
2 1 5 16.000 16.000 362.039 362.039
2 1 6 13.533 13.533 14.831 14.831
2 1 7 14.532 14.532 4.960 4.960
2 1 8 14.532 14.532 4.103 4.103
2 1 9 14.720 14.720 3.606 3.606
2 1 10 16.000 16.000 362.039 362.039
2 1 11 14.601 14.601 2.691 2.691
2 1 12 14.989 14.989 2.609 2.609
2 1 13 14.856 14.856 2.208 2.208
2 1 14 15.002 15.002 2.059 2.059
2 1 15 15.087 15.087 1.845 1.845
2 1 16 15.364 15.364 1.711 1.711
2 1 17 15.253 15.253 1.684 1.684
2 1 18 15.527 15.527 1.448 1.448
2 1 19 14.152 14.152 2.278 2.278
2 1 20 15.831 15.831 1.371 1.371
2 1 21 16.000 16.000 362.039 362.039
2 1 22 15.656 15.656 10.246 10.246
2 1 23 16.000 16.000 362.039 362.039
2 2 1 14.235 14.235 88.367 88.367
2 2 2 11.328 11.328 37.706 37.706
2 2 3 11.745 11.745 29.599 29.599
2 2 4 11.910 11.910 19.959 19.959
2 2 5 12.398 12.398 17.198 17.198
2 2 6 13.648 13.648 17.012 17.012
2 2 7 13.900 13.900 15.613 15.613
2 2 8 13.489 13.489 12.360 12.360
2 2 9 13.880 13.880 12.031 12.031
2 2 10 14.322 14.322 10.388 10.388
2 2 11 14.246 14.246 9.282 9.282
2 2 12 14.489 14.489 8.566 8.566
2 2 13 14.237 14.237 7.356 7.356
2 2 14 14.161 14.161 6.797 6.797
2 2 15 14.434 14.434 5.866 5.866
2 2 16 14.727 14.727 5.934 5.934
2 2 17 14.727 14.727 5.523 5.523
2 2 18 14.545 14.545 5.014 5.014
2 2 19 14.585 14.585 4.377 4.377
2 2 20 14.979 14.979 4.339 4.339
2 2 21 14.889 14.889 4.028 4.028
2 2 22 15.114 15.114 4.003 4.003
2 2 23 15.014 15.014 3.719 3.719
2 2 24 14.889 14.889 3.280 3.280
2 2 25 15.045 15.045 3.206 3.206
2 2 26 15.252 15.252 3.178 3.178
2 2 27 15.181 15.181 3.073 3.073
2 2 28 15.282 15.282 2.908 2.908
2 2 29 15.145 15.145 2.714 2.714
2 2 30 15.150 15.150 2.612 2.612
2 2 31 15.198 15.198 2.457 2.457
2 2 32 15.398 15.398 2.521 2.521
2 2 33 15.437 15.437 2.330 2.330
2 2 34 15.530 15.530 2.275 2.275
2 2 35 15.599 15.599 2.169 2.169
2 2 36 15.526 15.526 2.059 2.059
2 2 37 15.510 15.510 1.948 1.948
2 2 38 15.602 15.602 1.943 1.943
2 2 39 15.670 15.670 1.812 1.812
2 2 40 15.605 15.605 1.758 1.758
2 2 41 15.697 15.697 1.796 1.796
2 2 42 15.832 15.832 1.725 1.725
2 2 43 15.827 15.827 1.669 1.669
2 2 44 15.910 15.910 1.606 1.606
2 2 45 15.792 15.792 1.550 1.550
2 2 46 15.977 15.977 1.532 1.532
2 2 47 15.895 15.895 1.458 1.458
2 2 48 15.838 15.838 1.558 1.558
2 2 49 16.057 16.057 1.663 1.663
2 2 50 15.879 15.879 1.716 1.716
2 2 51 15.952 15.952 1.915 1.915
2 2 52 15.980 15.980 2.243 2.243
2 2 53 16.202 16.202 3.444 3.444
2 2 54 15.365 15.365 97.228 97.228
2 2 55 16.000 16.000 362.039 362.039
2 2 56 12.026 12.026 81.222 81.222
2 2 57 16.000 16.000 362.039 362.039
2 2 58 16.000 16.000 362.039 362.039
2 2 59 16.000 16.000 362.039 362.039
2 2 60 16.000 16.000 362.039 362.039
2 2 61 16.000 16.000 362.039 362.039
2 2 62 16.000 16.000 362.039 362.039
2 3 1 16.000 16.000 362.039 362.039
2 3 2 16.000 16.000 362.039 362.039
2 3 3 16.000 16.000 362.039 362.039
2 3 4 16.000 16.000 362.039 362.039
2 3 5 16.000 16.000 362.039 362.039
3 1 1 16.000 16.000 362.039 362.039
3 1 2 16.000 16.000 362.039 362.039
3 1 3 16.000 16.000 362.039 362.039
3 1 4 16.000 16.000 362.039 362.039
3 1 5 16.000 16.000 362.039 362.039
3 1 6 16.000 16.000 362.039 362.039
3 1 7 16.000 16.000 362.039 362.039
3 1 8 16.000 16.000 362.039 362.039
3 1 9 16.000 16.000 362.039 362.039
3 1 10 16.000 16.000 362.039 362.039
3 1 11 16.000 16.000 362.039 362.039
3 1 12 16.000 16.000 362.039 362.039
3 1 13 16.000 16.000 362.039 362.039
3 1 14 16.000 16.000 362.039 362.039
3 1 15 16.000 16.000 362.039 362.039
3 1 16 16.000 16.000 362.039 362.039
3 1 17 16.000 16.000 362.039 362.039
3 1 18 16.000 16.000 362.039 362.039
3 1 19 16.000 16.000 362.039 362.039
3 1 20 16.000 16.000 362.039 362.039
3 1 21 16.000 16.000 362.039 362.039
3 1 22 16.000 16.000 362.039 362.039
3 1 23 16.000 16.000 362.039 362.039
3 2 1 16.000 16.000 362.039 362.039
3 2 2 16.000 16.000 362.039 362.039
3 2 3 16.000 16.000 362.039 362.039
3 2 4 16.000 16.000 362.039 362.039
3 2 5 16.000 16.000 362.039 362.039
3 2 6 16.000 16.000 362.039 362.039
3 2 7 16.000 16.000 362.039 362.039
3 2 8 16.000 16.000 362.039 362.039
3 2 9 16.000 16.000 362.039 362.039
3 2 10 16.000 16.000 362.039 362.039
3 2 11 16.000 16.000 362.039 362.039
3 2 12 16.000 16.000 362.039 362.039
3 2 13 16.000 16.000 362.039 362.039
3 2 14 16.000 16.000 362.039 362.039
3 2 15 16.000 16.000 362.039 362.039
3 2 16 16.000 16.000 362.039 362.039
3 2 17 16.000 16.000 362.039 362.039
3 2 18 16.000 16.000 362.039 362.039
3 2 19 16.000 16.000 362.039 362.039
3 2 20 16.000 16.000 362.039 362.039
3 2 21 16.000 16.000 362.039 362.039
3 2 22 16.000 16.000 362.039 362.039
3 2 23 16.000 16.000 362.039 362.039
3 2 24 16.000 16.000 362.039 362.039
3 2 25 16.000 16.000 362.039 362.039
3 2 26 16.000 16.000 362.039 362.039
3 2 27 16.000 16.000 362.039 362.039
3 2 28 16.000 16.000 362.039 362.039
3 2 29 16.000 16.000 362.039 362.039
3 2 30 16.000 16.000 362.039 362.039
3 2 31 16.000 16.000 362.039 362.039
3 2 32 16.000 16.000 362.039 362.039
3 2 33 16.000 16.000 362.039 362.039
3 2 34 16.000 16.000 362.039 362.039
3 2 35 16.000 16.000 362.039 362.039
3 2 36 16.000 16.000 362.039 362.039
3 2 37 16.000 16.000 362.039 362.039
3 2 38 16.000 16.000 362.039 362.039
3 2 39 16.000 16.000 362.039 362.039
3 2 40 16.000 16.000 362.039 362.039
3 2 41 16.000 16.000 362.039 362.039
3 2 42 16.000 16.000 362.039 362.039
3 2 43 16.000 16.000 362.039 362.039
3 2 44 16.000 16.000 362.039 362.039
3 2 45 16.000 16.000 362.039 362.039
3 2 46 16.000 16.000 362.039 362.039
3 2 47 16.000 16.000 362.039 362.039
3 2 48 16.000 16.000 362.039 362.039
3 2 49 16.000 16.000 362.039 362.039
3 2 50 16.000 16.000 362.039 362.039
3 2 51 16.000 16.000 362.039 362.039
3 2 52 16.000 16.000 362.039 362.039
3 2 53 16.000 16.000 362.039 362.039
3 2 54 16.000 16.000 362.039 362.039
3 2 55 16.000 16.000 362.039 362.039
3 2 56 16.000 16.000 362.039 362.039
3 2 57 16.000 16.000 362.039 362.039
3 2 58 16.000 16.000 362.039 362.039
3 2 59 16.000 16.000 362.039 362.039
3 2 60 16.000 16.000 362.039 362.039
3 2 61 16.000 16.000 362.039 362.039
3 2 62 16.000 16.000 362.039 362.039
3 3 1 16.000 16.000 362.039 362.039
3 3 2 16.000 16.000 362.039 362.039
3 3 3 16.000 16.000 362.039 362.039
3 3 4 16.000 16.000 362.039 362.039
3 3 5 16.000 16.000 362.039 362.039
4 1 1 16.000 16.000 362.039 362.039
4 1 2 16.000 16.000 362.039 362.039
4 1 3 16.000 16.000 362.039 362.039
4 1 4 16.000 16.000 362.039 362.039
4 1 5 16.000 16.000 362.039 362.039
4 1 6 16.000 16.000 362.039 362.039
4 1 7 16.000 16.000 362.039 362.039
4 1 8 16.000 16.000 362.039 362.039
4 1 9 16.000 16.000 362.039 362.039
4 1 10 16.000 16.000 362.039 362.039
4 1 11 16.000 16.000 362.039 362.039
4 1 12 16.000 16.000 362.039 362.039
4 1 13 16.000 16.000 362.039 362.039
4 1 14 16.000 16.000 362.039 362.039
4 1 15 16.000 16.000 362.039 362.039
4 1 16 16.000 16.000 362.039 362.039
4 1 17 16.000 16.000 362.039 362.039
4 1 18 16.000 16.000 362.039 362.039
4 1 19 16.000 16.000 362.039 362.039
4 1 20 16.000 16.000 362.039 362.039
4 1 21 16.000 16.000 362.039 362.039
4 1 22 16.000 16.000 362.039 362.039
4 1 23 16.000 16.000 362.039 362.039
4 2 1 16.000 16.000 362.039 362.039
4 2 2 16.000 16.000 362.039 362.039
4 2 3 16.000 16.000 362.039 362.039
4 2 4 16.000 16.000 362.039 362.039
4 2 5 16.000 16.000 362.039 362.039
4 2 6 16.000 16.000 362.039 362.039
4 2 7 16.000 16.000 362.039 362.039
4 2 8 16.000 16.000 362.039 362.039
4 2 9 16.000 16.000 362.039 362.039
4 2 10 16.000 16.000 362.039 362.039
4 2 11 16.000 16.000 362.039 362.039
4 2 12 16.000 16.000 362.039 362.039
4 2 13 16.000 16.000 362.039 362.039
4 2 14 16.000 16.000 362.039 362.039
4 2 15 16.000 16.000 362.039 362.039
4 2 16 16.000 16.000 362.039 362.039
4 2 17 16.000 16.000 362.039 362.039
4 2 18 16.000 16.000 362.039 362.039
4 2 19 16.000 16.000 362.039 362.039
4 2 20 16.000 16.000 362.039 362.039
4 2 21 16.000 16.000 362.039 362.039
4 2 22 16.000 16.000 362.039 362.039
4 2 23 16.000 16.000 362.039 362.039
4 2 24 16.000 16.000 362.039 362.039
4 2 25 16.000 16.000 362.039 362.039
4 2 26 16.000 16.000 362.039 362.039
4 2 27 16.000 16.000 362.039 362.039
4 2 28 16.000 16.000 362.039 362.039
4 2 29 16.000 16.000 362.039 362.039
4 2 30 16.000 16.000 362.039 362.039
4 2 31 16.000 16.000 362.039 362.039
4 2 32 16.000 16.000 362.039 362.039
4 2 33 16.000 16.000 362.039 362.039
4 2 34 16.000 16.000 362.039 362.039
4 2 35 16.000 16.000 362.039 362.039
4 2 36 16.000 16.000 362.039 362.039
4 2 37 16.000 16.000 362.039 362.039
4 2 38 16.000 16.000 362.039 362.039
4 2 39 16.000 16.000 362.039 362.039
4 2 40 16.000 16.000 362.039 362.039
4 2 41 16.000 16.000 362.039 362.039
4 2 42 16.000 16.000 362.039 362.039
4 2 43 16.000 16.000 362.039 362.039
4 2 44 16.000 16.000 362.039 362.039
4 2 45 16.000 16.000 362.039 362.039
4 2 46 16.000 16.000 362.039 362.039
4 2 47 16.000 16.000 362.039 362.039
4 2 48 16.000 16.000 362.039 362.039
4 2 49 16.000 16.000 362.039 362.039
4 2 50 16.000 16.000 362.039 362.039
4 2 51 16.000 16.000 362.039 362.039
4 2 52 16.000 16.000 362.039 362.039
4 2 53 16.000 16.000 362.039 362.039
4 2 54 16.000 16.000 362.039 362.039
4 2 55 16.000 16.000 362.039 362.039
4 2 56 16.000 16.000 362.039 362.039
4 2 57 16.000 16.000 362.039 362.039
4 2 58 16.000 16.000 362.039 362.039
4 2 59 16.000 16.000 362.039 362.039
4 2 60 16.000 16.000 362.039 362.039
4 2 61 16.000 16.000 362.039 362.039
4 2 62 16.000 16.000 362.039 362.039
4 3 1 16.000 16.000 362.039 362.039
4 3 2 16.000 16.000 362.039 362.039
4 3 3 16.000 16.000 362.039 362.039
4 3 4 16.000 16.000 362.039 362.039
4 3 5 16.000 16.000 362.039 362.039
5 1 1 16.000 16.000 362.039 362.039
5 1 2 16.000 16.000 362.039 362.039
5 1 3 16.000 16.000 362.039 362.039
5 1 4 16.000 16.000 362.039 362.039
5 1 5 16.000 16.000 362.039 362.039
5 1 6 16.000 16.000 362.039 362.039
5 1 7 16.000 16.000 362.039 362.039
5 1 8 16.000 16.000 362.039 362.039
5 1 9 16.000 16.000 362.039 362.039
5 1 10 16.000 16.000 362.039 362.039
5 1 11 16.000 16.000 362.039 362.039
5 1 12 16.000 16.000 362.039 362.039
5 1 13 16.000 16.000 362.039 362.039
5 1 14 16.000 16.000 362.039 362.039
5 1 15 16.000 16.000 362.039 362.039
5 1 16 16.000 16.000 362.039 362.039
5 1 17 16.000 16.000 362.039 362.039
5 1 18 16.000 16.000 362.039 362.039
5 1 19 16.000 16.000 362.039 362.039
5 1 20 16.000 16.000 362.039 362.039
5 1 21 16.000 16.000 362.039 362.039
5 1 22 16.000 16.000 362.039 362.039
5 1 23 16.000 16.000 362.039 362.039
5 2 1 16.000 16.000 362.039 362.039
5 2 2 16.000 16.000 362.039 362.039
5 2 3 16.000 16.000 362.039 362.039
5 2 4 16.000 16.000 362.039 362.039
5 2 5 16.000 16.000 362.039 362.039
5 2 6 16.000 16.000 362.039 362.039
5 2 7 16.000 16.000 362.039 362.039
5 2 8 16.000 16.000 362.039 362.039
5 2 9 16.000 16.000 362.039 362.039
5 2 10 16.000 16.000 362.039 362.039
5 2 11 16.000 16.000 362.039 362.039
5 2 12 16.000 16.000 362.039 362.039
5 2 13 16.000 16.000 362.039 362.039
5 2 14 16.000 16.000 362.039 362.039
5 2 15 16.000 16.000 362.039 362.039
5 2 16 16.000 16.000 362.039 362.039
5 2 17 16.000 16.000 362.039 362.039
5 2 18 16.000 16.000 362.039 362.039
5 2 19 16.000 16.000 362.039 362.039
5 2 20 16.000 16.000 362.039 362.039
5 2 21 16.000 16.000 362.039 362.039
5 2 22 16.000 16.000 362.039 362.039
5 2 23 16.000 16.000 362.039 362.039
5 2 24 16.000 16.000 362.039 362.039
5 2 25 16.000 16.000 362.039 362.039
5 2 26 16.000 16.000 362.039 362.039
5 2 27 16.000 16.000 362.039 362.039
5 2 28 16.000 16.000 362.039 362.039
5 2 29 16.000 16.000 362.039 362.039
5 2 30 16.000 16.000 362.039 362.039
5 2 31 16.000 16.000 362.039 362.039
5 2 32 16.000 16.000 362.039 362.039
5 2 33 16.000 16.000 362.039 362.039
5 2 34 16.000 16.000 362.039 362.039
5 2 35 16.000 16.000 362.039 362.039
5 2 36 16.000 16.000 362.039 362.039
5 2 37 16.000 16.000 362.039 362.039
5 2 38 16.000 16.000 362.039 362.039
5 2 39 16.000 16.000 362.039 362.039
5 2 40 16.000 16.000 362.039 362.039
5 2 41 16.000 16.000 362.039 362.039
5 2 42 16.000 16.000 362.039 362.039
5 2 43 16.000 16.000 362.039 362.039
5 2 44 16.000 16.000 362.039 362.039
5 2 45 16.000 16.000 362.039 362.039
5 2 46 16.000 16.000 362.039 362.039
5 2 47 16.000 16.000 362.039 362.039
5 2 48 16.000 16.000 362.039 362.039
5 2 49 16.000 16.000 362.039 362.039
5 2 50 16.000 16.000 362.039 362.039
5 2 51 16.000 16.000 362.039 362.039
5 2 52 16.000 16.000 362.039 362.039
5 2 53 16.000 16.000 362.039 362.039
5 2 54 16.000 16.000 362.039 362.039
5 2 55 16.000 16.000 362.039 362.039
5 2 56 16.000 16.000 362.039 362.039
5 2 57 16.000 16.000 362.039 362.039
5 2 58 16.000 16.000 362.039 362.039
5 2 59 16.000 16.000 362.039 362.039
5 2 60 16.000 16.000 362.039 362.039
5 2 61 16.000 16.000 362.039 362.039
5 2 62 16.000 16.000 362.039 362.039
5 3 1 16.000 16.000 362.039 362.039
5 3 2 16.000 16.000 362.039 362.039
5 3 3 16.000 16.000 362.039 362.039
5 3 4 16.000 16.000 362.039 362.039
5 3 5 16.000 16.000 362.039 362.039
6 1 1 16.000 16.000 362.039 362.039
6 1 2 16.000 16.000 362.039 362.039
6 1 3 16.000 16.000 362.039 362.039
6 1 4 16.000 16.000 362.039 362.039
6 1 5 16.000 16.000 362.039 362.039
6 1 6 16.000 16.000 362.039 362.039
6 1 7 16.000 16.000 362.039 362.039
6 1 8 16.000 16.000 362.039 362.039
6 1 9 16.000 16.000 362.039 362.039
6 1 10 16.000 16.000 362.039 362.039
6 1 11 16.000 16.000 362.039 362.039
6 1 12 16.000 16.000 362.039 362.039
6 1 13 16.000 16.000 362.039 362.039
6 1 14 16.000 16.000 362.039 362.039
6 1 15 16.000 16.000 362.039 362.039
6 1 16 16.000 16.000 362.039 362.039
6 1 17 16.000 16.000 362.039 362.039
6 1 18 16.000 16.000 362.039 362.039
6 1 19 16.000 16.000 362.039 362.039
6 1 20 16.000 16.000 362.039 362.039
6 1 21 16.000 16.000 362.039 362.039
6 1 22 16.000 16.000 362.039 362.039
6 1 23 16.000 16.000 362.039 362.039
6 2 1 16.000 16.000 362.039 362.039
6 2 2 16.000 16.000 362.039 362.039
6 2 3 16.000 16.000 362.039 362.039
6 2 4 16.000 16.000 362.039 362.039
6 2 5 16.000 16.000 362.039 362.039
6 2 6 16.000 16.000 362.039 362.039
6 2 7 16.000 16.000 362.039 362.039
6 2 8 16.000 16.000 362.039 362.039
6 2 9 16.000 16.000 362.039 362.039
6 2 10 16.000 16.000 362.039 362.039
6 2 11 16.000 16.000 362.039 362.039
6 2 12 16.000 16.000 362.039 362.039
6 2 13 16.000 16.000 362.039 362.039
6 2 14 16.000 16.000 362.039 362.039
6 2 15 16.000 16.000 362.039 362.039
6 2 16 16.000 16.000 362.039 362.039
6 2 17 16.000 16.000 362.039 362.039
6 2 18 16.000 16.000 362.039 362.039
6 2 19 16.000 16.000 362.039 362.039
6 2 20 16.000 16.000 362.039 362.039
6 2 21 16.000 16.000 362.039 362.039
6 2 22 16.000 16.000 362.039 362.039
6 2 23 16.000 16.000 362.039 362.039
6 2 24 16.000 16.000 362.039 362.039
6 2 25 16.000 16.000 362.039 362.039
6 2 26 16.000 16.000 362.039 362.039
6 2 27 16.000 16.000 362.039 362.039
6 2 28 16.000 16.000 362.039 362.039
6 2 29 16.000 16.000 362.039 362.039
6 2 30 16.000 16.000 362.039 362.039
6 2 31 16.000 16.000 362.039 362.039
6 2 32 16.000 16.000 362.039 362.039
6 2 33 16.000 16.000 362.039 362.039
6 2 34 16.000 16.000 362.039 362.039
6 2 35 16.000 16.000 362.039 362.039
6 2 36 16.000 16.000 362.039 362.039
6 2 37 16.000 16.000 362.039 362.039
6 2 38 16.000 16.000 362.039 362.039
6 2 39 16.000 16.000 362.039 362.039
6 2 40 16.000 16.000 362.039 362.039
6 2 41 16.000 16.000 362.039 362.039
6 2 42 16.000 16.000 362.039 362.039
6 2 43 16.000 16.000 362.039 362.039
6 2 44 16.000 16.000 362.039 362.039
6 2 45 16.000 16.000 362.039 362.039
6 2 46 16.000 16.000 362.039 362.039
6 2 47 16.000 16.000 362.039 362.039
6 2 48 16.000 16.000 362.039 362.039
6 2 49 16.000 16.000 362.039 362.039
6 2 50 16.000 16.000 362.039 362.039
6 2 51 16.000 16.000 362.039 362.039
6 2 52 16.000 16.000 362.039 362.039
6 2 53 16.000 16.000 362.039 362.039
6 2 54 16.000 16.000 362.039 362.039
6 2 55 16.000 16.000 362.039 362.039
6 2 56 16.000 16.000 362.039 362.039
6 2 57 16.000 16.000 362.039 362.039
6 2 58 16.000 16.000 362.039 362.039
6 2 59 16.000 16.000 362.039 362.039
6 2 60 16.000 16.000 362.039 362.039
6 2 61 16.000 16.000 362.039 362.039
6 2 62 16.000 16.000 362.039 362.039
6 3 1 16.000 16.000 362.039 362.039
6 3 2 16.000 16.000 362.039 362.039
6 3 3 16.000 16.000 362.039 362.039
6 3 4 16.000 16.000 362.039 362.039
6 3 5 16.000 16.000 362.039 362.039
