1 1 1 43.303 0.500 0.000 41.430 0.500 0.000
1 1 2 40.712 0.500 0.000 41.693 0.500 0.000
1 1 3 40.470 0.500 0.000 40.371 0.500 0.000
1 1 4 40.837 0.500 0.000 40.460 0.500 0.000
1 1 5 40.517 0.500 0.000 41.112 0.500 0.000
1 1 6 40.236 0.500 0.000 40.079 0.500 0.000
1 1 7 41.814 0.500 0.000 40.671 0.500 0.000
1 1 8 39.905 0.500 0.000 39.694 0.500 0.000
1 1 9 38.115 0.500 0.000 39.149 0.500 0.000
1 1 10 40.839 0.500 0.000 42.552 0.500 0.000
1 1 11 40.851 0.500 0.000 41.401 0.500 0.000
1 1 12 39.983 0.500 0.000 40.952 0.500 0.000
1 1 13 41.635 0.500 0.000 39.994 0.500 0.000
1 1 14 40.163 0.500 0.000 40.785 0.500 0.000
1 1 15 41.222 0.500 0.000 39.897 0.500 0.000
1 1 16 39.614 0.500 0.000 40.609 0.500 0.000
1 1 17 40.115 0.500 0.000 38.808 0.500 0.000
1 1 18 41.285 0.500 0.000 39.398 0.500 0.000
1 1 19 40.564 0.500 0.000 39.743 0.500 0.000
1 1 20 41.536 0.500 0.000 40.361 0.500 0.000
1 1 21 42.909 0.500 0.000 40.496 0.500 0.000
1 1 22 41.978 0.500 0.000 40.080 0.500 0.000
1 1 23 40.212 0.500 0.000 40.974 0.500 0.000
1 2 1 39.902 0.500 0.000 42.551 0.500 0.000
1 2 2 40.547 0.500 0.000 41.113 0.500 0.000
1 2 3 46.907 0.500 0.000 40.031 0.500 0.000
1 2 4 43.550 0.500 0.000 43.081 0.500 0.000
1 2 5 48.909 0.500 0.000 41.420 0.500 0.000
1 2 6 40.565 0.500 0.000 40.275 0.500 0.000
1 2 7 42.370 0.500 0.000 42.290 0.500 0.000
1 2 8 43.919 0.500 0.000 41.678 0.500 0.000
1 2 9 40.088 0.500 0.000 43.113 0.500 0.000
1 2 10 48.306 0.500 0.000 41.188 0.500 0.000
1 2 11 40.964 0.500 0.000 47.887 0.500 0.000
1 2 12 40.898 0.500 0.000 45.777 0.500 0.000
1 2 13 40.106 0.500 0.000 42.838 0.500 0.000
1 2 14 43.920 0.500 0.000 42.199 0.500 0.000
1 2 15 44.034 0.500 0.000 42.210 0.500 0.000
1 2 16 41.229 0.500 0.000 48.651 0.500 0.000
1 2 17 54.211 0.500 0.000 42.246 0.500 0.000
1 2 18 45.425 0.500 0.000 43.841 0.500 0.000
1 2 19 40.219 0.500 0.000 40.745 0.500 0.000
1 2 20 56.019 0.500 0.000 36.887 0.500 0.000
1 2 21 36.913 0.500 0.000 31.830 0.500 0.000
1 2 22 45.173 0.500 0.000 35.097 0.500 0.000
1 2 23 38.876 0.500 0.000 56.879 0.500 0.000
1 2 24 38.564 0.500 0.000 31.387 0.500 0.000
1 2 25 40.423 0.500 0.000 51.175 0.500 0.000
1 2 26 40.637 0.500 0.000 38.777 0.500 0.000
1 2 27 45.321 0.500 0.000 40.654 0.500 0.000
1 2 28 46.489 0.500 0.000 41.974 0.500 0.000
1 2 29 47.230 0.500 0.000 44.757 0.500 0.000
1 2 30 43.666 0.500 0.000 56.042 0.500 0.000
1 2 31 45.648 0.500 0.000 48.060 0.500 0.000
1 2 32 45.164 0.500 0.000 24.649 0.500 0.000
1 2 33 42.984 0.500 0.000 39.264 0.500 0.000
1 2 34 38.233 0.500 0.000 39.425 0.500 0.000
1 2 35 43.638 0.500 0.000 40.693 0.500 0.000
1 2 36 47.896 0.500 0.000 51.963 0.500 0.000
1 2 37 42.993 0.500 0.000 54.261 0.500 0.000
1 2 38 48.888 0.500 0.000 49.088 0.500 0.000
1 2 39 46.178 0.500 0.000 61.224 0.500 0.000
1 2 40 43.424 0.500 0.000 48.394 0.500 0.000
1 2 41 47.247 0.500 0.000 37.800 0.500 0.000
1 2 42 42.898 0.500 0.000 45.155 0.500 0.000
1 2 43 40.466 0.500 0.000 46.106 0.500 0.000
1 2 44 41.881 0.500 0.000 43.068 0.500 0.000
1 2 45 40.639 0.500 0.000 39.797 0.500 0.000
1 2 46 40.109 0.500 0.000 49.015 0.500 0.000
1 2 47 44.294 0.500 0.000 54.965 0.500 0.000
1 2 48 49.702 0.500 0.000 41.371 0.500 0.000
1 2 49 64.014 0.500 0.000 47.304 0.500 0.000
1 2 50 41.248 0.500 0.000 45.021 0.500 0.000
1 2 51 39.939 0.500 0.000 20.600 0.500 0.000
1 2 52 45.343 0.500 0.000 41.050 0.500 0.000
1 2 53 40.001 0.500 0.000 42.885 0.500 0.000
1 2 54 53.124 0.500 0.000 29.039 0.500 0.000
1 2 55 55.951 0.500 0.000 35.639 0.500 0.000
1 2 56 42.887 0.500 0.000 59.452 0.500 0.000
1 2 57 48.316 0.500 0.000 65.751 0.500 0.000
1 2 58 51.001 0.500 0.000 51.796 0.500 0.000
1 2 59 48.449 0.500 0.000 40.315 0.500 0.000
1 2 60 47.914 0.500 0.000 39.906 0.500 0.000
1 2 61 44.827 0.500 0.000 46.878 0.500 0.000
1 2 62 33.403 0.500 0.000 39.399 0.500 0.000
1 3 1 45.393 0.500 0.000 44.532 0.500 0.000
1 3 2 40.696 0.500 0.000 40.850 0.500 0.000
1 3 3 50.894 0.500 0.000 40.311 0.500 0.000
1 3 4 38.332 0.500 0.000 53.326 0.500 0.000
1 3 5 40.000 0.500 0.000 40.000 0.500 0.000
2 1 1 42.094 0.500 0.000 41.754 0.500 0.000
2 1 2 42.544 0.500 0.000 47.217 0.500 0.000
2 1 3 44.472 0.500 0.000 42.753 0.500 0.000
2 1 4 43.354 0.500 0.000 41.979 0.500 0.000
2 1 5 39.042 0.500 0.000 40.493 0.500 0.000
2 1 6 38.698 0.500 0.000 41.506 0.500 0.000
2 1 7 41.312 0.500 0.000 39.073 0.500 0.000
2 1 8 38.252 0.500 0.000 41.264 0.500 0.000
2 1 9 40.157 0.500 0.000 33.385 0.500 0.000
2 1 10 45.438 0.500 0.000 40.353 0.500 0.000
2 1 11 36.314 0.500 0.000 35.201 0.500 0.000
2 1 12 41.593 0.500 0.000 39.841 0.500 0.000
2 1 13 42.020 0.500 0.000 42.810 0.500 0.000
2 1 14 44.459 0.500 0.000 42.366 0.500 0.000
2 1 15 40.015 0.500 0.000 34.656 0.500 0.000
2 1 16 40.952 0.500 0.000 42.957 0.500 0.000
2 1 17 40.567 0.500 0.000 40.497 0.500 0.000
2 1 18 45.419 0.500 0.000 27.675 0.500 0.000
2 1 19 44.141 0.500 0.000 42.471 0.500 0.000
2 1 20 45.140 0.500 0.000 31.234 0.500 0.000
2 1 21 40.980 0.500 0.000 44.221 0.500 0.000
2 1 22 25.880 0.500 0.000 27.225 0.500 0.000
2 1 23 46.882 0.500 0.000 31.422 0.500 0.000
2 2 1 44.874 0.500 0.000 42.032 0.500 0.000
2 2 2 42.260 0.500 0.000 40.922 0.500 0.000
2 2 3 40.552 0.500 0.000 42.496 0.500 0.000
2 2 4 40.240 0.500 0.000 41.055 0.500 0.000
2 2 5 42.032 0.500 0.000 42.356 0.500 0.000
2 2 6 44.186 0.500 0.000 43.232 0.500 0.000
2 2 7 43.522 0.500 0.000 40.263 0.500 0.000
2 2 8 45.861 0.500 0.000 40.816 0.500 0.000
2 2 9 47.975 0.500 0.000 44.923 0.500 0.000
2 2 10 43.064 0.500 0.000 41.840 0.500 0.000
2 2 11 40.049 0.500 0.000 41.236 0.500 0.000
2 2 12 42.962 0.500 0.000 43.744 0.500 0.000
2 2 13 42.366 0.500 0.000 42.989 0.500 0.000
2 2 14 42.654 0.500 0.000 42.197 0.500 0.000
2 2 15 42.652 0.500 0.000 50.717 0.500 0.000
2 2 16 44.087 0.500 0.000 54.741 0.500 0.000
2 2 17 43.976 0.500 0.000 47.014 0.500 0.000
2 2 18 51.515 0.500 0.000 43.961 0.500 0.000
2 2 19 43.841 0.500 0.000 48.726 0.500 0.000
2 2 20 46.607 0.500 0.000 40.054 0.500 0.000
2 2 21 42.805 0.500 0.000 54.038 0.500 0.000
2 2 22 40.850 0.500 0.000 40.338 0.500 0.000
2 2 23 55.984 0.500 0.000 44.679 0.500 0.000
2 2 24 41.621 0.500 0.000 40.844 0.500 0.000
2 2 25 41.206 0.500 0.000 54.775 0.500 0.000
2 2 26 58.127 0.500 0.000 38.488 0.500 0.000
2 2 27 72.737 0.500 0.000 58.314 0.500 0.000
2 2 28 45.339 0.500 0.000 45.614 0.500 0.000
2 2 29 59.896 0.500 0.000 55.437 0.500 0.000
2 2 30 43.655 0.500 0.000 42.858 0.500 0.000
2 2 31 65.711 0.500 0.000 42.216 0.500 0.000
2 2 32 56.684 0.500 0.000 58.146 0.500 0.000
2 2 33 52.380 0.500 0.000 74.905 0.500 0.000
2 2 34 40.842 0.500 0.000 59.371 0.500 0.000
2 2 35 34.489 0.500 0.000 57.269 0.500 0.000
2 2 36 66.335 0.500 0.000 56.987 0.500 0.000
2 2 37 72.612 0.500 0.000 55.655 0.500 0.000
2 2 38 78.632 0.500 0.000 42.633 0.500 0.000
2 2 39 56.720 0.500 0.000 56.486 0.500 0.000
2 2 40 47.385 0.500 0.000 27.459 0.500 0.000
2 2 41 34.474 0.500 0.000 35.213 0.500 0.000
2 2 42 73.029 0.500 0.000 72.452 0.500 0.000
2 2 43 44.009 0.500 0.000 56.821 0.500 0.000
2 2 44 55.195 0.500 0.000 40.177 0.500 0.000
2 2 45 58.909 0.500 0.000 61.048 0.500 0.000
2 2 46 69.174 0.500 0.000 51.820 0.500 0.000
2 2 47 40.323 0.500 0.000 50.049 0.500 0.000
2 2 48 43.227 0.500 0.000 59.962 0.500 0.000
2 2 49 47.667 0.500 0.000 42.241 0.500 0.000
2 2 50 27.228 0.500 0.000 20.599 0.500 0.000
2 2 51 37.564 0.500 0.000 88.960 0.500 0.000
2 2 52 56.029 0.500 0.000 82.831 0.500 0.000
2 2 53 0.003 0.500 0.000 86.504 0.500 0.000
2 2 54 42.233 0.500 0.000 93.038 0.500 0.000
2 2 55 55.864 0.500 0.000 39.999 0.500 0.000
2 2 56 37.704 0.500 0.000 60.156 0.500 0.000
2 2 57 33.746 0.500 0.000 151.145 0.500 0.000
2 2 58 0.022 0.500 0.000 40.989 0.500 0.000
2 2 59 80.294 0.500 0.000 0.000 0.500 0.000
2 2 60 39.326 0.500 0.000 40.000 0.500 0.000
2 2 61 32.360 0.500 0.000 40.000 0.500 0.000
2 2 62 40.000 0.500 0.000 40.000 0.500 0.000
2 3 1 61.067 0.500 0.000 62.384 0.500 0.000
2 3 2 0.003 0.500 0.000 36.146 0.500 0.000
2 3 3 40.000 0.500 0.000 40.000 0.500 0.000
2 3 4 40.000 0.500 0.000 40.000 0.500 0.000
2 3 5 40.000 0.500 0.000 40.000 0.500 0.000
3 1 1 40.637 0.500 0.000 40.001 0.500 0.000
3 1 2 41.417 0.500 0.000 40.350 0.500 0.000
3 1 3 43.257 0.500 0.000 41.233 0.500 0.000
3 1 4 40.943 0.500 0.000 38.665 0.500 0.000
3 1 5 40.019 0.500 0.000 40.286 0.500 0.000
3 1 6 40.525 0.500 0.000 40.177 0.500 0.000
3 1 7 40.737 0.500 0.000 37.944 0.500 0.000
3 1 8 40.323 0.500 0.000 39.635 0.500 0.000
3 1 9 43.171 0.500 0.000 39.913 0.500 0.000
3 1 10 40.829 0.500 0.000 40.361 0.500 0.000
3 1 11 40.708 0.500 0.000 40.198 0.500 0.000
3 1 12 40.135 0.500 0.000 37.738 0.500 0.000
3 1 13 39.880 0.500 0.000 41.234 0.500 0.000
3 1 14 40.083 0.500 0.000 40.111 0.500 0.000
3 1 15 40.371 0.500 0.000 39.463 0.500 0.000
3 1 16 40.240 0.500 0.000 40.157 0.500 0.000
3 1 17 41.312 0.500 0.000 39.444 0.500 0.000
3 1 18 40.502 0.500 0.000 40.096 0.500 0.000
3 1 19 41.101 0.500 0.000 40.787 0.500 0.000
3 1 20 40.291 0.500 0.000 40.615 0.500 0.000
3 1 21 40.242 0.500 0.000 45.300 0.500 0.000
3 1 22 40.213 0.500 0.000 41.768 0.500 0.000
3 1 23 40.890 0.500 0.000 42.293 0.500 0.000
3 2 1 41.883 0.500 0.000 41.057 0.500 0.000
3 2 2 41.990 0.500 0.000 40.902 0.500 0.000
3 2 3 43.179 0.500 0.000 43.542 0.500 0.000
3 2 4 40.404 0.500 0.000 42.152 0.500 0.000
3 2 5 42.415 0.500 0.000 41.883 0.500 0.000
3 2 6 41.548 0.500 0.000 41.302 0.500 0.000
3 2 7 41.210 0.500 0.000 42.784 0.500 0.000
3 2 8 41.460 0.500 0.000 40.871 0.500 0.000
3 2 9 41.143 0.500 0.000 45.696 0.500 0.000
3 2 10 41.183 0.500 0.000 45.376 0.500 0.000
3 2 11 45.710 0.500 0.000 47.584 0.500 0.000
3 2 12 46.412 0.500 0.000 45.011 0.500 0.000
3 2 13 41.806 0.500 0.000 40.391 0.500 0.000
3 2 14 41.672 0.500 0.000 45.532 0.500 0.000
3 2 15 45.082 0.500 0.000 42.246 0.500 0.000
3 2 16 43.782 0.500 0.000 41.714 0.500 0.000
3 2 17 50.107 0.500 0.000 42.364 0.500 0.000
3 2 18 41.886 0.500 0.000 48.983 0.500 0.000
3 2 19 43.646 0.500 0.000 51.600 0.500 0.000
3 2 20 51.575 0.500 0.000 43.881 0.500 0.000
3 2 21 38.834 0.500 0.000 45.668 0.500 0.000
3 2 22 38.076 0.500 0.000 46.035 0.500 0.000
3 2 23 41.101 0.500 0.000 35.010 0.500 0.000
3 2 24 40.037 0.500 0.000 53.062 0.500 0.000
3 2 25 52.089 0.500 0.000 43.868 0.500 0.000
3 2 26 56.060 0.500 0.000 41.427 0.500 0.000
3 2 27 44.656 0.500 0.000 50.975 0.500 0.000
3 2 28 49.294 0.500 0.000 47.289 0.500 0.000
3 2 29 44.204 0.500 0.000 44.565 0.500 0.000
3 2 30 42.327 0.500 0.000 57.351 0.500 0.000
3 2 31 39.978 0.500 0.000 53.164 0.500 0.000
3 2 32 46.465 0.500 0.000 40.101 0.500 0.000
3 2 33 49.186 0.500 0.000 46.687 0.500 0.000
3 2 34 39.163 0.500 0.000 44.153 0.500 0.000
3 2 35 46.204 0.500 0.000 41.070 0.500 0.000
3 2 36 47.916 0.500 0.000 47.502 0.500 0.000
3 2 37 40.184 0.500 0.000 40.309 0.500 0.000
3 2 38 43.398 0.500 0.000 40.847 0.500 0.000
3 2 39 37.896 0.500 0.000 44.411 0.500 0.000
3 2 40 46.972 0.500 0.000 37.697 0.500 0.000
3 2 41 40.861 0.500 0.000 42.684 0.500 0.000
3 2 42 44.612 0.500 0.000 49.937 0.500 0.000
3 2 43 62.189 0.500 0.000 41.015 0.500 0.000
3 2 44 44.438 0.500 0.000 43.277 0.500 0.000
3 2 45 35.172 0.500 0.000 51.628 0.500 0.000
3 2 46 42.371 0.500 0.000 44.528 0.500 0.000
3 2 47 53.393 0.500 0.000 40.027 0.500 0.000
3 2 48 41.109 0.500 0.000 44.207 0.500 0.000
3 2 49 57.208 0.500 0.000 39.550 0.500 0.000
3 2 50 40.975 0.500 0.000 47.042 0.500 0.000
3 2 51 52.723 0.500 0.000 54.045 0.500 0.000
3 2 52 56.178 0.500 0.000 40.353 0.500 0.000
3 2 53 45.791 0.500 0.000 45.812 0.500 0.000
3 2 54 43.600 0.500 0.000 44.510 0.500 0.000
3 2 55 35.245 0.500 0.000 56.299 0.500 0.000
3 2 56 53.940 0.500 0.000 45.141 0.500 0.000
3 2 57 50.943 0.500 0.000 40.523 0.500 0.000
3 2 58 51.785 0.500 0.000 45.382 0.500 0.000
3 2 59 60.388 0.500 0.000 50.260 0.500 0.000
3 2 60 28.566 0.500 0.000 56.421 0.500 0.000
3 2 61 42.358 0.500 0.000 48.975 0.500 0.000
3 2 62 49.630 0.500 0.000 42.733 0.500 0.000
3 3 1 44.891 0.500 0.000 44.275 0.500 0.000
3 3 2 53.415 0.500 0.000 46.119 0.500 0.000
3 3 3 46.593 0.500 0.000 48.324 0.500 0.000
3 3 4 107.999 0.500 0.000 43.274 0.500 0.000
3 3 5 40.000 0.500 0.000 40.000 0.500 0.000
4 1 1 42.390 0.500 0.000 40.937 0.500 0.000
4 1 2 41.832 0.500 0.000 38.421 0.500 0.000
4 1 3 41.662 0.500 0.000 40.070 0.500 0.000
4 1 4 41.155 0.500 0.000 41.039 0.500 0.000
4 1 5 40.232 0.500 0.000 40.379 0.500 0.000
4 1 6 42.097 0.500 0.000 41.313 0.500 0.000
4 1 7 40.751 0.500 0.000 41.792 0.500 0.000
4 1 8 40.940 0.500 0.000 39.137 0.500 0.000
4 1 9 39.257 0.500 0.000 42.263 0.500 0.000
4 1 10 36.932 0.500 0.000 41.779 0.500 0.000
4 1 11 40.307 0.500 0.000 39.230 0.500 0.000
4 1 12 40.334 0.500 0.000 37.354 0.500 0.000
4 1 13 41.976 0.500 0.000 40.711 0.500 0.000
4 1 14 40.013 0.500 0.000 41.266 0.500 0.000
4 1 15 40.385 0.500 0.000 39.004 0.500 0.000
4 1 16 40.104 0.500 0.000 39.523 0.500 0.000
4 1 17 39.420 0.500 0.000 40.525 0.500 0.000
4 1 18 40.467 0.500 0.000 40.085 0.500 0.000
4 1 19 39.778 0.500 0.000 41.077 0.500 0.000
4 1 20 40.439 0.500 0.000 41.474 0.500 0.000
4 1 21 39.889 0.500 0.000 40.897 0.500 0.000
4 1 22 40.107 0.500 0.000 43.170 0.500 0.000
4 1 23 43.261 0.500 0.000 39.403 0.500 0.000
4 2 1 44.916 0.500 0.000 40.689 0.500 0.000
4 2 2 41.759 0.500 0.000 40.467 0.500 0.000
4 2 3 45.693 0.500 0.000 43.370 0.500 0.000
4 2 4 42.134 0.500 0.000 40.659 0.500 0.000
4 2 5 42.361 0.500 0.000 41.801 0.500 0.000
4 2 6 41.303 0.500 0.000 43.700 0.500 0.000
4 2 7 41.430 0.500 0.000 42.997 0.500 0.000
4 2 8 39.466 0.500 0.000 46.219 0.500 0.000
4 2 9 40.130 0.500 0.000 41.380 0.500 0.000
4 2 10 42.783 0.500 0.000 42.284 0.500 0.000
4 2 11 44.400 0.500 0.000 46.421 0.500 0.000
4 2 12 41.452 0.500 0.000 45.294 0.500 0.000
4 2 13 40.350 0.500 0.000 47.205 0.500 0.000
4 2 14 44.874 0.500 0.000 46.186 0.500 0.000
4 2 15 42.807 0.500 0.000 41.351 0.500 0.000
4 2 16 41.138 0.500 0.000 45.259 0.500 0.000
4 2 17 48.611 0.500 0.000 46.131 0.500 0.000
4 2 18 44.684 0.500 0.000 46.118 0.500 0.000
4 2 19 48.709 0.500 0.000 48.833 0.500 0.000
4 2 20 41.300 0.500 0.000 39.038 0.500 0.000
4 2 21 36.542 0.500 0.000 42.164 0.500 0.000
4 2 22 53.124 0.500 0.000 38.927 0.500 0.000
4 2 23 43.121 0.500 0.000 38.111 0.500 0.000
4 2 24 42.224 0.500 0.000 43.582 0.500 0.000
4 2 25 51.965 0.500 0.000 49.942 0.500 0.000
4 2 26 41.478 0.500 0.000 42.068 0.500 0.000
4 2 27 54.414 0.500 0.000 57.596 0.500 0.000
4 2 28 41.106 0.500 0.000 48.411 0.500 0.000
4 2 29 44.768 0.500 0.000 48.514 0.500 0.000
4 2 30 51.833 0.500 0.000 43.746 0.500 0.000
4 2 31 41.455 0.500 0.000 36.292 0.500 0.000
4 2 32 45.896 0.500 0.000 35.334 0.500 0.000
4 2 33 26.442 0.500 0.000 42.233 0.500 0.000
4 2 34 44.459 0.500 0.000 50.587 0.500 0.000
4 2 35 41.608 0.500 0.000 54.912 0.500 0.000
4 2 36 43.812 0.500 0.000 48.920 0.500 0.000
4 2 37 61.360 0.500 0.000 38.455 0.500 0.000
4 2 38 39.674 0.500 0.000 45.895 0.500 0.000
4 2 39 40.974 0.500 0.000 41.836 0.500 0.000
4 2 40 37.582 0.500 0.000 43.686 0.500 0.000
4 2 41 42.029 0.500 0.000 43.954 0.500 0.000
4 2 42 43.953 0.500 0.000 46.594 0.500 0.000
4 2 43 49.515 0.500 0.000 42.105 0.500 0.000
4 2 44 40.973 0.500 0.000 40.088 0.500 0.000
4 2 45 43.144 0.500 0.000 38.588 0.500 0.000
4 2 46 55.037 0.500 0.000 45.319 0.500 0.000
4 2 47 42.054 0.500 0.000 43.963 0.500 0.000
4 2 48 40.769 0.500 0.000 39.626 0.500 0.000
4 2 49 41.810 0.500 0.000 44.360 0.500 0.000
4 2 50 43.763 0.500 0.000 52.333 0.500 0.000
4 2 51 38.042 0.500 0.000 35.159 0.500 0.000
4 2 52 39.807 0.500 0.000 40.379 0.500 0.000
4 2 53 49.878 0.500 0.000 72.848 0.500 0.000
4 2 54 44.479 0.500 0.000 38.506 0.500 0.000
4 2 55 40.590 0.500 0.000 41.161 0.500 0.000
4 2 56 44.386 0.500 0.000 38.508 0.500 0.000
4 2 57 43.527 0.500 0.000 38.749 0.500 0.000
4 2 58 50.810 0.500 0.000 34.613 0.500 0.000
4 2 59 35.954 0.500 0.000 60.547 0.500 0.000
4 2 60 67.230 0.500 0.000 57.372 0.500 0.000
4 2 61 50.785 0.500 0.000 43.200 0.500 0.000
4 2 62 42.805 0.500 0.000 45.416 0.500 0.000
4 3 1 43.845 0.500 0.000 41.481 0.500 0.000
4 3 2 46.834 0.500 0.000 38.142 0.500 0.000
4 3 3 35.879 0.500 0.000 41.965 0.500 0.000
4 3 4 77.347 0.500 0.000 57.357 0.500 0.000
4 3 5 40.000 0.500 0.000 40.000 0.500 0.000
5 1 1 41.488 0.500 0.000 40.112 0.500 0.000
5 1 2 40.745 0.500 0.000 41.560 0.500 0.000
5 1 3 41.269 0.500 0.000 40.573 0.500 0.000
5 1 4 42.605 0.500 0.000 42.427 0.500 0.000
5 1 5 40.390 0.500 0.000 41.919 0.500 0.000
5 1 6 41.187 0.500 0.000 40.251 0.500 0.000
5 1 7 39.547 0.500 0.000 41.038 0.500 0.000
5 1 8 39.885 0.500 0.000 40.235 0.500 0.000
5 1 9 40.028 0.500 0.000 40.347 0.500 0.000
5 1 10 40.531 0.500 0.000 40.249 0.500 0.000
5 1 11 41.145 0.500 0.000 40.638 0.500 0.000
5 1 12 40.281 0.500 0.000 40.593 0.500 0.000
5 1 13 38.549 0.500 0.000 40.651 0.500 0.000
5 1 14 40.329 0.500 0.000 40.604 0.500 0.000
5 1 15 40.076 0.500 0.000 40.495 0.500 0.000
5 1 16 41.301 0.500 0.000 40.318 0.500 0.000
5 1 17 40.888 0.500 0.000 40.224 0.500 0.000
5 1 18 39.166 0.500 0.000 40.017 0.500 0.000
5 1 19 40.251 0.500 0.000 41.583 0.500 0.000
5 1 20 41.673 0.500 0.000 40.592 0.500 0.000
5 1 21 40.236 0.500 0.000 39.453 0.500 0.000
5 1 22 39.150 0.500 0.000 40.417 0.500 0.000
5 1 23 39.645 0.500 0.000 40.587 0.500 0.000
5 2 1 42.722 0.500 0.000 42.304 0.500 0.000
5 2 2 40.124 0.500 0.000 41.358 0.500 0.000
5 2 3 40.587 0.500 0.000 43.475 0.500 0.000
5 2 4 40.794 0.500 0.000 42.113 0.500 0.000
5 2 5 40.901 0.500 0.000 43.091 0.500 0.000
5 2 6 43.296 0.500 0.000 44.798 0.500 0.000
5 2 7 39.217 0.500 0.000 41.325 0.500 0.000
5 2 8 41.840 0.500 0.000 42.031 0.500 0.000
5 2 9 43.352 0.500 0.000 41.929 0.500 0.000
5 2 10 41.576 0.500 0.000 48.614 0.500 0.000
5 2 11 41.912 0.500 0.000 40.544 0.500 0.000
5 2 12 41.201 0.500 0.000 45.008 0.500 0.000
5 2 13 43.652 0.500 0.000 44.509 0.500 0.000
5 2 14 41.504 0.500 0.000 40.654 0.500 0.000
5 2 15 44.051 0.500 0.000 46.655 0.500 0.000
5 2 16 41.083 0.500 0.000 44.882 0.500 0.000
5 2 17 40.054 0.500 0.000 52.435 0.500 0.000
5 2 18 41.425 0.500 0.000 40.513 0.500 0.000
5 2 19 47.364 0.500 0.000 40.638 0.500 0.000
5 2 20 41.702 0.500 0.000 52.739 0.500 0.000
5 2 21 45.625 0.500 0.000 50.645 0.500 0.000
5 2 22 43.114 0.500 0.000 44.220 0.500 0.000
5 2 23 41.489 0.500 0.000 39.733 0.500 0.000
5 2 24 47.105 0.500 0.000 38.763 0.500 0.000
5 2 25 40.716 0.500 0.000 38.533 0.500 0.000
5 2 26 39.683 0.500 0.000 39.445 0.500 0.000
5 2 27 47.149 0.500 0.000 41.715 0.500 0.000
5 2 28 44.321 0.500 0.000 54.674 0.500 0.000
5 2 29 47.056 0.500 0.000 40.847 0.500 0.000
5 2 30 48.163 0.500 0.000 54.187 0.500 0.000
5 2 31 38.891 0.500 0.000 42.309 0.500 0.000
5 2 32 39.380 0.500 0.000 54.464 0.500 0.000
5 2 33 47.233 0.500 0.000 42.981 0.500 0.000
5 2 34 40.641 0.500 0.000 48.887 0.500 0.000
5 2 35 57.266 0.500 0.000 46.342 0.500 0.000
5 2 36 40.794 0.500 0.000 43.421 0.500 0.000
5 2 37 48.750 0.500 0.000 43.859 0.500 0.000
5 2 38 50.367 0.500 0.000 45.946 0.500 0.000
5 2 39 52.085 0.500 0.000 40.146 0.500 0.000
5 2 40 48.770 0.500 0.000 39.470 0.500 0.000
5 2 41 40.946 0.500 0.000 46.524 0.500 0.000
5 2 42 42.269 0.500 0.000 52.485 0.500 0.000
5 2 43 43.588 0.500 0.000 43.472 0.500 0.000
5 2 44 39.656 0.500 0.000 45.185 0.500 0.000
5 2 45 38.592 0.500 0.000 37.904 0.500 0.000
5 2 46 37.396 0.500 0.000 44.232 0.500 0.000
5 2 47 45.999 0.500 0.000 52.334 0.500 0.000
5 2 48 43.395 0.500 0.000 40.316 0.500 0.000
5 2 49 41.839 0.500 0.000 41.935 0.500 0.000
5 2 50 43.871 0.500 0.000 55.574 0.500 0.000
5 2 51 34.450 0.500 0.000 61.488 0.500 0.000
5 2 52 47.176 0.500 0.000 40.206 0.500 0.000
5 2 53 42.152 0.500 0.000 41.411 0.500 0.000
5 2 54 41.052 0.500 0.000 44.419 0.500 0.000
5 2 55 47.174 0.500 0.000 40.454 0.500 0.000
5 2 56 45.293 0.500 0.000 42.254 0.500 0.000
5 2 57 37.941 0.500 0.000 43.597 0.500 0.000
5 2 58 43.739 0.500 0.000 50.619 0.500 0.000
5 2 59 50.245 0.500 0.000 48.142 0.500 0.000
5 2 60 35.260 0.500 0.000 39.813 0.500 0.000
5 2 61 41.490 0.500 0.000 49.616 0.500 0.000
5 2 62 44.945 0.500 0.000 60.124 0.500 0.000
5 3 1 43.249 0.500 0.000 41.932 0.500 0.000
5 3 2 46.092 0.500 0.000 58.942 0.500 0.000
5 3 3 35.602 0.500 0.000 34.370 0.500 0.000
5 3 4 29.328 0.500 0.000 31.691 0.500 0.000
5 3 5 40.000 0.500 0.000 40.000 0.500 0.000
6 1 1 40.964 0.500 0.000 42.027 0.500 0.000
6 1 2 40.090 0.500 0.000 40.577 0.500 0.000
6 1 3 41.403 0.500 0.000 41.567 0.500 0.000
6 1 4 41.113 0.500 0.000 38.494 0.500 0.000
6 1 5 41.820 0.500 0.000 41.874 0.500 0.000
6 1 6 40.357 0.500 0.000 41.244 0.500 0.000
6 1 7 38.592 0.500 0.000 38.413 0.500 0.000
6 1 8 40.546 0.500 0.000 37.418 0.500 0.000
6 1 9 42.627 0.500 0.000 40.011 0.500 0.000
6 1 10 42.456 0.500 0.000 41.599 0.500 0.000
6 1 11 40.481 0.500 0.000 38.462 0.500 0.000
6 1 12 40.025 0.500 0.000 40.285 0.500 0.000
6 1 13 41.003 0.500 0.000 40.637 0.500 0.000
6 1 14 41.560 0.500 0.000 40.693 0.500 0.000
6 1 15 41.354 0.500 0.000 40.338 0.500 0.000
6 1 16 41.043 0.500 0.000 42.273 0.500 0.000
6 1 17 40.929 0.500 0.000 41.473 0.500 0.000
6 1 18 41.367 0.500 0.000 41.254 0.500 0.000
6 1 19 40.498 0.500 0.000 42.278 0.500 0.000
6 1 20 42.161 0.500 0.000 39.686 0.500 0.000
6 1 21 40.162 0.500 0.000 42.289 0.500 0.000
6 1 22 41.254 0.500 0.000 40.099 0.500 0.000
6 1 23 41.706 0.500 0.000 38.204 0.500 0.000
6 2 1 40.010 0.500 0.000 41.558 0.500 0.000
6 2 2 41.772 0.500 0.000 42.066 0.500 0.000
6 2 3 42.226 0.500 0.000 42.680 0.500 0.000
6 2 4 45.657 0.500 0.000 41.194 0.500 0.000
6 2 5 43.027 0.500 0.000 44.336 0.500 0.000
6 2 6 44.126 0.500 0.000 44.234 0.500 0.000
6 2 7 41.886 0.500 0.000 43.108 0.500 0.000
6 2 8 43.365 0.500 0.000 43.955 0.500 0.000
6 2 9 41.308 0.500 0.000 42.564 0.500 0.000
6 2 10 45.050 0.500 0.000 42.810 0.500 0.000
6 2 11 44.000 0.500 0.000 45.017 0.500 0.000
6 2 12 46.360 0.500 0.000 39.667 0.500 0.000
6 2 13 40.427 0.500 0.000 40.602 0.500 0.000
6 2 14 42.510 0.500 0.000 50.744 0.500 0.000
6 2 15 42.174 0.500 0.000 41.891 0.500 0.000
6 2 16 42.382 0.500 0.000 48.481 0.500 0.000
6 2 17 45.486 0.500 0.000 40.807 0.500 0.000
6 2 18 41.500 0.500 0.000 40.418 0.500 0.000
6 2 19 48.402 0.500 0.000 48.582 0.500 0.000
6 2 20 44.921 0.500 0.000 41.999 0.500 0.000
6 2 21 44.567 0.500 0.000 41.700 0.500 0.000
6 2 22 40.050 0.500 0.000 45.451 0.500 0.000
6 2 23 35.185 0.500 0.000 40.602 0.500 0.000
6 2 24 42.660 0.500 0.000 39.961 0.500 0.000
6 2 25 50.312 0.500 0.000 55.064 0.500 0.000
6 2 26 54.956 0.500 0.000 46.221 0.500 0.000
6 2 27 43.009 0.500 0.000 42.748 0.500 0.000
6 2 28 40.973 0.500 0.000 40.809 0.500 0.000
6 2 29 42.345 0.500 0.000 44.872 0.500 0.000
6 2 30 43.468 0.500 0.000 42.827 0.500 0.000
6 2 31 39.477 0.500 0.000 49.039 0.500 0.000
6 2 32 37.094 0.500 0.000 43.998 0.500 0.000
6 2 33 34.627 0.500 0.000 40.172 0.500 0.000
6 2 34 61.403 0.500 0.000 48.555 0.500 0.000
6 2 35 38.299 0.500 0.000 46.170 0.500 0.000
6 2 36 46.438 0.500 0.000 48.644 0.500 0.000
6 2 37 50.512 0.500 0.000 47.624 0.500 0.000
6 2 38 45.290 0.500 0.000 55.288 0.500 0.000
6 2 39 49.843 0.500 0.000 53.655 0.500 0.000
6 2 40 41.192 0.500 0.000 56.230 0.500 0.000
6 2 41 53.035 0.500 0.000 40.159 0.500 0.000
6 2 42 41.816 0.500 0.000 41.124 0.500 0.000
6 2 43 54.760 0.500 0.000 58.155 0.500 0.000
6 2 44 44.845 0.500 0.000 39.363 0.500 0.000
6 2 45 47.289 0.500 0.000 48.929 0.500 0.000
6 2 46 42.583 0.500 0.000 43.441 0.500 0.000
6 2 47 35.645 0.500 0.000 51.684 0.500 0.000
6 2 48 41.390 0.500 0.000 58.116 0.500 0.000
6 2 49 37.774 0.500 0.000 60.092 0.500 0.000
6 2 50 67.761 0.500 0.000 61.860 0.500 0.000
6 2 51 54.516 0.500 0.000 40.942 0.500 0.000
6 2 52 49.462 0.500 0.000 42.775 0.500 0.000
6 2 53 50.256 0.500 0.000 40.171 0.500 0.000
6 2 54 41.409 0.500 0.000 52.999 0.500 0.000
6 2 55 40.098 0.500 0.000 42.302 0.500 0.000
6 2 56 29.051 0.500 0.000 40.523 0.500 0.000
6 2 57 40.073 0.500 0.000 36.486 0.500 0.000
6 2 58 34.131 0.500 0.000 51.370 0.500 0.000
6 2 59 49.526 0.500 0.000 69.491 0.500 0.000
6 2 60 60.501 0.500 0.000 40.403 0.500 0.000
6 2 61 42.842 0.500 0.000 44.295 0.500 0.000
6 2 62 42.330 0.500 0.000 42.945 0.500 0.000
6 3 1 39.093 0.500 0.000 44.212 0.500 0.000
6 3 2 42.620 0.500 0.000 51.679 0.500 0.000
6 3 3 43.133 0.500 0.000 44.186 0.500 0.000
6 3 4 76.392 0.500 0.000 65.945 0.500 0.000
6 3 5 40.000 0.500 0.000 40.000 0.500 0.000
