  1   1   1   3.209052e+00    0.000000e+00  
  1   1   2   7.252089e+00    0.000000e+00  
  1   1   3   1.200868e+00    0.000000e+00  
  1   1   4   4.377336e+00    0.000000e+00  
  1   1   5   -2.416023e+00    0.000000e+00  
  1   1   6   -1.182315e+00    0.000000e+00  
  1   1   7   -9.382061e+00    0.000000e+00  
  1   1   8   2.054285e+00    0.000000e+00  
  1   1   9   8.493374e-01    0.000000e+00  
  1   1  10   9.144899e+00    0.000000e+00  
  1   1  11   1.215304e+00    0.000000e+00  
  1   1  12   -2.913843e+00    0.000000e+00  
  1   1  13   6.073068e+00    0.000000e+00  
  1   1  14   7.775586e+00    0.000000e+00  
  1   1  15   7.241493e+00    0.000000e+00  
  1   1  16   -5.827227e+00    0.000000e+00  
  1   1  17   9.579224e+00    0.000000e+00  
  1   1  18   -6.701153e+00    0.000000e+00  
  1   1  19   1.827940e+00    0.000000e+00  
  1   1  20   5.594797e+00    0.000000e+00  
  1   1  21   -6.150517e+00    0.000000e+00  
  1   1  22   -6.610596e+00    0.000000e+00  
  1   1  23   7.297656e+00    0.000000e+00  
  1   2   1   9.742576e+00    0.000000e+00  
  1   2   2   5.266103e+00    0.000000e+00  
  1   2   3   -3.597808e-01    0.000000e+00  
  1   2   4   -3.074508e+00    0.000000e+00  
  1   2   5   0.000000e+00    0.000000e+00  
  1   2   6   7.192566e+00    0.000000e+00  
  1   2   7   8.548017e+00    0.000000e+00  
  1   2   8   4.200565e+00    0.000000e+00  
  1   2   9   6.572440e+00    0.000000e+00  
  1   2  10   -5.071473e+00    0.000000e+00  
  1   2  11   -4.750452e+00    0.000000e+00  
  1   2  12   1.712272e+00    0.000000e+00  
  1   2  13   -7.189241e+00    0.000000e+00  
  1   2  14   2.614514e+00    0.000000e+00  
  1   2  15   6.180382e+00    0.000000e+00  
  1   2  16   6.867156e+00    0.000000e+00  
  1   2  17   -8.925488e-01    0.000000e+00  
  1   2  18   4.042396e-01    0.000000e+00  
  1   2  19   9.555134e+00    0.000000e+00  
  1   2  20   -3.005414e-01    0.000000e+00  
  1   2  21   -7.465723e+00    0.000000e+00  
  1   2  22   -4.493134e+00    0.000000e+00  
  1   2  23   3.799411e+00    0.000000e+00  
  1   2  24   3.177573e+00    0.000000e+00  
  1   2  25   8.597867e+00    0.000000e+00  
  1   2  26   -7.653955e+00    0.000000e+00  
  1   2  27   -7.380729e+00    0.000000e+00  
  1   2  28   -9.740680e+00    0.000000e+00  
  1   2  29   2.145031e+00    0.000000e+00  
  1   2  30   2.678413e+00    0.000000e+00  
  1   2  31   -2.457969e+00    0.000000e+00  
  1   2  32   -2.621771e+00    0.000000e+00  
  1   2  33   -7.905866e-02    0.000000e+00  
  1   2  34   7.306264e+00    0.000000e+00  
  1   2  35   2.900341e+00    0.000000e+00  
  1   2  36   2.926563e+00    0.000000e+00  
  1   2  37   -4.068774e+00    0.000000e+00  
  1   2  38   6.591621e+00    0.000000e+00  
  1   2  39   1.366880e+00    0.000000e+00  
  1   2  40   -4.491818e+00    0.000000e+00  
  1   2  41   -1.187270e+00    0.000000e+00  
  1   2  42   -4.621100e+00    0.000000e+00  
  1   2  43   1.463520e+00    0.000000e+00  
  1   2  44   -9.305301e+00    0.000000e+00  
  1   2  45   -2.546479e+00    0.000000e+00  
  1   2  46   1.593673e+00    0.000000e+00  
  1   2  47   4.857863e+00    0.000000e+00  
  1   2  48   -8.897014e+00    0.000000e+00  
  1   2  49   5.498175e+00    0.000000e+00  
  1   2  50   5.218962e+00    0.000000e+00  
  1   2  51   8.456561e-01    0.000000e+00  
  1   2  52   -1.659007e+00    0.000000e+00  
  1   2  53   4.564490e+00    0.000000e+00  
  1   2  54   -7.701659e-01    0.000000e+00  
  1   2  55   2.823295e+00    0.000000e+00  
  1   2  56   -6.373128e+00    0.000000e+00  
  1   2  57   -7.005281e+00    0.000000e+00  
  1   2  58   -6.217960e+00    0.000000e+00  
  1   2  59   3.855410e+00    0.000000e+00  
  1   2  60   4.788933e+00    0.000000e+00  
  1   2  61   -8.467198e+00    0.000000e+00  
  1   2  62   -2.494372e+00    0.000000e+00  
  1   3   1   2.716557e+00    0.000000e+00  
  1   3   2   -4.377497e+00    0.000000e+00  
  1   3   3   3.884018e+00    0.000000e+00  
  1   3   4   -2.513817e+00    0.000000e+00  
  1   3   5   -5.486554e+00    0.000000e+00  
  2   1   1   9.521720e+00    0.000000e+00  
  2   1   2   -1.345943e+00    0.000000e+00  
  2   1   3   3.069404e+00    0.000000e+00  
  2   1   4   3.625557e+00    0.000000e+00  
  2   1   5   6.572263e+00    0.000000e+00  
  2   1   6   -4.654137e+00    0.000000e+00  
  2   1   7   3.480506e+00    0.000000e+00  
  2   1   8   -7.488061e+00    0.000000e+00  
  2   1   9   6.980098e+00    0.000000e+00  
  2   1  10   5.353568e+00    0.000000e+00  
  2   1  11   -1.874892e+00    0.000000e+00  
  2   1  12   -8.082162e+00    0.000000e+00  
  2   1  13   0.000000e+00    0.000000e+00  
  2   1  14   2.661384e+00    0.000000e+00  
  2   1  15   -1.733619e+00    0.000000e+00  
  2   1  16   -9.857785e+00    0.000000e+00  
  2   1  17   -3.000757e+00    0.000000e+00  
  2   1  18   8.581830e+00    0.000000e+00  
  2   1  19   7.654190e-01    0.000000e+00  
  2   1  20   6.057451e+00    0.000000e+00  
  2   1  21   7.364115e+00    0.000000e+00  
  2   1  22   3.456959e-01    0.000000e+00  
  2   1  23   5.471894e+00    0.000000e+00  
  2   2   1   -5.148694e-01    0.000000e+00  
  2   2   2   2.519624e+00    0.000000e+00  
  2   2   3   -4.766674e+00    0.000000e+00  
  2   2   4   6.573710e+00    0.000000e+00  
  2   2   5   -2.454617e-01    0.000000e+00  
  2   2   6   4.400487e-01    0.000000e+00  
  2   2   7   1.832195e+00    0.000000e+00  
  2   2   8   7.181584e+00    0.000000e+00  
  2   2   9   7.038569e+00    0.000000e+00  
  2   2  10   -1.577066e-01    0.000000e+00  
  2   2  11   -9.300749e+00    0.000000e+00  
  2   2  12   -4.287505e+00    0.000000e+00  
  2   2  13   2.423707e+00    0.000000e+00  
  2   2  14   3.989796e+00    0.000000e+00  
  2   2  15   8.913415e+00    0.000000e+00  
  2   2  16   6.731406e+00    0.000000e+00  
  2   2  17   -8.932079e-01    0.000000e+00  
  2   2  18   8.166066e+00    0.000000e+00  
  2   2  19   6.741053e+00    0.000000e+00  
  2   2  20   -5.725467e+00    0.000000e+00  
  2   2  21   -1.454241e+00    0.000000e+00  
  2   2  22   9.578691e-01    0.000000e+00  
  2   2  23   2.836802e+00    0.000000e+00  
  2   2  24   9.257618e-01    0.000000e+00  
  2   2  25   -5.620349e+00    0.000000e+00  
  2   2  26   9.576975e+00    0.000000e+00  
  2   2  27   -3.157130e+00    0.000000e+00  
  2   2  28   6.266159e+00    0.000000e+00  
  2   2  29   -3.322264e+00    0.000000e+00  
  2   2  30   6.289189e+00    0.000000e+00  
  2   2  31   7.722204e+00    0.000000e+00  
  2   2  32   5.429536e+00    0.000000e+00  
  2   2  33   2.184067e+00    0.000000e+00  
  2   2  34   9.812917e+00    0.000000e+00  
  2   2  35   -7.360623e+00    0.000000e+00  
  2   2  36   8.594068e+00    0.000000e+00  
  2   2  37   2.899581e+00    0.000000e+00  
  2   2  38   1.392484e+00    0.000000e+00  
  2   2  39   9.790113e+00    0.000000e+00  
  2   2  40   8.594579e+00    0.000000e+00  
  2   2  41   -7.174428e+00    0.000000e+00  
  2   2  42   -7.902390e+00    0.000000e+00  
  2   2  43   -2.965491e+00    0.000000e+00  
  2   2  44   -3.572914e+00    0.000000e+00  
  2   2  45   5.545779e+00    0.000000e+00  
  2   2  46   -9.529955e+00    0.000000e+00  
  2   2  47   8.078859e+00    0.000000e+00  
  2   2  48   4.218486e+00    0.000000e+00  
  2   2  49   5.114876e+00    0.000000e+00  
  2   2  50   -1.008210e+01    0.000000e+00  
  2   2  51   -6.669216e+00    0.000000e+00  
  2   2  52   9.420715e+00    0.000000e+00  
  2   2  53   6.043541e-01    0.000000e+00  
  2   2  54   4.012887e+00    0.000000e+00  
  2   2  55   7.637804e+00    0.000000e+00  
  2   2  56   8.067072e+00    0.000000e+00  
  2   2  57   -4.821386e-01    0.000000e+00  
  2   2  58   8.403972e+00    0.000000e+00  
  2   2  59   -8.082943e+00    0.000000e+00  
  2   2  60   -2.610372e+00    0.000000e+00  
  2   2  61   -6.586455e+00    0.000000e+00  
  2   2  62   5.613103e+00    0.000000e+00  
  2   3   1   -5.156373e+00    0.000000e+00  
  2   3   2   -8.893050e+00    0.000000e+00  
  2   3   3   7.464861e+00    0.000000e+00  
  2   3   4   -6.914832e+00    0.000000e+00  
  2   3   5   6.380842e+00    0.000000e+00  
  3   1   1   -4.030996e+00    0.000000e+00  
  3   1   2   3.635413e+00    0.000000e+00  
  3   1   3   -1.752655e+00    0.000000e+00  
  3   1   4   -7.732782e+00    0.000000e+00  
  3   1   5   -2.047613e+00    0.000000e+00  
  3   1   6   -6.789414e+00    0.000000e+00  
  3   1   7   5.819099e+00    0.000000e+00  
  3   1   8   -5.716103e+00    0.000000e+00  
  3   1   9   -2.977460e+00    0.000000e+00  
  3   1  10   7.457580e+00    0.000000e+00  
  3   1  11   -3.500621e+00    0.000000e+00  
  3   1  12   1.071460e+00    0.000000e+00  
  3   1  13   -1.596140e+00    0.000000e+00  
  3   1  14   -7.111540e+00    0.000000e+00  
  3   1  15   -9.956051e+00    0.000000e+00  
  3   1  16   -2.839444e+00    0.000000e+00  
  3   1  17   5.058599e+00    0.000000e+00  
  3   1  18   -5.764891e+00    0.000000e+00  
  3   1  19   9.788393e+00    0.000000e+00  
  3   1  20   6.931345e+00    0.000000e+00  
  3   1  21   8.971624e+00    0.000000e+00  
  3   1  22   7.727514e+00    0.000000e+00  
  3   1  23   -1.926388e-01    0.000000e+00  
  3   2   1   1.402820e-01    0.000000e+00  
  3   2   2   -8.746458e+00    0.000000e+00  
  3   2   3   -9.495081e-01    0.000000e+00  
  3   2   4   -2.252745e+00    0.000000e+00  
  3   2   5   1.612223e+00    0.000000e+00  
  3   2   6   -7.932051e+00    0.000000e+00  
  3   2   7   3.414178e+00    0.000000e+00  
  3   2   8   -3.547043e+00    0.000000e+00  
  3   2   9   -9.128675e+00    0.000000e+00  
  3   2  10   8.027913e+00    0.000000e+00  
  3   2  11   -1.169437e+00    0.000000e+00  
  3   2  12   -2.772455e+00    0.000000e+00  
  3   2  13   3.461067e+00    0.000000e+00  
  3   2  14   8.718868e+00    0.000000e+00  
  3   2  15   -7.543003e+00    0.000000e+00  
  3   2  16   5.407678e+00    0.000000e+00  
  3   2  17   -5.624215e+00    0.000000e+00  
  3   2  18   -8.741327e+00    0.000000e+00  
  3   2  19   -2.175746e+00    0.000000e+00  
  3   2  20   5.682918e+00    0.000000e+00  
  3   2  21   -3.419559e+00    0.000000e+00  
  3   2  22   -2.169812e+00    0.000000e+00  
  3   2  23   6.578763e+00    0.000000e+00  
  3   2  24   9.874494e+00    0.000000e+00  
  3   2  25   -2.303441e+00    0.000000e+00  
  3   2  26   7.063060e+00    0.000000e+00  
  3   2  27   -4.507395e+00    0.000000e+00  
  3   2  28   2.920959e+00    0.000000e+00  
  3   2  29   6.121704e+00    0.000000e+00  
  3   2  30   5.248240e-02    0.000000e+00  
  3   2  31   -6.205362e+00    0.000000e+00  
  3   2  32   9.681728e+00    0.000000e+00  
  3   2  33   -3.322176e+00    0.000000e+00  
  3   2  34   8.433572e+00    0.000000e+00  
  3   2  35   -6.924241e+00    0.000000e+00  
  3   2  36   -8.399787e+00    0.000000e+00  
  3   2  37   5.181557e-01    0.000000e+00  
  3   2  38   8.069598e+00    0.000000e+00  
  3   2  39   2.220726e+00    0.000000e+00  
  3   2  40   -7.516387e+00    0.000000e+00  
  3   2  41   8.768200e+00    0.000000e+00  
  3   2  42   -2.755363e+00    0.000000e+00  
  3   2  43   1.165676e+00    0.000000e+00  
  3   2  44   2.527385e+00    0.000000e+00  
  3   2  45   -5.881597e+00    0.000000e+00  
  3   2  46   -6.944812e+00    0.000000e+00  
  3   2  47   -2.964463e+00    0.000000e+00  
  3   2  48   8.095756e+00    0.000000e+00  
  3   2  49   -1.865221e+00    0.000000e+00  
  3   2  50   3.678213e+00    0.000000e+00  
  3   2  51   -6.734730e+00    0.000000e+00  
  3   2  52   9.741843e+00    0.000000e+00  
  3   2  53   4.040232e+00    0.000000e+00  
  3   2  54   1.477908e+00    0.000000e+00  
  3   2  55   9.230581e+00    0.000000e+00  
  3   2  56   -4.780714e+00    0.000000e+00  
  3   2  57   6.891436e+00    0.000000e+00  
  3   2  58   3.813571e+00    0.000000e+00  
  3   2  59   8.288859e+00    0.000000e+00  
  3   2  60   4.974857e+00    0.000000e+00  
  3   2  61   4.651761e+00    0.000000e+00  
  3   2  62   8.112398e+00    0.000000e+00  
  3   3   1   -3.291802e+00    0.000000e+00  
  3   3   2   -4.400054e+00    0.000000e+00  
  3   3   3   0.000000e+00    0.000000e+00  
  3   3   4   2.627632e+00    0.000000e+00  
  3   3   5   8.906612e+00    0.000000e+00  
  4   1   1   -5.329049e+00    0.000000e+00  
  4   1   2   -6.529163e+00    0.000000e+00  
  4   1   3   -8.236657e+00    0.000000e+00  
  4   1   4   1.369765e+00    0.000000e+00  
  4   1   5   8.867545e+00    0.000000e+00  
  4   1   6   -1.562702e+00    0.000000e+00  
  4   1   7   -9.522445e+00    0.000000e+00  
  4   1   8   1.952024e+00    0.000000e+00  
  4   1   9   -8.275907e+00    0.000000e+00  
  4   1  10   8.893588e+00    0.000000e+00  
  4   1  11   -8.173125e+00    0.000000e+00  
  4   1  12   -2.505539e+00    0.000000e+00  
  4   1  13   4.668088e+00    0.000000e+00  
  4   1  14   7.715432e+00    0.000000e+00  
  4   1  15   3.816865e+00    0.000000e+00  
  4   1  16   -4.185608e+00    0.000000e+00  
  4   1  17   -1.715819e+00    0.000000e+00  
  4   1  18   -3.630610e+00    0.000000e+00  
  4   1  19   2.973549e+00    0.000000e+00  
  4   1  20   7.195629e-01    0.000000e+00  
  4   1  21   -8.363544e+00    0.000000e+00  
  4   1  22   9.306188e+00    0.000000e+00  
  4   1  23   -4.755956e+00    0.000000e+00  
  4   2   1   2.978321e+00    0.000000e+00  
  4   2   2   -9.062950e+00    0.000000e+00  
  4   2   3   4.963966e+00    0.000000e+00  
  4   2   4   -1.878049e+00    0.000000e+00  
  4   2   5   8.798768e+00    0.000000e+00  
  4   2   6   4.333877e+00    0.000000e+00  
  4   2   7   -1.504184e+00    0.000000e+00  
  4   2   8   -3.547289e-01    0.000000e+00  
  4   2   9   8.203517e+00    0.000000e+00  
  4   2  10   -3.705669e+00    0.000000e+00  
  4   2  11   -9.345872e+00    0.000000e+00  
  4   2  12   3.416897e+00    0.000000e+00  
  4   2  13   -3.051725e+00    0.000000e+00  
  4   2  14   8.902813e+00    0.000000e+00  
  4   2  15   5.089482e+00    0.000000e+00  
  4   2  16   -5.742309e+00    0.000000e+00  
  4   2  17   1.340648e+00    0.000000e+00  
  4   2  18   8.447811e+00    0.000000e+00  
  4   2  19   3.661592e+00    0.000000e+00  
  4   2  20   -2.257076e+00    0.000000e+00  
  4   2  21   -9.101514e+00    0.000000e+00  
  4   2  22   -3.820140e+00    0.000000e+00  
  4   2  23   -6.225674e+00    0.000000e+00  
  4   2  24   5.760521e+00    0.000000e+00  
  4   2  25   6.966026e+00    0.000000e+00  
  4   2  26   -5.745496e+00    0.000000e+00  
  4   2  27   -3.607097e+00    0.000000e+00  
  4   2  28   -7.380294e+00    0.000000e+00  
  4   2  29   -5.970830e-01    0.000000e+00  
  4   2  30   -4.605075e+00    0.000000e+00  
  4   2  31   -5.429376e+00    0.000000e+00  
  4   2  32   0.000000e+00    0.000000e+00  
  4   2  33   -5.536961e-01    0.000000e+00  
  4   2  34   7.626675e+00    0.000000e+00  
  4   2  35   2.011345e+00    0.000000e+00  
  4   2  36   -3.011541e+00    0.000000e+00  
  4   2  37   -9.124829e-01    0.000000e+00  
  4   2  38   -4.309858e+00    0.000000e+00  
  4   2  39   -9.224909e+00    0.000000e+00  
  4   2  40   7.603661e+00    0.000000e+00  
  4   2  41   5.982610e+00    0.000000e+00  
  4   2  42   -1.028197e+00    0.000000e+00  
  4   2  43   8.613002e+00    0.000000e+00  
  4   2  44   -4.651779e+00    0.000000e+00  
  4   2  45   -8.440721e+00    0.000000e+00  
  4   2  46   -5.230908e+00    0.000000e+00  
  4   2  47   -5.053520e+00    0.000000e+00  
  4   2  48   -1.609560e+00    0.000000e+00  
  4   2  49   -9.476312e+00    0.000000e+00  
  4   2  50   -1.652441e+00    0.000000e+00  
  4   2  51   2.090385e+00    0.000000e+00  
  4   2  52   -7.924353e+00    0.000000e+00  
  4   2  53   -3.173029e+00    0.000000e+00  
  4   2  54   8.918681e+00    0.000000e+00  
  4   2  55   -9.736175e+00    0.000000e+00  
  4   2  56   7.251360e+00    0.000000e+00  
  4   2  57   6.212079e+00    0.000000e+00  
  4   2  58   -3.068892e+00    0.000000e+00  
  4   2  59   -6.055799e+00    0.000000e+00  
  4   2  60   2.552691e+00    0.000000e+00  
  4   2  61   5.678733e+00    0.000000e+00  
  4   2  62   1.027256e+01    0.000000e+00  
  4   3   1   -4.020488e+00    0.000000e+00  
  4   3   2   -6.416882e+00    0.000000e+00  
  4   3   3   -6.615594e+00    0.000000e+00  
  4   3   4   8.364770e+00    0.000000e+00  
  4   3   5   -9.438873e+00    0.000000e+00  
  5   1   1   1.377189e+00    0.000000e+00  
  5   1   2   2.088491e+00    0.000000e+00  
  5   1   3   7.212326e+00    0.000000e+00  
  5   1   4   1.075968e+00    0.000000e+00  
  5   1   5   -1.321006e+00    0.000000e+00  
  5   1   6   -1.694281e+00    0.000000e+00  
  5   1   7   -5.454852e+00    0.000000e+00  
  5   1   8   5.481182e+00    0.000000e+00  
  5   1   9   -8.261413e+00    0.000000e+00  
  5   1  10   5.635386e+00    0.000000e+00  
  5   1  11   4.660099e+00    0.000000e+00  
  5   1  12   -5.814934e+00    0.000000e+00  
  5   1  13   -8.647158e+00    0.000000e+00  
  5   1  14   9.248898e-01    0.000000e+00  
  5   1  15   -7.594883e+00    0.000000e+00  
  5   1  16   6.947669e+00    0.000000e+00  
  5   1  17   9.778211e+00    0.000000e+00  
  5   1  18   -1.865530e+00    0.000000e+00  
  5   1  19   6.074761e+00    0.000000e+00  
  5   1  20   -1.392360e+00    0.000000e+00  
  5   1  21   4.282703e+00    0.000000e+00  
  5   1  22   -7.676803e+00    0.000000e+00  
  5   1  23   6.635070e+00    0.000000e+00  
  5   2   1   3.391892e+00    0.000000e+00  
  5   2   2   -5.038250e+00    0.000000e+00  
  5   2   3   8.071441e+00    0.000000e+00  
  5   2   4   -3.397044e+00    0.000000e+00  
  5   2   5   -1.339171e+00    0.000000e+00  
  5   2   6   7.250257e+00    0.000000e+00  
  5   2   7   -8.628400e+00    0.000000e+00  
  5   2   8   -9.176634e+00    0.000000e+00  
  5   2   9   -8.602149e+00    0.000000e+00  
  5   2  10   -6.813001e+00    0.000000e+00  
  5   2  11   -8.036052e+00    0.000000e+00  
  5   2  12   3.564644e+00    0.000000e+00  
  5   2  13   -5.331763e-01    0.000000e+00  
  5   2  14   3.119029e+00    0.000000e+00  
  5   2  15   -8.943156e+00    0.000000e+00  
  5   2  16   2.307527e+00    0.000000e+00  
  5   2  17   -3.310700e+00    0.000000e+00  
  5   2  18   9.622772e+00    0.000000e+00  
  5   2  19   -8.339383e+00    0.000000e+00  
  5   2  20   5.917625e+00    0.000000e+00  
  5   2  21   -5.958512e+00    0.000000e+00  
  5   2  22   -2.341723e+00    0.000000e+00  
  5   2  23   -8.849878e+00    0.000000e+00  
  5   2  24   2.202080e+00    0.000000e+00  
  5   2  25   5.893799e+00    0.000000e+00  
  5   2  26   3.621146e+00    0.000000e+00  
  5   2  27   -2.177153e+00    0.000000e+00  
  5   2  28   5.362063e+00    0.000000e+00  
  5   2  29   7.427093e+00    0.000000e+00  
  5   2  30   2.583806e+00    0.000000e+00  
  5   2  31   5.158984e+00    0.000000e+00  
  5   2  32   6.347285e+00    0.000000e+00  
  5   2  33   -3.561839e+00    0.000000e+00  
  5   2  34   -2.702156e+00    0.000000e+00  
  5   2  35   -9.949869e+00    0.000000e+00  
  5   2  36   9.645910e+00    0.000000e+00  
  5   2  37   6.674664e+00    0.000000e+00  
  5   2  38   -4.070520e+00    0.000000e+00  
  5   2  39   5.105583e+00    0.000000e+00  
  5   2  40   -3.224936e+00    0.000000e+00  
  5   2  41   -4.523848e+00    0.000000e+00  
  5   2  42   1.057823e+00    0.000000e+00  
  5   2  43   2.263252e+00    0.000000e+00  
  5   2  44   6.248748e+00    0.000000e+00  
  5   2  45   -5.310214e-01    0.000000e+00  
  5   2  46   -7.325193e+00    0.000000e+00  
  5   2  47   -3.164704e-01    0.000000e+00  
  5   2  48   3.044983e+00    0.000000e+00  
  5   2  49   0.000000e+00    0.000000e+00  
  5   2  50   -3.391386e+00    0.000000e+00  
  5   2  51   -3.539788e+00    0.000000e+00  
  5   2  52   -7.275386e+00    0.000000e+00  
  5   2  53   7.977730e+00    0.000000e+00  
  5   2  54   -2.952466e+00    0.000000e+00  
  5   2  55   7.048245e+00    0.000000e+00  
  5   2  56   5.183773e+00    0.000000e+00  
  5   2  57   -2.558787e+00    0.000000e+00  
  5   2  58   8.863548e+00    0.000000e+00  
  5   2  59   -2.407075e+00    0.000000e+00  
  5   2  60   -8.393753e+00    0.000000e+00  
  5   2  61   -3.203945e-01    0.000000e+00  
  5   2  62   3.904311e-01    0.000000e+00  
  5   3   1   -2.293158e+00    0.000000e+00  
  5   3   2   8.050999e+00    0.000000e+00  
  5   3   3   2.191290e+00    0.000000e+00  
  5   3   4   -5.119436e+00    0.000000e+00  
  5   3   5   -6.532654e+00    0.000000e+00  
  6   1   1   -9.443235e+00    0.000000e+00  
  6   1   2   -6.986054e+00    0.000000e+00  
  6   1   3   7.140269e+00    0.000000e+00  
  6   1   4   -4.926247e+00    0.000000e+00  
  6   1   5   -1.152915e+00    0.000000e+00  
  6   1   6   -6.323638e+00    0.000000e+00  
  6   1   7   -4.089441e+00    0.000000e+00  
  6   1   8   -2.765886e+00    0.000000e+00  
  6   1   9   -1.855589e+00    0.000000e+00  
  6   1  10   -9.903585e+00    0.000000e+00  
  6   1  11   9.458245e+00    0.000000e+00  
  6   1  12   7.935330e+00    0.000000e+00  
  6   1  13   -1.924033e+00    0.000000e+00  
  6   1  14   5.344880e+00    0.000000e+00  
  6   1  15   6.784283e+00    0.000000e+00  
  6   1  16   4.259832e+00    0.000000e+00  
  6   1  17   -9.412412e+00    0.000000e+00  
  6   1  18   -8.893515e+00    0.000000e+00  
  6   1  19   6.244257e+00    0.000000e+00  
  6   1  20   5.011494e+00    0.000000e+00  
  6   1  21   -2.176837e+00    0.000000e+00  
  6   1  22   -5.899829e+00    0.000000e+00  
  6   1  23   -9.668730e+00    0.000000e+00  
  6   2   1   -9.824431e+00    0.000000e+00  
  6   2   2   5.995987e+00    0.000000e+00  
  6   2   3   1.283230e+00    0.000000e+00  
  6   2   4   -1.636011e+00    0.000000e+00  
  6   2   5   9.030825e+00    0.000000e+00  
  6   2   6   6.146777e+00    0.000000e+00  
  6   2   7   5.063360e+00    0.000000e+00  
  6   2   8   2.952192e+00    0.000000e+00  
  6   2   9   -2.516040e+00    0.000000e+00  
  6   2  10   -7.397902e+00    0.000000e+00  
  6   2  11   8.331345e+00    0.000000e+00  
  6   2  12   8.883991e+00    0.000000e+00  
  6   2  13   -3.651858e+00    0.000000e+00  
  6   2  14   8.971068e+00    0.000000e+00  
  6   2  15   6.359446e+00    0.000000e+00  
  6   2  16   -5.985239e+00    0.000000e+00  
  6   2  17   -1.678453e+00    0.000000e+00  
  6   2  18   9.687485e+00    0.000000e+00  
  6   2  19   1.022393e+00    0.000000e+00  
  6   2  20   6.990898e+00    0.000000e+00  
  6   2  21   7.779377e+00    0.000000e+00  
  6   2  22   6.577696e+00    0.000000e+00  
  6   2  23   8.717443e+00    0.000000e+00  
  6   2  24   -9.683637e+00    0.000000e+00  
  6   2  25   6.688229e+00    0.000000e+00  
  6   2  26   -4.916881e+00    0.000000e+00  
  6   2  27   -9.489655e+00    0.000000e+00  
  6   2  28   -6.323928e+00    0.000000e+00  
  6   2  29   -2.254095e+00    0.000000e+00  
  6   2  30   -2.281819e+00    0.000000e+00  
  6   2  31   -8.804759e+00    0.000000e+00  
  6   2  32   6.095893e+00    0.000000e+00  
  6   2  33   9.878844e+00    0.000000e+00  
  6   2  34   -3.077433e+00    0.000000e+00  
  6   2  35   -5.075329e+00    0.000000e+00  
  6   2  36   5.449507e+00    0.000000e+00  
  6   2  37   -5.878195e+00    0.000000e+00  
  6   2  38   -4.896712e+00    0.000000e+00  
  6   2  39   -2.188154e+00    0.000000e+00  
  6   2  40   8.259701e+00    0.000000e+00  
  6   2  41   7.530537e+00    0.000000e+00  
  6   2  42   -3.014715e+00    0.000000e+00  
  6   2  43   1.002117e+00    0.000000e+00  
  6   2  44   -1.459317e+00    0.000000e+00  
  6   2  45   -4.884604e+00    0.000000e+00  
  6   2  46   -7.807026e-01    0.000000e+00  
  6   2  47   -6.469514e-01    0.000000e+00  
  6   2  48   5.480308e+00    0.000000e+00  
  6   2  49   -3.702811e-01    0.000000e+00  
  6   2  50   9.865650e+00    0.000000e+00  
  6   2  51   -6.101304e+00    0.000000e+00  
  6   2  52   -6.433211e+00    0.000000e+00  
  6   2  53   9.015746e+00    0.000000e+00  
  6   2  54   -5.452243e-01    0.000000e+00  
  6   2  55   4.833815e+00    0.000000e+00  
  6   2  56   -7.146220e+00    0.000000e+00  
  6   2  57   -3.382748e+00    0.000000e+00  
  6   2  58   4.223524e+00    0.000000e+00  
  6   2  59   -6.447888e+00    0.000000e+00  
  6   2  60   -2.395324e-01    0.000000e+00  
  6   2  61   -4.265740e+00    0.000000e+00  
  6   2  62   -2.636251e+00    0.000000e+00  
  6   3   1   -2.203598e+00    0.000000e+00  
  6   3   2   -6.019032e+00    0.000000e+00  
  6   3   3   -4.613705e+00    0.000000e+00  
  6   3   4   -4.857976e+00    0.000000e+00  
  6   3   5   -6.667869e+00    0.000000e+00  
