  1   1   1   3.747610e+01    5.085340e-01    0.000000e+00    8.551434e+00    4.000023e-01    0.000000e+00  
  1   1   2   2.912149e+01    5.285064e-01    0.000000e+00    1.747346e+01    4.000000e-01    0.000000e+00  
  1   1   3   1.885928e+01    4.000298e-01    0.000000e+00    1.051433e+01    4.000000e-01    0.000000e+00  
  1   1   4   3.356300e+01    5.191129e-01    0.000000e+00    7.908349e+00    4.000000e-01    0.000000e+00  
  1   1   5   1.971430e+01    4.000029e-01    0.000000e+00    3.712730e+01    5.096061e-01    0.000000e+00  
  1   1   6   2.075955e+01    4.000468e-01    0.000000e+00    8.487910e+00    4.000019e-01    0.000000e+00  
  1   1   7   1.754045e+01    4.000003e-01    0.000000e+00    3.989662e+01    5.999949e-01    0.000000e+00  
  1   1   8   1.587430e+01    4.000000e-01    0.000000e+00    3.485631e+01    5.159949e-01    0.000000e+00  
  1   1   9   1.788766e+01    4.000029e-01    0.000000e+00    1.756407e+01    4.000001e-01    0.000000e+00  
  1   1  10   3.499659e+01    5.155501e-01    0.000000e+00    1.386311e+01    4.000065e-01    0.000000e+00  
  1   1  11   3.409565e+01    5.177238e-01    0.000000e+00    3.525939e+01    5.147397e-01    0.000000e+00  
  1   1  12   1.678109e+01    4.000014e-01    0.000000e+00    2.816316e+01    5.302451e-01    0.000000e+00  
  1   1  13   1.738091e+01    4.000000e-01    0.000000e+00    1.620869e+01    4.000004e-01    0.000000e+00  
  1   1  14   1.605305e+01    4.000045e-01    0.000000e+00    1.528435e+01    4.000001e-01    0.000000e+00  
  1   1  15   1.672450e+01    4.000001e-01    0.000000e+00    1.279399e+01    4.000035e-01    0.000000e+00  
  1   1  16   3.004154e+01    5.267120e-01    0.000000e+00    1.586364e+01    4.000005e-01    0.000000e+00  
  1   1  17   1.674444e+01    4.000010e-01    0.000000e+00    1.437798e+01    4.000006e-01    0.000000e+00  
  1   1  18   1.632971e+01    4.000003e-01    0.000000e+00    1.288238e+01    4.000073e-01    0.000000e+00  
  1   1  19   1.337663e+01    4.000000e-01    0.000000e+00    1.500443e+01    4.000083e-01    0.000000e+00  
  1   1  20   3.307186e+01    5.202038e-01    0.000000e+00    1.514680e+01    4.000409e-01    0.000000e+00  
  1   1  21   1.331123e+01    4.000000e-01    0.000000e+00    1.350134e+01    4.000083e-01    0.000000e+00  
  1   1  22   3.292144e+01    5.205509e-01    0.000000e+00    3.288473e+01    5.206249e-01    0.000000e+00  
  1   1  23   1.366026e+01    4.000029e-01    0.000000e+00    1.360231e+01    4.000006e-01    0.000000e+00  
  1   2   1   2.765875e+01    4.000000e-01    0.000000e+00    4.464402e+01    4.749265e-01    0.000000e+00  
  1   2   2   3.816335e+01    5.056290e-01    0.000000e+00    3.045429e+01    4.000007e-01    0.000000e+00  
  1   2   3   4.037469e+01    4.987410e-01    0.000000e+00    3.196748e+01    5.200900e-01    0.000000e+00  
  1   2   4   3.303671e+01    5.179568e-01    0.000000e+00    4.083906e+01    4.971258e-01    0.000000e+00  
  1   2   5   3.656768e+01    5.097572e-01    0.000000e+00    1.830850e+01    4.000080e-01    0.000000e+00  
  1   2   6   4.492134e+01    4.700378e-01    0.000000e+00    3.684717e+01    5.091238e-01    0.000000e+00  
  1   2   7   4.226008e+01    4.913024e-01    0.000000e+00    1.295546e+02    5.999741e-01    0.000000e+00  
  1   2   8   3.508060e+01    5.134654e-01    0.000000e+00    1.615510e+01    4.000000e-01    0.000000e+00  
  1   2   9   1.418605e+01    4.000003e-01    0.000000e+00    1.633264e+01    4.000000e-01    0.000000e+00  
  1   2  10   1.923056e+01    4.000164e-01    0.000000e+00    3.942881e+01    5.018506e-01    0.000000e+00  
  1   2  11   4.364891e+01    5.999953e-01    0.000000e+00    4.412705e+01    4.802083e-01    0.000000e+00  
  1   2  12   3.530997e+01    5.129279e-01    0.000000e+00    3.575680e+01    5.118005e-01    0.000000e+00  
  1   2  13   4.514694e+01    4.645245e-01    0.000000e+00    1.864970e+01    4.000000e-01    0.000000e+00  
  1   2  14   4.100423e+01    4.964503e-01    0.000000e+00    2.476863e+01    4.000000e-01    0.000000e+00  
  1   2  15   4.217412e+01    4.918548e-01    0.000000e+00    1.959453e+01    4.000058e-01    0.000000e+00  
  1   2  16   4.297642e+01    4.879575e-01    0.000000e+00    4.496695e+01    4.689107e-01    0.000000e+00  
  1   2  17   2.477393e+01    5.336467e-01    0.000000e+00    3.294242e+01    5.181262e-01    0.000000e+00  
  1   2  18   4.330558e+01    4.859026e-01    0.000000e+00    1.508736e+01    4.000010e-01    0.000000e+00  
  1   2  19   4.033841e+01    4.988561e-01    0.000000e+00    4.011026e+01    4.996298e-01    0.000000e+00  
  1   2  20   1.774746e+01    4.000021e-01    0.000000e+00    4.276456e+01    4.889896e-01    0.000000e+00  
  1   2  21   2.276387e+01    4.000004e-01    0.000000e+00    2.153703e+01    4.000022e-01    0.000000e+00  
  1   2  22   2.527634e+01    4.003445e-01    0.000000e+00    4.249921e+01    4.901137e-01    0.000000e+00  
  1   2  23   4.307762e+01    4.871292e-01    0.000000e+00    4.051394e+01    4.982352e-01    0.000000e+00  
  1   2  24   1.917094e+01    4.001302e-01    0.000000e+00    2.582899e+01    4.000074e-01    0.000000e+00  
  1   2  25   2.482241e+01    4.000901e-01    0.000000e+00    2.338543e+01    4.000238e-01    0.000000e+00  
  1   2  26   4.432405e+01    4.779813e-01    0.000000e+00    1.764349e+01    4.000172e-01    0.000000e+00  
  1   2  27   2.401185e+01    4.000000e-01    0.000000e+00    1.809981e+01    4.000106e-01    0.000000e+00  
  1   2  28   1.613722e+01    4.000026e-01    0.000000e+00    2.413950e+01    4.000436e-01    0.000000e+00  
  1   2  29   4.138808e+01    4.950341e-01    0.000000e+00    3.578998e+01    5.118105e-01    0.000000e+00  
  1   2  30   1.523342e+01    4.000218e-01    0.000000e+00    1.291277e+01    4.000061e-01    0.000000e+00  
  1   2  31   1.928766e+01    4.000195e-01    0.000000e+00    1.444479e+01    4.000047e-01    0.000000e+00  
  1   2  32   1.395387e+01    4.000014e-01    0.000000e+00    2.637975e+01    4.000010e-01    0.000000e+00  
  1   2  33   2.418497e+01    4.000007e-01    0.000000e+00    3.754435e+01    5.073443e-01    0.000000e+00  
  1   2  34   2.087663e+01    4.000000e-01    0.000000e+00    2.071821e+01    4.000033e-01    0.000000e+00  
  1   2  35   4.417360e+01    4.797011e-01    0.000000e+00    2.551508e+01    4.000001e-01    0.000000e+00  
  1   2  36   2.694020e+01    4.000011e-01    0.000000e+00    1.568544e+01    4.000017e-01    0.000000e+00  
  1   2  37   4.489572e+01    4.706765e-01    0.000000e+00    3.911695e+01    5.028208e-01    0.000000e+00  
  1   2  38   2.323344e+01    4.000004e-01    0.000000e+00    2.551750e+01    4.000004e-01    0.000000e+00  
  1   2  39   2.012011e+01    4.000000e-01    0.000000e+00    2.597898e+01    4.000000e-01    0.000000e+00  
  1   2  40   1.942769e+01    4.000004e-01    0.000000e+00    1.760899e+01    4.000007e-01    0.000000e+00  
  1   2  41   1.895647e+01    4.000070e-01    0.000000e+00    1.696543e+01    4.000006e-01    0.000000e+00  
  1   2  42   4.273958e+01    4.890189e-01    0.000000e+00    4.200791e+01    4.923580e-01    0.000000e+00  
  1   2  43   4.217160e+01    4.917492e-01    0.000000e+00    1.766325e+01    4.000026e-01    0.000000e+00  
  1   2  44   2.103690e+01    4.000000e-01    0.000000e+00    4.408275e+01    4.806411e-01    0.000000e+00  
  1   2  45   4.321206e+01    4.864388e-01    0.000000e+00    1.901354e+01    4.000034e-01    0.000000e+00  
  1   2  46   1.783238e+01    4.000054e-01    0.000000e+00    2.593229e+01    4.000001e-01    0.000000e+00  
  1   2  47   4.130941e+01    4.952278e-01    0.000000e+00    4.013591e+01    4.995346e-01    0.000000e+00  
  1   2  48   4.161102e+01    4.941011e-01    0.000000e+00    2.346545e+01    4.000024e-01    0.000000e+00  
  1   2  49   2.351696e+01    4.000038e-01    0.000000e+00    1.759270e+01    4.000005e-01    0.000000e+00  
  1   2  50   1.832230e+01    4.000116e-01    0.000000e+00    4.268233e+01    4.892833e-01    0.000000e+00  
  1   2  51   1.767322e+01    4.000002e-01    0.000000e+00    1.896059e+01    4.000244e-01    0.000000e+00  
  1   2  52   1.673463e+01    4.000029e-01    0.000000e+00    4.312037e+01    4.871310e-01    0.000000e+00  
  1   2  53   2.410840e+01    4.000014e-01    0.000000e+00    4.221534e+01    4.915387e-01    0.000000e+00  
  1   2  54   1.939747e+01    4.000005e-01    0.000000e+00    1.803187e+01    4.000011e-01    0.000000e+00  
  1   2  55   4.368644e+01    4.835089e-01    0.000000e+00    1.764077e+01    4.000083e-01    0.000000e+00  
  1   2  56   1.752470e+01    4.000114e-01    0.000000e+00    2.104942e+01    4.000000e-01    0.000000e+00  
  1   2  57   2.352111e+01    4.000000e-01    0.000000e+00    1.694882e+01    4.000151e-01    0.000000e+00  
  1   2  58   2.406726e+01    4.001313e-01    0.000000e+00    1.921651e+01    4.000212e-01    0.000000e+00  
  1   2  59   2.555055e+01    4.000005e-01    0.000000e+00    1.682555e+01    4.000074e-01    0.000000e+00  
  1   2  60   2.276104e+01    4.000105e-01    0.000000e+00    1.999084e+01    4.000025e-01    0.000000e+00  
  1   2  61   2.279807e+01    4.000127e-01    0.000000e+00    2.194010e+01    4.000000e-01    0.000000e+00  
  1   2  62   2.272006e+01    4.000037e-01    0.000000e+00    2.071758e+01    4.000100e-01    0.000000e+00  
  1   3   1   1.714307e+01    4.000151e-01    0.000000e+00    1.424876e+01    4.000002e-01    0.000000e+00  
  1   3   2   1.703331e+01    4.000052e-01    0.000000e+00    1.337335e+01    4.000002e-01    0.000000e+00  
  1   3   3   1.532785e+01    4.000002e-01    0.000000e+00    1.345226e+01    4.000002e-01    0.000000e+00  
  1   3   4   3.317423e+01    5.200756e-01    0.000000e+00    1.276108e+01    4.000000e-01    0.000000e+00  
  1   3   5   1.204552e+01    4.000002e-01    0.000000e+00    3.041522e+01    5.259926e-01    0.000000e+00  
  2   1   1   5.641376e+01    5.999999e-01    0.000000e+00    1.382436e+01    4.000014e-01    0.000000e+00  
  2   1   2   5.008308e+01    5.768165e-01    0.000000e+00    1.618317e+01    4.000001e-01    0.000000e+00  
  2   1   3   5.589128e+01    6.000000e-01    0.000000e+00    5.434659e+01    5.999999e-01    0.000000e+00  
  2   1   4   1.265495e+01    4.000022e-01    0.000000e+00    3.417514e+01    5.175603e-01    0.000000e+00  
  2   1   5   1.103026e+01    4.000001e-01    0.000000e+00    1.387210e+01    4.000000e-01    0.000000e+00  
  2   1   6   3.253189e+01    5.214614e-01    0.000000e+00    3.349276e+01    5.192883e-01    0.000000e+00  
  2   1   7   1.376701e+01    4.000001e-01    0.000000e+00    3.331060e+01    5.196267e-01    0.000000e+00  
  2   1   8   1.364488e+01    4.000006e-01    0.000000e+00    4.875384e+01    5.999876e-01    0.000000e+00  
  2   1   9   1.412900e+01    4.000010e-01    0.000000e+00    3.087657e+01    5.250951e-01    0.000000e+00  
  2   1  10   1.412520e+01    4.000024e-01    0.000000e+00    3.227642e+01    5.220087e-01    0.000000e+00  
  2   1  11   1.443679e+01    4.000055e-01    0.000000e+00    1.429547e+01    4.000003e-01    0.000000e+00  
  2   1  12   1.468485e+01    4.000001e-01    0.000000e+00    1.413811e+01    4.000008e-01    0.000000e+00  
  2   1  13   1.455674e+01    4.000038e-01    0.000000e+00    1.433846e+01    4.000000e-01    0.000000e+00  
  2   1  14   1.445116e+01    4.000049e-01    0.000000e+00    1.414626e+01    4.000057e-01    0.000000e+00  
  2   1  15   1.449012e+01    4.000031e-01    0.000000e+00    1.407944e+01    4.000055e-01    0.000000e+00  
  2   1  16   1.411039e+01    4.000244e-01    0.000000e+00    1.459856e+01    4.000001e-01    0.000000e+00  
  2   1  17   1.408544e+01    4.000154e-01    0.000000e+00    1.435200e+01    4.000003e-01    0.000000e+00  
  2   1  18   1.386926e+01    4.000013e-01    0.000000e+00    1.374772e+01    4.000029e-01    0.000000e+00  
  2   1  19   1.434317e+01    4.000002e-01    0.000000e+00    1.431596e+01    4.000001e-01    0.000000e+00  
  2   1  20   1.411834e+01    4.000217e-01    0.000000e+00    1.412093e+01    4.000002e-01    0.000000e+00  
  2   1  21   1.455778e+01    4.017130e-01    0.000000e+00    1.428808e+01    4.000117e-01    0.000000e+00  
  2   1  22   1.446127e+01    4.000019e-01    0.000000e+00    1.411504e+01    4.000319e-01    0.000000e+00  
  2   1  23   1.451016e+01    4.000053e-01    0.000000e+00    1.445676e+01    4.000049e-01    0.000000e+00  
  2   2   1   6.606171e+01    5.999921e-01    0.000000e+00    2.865084e+01    5.259749e-01    0.000000e+00  
  2   2   2   1.145209e+01    4.000013e-01    0.000000e+00    3.080250e+01    4.000084e-01    0.000000e+00  
  2   2   3   1.932868e+01    4.000001e-01    0.000000e+00    1.763944e+01    4.000000e-01    0.000000e+00  
  2   2   4   1.039342e+02    5.999952e-01    0.000000e+00    1.492663e+01    4.000000e-01    0.000000e+00  
  2   2   5   2.476064e+01    4.001075e-01    0.000000e+00    2.478977e+01    4.000000e-01    0.000000e+00  
  2   2   6   1.167364e+02    5.999974e-01    0.000000e+00    2.346207e+01    4.000000e-01    0.000000e+00  
  2   2   7   2.051301e+01    4.001346e-01    0.000000e+00    9.148222e+01    5.999630e-01    0.000000e+00  
  2   2   8   9.655166e+01    6.000000e-01    0.000000e+00    1.994985e+01    4.000086e-01    0.000000e+00  
  2   2   9   2.031387e+01    4.000001e-01    0.000000e+00    6.345475e+01    5.999992e-01    0.000000e+00  
  2   2  10   1.098752e+02    6.000000e-01    0.000000e+00    9.013709e+01    5.999991e-01    0.000000e+00  
  2   2  11   1.844142e+01    4.000004e-01    0.000000e+00    5.248052e+01    5.999999e-01    0.000000e+00  
  2   2  12   8.861218e+01    5.999633e-01    0.000000e+00    1.008827e+02    5.999997e-01    0.000000e+00  
  2   2  13   1.901558e+01    4.000006e-01    0.000000e+00    1.987789e+01    4.000094e-01    0.000000e+00  
  2   2  14   1.936048e+01    4.000084e-01    0.000000e+00    2.292742e+01    4.000539e-01    0.000000e+00  
  2   2  15   1.564792e+01    4.000012e-01    0.000000e+00    1.759104e+01    4.000001e-01    0.000000e+00  
  2   2  16   1.547906e+01    4.000000e-01    0.000000e+00    2.349832e+01    4.000146e-01    0.000000e+00  
  2   2  17   2.062869e+01    4.000112e-01    0.000000e+00    2.101279e+01    4.000006e-01    0.000000e+00  
  2   2  18   4.075245e+01    4.973769e-01    0.000000e+00    1.968762e+01    4.000001e-01    0.000000e+00  
  2   2  19   1.847607e+01    4.000002e-01    0.000000e+00    3.931241e+01    5.021811e-01    0.000000e+00  
  2   2  20   1.937660e+01    4.000000e-01    0.000000e+00    1.916106e+01    4.000000e-01    0.000000e+00  
  2   2  21   2.189448e+01    4.000013e-01    0.000000e+00    1.981675e+01    4.000000e-01    0.000000e+00  
  2   2  22   2.111414e+01    4.000296e-01    0.000000e+00    1.953774e+01    4.000001e-01    0.000000e+00  
  2   2  23   2.071670e+01    4.000000e-01    0.000000e+00    1.972335e+01    4.000043e-01    0.000000e+00  
  2   2  24   2.113329e+01    4.000158e-01    0.000000e+00    4.168817e+01    4.936909e-01    0.000000e+00  
  2   2  25   4.086878e+01    4.968817e-01    0.000000e+00    2.044536e+01    4.000000e-01    0.000000e+00  
  2   2  26   2.081890e+01    4.000005e-01    0.000000e+00    2.086481e+01    4.000337e-01    0.000000e+00  
  2   2  27   2.042320e+01    4.000023e-01    0.000000e+00    2.001462e+01    4.000071e-01    0.000000e+00  
  2   2  28   2.052149e+01    4.000627e-01    0.000000e+00    4.119836e+01    4.957566e-01    0.000000e+00  
  2   2  29   1.969412e+01    4.000029e-01    0.000000e+00    2.092797e+01    4.000022e-01    0.000000e+00  
  2   2  30   2.061466e+01    4.000090e-01    0.000000e+00    1.985114e+01    4.000001e-01    0.000000e+00  
  2   2  31   2.076589e+01    4.000301e-01    0.000000e+00    2.094194e+01    4.000002e-01    0.000000e+00  
  2   2  32   1.925599e+01    4.000066e-01    0.000000e+00    4.206842e+01    4.921603e-01    0.000000e+00  
  2   2  33   2.017695e+01    4.000040e-01    0.000000e+00    2.164435e+01    4.000004e-01    0.000000e+00  
  2   2  34   2.081918e+01    4.000000e-01    0.000000e+00    2.188395e+01    4.000567e-01    0.000000e+00  
  2   2  35   1.940766e+01    4.000000e-01    0.000000e+00    1.915921e+01    4.000000e-01    0.000000e+00  
  2   2  36   2.127748e+01    4.000032e-01    0.000000e+00    1.897244e+01    4.000018e-01    0.000000e+00  
  2   2  37   2.025209e+01    4.000000e-01    0.000000e+00    2.091773e+01    4.000284e-01    0.000000e+00  
  2   2  38   2.018171e+01    4.000039e-01    0.000000e+00    2.057111e+01    4.000000e-01    0.000000e+00  
  2   2  39   1.984716e+01    4.000064e-01    0.000000e+00    2.042392e+01    4.000000e-01    0.000000e+00  
  2   2  40   2.060782e+01    4.000241e-01    0.000000e+00    2.067596e+01    4.000032e-01    0.000000e+00  
  2   2  41   1.875858e+01    4.000000e-01    0.000000e+00    2.082393e+01    4.000045e-01    0.000000e+00  
  2   2  42   2.005516e+01    4.000006e-01    0.000000e+00    4.338472e+01    4.854125e-01    0.000000e+00  
  2   2  43   2.089096e+01    4.000355e-01    0.000000e+00    2.098518e+01    4.000002e-01    0.000000e+00  
  2   2  44   2.040388e+01    4.000005e-01    0.000000e+00    2.097164e+01    4.000013e-01    0.000000e+00  
  2   2  45   2.042467e+01    4.000000e-01    0.000000e+00    2.035633e+01    4.000001e-01    0.000000e+00  
  2   2  46   2.044563e+01    4.000135e-01    0.000000e+00    2.011831e+01    4.000209e-01    0.000000e+00  
  2   2  47   2.008326e+01    4.000121e-01    0.000000e+00    7.724122e+01    5.999902e-01    0.000000e+00  
  2   2  48   1.997520e+01    4.000005e-01    0.000000e+00    1.942860e+01    4.000108e-01    0.000000e+00  
  2   2  49   1.821416e+01    4.000000e-01    0.000000e+00    1.986540e+01    4.000000e-01    0.000000e+00  
  2   2  50   2.075368e+01    4.000012e-01    0.000000e+00    2.077254e+01    4.000059e-01    0.000000e+00  
  2   2  51   2.093364e+01    4.000026e-01    0.000000e+00    2.123136e+01    4.000000e-01    0.000000e+00  
  2   2  52   1.874742e+01    4.000477e-01    0.000000e+00    1.725926e+01    4.000123e-01    0.000000e+00  
  2   2  53   2.111264e+01    4.001147e-01    0.000000e+00    2.075945e+01    4.000012e-01    0.000000e+00  
  2   2  54   1.779741e+01    4.000002e-01    0.000000e+00    1.955796e+01    4.000197e-01    0.000000e+00  
  2   2  55   2.069763e+01    4.000000e-01    0.000000e+00    1.962665e+01    4.000008e-01    0.000000e+00  
  2   2  56   2.189621e+01    4.000007e-01    0.000000e+00    2.059226e+01    4.000005e-01    0.000000e+00  
  2   2  57   2.053014e+01    4.000033e-01    0.000000e+00    2.076451e+01    4.000007e-01    0.000000e+00  
  2   2  58   2.023058e+01    4.000024e-01    0.000000e+00    2.035844e+01    4.000067e-01    0.000000e+00  
  2   2  59   2.048166e+01    4.000030e-01    0.000000e+00    2.092044e+01    4.000068e-01    0.000000e+00  
  2   2  60   2.079225e+01    4.000023e-01    0.000000e+00    2.065957e+01    4.000000e-01    0.000000e+00  
  2   2  61   2.035571e+01    4.000000e-01    0.000000e+00    2.123386e+01    4.000038e-01    0.000000e+00  
  2   2  62   2.041814e+01    4.000021e-01    0.000000e+00    1.985257e+01    4.000010e-01    0.000000e+00  
  2   3   1   1.457542e+01    4.000007e-01    0.000000e+00    1.425887e+01    4.000000e-01    0.000000e+00  
  2   3   2   1.399912e+01    4.000001e-01    0.000000e+00    1.407047e+01    4.000009e-01    0.000000e+00  
  2   3   3   1.419146e+01    4.000009e-01    0.000000e+00    1.425225e+01    4.000292e-01    0.000000e+00  
  2   3   4   1.405862e+01    4.000000e-01    0.000000e+00    3.186368e+01    5.229280e-01    0.000000e+00  
  2   3   5   1.407336e+01    4.000006e-01    0.000000e+00    1.448224e+01    4.000013e-01    0.000000e+00  
  3   1   1   1.497932e+01    4.000024e-01    0.000000e+00    1.557789e+01    4.000057e-01    0.000000e+00  
  3   1   2   1.324764e+01    4.000005e-01    0.000000e+00    1.348562e+01    4.000006e-01    0.000000e+00  
  3   1   3   1.412671e+01    4.000005e-01    0.000000e+00    1.443150e+01    4.000024e-01    0.000000e+00  
  3   1   4   1.365315e+01    4.000008e-01    0.000000e+00    1.323895e+01    4.000021e-01    0.000000e+00  
  3   1   5   3.238507e+01    5.217659e-01    0.000000e+00    1.419696e+01    4.000094e-01    0.000000e+00  
  3   1   6   1.242569e+01    4.000000e-01    0.000000e+00    1.546127e+01    4.000030e-01    0.000000e+00  
  3   1   7   1.445981e+01    4.000087e-01    0.000000e+00    1.439753e+01    4.000000e-01    0.000000e+00  
  3   1   8   1.388995e+01    4.000056e-01    0.000000e+00    1.365609e+01    4.000095e-01    0.000000e+00  
  3   1   9   1.444298e+01    4.000019e-01    0.000000e+00    1.433366e+01    4.000000e-01    0.000000e+00  
  3   1  10   1.420833e+01    4.000030e-01    0.000000e+00    1.403748e+01    4.000004e-01    0.000000e+00  
  3   1  11   1.475702e+01    4.000016e-01    0.000000e+00    1.429075e+01    4.000010e-01    0.000000e+00  
  3   1  12   1.425868e+01    4.000103e-01    0.000000e+00    1.430709e+01    4.000091e-01    0.000000e+00  
  3   1  13   1.430377e+01    4.000007e-01    0.000000e+00    1.426523e+01    4.000021e-01    0.000000e+00  
  3   1  14   1.425755e+01    4.000034e-01    0.000000e+00    1.424918e+01    4.000012e-01    0.000000e+00  
  3   1  15   1.411973e+01    4.000000e-01    0.000000e+00    1.432629e+01    4.000031e-01    0.000000e+00  
  3   1  16   1.424117e+01    4.000062e-01    0.000000e+00    1.429899e+01    4.000297e-01    0.000000e+00  
  3   1  17   1.445243e+01    4.003135e-01    0.000000e+00    1.427973e+01    4.000018e-01    0.000000e+00  
  3   1  18   1.437226e+01    4.000035e-01    0.000000e+00    1.424166e+01    4.000012e-01    0.000000e+00  
  3   1  19   1.382152e+01    4.000002e-01    0.000000e+00    1.422199e+01    4.000011e-01    0.000000e+00  
  3   1  20   1.416202e+01    4.000320e-01    0.000000e+00    1.396258e+01    4.000034e-01    0.000000e+00  
  3   1  21   1.453092e+01    4.000001e-01    0.000000e+00    1.466018e+01    4.000157e-01    0.000000e+00  
  3   1  22   1.403602e+01    4.000015e-01    0.000000e+00    1.472120e+01    4.000016e-01    0.000000e+00  
  3   1  23   1.437093e+01    4.000031e-01    0.000000e+00    1.434385e+01    4.000218e-01    0.000000e+00  
  3   2   1   3.614152e+01    5.108936e-01    0.000000e+00    4.339522e+01    4.854578e-01    0.000000e+00  
  3   2   2   1.775649e+01    4.000001e-01    0.000000e+00    2.006549e+01    4.000045e-01    0.000000e+00  
  3   2   3   2.223218e+01    4.000031e-01    0.000000e+00    2.148194e+01    4.000000e-01    0.000000e+00  
  3   2   4   2.143153e+01    4.000000e-01    0.000000e+00    1.906208e+01    4.000499e-01    0.000000e+00  
  3   2   5   2.032635e+01    4.000070e-01    0.000000e+00    2.024644e+01    4.000002e-01    0.000000e+00  
  3   2   6   1.678937e+01    4.000020e-01    0.000000e+00    2.116831e+01    4.000007e-01    0.000000e+00  
  3   2   7   1.892858e+01    4.000000e-01    0.000000e+00    2.064842e+01    4.000049e-01    0.000000e+00  
  3   2   8   1.938512e+01    4.000008e-01    0.000000e+00    2.247779e+01    4.000005e-01    0.000000e+00  
  3   2   9   1.794910e+01    4.006415e-01    0.000000e+00    1.565399e+01    4.000004e-01    0.000000e+00  
  3   2  10   1.950353e+01    4.000046e-01    0.000000e+00    1.981685e+01    4.000003e-01    0.000000e+00  
  3   2  11   2.040509e+01    4.000010e-01    0.000000e+00    2.015770e+01    4.000020e-01    0.000000e+00  
  3   2  12   2.017971e+01    4.000003e-01    0.000000e+00    2.055790e+01    4.000012e-01    0.000000e+00  
  3   2  13   2.131560e+01    4.000000e-01    0.000000e+00    2.057060e+01    4.000188e-01    0.000000e+00  
  3   2  14   2.056301e+01    4.000014e-01    0.000000e+00    8.079888e+01    5.999833e-01    0.000000e+00  
  3   2  15   2.174393e+01    4.000007e-01    0.000000e+00    2.036580e+01    4.000009e-01    0.000000e+00  
  3   2  16   1.978389e+01    4.000028e-01    0.000000e+00    2.002100e+01    4.000000e-01    0.000000e+00  
  3   2  17   2.069208e+01    4.000010e-01    0.000000e+00    1.959756e+01    4.000009e-01    0.000000e+00  
  3   2  18   8.473479e+01    5.999869e-01    0.000000e+00    2.059190e+01    4.000000e-01    0.000000e+00  
  3   2  19   2.102155e+01    4.000050e-01    0.000000e+00    2.084364e+01    4.000030e-01    0.000000e+00  
  3   2  20   4.159124e+01    4.941582e-01    0.000000e+00    1.936638e+01    4.000016e-01    0.000000e+00  
  3   2  21   1.991571e+01    4.000070e-01    0.000000e+00    2.051140e+01    4.000007e-01    0.000000e+00  
  3   2  22   2.015609e+01    4.000088e-01    0.000000e+00    2.075219e+01    4.000000e-01    0.000000e+00  
  3   2  23   1.731110e+01    4.000000e-01    0.000000e+00    1.705090e+01    4.000020e-01    0.000000e+00  
  3   2  24   2.007061e+01    4.000322e-01    0.000000e+00    4.037030e+01    4.987856e-01    0.000000e+00  
  3   2  25   2.067980e+01    4.000010e-01    0.000000e+00    2.035831e+01    4.000005e-01    0.000000e+00  
  3   2  26   1.982689e+01    4.000001e-01    0.000000e+00    2.064755e+01    4.000000e-01    0.000000e+00  
  3   2  27   2.049573e+01    4.000036e-01    0.000000e+00    2.018826e+01    4.000001e-01    0.000000e+00  
  3   2  28   2.075619e+01    4.000004e-01    0.000000e+00    2.113653e+01    4.000029e-01    0.000000e+00  
  3   2  29   2.159618e+01    4.000046e-01    0.000000e+00    4.090584e+01    4.968143e-01    0.000000e+00  
  3   2  30   2.079347e+01    4.000031e-01    0.000000e+00    2.079052e+01    4.000000e-01    0.000000e+00  
  3   2  31   1.982197e+01    4.000003e-01    0.000000e+00    1.917430e+01    4.000008e-01    0.000000e+00  
  3   2  32   1.888230e+01    4.000020e-01    0.000000e+00    2.104643e+01    4.000010e-01    0.000000e+00  
  3   2  33   1.982942e+01    4.000002e-01    0.000000e+00    2.028570e+01    4.000009e-01    0.000000e+00  
  3   2  34   1.969586e+01    4.000013e-01    0.000000e+00    2.022793e+01    4.000811e-01    0.000000e+00  
  3   2  35   2.056671e+01    4.000362e-01    0.000000e+00    2.007167e+01    4.000062e-01    0.000000e+00  
  3   2  36   2.051758e+01    4.000000e-01    0.000000e+00    2.033454e+01    4.000006e-01    0.000000e+00  
  3   2  37   2.029488e+01    4.000094e-01    0.000000e+00    2.081222e+01    4.000014e-01    0.000000e+00  
  3   2  38   2.084919e+01    4.000000e-01    0.000000e+00    2.029816e+01    4.000051e-01    0.000000e+00  
  3   2  39   2.068779e+01    4.000012e-01    0.000000e+00    2.071816e+01    4.000031e-01    0.000000e+00  
  3   2  40   1.960670e+01    4.000218e-01    0.000000e+00    2.021309e+01    4.000015e-01    0.000000e+00  
  3   2  41   2.047938e+01    4.000000e-01    0.000000e+00    2.061244e+01    4.000033e-01    0.000000e+00  
  3   2  42   2.073550e+01    4.000016e-01    0.000000e+00    2.068811e+01    4.000000e-01    0.000000e+00  
  3   2  43   2.053316e+01    4.000018e-01    0.000000e+00    2.039105e+01    4.000043e-01    0.000000e+00  
  3   2  44   2.074829e+01    4.000111e-01    0.000000e+00    2.055237e+01    4.000001e-01    0.000000e+00  
  3   2  45   2.053664e+01    4.000157e-01    0.000000e+00    1.999692e+01    4.000047e-01    0.000000e+00  
  3   2  46   2.110645e+01    4.000008e-01    0.000000e+00    2.049589e+01    4.000003e-01    0.000000e+00  
  3   2  47   2.025445e+01    4.000022e-01    0.000000e+00    2.083404e+01    4.000304e-01    0.000000e+00  
  3   2  48   2.026526e+01    4.000001e-01    0.000000e+00    1.961730e+01    4.000002e-01    0.000000e+00  
  3   2  49   2.072085e+01    4.000034e-01    0.000000e+00    2.042831e+01    4.000030e-01    0.000000e+00  
  3   2  50   2.087983e+01    4.000007e-01    0.000000e+00    2.069404e+01    4.000051e-01    0.000000e+00  
  3   2  51   2.040470e+01    4.000055e-01    0.000000e+00    2.084102e+01    4.000075e-01    0.000000e+00  
  3   2  52   4.190118e+01    4.930413e-01    0.000000e+00    2.003535e+01    4.000000e-01    0.000000e+00  
  3   2  53   2.030220e+01    4.000000e-01    0.000000e+00    2.121919e+01    4.000000e-01    0.000000e+00  
  3   2  54   2.065972e+01    4.000016e-01    0.000000e+00    2.048788e+01    4.000054e-01    0.000000e+00  
  3   2  55   1.841642e+01    4.000000e-01    0.000000e+00    2.043955e+01    4.000045e-01    0.000000e+00  
  3   2  56   7.982234e+01    5.999955e-01    0.000000e+00    1.952994e+01    4.000011e-01    0.000000e+00  
  3   2  57   1.885182e+01    4.000001e-01    0.000000e+00    8.553559e+01    5.999973e-01    0.000000e+00  
  3   2  58   2.036079e+01    4.000001e-01    0.000000e+00    2.091776e+01    4.000049e-01    0.000000e+00  
  3   2  59   1.971928e+01    4.000005e-01    0.000000e+00    2.030080e+01    4.000129e-01    0.000000e+00  
  3   2  60   1.997063e+01    4.000001e-01    0.000000e+00    2.093645e+01    4.000049e-01    0.000000e+00  
  3   2  61   2.048212e+01    4.000160e-01    0.000000e+00    2.053492e+01    4.000006e-01    0.000000e+00  
  3   2  62   2.040330e+01    4.000000e-01    0.000000e+00    2.056881e+01    4.000036e-01    0.000000e+00  
  3   3   1   1.418143e+01    4.002020e-01    0.000000e+00    1.443491e+01    4.000077e-01    0.000000e+00  
  3   3   2   1.418067e+01    4.000001e-01    0.000000e+00    1.445619e+01    4.000096e-01    0.000000e+00  
  3   3   3   1.446971e+01    4.000112e-01    0.000000e+00    1.406086e+01    4.000033e-01    0.000000e+00  
  3   3   4   1.432940e+01    4.000036e-01    0.000000e+00    1.443846e+01    4.000022e-01    0.000000e+00  
  3   3   5   1.457210e+01    4.000047e-01    0.000000e+00    1.452536e+01    4.000019e-01    0.000000e+00  
  4   1   1   1.401570e+01    4.000147e-01    0.000000e+00    1.516731e+01    4.000024e-01    0.000000e+00  
  4   1   2   1.487088e+01    4.000221e-01    0.000000e+00    1.450796e+01    4.000376e-01    0.000000e+00  
  4   1   3   3.242503e+01    5.217421e-01    0.000000e+00    3.358822e+01    5.190690e-01    0.000000e+00  
  4   1   4   1.435392e+01    4.000004e-01    0.000000e+00    1.430557e+01    4.000129e-01    0.000000e+00  
  4   1   5   1.455843e+01    4.000007e-01    0.000000e+00    1.392346e+01    4.000000e-01    0.000000e+00  
  4   1   6   1.426448e+01    4.000019e-01    0.000000e+00    1.418458e+01    4.000027e-01    0.000000e+00  
  4   1   7   1.389286e+01    4.000022e-01    0.000000e+00    1.386747e+01    4.000005e-01    0.000000e+00  
  4   1   8   1.427335e+01    4.000090e-01    0.000000e+00    1.421723e+01    4.000052e-01    0.000000e+00  
  4   1   9   1.383538e+01    4.000005e-01    0.000000e+00    1.452622e+01    4.000008e-01    0.000000e+00  
  4   1  10   1.405080e+01    4.000003e-01    0.000000e+00    1.421132e+01    4.000002e-01    0.000000e+00  
  4   1  11   1.469222e+01    4.000299e-01    0.000000e+00    1.459772e+01    4.000021e-01    0.000000e+00  
  4   1  12   1.460124e+01    4.000253e-01    0.000000e+00    1.434928e+01    4.000000e-01    0.000000e+00  
  4   1  13   1.420346e+01    4.000001e-01    0.000000e+00    1.408817e+01    4.000001e-01    0.000000e+00  
  4   1  14   1.439094e+01    4.000020e-01    0.000000e+00    1.412477e+01    4.000047e-01    0.000000e+00  
  4   1  15   1.433370e+01    4.000415e-01    0.000000e+00    3.232394e+01    5.219068e-01    0.000000e+00  
  4   1  16   1.439759e+01    4.002669e-01    0.000000e+00    1.431498e+01    4.000070e-01    0.000000e+00  
  4   1  17   1.420646e+01    4.000005e-01    0.000000e+00    1.426087e+01    4.000008e-01    0.000000e+00  
  4   1  18   1.435071e+01    4.000143e-01    0.000000e+00    1.436232e+01    4.000051e-01    0.000000e+00  
  4   1  19   1.455700e+01    4.000169e-01    0.000000e+00    1.438058e+01    4.000014e-01    0.000000e+00  
  4   1  20   1.433091e+01    4.000003e-01    0.000000e+00    1.451726e+01    4.000025e-01    0.000000e+00  
  4   1  21   1.389087e+01    4.000051e-01    0.000000e+00    1.401299e+01    4.000001e-01    0.000000e+00  
  4   1  22   1.468213e+01    4.000216e-01    0.000000e+00    3.148376e+01    5.237991e-01    0.000000e+00  
  4   1  23   1.451839e+01    4.000171e-01    0.000000e+00    1.444486e+01    4.000013e-01    0.000000e+00  
  4   2   1   1.534137e+01    4.000002e-01    0.000000e+00    3.712061e+01    5.084979e-01    0.000000e+00  
  4   2   2   4.363307e+01    4.839400e-01    0.000000e+00    4.380670e+01    4.827910e-01    0.000000e+00  
  4   2   3   2.364821e+01    4.000001e-01    0.000000e+00    2.038014e+01    4.000109e-01    0.000000e+00  
  4   2   4   1.988272e+01    4.000377e-01    0.000000e+00    2.159965e+01    4.000003e-01    0.000000e+00  
  4   2   5   8.286891e+01    6.000000e-01    0.000000e+00    2.535570e+01    4.000269e-01    0.000000e+00  
  4   2   6   2.021368e+01    4.000007e-01    0.000000e+00    2.173712e+01    4.000139e-01    0.000000e+00  
  4   2   7   2.053213e+01    4.000093e-01    0.000000e+00    2.025516e+01    4.000028e-01    0.000000e+00  
  4   2   8   2.031783e+01    4.000001e-01    0.000000e+00    1.972730e+01    4.000020e-01    0.000000e+00  
  4   2   9   4.073980e+01    4.975994e-01    0.000000e+00    3.916766e+01    5.025128e-01    0.000000e+00  
  4   2  10   2.086474e+01    4.000028e-01    0.000000e+00    2.032301e+01    4.000027e-01    0.000000e+00  
  4   2  11   3.763729e+01    5.071268e-01    0.000000e+00    1.720389e+01    4.000003e-01    0.000000e+00  
  4   2  12   2.014819e+01    4.000000e-01    0.000000e+00    2.069706e+01    4.000002e-01    0.000000e+00  
  4   2  13   2.023979e+01    4.000007e-01    0.000000e+00    2.011092e+01    4.000000e-01    0.000000e+00  
  4   2  14   2.009539e+01    4.000025e-01    0.000000e+00    1.745894e+01    4.000004e-01    0.000000e+00  
  4   2  15   1.902986e+01    4.000067e-01    0.000000e+00    2.079290e+01    4.000007e-01    0.000000e+00  
  4   2  16   2.000049e+01    4.000153e-01    0.000000e+00    4.000496e+01    4.999766e-01    0.000000e+00  
  4   2  17   1.994327e+01    4.000001e-01    0.000000e+00    2.047957e+01    4.000007e-01    0.000000e+00  
  4   2  18   4.106656e+01    4.961674e-01    0.000000e+00    1.963777e+01    4.000434e-01    0.000000e+00  
  4   2  19   2.001012e+01    4.000011e-01    0.000000e+00    2.023728e+01    4.000009e-01    0.000000e+00  
  4   2  20   1.990397e+01    4.000028e-01    0.000000e+00    2.009649e+01    4.000008e-01    0.000000e+00  
  4   2  21   1.971926e+01    4.000011e-01    0.000000e+00    1.905753e+01    4.000028e-01    0.000000e+00  
  4   2  22   2.031274e+01    4.000015e-01    0.000000e+00    2.044901e+01    4.000022e-01    0.000000e+00  
  4   2  23   2.065677e+01    4.000009e-01    0.000000e+00    2.095023e+01    4.000003e-01    0.000000e+00  
  4   2  24   2.053093e+01    4.000006e-01    0.000000e+00    2.041119e+01    4.000071e-01    0.000000e+00  
  4   2  25   2.094485e+01    4.000069e-01    0.000000e+00    2.113244e+01    4.000064e-01    0.000000e+00  
  4   2  26   2.014500e+01    4.000112e-01    0.000000e+00    2.062339e+01    4.000034e-01    0.000000e+00  
  4   2  27   2.073474e+01    4.000040e-01    0.000000e+00    2.028380e+01    4.000000e-01    0.000000e+00  
  4   2  28   2.096797e+01    4.000004e-01    0.000000e+00    2.048671e+01    4.000008e-01    0.000000e+00  
  4   2  29   2.040235e+01    4.000024e-01    0.000000e+00    2.069660e+01    4.000000e-01    0.000000e+00  
  4   2  30   1.979932e+01    4.000365e-01    0.000000e+00    1.949803e+01    4.000094e-01    0.000000e+00  
  4   2  31   2.011870e+01    4.000001e-01    0.000000e+00    2.037067e+01    4.000025e-01    0.000000e+00  
  4   2  32   1.873500e+01    4.000022e-01    0.000000e+00    1.924757e+01    4.000000e-01    0.000000e+00  
  4   2  33   2.012926e+01    4.000008e-01    0.000000e+00    4.173985e+01    4.934902e-01    0.000000e+00  
  4   2  34   1.994111e+01    4.000016e-01    0.000000e+00    2.127618e+01    4.000025e-01    0.000000e+00  
  4   2  35   2.094270e+01    4.000009e-01    0.000000e+00    1.988354e+01    4.000024e-01    0.000000e+00  
  4   2  36   2.041957e+01    4.000160e-01    0.000000e+00    2.052506e+01    4.000014e-01    0.000000e+00  
  4   2  37   2.056381e+01    4.000021e-01    0.000000e+00    2.021104e+01    4.000031e-01    0.000000e+00  
  4   2  38   2.105269e+01    4.000010e-01    0.000000e+00    1.982133e+01    4.000000e-01    0.000000e+00  
  4   2  39   4.097478e+01    4.964951e-01    0.000000e+00    1.943144e+01    4.000003e-01    0.000000e+00  
  4   2  40   2.090405e+01    4.001462e-01    0.000000e+00    1.952953e+01    4.000028e-01    0.000000e+00  
  4   2  41   2.081977e+01    4.000003e-01    0.000000e+00    1.955890e+01    4.000000e-01    0.000000e+00  
  4   2  42   2.087348e+01    4.000000e-01    0.000000e+00    2.078956e+01    4.000007e-01    0.000000e+00  
  4   2  43   2.121059e+01    4.000002e-01    0.000000e+00    2.046013e+01    4.000041e-01    0.000000e+00  
  4   2  44   2.079541e+01    4.000060e-01    0.000000e+00    2.030225e+01    4.000001e-01    0.000000e+00  
  4   2  45   1.950905e+01    4.000006e-01    0.000000e+00    2.165418e+01    4.000021e-01    0.000000e+00  
  4   2  46   2.040835e+01    4.000000e-01    0.000000e+00    2.036407e+01    4.000016e-01    0.000000e+00  
  4   2  47   2.082556e+01    4.000001e-01    0.000000e+00    1.943387e+01    4.000048e-01    0.000000e+00  
  4   2  48   2.032038e+01    4.000161e-01    0.000000e+00    2.095977e+01    4.000053e-01    0.000000e+00  
  4   2  49   2.149697e+01    4.000085e-01    0.000000e+00    2.065451e+01    4.000000e-01    0.000000e+00  
  4   2  50   2.078993e+01    4.000010e-01    0.000000e+00    2.042079e+01    4.000003e-01    0.000000e+00  
  4   2  51   2.112263e+01    4.000009e-01    0.000000e+00    2.019637e+01    4.000002e-01    0.000000e+00  
  4   2  52   2.083614e+01    4.000000e-01    0.000000e+00    1.987197e+01    4.000018e-01    0.000000e+00  
  4   2  53   2.093797e+01    4.000021e-01    0.000000e+00    2.040104e+01    4.000000e-01    0.000000e+00  
  4   2  54   2.046459e+01    4.000001e-01    0.000000e+00    2.024618e+01    4.000017e-01    0.000000e+00  
  4   2  55   2.006228e+01    4.000006e-01    0.000000e+00    2.143850e+01    4.000003e-01    0.000000e+00  
  4   2  56   2.078351e+01    4.000014e-01    0.000000e+00    2.078481e+01    4.000000e-01    0.000000e+00  
  4   2  57   3.974661e+01    5.008128e-01    0.000000e+00    2.061004e+01    4.000007e-01    0.000000e+00  
  4   2  58   2.042936e+01    4.000006e-01    0.000000e+00    2.031863e+01    4.000044e-01    0.000000e+00  
  4   2  59   2.065076e+01    4.000008e-01    0.000000e+00    1.993375e+01    4.000050e-01    0.000000e+00  
  4   2  60   2.041501e+01    4.000086e-01    0.000000e+00    2.094242e+01    4.000057e-01    0.000000e+00  
  4   2  61   2.074540e+01    4.000018e-01    0.000000e+00    2.087124e+01    4.000035e-01    0.000000e+00  
  4   2  62   2.043130e+01    4.000101e-01    0.000000e+00    2.035060e+01    4.000005e-01    0.000000e+00  
  4   3   1   1.420967e+01    4.000004e-01    0.000000e+00    1.423204e+01    4.000004e-01    0.000000e+00  
  4   3   2   1.421341e+01    4.000060e-01    0.000000e+00    1.411775e+01    4.000079e-01    0.000000e+00  
  4   3   3   1.432590e+01    4.000033e-01    0.000000e+00    1.418237e+01    4.000007e-01    0.000000e+00  
  4   3   4   1.396538e+01    4.000016e-01    0.000000e+00    1.427111e+01    4.000002e-01    0.000000e+00  
  4   3   5   1.455274e+01    4.000018e-01    0.000000e+00    1.425855e+01    4.000015e-01    0.000000e+00  
  5   1   1   3.190806e+01    5.228305e-01    0.000000e+00    1.417554e+01    4.000000e-01    0.000000e+00  
  5   1   2   1.418699e+01    4.000036e-01    0.000000e+00    1.415996e+01    4.000013e-01    0.000000e+00  
  5   1   3   3.262887e+01    5.212693e-01    0.000000e+00    1.358972e+01    4.000048e-01    0.000000e+00  
  5   1   4   1.420656e+01    4.000044e-01    0.000000e+00    1.420003e+01    4.000001e-01    0.000000e+00  
  5   1   5   1.445814e+01    4.000020e-01    0.000000e+00    3.337864e+01    5.194775e-01    0.000000e+00  
  5   1   6   1.424547e+01    4.000019e-01    0.000000e+00    3.267958e+01    5.210982e-01    0.000000e+00  
  5   1   7   1.426264e+01    4.000008e-01    0.000000e+00    1.402347e+01    4.000001e-01    0.000000e+00  
  5   1   8   1.443158e+01    4.000000e-01    0.000000e+00    1.484696e+01    4.000009e-01    0.000000e+00  
  5   1   9   1.489902e+01    4.000006e-01    0.000000e+00    1.378722e+01    4.000381e-01    0.000000e+00  
  5   1  10   1.442093e+01    4.000016e-01    0.000000e+00    1.434678e+01    4.000011e-01    0.000000e+00  
  5   1  11   1.446701e+01    4.000032e-01    0.000000e+00    1.436042e+01    4.000077e-01    0.000000e+00  
  5   1  12   1.418869e+01    4.000000e-01    0.000000e+00    1.449233e+01    4.000034e-01    0.000000e+00  
  5   1  13   1.403627e+01    4.000056e-01    0.000000e+00    1.335586e+01    4.000000e-01    0.000000e+00  
  5   1  14   3.211429e+01    5.223816e-01    0.000000e+00    1.418895e+01    4.000004e-01    0.000000e+00  
  5   1  15   1.469154e+01    4.000000e-01    0.000000e+00    1.394487e+01    4.000022e-01    0.000000e+00  
  5   1  16   3.223862e+01    5.220946e-01    0.000000e+00    1.369403e+01    4.000002e-01    0.000000e+00  
  5   1  17   1.451460e+01    4.000037e-01    0.000000e+00    1.436116e+01    4.000001e-01    0.000000e+00  
  5   1  18   1.409346e+01    4.000011e-01    0.000000e+00    1.428778e+01    4.000027e-01    0.000000e+00  
  5   1  19   1.379468e+01    4.000035e-01    0.000000e+00    1.422545e+01    4.000008e-01    0.000000e+00  
  5   1  20   1.424468e+01    4.000005e-01    0.000000e+00    1.454235e+01    4.000018e-01    0.000000e+00  
  5   1  21   1.446953e+01    4.000000e-01    0.000000e+00    1.423452e+01    4.000056e-01    0.000000e+00  
  5   1  22   1.446253e+01    4.000097e-01    0.000000e+00    1.418042e+01    4.000017e-01    0.000000e+00  
  5   1  23   1.504710e+01    4.000001e-01    0.000000e+00    1.456157e+01    4.000013e-01    0.000000e+00  
  5   2   1   3.798140e+01    5.061488e-01    0.000000e+00    1.378668e+01    4.000009e-01    0.000000e+00  
  5   2   2   1.973715e+01    4.000001e-01    0.000000e+00    1.919397e+01    4.000041e-01    0.000000e+00  
  5   2   3   8.115538e+01    5.999521e-01    0.000000e+00    2.042459e+01    4.000029e-01    0.000000e+00  
  5   2   4   2.554855e+01    4.000003e-01    0.000000e+00    2.566498e+01    4.000033e-01    0.000000e+00  
  5   2   5   2.123328e+01    4.000003e-01    0.000000e+00    2.259439e+01    4.000042e-01    0.000000e+00  
  5   2   6   3.477637e+01    4.436044e-01    0.000000e+00    1.788639e+01    4.000012e-01    0.000000e+00  
  5   2   7   9.475335e+01    6.000000e-01    0.000000e+00    2.102898e+01    4.000000e-01    0.000000e+00  
  5   2   8   1.996237e+01    4.000018e-01    0.000000e+00    1.938507e+01    4.000034e-01    0.000000e+00  
  5   2   9   2.079664e+01    4.000013e-01    0.000000e+00    1.917203e+01    4.000002e-01    0.000000e+00  
  5   2  10   1.980805e+01    4.000040e-01    0.000000e+00    8.246865e+01    5.999998e-01    0.000000e+00  
  5   2  11   1.974873e+01    4.000000e-01    0.000000e+00    1.942927e+01    4.000220e-01    0.000000e+00  
  5   2  12   1.978246e+01    4.000089e-01    0.000000e+00    1.929720e+01    4.000000e-01    0.000000e+00  
  5   2  13   1.985830e+01    4.000000e-01    0.000000e+00    2.031916e+01    4.000048e-01    0.000000e+00  
  5   2  14   2.921519e+01    4.565612e-01    0.000000e+00    2.082932e+01    4.000094e-01    0.000000e+00  
  5   2  15   2.700879e+01    5.283630e-01    0.000000e+00    3.055402e+01    6.000000e-01    0.000000e+00  
  5   2  16   2.074054e+01    4.000121e-01    0.000000e+00    2.005400e+01    4.000263e-01    0.000000e+00  
  5   2  17   2.012550e+01    4.000036e-01    0.000000e+00    2.103391e+01    4.000075e-01    0.000000e+00  
  5   2  18   4.006081e+01    4.998099e-01    0.000000e+00    1.808840e+01    4.000000e-01    0.000000e+00  
  5   2  19   4.123185e+01    4.955386e-01    0.000000e+00    4.195119e+01    4.929041e-01    0.000000e+00  
  5   2  20   1.892457e+01    4.000074e-01    0.000000e+00    1.778053e+01    4.000003e-01    0.000000e+00  
  5   2  21   4.159747e+01    4.941452e-01    0.000000e+00    2.069688e+01    4.000009e-01    0.000000e+00  
  5   2  22   2.085014e+01    4.000033e-01    0.000000e+00    2.065520e+01    4.000033e-01    0.000000e+00  
  5   2  23   2.164371e+01    4.000359e-01    0.000000e+00    1.894568e+01    4.000002e-01    0.000000e+00  
  5   2  24   2.048449e+01    4.000033e-01    0.000000e+00    2.057149e+01    4.000030e-01    0.000000e+00  
  5   2  25   1.862606e+01    4.000019e-01    0.000000e+00    2.127369e+01    4.001584e-01    0.000000e+00  
  5   2  26   2.074478e+01    4.000203e-01    0.000000e+00    2.045253e+01    4.000004e-01    0.000000e+00  
  5   2  27   2.057105e+01    4.000003e-01    0.000000e+00    2.059021e+01    4.000025e-01    0.000000e+00  
  5   2  28   4.230567e+01    4.912166e-01    0.000000e+00    1.965030e+01    4.000043e-01    0.000000e+00  
  5   2  29   2.016604e+01    4.000006e-01    0.000000e+00    2.044440e+01    4.000015e-01    0.000000e+00  
  5   2  30   2.074904e+01    4.000039e-01    0.000000e+00    2.091176e+01    4.000046e-01    0.000000e+00  
  5   2  31   2.080415e+01    4.000000e-01    0.000000e+00    2.089289e+01    4.000000e-01    0.000000e+00  
  5   2  32   2.082790e+01    4.000078e-01    0.000000e+00    2.079719e+01    4.000000e-01    0.000000e+00  
  5   2  33   2.064586e+01    4.000107e-01    0.000000e+00    2.038696e+01    4.000000e-01    0.000000e+00  
  5   2  34   2.033494e+01    4.000023e-01    0.000000e+00    4.145269e+01    4.946405e-01    0.000000e+00  
  5   2  35   1.866537e+01    4.000000e-01    0.000000e+00    1.987235e+01    4.002053e-01    0.000000e+00  
  5   2  36   2.096099e+01    4.000000e-01    0.000000e+00    2.120651e+01    4.000004e-01    0.000000e+00  
  5   2  37   2.050738e+01    4.000027e-01    0.000000e+00    2.054320e+01    4.000015e-01    0.000000e+00  
  5   2  38   2.083308e+01    4.000038e-01    0.000000e+00    2.094361e+01    4.000008e-01    0.000000e+00  
  5   2  39   2.094349e+01    4.000001e-01    0.000000e+00    2.029986e+01    4.000002e-01    0.000000e+00  
  5   2  40   2.032341e+01    4.000148e-01    0.000000e+00    2.013509e+01    4.000000e-01    0.000000e+00  
  5   2  41   2.085621e+01    4.000050e-01    0.000000e+00    2.091578e+01    4.000049e-01    0.000000e+00  
  5   2  42   2.036406e+01    4.000036e-01    0.000000e+00    2.060283e+01    4.000002e-01    0.000000e+00  
  5   2  43   2.086954e+01    4.000467e-01    0.000000e+00    2.068017e+01    4.000060e-01    0.000000e+00  
  5   2  44   2.084260e+01    4.000004e-01    0.000000e+00    2.076089e+01    4.000006e-01    0.000000e+00  
  5   2  45   2.041630e+01    4.000011e-01    0.000000e+00    2.088864e+01    4.000047e-01    0.000000e+00  
  5   2  46   2.055945e+01    4.000003e-01    0.000000e+00    1.995942e+01    4.000013e-01    0.000000e+00  
  5   2  47   2.036824e+01    4.000005e-01    0.000000e+00    2.052548e+01    4.000004e-01    0.000000e+00  
  5   2  48   2.052754e+01    4.000002e-01    0.000000e+00    2.047261e+01    4.000024e-01    0.000000e+00  
  5   2  49   8.428960e+01    5.999991e-01    0.000000e+00    2.121159e+01    4.000093e-01    0.000000e+00  
  5   2  50   2.035522e+01    4.000197e-01    0.000000e+00    2.099370e+01    4.000050e-01    0.000000e+00  
  5   2  51   4.244202e+01    4.904051e-01    0.000000e+00    2.092990e+01    4.000000e-01    0.000000e+00  
  5   2  52   3.827989e+01    5.052447e-01    0.000000e+00    1.732698e+01    4.000004e-01    0.000000e+00  
  5   2  53   1.962973e+01    4.000005e-01    0.000000e+00    2.028946e+01    4.000007e-01    0.000000e+00  
  5   2  54   2.070782e+01    4.000016e-01    0.000000e+00    2.064299e+01    4.000000e-01    0.000000e+00  
  5   2  55   2.020931e+01    4.000076e-01    0.000000e+00    2.055703e+01    4.000052e-01    0.000000e+00  
  5   2  56   1.996166e+01    4.000001e-01    0.000000e+00    2.065888e+01    4.000280e-01    0.000000e+00  
  5   2  57   2.016422e+01    4.000023e-01    0.000000e+00    2.020998e+01    4.000005e-01    0.000000e+00  
  5   2  58   2.102831e+01    4.000028e-01    0.000000e+00    2.050729e+01    4.000283e-01    0.000000e+00  
  5   2  59   2.042293e+01    4.000000e-01    0.000000e+00    2.046175e+01    4.000001e-01    0.000000e+00  
  5   2  60   2.019328e+01    4.000080e-01    0.000000e+00    2.057414e+01    4.000006e-01    0.000000e+00  
  5   2  61   2.018322e+01    4.000024e-01    0.000000e+00    2.074639e+01    4.000005e-01    0.000000e+00  
  5   2  62   2.033800e+01    4.000128e-01    0.000000e+00    2.027331e+01    4.000006e-01    0.000000e+00  
  5   3   1   1.438494e+01    4.000022e-01    0.000000e+00    1.440033e+01    4.000038e-01    0.000000e+00  
  5   3   2   1.423549e+01    4.000003e-01    0.000000e+00    1.448882e+01    4.000069e-01    0.000000e+00  
  5   3   3   1.444483e+01    4.000000e-01    0.000000e+00    1.431395e+01    4.000000e-01    0.000000e+00  
  5   3   4   1.419793e+01    4.000014e-01    0.000000e+00    1.434641e+01    4.000006e-01    0.000000e+00  
  5   3   5   1.413767e+01    4.000003e-01    0.000000e+00    1.456043e+01    4.000004e-01    0.000000e+00  
  6   1   1   3.768289e+01    5.079166e-01    0.000000e+00    4.660307e+01    5.999988e-01    0.000000e+00  
  6   1   2   1.529398e+01    4.000001e-01    0.000000e+00    3.403688e+01    5.178699e-01    0.000000e+00  
  6   1   3   2.735075e+01    5.316507e-01    0.000000e+00    3.326883e+01    5.198194e-01    0.000000e+00  
  6   1   4   3.378403e+01    5.186859e-01    0.000000e+00    1.253422e+01    4.000001e-01    0.000000e+00  
  6   1   5   3.342039e+01    5.194020e-01    0.000000e+00    1.369011e+01    4.000001e-01    0.000000e+00  
  6   1   6   3.243080e+01    5.217978e-01    0.000000e+00    1.330958e+01    4.000008e-01    0.000000e+00  
  6   1   7   1.444251e+01    4.000001e-01    0.000000e+00    1.423364e+01    4.000048e-01    0.000000e+00  
  6   1   8   1.400264e+01    4.000051e-01    0.000000e+00    1.476780e+01    4.000011e-01    0.000000e+00  
  6   1   9   1.418869e+01    4.000164e-01    0.000000e+00    1.415271e+01    4.000068e-01    0.000000e+00  
  6   1  10   1.436343e+01    4.000000e-01    0.000000e+00    1.444888e+01    4.000000e-01    0.000000e+00  
  6   1  11   1.377745e+01    4.000011e-01    0.000000e+00    1.444040e+01    4.000015e-01    0.000000e+00  
  6   1  12   5.163104e+01    5.999993e-01    0.000000e+00    1.235880e+01    4.000037e-01    0.000000e+00  
  6   1  13   1.427126e+01    4.000005e-01    0.000000e+00    1.431969e+01    4.000000e-01    0.000000e+00  
  6   1  14   1.419033e+01    4.000000e-01    0.000000e+00    1.410774e+01    4.000042e-01    0.000000e+00  
  6   1  15   1.476279e+01    4.000001e-01    0.000000e+00    1.438769e+01    4.000001e-01    0.000000e+00  
  6   1  16   1.432967e+01    4.000026e-01    0.000000e+00    1.422632e+01    4.000062e-01    0.000000e+00  
  6   1  17   1.422458e+01    4.000016e-01    0.000000e+00    1.369739e+01    4.000090e-01    0.000000e+00  
  6   1  18   3.220744e+01    5.221926e-01    0.000000e+00    1.391350e+01    4.000170e-01    0.000000e+00  
  6   1  19   3.233799e+01    5.218868e-01    0.000000e+00    1.465401e+01    4.000111e-01    0.000000e+00  
  6   1  20   1.441648e+01    4.000032e-01    0.000000e+00    1.449840e+01    4.000043e-01    0.000000e+00  
  6   1  21   1.441950e+01    4.000014e-01    0.000000e+00    1.410917e+01    4.000008e-01    0.000000e+00  
  6   1  22   1.428072e+01    4.000001e-01    0.000000e+00    1.451009e+01    4.000000e-01    0.000000e+00  
  6   1  23   1.448323e+01    4.000008e-01    0.000000e+00    1.317451e+01    4.000032e-01    0.000000e+00  
  6   2   1   2.857748e+01    5.261013e-01    0.000000e+00    8.389026e+01    5.999994e-01    0.000000e+00  
  6   2   2   3.221755e+01    5.196682e-01    0.000000e+00    9.368404e+01    5.999989e-01    0.000000e+00  
  6   2   3   1.335122e+01    4.000026e-01    0.000000e+00    2.842633e+01    4.000000e-01    0.000000e+00  
  6   2   4   4.490183e+01    4.710405e-01    0.000000e+00    1.992973e+01    4.000002e-01    0.000000e+00  
  6   2   5   2.192505e+01    4.000000e-01    0.000000e+00    8.307973e+01    5.999835e-01    0.000000e+00  
  6   2   6   1.069711e+02    5.999921e-01    0.000000e+00    2.531022e+01    4.000000e-01    0.000000e+00  
  6   2   7   8.505691e+01    5.999886e-01    0.000000e+00    2.058696e+01    4.000000e-01    0.000000e+00  
  6   2   8   2.225816e+01    4.000021e-01    0.000000e+00    9.838238e+01    6.000000e-01    0.000000e+00  
  6   2   9   2.014658e+01    4.000006e-01    0.000000e+00    1.993710e+01    4.000023e-01    0.000000e+00  
  6   2  10   9.825479e+01    6.000000e-01    0.000000e+00    1.832716e+01    4.000001e-01    0.000000e+00  
  6   2  11   3.459933e+01    5.144943e-01    0.000000e+00    3.627614e+01    5.105054e-01    0.000000e+00  
  6   2  12   7.079900e+01    5.999994e-01    0.000000e+00    1.842147e+01    4.000030e-01    0.000000e+00  
  6   2  13   1.849278e+01    4.000005e-01    0.000000e+00    4.039011e+01    4.986919e-01    0.000000e+00  
  6   2  14   1.469089e+01    4.000048e-01    0.000000e+00    1.736941e+01    4.000033e-01    0.000000e+00  
  6   2  15   9.596450e+01    5.999948e-01    0.000000e+00    4.212514e+01    4.920328e-01    0.000000e+00  
  6   2  16   1.940769e+01    4.000000e-01    0.000000e+00    2.028876e+01    4.000259e-01    0.000000e+00  
  6   2  17   2.082799e+01    4.001403e-01    0.000000e+00    2.046424e+01    4.000043e-01    0.000000e+00  
  6   2  18   3.935514e+01    5.020774e-01    0.000000e+00    3.763097e+01    5.071905e-01    0.000000e+00  
  6   2  19   2.141911e+01    4.000161e-01    0.000000e+00    2.077685e+01    4.000128e-01    0.000000e+00  
  6   2  20   4.038828e+01    4.987119e-01    0.000000e+00    1.239839e+01    4.000000e-01    0.000000e+00  
  6   2  21   1.905275e+01    4.000000e-01    0.000000e+00    2.004176e+01    4.000001e-01    0.000000e+00  
  6   2  22   2.260519e+01    4.000138e-01    0.000000e+00    4.155663e+01    4.944026e-01    0.000000e+00  
  6   2  23   2.024284e+01    4.000038e-01    0.000000e+00    1.970008e+01    4.000005e-01    0.000000e+00  
  6   2  24   1.981890e+01    4.000114e-01    0.000000e+00    2.106444e+01    4.000041e-01    0.000000e+00  
  6   2  25   1.997057e+01    4.000013e-01    0.000000e+00    2.038633e+01    4.000000e-01    0.000000e+00  
  6   2  26   2.058696e+01    4.000005e-01    0.000000e+00    2.068206e+01    4.000001e-01    0.000000e+00  
  6   2  27   1.863611e+01    4.000027e-01    0.000000e+00    2.085897e+01    4.000000e-01    0.000000e+00  
  6   2  28   2.084671e+01    4.000019e-01    0.000000e+00    2.062241e+01    4.000072e-01    0.000000e+00  
  6   2  29   2.106109e+01    4.000291e-01    0.000000e+00    2.061252e+01    4.000061e-01    0.000000e+00  
  6   2  30   2.061975e+01    4.000294e-01    0.000000e+00    2.016421e+01    4.000000e-01    0.000000e+00  
  6   2  31   4.249110e+01    4.901907e-01    0.000000e+00    2.030395e+01    4.000001e-01    0.000000e+00  
  6   2  32   2.123305e+01    4.000009e-01    0.000000e+00    2.025751e+01    4.000001e-01    0.000000e+00  
  6   2  33   2.033055e+01    4.000002e-01    0.000000e+00    1.983405e+01    4.000013e-01    0.000000e+00  
  6   2  34   2.060740e+01    4.000006e-01    0.000000e+00    2.066248e+01    4.000033e-01    0.000000e+00  
  6   2  35   2.085586e+01    4.000118e-01    0.000000e+00    2.096441e+01    4.000001e-01    0.000000e+00  
  6   2  36   2.075688e+01    4.000054e-01    0.000000e+00    2.089553e+01    4.000024e-01    0.000000e+00  
  6   2  37   2.072460e+01    4.000001e-01    0.000000e+00    2.098532e+01    4.000582e-01    0.000000e+00  
  6   2  38   2.061170e+01    4.000104e-01    0.000000e+00    2.105704e+01    4.000077e-01    0.000000e+00  
  6   2  39   1.979287e+01    4.000011e-01    0.000000e+00    2.059699e+01    4.000013e-01    0.000000e+00  
  6   2  40   2.015315e+01    4.000001e-01    0.000000e+00    2.074203e+01    4.000040e-01    0.000000e+00  
  6   2  41   2.077870e+01    4.000041e-01    0.000000e+00    2.037805e+01    4.000000e-01    0.000000e+00  
  6   2  42   2.112015e+01    4.000002e-01    0.000000e+00    2.044474e+01    4.000015e-01    0.000000e+00  
  6   2  43   2.058016e+01    4.000027e-01    0.000000e+00    2.006030e+01    4.000124e-01    0.000000e+00  
  6   2  44   2.047892e+01    4.000206e-01    0.000000e+00    2.067273e+01    4.000002e-01    0.000000e+00  
  6   2  45   2.093664e+01    4.000000e-01    0.000000e+00    2.015449e+01    4.000036e-01    0.000000e+00  
  6   2  46   2.050804e+01    4.000011e-01    0.000000e+00    2.016688e+01    4.000012e-01    0.000000e+00  
  6   2  47   2.053393e+01    4.000114e-01    0.000000e+00    2.080377e+01    4.000001e-01    0.000000e+00  
  6   2  48   2.058476e+01    4.000000e-01    0.000000e+00    2.014660e+01    4.000069e-01    0.000000e+00  
  6   2  49   2.061096e+01    4.000022e-01    0.000000e+00    2.104065e+01    4.000000e-01    0.000000e+00  
  6   2  50   1.864857e+01    4.000005e-01    0.000000e+00    8.151126e+01    5.999985e-01    0.000000e+00  
  6   2  51   4.205353e+01    4.922433e-01    0.000000e+00    2.133158e+01    4.000019e-01    0.000000e+00  
  6   2  52   2.031924e+01    4.000046e-01    0.000000e+00    2.011890e+01    4.000001e-01    0.000000e+00  
  6   2  53   2.037604e+01    4.000033e-01    0.000000e+00    1.984961e+01    4.000000e-01    0.000000e+00  
  6   2  54   2.063094e+01    4.000005e-01    0.000000e+00    2.043873e+01    4.000001e-01    0.000000e+00  
  6   2  55   2.056385e+01    4.000032e-01    0.000000e+00    2.110743e+01    4.000000e-01    0.000000e+00  
  6   2  56   2.054456e+01    4.000041e-01    0.000000e+00    2.032551e+01    4.000374e-01    0.000000e+00  
  6   2  57   2.125196e+01    4.000000e-01    0.000000e+00    2.091672e+01    4.000059e-01    0.000000e+00  
  6   2  58   2.043404e+01    4.000008e-01    0.000000e+00    2.009552e+01    4.000109e-01    0.000000e+00  
  6   2  59   2.014104e+01    4.000004e-01    0.000000e+00    2.033230e+01    4.000003e-01    0.000000e+00  
  6   2  60   2.059192e+01    4.000019e-01    0.000000e+00    2.066827e+01    4.000001e-01    0.000000e+00  
  6   2  61   2.117903e+01    4.000082e-01    0.000000e+00    2.063486e+01    4.000042e-01    0.000000e+00  
  6   2  62   2.023851e+01    4.000095e-01    0.000000e+00    2.133915e+01    4.000000e-01    0.000000e+00  
  6   3   1   1.414782e+01    4.000037e-01    0.000000e+00    1.433391e+01    4.000022e-01    0.000000e+00  
  6   3   2   1.435902e+01    4.000002e-01    0.000000e+00    1.438153e+01    4.000136e-01    0.000000e+00  
  6   3   3   1.419186e+01    4.000000e-01    0.000000e+00    1.428274e+01    4.000009e-01    0.000000e+00  
  6   3   4   1.412845e+01    4.000194e-01    0.000000e+00    1.409142e+01    4.000012e-01    0.000000e+00  
  6   3   5   1.397783e+01    4.000044e-01    0.000000e+00    1.438557e+01    4.000001e-01    0.000000e+00  
