  1   1   1   1.600000e+01    1.600000e+01    3.620387e+02    3.620387e+02  
  1   1   2   1.600000e+01    1.600000e+01    3.620387e+02    3.620387e+02  
  1   1   3   1.600000e+01    1.600000e+01    3.620387e+02    3.620387e+02  
  1   1   4   1.600000e+01    1.600000e+01    3.620387e+02    3.620387e+02  
  1   1   5   1.600000e+01    1.600000e+01    3.620387e+02    3.620387e+02  
  1   1   6   1.600000e+01    1.600000e+01    3.620387e+02    3.620387e+02  
  1   1   7   1.600000e+01    1.600000e+01    3.620387e+02    3.620387e+02  
  1   1   8   1.600000e+01    1.600000e+01    3.620387e+02    3.620387e+02  
  1   1   9   1.600000e+01    1.600000e+01    3.620387e+02    3.620387e+02  
  1   1  10   1.600000e+01    1.600000e+01    3.620387e+02    3.620387e+02  
  1   1  11   1.600000e+01    1.600000e+01    3.620387e+02    3.620387e+02  
  1   1  12   1.600000e+01    1.600000e+01    3.620387e+02    3.620387e+02  
  1   1  13   1.600000e+01    1.600000e+01    3.620387e+02    3.620387e+02  
  1   1  14   1.600000e+01    1.600000e+01    3.620387e+02    3.620387e+02  
  1   1  15   1.600000e+01    1.600000e+01    3.620387e+02    3.620387e+02  
  1   1  16   1.600000e+01    1.600000e+01    3.620387e+02    3.620387e+02  
  1   1  17   1.600000e+01    1.600000e+01    3.620387e+02    3.620387e+02  
  1   1  18   1.600000e+01    1.600000e+01    3.620387e+02    3.620387e+02  
  1   1  19   1.600000e+01    1.600000e+01    3.620387e+02    3.620387e+02  
  1   1  20   1.600000e+01    1.600000e+01    3.620387e+02    3.620387e+02  
  1   1  21   1.600000e+01    1.600000e+01    3.620387e+02    3.620387e+02  
  1   1  22   1.600000e+01    1.600000e+01    3.620387e+02    3.620387e+02  
  1   1  23   1.600000e+01    1.600000e+01    3.620387e+02    3.620387e+02  
  1   2   1   1.600000e+01    1.600000e+01    3.620387e+02    3.620387e+02  
  1   2   2   1.600000e+01    1.600000e+01    3.620387e+02    3.620387e+02  
  1   2   3   1.600000e+01    1.600000e+01    3.620387e+02    3.620387e+02  
  1   2   4   1.600000e+01    1.600000e+01    3.620387e+02    3.620387e+02  
  1   2   5   1.600000e+01    1.600000e+01    3.620387e+02    3.620387e+02  
  1   2   6   1.600000e+01    1.600000e+01    3.620387e+02    3.620387e+02  
  1   2   7   1.600000e+01    1.600000e+01    3.620387e+02    3.620387e+02  
  1   2   8   1.600000e+01    1.600000e+01    3.620387e+02    3.620387e+02  
  1   2   9   1.600000e+01    1.600000e+01    3.620387e+02    3.620387e+02  
  1   2  10   1.600000e+01    1.600000e+01    3.620387e+02    3.620387e+02  
  1   2  11   1.600000e+01    1.600000e+01    3.620387e+02    3.620387e+02  
  1   2  12   1.600000e+01    1.600000e+01    3.620387e+02    3.620387e+02  
  1   2  13   1.600000e+01    1.600000e+01    3.620387e+02    3.620387e+02  
  1   2  14   1.600000e+01    1.600000e+01    3.620387e+02    3.620387e+02  
  1   2  15   1.600000e+01    1.600000e+01    3.620387e+02    3.620387e+02  
  1   2  16   1.600000e+01    1.600000e+01    3.620387e+02    3.620387e+02  
  1   2  17   1.600000e+01    1.600000e+01    3.620387e+02    3.620387e+02  
  1   2  18   1.600000e+01    1.600000e+01    3.620387e+02    3.620387e+02  
  1   2  19   1.600000e+01    1.600000e+01    3.620387e+02    3.620387e+02  
  1   2  20   1.600000e+01    1.600000e+01    3.620387e+02    3.620387e+02  
  1   2  21   1.600000e+01    1.600000e+01    3.620387e+02    3.620387e+02  
  1   2  22   1.600000e+01    1.600000e+01    3.620387e+02    3.620387e+02  
  1   2  23   1.600000e+01    1.600000e+01    3.620387e+02    3.620387e+02  
  1   2  24   1.600000e+01    1.600000e+01    3.620387e+02    3.620387e+02  
  1   2  25   1.600000e+01    1.600000e+01    3.620387e+02    3.620387e+02  
  1   2  26   1.600000e+01    1.600000e+01    3.620387e+02    3.620387e+02  
  1   2  27   1.600000e+01    1.600000e+01    3.620387e+02    3.620387e+02  
  1   2  28   1.600000e+01    1.600000e+01    3.620387e+02    3.620387e+02  
  1   2  29   1.600000e+01    1.600000e+01    3.620387e+02    3.620387e+02  
  1   2  30   1.600000e+01    1.600000e+01    3.620387e+02    3.620387e+02  
  1   2  31   1.600000e+01    1.600000e+01    3.620387e+02    3.620387e+02  
  1   2  32   1.600000e+01    1.600000e+01    3.620387e+02    3.620387e+02  
  1   2  33   1.600000e+01    1.600000e+01    3.620387e+02    3.620387e+02  
  1   2  34   1.600000e+01    1.600000e+01    3.620387e+02    3.620387e+02  
  1   2  35   1.600000e+01    1.600000e+01    3.620387e+02    3.620387e+02  
  1   2  36   1.600000e+01    1.600000e+01    3.620387e+02    3.620387e+02  
  1   2  37   1.600000e+01    1.600000e+01    3.620387e+02    3.620387e+02  
  1   2  38   1.600000e+01    1.600000e+01    3.620387e+02    3.620387e+02  
  1   2  39   1.600000e+01    1.600000e+01    3.620387e+02    3.620387e+02  
  1   2  40   1.600000e+01    1.600000e+01    3.620387e+02    3.620387e+02  
  1   2  41   1.600000e+01    1.600000e+01    3.620387e+02    3.620387e+02  
  1   2  42   1.600000e+01    1.600000e+01    3.620387e+02    3.620387e+02  
  1   2  43   1.600000e+01    1.600000e+01    3.620387e+02    3.620387e+02  
  1   2  44   1.600000e+01    1.600000e+01    3.620387e+02    3.620387e+02  
  1   2  45   1.600000e+01    1.600000e+01    3.620387e+02    3.620387e+02  
  1   2  46   1.600000e+01    1.600000e+01    3.620387e+02    3.620387e+02  
  1   2  47   1.600000e+01    1.600000e+01    3.620387e+02    3.620387e+02  
  1   2  48   1.600000e+01    1.600000e+01    3.620387e+02    3.620387e+02  
  1   2  49   1.600000e+01    1.600000e+01    3.620387e+02    3.620387e+02  
  1   2  50   1.600000e+01    1.600000e+01    3.620387e+02    3.620387e+02  
  1   2  51   1.600000e+01    1.600000e+01    3.620387e+02    3.620387e+02  
  1   2  52   1.600000e+01    1.600000e+01    3.620387e+02    3.620387e+02  
  1   2  53   1.600000e+01    1.600000e+01    3.620387e+02    3.620387e+02  
  1   2  54   1.600000e+01    1.600000e+01    3.620387e+02    3.620387e+02  
  1   2  55   1.600000e+01    1.600000e+01    3.620387e+02    3.620387e+02  
  1   2  56   1.600000e+01    1.600000e+01    3.620387e+02    3.620387e+02  
  1   2  57   1.600000e+01    1.600000e+01    3.620387e+02    3.620387e+02  
  1   2  58   1.600000e+01    1.600000e+01    3.620387e+02    3.620387e+02  
  1   2  59   1.600000e+01    1.600000e+01    3.620387e+02    3.620387e+02  
  1   2  60   1.600000e+01    1.600000e+01    3.620387e+02    3.620387e+02  
  1   2  61   1.600000e+01    1.600000e+01    3.620387e+02    3.620387e+02  
  1   2  62   1.600000e+01    1.600000e+01    3.620387e+02    3.620387e+02  
  1   3   1   1.600000e+01    1.600000e+01    3.620387e+02    3.620387e+02  
  1   3   2   1.600000e+01    1.600000e+01    3.620387e+02    3.620387e+02  
  1   3   3   1.600000e+01    1.600000e+01    3.620387e+02    3.620387e+02  
  1   3   4   1.600000e+01    1.600000e+01    3.620387e+02    3.620387e+02  
  1   3   5   1.600000e+01    1.600000e+01    3.620387e+02    3.620387e+02  
  2   1   1   7.675309e-01    7.675309e-01    6.095065e+00    6.095065e+00  
  2   1   2   5.894874e+01    5.894874e+01    3.573249e+02    3.573249e+02  
  2   1   3   1.565337e+01    1.565337e+01    1.316286e+01    1.316286e+01  
  2   1   4   1.862072e+01    1.862072e+01    1.568979e+01    1.568979e+01  
  2   1   5   1.600000e+01    1.600000e+01    3.620387e+02    3.620387e+02  
  2   1   6   1.600000e+01    1.600000e+01    3.620387e+02    3.620387e+02  
  2   1   7   3.200958e+01    3.200958e+01    4.111008e+01    4.111008e+01  
  2   1   8   2.575949e+01    2.575949e+01    1.937636e+01    1.937636e+01  
  2   1   9   2.258535e+01    2.258535e+01    1.115669e+01    1.115669e+01  
  2   1  10   1.600000e+01    1.600000e+01    3.620387e+02    3.620387e+02  
  2   1  11   1.867821e+01    1.867821e+01    4.335080e+00    4.335080e+00  
  2   1  12   1.923813e+01    1.923813e+01    3.678881e+00    3.678881e+00  
  2   1  13   1.640959e+01    1.640959e+01    2.505130e+00    2.505130e+00  
  2   1  14   1.744769e+01    1.744769e+01    2.130435e+00    2.130435e+00  
  2   1  15   1.689722e+01    1.689722e+01    1.853369e+00    1.853369e+00  
  2   1  16   1.635252e+01    1.635252e+01    1.814062e+00    1.814062e+00  
  2   1  17   1.923116e+01    1.923116e+01    2.015189e+00    2.015189e+00  
  2   1  18   1.586088e+01    1.586088e+01    1.313196e+00    1.313196e+00  
  2   1  19   1.555211e+01    1.555211e+01    1.408744e+00    1.408744e+00  
  2   1  20   1.739500e+01    1.739500e+01    1.273712e+00    1.273712e+00  
  2   1  21   1.600000e+01    1.600000e+01    3.620387e+02    3.620387e+02  
  2   1  22   1.740776e+01    1.740776e+01    1.095980e+00    1.095980e+00  
  2   1  23   2.019981e+01    2.019981e+01    2.126116e+00    2.126116e+00  
  2   2   1   -2.746977e+01    -2.746977e+01    4.631888e+02    4.631888e+02  
  2   2   2   1.771197e+01    1.771197e+01    1.241432e+02    1.241432e+02  
  2   2   3   1.828945e+01    1.828945e+01    6.319259e+01    6.319259e+01  
  2   2   4   1.848827e+01    1.848827e+01    4.188057e+01    4.188057e+01  
  2   2   5   2.194131e+01    2.194131e+01    4.329515e+01    4.329515e+01  
  2   2   6   1.709011e+01    1.709011e+01    2.352577e+01    2.352577e+01  
  2   2   7   1.876951e+01    1.876951e+01    2.111078e+01    2.111078e+01  
  2   2   8   1.576380e+01    1.576380e+01    1.401503e+01    1.401503e+01  
  2   2   9   1.516149e+01    1.516149e+01    1.084957e+01    1.084957e+01  
  2   2  10   1.470888e+01    1.470888e+01    8.718996e+00    8.718996e+00  
  2   2  11   1.553336e+01    1.553336e+01    9.269461e+00    9.269461e+00  
  2   2  12   1.639738e+01    1.639738e+01    9.050961e+00    9.050961e+00  
  2   2  13   1.720918e+01    1.720918e+01    8.208868e+00    8.208868e+00  
  2   2  14   1.461809e+01    1.461809e+01    5.792902e+00    5.792902e+00  
  2   2  15   1.641637e+01    1.641637e+01    7.130338e+00    7.130338e+00  
  2   2  16   1.633234e+01    1.633234e+01    6.064303e+00    6.064303e+00  
  2   2  17   1.743627e+01    1.743627e+01    6.766068e+00    6.766068e+00  
  2   2  18   1.667619e+01    1.667619e+01    5.520454e+00    5.520454e+00  
  2   2  19   1.610024e+01    1.610024e+01    5.545155e+00    5.545155e+00  
  2   2  20   1.701671e+01    1.701671e+01    4.829196e+00    4.829196e+00  
  2   2  21   1.716060e+01    1.716060e+01    4.424437e+00    4.424437e+00  
  2   2  22   1.642269e+01    1.642269e+01    4.180878e+00    4.180878e+00  
  2   2  23   1.688609e+01    1.688609e+01    4.043968e+00    4.043968e+00  
  2   2  24   1.844456e+01    1.844456e+01    4.134746e+00    4.134746e+00  
  2   2  25   1.647896e+01    1.647896e+01    3.960411e+00    3.960411e+00  
  2   2  26   1.726033e+01    1.726033e+01    3.618084e+00    3.618084e+00  
  2   2  27   1.665574e+01    1.665574e+01    3.371610e+00    3.371610e+00  
  2   2  28   1.684408e+01    1.684408e+01    3.047566e+00    3.047566e+00  
  2   2  29   1.739145e+01    1.739145e+01    2.953963e+00    2.953963e+00  
  2   2  30   1.588223e+01    1.588223e+01    2.295177e+00    2.295177e+00  
  2   2  31   1.762448e+01    1.762448e+01    2.759000e+00    2.759000e+00  
  2   2  32   1.651326e+01    1.651326e+01    2.246233e+00    2.246233e+00  
  2   2  33   1.555505e+01    1.555505e+01    1.844312e+00    1.844312e+00  
  2   2  34   1.607782e+01    1.607782e+01    1.911793e+00    1.911793e+00  
  2   2  35   1.600738e+01    1.600738e+01    1.779102e+00    1.779102e+00  
  2   2  36   1.557510e+01    1.557510e+01    1.732029e+00    1.732029e+00  
  2   2  37   1.547831e+01    1.547831e+01    1.623141e+00    1.623141e+00  
  2   2  38   1.571467e+01    1.571467e+01    1.522696e+00    1.522696e+00  
  2   2  39   1.585014e+01    1.585014e+01    1.696456e+00    1.696456e+00  
  2   2  40   1.624909e+01    1.624909e+01    1.553289e+00    1.553289e+00  
  2   2  41   1.608573e+01    1.608573e+01    1.475623e+00    1.475623e+00  
  2   2  42   1.590656e+01    1.590656e+01    1.395110e+00    1.395110e+00  
  2   2  43   1.580841e+01    1.580841e+01    1.275026e+00    1.275026e+00  
  2   2  44   1.698423e+01    1.698423e+01    1.524578e+00    1.524578e+00  
  2   2  45   1.586088e+01    1.586088e+01    1.240866e+00    1.240866e+00  
  2   2  46   1.686373e+01    1.686373e+01    1.397822e+00    1.397822e+00  
  2   2  47   1.671954e+01    1.671954e+01    1.243744e+00    1.243744e+00  
  2   2  48   1.637540e+01    1.637540e+01    1.194551e+00    1.194551e+00  
  2   2  49   1.671069e+01    1.671069e+01    1.205092e+00    1.205092e+00  
  2   2  50   1.638566e+01    1.638566e+01    1.144614e+00    1.144614e+00  
  2   2  51   1.659086e+01    1.659086e+01    1.149319e+00    1.149319e+00  
  2   2  52   1.704915e+01    1.704915e+01    1.149035e+00    1.149035e+00  
  2   2  53   1.627936e+01    1.627936e+01    1.010739e+00    1.010739e+00  
  2   2  54   1.656011e+01    1.656011e+01    1.062502e+00    1.062502e+00  
  2   2  55   1.641652e+01    1.641652e+01    1.006578e+00    1.006578e+00  
  2   2  56   1.682762e+01    1.682762e+01    9.807735e-01    9.807735e-01  
  2   2  57   1.634060e+01    1.634060e+01    1.057015e+00    1.057015e+00  
  2   2  58   1.658637e+01    1.658637e+01    1.234792e+00    1.234792e+00  
  2   2  59   1.636833e+01    1.636833e+01    1.608684e+00    1.608684e+00  
  2   2  60   1.690754e+01    1.690754e+01    1.643352e+00    1.643352e+00  
  2   2  61   1.650494e+01    1.650494e+01    1.391013e+00    1.391013e+00  
  2   2  62   1.661716e+01    1.661716e+01    1.256196e+00    1.256196e+00  
  2   3   1   1.732515e+01    1.732515e+01    1.037436e+00    1.037436e+00  
  2   3   2   1.671758e+01    1.671758e+01    9.116613e-01    9.116613e-01  
  2   3   3   1.799023e+01    1.799023e+01    1.024905e+00    1.024905e+00  
  2   3   4   1.600000e+01    1.600000e+01    3.620387e+02    3.620387e+02  
  2   3   5   1.667567e+01    1.667567e+01    7.755588e-01    7.755588e-01  
  3   1   1   1.600000e+01    1.600000e+01    3.620387e+02    3.620387e+02  
  3   1   2   1.600000e+01    1.600000e+01    3.620387e+02    3.620387e+02  
  3   1   3   1.600000e+01    1.600000e+01    3.620387e+02    3.620387e+02  
  3   1   4   1.600000e+01    1.600000e+01    3.620387e+02    3.620387e+02  
  3   1   5   1.600000e+01    1.600000e+01    3.620387e+02    3.620387e+02  
  3   1   6   1.600000e+01    1.600000e+01    3.620387e+02    3.620387e+02  
  3   1   7   1.600000e+01    1.600000e+01    3.620387e+02    3.620387e+02  
  3   1   8   1.600000e+01    1.600000e+01    3.620387e+02    3.620387e+02  
  3   1   9   1.600000e+01    1.600000e+01    3.620387e+02    3.620387e+02  
  3   1  10   1.600000e+01    1.600000e+01    3.620387e+02    3.620387e+02  
  3   1  11   1.600000e+01    1.600000e+01    3.620387e+02    3.620387e+02  
  3   1  12   1.600000e+01    1.600000e+01    3.620387e+02    3.620387e+02  
  3   1  13   1.600000e+01    1.600000e+01    3.620387e+02    3.620387e+02  
  3   1  14   1.600000e+01    1.600000e+01    3.620387e+02    3.620387e+02  
  3   1  15   1.600000e+01    1.600000e+01    3.620387e+02    3.620387e+02  
  3   1  16   1.600000e+01    1.600000e+01    3.620387e+02    3.620387e+02  
  3   1  17   1.600000e+01    1.600000e+01    3.620387e+02    3.620387e+02  
  3   1  18   1.600000e+01    1.600000e+01    3.620387e+02    3.620387e+02  
  3   1  19   1.600000e+01    1.600000e+01    3.620387e+02    3.620387e+02  
  3   1  20   1.600000e+01    1.600000e+01    3.620387e+02    3.620387e+02  
  3   1  21   1.600000e+01    1.600000e+01    3.620387e+02    3.620387e+02  
  3   1  22   1.600000e+01    1.600000e+01    3.620387e+02    3.620387e+02  
  3   1  23   1.600000e+01    1.600000e+01    3.620387e+02    3.620387e+02  
  3   2   1   1.600000e+01    1.600000e+01    3.620387e+02    3.620387e+02  
  3   2   2   1.600000e+01    1.600000e+01    3.620387e+02    3.620387e+02  
  3   2   3   1.600000e+01    1.600000e+01    3.620387e+02    3.620387e+02  
  3   2   4   1.600000e+01    1.600000e+01    3.620387e+02    3.620387e+02  
  3   2   5   1.600000e+01    1.600000e+01    3.620387e+02    3.620387e+02  
  3   2   6   1.600000e+01    1.600000e+01    3.620387e+02    3.620387e+02  
  3   2   7   1.600000e+01    1.600000e+01    3.620387e+02    3.620387e+02  
  3   2   8   1.600000e+01    1.600000e+01    3.620387e+02    3.620387e+02  
  3   2   9   1.600000e+01    1.600000e+01    3.620387e+02    3.620387e+02  
  3   2  10   1.600000e+01    1.600000e+01    3.620387e+02    3.620387e+02  
  3   2  11   1.600000e+01    1.600000e+01    3.620387e+02    3.620387e+02  
  3   2  12   1.600000e+01    1.600000e+01    3.620387e+02    3.620387e+02  
  3   2  13   1.600000e+01    1.600000e+01    3.620387e+02    3.620387e+02  
  3   2  14   1.600000e+01    1.600000e+01    3.620387e+02    3.620387e+02  
  3   2  15   1.600000e+01    1.600000e+01    3.620387e+02    3.620387e+02  
  3   2  16   1.600000e+01    1.600000e+01    3.620387e+02    3.620387e+02  
  3   2  17   1.600000e+01    1.600000e+01    3.620387e+02    3.620387e+02  
  3   2  18   1.600000e+01    1.600000e+01    3.620387e+02    3.620387e+02  
  3   2  19   1.600000e+01    1.600000e+01    3.620387e+02    3.620387e+02  
  3   2  20   1.600000e+01    1.600000e+01    3.620387e+02    3.620387e+02  
  3   2  21   1.600000e+01    1.600000e+01    3.620387e+02    3.620387e+02  
  3   2  22   1.600000e+01    1.600000e+01    3.620387e+02    3.620387e+02  
  3   2  23   1.600000e+01    1.600000e+01    3.620387e+02    3.620387e+02  
  3   2  24   1.600000e+01    1.600000e+01    3.620387e+02    3.620387e+02  
  3   2  25   1.600000e+01    1.600000e+01    3.620387e+02    3.620387e+02  
  3   2  26   1.600000e+01    1.600000e+01    3.620387e+02    3.620387e+02  
  3   2  27   1.600000e+01    1.600000e+01    3.620387e+02    3.620387e+02  
  3   2  28   1.600000e+01    1.600000e+01    3.620387e+02    3.620387e+02  
  3   2  29   1.600000e+01    1.600000e+01    3.620387e+02    3.620387e+02  
  3   2  30   1.600000e+01    1.600000e+01    3.620387e+02    3.620387e+02  
  3   2  31   1.600000e+01    1.600000e+01    3.620387e+02    3.620387e+02  
  3   2  32   1.600000e+01    1.600000e+01    3.620387e+02    3.620387e+02  
  3   2  33   1.600000e+01    1.600000e+01    3.620387e+02    3.620387e+02  
  3   2  34   1.600000e+01    1.600000e+01    3.620387e+02    3.620387e+02  
  3   2  35   1.600000e+01    1.600000e+01    3.620387e+02    3.620387e+02  
  3   2  36   1.600000e+01    1.600000e+01    3.620387e+02    3.620387e+02  
  3   2  37   1.600000e+01    1.600000e+01    3.620387e+02    3.620387e+02  
  3   2  38   1.600000e+01    1.600000e+01    3.620387e+02    3.620387e+02  
  3   2  39   1.600000e+01    1.600000e+01    3.620387e+02    3.620387e+02  
  3   2  40   1.600000e+01    1.600000e+01    3.620387e+02    3.620387e+02  
  3   2  41   1.600000e+01    1.600000e+01    3.620387e+02    3.620387e+02  
  3   2  42   1.600000e+01    1.600000e+01    3.620387e+02    3.620387e+02  
  3   2  43   1.600000e+01    1.600000e+01    3.620387e+02    3.620387e+02  
  3   2  44   1.600000e+01    1.600000e+01    3.620387e+02    3.620387e+02  
  3   2  45   1.600000e+01    1.600000e+01    3.620387e+02    3.620387e+02  
  3   2  46   1.600000e+01    1.600000e+01    3.620387e+02    3.620387e+02  
  3   2  47   1.600000e+01    1.600000e+01    3.620387e+02    3.620387e+02  
  3   2  48   1.600000e+01    1.600000e+01    3.620387e+02    3.620387e+02  
  3   2  49   1.600000e+01    1.600000e+01    3.620387e+02    3.620387e+02  
  3   2  50   1.600000e+01    1.600000e+01    3.620387e+02    3.620387e+02  
  3   2  51   1.600000e+01    1.600000e+01    3.620387e+02    3.620387e+02  
  3   2  52   1.600000e+01    1.600000e+01    3.620387e+02    3.620387e+02  
  3   2  53   1.600000e+01    1.600000e+01    3.620387e+02    3.620387e+02  
  3   2  54   1.600000e+01    1.600000e+01    3.620387e+02    3.620387e+02  
  3   2  55   1.600000e+01    1.600000e+01    3.620387e+02    3.620387e+02  
  3   2  56   1.600000e+01    1.600000e+01    3.620387e+02    3.620387e+02  
  3   2  57   1.600000e+01    1.600000e+01    3.620387e+02    3.620387e+02  
  3   2  58   1.600000e+01    1.600000e+01    3.620387e+02    3.620387e+02  
  3   2  59   1.600000e+01    1.600000e+01    3.620387e+02    3.620387e+02  
  3   2  60   1.600000e+01    1.600000e+01    3.620387e+02    3.620387e+02  
  3   2  61   1.600000e+01    1.600000e+01    3.620387e+02    3.620387e+02  
  3   2  62   1.600000e+01    1.600000e+01    3.620387e+02    3.620387e+02  
  3   3   1   1.600000e+01    1.600000e+01    3.620387e+02    3.620387e+02  
  3   3   2   1.600000e+01    1.600000e+01    3.620387e+02    3.620387e+02  
  3   3   3   1.600000e+01    1.600000e+01    3.620387e+02    3.620387e+02  
  3   3   4   1.600000e+01    1.600000e+01    3.620387e+02    3.620387e+02  
  3   3   5   1.600000e+01    1.600000e+01    3.620387e+02    3.620387e+02  
  4   1   1   1.600000e+01    1.600000e+01    3.620387e+02    3.620387e+02  
  4   1   2   1.600000e+01    1.600000e+01    3.620387e+02    3.620387e+02  
  4   1   3   1.600000e+01    1.600000e+01    3.620387e+02    3.620387e+02  
  4   1   4   1.600000e+01    1.600000e+01    3.620387e+02    3.620387e+02  
  4   1   5   1.600000e+01    1.600000e+01    3.620387e+02    3.620387e+02  
  4   1   6   1.600000e+01    1.600000e+01    3.620387e+02    3.620387e+02  
  4   1   7   1.600000e+01    1.600000e+01    3.620387e+02    3.620387e+02  
  4   1   8   1.600000e+01    1.600000e+01    3.620387e+02    3.620387e+02  
  4   1   9   1.600000e+01    1.600000e+01    3.620387e+02    3.620387e+02  
  4   1  10   1.600000e+01    1.600000e+01    3.620387e+02    3.620387e+02  
  4   1  11   1.600000e+01    1.600000e+01    3.620387e+02    3.620387e+02  
  4   1  12   1.600000e+01    1.600000e+01    3.620387e+02    3.620387e+02  
  4   1  13   1.600000e+01    1.600000e+01    3.620387e+02    3.620387e+02  
  4   1  14   1.600000e+01    1.600000e+01    3.620387e+02    3.620387e+02  
  4   1  15   1.600000e+01    1.600000e+01    3.620387e+02    3.620387e+02  
  4   1  16   1.600000e+01    1.600000e+01    3.620387e+02    3.620387e+02  
  4   1  17   1.600000e+01    1.600000e+01    3.620387e+02    3.620387e+02  
  4   1  18   1.600000e+01    1.600000e+01    3.620387e+02    3.620387e+02  
  4   1  19   1.600000e+01    1.600000e+01    3.620387e+02    3.620387e+02  
  4   1  20   1.600000e+01    1.600000e+01    3.620387e+02    3.620387e+02  
  4   1  21   1.600000e+01    1.600000e+01    3.620387e+02    3.620387e+02  
  4   1  22   1.600000e+01    1.600000e+01    3.620387e+02    3.620387e+02  
  4   1  23   1.600000e+01    1.600000e+01    3.620387e+02    3.620387e+02  
  4   2   1   1.600000e+01    1.600000e+01    3.620387e+02    3.620387e+02  
  4   2   2   1.600000e+01    1.600000e+01    3.620387e+02    3.620387e+02  
  4   2   3   1.600000e+01    1.600000e+01    3.620387e+02    3.620387e+02  
  4   2   4   1.600000e+01    1.600000e+01    3.620387e+02    3.620387e+02  
  4   2   5   1.600000e+01    1.600000e+01    3.620387e+02    3.620387e+02  
  4   2   6   1.600000e+01    1.600000e+01    3.620387e+02    3.620387e+02  
  4   2   7   1.600000e+01    1.600000e+01    3.620387e+02    3.620387e+02  
  4   2   8   1.600000e+01    1.600000e+01    3.620387e+02    3.620387e+02  
  4   2   9   1.600000e+01    1.600000e+01    3.620387e+02    3.620387e+02  
  4   2  10   1.600000e+01    1.600000e+01    3.620387e+02    3.620387e+02  
  4   2  11   1.600000e+01    1.600000e+01    3.620387e+02    3.620387e+02  
  4   2  12   1.600000e+01    1.600000e+01    3.620387e+02    3.620387e+02  
  4   2  13   1.600000e+01    1.600000e+01    3.620387e+02    3.620387e+02  
  4   2  14   1.600000e+01    1.600000e+01    3.620387e+02    3.620387e+02  
  4   2  15   1.600000e+01    1.600000e+01    3.620387e+02    3.620387e+02  
  4   2  16   1.600000e+01    1.600000e+01    3.620387e+02    3.620387e+02  
  4   2  17   1.600000e+01    1.600000e+01    3.620387e+02    3.620387e+02  
  4   2  18   1.600000e+01    1.600000e+01    3.620387e+02    3.620387e+02  
  4   2  19   1.600000e+01    1.600000e+01    3.620387e+02    3.620387e+02  
  4   2  20   1.600000e+01    1.600000e+01    3.620387e+02    3.620387e+02  
  4   2  21   1.600000e+01    1.600000e+01    3.620387e+02    3.620387e+02  
  4   2  22   1.600000e+01    1.600000e+01    3.620387e+02    3.620387e+02  
  4   2  23   1.600000e+01    1.600000e+01    3.620387e+02    3.620387e+02  
  4   2  24   1.600000e+01    1.600000e+01    3.620387e+02    3.620387e+02  
  4   2  25   1.600000e+01    1.600000e+01    3.620387e+02    3.620387e+02  
  4   2  26   1.600000e+01    1.600000e+01    3.620387e+02    3.620387e+02  
  4   2  27   1.600000e+01    1.600000e+01    3.620387e+02    3.620387e+02  
  4   2  28   1.600000e+01    1.600000e+01    3.620387e+02    3.620387e+02  
  4   2  29   1.600000e+01    1.600000e+01    3.620387e+02    3.620387e+02  
  4   2  30   1.600000e+01    1.600000e+01    3.620387e+02    3.620387e+02  
  4   2  31   1.600000e+01    1.600000e+01    3.620387e+02    3.620387e+02  
  4   2  32   1.600000e+01    1.600000e+01    3.620387e+02    3.620387e+02  
  4   2  33   1.600000e+01    1.600000e+01    3.620387e+02    3.620387e+02  
  4   2  34   1.600000e+01    1.600000e+01    3.620387e+02    3.620387e+02  
  4   2  35   1.600000e+01    1.600000e+01    3.620387e+02    3.620387e+02  
  4   2  36   1.600000e+01    1.600000e+01    3.620387e+02    3.620387e+02  
  4   2  37   1.600000e+01    1.600000e+01    3.620387e+02    3.620387e+02  
  4   2  38   1.600000e+01    1.600000e+01    3.620387e+02    3.620387e+02  
  4   2  39   1.600000e+01    1.600000e+01    3.620387e+02    3.620387e+02  
  4   2  40   1.600000e+01    1.600000e+01    3.620387e+02    3.620387e+02  
  4   2  41   1.600000e+01    1.600000e+01    3.620387e+02    3.620387e+02  
  4   2  42   1.600000e+01    1.600000e+01    3.620387e+02    3.620387e+02  
  4   2  43   1.600000e+01    1.600000e+01    3.620387e+02    3.620387e+02  
  4   2  44   1.600000e+01    1.600000e+01    3.620387e+02    3.620387e+02  
  4   2  45   1.600000e+01    1.600000e+01    3.620387e+02    3.620387e+02  
  4   2  46   1.600000e+01    1.600000e+01    3.620387e+02    3.620387e+02  
  4   2  47   1.600000e+01    1.600000e+01    3.620387e+02    3.620387e+02  
  4   2  48   1.600000e+01    1.600000e+01    3.620387e+02    3.620387e+02  
  4   2  49   1.600000e+01    1.600000e+01    3.620387e+02    3.620387e+02  
  4   2  50   1.600000e+01    1.600000e+01    3.620387e+02    3.620387e+02  
  4   2  51   1.600000e+01    1.600000e+01    3.620387e+02    3.620387e+02  
  4   2  52   1.600000e+01    1.600000e+01    3.620387e+02    3.620387e+02  
  4   2  53   1.600000e+01    1.600000e+01    3.620387e+02    3.620387e+02  
  4   2  54   1.600000e+01    1.600000e+01    3.620387e+02    3.620387e+02  
  4   2  55   1.600000e+01    1.600000e+01    3.620387e+02    3.620387e+02  
  4   2  56   1.600000e+01    1.600000e+01    3.620387e+02    3.620387e+02  
  4   2  57   1.600000e+01    1.600000e+01    3.620387e+02    3.620387e+02  
  4   2  58   1.600000e+01    1.600000e+01    3.620387e+02    3.620387e+02  
  4   2  59   1.600000e+01    1.600000e+01    3.620387e+02    3.620387e+02  
  4   2  60   1.600000e+01    1.600000e+01    3.620387e+02    3.620387e+02  
  4   2  61   1.600000e+01    1.600000e+01    3.620387e+02    3.620387e+02  
  4   2  62   1.600000e+01    1.600000e+01    3.620387e+02    3.620387e+02  
  4   3   1   1.600000e+01    1.600000e+01    3.620387e+02    3.620387e+02  
  4   3   2   1.600000e+01    1.600000e+01    3.620387e+02    3.620387e+02  
  4   3   3   1.600000e+01    1.600000e+01    3.620387e+02    3.620387e+02  
  4   3   4   1.600000e+01    1.600000e+01    3.620387e+02    3.620387e+02  
  4   3   5   1.600000e+01    1.600000e+01    3.620387e+02    3.620387e+02  
  5   1   1   1.600000e+01    1.600000e+01    3.620387e+02    3.620387e+02  
  5   1   2   1.600000e+01    1.600000e+01    3.620387e+02    3.620387e+02  
  5   1   3   1.600000e+01    1.600000e+01    3.620387e+02    3.620387e+02  
  5   1   4   1.600000e+01    1.600000e+01    3.620387e+02    3.620387e+02  
  5   1   5   1.600000e+01    1.600000e+01    3.620387e+02    3.620387e+02  
  5   1   6   1.600000e+01    1.600000e+01    3.620387e+02    3.620387e+02  
  5   1   7   1.600000e+01    1.600000e+01    3.620387e+02    3.620387e+02  
  5   1   8   1.600000e+01    1.600000e+01    3.620387e+02    3.620387e+02  
  5   1   9   1.600000e+01    1.600000e+01    3.620387e+02    3.620387e+02  
  5   1  10   1.600000e+01    1.600000e+01    3.620387e+02    3.620387e+02  
  5   1  11   1.600000e+01    1.600000e+01    3.620387e+02    3.620387e+02  
  5   1  12   1.600000e+01    1.600000e+01    3.620387e+02    3.620387e+02  
  5   1  13   1.600000e+01    1.600000e+01    3.620387e+02    3.620387e+02  
  5   1  14   1.600000e+01    1.600000e+01    3.620387e+02    3.620387e+02  
  5   1  15   1.600000e+01    1.600000e+01    3.620387e+02    3.620387e+02  
  5   1  16   1.600000e+01    1.600000e+01    3.620387e+02    3.620387e+02  
  5   1  17   1.600000e+01    1.600000e+01    3.620387e+02    3.620387e+02  
  5   1  18   1.600000e+01    1.600000e+01    3.620387e+02    3.620387e+02  
  5   1  19   1.600000e+01    1.600000e+01    3.620387e+02    3.620387e+02  
  5   1  20   1.600000e+01    1.600000e+01    3.620387e+02    3.620387e+02  
  5   1  21   1.600000e+01    1.600000e+01    3.620387e+02    3.620387e+02  
  5   1  22   1.600000e+01    1.600000e+01    3.620387e+02    3.620387e+02  
  5   1  23   1.600000e+01    1.600000e+01    3.620387e+02    3.620387e+02  
  5   2   1   1.600000e+01    1.600000e+01    3.620387e+02    3.620387e+02  
  5   2   2   1.600000e+01    1.600000e+01    3.620387e+02    3.620387e+02  
  5   2   3   1.600000e+01    1.600000e+01    3.620387e+02    3.620387e+02  
  5   2   4   1.600000e+01    1.600000e+01    3.620387e+02    3.620387e+02  
  5   2   5   1.600000e+01    1.600000e+01    3.620387e+02    3.620387e+02  
  5   2   6   1.600000e+01    1.600000e+01    3.620387e+02    3.620387e+02  
  5   2   7   1.600000e+01    1.600000e+01    3.620387e+02    3.620387e+02  
  5   2   8   1.600000e+01    1.600000e+01    3.620387e+02    3.620387e+02  
  5   2   9   1.600000e+01    1.600000e+01    3.620387e+02    3.620387e+02  
  5   2  10   1.600000e+01    1.600000e+01    3.620387e+02    3.620387e+02  
  5   2  11   1.600000e+01    1.600000e+01    3.620387e+02    3.620387e+02  
  5   2  12   1.600000e+01    1.600000e+01    3.620387e+02    3.620387e+02  
  5   2  13   1.600000e+01    1.600000e+01    3.620387e+02    3.620387e+02  
  5   2  14   1.600000e+01    1.600000e+01    3.620387e+02    3.620387e+02  
  5   2  15   1.600000e+01    1.600000e+01    3.620387e+02    3.620387e+02  
  5   2  16   1.600000e+01    1.600000e+01    3.620387e+02    3.620387e+02  
  5   2  17   1.600000e+01    1.600000e+01    3.620387e+02    3.620387e+02  
  5   2  18   1.600000e+01    1.600000e+01    3.620387e+02    3.620387e+02  
  5   2  19   1.600000e+01    1.600000e+01    3.620387e+02    3.620387e+02  
  5   2  20   1.600000e+01    1.600000e+01    3.620387e+02    3.620387e+02  
  5   2  21   1.600000e+01    1.600000e+01    3.620387e+02    3.620387e+02  
  5   2  22   1.600000e+01    1.600000e+01    3.620387e+02    3.620387e+02  
  5   2  23   1.600000e+01    1.600000e+01    3.620387e+02    3.620387e+02  
  5   2  24   1.600000e+01    1.600000e+01    3.620387e+02    3.620387e+02  
  5   2  25   1.600000e+01    1.600000e+01    3.620387e+02    3.620387e+02  
  5   2  26   1.600000e+01    1.600000e+01    3.620387e+02    3.620387e+02  
  5   2  27   1.600000e+01    1.600000e+01    3.620387e+02    3.620387e+02  
  5   2  28   1.600000e+01    1.600000e+01    3.620387e+02    3.620387e+02  
  5   2  29   1.600000e+01    1.600000e+01    3.620387e+02    3.620387e+02  
  5   2  30   1.600000e+01    1.600000e+01    3.620387e+02    3.620387e+02  
  5   2  31   1.600000e+01    1.600000e+01    3.620387e+02    3.620387e+02  
  5   2  32   1.600000e+01    1.600000e+01    3.620387e+02    3.620387e+02  
  5   2  33   1.600000e+01    1.600000e+01    3.620387e+02    3.620387e+02  
  5   2  34   1.600000e+01    1.600000e+01    3.620387e+02    3.620387e+02  
  5   2  35   1.600000e+01    1.600000e+01    3.620387e+02    3.620387e+02  
  5   2  36   1.600000e+01    1.600000e+01    3.620387e+02    3.620387e+02  
  5   2  37   1.600000e+01    1.600000e+01    3.620387e+02    3.620387e+02  
  5   2  38   1.600000e+01    1.600000e+01    3.620387e+02    3.620387e+02  
  5   2  39   1.600000e+01    1.600000e+01    3.620387e+02    3.620387e+02  
  5   2  40   1.600000e+01    1.600000e+01    3.620387e+02    3.620387e+02  
  5   2  41   1.600000e+01    1.600000e+01    3.620387e+02    3.620387e+02  
  5   2  42   1.600000e+01    1.600000e+01    3.620387e+02    3.620387e+02  
  5   2  43   1.600000e+01    1.600000e+01    3.620387e+02    3.620387e+02  
  5   2  44   1.600000e+01    1.600000e+01    3.620387e+02    3.620387e+02  
  5   2  45   1.600000e+01    1.600000e+01    3.620387e+02    3.620387e+02  
  5   2  46   1.600000e+01    1.600000e+01    3.620387e+02    3.620387e+02  
  5   2  47   1.600000e+01    1.600000e+01    3.620387e+02    3.620387e+02  
  5   2  48   1.600000e+01    1.600000e+01    3.620387e+02    3.620387e+02  
  5   2  49   1.600000e+01    1.600000e+01    3.620387e+02    3.620387e+02  
  5   2  50   1.600000e+01    1.600000e+01    3.620387e+02    3.620387e+02  
  5   2  51   1.600000e+01    1.600000e+01    3.620387e+02    3.620387e+02  
  5   2  52   1.600000e+01    1.600000e+01    3.620387e+02    3.620387e+02  
  5   2  53   1.600000e+01    1.600000e+01    3.620387e+02    3.620387e+02  
  5   2  54   1.600000e+01    1.600000e+01    3.620387e+02    3.620387e+02  
  5   2  55   1.600000e+01    1.600000e+01    3.620387e+02    3.620387e+02  
  5   2  56   1.600000e+01    1.600000e+01    3.620387e+02    3.620387e+02  
  5   2  57   1.600000e+01    1.600000e+01    3.620387e+02    3.620387e+02  
  5   2  58   1.600000e+01    1.600000e+01    3.620387e+02    3.620387e+02  
  5   2  59   1.600000e+01    1.600000e+01    3.620387e+02    3.620387e+02  
  5   2  60   1.600000e+01    1.600000e+01    3.620387e+02    3.620387e+02  
  5   2  61   1.600000e+01    1.600000e+01    3.620387e+02    3.620387e+02  
  5   2  62   1.600000e+01    1.600000e+01    3.620387e+02    3.620387e+02  
  5   3   1   1.600000e+01    1.600000e+01    3.620387e+02    3.620387e+02  
  5   3   2   1.600000e+01    1.600000e+01    3.620387e+02    3.620387e+02  
  5   3   3   1.600000e+01    1.600000e+01    3.620387e+02    3.620387e+02  
  5   3   4   1.600000e+01    1.600000e+01    3.620387e+02    3.620387e+02  
  5   3   5   1.600000e+01    1.600000e+01    3.620387e+02    3.620387e+02  
  6   1   1   1.600000e+01    1.600000e+01    3.620387e+02    3.620387e+02  
  6   1   2   1.600000e+01    1.600000e+01    3.620387e+02    3.620387e+02  
  6   1   3   1.600000e+01    1.600000e+01    3.620387e+02    3.620387e+02  
  6   1   4   1.600000e+01    1.600000e+01    3.620387e+02    3.620387e+02  
  6   1   5   1.600000e+01    1.600000e+01    3.620387e+02    3.620387e+02  
  6   1   6   1.600000e+01    1.600000e+01    3.620387e+02    3.620387e+02  
  6   1   7   1.600000e+01    1.600000e+01    3.620387e+02    3.620387e+02  
  6   1   8   1.600000e+01    1.600000e+01    3.620387e+02    3.620387e+02  
  6   1   9   1.600000e+01    1.600000e+01    3.620387e+02    3.620387e+02  
  6   1  10   1.600000e+01    1.600000e+01    3.620387e+02    3.620387e+02  
  6   1  11   1.600000e+01    1.600000e+01    3.620387e+02    3.620387e+02  
  6   1  12   1.600000e+01    1.600000e+01    3.620387e+02    3.620387e+02  
  6   1  13   1.600000e+01    1.600000e+01    3.620387e+02    3.620387e+02  
  6   1  14   1.600000e+01    1.600000e+01    3.620387e+02    3.620387e+02  
  6   1  15   1.600000e+01    1.600000e+01    3.620387e+02    3.620387e+02  
  6   1  16   1.600000e+01    1.600000e+01    3.620387e+02    3.620387e+02  
  6   1  17   1.600000e+01    1.600000e+01    3.620387e+02    3.620387e+02  
  6   1  18   1.600000e+01    1.600000e+01    3.620387e+02    3.620387e+02  
  6   1  19   1.600000e+01    1.600000e+01    3.620387e+02    3.620387e+02  
  6   1  20   1.600000e+01    1.600000e+01    3.620387e+02    3.620387e+02  
  6   1  21   1.600000e+01    1.600000e+01    3.620387e+02    3.620387e+02  
  6   1  22   1.600000e+01    1.600000e+01    3.620387e+02    3.620387e+02  
  6   1  23   1.600000e+01    1.600000e+01    3.620387e+02    3.620387e+02  
  6   2   1   1.600000e+01    1.600000e+01    3.620387e+02    3.620387e+02  
  6   2   2   1.600000e+01    1.600000e+01    3.620387e+02    3.620387e+02  
  6   2   3   1.600000e+01    1.600000e+01    3.620387e+02    3.620387e+02  
  6   2   4   1.600000e+01    1.600000e+01    3.620387e+02    3.620387e+02  
  6   2   5   1.600000e+01    1.600000e+01    3.620387e+02    3.620387e+02  
  6   2   6   1.600000e+01    1.600000e+01    3.620387e+02    3.620387e+02  
  6   2   7   1.600000e+01    1.600000e+01    3.620387e+02    3.620387e+02  
  6   2   8   1.600000e+01    1.600000e+01    3.620387e+02    3.620387e+02  
  6   2   9   1.600000e+01    1.600000e+01    3.620387e+02    3.620387e+02  
  6   2  10   1.600000e+01    1.600000e+01    3.620387e+02    3.620387e+02  
  6   2  11   1.600000e+01    1.600000e+01    3.620387e+02    3.620387e+02  
  6   2  12   1.600000e+01    1.600000e+01    3.620387e+02    3.620387e+02  
  6   2  13   1.600000e+01    1.600000e+01    3.620387e+02    3.620387e+02  
  6   2  14   1.600000e+01    1.600000e+01    3.620387e+02    3.620387e+02  
  6   2  15   1.600000e+01    1.600000e+01    3.620387e+02    3.620387e+02  
  6   2  16   1.600000e+01    1.600000e+01    3.620387e+02    3.620387e+02  
  6   2  17   1.600000e+01    1.600000e+01    3.620387e+02    3.620387e+02  
  6   2  18   1.600000e+01    1.600000e+01    3.620387e+02    3.620387e+02  
  6   2  19   1.600000e+01    1.600000e+01    3.620387e+02    3.620387e+02  
  6   2  20   1.600000e+01    1.600000e+01    3.620387e+02    3.620387e+02  
  6   2  21   1.600000e+01    1.600000e+01    3.620387e+02    3.620387e+02  
  6   2  22   1.600000e+01    1.600000e+01    3.620387e+02    3.620387e+02  
  6   2  23   1.600000e+01    1.600000e+01    3.620387e+02    3.620387e+02  
  6   2  24   1.600000e+01    1.600000e+01    3.620387e+02    3.620387e+02  
  6   2  25   1.600000e+01    1.600000e+01    3.620387e+02    3.620387e+02  
  6   2  26   1.600000e+01    1.600000e+01    3.620387e+02    3.620387e+02  
  6   2  27   1.600000e+01    1.600000e+01    3.620387e+02    3.620387e+02  
  6   2  28   1.600000e+01    1.600000e+01    3.620387e+02    3.620387e+02  
  6   2  29   1.600000e+01    1.600000e+01    3.620387e+02    3.620387e+02  
  6   2  30   1.600000e+01    1.600000e+01    3.620387e+02    3.620387e+02  
  6   2  31   1.600000e+01    1.600000e+01    3.620387e+02    3.620387e+02  
  6   2  32   1.600000e+01    1.600000e+01    3.620387e+02    3.620387e+02  
  6   2  33   1.600000e+01    1.600000e+01    3.620387e+02    3.620387e+02  
  6   2  34   1.600000e+01    1.600000e+01    3.620387e+02    3.620387e+02  
  6   2  35   1.600000e+01    1.600000e+01    3.620387e+02    3.620387e+02  
  6   2  36   1.600000e+01    1.600000e+01    3.620387e+02    3.620387e+02  
  6   2  37   1.600000e+01    1.600000e+01    3.620387e+02    3.620387e+02  
  6   2  38   1.600000e+01    1.600000e+01    3.620387e+02    3.620387e+02  
  6   2  39   1.600000e+01    1.600000e+01    3.620387e+02    3.620387e+02  
  6   2  40   1.600000e+01    1.600000e+01    3.620387e+02    3.620387e+02  
  6   2  41   1.600000e+01    1.600000e+01    3.620387e+02    3.620387e+02  
  6   2  42   1.600000e+01    1.600000e+01    3.620387e+02    3.620387e+02  
  6   2  43   1.600000e+01    1.600000e+01    3.620387e+02    3.620387e+02  
  6   2  44   1.600000e+01    1.600000e+01    3.620387e+02    3.620387e+02  
  6   2  45   1.600000e+01    1.600000e+01    3.620387e+02    3.620387e+02  
  6   2  46   1.600000e+01    1.600000e+01    3.620387e+02    3.620387e+02  
  6   2  47   1.600000e+01    1.600000e+01    3.620387e+02    3.620387e+02  
  6   2  48   1.600000e+01    1.600000e+01    3.620387e+02    3.620387e+02  
  6   2  49   1.600000e+01    1.600000e+01    3.620387e+02    3.620387e+02  
  6   2  50   1.600000e+01    1.600000e+01    3.620387e+02    3.620387e+02  
  6   2  51   1.600000e+01    1.600000e+01    3.620387e+02    3.620387e+02  
  6   2  52   1.600000e+01    1.600000e+01    3.620387e+02    3.620387e+02  
  6   2  53   1.600000e+01    1.600000e+01    3.620387e+02    3.620387e+02  
  6   2  54   1.600000e+01    1.600000e+01    3.620387e+02    3.620387e+02  
  6   2  55   1.600000e+01    1.600000e+01    3.620387e+02    3.620387e+02  
  6   2  56   1.600000e+01    1.600000e+01    3.620387e+02    3.620387e+02  
  6   2  57   1.600000e+01    1.600000e+01    3.620387e+02    3.620387e+02  
  6   2  58   1.600000e+01    1.600000e+01    3.620387e+02    3.620387e+02  
  6   2  59   1.600000e+01    1.600000e+01    3.620387e+02    3.620387e+02  
  6   2  60   1.600000e+01    1.600000e+01    3.620387e+02    3.620387e+02  
  6   2  61   1.600000e+01    1.600000e+01    3.620387e+02    3.620387e+02  
  6   2  62   1.600000e+01    1.600000e+01    3.620387e+02    3.620387e+02  
  6   3   1   1.600000e+01    1.600000e+01    3.620387e+02    3.620387e+02  
  6   3   2   1.600000e+01    1.600000e+01    3.620387e+02    3.620387e+02  
  6   3   3   1.600000e+01    1.600000e+01    3.620387e+02    3.620387e+02  
  6   3   4   1.600000e+01    1.600000e+01    3.620387e+02    3.620387e+02  
  6   3   5   1.600000e+01    1.600000e+01    3.620387e+02    3.620387e+02  
