  1   1   1   1.616003e+02    1.616003e+02    1.545821e+02    1.545821e+02    -3.723835e-04  
  1   1   2   1.267081e+02    1.267081e+02    7.746169e+01    7.746169e+01    3.597335e-03  
  1   1   3   1.640229e+02    1.640229e+02    8.005744e+01    8.005744e+01    1.538353e-03  
  1   1   4   1.463641e+02    1.463641e+02    5.646161e+01    5.646161e+01    -1.579066e-03  
  1   1   5   1.758762e+02    1.758762e+02    5.947924e+01    5.947924e+01    -3.247134e-03  
  1   1   6   1.529680e+02    1.529680e+02    4.466274e+01    4.466274e+01    2.552806e-03  
  1   1   7   1.298290e+02    1.298290e+02    3.007611e+01    3.007611e+01    -1.969533e-03  
  1   1   8   1.619803e+02    1.619803e+02    3.794211e+01    3.794211e+01    -7.938416e-03  
  1   1   9   1.690547e+02    1.690547e+02    3.534117e+01    3.534117e+01    8.949097e-03  
  1   1  10   1.594101e+02    1.594101e+02    2.988156e+01    2.988156e+01    4.664237e-03  
  1   1  11   2.267257e+02    2.267257e+02    4.600739e+01    4.600739e+01    1.849563e-03  
  1   1  12   1.468341e+02    1.468341e+02    2.214107e+01    2.214107e+01    -8.242524e-04  
  1   1  13   1.844741e+02    1.844741e+02    2.906689e+01    2.906689e+01    6.054916e-03  
  1   1  14   1.360376e+02    1.360376e+02    1.687422e+01    1.687422e+01    2.107902e-03  
  1   1  15   1.542092e+02    1.542092e+02    1.930528e+01    1.930528e+01    2.445874e-03  
  1   1  16   1.465331e+02    1.465331e+02    1.657290e+01    1.657290e+01    3.499204e-03  
  1   1  17   2.371494e+02    2.371494e+02    3.254842e+01    3.254842e+01    8.562979e-03  
  1   1  18   1.800884e+02    1.800884e+02    2.047383e+01    2.047383e+01    -1.186222e-02  
  1   1  19   2.408353e+02    2.408353e+02    2.984930e+01    2.984930e+01    3.039551e-03  
  1   1  20   1.980206e+02    1.980206e+02    2.126538e+01    2.126538e+01    4.140654e-03  
  1   1  21   3.113029e+02    3.113029e+02    3.975186e+01    3.975186e+01    -3.009605e-04  
  1   1  22   1.675402e+02    1.675402e+02    1.505576e+01    1.505576e+01    -7.139914e-03  
  1   1  23   2.782486e+02    2.782486e+02    3.068939e+01    3.068939e+01    -5.081526e-04  
  1   2   1   1.290345e+02    1.290345e+02    2.247938e+02    2.247938e+02    -5.903986e-04  
  1   2   2   1.396727e+02    1.396727e+02    1.600135e+02    1.600135e+02    1.471981e-03  
  1   2   3   1.327705e+02    1.327705e+02    1.252506e+02    1.252506e+02    5.122418e-04  
  1   2   4   1.462524e+02    1.462524e+02    1.144606e+02    1.144606e+02    1.849185e-03  
  1   2   5   2.134909e+02    2.134909e+02    1.794227e+02    1.794227e+02    1.265859e-03  
  1   2   6   1.519389e+02    1.519389e+02    9.707985e+01    9.707985e+01    3.920890e-03  
  1   2   7   2.281282e+02    2.281282e+02    1.481956e+02    1.481956e+02    1.175034e-03  
  1   2   8   1.678634e+02    1.678634e+02    8.643693e+01    8.643693e+01    2.973884e-03  
  1   2   9   1.577604e+02    1.577604e+02    7.312556e+01    7.312556e+01    1.495620e-03  
  1   2  10   2.339290e+02    2.339290e+02    1.176321e+02    1.176321e+02    4.337366e-03  
  1   2  11   1.838938e+02    1.838938e+02    7.708597e+01    7.708597e+01    -3.379838e-05  
  1   2  12   2.431457e+02    2.431457e+02    1.105686e+02    1.105686e+02    1.962789e-03  
  1   2  13   2.357332e+02    2.357332e+02    9.467247e+01    9.467247e+01    -3.033828e-03  
  1   2  14   1.874511e+02    1.874511e+02    6.387613e+01    6.387613e+01    1.432929e-03  
  1   2  15   1.914660e+02    1.914660e+02    6.289566e+01    6.289566e+01    -1.535360e-03  
  1   2  16   1.897476e+02    1.897476e+02    5.761360e+01    5.761360e+01    1.358888e-03  
  1   2  17   2.013074e+02    2.013074e+02    6.035929e+01    6.035929e+01    -1.108916e-03  
  1   2  18   1.604041e+02    1.604041e+02    3.964625e+01    3.964625e+01    1.571426e-03  
  1   2  19   2.147552e+02    2.147552e+02    5.914403e+01    5.914403e+01    -1.285278e-03  
  1   2  20   2.212366e+02    2.212366e+02    5.966779e+01    5.966779e+01    1.951057e-03  
  1   2  21   2.203350e+02    2.203350e+02    5.534589e+01    5.534589e+01    -1.261541e-03  
  1   2  22   1.678497e+02    1.678497e+02    3.602071e+01    3.602071e+01    3.068758e-03  
  1   2  23   3.119033e+02    3.119033e+02    8.835167e+01    8.835167e+01    -7.459862e-06  
  1   2  24   2.202206e+02    2.202206e+02    4.931445e+01    4.931445e+01    1.048670e-03  
  1   2  25   2.268643e+02    2.268643e+02    5.009231e+01    5.009231e+01    1.263812e-03  
  1   2  26   1.870882e+02    1.870882e+02    3.647836e+01    3.647836e+01    6.657470e-03  
  1   2  27   1.892813e+02    1.892813e+02    3.514356e+01    3.514356e+01    -1.051221e-03  
  1   2  28   1.516782e+02    1.516782e+02    2.456329e+01    2.456329e+01    -4.154636e-05  
  1   2  29   3.264959e+02    3.264959e+02    7.434942e+01    7.434942e+01    1.368232e-03  
  1   2  30   2.874418e+02    2.874418e+02    5.995157e+01    5.995157e+01    9.272802e-04  
  1   2  31   2.830260e+02    2.830260e+02    5.720610e+01    5.720610e+01    2.477087e-03  
  1   2  32   2.812500e+02    2.812500e+02    5.410802e+01    5.410802e+01    1.743665e-03  
  1   2  33   2.147726e+02    2.147726e+02    3.532261e+01    3.532261e+01    3.992509e-03  
  1   2  34   2.450399e+02    2.450399e+02    4.213331e+01    4.213331e+01    -9.765847e-03  
  1   2  35   2.381578e+02    2.381578e+02    3.896227e+01    3.896227e+01    6.890216e-03  
  1   2  36   1.378716e+02    1.378716e+02    1.681457e+01    1.681457e+01    8.557632e-04  
  1   2  37   2.203843e+02    2.203843e+02    3.331548e+01    3.331548e+01    4.586134e-03  
  1   2  38   2.223066e+02    2.223066e+02    3.244102e+01    3.244102e+01    1.477329e-03  
  1   2  39   2.857871e+02    2.857871e+02    4.640199e+01    4.640199e+01    -1.597000e-03  
  1   2  40   4.185119e+02    4.185119e+02    8.065594e+01    8.065594e+01    -3.183175e-04  
  1   2  41   2.810746e+02    2.810746e+02    4.309809e+01    4.309809e+01    -2.623551e-03  
  1   2  42   1.283460e+02    1.283460e+02    1.048063e+01    1.048063e+01    7.794967e-04  
  1   2  43   2.981587e+02    2.981587e+02    4.467479e+01    4.467479e+01    1.591602e-03  
  1   2  44   4.412910e+02    4.412910e+02    7.900124e+01    7.900124e+01    -1.117475e-03  
  1   2  45   2.672152e+02    2.672152e+02    3.665753e+01    3.665753e+01    2.447621e-03  
  1   2  46   3.461339e+02    3.461339e+02    5.232462e+01    5.232462e+01    3.652695e-03  
  1   2  47   3.076579e+02    3.076579e+02    4.340853e+01    4.340853e+01    3.329669e-03  
  1   2  48   2.869161e+02    2.869161e+02    3.847825e+01    3.847825e+01    6.242017e-03  
  1   2  49   3.120355e+02    3.120355e+02    4.232619e+01    4.232619e+01    3.954295e-03  
  1   2  50   3.222873e+02    3.222873e+02    4.376718e+01    4.376718e+01    2.521391e-03  
  1   2  51   3.386384e+02    3.386384e+02    4.645080e+01    4.645080e+01    5.021074e-03  
  1   2  52   4.111099e+02    4.111099e+02    6.035355e+01    6.035355e+01    -6.484732e-05  
  1   2  53   3.861119e+02    3.861119e+02    5.416889e+01    5.416889e+01    1.238682e-03  
  1   2  54   3.563608e+02    3.563608e+02    4.726320e+01    4.726320e+01    -2.345608e-04  
  1   2  55   4.524872e+02    4.524872e+02    6.624586e+01    6.624586e+01    4.311773e-03  
  1   2  56   3.964242e+02    3.964242e+02    5.360682e+01    5.360682e+01    3.644207e-03  
  1   2  57   3.327266e+02    3.327266e+02    4.016896e+01    4.016896e+01    1.263034e-02  
  1   2  58   4.458656e+02    4.458656e+02    6.146066e+01    6.146066e+01    -7.563072e-04  
  1   2  59   4.885572e+02    4.885572e+02    1.080751e+02    1.080751e+02    2.969831e-03  
  1   2  60   4.609873e+02    4.609873e+02    6.248729e+01    6.248729e+01    6.394840e-03  
  1   2  61   3.488922e+02    3.488922e+02    4.139445e+01    4.139445e+01    1.024178e-02  
  1   2  62   4.144387e+02    4.144387e+02    5.197847e+01    5.197847e+01    -9.189035e-04  
  1   3   1   1.876421e+02    1.876421e+02    1.733687e+01    1.733687e+01    1.350720e-03  
  1   3   2   1.975798e+02    1.975798e+02    1.791687e+01    1.791687e+01    -2.245831e-03  
  1   3   3   1.684982e+02    1.684982e+02    1.374801e+01    1.374801e+01    -5.139177e-03  
  1   3   4   2.771667e+02    2.771667e+02    2.793510e+01    2.793510e+01    -1.155715e-03  
  1   3   5   2.490747e+02    2.490747e+02    2.308703e+01    2.308703e+01    2.945576e-03  
  2   1   1   9.449448e+01    9.449448e+01    6.924130e+01    6.924130e+01    6.408331e-04  
  2   1   2   1.730341e+02    1.730341e+02    1.234753e+02    1.234753e+02    3.556689e-04  
  2   1   3   1.500269e+02    1.500269e+02    7.005645e+01    7.005645e+01    7.202403e-04  
  2   1   4   1.422780e+02    1.422780e+02    5.410381e+01    5.410381e+01    2.394393e-03  
  2   1   5   1.417249e+02    1.417249e+02    4.305746e+01    4.305746e+01    -2.524946e-03  
  2   1   6   1.665890e+02    1.665890e+02    5.074281e+01    5.074281e+01    2.061210e-03  
  2   1   7   1.452978e+02    1.452978e+02    3.560147e+01    3.560147e+01    6.629044e-03  
  2   1   8   2.139058e+02    2.139058e+02    5.754148e+01    5.754148e+01    7.868109e-04  
  2   1   9   1.657669e+02    1.657669e+02    3.430925e+01    3.430925e+01    8.044131e-04  
  2   1  10   1.774395e+02    1.774395e+02    3.509163e+01    3.509163e+01    1.908340e-03  
  2   1  11   2.172163e+02    2.172163e+02    4.314543e+01    4.314543e+01    -2.735530e-03  
  2   1  12   2.198882e+02    2.198882e+02    4.057001e+01    4.057001e+01    -2.379515e-02  
  2   1  13   1.338260e+02    1.338260e+02    1.795970e+01    1.795970e+01    -7.122009e-04  
  2   1  14   2.039199e+02    2.039199e+02    3.096697e+01    3.096697e+01    9.116817e-03  
  2   1  15   1.824857e+02    1.824857e+02    2.485248e+01    2.485248e+01    4.694624e-04  
  2   1  16   1.763925e+02    1.763925e+02    2.188833e+01    2.188833e+01    -1.463830e-03  
  2   1  17   2.829606e+02    2.829606e+02    4.241669e+01    4.241669e+01    -4.240489e-03  
  2   1  18   2.115718e+02    2.115718e+02    2.607527e+01    2.607527e+01    6.222913e-04  
  2   1  19   2.073957e+02    2.073957e+02    2.385453e+01    2.385453e+01    -2.357303e-04  
  2   1  20   1.955180e+02    1.955180e+02    2.086213e+01    2.086213e+01    6.780490e-03  
  2   1  21   2.557693e+02    2.557693e+02    2.960421e+01    2.960421e+01    6.708965e-03  
  2   1  22   1.468687e+02    1.468687e+02    1.235623e+01    1.235623e+01    -1.319933e-03  
  2   1  23   1.355091e+02    1.355091e+02    1.043182e+01    1.043182e+01    2.768254e-03  
  2   2   1   1.475392e+02    1.475392e+02    2.735669e+02    2.735669e+02    1.197787e-03  
  2   2   2   8.744793e+01    8.744793e+01    7.942630e+01    7.942630e+01    -5.626463e-04  
  2   2   3   1.171126e+02    1.171126e+02    1.038374e+02    1.038374e+02    8.067358e-04  
  2   2   4   1.327222e+02    1.327222e+02    9.907909e+01    9.907909e+01    -4.006065e-04  
  2   2   5   1.524766e+02    1.524766e+02    1.084351e+02    1.084351e+02    1.049379e-03  
  2   2   6   1.426353e+02    1.426353e+02    8.834551e+01    8.834551e+01    1.681854e-04  
  2   2   7   1.921621e+02    1.921621e+02    1.146233e+02    1.146233e+02    2.761961e-04  
  2   2   8   9.333934e+01    9.333934e+01    3.585485e+01    3.585485e+01    -6.793050e-04  
  2   2   9   1.662348e+02    1.662348e+02    7.908491e+01    7.908491e+01    3.253990e-03  
  2   2  10   1.507556e+02    1.507556e+02    6.090625e+01    6.090625e+01    7.068039e-05  
  2   2  11   1.710833e+02    1.710833e+02    6.921444e+01    6.921444e+01    -8.565450e-04  
  2   2  12   2.177362e+02    2.177362e+02    9.371216e+01    9.371216e+01    8.365460e-03  
  2   2  13   1.304601e+02    1.304601e+02    3.899959e+01    3.899959e+01    1.379601e-04  
  2   2  14   2.474270e+02    2.474270e+02    9.687544e+01    9.687544e+01    4.556639e-03  
  2   2  15   1.845224e+02    1.845224e+02    5.953767e+01    5.953767e+01    3.587614e-03  
  2   2  16   2.452024e+02    2.452024e+02    8.460746e+01    8.460746e+01    1.520722e-04  
  2   2  17   2.213413e+02    2.213413e+02    6.959262e+01    6.959262e+01    2.213033e-03  
  2   2  18   2.096144e+02    2.096144e+02    5.920297e+01    5.920297e+01    -1.736147e-03  
  2   2  19   1.762477e+02    1.762477e+02    4.398785e+01    4.398785e+01    -1.337702e-03  
  2   2  20   1.563724e+02    1.563724e+02    3.546390e+01    3.546390e+01    -4.996561e-04  
  2   2  21   2.870555e+02    2.870555e+02    8.227876e+01    8.227876e+01    1.129302e-03  
  2   2  22   1.799501e+02    1.799501e+02    4.000361e+01    4.000361e+01    -6.037008e-03  
  2   2  23   2.205548e+02    2.205548e+02    5.256221e+01    5.256221e+01    2.550410e-03  
  2   2  24   1.524278e+02    1.524278e+02    2.840067e+01    2.840067e+01    -3.561562e-04  
  2   2  25   1.800717e+02    1.800717e+02    3.542661e+01    3.542661e+01    -1.381599e-05  
  2   2  26   2.570358e+02    2.570358e+02    5.873057e+01    5.873057e+01    7.620232e-04  
  2   2  27   2.285035e+02    2.285035e+02    4.661977e+01    4.661977e+01    6.611538e-03  
  2   2  28   3.120124e+02    3.120124e+02    7.244210e+01    7.244210e+01    5.119146e-05  
  2   2  29   2.393920e+02    2.393920e+02    4.669253e+01    4.669253e+01    -3.230364e-03  
  2   2  30   2.349069e+02    2.349069e+02    4.430573e+01    4.430573e+01    2.551999e-03  
  2   2  31   1.324029e+02    1.324029e+02    1.831058e+01    1.831058e+01    1.850843e-03  
  2   2  32   2.543513e+02    2.543513e+02    4.653868e+01    4.653868e+01    -2.359640e-04  
  2   2  33   3.956328e+02    3.956328e+02    8.828170e+01    8.828170e+01    5.343980e-03  
  2   2  34   2.622235e+02    2.622235e+02    4.663078e+01    4.663078e+01    5.490108e-03  
  2   2  35   2.747455e+02    2.747455e+02    4.827414e+01    4.827414e+01    2.837986e-03  
  2   2  36   3.578770e+02    3.578770e+02    7.030095e+01    7.030095e+01    -2.953346e-02  
  2   2  37   2.776138e+02    2.776138e+02    4.710437e+01    4.710437e+01    -3.570554e-04  
  2   2  38   2.467718e+02    2.467718e+02    3.794294e+01    3.794294e+01    5.934630e-03  
  2   2  39   2.825506e+02    2.825506e+02    4.561401e+01    4.561401e+01    5.670378e-03  
  2   2  40   3.578567e+02    3.578567e+02    6.384106e+01    6.384106e+01    2.712998e-03  
  2   2  41   2.688239e+02    2.688239e+02    4.030998e+01    4.030998e+01    9.331095e-04  
  2   2  42   3.187925e+02    3.187925e+02    5.114171e+01    5.114171e+01    3.681199e-05  
  2   2  43   3.614594e+02    3.614594e+02    5.962431e+01    5.962431e+01    -9.768933e-04  
  2   2  44   2.948176e+02    2.948176e+02    4.319937e+01    4.319937e+01    -1.397829e-03  
  2   2  45   3.021595e+02    3.021595e+02    4.408531e+01    4.408531e+01    5.892167e-03  
  2   2  46   2.796588e+02    2.796588e+02    3.800525e+01    3.800525e+01    1.262348e-02  
  2   2  47   3.887868e+02    3.887868e+02    6.163815e+01    6.163815e+01    -3.263006e-03  
  2   2  48   3.133519e+02    3.133519e+02    4.391492e+01    4.391492e+01    -9.807471e-05  
  2   2  49   3.942312e+02    3.942312e+02    6.008218e+01    6.008218e+01    -3.307046e-03  
  2   2  50   3.595054e+02    3.595054e+02    5.154529e+01    5.154529e+01    -4.536943e-03  
  2   2  51   4.072306e+02    4.072306e+02    6.124604e+01    6.124604e+01    -3.013981e-03  
  2   2  52   4.161171e+02    4.161171e+02    6.144704e+01    6.144704e+01    3.279531e-03  
  2   2  53   4.481643e+02    4.481643e+02    6.770901e+01    6.770901e+01    3.067476e-03  
  2   2  54   1.973061e+02    1.973061e+02    1.947532e+01    1.947532e+01    1.600307e-03  
  2   2  55   3.124570e+02    3.124570e+02    3.802114e+01    3.802114e+01    5.142271e-05  
  2   2  56   3.476565e+02    3.476565e+02    4.404739e+01    4.404739e+01    -4.406857e-03  
  2   2  57   5.000000e+02    5.000000e+02    2.475650e+02    2.475650e+02    6.762612e-05  
  2   2  58   4.778545e+02    4.778545e+02    6.811035e+01    6.811035e+01    6.019359e-03  
  2   2  59   3.429217e+02    3.429217e+02    4.096024e+01    4.096024e+01    4.773302e-03  
  2   2  60   2.742399e+02    2.742399e+02    2.869069e+01    2.869069e+01    -3.317952e-03  
  2   2  61   2.355145e+02    2.355145e+02    2.255019e+01    2.255019e+01    -3.493116e-03  
  2   2  62   5.000000e+02    5.000000e+02    4.221590e+01    4.221590e+01    -6.491864e-03  
  2   3   1   2.473033e+02    2.473033e+02    2.622970e+01    2.622970e+01    1.492768e-03  
  2   3   2   2.200850e+02    2.200850e+02    2.106086e+01    2.106086e+01    -1.393021e-03  
  2   3   3   1.439123e+02    1.439123e+02    1.085163e+01    1.085163e+01    5.570989e-04  
  2   3   4   2.331904e+02    2.331904e+02    2.155784e+01    2.155784e+01    2.843504e-03  
  2   3   5   1.698359e+02    1.698359e+02    1.300000e+01    1.300000e+01    1.968098e-03  
  3   1   1   1.144066e+02    1.144066e+02    9.223723e+01    9.223723e+01    1.383316e-03  
  3   1   2   1.288538e+02    1.288538e+02    7.943432e+01    7.943432e+01    2.911161e-03  
  3   1   3   8.018218e+01    8.018218e+01    2.738339e+01    2.738339e+01    -5.036045e-04  
  3   1   4   1.876742e+02    1.876742e+02    8.195393e+01    8.195393e+01    3.339323e-03  
  3   1   5   1.331407e+02    1.331407e+02    3.920268e+01    3.920268e+01    3.260435e-03  
  3   1   6   7.979660e+01    7.979660e+01    1.682661e+01    1.682661e+01    3.455066e-03  
  3   1   7   1.436108e+02    1.436108e+02    3.498798e+01    3.498798e+01    3.122661e-04  
  3   1   8   1.739178e+02    1.739178e+02    4.219000e+01    4.219000e+01    -2.220439e-03  
  3   1   9   1.609121e+02    1.609121e+02    3.281004e+01    3.281004e+01    -5.879158e-04  
  3   1  10   1.485378e+02    1.485378e+02    2.688174e+01    2.688174e+01    7.350309e-03  
  3   1  11   1.651897e+02    1.651897e+02    2.861686e+01    2.861686e+01    1.180433e-03  
  3   1  12   1.509364e+02    1.509364e+02    2.307513e+01    2.307513e+01    3.206700e-03  
  3   1  13   1.244216e+02    1.244216e+02    1.610174e+01    1.610174e+01    -3.486343e-03  
  3   1  14   2.303803e+02    2.303803e+02    3.719261e+01    3.719261e+01    -4.078246e-03  
  3   1  15   1.651666e+02    1.651666e+02    2.140081e+01    2.140081e+01    -1.377850e-03  
  3   1  16   1.815712e+02    1.815712e+02    2.285864e+01    2.285864e+01    3.657229e-03  
  3   1  17   1.778237e+02    1.778237e+02    2.113787e+01    2.113787e+01    1.064566e-02  
  3   1  18   3.030815e+02    3.030815e+02    4.471769e+01    4.471769e+01    -4.627721e-03  
  3   1  19   2.878177e+02    2.878177e+02    3.929010e+01    3.929010e+01    -1.255210e-02  
  3   1  20   2.175251e+02    2.175251e+02    2.448270e+01    2.448270e+01    3.331138e-03  
  3   1  21   1.901339e+02    1.901339e+02    1.897300e+01    1.897300e+01    1.991884e-03  
  3   1  22   1.524478e+02    1.524478e+02    1.306700e+01    1.306700e+01    2.762262e-03  
  3   1  23   1.444434e+02    1.444434e+02    1.147962e+01    1.147962e+01    -6.885944e-03  
  3   2   1   1.304724e+02    1.304724e+02    2.285164e+02    2.285164e+02    5.890054e-04  
  3   2   2   1.585381e+02    1.585381e+02    1.932381e+02    1.932381e+02    9.083838e-04  
  3   2   3   1.773203e+02    1.773203e+02    1.928219e+02    1.928219e+02    -7.611209e-04  
  3   2   4   1.516769e+02    1.516769e+02    1.209777e+02    1.209777e+02    -1.151259e-03  
  3   2   5   8.086229e+01    8.086229e+01    4.193343e+01    4.193343e+01    1.157614e-03  
  3   2   6   1.785264e+02    1.785264e+02    1.236071e+02    1.236071e+02    2.269088e-03  
  3   2   7   2.005517e+02    2.005517e+02    1.221432e+02    1.221432e+02    -1.554501e-03  
  3   2   8   1.665161e+02    1.665161e+02    8.540978e+01    8.540978e+01    3.575174e-03  
  3   2   9   1.355847e+02    1.355847e+02    5.826865e+01    5.826865e+01    2.484875e-03  
  3   2  10   1.788667e+02    1.788667e+02    7.867270e+01    7.867270e+01    -5.454258e-05  
  3   2  11   1.918988e+02    1.918988e+02    8.220955e+01    8.220955e+01    -4.502525e-04  
  3   2  12   1.432859e+02    1.432859e+02    5.006139e+01    5.006139e+01    -4.986545e-04  
  3   2  13   1.638882e+02    1.638882e+02    5.490547e+01    5.490547e+01    4.753354e-04  
  3   2  14   1.983514e+02    1.983514e+02    6.955624e+01    6.955624e+01    -7.099879e-04  
  3   2  15   2.064587e+02    2.064587e+02    7.045473e+01    7.045473e+01    -1.887185e-03  
  3   2  16   1.510081e+02    1.510081e+02    4.089380e+01    4.089380e+01    3.232845e-03  
  3   2  17   2.133905e+02    2.133905e+02    6.588198e+01    6.588198e+01    -2.552057e-03  
  3   2  18   2.234640e+02    2.234640e+02    6.516888e+01    6.516888e+01    1.036609e-03  
  3   2  19   1.931755e+02    1.931755e+02    5.047005e+01    5.047005e+01    2.605220e-03  
  3   2  20   2.630339e+02    2.630339e+02    7.734603e+01    7.734603e+01    -2.221759e-04  
  3   2  21   2.790711e+02    2.790711e+02    7.888307e+01    7.888307e+01    1.367636e-03  
  3   2  22   2.421780e+02    2.421780e+02    6.241185e+01    6.241185e+01    -1.293501e-03  
  3   2  23   1.824886e+02    1.824886e+02    3.955997e+01    3.955997e+01    -1.366143e-03  
  3   2  24   2.242188e+02    2.242188e+02    5.066718e+01    5.066718e+01    -1.436375e-03  
  3   2  25   2.412362e+02    2.412362e+02    5.490720e+01    5.490720e+01    1.745673e-03  
  3   2  26   1.681798e+02    1.681798e+02    3.108995e+01    3.108995e+01    -9.650228e-04  
  3   2  27   2.316923e+02    2.316923e+02    4.758997e+01    4.758997e+01    -9.082280e-05  
  3   2  28   2.655744e+02    2.655744e+02    5.690203e+01    5.690203e+01    3.466049e-03  
  3   2  29   2.699787e+02    2.699787e+02    5.590757e+01    5.590757e+01    6.825800e-03  
  3   2  30   3.633510e+02    3.633510e+02    8.517716e+01    8.517716e+01    2.046184e-03  
  3   2  31   2.696843e+02    2.696843e+02    5.321561e+01    5.321561e+01    3.312330e-03  
  3   2  32   2.908122e+02    2.908122e+02    5.688347e+01    5.688347e+01    2.522446e-03  
  3   2  33   3.503424e+02    3.503424e+02    7.356903e+01    7.356903e+01    1.244339e-03  
  3   2  34   3.246016e+02    3.246016e+02    6.421511e+01    6.421511e+01    2.721963e-03  
  3   2  35   2.344500e+02    2.344500e+02    3.807035e+01    3.807035e+01    -2.362155e-03  
  3   2  36   2.766238e+02    2.766238e+02    4.778270e+01    4.778270e+01    -2.113959e-03  
  3   2  37   3.075954e+02    3.075954e+02    5.491381e+01    5.491381e+01    -9.358830e-05  
  3   2  38   2.275270e+02    2.275270e+02    3.359012e+01    3.359012e+01    -7.310173e-04  
  3   2  39   3.466157e+02    3.466157e+02    6.198764e+01    6.198764e+01    1.809165e-03  
  3   2  40   2.991600e+02    2.991600e+02    4.878631e+01    4.878631e+01    -2.498008e-03  
  3   2  41   3.645633e+02    3.645633e+02    6.364518e+01    6.364518e+01    8.559979e-04  
  3   2  42   2.331453e+02    2.331453e+02    3.198905e+01    3.198905e+01    2.126029e-03  
  3   2  43   4.534694e+02    4.534694e+02    8.368831e+01    8.368831e+01    3.990937e-04  
  3   2  44   3.926381e+02    3.926381e+02    6.637409e+01    6.637409e+01    -1.484947e-03  
  3   2  45   3.378134e+02    3.378134e+02    5.211334e+01    5.211334e+01    9.472899e-04  
  3   2  46   3.865604e+02    3.865604e+02    6.173740e+01    6.173740e+01    6.572429e-04  
  3   2  47   3.974069e+02    3.974069e+02    6.369249e+01    6.369249e+01    3.248122e-03  
  3   2  48   3.863475e+02    3.863475e+02    6.011508e+01    6.011508e+01    3.638184e-03  
  3   2  49   2.694997e+02    2.694997e+02    3.397171e+01    3.397171e+01    -4.220171e-03  
  3   2  50   4.567601e+02    4.567601e+02    7.375375e+01    7.375375e+01    2.484669e-04  
  3   2  51   4.978106e+02    4.978106e+02    7.752342e+02    7.752342e+02    2.662223e-03  
  3   2  52   3.926649e+02    3.926649e+02    5.635433e+01    5.635433e+01    1.850550e-05  
  3   2  53   4.401521e+02    4.401521e+02    6.589515e+01    6.589515e+01    1.710174e-03  
  3   2  54   2.988048e+02    2.988048e+02    3.629321e+01    3.629321e+01    -1.799183e-03  
  3   2  55   3.665458e+02    3.665458e+02    4.832071e+01    4.832071e+01    4.262183e-03  
  3   2  56   3.858278e+02    3.858278e+02    5.147538e+01    5.147538e+01    -3.891954e-04  
  3   2  57   3.025509e+02    3.025509e+02    3.481974e+01    3.481974e+01    -4.103255e-03  
  3   2  58   4.522997e+02    4.522997e+02    6.272172e+01    6.272172e+01    5.290723e-03  
  3   2  59   3.046692e+02    3.046692e+02    3.430249e+01    3.430249e+01    3.059497e-03  
  3   2  60   4.282262e+02    4.282262e+02    5.595785e+01    5.595785e+01    1.482133e-04  
  3   2  61   3.849228e+02    3.849228e+02    4.711067e+01    4.711067e+01    -1.694493e-04  
  3   2  62   4.923917e+02    4.923917e+02    1.505365e+02    1.505365e+02    -2.579234e-04  
  3   3   1   2.721648e+02    2.721648e+02    3.027870e+01    3.027870e+01    -7.547323e-05  
  3   3   2   1.362678e+02    1.362678e+02    1.026159e+01    1.026159e+01    4.983128e-03  
  3   3   3   2.067228e+02    2.067228e+02    1.868239e+01    1.868239e+01    -2.968365e-03  
  3   3   4   1.809322e+02    1.809322e+02    1.473630e+01    1.473630e+01    6.712054e-03  
  3   3   5   3.867019e+02    3.867019e+02    4.655352e+01    4.655352e+01    -3.064393e-02  
  4   1   1   1.253508e+02    1.253508e+02    1.057386e+02    1.057386e+02    1.994798e-03  
  4   1   2   1.213305e+02    1.213305e+02    7.259573e+01    7.259573e+01    1.805391e-03  
  4   1   3   1.611458e+02    1.611458e+02    7.796764e+01    7.796764e+01    -1.419058e-03  
  4   1   4   1.360270e+02    1.360270e+02    5.059382e+01    5.059382e+01    2.084982e-03  
  4   1   5   1.646247e+02    1.646247e+02    5.389081e+01    5.389081e+01    2.726157e-03  
  4   1   6   1.614738e+02    1.614738e+02    4.842582e+01    4.842582e+01    3.634104e-03  
  4   1   7   2.037137e+02    2.037137e+02    5.909930e+01    5.909930e+01    1.569968e-03  
  4   1   8   2.044987e+02    2.044987e+02    5.378513e+01    5.378513e+01    -2.796634e-04  
  4   1   9   1.891981e+02    1.891981e+02    4.185586e+01    4.185586e+01    4.173610e-03  
  4   1  10   1.754039e+02    1.754039e+02    3.448839e+01    3.448839e+01    3.184072e-03  
  4   1  11   2.253747e+02    2.253747e+02    4.559551e+01    4.559551e+01    -3.797435e-03  
  4   1  12   1.951785e+02    1.951785e+02    3.392457e+01    3.392457e+01    -4.180344e-03  
  4   1  13   1.891997e+02    1.891997e+02    3.020745e+01    3.020745e+01    -2.689782e-03  
  4   1  14   1.784123e+02    1.784123e+02    2.534657e+01    2.534657e+01    2.682625e-03  
  4   1  15   1.933781e+02    1.933781e+02    2.710708e+01    2.710708e+01    6.140281e-03  
  4   1  16   2.316857e+02    2.316857e+02    3.294118e+01    3.294118e+01    -1.948401e-02  
  4   1  17   1.885249e+02    1.885249e+02    2.307704e+01    2.307704e+01    -1.010843e-02  
  4   1  18   2.579607e+02    2.579607e+02    3.509708e+01    3.509708e+01    -4.351867e-03  
  4   1  19   1.804857e+02    1.804857e+02    1.936527e+01    1.936527e+01    7.138658e-03  
  4   1  20   1.520890e+02    1.520890e+02    1.431327e+01    1.431327e+01    -6.625955e-03  
  4   1  21   2.221599e+02    2.221599e+02    2.395729e+01    2.395729e+01    1.324875e-02  
  4   1  22   2.311725e+02    2.311725e+02    2.440218e+01    2.440218e+01    3.830924e-04  
  4   1  23   2.358149e+02    2.358149e+02    2.394676e+01    2.394676e+01    1.271229e-03  
  4   2   1   1.175597e+02    1.175597e+02    1.958559e+02    1.958559e+02    1.402350e-03  
  4   2   2   1.514629e+02    1.514629e+02    1.805469e+02    1.805469e+02    -8.782666e-04  
  4   2   3   1.748273e+02    1.748273e+02    1.887599e+02    1.887599e+02    1.593581e-03  
  4   2   4   1.840852e+02    1.840852e+02    1.615525e+02    1.615525e+02    -8.210712e-04  
  4   2   5   1.565952e+02    1.565952e+02    1.128836e+02    1.128836e+02    -1.838077e-03  
  4   2   6   1.018465e+02    1.018465e+02    5.333170e+01    5.333170e+01    -5.880962e-04  
  4   2   7   1.672874e+02    1.672874e+02    9.310747e+01    9.310747e+01    -1.284124e-03  
  4   2   8   1.801444e+02    1.801444e+02    9.607559e+01    9.607559e+01    -7.933329e-04  
  4   2   9   1.977312e+02    1.977312e+02    1.025102e+02    1.025102e+02    3.398660e-03  
  4   2  10   1.882358e+02    1.882358e+02    8.495248e+01    8.495248e+01    2.705060e-04  
  4   2  11   1.248557e+02    1.248557e+02    4.316337e+01    4.316337e+01    1.277438e-03  
  4   2  12   1.721216e+02    1.721216e+02    6.589478e+01    6.589478e+01    3.060771e-03  
  4   2  13   1.904235e+02    1.904235e+02    6.874931e+01    6.874931e+01    1.254648e-03  
  4   2  14   1.792045e+02    1.792045e+02    5.974855e+01    5.974855e+01    1.921798e-03  
  4   2  15   1.015848e+02    1.015848e+02    2.432493e+01    2.432493e+01    -1.550545e-03  
  4   2  16   3.023162e+02    3.023162e+02    1.157898e+02    1.157898e+02    -5.194137e-03  
  4   2  17   2.331371e+02    2.331371e+02    7.521607e+01    7.521607e+01    1.498412e-03  
  4   2  18   1.585107e+02    1.585107e+02    3.893008e+01    3.893008e+01    -3.354408e-04  
  4   2  19   2.537900e+02    2.537900e+02    7.597417e+01    7.597417e+01    3.079009e-03  
  4   2  20   2.059576e+02    2.059576e+02    5.359608e+01    5.359608e+01    2.902950e-03  
  4   2  21   3.007732e+02    3.007732e+02    8.823997e+01    8.823997e+01    9.232298e-04  
  4   2  22   1.603241e+02    1.603241e+02    3.362593e+01    3.362593e+01    -9.257566e-04  
  4   2  23   2.512181e+02    2.512181e+02    6.392269e+01    6.392269e+01    1.887750e-03  
  4   2  24   1.813300e+02    1.813300e+02    3.684174e+01    3.684174e+01    3.401370e-03  
  4   2  25   3.592666e+02    3.592666e+02    9.983560e+01    9.983560e+01    -9.648767e-04  
  4   2  26   2.935733e+02    2.935733e+02    7.168061e+01    7.168061e+01    -1.759325e-03  
  4   2  27   3.227898e+02    3.227898e+02    7.823473e+01    7.823473e+01    -4.693321e-04  
  4   2  28   2.861801e+02    2.861801e+02    6.361829e+01    6.361829e+01    -2.198222e-03  
  4   2  29   3.249724e+02    3.249724e+02    7.383272e+01    7.383272e+01    2.973035e-04  
  4   2  30   1.808286e+02    1.808286e+02    2.992237e+01    2.992237e+01    -4.889336e-03  
  4   2  31   3.484133e+02    3.484133e+02    7.812461e+01    7.812461e+01    -1.401148e-03  
  4   2  32   2.333122e+02    2.333122e+02    4.088730e+01    4.088730e+01    -1.016853e-03  
  4   2  33   1.419949e+02    1.419949e+02    1.899099e+01    1.899099e+01    1.027040e-03  
  4   2  34   3.030534e+02    3.030534e+02    5.792646e+01    5.792646e+01    -4.166507e-04  
  4   2  35   2.997976e+02    2.997976e+02    5.501714e+01    5.501714e+01    4.739891e-04  
  4   2  36   2.668289e+02    2.668289e+02    4.526733e+01    4.526733e+01    -1.555624e-04  
  4   2  37   3.392402e+02    3.392402e+02    6.362314e+01    6.362314e+01    -3.126138e-03  
  4   2  38   4.020701e+02    4.020701e+02    7.885207e+01    7.885207e+01    2.180394e-03  
  4   2  39   3.466326e+02    3.466326e+02    6.203714e+01    6.203714e+01    8.259676e-03  
  4   2  40   3.697919e+02    3.697919e+02    6.702446e+01    6.702446e+01    -1.120409e-03  
  4   2  41   2.259133e+02    2.259133e+02    3.106775e+01    3.106775e+01    -2.860943e-02  
  4   2  42   3.331178e+02    3.331178e+02    5.462379e+01    5.462379e+01    1.139015e-04  
  4   2  43   2.546154e+02    2.546154e+02    3.525826e+01    3.525826e+01    3.935227e-03  
  4   2  44   1.778864e+02    1.778864e+02    2.024777e+01    2.024777e+01    -1.175368e-03  
  4   2  45   3.057884e+02    3.057884e+02    4.489769e+01    4.489769e+01    2.382330e-03  
  4   2  46   3.564860e+02    3.564860e+02    5.468552e+01    5.468552e+01    -7.967121e-03  
  4   2  47   2.219715e+02    2.219715e+02    2.659468e+01    2.659468e+01    -8.518551e-04  
  4   2  48   4.095921e+02    4.095921e+02    6.560563e+01    6.560563e+01    1.888050e-03  
  4   2  49   2.410507e+02    2.410507e+02    2.873256e+01    2.873256e+01    -1.900432e-04  
  4   2  50   3.495600e+02    3.495600e+02    4.943632e+01    4.943632e+01    3.793783e-03  
  4   2  51   4.335402e+02    4.335402e+02    6.725688e+01    6.725688e+01    4.104229e-05  
  4   2  52   5.000000e+02    5.000000e+02    6.126293e+01    6.126293e+01    -1.178831e-02  
  4   2  53   3.986405e+02    3.986405e+02    5.682324e+01    5.682324e+01    2.418538e-03  
  4   2  54   3.345651e+02    3.345651e+02    4.300385e+01    4.300385e+01    2.947545e-03  
  4   2  55   2.688367e+02    2.688367e+02    3.034900e+01    3.034900e+01    -6.581368e-03  
  4   2  56   4.999999e+02    4.999999e+02    2.211581e+01    2.211581e+01    -1.091178e-02  
  4   2  57   3.434960e+02    3.434960e+02    4.211865e+01    4.211865e+01    1.586959e-03  
  4   2  58   4.115291e+02    4.115291e+02    5.451494e+01    5.451494e+01    -2.515426e-03  
  4   2  59   4.902084e+02    4.902084e+02    1.273677e+02    1.273677e+02    2.577586e-04  
  4   2  60   4.617714e+02    4.617714e+02    6.260469e+01    6.260469e+01    -1.315618e-03  
  4   2  61   4.726478e+02    4.726478e+02    6.655039e+01    6.655039e+01    -5.980615e-03  
  4   2  62   4.211066e+02    4.211066e+02    5.424841e+01    5.424841e+01    -1.077122e-02  
  4   3   1   1.843319e+02    1.843319e+02    1.687841e+01    1.687841e+01    -1.950472e-04  
  4   3   2   2.120713e+02    2.120713e+02    1.992221e+01    1.992221e+01    1.795076e-03  
  4   3   3   2.068270e+02    2.068270e+02    1.869622e+01    1.869622e+01    -2.587755e-03  
  4   3   4   1.780103e+02    1.780103e+02    1.437810e+01    1.437810e+01    -1.271480e-03  
  4   3   5   2.561470e+02    2.561470e+02    2.407750e+01    2.407750e+01    3.152977e-04  
  5   1   1   1.325772e+02    1.325772e+02    1.149847e+02    1.149847e+02    2.125942e-04  
  5   1   2   1.416569e+02    1.416569e+02    9.148824e+01    9.148824e+01    1.788231e-03  
  5   1   3   1.528041e+02    1.528041e+02    7.200736e+01    7.200736e+01    1.685691e-03  
  5   1   4   1.622394e+02    1.622394e+02    6.587595e+01    6.587595e+01    3.204458e-03  
  5   1   5   1.529194e+02    1.529194e+02    4.822490e+01    4.822490e+01    -3.053773e-03  
  5   1   6   2.298311e+02    2.298311e+02    8.220515e+01    8.220515e+01    3.504551e-03  
  5   1   7   1.065583e+02    1.065583e+02    2.236512e+01    2.236512e+01    -4.085565e-04  
  5   1   8   1.526598e+02    1.526598e+02    3.470177e+01    3.470177e+01    1.742416e-03  
  5   1   9   1.198723e+02    1.198723e+02    2.110005e+01    2.110005e+01    4.717201e-03  
  5   1  10   2.057626e+02    2.057626e+02    4.381601e+01    4.381601e+01    5.094447e-03  
  5   1  11   1.772731e+02    1.772731e+02    3.181006e+01    3.181006e+01    2.732604e-03  
  5   1  12   1.804814e+02    1.804814e+02    3.017033e+01    3.017033e+01    7.136078e-03  
  5   1  13   2.114517e+02    2.114517e+02    3.566458e+01    3.566458e+01    -5.961164e-04  
  5   1  14   1.457952e+02    1.457952e+02    1.872171e+01    1.872171e+01    -2.437777e-03  
  5   1  15   1.370327e+02    1.370327e+02    1.617132e+01    1.617132e+01    -7.089945e-03  
  5   1  16   2.895682e+02    2.895682e+02    4.602822e+01    4.602822e+01    3.684632e-03  
  5   1  17   1.617347e+02    1.617347e+02    1.833143e+01    1.833143e+01    4.509254e-03  
  5   1  18   2.079501e+02    2.079501e+02    2.540397e+01    2.540397e+01    3.874389e-04  
  5   1  19   2.658746e+02    2.658746e+02    3.462341e+01    3.462341e+01    1.140378e-03  
  5   1  20   1.011963e+02    1.011963e+02    7.768931e+00    7.768931e+00    -2.327824e-03  
  5   1  21   2.763300e+02    2.763300e+02    3.323124e+01    3.323124e+01    1.287605e-03  
  5   1  22   2.352146e+02    2.352146e+02    2.504141e+01    2.504141e+01    -4.433572e-03  
  5   1  23   2.598843e+02    2.598843e+02    2.770668e+01    2.770668e+01    -1.127681e-02  
  5   2   1   1.443522e+02    1.443522e+02    2.654093e+02    2.654093e+02    1.377322e-03  
  5   2   2   5.896106e+01    5.896106e+01    4.397618e+01    4.397618e+01    7.594560e-04  
  5   2   3   1.500724e+02    1.500724e+02    1.503643e+02    1.503643e+02    3.092707e-04  
  5   2   4   1.212304e+02    1.212304e+02    8.654854e+01    8.654854e+01    2.008154e-03  
  5   2   5   1.670305e+02    1.670305e+02    1.243225e+02    1.243225e+02    2.379537e-03  
  5   2   6   1.820500e+02    1.820500e+02    1.272897e+02    1.272897e+02    -7.599633e-04  
  5   2   7   1.445196e+02    1.445196e+02    7.482479e+01    7.482479e+01    1.533574e-03  
  5   2   8   1.655533e+02    1.655533e+02    8.464489e+01    8.464489e+01    2.184571e-03  
  5   2   9   2.118992e+02    2.118992e+02    1.136606e+02    1.136606e+02    1.794844e-03  
  5   2  10   2.103626e+02    2.103626e+02    1.003134e+02    1.003134e+02    -6.413695e-04  
  5   2  11   1.670135e+02    1.670135e+02    6.677199e+01    6.677199e+01    -1.827220e-03  
  5   2  12   1.261266e+02    1.261266e+02    4.134502e+01    4.134502e+01    3.236753e-03  
  5   2  13   1.901793e+02    1.901793e+02    6.862457e+01    6.862457e+01    -1.564687e-03  
  5   2  14   1.952684e+02    1.952684e+02    6.792516e+01    6.792516e+01    -3.802882e-04  
  5   2  15   1.942323e+02    1.942323e+02    6.429391e+01    6.429391e+01    1.361946e-03  
  5   2  16   1.695864e+02    1.695864e+02    4.868674e+01    4.868674e+01    -1.951650e-03  
  5   2  17   1.997555e+02    1.997555e+02    5.967707e+01    5.967707e+01    3.532163e-04  
  5   2  18   2.488885e+02    2.488885e+02    7.660043e+01    7.660043e+01    -2.939029e-03  
  5   2  19   2.173102e+02    2.173102e+02    6.021245e+01    6.021245e+01    -9.837635e-04  
  5   2  20   2.346776e+02    2.346776e+02    6.517875e+01    6.517875e+01    -2.757826e-03  
  5   2  21   2.650502e+02    2.650502e+02    7.300878e+01    7.300878e+01    -1.611560e-03  
  5   2  22   2.259042e+02    2.259042e+02    5.625470e+01    5.625470e+01    5.841095e-03  
  5   2  23   1.505022e+02    1.505022e+02    2.962735e+01    2.962735e+01    -1.198358e-03  
  5   2  24   2.421174e+02    2.421174e+02    5.686995e+01    5.686995e+01    -2.313760e-03  
  5   2  25   2.441590e+02    2.441590e+02    5.592313e+01    5.592313e+01    2.131650e-03  
  5   2  26   2.667474e+02    2.667474e+02    6.207999e+01    6.207999e+01    1.946807e-03  
  5   2  27   2.149017e+02    2.149017e+02    4.251712e+01    4.251712e+01    -7.890202e-03  
  5   2  28   2.139853e+02    2.139853e+02    4.117072e+01    4.117072e+01    5.857779e-03  
  5   2  29   2.557930e+02    2.557930e+02    5.156359e+01    5.156359e+01    -2.125216e-03  
  5   2  30   2.578279e+02    2.578279e+02    5.093895e+01    5.093895e+01    2.595817e-04  
  5   2  31   2.193990e+02    2.193990e+02    3.905394e+01    3.905394e+01    -2.093194e-03  
  5   2  32   2.967387e+02    2.967387e+02    5.863620e+01    5.863620e+01    9.590122e-04  
  5   2  33   1.809004e+02    1.809004e+02    2.730713e+01    2.730713e+01    -8.589958e-05  
  5   2  34   2.283142e+02    2.283142e+02    3.788780e+01    3.788780e+01    -3.790749e-03  
  5   2  35   3.647017e+02    3.647017e+02    7.380144e+01    7.380144e+01    1.290990e-03  
  5   2  36   3.160197e+02    3.160197e+02    5.832369e+01    5.832369e+01    -1.060927e-03  
  5   2  37   2.896120e+02    2.896120e+02    5.017601e+01    5.017601e+01    -6.803397e-03  
  5   2  38   4.003599e+02    4.003599e+02    7.830643e+01    7.830643e+01    -5.870569e-03  
  5   2  39   3.178367e+02    3.178367e+02    5.440707e+01    5.440707e+01    -2.159723e-03  
  5   2  40   2.569958e+02    2.569958e+02    3.884230e+01    3.884230e+01    -3.882596e-03  
  5   2  41   2.961049e+02    2.961049e+02    4.663023e+01    4.663023e+01    1.347521e-03  
  5   2  42   2.852752e+02    2.852752e+02    4.331048e+01    4.331048e+01    6.148222e-04  
  5   2  43   3.876334e+02    3.876334e+02    6.619439e+01    6.619439e+01    7.384795e-03  
  5   2  44   3.736887e+02    3.736887e+02    6.164544e+01    6.164544e+01    4.072474e-03  
  5   2  45   2.383008e+02    2.383008e+02    3.088787e+01    3.088787e+01    4.751071e-03  
  5   2  46   3.958235e+02    3.958235e+02    6.396329e+01    6.396329e+01    2.843840e-03  
  5   2  47   2.793914e+02    2.793914e+02    3.755277e+01    3.755277e+01    -1.259430e-03  
  5   2  48   3.586326e+02    3.586326e+02    5.375117e+01    5.375117e+01    -3.293795e-03  
  5   2  49   3.328762e+02    3.328762e+02    4.663595e+01    4.663595e+01    3.789873e-03  
  5   2  50   3.015194e+02    3.015194e+02    3.960611e+01    3.960611e+01    -8.426906e-04  
  5   2  51   3.270987e+02    3.270987e+02    4.410661e+01    4.410661e+01    -6.886998e-04  
  5   2  52   3.078876e+02    3.078876e+02    3.912113e+01    3.912113e+01    -1.431196e-02  
  5   2  53   3.782712e+02    3.782712e+02    5.251491e+01    5.251491e+01    -1.301300e-03  
  5   2  54   2.826676e+02    2.826676e+02    3.339376e+01    3.339376e+01    9.665482e-04  
  5   2  55   2.713987e+02    2.713987e+02    3.078027e+01    3.078027e+01    2.931254e-03  
  5   2  56   4.608018e+02    4.608018e+02    6.708220e+01    6.708220e+01    2.223411e-03  
  5   2  57   4.625736e+02    4.625736e+02    6.578170e+01    6.578170e+01    4.115069e-03  
  5   2  58   4.676126e+02    4.676126e+02    6.588128e+01    6.588128e+01    -2.372146e-03  
  5   2  59   3.461880e+02    3.461880e+02    4.154233e+01    4.154233e+01    6.053795e-04  
  5   2  60   3.873889e+02    3.873889e+02    4.815551e+01    4.815551e+01    6.173079e-03  
  5   2  61   2.965711e+02    2.965711e+02    3.186730e+01    3.186730e+01    5.705647e-03  
  5   2  62   5.000000e+02    5.000000e+02    1.586726e+02    1.586726e+02    1.979811e-03  
  5   3   1   2.107970e+02    2.107970e+02    2.064586e+01    2.064586e+01    3.386270e-04  
  5   3   2   2.837954e+02    2.837954e+02    3.083999e+01    3.083999e+01    4.834112e-03  
  5   3   3   2.078915e+02    2.078915e+02    1.884108e+01    1.884108e+01    3.534276e-03  
  5   3   4   2.218527e+02    2.218527e+02    2.000449e+01    2.000449e+01    1.182188e-02  
  5   3   5   2.257077e+02    2.257077e+02    1.991710e+01    1.991710e+01    4.870517e-03  
  6   1   1   1.357179e+02    1.357179e+02    1.190685e+02    1.190685e+02    2.114781e-03  
  6   1   2   1.904627e+02    1.904627e+02    1.425574e+02    1.425574e+02    1.330760e-05  
  6   1   3   2.155510e+02    2.155510e+02    1.205473e+02    1.205473e+02    1.634015e-03  
  6   1   4   1.620338e+02    1.620338e+02    6.575797e+01    6.575797e+01    1.958719e-03  
  6   1   5   1.921517e+02    1.921517e+02    6.795540e+01    6.795540e+01    2.421453e-04  
  6   1   6   2.218729e+02    2.218729e+02    7.797384e+01    7.797384e+01    -5.454671e-04  
  6   1   7   1.367409e+02    1.367409e+02    3.251111e+01    3.251111e+01    -4.908550e-03  
  6   1   8   1.990324e+02    1.990324e+02    5.164887e+01    5.164887e+01    1.472532e-03  
  6   1   9   1.969642e+02    1.969642e+02    4.447638e+01    4.447638e+01    8.005091e-04  
  6   1  10   1.758594e+02    1.758594e+02    3.462244e+01    3.462244e+01    -4.799092e-03  
  6   1  11   1.348630e+02    1.348630e+02    2.110943e+01    2.110943e+01    4.183717e-03  
  6   1  12   2.410933e+02    2.410933e+02    4.747408e+01    4.747408e+01    -1.546890e-01  
  6   1  13   1.498642e+02    1.498642e+02    2.128459e+01    2.128459e+01    -2.126647e-03  
  6   1  14   1.816099e+02    1.816099e+02    2.603363e+01    2.603363e+01    7.111220e-03  
  6   1  15   2.010222e+02    2.010222e+02    2.873208e+01    2.873208e+01    7.041508e-04  
  6   1  16   1.833205e+02    1.833205e+02    2.319643e+01    2.319643e+01    9.822378e-03  
  6   1  17   2.407544e+02    2.407544e+02    3.329131e+01    3.329131e+01    -1.228783e-02  
  6   1  18   2.144691e+02    2.144691e+02    2.661325e+01    2.661325e+01    2.839859e-02  
  6   1  19   2.277417e+02    2.277417e+02    2.745523e+01    2.745523e+01    -6.258220e-03  
  6   1  20   2.990294e+02    2.990294e+02    3.946594e+01    3.946594e+01    -1.508661e-03  
  6   1  21   2.024305e+02    2.024305e+02    2.084403e+01    2.084403e+01    -3.422815e-03  
  6   1  22   2.275563e+02    2.275563e+02    2.383108e+01    2.383108e+01    -5.174596e-03  
  6   1  23   2.061382e+02    2.061382e+02    1.957307e+01    1.957307e+01    3.174623e-03  
  6   2   1   8.775846e+01    8.775846e+01    1.266215e+02    1.266215e+02    1.060603e-03  
  6   2   2   1.534171e+02    1.534171e+02    1.840301e+02    1.840301e+02    -4.384488e-04  
  6   2   3   1.102045e+02    1.102045e+02    9.485702e+01    9.485702e+01    1.636014e-03  
  6   2   4   1.411136e+02    1.411136e+02    1.085934e+02    1.085934e+02    -1.018832e-03  
  6   2   5   1.465363e+02    1.465363e+02    1.022010e+02    1.022010e+02    1.027858e-03  
  6   2   6   1.499370e+02    1.499370e+02    9.520525e+01    9.520525e+01    8.098196e-04  
  6   2   7   2.200372e+02    2.200372e+02    1.403575e+02    1.403575e+02    4.024213e-03  
  6   2   8   1.501078e+02    1.501078e+02    7.310634e+01    7.310634e+01    1.781821e-03  
  6   2   9   2.032335e+02    2.032335e+02    1.068425e+02    1.068425e+02    7.374702e-04  
  6   2  10   2.119287e+02    2.119287e+02    1.014635e+02    1.014635e+02    -2.833351e-03  
  6   2  11   2.467752e+02    2.467752e+02    1.198172e+02    1.198172e+02    1.205840e-03  
  6   2  12   2.322905e+02    2.322905e+02    1.032601e+02    1.032601e+02    8.890524e-04  
  6   2  13   2.349975e+02    2.349975e+02    9.427366e+01    9.427366e+01    -6.553097e-03  
  6   2  14   1.843315e+02    1.843315e+02    6.232608e+01    6.232608e+01    -6.610878e-04  
  6   2  15   1.545451e+02    1.545451e+02    4.564143e+01    4.564143e+01    3.786396e-04  
  6   2  16   2.000417e+02    2.000417e+02    6.236167e+01    6.236167e+01    -1.216740e-03  
  6   2  17   1.917568e+02    1.917568e+02    5.613352e+01    5.613352e+01    -2.610278e-04  
  6   2  18   2.009167e+02    2.009167e+02    5.556322e+01    5.556322e+01    -1.702651e-03  
  6   2  19   2.534455e+02    2.534455e+02    7.582427e+01    7.582427e+01    1.213655e-02  
  6   2  20   1.539753e+02    1.539753e+02    3.465233e+01    3.465233e+01    2.033560e-03  
  6   2  21   2.572739e+02    2.572739e+02    6.982219e+01    6.982219e+01    5.891269e-04  
  6   2  22   2.464610e+02    2.464610e+02    6.408527e+01    6.408527e+01    7.346385e-03  
  6   2  23   2.154210e+02    2.154210e+02    5.075258e+01    5.075258e+01    5.851991e-03  
  6   2  24   2.595804e+02    2.595804e+02    6.311832e+01    6.311832e+01    3.833592e-03  
  6   2  25   2.186558e+02    2.186558e+02    4.740120e+01    4.740120e+01    1.344500e-03  
  6   2  26   1.656518e+02    1.656518e+02    3.039127e+01    3.039127e+01    -1.337272e-03  
  6   2  27   3.529247e+02    3.529247e+02    8.945577e+01    8.945577e+01    -2.301419e-03  
  6   2  28   2.301184e+02    2.301184e+02    4.590500e+01    4.590500e+01    -2.410035e-03  
  6   2  29   2.473586e+02    2.473586e+02    4.904096e+01    4.904096e+01    3.671509e-03  
  6   2  30   2.318093e+02    2.318093e+02    4.343112e+01    4.343112e+01    -4.941909e-04  
  6   2  31   2.615445e+02    2.615445e+02    5.082396e+01    5.082396e+01    -5.344440e-03  
  6   2  32   3.072028e+02    3.072028e+02    6.176408e+01    6.176408e+01    2.554895e-03  
  6   2  33   2.650060e+02    2.650060e+02    4.841258e+01    4.841258e+01    -3.071611e-04  
  6   2  34   3.115775e+02    3.115775e+02    6.039241e+01    6.039241e+01    -2.473107e-03  
  6   2  35   2.607503e+02    2.607503e+02    4.463340e+01    4.463340e+01    -2.417299e-03  
  6   2  36   1.995942e+02    1.995942e+02    2.928819e+01    2.928819e+01    2.512707e-04  
  6   2  37   1.367272e+02    1.367272e+02    1.627841e+01    1.627841e+01    1.220789e-03  
  6   2  38   2.643044e+02    2.643044e+02    4.205471e+01    4.205471e+01    6.511916e-03  
  6   2  39   2.564359e+02    2.564359e+02    3.944297e+01    3.944297e+01    -5.254569e-03  
  6   2  40   2.735241e+02    2.735241e+02    4.265321e+01    4.265321e+01    -2.448359e-03  
  6   2  41   3.028041e+02    3.028041e+02    4.818563e+01    4.818563e+01    2.578414e-04  
  6   2  42   2.847838e+02    2.847838e+02    4.318433e+01    4.318433e+01    1.024694e-02  
  6   2  43   4.251412e+02    4.251412e+02    7.597441e+01    7.597441e+01    -2.097769e-03  
  6   2  44   3.616511e+02    3.616511e+02    5.884446e+01    5.884446e+01    5.032773e-03  
  6   2  45   3.183455e+02    3.183455e+02    4.768954e+01    4.768954e+01    2.617014e-03  
  6   2  46   3.613059e+02    3.613059e+02    5.580595e+01    5.580595e+01    2.389303e-03  
  6   2  47   3.338131e+02    3.338131e+02    4.904314e+01    4.904314e+01    -1.462682e-03  
  6   2  48   3.462323e+02    3.462323e+02    5.100070e+01    5.100070e+01    3.404390e-03  
  6   2  49   2.992984e+02    2.992984e+02    3.975191e+01    3.975191e+01    1.796745e-03  
  6   2  50   2.849468e+02    2.849468e+02    3.638883e+01    3.638883e+01    3.095135e-03  
  6   2  51   3.732111e+02    3.732111e+02    5.375101e+01    5.375101e+01    -6.948195e-03  
  6   2  52   2.019413e+02    2.019413e+02    2.078385e+01    2.078385e+01    -1.014439e-03  
  6   2  53   4.264354e+02    4.264354e+02    6.285595e+01    6.285595e+01    1.476965e-03  
  6   2  54   3.035568e+02    3.035568e+02    3.716203e+01    3.716203e+01    3.472158e-03  
  6   2  55   4.542634e+02    4.542634e+02    6.657210e+01    6.657210e+01    1.101363e-03  
  6   2  56   3.243381e+02    3.243381e+02    3.968148e+01    3.968148e+01    -6.282217e-03  
  6   2  57   4.616611e+02    4.616611e+02    6.553758e+01    6.553758e+01    -1.965848e-03  
  6   2  58   3.899583e+02    3.899583e+02    5.028128e+01    5.028128e+01    3.461932e-03  
  6   2  59   5.000000e+02    5.000000e+02    4.842467e+01    4.842467e+01    1.229774e-03  
  6   2  60   3.209312e+02    3.209312e+02    3.631500e+01    3.631500e+01    2.489364e-03  
  6   2  61   4.549850e+02    4.549850e+02    6.050341e+01    6.050341e+01    9.844030e-04  
  6   2  62   4.373644e+02    4.373644e+02    5.636666e+01    5.636666e+01    2.526616e-03  
  6   3   1   2.121306e+02    2.121306e+02    2.084145e+01    2.084145e+01    -5.942019e-04  
  6   3   2   3.442596e+02    3.442596e+02    4.119653e+01    4.119653e+01    4.098302e-03  
  6   3   3   2.930209e+02    2.930209e+02    3.152797e+01    3.152797e+01    7.393118e-03  
  6   3   4   2.716518e+02    2.716518e+02    2.743088e+01    2.743088e+01    8.004840e-03  
  6   3   5   2.270767e+02    2.270767e+02    2.009836e+01    2.009836e+01    3.177849e-04  
