1 1 1 84.854 84.854 59.316 59.316 -0.045
1 1 2 116.213 116.213 67.746 67.746 -0.040
1 1 3 88.184 88.184 31.580 31.580 0.034
1 1 4 116.899 116.899 38.329 38.329 -0.256
1 1 5 123.972 123.972 34.843 34.843 -0.120
1 1 6 88.950 88.950 19.809 19.809 -0.039
1 1 7 113.613 113.613 24.564 24.564 0.081
1 1 8 114.473 114.473 22.557 22.557 -0.002
1 1 9 133.466 133.466 24.797 24.797 0.015
1 1 10 121.358 121.358 19.841 19.841 -0.087
1 1 11 123.747 123.747 18.553 18.553 0.064
1 1 12 128.235 128.235 18.075 18.075 -0.011
1 1 13 116.456 116.456 14.545 14.545 -0.137
1 1 14 147.873 147.873 19.119 19.119 -0.078
1 1 15 157.673 157.673 19.974 19.974 -0.016
1 1 16 150.089 150.089 17.158 17.158 0.102
1 1 17 146.305 146.305 15.767 15.767 0.077
1 1 18 172.781 172.781 19.235 19.235 -0.059
1 1 19 140.357 140.357 13.280 13.280 -0.072
1 1 20 176.576 176.576 17.900 17.900 -0.078
1 1 21 187.759 187.759 18.619 18.619 0.019
1 1 22 165.909 165.909 14.833 14.833 -0.056
1 1 23 163.360 163.360 13.776 13.776 -0.173
1 2 1 155.504 155.504 294.162 294.162 -0.028
1 2 2 118.569 118.569 117.403 117.403 -0.112
1 2 3 114.625 114.625 101.127 101.127 -0.021
1 2 4 136.438 136.438 101.474 101.474 0.073
1 2 5 134.837 134.837 85.276 85.276 0.140
1 2 6 132.592 132.592 78.586 78.586 -0.048
1 2 7 171.768 171.768 96.711 96.711 -0.017
1 2 8 148.122 148.122 71.524 71.524 -0.021
1 2 9 177.883 177.883 87.551 87.551 -0.024
1 2 10 140.147 140.147 54.690 54.690 0.011
1 2 11 181.456 181.456 75.180 75.180 -0.051
1 2 12 211.215 211.215 89.404 89.404 -0.024
1 2 13 136.674 136.674 41.582 41.582 -0.086
1 2 14 154.689 154.689 47.916 47.916 -0.009
1 2 15 172.140 172.140 53.715 53.715 0.008
1 2 16 170.533 170.533 48.913 48.913 -0.061
1 2 17 182.166 182.166 51.940 51.940 0.018
1 2 18 128.634 128.634 28.411 28.411 -0.072
1 2 19 148.993 148.993 34.188 34.188 -0.027
1 2 20 151.118 151.118 33.689 33.689 -0.028
1 2 21 122.995 122.995 23.087 23.087 -0.017
1 2 22 165.430 165.430 35.224 35.224 -0.026
1 2 23 139.080 139.080 26.322 26.322 0.022
1 2 24 170.449 170.449 33.509 33.509 -0.063
1 2 25 190.299 190.299 38.485 38.485 -0.017
1 2 26 178.858 178.858 34.102 34.102 -0.041
1 2 27 213.647 213.647 42.117 42.117 -0.029
1 2 28 154.650 154.650 25.155 25.155 -0.131
1 2 29 150.658 150.658 23.264 23.264 -0.104
1 2 30 167.971 167.971 26.785 26.785 -0.018
1 2 31 97.997 97.997 9.521 9.521 -0.220
1 2 32 315.476 315.476 63.945 63.945 -0.076
1 2 33 223.049 223.049 37.249 37.249 -0.083
1 2 34 285.471 285.471 52.843 52.843 -0.055
1 2 35 246.837 246.837 41.098 41.098 -0.020
1 2 36 244.447 244.447 39.611 39.611 -0.071
1 2 37 261.112 261.112 42.856 42.856 -0.066
1 2 38 330.445 330.445 57.906 57.906 -0.153
1 2 39 229.732 229.732 33.393 33.393 -0.067
1 2 40 241.785 241.785 35.413 35.413 -0.072
1 2 41 277.204 277.204 42.175 42.175 -0.046
1 2 42 204.583 204.583 26.288 26.288 -0.040
1 2 43 207.196 207.196 25.835 25.835 -0.080
1 2 44 218.797 218.797 27.600 27.600 -0.058
1 2 45 258.948 258.948 34.488 34.488 -0.201
1 2 46 216.288 216.288 25.819 25.819 -0.065
1 2 47 233.948 233.948 28.774 28.774 -0.017
1 2 48 293.879 293.879 39.882 39.882 -0.023
1 2 49 230.961 230.961 26.866 26.866 -0.107
1 2 50 315.058 315.058 42.272 42.272 -0.053
1 2 51 365.317 365.317 52.067 52.067 -0.014
1 2 52 277.826 277.826 33.532 33.532 -0.042
1 2 53 299.560 299.560 37.012 37.012 -0.035
1 2 54 201.188 201.188 20.013 20.013 -0.096
1 2 55 237.287 237.287 25.137 25.137 -0.067
1 2 56 327.016 327.016 40.103 40.103 -0.070
1 2 57 367.363 367.363 12791.934 12791.934 0.000
1 2 58 256.044 256.044 26.710 26.710 -0.106
1 2 59 265.163 265.163 27.514 27.514 -0.231
1 2 60 275.284 275.284 28.804 28.804 -0.077
1 2 61 249.970 249.970 24.569 24.569 -0.133
1 2 62 258.862 258.862 25.629 25.629 -0.097
1 3 1 174.778 174.778 15.543 15.543 -0.165
1 3 2 199.777 199.777 18.214 18.214 0.063
1 3 3 197.115 197.115 17.077 17.077 0.432
1 3 4 196.573 196.573 16.685 16.685 -0.066
1 3 5 190.038 190.038 15.315 15.315 0.266
2 1 1 89.147 89.147 61.889 61.889 -0.083
2 1 2 102.908 102.908 56.712 56.712 -0.011
2 1 3 64.794 64.794 19.870 19.870 -0.058
2 1 4 98.529 98.529 31.172 31.172 -0.047
2 1 5 148.976 148.976 1272.485 1272.485 0.000
2 1 6 500.000 500.000 123.516 123.516 1.399
2 1 7 111.627 111.627 23.974 23.974 -0.017
2 1 8 117.304 117.304 23.375 23.375 -0.002
2 1 9 119.106 119.106 20.834 20.834 -0.108
2 1 10 167.617 167.617 1642.694 1642.694 0.000
2 1 11 130.558 130.558 20.064 20.064 -0.094
2 1 12 85.600 85.600 9.845 9.845 0.123
2 1 13 125.364 125.364 16.285 16.285 0.002
2 1 14 125.191 125.191 14.848 14.848 -0.147
2 1 15 118.811 118.811 13.046 13.046 -0.083
2 1 16 129.518 129.518 13.738 13.738 -0.159
2 1 17 133.102 133.102 13.684 13.684 0.043
2 1 18 175.467 175.467 19.696 19.696 0.018
2 1 19 367.911 367.911 104.509 104.509 1.843
2 1 20 156.115 156.115 14.885 14.885 -0.013
2 1 21 211.379 211.379 2705.928 2705.928 0.000
2 1 22 164.691 164.691 14.602 14.602 -0.231
2 1 23 158.624 158.624 13.212 13.212 -0.026
2 2 1 97.676 97.676 148.579 148.579 -0.015
2 2 2 128.489 128.489 134.115 134.115 -0.097
2 2 3 179.341 179.341 194.167 194.167 0.029
2 2 4 98.485 98.485 63.389 63.389 -0.005
2 2 5 139.283 139.283 94.003 94.003 0.044
2 2 6 146.731 146.731 91.032 91.032 -0.067
2 2 7 148.326 148.326 76.329 76.329 -0.079
2 2 8 119.149 119.149 50.909 50.909 -0.096
2 2 9 131.174 131.174 53.940 53.940 -0.139
2 2 10 185.292 185.292 82.464 82.464 -0.050
2 2 11 190.527 190.527 81.149 81.149 0.054
2 2 12 191.392 191.392 77.168 77.168 -0.024
2 2 13 160.374 160.374 53.117 53.117 -0.025
2 2 14 130.063 130.063 36.713 36.713 0.094
2 2 15 146.394 146.394 41.811 41.811 -0.099
2 2 16 163.006 163.006 45.817 45.817 -0.037
2 2 17 169.639 169.639 46.687 46.687 -0.014
2 2 18 121.973 121.973 26.246 26.246 0.054
2 2 19 126.676 126.676 26.795 26.795 -0.018
2 2 20 162.545 162.545 37.449 37.449 -0.071
2 2 21 129.471 129.471 24.929 24.929 -0.018
2 2 22 175.841 175.841 38.620 38.620 -0.018
2 2 23 159.342 159.342 32.194 32.194 -0.076
2 2 24 133.710 133.710 23.312 23.312 -0.052
2 2 25 160.037 160.037 29.665 29.665 -0.060
2 2 26 166.547 166.547 30.645 30.645 -0.033
2 2 27 200.501 200.501 38.317 38.317 -0.011
2 2 28 174.734 174.734 30.384 30.384 -0.008
2 2 29 156.327 156.327 24.628 24.628 0.044
2 2 30 154.488 154.488 23.611 23.611 0.049
2 2 31 126.658 126.658 17.130 17.130 0.020
2 2 32 248.286 248.286 44.848 44.848 0.037
2 2 33 223.775 223.775 37.566 37.566 0.006
2 2 34 275.895 275.895 50.321 50.321 0.002
2 2 35 258.019 258.019 43.930 43.930 -0.017
2 2 36 220.902 220.902 34.078 34.078 -0.041
2 2 37 240.866 240.866 38.010 38.010 -0.053
2 2 38 294.974 294.974 49.524 49.524 -0.050
2 2 39 194.594 194.594 25.277 25.277 -0.357
2 2 40 209.286 209.286 28.396 28.396 -0.136
2 2 41 248.092 248.092 35.736 35.736 0.006
2 2 42 223.348 223.348 29.995 29.995 0.000
2 2 43 200.315 200.315 24.011 24.011 -0.343
2 2 44 264.654 264.654 36.746 36.746 0.002
2 2 45 220.907 220.907 27.561 27.561 0.013
2 2 46 235.204 235.204 29.302 29.302 -0.037
2 2 47 248.551 248.551 31.461 31.461 -0.076
2 2 48 265.672 265.672 34.154 34.154 -0.102
2 2 49 250.185 250.185 30.367 30.367 0.045
2 2 50 282.364 282.364 35.888 35.888 0.023
2 2 51 328.322 328.322 44.312 44.312 -0.045
2 2 52 301.439 301.439 37.690 37.690 -0.130
2 2 53 300.429 300.429 37.170 37.170 -0.031
2 2 54 286.069 286.069 33.963 33.963 -0.047
2 2 55 234.168 234.168 24.642 24.642 -0.088
2 2 56 320.192 320.192 38.870 38.870 -0.067
2 2 57 274.821 274.821 30.064 30.064 -0.113
2 2 58 204.738 204.738 19.103 19.103 -0.111
2 2 59 218.939 218.939 20.863 20.863 -0.095
2 2 60 246.948 246.948 24.463 24.463 -0.101
2 2 61 277.093 277.093 28.230 28.230 -0.302
2 2 62 284.870 284.870 29.649 29.649 -0.017
2 3 1 173.559 173.559 15.418 15.418 -0.070
2 3 2 225.793 225.793 21.888 21.888 -0.041
2 3 3 193.618 193.618 16.833 16.833 -0.225
2 3 4 228.490 228.490 3196.735 3196.735 0.000
2 3 5 186.362 186.362 14.896 14.896 -0.179
3 1 1 133.062 133.062 995.008 995.008 0.000
3 1 2 137.041 137.041 1061.068 1061.068 0.000
3 1 3 141.019 141.019 1129.331 1129.331 0.000
3 1 4 144.997 144.997 1199.802 1199.802 0.000
3 1 5 148.976 148.976 1272.485 1272.485 0.000
3 1 6 151.704 151.704 1323.614 1323.614 0.000
3 1 7 155.682 155.682 1400.040 1400.040 0.000
3 1 8 159.661 159.661 1478.692 1478.692 0.000
3 1 9 163.639 163.639 1559.575 1559.575 0.000
3 1 10 167.617 167.617 1642.694 1642.694 0.000
3 1 11 171.596 171.596 1728.054 1728.054 0.000
3 1 12 175.574 175.574 1815.659 1815.659 0.000
3 1 13 179.553 179.553 1905.514 1905.514 0.000
3 1 14 183.531 183.531 1997.625 1997.625 0.000
3 1 15 187.509 187.509 2091.994 2091.994 0.000
3 1 16 191.488 191.488 2188.629 2188.629 0.000
3 1 17 143.063 143.063 15.244 15.244 -0.087
3 1 18 190.420 190.420 22.280 22.280 0.021
3 1 19 167.921 167.921 17.376 17.376 -0.038
3 1 20 156.799 156.799 14.981 14.981 -0.035
3 1 21 169.215 169.215 15.855 15.855 0.187
3 1 22 179.565 179.565 16.586 16.586 0.265
3 1 23 170.834 170.834 14.486 14.486 -0.437
3 2 1 139.062 139.062 1095.474 1095.474 0.000
3 2 2 143.139 143.139 1166.603 1166.603 0.000
3 2 3 147.215 147.215 1240.054 1240.054 0.000
3 2 4 151.292 151.292 1315.831 1315.831 0.000
3 2 5 155.369 155.369 1393.940 1393.940 0.000
3 2 6 159.446 159.446 1474.387 1474.387 0.000
3 2 7 163.523 163.523 1557.176 1557.176 0.000
3 2 8 167.599 167.599 1642.313 1642.313 0.000
3 2 9 171.676 171.676 1729.803 1729.803 0.000
3 2 10 175.753 175.753 1819.652 1819.652 0.000
3 2 11 179.830 179.830 1911.863 1911.863 0.000
3 2 12 183.907 183.907 2006.443 2006.443 0.000
3 2 13 187.983 187.983 2103.396 2103.396 0.000
3 2 14 192.060 192.060 2202.727 2202.727 0.000
3 2 15 196.137 196.137 2304.442 2304.442 0.000
3 2 16 200.214 200.214 2408.545 2408.545 0.000
3 2 17 186.291 186.291 53.605 53.605 -0.044
3 2 18 148.209 148.209 35.148 35.148 -0.061
3 2 19 205.061 205.061 55.003 55.003 -0.057
3 2 20 186.447 186.447 45.857 45.857 -0.097
3 2 21 128.219 128.219 24.470 24.470 -0.110
3 2 22 171.714 171.714 37.110 37.110 -0.083
3 2 23 154.436 154.436 30.718 30.718 -0.080
3 2 24 167.571 167.571 32.305 32.305 -0.172
3 2 25 166.808 166.808 31.479 31.479 -0.083
3 2 26 179.856 179.856 34.378 34.378 -0.024
3 2 27 169.573 169.573 29.664 29.664 -0.127
3 2 28 154.815 154.815 25.193 25.193 -0.149
3 2 29 134.223 134.223 19.572 19.572 -0.083
3 2 30 257.289 257.289 4119.646 4119.646 0.000
3 2 31 165.122 165.122 25.433 25.433 -0.091
3 2 32 265.443 265.443 4403.227 4403.227 0.000
3 2 33 269.519 269.519 4548.735 4548.735 0.000
3 2 34 273.596 273.596 4696.729 4696.729 0.000
3 2 35 277.673 277.673 4847.216 4847.216 0.000
3 2 36 281.750 281.750 5000.202 5000.202 0.000
3 2 37 285.827 285.827 5155.694 5155.694 0.000
3 2 38 289.903 289.903 5313.698 5313.698 0.000
3 2 39 293.980 293.980 5474.222 5474.222 0.000
3 2 40 298.057 298.057 5637.272 5637.272 0.000
3 2 41 302.134 302.134 5802.856 5802.856 0.000
3 2 42 306.211 306.211 5970.981 5970.981 0.000
3 2 43 310.287 310.287 6141.655 6141.655 0.000
3 2 44 314.364 314.364 6314.886 6314.886 0.000
3 2 45 318.441 318.441 6490.682 6490.682 0.000
3 2 46 322.518 322.518 6669.053 6669.053 0.000
3 2 47 326.595 326.595 6850.006 6850.006 0.000
3 2 48 330.671 330.671 7033.551 7033.551 0.000
3 2 49 334.748 334.748 8564.959 8564.959 0.000
3 2 50 184.812 184.812 18.992 18.992 -0.062
3 2 51 201.275 201.275 21.268 21.268 -0.091
3 2 52 338.393 338.393 45.047 45.047 -0.049
3 2 53 205.275 205.275 20.997 20.997 -0.041
3 2 54 261.377 261.377 29.724 29.724 0.009
3 2 55 254.409 254.409 27.933 27.933 -0.007
3 2 56 348.852 348.852 44.311 44.311 0.002
3 2 57 238.279 238.279 24.331 24.331 -0.026
3 2 58 371.439 371.439 7079.789 7079.789 0.000
3 2 59 235.770 235.770 23.306 23.306 -0.101
3 2 60 264.426 264.426 27.138 27.138 0.060
3 2 61 240.354 240.354 22.461 22.461 0.459
3 2 62 277.477 277.477 27.053 27.053 0.491
3 3 1 172.566 172.566 14.713 14.713 -0.642
3 3 2 233.864 233.864 23.083 23.083 0.046
3 3 3 207.191 207.191 18.763 18.763 -0.048
3 3 4 190.194 190.194 15.888 15.888 -0.049
3 3 5 203.024 203.024 15.785 15.785 0.883
4 1 1 92.143 92.143 63.412 63.412 0.275
4 1 2 109.098 109.098 59.240 59.240 -0.177
4 1 3 107.214 107.214 38.698 38.698 0.303
4 1 4 103.787 103.787 33.618 33.618 -0.059
4 1 5 72.883 72.883 15.749 15.749 0.161
4 1 6 83.083 83.083 17.749 17.749 0.176
4 1 7 124.886 124.886 28.331 28.331 0.069
4 1 8 113.378 113.378 22.206 22.206 -0.029
4 1 9 135.511 135.511 25.358 25.358 0.065
4 1 10 134.165 134.165 23.058 23.058 -0.045
4 1 11 89.710 89.710 11.452 11.452 0.062
4 1 12 163.657 163.657 25.622 25.622 0.244
4 1 13 148.230 148.230 20.956 20.956 0.029
4 1 14 123.999 123.999 14.662 14.662 0.102
4 1 15 125.798 125.798 14.219 14.219 0.052
4 1 16 143.810 143.810 16.024 16.024 -0.195
4 1 17 161.218 161.218 18.243 18.243 0.019
4 1 18 199.444 199.444 2388.709 2388.709 0.000
4 1 19 171.264 171.264 17.904 17.904 0.013
4 1 20 131.165 131.165 11.455 11.455 0.090
4 1 21 151.470 151.470 13.473 13.473 0.110
4 1 22 184.248 184.248 17.376 17.376 0.058
4 1 23 193.780 193.780 17.840 17.840 0.027
4 2 1 113.874 113.874 186.957 186.957 0.009
4 2 2 142.662 142.662 164.152 164.152 0.029
4 2 3 163.595 163.595 171.982 171.982 0.017
4 2 4 116.181 116.181 81.242 81.242 -0.003
4 2 5 143.299 143.299 97.197 97.197 0.071
4 2 6 154.256 154.256 98.968 98.968 0.020
4 2 7 171.768 171.768 96.711 96.711 0.017
4 2 8 116.320 116.320 49.709 49.709 -0.049
4 2 9 133.583 133.583 56.453 56.453 0.077
4 2 10 176.252 176.252 77.116 77.116 -0.009
4 2 11 151.646 151.646 57.613 57.613 0.039
4 2 12 189.457 189.457 76.088 76.088 0.006
4 2 13 180.169 180.169 63.152 63.152 0.042
4 2 14 149.477 149.477 45.548 45.548 0.012
4 2 15 175.778 175.778 55.338 55.338 -0.020
4 2 16 154.318 154.318 42.159 42.159 0.048
4 2 17 169.799 169.799 46.738 46.738 0.023
4 2 18 160.411 160.411 39.340 39.340 0.109
4 2 19 201.326 201.326 53.879 53.879 0.042
4 2 20 164.668 164.668 37.985 37.985 0.115
4 2 21 137.243 137.243 26.969 26.969 0.143
4 2 22 182.800 182.800 40.915 40.915 0.038
4 2 23 202.267 202.267 46.190 46.190 0.003
4 2 24 190.294 190.294 39.532 39.532 0.062
4 2 25 171.146 171.146 32.743 32.743 0.076
4 2 26 182.379 182.379 35.021 35.021 0.071
4 2 27 192.057 192.057 35.910 35.910 0.023
4 2 28 199.190 199.190 36.966 36.966 0.071
4 2 29 154.766 154.766 24.198 24.198 0.124
4 2 30 159.366 159.366 24.664 24.664 0.105
4 2 31 261.366 261.366 4260.199 4260.199 0.000
4 2 32 322.574 322.574 62.899 62.899 0.263
4 2 33 190.418 190.418 29.436 29.436 0.067
4 2 34 265.742 265.742 47.563 47.563 0.040
4 2 35 307.592 307.592 54.873 54.873 -0.249
4 2 36 254.759 254.759 42.100 42.100 0.074
4 2 37 313.636 313.636 56.529 56.529 0.009
4 2 38 318.223 318.223 55.394 55.394 0.077
4 2 39 273.628 273.628 43.473 43.473 -0.002
4 2 40 274.769 274.769 42.821 42.821 0.081
4 2 41 275.716 275.716 41.742 41.742 0.081
4 2 42 301.117 301.117 46.939 46.939 0.026
4 2 43 244.887 244.887 33.212 33.212 0.061
4 2 44 279.616 279.616 39.890 39.890 0.025
4 2 45 274.008 274.008 38.079 38.079 0.010
4 2 46 239.722 239.722 30.137 30.137 0.061
4 2 47 247.772 247.772 31.362 31.362 0.047
4 2 48 312.308 312.308 43.713 43.713 0.021
4 2 49 181.590 181.590 18.454 18.454 0.371
4 2 50 269.525 269.525 33.461 33.461 0.032
4 2 51 320.677 320.677 42.827 42.827 -0.005
4 2 52 271.626 271.626 32.385 32.385 0.064
4 2 53 285.934 285.934 34.506 34.506 0.058
4 2 54 257.218 257.218 28.790 28.790 -0.150
4 2 55 223.565 223.565 23.009 23.009 0.045
4 2 56 326.731 326.731 40.108 40.108 0.029
4 2 57 196.954 196.954 18.289 18.289 0.015
4 2 58 231.536 231.536 23.001 23.001 0.056
4 2 59 212.637 212.637 19.964 19.964 0.116
4 2 60 213.632 213.632 19.711 19.711 0.062
4 2 61 239.780 239.780 23.147 23.147 0.083
4 2 62 314.013 314.013 34.244 34.244 0.078
4 3 1 218.151 218.151 2895.085 2895.085 0.000
4 3 2 209.252 209.252 19.492 19.492 0.145
4 3 3 210.606 210.606 18.914 18.914 -0.352
4 3 4 199.447 199.447 17.042 17.042 -0.117
4 3 5 231.936 231.936 3300.752 3300.752 0.000
5 1 1 118.815 118.815 96.665 96.665 0.048
5 1 2 114.532 114.532 66.393 66.393 0.035
5 1 3 160.123 160.123 72.664 72.664 0.201
5 1 4 496.833 496.833 23835.013 23835.013 2.923
5 1 5 87.204 87.204 20.747 20.747 -0.065
5 1 6 98.426 98.426 23.052 23.052 0.008
5 1 7 96.210 96.210 19.186 19.186 -0.012
5 1 8 103.701 103.701 19.411 19.411 -0.052
5 1 9 131.691 131.691 24.277 24.277 0.056
5 1 10 137.157 137.157 23.782 23.782 -0.099
5 1 11 139.490 139.490 22.044 22.044 -0.170
5 1 12 147.713 147.713 22.340 22.340 -0.047
5 1 13 167.205 167.205 25.067 25.067 -0.040
5 1 14 129.255 129.255 15.576 15.576 -0.155
5 1 15 174.510 174.510 23.241 23.241 -0.006
5 1 16 154.571 154.571 17.929 17.929 -0.088
5 1 17 157.654 157.654 17.649 17.649 -0.014
5 1 18 189.646 189.646 22.052 22.052 -0.136
5 1 19 193.095 193.095 21.418 21.418 0.063
5 1 20 172.573 172.573 17.285 17.285 0.096
5 1 21 178.978 178.978 17.294 17.294 -0.108
5 1 22 171.849 171.849 15.621 15.621 -0.109
5 1 23 159.705 159.705 13.341 13.341 -0.067
5 2 1 133.384 133.384 232.579 232.579 0.034
5 2 2 110.954 110.954 113.436 113.436 -0.013
5 2 3 152.470 152.470 153.828 153.828 -0.023
5 2 4 143.965 143.965 104.434 104.434 0.119
5 2 5 108.304 108.304 64.874 64.874 0.044
5 2 6 115.083 115.083 63.818 63.818 0.029
5 2 7 136.287 136.287 67.789 67.789 0.074
5 2 8 155.990 155.990 77.356 77.356 0.012
5 2 9 135.494 135.494 58.189 58.189 -0.008
5 2 10 171.216 171.216 73.707 73.707 -0.004
5 2 11 197.183 197.183 85.328 85.328 -0.053
5 2 12 221.254 221.254 95.903 95.903 0.031
5 2 13 185.013 185.013 65.554 65.554 0.061
5 2 14 167.224 167.224 53.640 53.640 0.055
5 2 15 168.792 168.792 51.938 51.938 0.064
5 2 16 161.450 161.450 45.297 45.297 0.037
5 2 17 160.981 160.981 43.169 43.169 0.009
5 2 18 137.387 137.387 31.353 31.353 0.068
5 2 19 167.653 167.653 40.815 40.815 -0.003
5 2 20 185.558 185.558 45.805 45.805 0.030
5 2 21 123.483 123.483 23.201 23.201 0.067
5 2 22 155.655 155.655 32.154 32.154 0.045
5 2 23 190.934 190.934 42.325 42.325 0.021
5 2 24 150.696 150.696 27.647 27.647 -0.174
5 2 25 166.207 166.207 31.407 31.407 -0.027
5 2 26 167.113 167.113 30.800 30.800 -0.012
5 2 27 199.702 199.702 38.084 38.084 -0.005
5 2 28 156.472 156.472 25.700 25.700 -0.065
5 2 29 138.060 138.060 20.452 20.452 0.018
5 2 30 211.224 211.224 37.753 37.753 -0.031
5 2 31 137.070 137.070 19.288 19.288 -0.002
5 2 32 284.569 284.569 55.065 55.065 -0.026
5 2 33 218.200 218.200 36.157 36.157 0.038
5 2 34 273.242 273.242 49.599 49.599 -0.021
5 2 35 261.198 261.198 44.767 44.767 -0.010
5 2 36 266.097 266.097 44.964 44.964 0.066
5 2 37 267.220 267.220 44.471 44.471 0.002
5 2 38 349.240 349.240 63.818 63.818 0.046
5 2 39 191.127 191.127 25.344 25.344 0.078
5 2 40 254.841 254.841 38.367 38.367 0.042
5 2 41 256.334 256.334 37.528 37.528 -0.016
5 2 42 231.577 231.577 31.674 31.674 -0.016
5 2 43 228.058 228.058 29.867 29.867 -0.055
5 2 44 292.276 292.276 42.634 42.634 -0.015
5 2 45 251.537 251.537 33.482 33.482 -0.032
5 2 46 228.465 228.465 28.059 28.059 0.005
5 2 47 232.255 232.255 28.468 28.468 0.020
5 2 48 278.029 278.029 36.702 36.702 -0.012
5 2 49 216.525 216.525 24.461 24.461 -0.006
5 2 50 292.975 292.975 37.944 37.944 0.032
5 2 51 315.697 315.697 41.815 41.815 0.007
5 2 52 314.868 314.868 40.451 40.451 0.043
5 2 53 272.926 272.926 32.203 32.203 -0.000
5 2 54 246.900 246.900 27.261 27.261 0.009
5 2 55 255.400 255.400 28.103 28.103 -0.009
5 2 56 203.471 203.471 19.718 19.718 0.046
5 2 57 189.982 189.982 17.331 17.331 -0.057
5 2 58 225.973 225.973 22.193 22.193 0.005
5 2 59 188.971 188.971 16.749 16.749 -0.054
5 2 60 266.289 266.289 27.449 27.449 -0.016
5 2 61 225.346 225.346 21.107 21.107 -0.007
5 2 62 264.450 264.450 26.487 26.487 -0.065
5 3 1 187.539 187.539 17.320 17.320 -0.034
5 3 2 206.520 206.520 18.949 18.949 -0.269
5 3 3 222.347 222.347 20.719 20.719 -0.201
5 3 4 205.734 205.734 17.757 17.757 0.256
5 3 5 196.677 196.677 16.076 16.076 0.326
6 1 1 87.339 87.339 59.177 59.177 -0.149
6 1 2 123.356 123.356 70.627 70.627 -0.190
6 1 3 139.898 139.898 63.161 63.161 0.017
6 1 4 117.595 117.595 40.628 40.628 -0.021
6 1 5 112.024 112.024 30.237 30.237 -0.022
6 1 6 90.069 90.069 20.140 20.140 -0.047
6 1 7 109.829 109.829 23.294 23.294 -0.138
6 1 8 150.527 150.527 33.443 33.443 -0.189
6 1 9 119.808 119.808 20.609 20.609 -0.298
6 1 10 124.321 124.321 20.521 20.521 -0.100
6 1 11 125.746 125.746 18.892 18.892 -0.142
6 1 12 136.731 136.731 19.776 19.776 -0.160
6 1 13 135.624 135.624 18.170 18.170 -0.214
6 1 14 144.850 144.850 18.532 18.532 0.052
6 1 15 147.749 147.749 18.103 18.103 0.020
6 1 16 157.459 157.459 18.461 18.461 -0.023
6 1 17 152.753 152.753 16.784 16.784 -0.133
6 1 18 192.358 192.358 22.533 22.533 -0.127
6 1 19 174.771 174.771 18.328 18.328 -0.212
6 1 20 178.318 178.318 18.071 18.071 -0.194
6 1 21 499.914 499.914 20126.593 20126.593 2.876
6 1 22 154.752 154.752 13.367 13.367 0.013
6 1 23 166.068 166.068 14.146 14.146 -0.094
6 2 1 158.015 158.015 318.720 318.720 0.013
6 2 2 109.481 109.481 109.707 109.707 -0.044
6 2 3 149.184 149.184 149.231 149.231 -0.003
6 2 4 162.641 162.641 134.162 134.162 0.007
6 2 5 129.558 129.558 84.676 84.676 -0.021
6 2 6 154.979 154.979 99.938 99.938 -0.031
6 2 7 175.606 175.606 99.956 99.956 -0.019
6 2 8 138.299 138.299 64.517 64.517 -0.024
6 2 9 158.433 158.433 72.721 72.721 -0.070
6 2 10 187.461 187.461 84.373 84.373 -0.021
6 2 11 161.119 161.119 63.150 63.150 -0.030
6 2 12 204.569 204.569 83.914 83.914 -0.097
6 2 13 180.085 180.085 63.109 63.109 -0.042
6 2 14 140.324 140.324 41.200 41.200 -0.081
6 2 15 173.017 173.017 53.989 53.989 -0.041
6 2 16 160.347 160.347 44.603 44.603 -0.062
6 2 17 150.977 150.977 38.510 38.510 -0.171
6 2 18 134.237 134.237 30.159 30.159 -0.123
6 2 19 156.160 156.160 36.489 36.489 -0.092
6 2 20 153.934 153.934 34.402 34.402 -0.113
6 2 21 134.419 134.419 26.215 26.215 -0.119
6 2 22 174.276 174.276 37.864 37.864 -0.099
6 2 23 163.472 163.472 33.503 33.503 -0.049
6 2 24 143.987 143.987 26.069 26.069 -0.028
6 2 25 160.606 160.606 29.642 29.642 -0.142
6 2 26 159.819 159.819 28.704 28.704 -0.099
6 2 27 190.847 190.847 35.561 35.561 -0.059
6 2 28 137.748 137.748 21.102 21.102 -0.186
6 2 29 129.495 129.495 18.564 18.564 -0.086
6 2 30 179.171 179.171 29.487 29.487 -0.052
6 2 31 120.188 120.188 15.808 15.808 -0.098
6 2 32 301.215 301.215 59.965 59.965 -0.025
6 2 33 203.844 203.844 32.607 32.607 -0.068
6 2 34 270.476 270.476 48.678 48.678 -0.069
6 2 35 235.908 235.908 38.288 38.288 -0.093
6 2 36 250.554 250.554 40.835 40.835 -0.140
6 2 37 221.972 221.972 33.624 33.624 -0.058
6 2 38 296.042 296.042 49.788 49.788 -0.044
6 2 39 322.787 322.787 55.684 55.684 -0.028
6 2 40 267.225 267.225 41.188 41.188 -0.002
6 2 41 209.567 209.567 27.610 27.610 -0.140
6 2 42 217.265 217.265 28.635 28.635 -0.143
6 2 43 194.100 194.100 23.438 23.438 -0.084
6 2 44 213.037 213.037 26.390 26.390 -0.154
6 2 45 181.010 181.010 20.407 20.407 -0.123
6 2 46 208.783 208.783 24.380 24.380 -0.153
6 2 47 192.581 192.581 21.434 21.434 -0.136
6 2 48 322.465 322.465 45.686 45.686 -0.084
6 2 49 258.561 258.561 31.621 31.621 -0.171
6 2 50 267.151 267.151 32.863 32.863 -0.134
6 2 51 314.664 314.664 41.451 41.451 -0.105
6 2 52 294.681 294.681 36.638 36.638 -0.040
6 2 53 313.533 313.533 39.521 39.521 -0.092
6 2 54 233.300 233.300 24.995 24.995 -0.088
6 2 55 285.213 285.213 32.689 32.689 -0.218
6 2 56 224.874 224.874 22.898 22.898 -0.075
6 2 57 195.022 195.022 18.022 18.022 -0.019
6 2 58 229.637 229.637 22.731 22.731 0.041
6 2 59 242.106 242.106 24.295 24.295 0.018
6 2 60 254.991 254.991 25.710 25.710 0.038
6 2 61 253.131 253.131 25.111 25.111 0.054
6 2 62 303.552 303.552 32.596 32.596 0.033
6 3 1 496.721 496.721 22151.995 22151.995 2.991
6 3 2 212.052 212.052 19.943 19.943 -0.019
6 3 3 222.383 222.383 20.853 20.853 0.053
6 3 4 194.566 194.566 16.433 16.433 0.119
6 3 5 246.512 246.512 22.742 22.742 -0.021
