  1   1   1   8.506494e+02    8.506494e+02    2.238602e+00    2.238602e+00    1.461929e-03    1.286677e-03  
  1   1   2   8.422802e+02    8.422802e+02    2.311567e+00    2.311567e+00    5.782313e-04    2.142039e-03  
  1   1   3   8.352513e+02    8.352513e+02    2.352901e+00    2.352901e+00    -2.021949e-03    2.142991e-03  
  1   1   4   8.274532e+02    8.274532e+02    2.550431e+00    2.550431e+00    1.382289e-03    2.975804e-03  
  1   1   5   8.236044e+02    8.236044e+02    2.787917e+00    2.787917e+00    3.892944e-05    3.059245e-03  
  1   1   6   8.042293e+02    8.042293e+02    2.501844e+00    2.501844e+00    -1.398670e-03    3.994421e-03  
  1   1   7   7.949706e+02    7.949706e+02    2.564557e+00    2.564557e+00    3.610803e-03    5.319913e-03  
  1   1   8   7.901056e+02    7.901056e+02    2.309770e+00    2.309770e+00    -5.049310e-03    4.659711e-03  
  1   1   9   7.808255e+02    7.808255e+02    3.579154e+00    3.579154e+00    -2.125515e-03    4.902204e-03  
  1   1  10   7.785589e+02    7.785589e+02    2.828655e+00    2.828655e+00    4.909369e-03    5.554490e-03  
  1   1  11   7.774870e+02    7.774870e+02    2.747445e+00    2.747445e+00    -1.918819e-03    4.121032e-03  
  1   1  12   7.725256e+02    7.725256e+02    5.272453e+00    5.272453e+00    -1.150152e-02    6.723711e-03  
  1   1  13   7.841438e+02    7.841438e+02    2.458806e+00    2.458806e+00    -1.941204e-04    5.556976e-03  
  1   1  14   7.771316e+02    7.771316e+02    2.649692e+00    2.649692e+00    -9.966425e-03    7.903543e-03  
  1   1  15   7.855700e+02    7.855700e+02    2.622374e+00    2.622374e+00    4.012022e-03    7.275931e-03  
  1   1  16   8.011203e+02    8.011203e+02    2.340598e+00    2.340598e+00    -7.194594e-03    8.284817e-03  
  1   1  17   8.089287e+02    8.089287e+02    2.269526e+00    2.269526e+00    -1.121622e-02    5.390720e-03  
  1   1  18   8.203055e+02    8.203055e+02    2.537271e+00    2.537271e+00    -3.371219e-03    7.657569e-03  
  1   1  19   8.372874e+02    8.372874e+02    2.974573e+00    2.974573e+00    -2.978102e-03    6.177029e-03  
  1   1  20   8.378191e+02    8.378191e+02    3.329889e+00    3.329889e+00    -2.587723e-03    7.761782e-03  
  1   1  21   8.580495e+02    8.580495e+02    4.046575e+00    4.046575e+00    -4.322177e-03    5.413917e-03  
  1   1  22   8.532424e+02    8.532424e+02    4.896559e+00    4.896559e+00    -1.929632e-02    1.047889e-02  
  1   1  23   8.502044e+02    8.502044e+02    4.482935e+00    4.482935e+00    4.345503e-03    6.906468e-03  
  1   2   1   2.092852e+03    2.092852e+03    1.474082e+01    1.474082e+01    3.175940e-03    1.765884e-03  
  1   2   2   2.067854e+03    2.067854e+03    8.772197e+00    8.772197e+00    1.678946e-03    1.720800e-03  
  1   2   3   2.066493e+03    2.066493e+03    9.366343e+00    9.366343e+00    -8.194622e-04    1.950076e-03  
  1   2   4   2.062789e+03    2.062789e+03    9.991384e+00    9.991384e+00    2.779687e-03    1.980413e-03  
  1   2   5   1.333333e+01    1.333333e+01    1.414214e+00    1.414214e+00    0.000000e+00    0.000000e+00  
  1   2   6   2.047698e+03    2.047698e+03    9.241121e+00    9.241121e+00    1.362346e-03    2.529788e-03  
  1   2   7   2.050477e+03    2.050477e+03    9.799373e+00    9.799373e+00    -1.325882e-03    1.895916e-03  
  1   2   8   2.043685e+03    2.043685e+03    9.863044e+00    9.863044e+00    1.824748e-03    2.766919e-03  
  1   2   9   2.009824e+03    2.009824e+03    1.076482e+01    1.076482e+01    5.360662e-04    3.279910e-03  
  1   2  10   2.012831e+03    2.012831e+03    9.790176e+00    9.790176e+00    -9.566056e-04    2.472671e-03  
  1   2  11   1.989414e+03    1.989414e+03    9.529356e+00    9.529356e+00    -5.458824e-03    3.237620e-03  
  1   2  12   2.012008e+03    2.012008e+03    1.143241e+01    1.143241e+01    7.806465e-03    2.813588e-03  
  1   2  13   2.001026e+03    2.001026e+03    1.163776e+01    1.163776e+01    4.881025e-04    3.053744e-03  
  1   2  14   1.977371e+03    1.977371e+03    1.272772e+01    1.272772e+01    -9.870450e-05    4.108474e-03  
  1   2  15   1.987258e+03    1.987258e+03    1.088361e+01    1.088361e+01    5.670805e-03    4.224987e-03  
  1   2  16   1.971907e+03    1.971907e+03    9.771974e+00    9.771974e+00    -1.072132e-03    4.389565e-03  
  1   2  17   1.959110e+03    1.959110e+03    1.062581e+01    1.062581e+01    -4.660194e-04    4.304562e-03  
  1   2  18   1.957817e+03    1.957817e+03    9.458972e+00    9.458972e+00    -4.464973e-03    5.600160e-03  
  1   2  19   1.943827e+03    1.943827e+03    9.977973e+00    9.977973e+00    -2.243565e-03    4.468299e-03  
  1   2  20   1.941300e+03    1.941300e+03    9.937673e+00    9.937673e+00    -1.090496e-03    4.483607e-03  
  1   2  21   1.919267e+03    1.919267e+03    9.474187e+00    9.474187e+00    -6.575746e-03    4.592870e-03  
  1   2  22   1.908348e+03    1.908348e+03    8.274330e+00    8.274330e+00    -5.956537e-03    6.184553e-03  
  1   2  23   1.933325e+03    1.933325e+03    8.256945e+00    8.256945e+00    -6.241237e-03    3.523078e-03  
  1   2  24   1.901699e+03    1.901699e+03    7.053232e+00    7.053232e+00    3.690755e-03    5.110138e-03  
  1   2  25   1.914464e+03    1.914464e+03    7.339300e+00    7.339300e+00    -1.128117e-03    4.949093e-03  
  1   2  26   1.901157e+03    1.901157e+03    6.711294e+00    6.711294e+00    -4.767580e-03    6.322955e-03  
  1   2  27   1.904793e+03    1.904793e+03    6.706358e+00    6.706358e+00    -2.292868e-03    6.273332e-03  
  1   2  28   1.922136e+03    1.922136e+03    7.140506e+00    7.140506e+00    -1.923639e-03    8.135433e-03  
  1   2  29   1.909247e+03    1.909247e+03    6.236695e+00    6.236695e+00    -3.824501e-03    3.831481e-03  
  1   2  30   1.922089e+03    1.922089e+03    6.983127e+00    6.983127e+00    -2.053208e-03    4.453372e-03  
  1   2  31   1.933202e+03    1.933202e+03    6.518440e+00    6.518440e+00    -1.329908e-03    4.648159e-03  
  1   2  32   1.936149e+03    1.936149e+03    6.159940e+00    6.159940e+00    -8.229243e-03    4.644582e-03  
  1   2  33   1.949184e+03    1.949184e+03    6.712461e+00    6.712461e+00    -1.104252e-02    6.321597e-03  
  1   2  34   1.947734e+03    1.947734e+03    6.530899e+00    6.530899e+00    -1.714366e-03    5.567878e-03  
  1   2  35   1.953205e+03    1.953205e+03    7.031737e+00    7.031737e+00    -5.657803e-03    5.721025e-03  
  1   2  36   1.959477e+03    1.959477e+03    6.833958e+00    6.833958e+00    3.250515e-03    1.010613e-02  
  1   2  37   1.956872e+03    1.956872e+03    6.926549e+00    6.926549e+00    -5.739130e-03    6.491150e-03  
  1   2  38   1.982837e+03    1.982837e+03    7.518737e+00    7.518737e+00    8.055704e-03    6.538032e-03  
  1   2  39   1.976142e+03    1.976142e+03    7.769083e+00    7.769083e+00    -7.873723e-03    5.231570e-03  
  1   2  40   1.976086e+03    1.976086e+03    9.115366e+00    9.115366e+00    2.672725e-03    3.745974e-03  
  1   2  41   1.985849e+03    1.985849e+03    9.338197e+00    9.338197e+00    -5.545080e-03    5.662955e-03  
  1   2  42   2.006887e+03    2.006887e+03    9.875244e+00    9.875244e+00    -3.211529e-03    9.173606e-03  
  1   2  43   2.028700e+03    2.028700e+03    1.084601e+01    1.084601e+01    -6.817942e-03    5.567215e-03  
  1   2  44   2.030331e+03    2.030331e+03    1.073166e+01    1.073166e+01    -1.559331e-03    3.873548e-03  
  1   2  45   2.058674e+03    2.058674e+03    1.408705e+01    1.408705e+01    -7.672990e-03    6.447072e-03  
  1   2  46   2.050447e+03    2.050447e+03    1.445852e+01    1.445852e+01    -7.470651e-04    5.047149e-03  
  1   2  47   2.073399e+03    2.073399e+03    1.501569e+01    1.501569e+01    -1.146938e-02    5.858186e-03  
  1   2  48   2.058235e+03    2.058235e+03    1.868001e+01    1.868001e+01    -5.494231e-03    6.393600e-03  
  1   2  49   2.075213e+03    2.075213e+03    2.008380e+01    2.008380e+01    -4.958678e-03    6.021089e-03  
  1   2  50   2.076546e+03    2.076546e+03    1.952459e+01    1.952459e+01    -4.454911e-03    5.976052e-03  
  1   2  51   2.003487e+03    2.003487e+03    1.473931e+01    1.473931e+01    -1.482399e-02    5.790493e-03  
  1   2  52   2.084637e+03    2.084637e+03    2.974453e+01    2.974453e+01    -1.990950e-03    4.917415e-03  
  1   2  53   2.020056e+03    2.020056e+03    2.757971e+01    2.757971e+01    -5.087694e-03    5.321367e-03  
  1   2  54   2.085765e+03    2.085765e+03    2.434249e+01    2.434249e+01    -8.443272e-03    6.032393e-03  
  1   2  55   2.033711e+03    2.033711e+03    1.729629e+02    1.729629e+02    -4.429392e-03    4.835173e-03  
  1   2  56   2.044901e+03    2.044901e+03    1.625458e+01    1.625458e+01    -1.494454e-03    5.539826e-03  
  1   2  57   2.036757e+03    2.036757e+03    8.626265e+01    8.626265e+01    2.164463e-03    6.865970e-03  
  1   2  58   2.080219e+03    2.080219e+03    1.836486e+01    1.836486e+01    -1.698200e-03    5.237373e-03  
  1   2  59   2.081483e+03    2.081483e+03    2.016610e+01    2.016610e+01    -9.401302e-04    5.008510e-03  
  1   2  60   2.072154e+03    2.072154e+03    1.944979e+01    1.944979e+01    -4.665523e-03    5.306736e-03  
  1   2  61   2.034090e+03    2.034090e+03    1.949873e+01    1.949873e+01    -8.865913e-03    7.860119e-03  
  1   2  62   2.042534e+03    2.042534e+03    1.772615e+01    1.772615e+01    -9.458380e-03    6.136173e-03  
  1   3   1   7.656936e+02    7.656936e+02    2.858277e+00    2.858277e+00    -1.197729e-02    8.883402e-03  
  1   3   2   7.671415e+02    7.671415e+02    3.239011e+00    3.239011e+00    -6.658048e-03    8.686390e-03  
  1   3   3   -8.048948e+02    -8.048948e+02    2.922880e+03    2.922880e+03    -4.218197e-03    1.217990e-02  
  1   3   4   7.898687e+02    7.898687e+02    2.142082e+00    2.142082e+00    9.873204e-03    8.954902e-03  
  1   3   5   8.046762e+02    8.046762e+02    2.179212e+00    2.179212e+00    1.452740e-02    1.104633e-02  
  2   1   1   8.468357e+02    8.468357e+02    2.133667e+00    2.133667e+00    9.251701e-04    2.118857e-03  
  2   1   2   8.445283e+02    8.445283e+02    2.369823e+00    2.369823e+00    6.449560e-04    1.570105e-03  
  2   1   3   8.338830e+02    8.338830e+02    2.376782e+00    2.376782e+00    4.367289e-04    2.362856e-03  
  2   1   4   8.215674e+02    8.215674e+02    2.539454e+00    2.539454e+00    -3.917172e-03    3.073352e-03  
  2   1   5   8.162660e+02    8.162660e+02    2.494767e+00    2.494767e+00    9.624912e-04    3.727793e-03  
  2   1   6   8.051918e+02    8.051918e+02    2.710030e+00    2.710030e+00    -6.649143e-03    3.714134e-03  
  2   1   7   8.034210e+02    8.034210e+02    2.271236e+00    2.271236e+00    -2.728712e-04    4.813399e-03  
  2   1   8   7.841795e+02    7.841795e+02    3.115503e+00    3.115503e+00    1.052888e-03    3.625338e-03  
  2   1   9   7.767946e+02    7.767946e+02    4.363967e+00    4.363967e+00    -3.709262e-03    4.930669e-03  
  2   1  10   7.764427e+02    7.764427e+02    3.583629e+00    3.583629e+00    -2.576213e-04    4.998064e-03  
  2   1  11   7.656157e+02    7.656157e+02    5.191407e+00    5.191407e+00    -2.876587e-03    4.264749e-03  
  2   1  12   7.798342e+02    7.798342e+02    2.503248e+00    2.503248e+00    -8.001539e-04    4.561049e-03  
  2   1  13   1.000000e+01    1.000000e+01    1.414214e+00    1.414214e+00    0.000000e+00    0.000000e+00  
  2   1  14   7.874798e+02    7.874798e+02    3.191734e+00    3.191734e+00    -6.041817e-03    5.384288e-03  
  2   1  15   7.854990e+02    7.854990e+02    2.589312e+00    2.589312e+00    -7.682759e-03    6.176265e-03  
  2   1  16   7.964509e+02    7.964509e+02    2.121934e+00    2.121934e+00    -5.165289e-03    6.847724e-03  
  2   1  17   8.097205e+02    8.097205e+02    2.254004e+00    2.254004e+00    -6.563532e-03    4.621298e-03  
  2   1  18   8.205497e+02    8.205497e+02    2.638835e+00    2.638835e+00    -8.597348e-03    6.502184e-03  
  2   1  19   8.322018e+02    8.322018e+02    3.031324e+00    3.031324e+00    -6.986963e-03    6.988324e-03  
  2   1  20   8.414826e+02    8.414826e+02    3.643419e+00    3.643419e+00    -1.510031e-02    8.011939e-03  
  2   1  21   8.520463e+02    8.520463e+02    3.960044e+00    3.960044e+00    -7.159876e-03    6.644571e-03  
  2   1  22   8.571833e+02    8.571833e+02    4.858161e+00    4.858161e+00    -2.707873e-03    1.213507e-02  
  2   1  23   8.500278e+02    8.500278e+02    5.147034e+00    5.147034e+00    -2.504487e-02    1.396368e-02  
  2   2   1   2.108787e+03    2.108787e+03    1.212540e+01    1.212540e+01    1.946351e-03    1.510876e-03  
  2   2   2   2.079345e+03    2.079345e+03    1.141255e+01    1.141255e+01    1.638598e-03    2.403426e-03  
  2   2   3   2.057056e+03    2.057056e+03    9.871013e+00    9.871013e+00    5.986281e-04    2.154264e-03  
  2   2   4   2.064292e+03    2.064292e+03    9.428833e+00    9.428833e+00    -1.149738e-03    2.232301e-03  
  2   2   5   2.048535e+03    2.048535e+03    8.596171e+00    8.596171e+00    -2.249769e-03    2.224688e-03  
  2   2   6   2.023552e+03    2.023552e+03    9.446154e+00    9.446154e+00    1.441983e-03    2.689589e-03  
  2   2   7   2.044372e+03    2.044372e+03    9.627439e+00    9.627439e+00    1.968578e-03    2.244872e-03  
  2   2   8   2.026291e+03    2.026291e+03    9.823183e+00    9.823183e+00    -1.300813e-03    4.983755e-03  
  2   2   9   2.039962e+03    2.039962e+03    9.859871e+00    9.859871e+00    3.376979e-03    3.079150e-03  
  2   2  10   2.028153e+03    2.028153e+03    1.088590e+01    1.088590e+01    -1.788937e-03    3.743670e-03  
  2   2  11   2.031202e+03    2.031202e+03    1.048146e+01    1.048146e+01    -6.191052e-03    3.628189e-03  
  2   2  12   2.001603e+03    2.001603e+03    1.135364e+01    1.135364e+01    -2.357564e-03    3.085341e-03  
  2   2  13   2.001345e+03    2.001345e+03    1.056682e+01    1.056682e+01    2.160016e-03    5.309506e-03  
  2   2  14   2.001153e+03    2.001153e+03    1.140589e+01    1.140589e+01    7.259644e-03    3.142381e-03  
  2   2  15   1.989388e+03    1.989388e+03    1.152968e+01    1.152968e+01    -2.732570e-03    4.323567e-03  
  2   2  16   1.966365e+03    1.966365e+03    9.324880e+00    9.324880e+00    2.018529e-03    3.431575e-03  
  2   2  17   1.962170e+03    1.962170e+03    1.169618e+01    1.169618e+01    2.537669e-04    4.032417e-03  
  2   2  18   1.959781e+03    1.959781e+03    1.023541e+01    1.023541e+01    -6.570199e-04    4.446315e-03  
  2   2  19   1.956142e+03    1.956142e+03    9.586887e+00    9.586887e+00    -3.161327e-03    5.426323e-03  
  2   2  20   1.945170e+03    1.945170e+03    9.959524e+00    9.959524e+00    -6.651411e-03    6.195844e-03  
  2   2  21   1.931525e+03    1.931525e+03    9.173216e+00    9.173216e+00    -1.951586e-03    3.605204e-03  
  2   2  22   1.919989e+03    1.919989e+03    7.794447e+00    7.794447e+00    -2.754535e-03    5.895929e-03  
  2   2  23   1.922127e+03    1.922127e+03    8.776431e+00    8.776431e+00    1.018552e-03    4.943210e-03  
  2   2  24   1.924473e+03    1.924473e+03    7.680442e+00    7.680442e+00    -3.980942e-03    7.249677e-03  
  2   2  25   1.901240e+03    1.901240e+03    7.048691e+00    7.048691e+00    -1.487197e-02    6.401803e-03  
  2   2  26   1.908697e+03    1.908697e+03    6.833799e+00    6.833799e+00    -2.486631e-03    4.647914e-03  
  2   2  27   1.903147e+03    1.903147e+03    6.258121e+00    6.258121e+00    2.984694e-03    5.138024e-03  
  2   2  28   1.915738e+03    1.915738e+03    6.610201e+00    6.610201e+00    -7.756949e-05    3.981870e-03  
  2   2  29   1.922514e+03    1.922514e+03    6.591925e+00    6.591925e+00    3.761716e-03    5.167878e-03  
  2   2  30   1.926551e+03    1.926551e+03    6.535680e+00    6.535680e+00    -6.169154e-03    5.439203e-03  
  2   2  31   1.931951e+03    1.931951e+03    6.336465e+00    6.336465e+00    1.314068e-03    9.668522e-03  
  2   2  32   1.939998e+03    1.939998e+03    6.375761e+00    6.375761e+00    2.351558e-04    5.122835e-03  
  2   2  33   1.929570e+03    1.929570e+03    6.345158e+00    6.345158e+00    -5.791439e-03    3.391437e-03  
  2   2  34   1.944938e+03    1.944938e+03    6.345163e+00    6.345163e+00    2.762987e-04    5.264197e-03  
  2   2  35   1.937946e+03    1.937946e+03    6.848578e+00    6.848578e+00    -8.435035e-03    5.003994e-03  
  2   2  36   1.962384e+03    1.962384e+03    7.072114e+00    7.072114e+00    3.315948e-03    4.211491e-03  
  2   2  37   1.950503e+03    1.950503e+03    6.730968e+00    6.730968e+00    -1.477057e-03    5.224324e-03  
  2   2  38   1.969328e+03    1.969328e+03    7.655757e+00    7.655757e+00    6.155525e-03    5.922828e-03  
  2   2  39   1.994313e+03    1.994313e+03    9.133939e+00    9.133939e+00    3.933352e-04    5.400835e-03  
  2   2  40   1.982801e+03    1.982801e+03    8.379371e+00    8.379371e+00    3.237119e-04    4.386318e-03  
  2   2  41   1.994802e+03    1.994802e+03    9.242970e+00    9.242970e+00    7.286569e-03    5.927753e-03  
  2   2  42   2.001175e+03    2.001175e+03    9.902349e+00    9.902349e+00    -4.761654e-03    5.047190e-03  
  2   2  43   2.021887e+03    2.021887e+03    9.739284e+00    9.739284e+00    -2.675444e-03    4.575414e-03  
  2   2  44   2.032303e+03    2.032303e+03    1.088846e+01    1.088846e+01    3.549061e-03    5.699115e-03  
  2   2  45   2.040041e+03    2.040041e+03    1.186011e+01    1.186011e+01    3.378804e-03    5.680818e-03  
  2   2  46   2.011270e+03    2.011270e+03    1.315014e+01    1.315014e+01    6.462036e-05    6.265521e-03  
  2   2  47   2.046151e+03    2.046151e+03    1.481299e+01    1.481299e+01    6.340934e-03    4.665126e-03  
  2   2  48   2.057698e+03    2.057698e+03    1.784410e+01    1.784410e+01    3.097625e-03    5.897032e-03  
  2   2  49   2.066535e+03    2.066535e+03    2.889613e+01    2.889613e+01    7.728517e-03    4.680164e-03  
  2   2  50   2.072835e+03    2.072835e+03    1.554851e+01    1.554851e+01    -1.001086e-02    5.278193e-03  
  2   2  51   1.925863e+03    1.925863e+03    8.099194e+01    8.099194e+01    -4.851134e-03    4.883375e-03  
  2   2  52   2.022660e+03    2.022660e+03    3.156220e+01    3.156220e+01    -8.233470e-03    4.850998e-03  
  2   2  53   2.074331e+03    2.074331e+03    1.778218e+01    1.778218e+01    4.257051e-03    4.698906e-03  
  2   2  54   2.065679e+03    2.065679e+03    2.454105e+01    2.454105e+01    9.050837e-03    1.078417e-02  
  2   2  55   2.091712e+03    2.091712e+03    1.774617e+01    1.774617e+01    -6.930810e-03    6.928445e-03  
  2   2  56   2.061205e+03    2.061205e+03    1.785001e+01    1.785001e+01    1.569560e-03    6.342110e-03  
  2   2  57   2.076850e+03    2.076850e+03    1.627037e+01    1.627037e+01    -8.055427e-03    4.544920e-03  
  2   2  58   2.078357e+03    2.078357e+03    5.055635e+01    5.055635e+01    -3.094681e-03    4.928502e-03  
  2   2  59   2.070046e+03    2.070046e+03    1.859050e+01    1.859050e+01    4.191373e-03    6.882255e-03  
  2   2  60   2.049217e+03    2.049217e+03    1.629062e+01    1.629062e+01    -6.031098e-03    8.920882e-03  
  2   2  61   2.039780e+03    2.039780e+03    1.618155e+01    1.618155e+01    3.708111e-03    1.051844e-02  
  2   2  62   2.071775e+03    2.071775e+03    1.814612e+01    1.814612e+01    3.993006e-03    4.572390e-03  
  2   3   1   7.963551e+02    7.963551e+02    1.591794e+01    1.591794e+01    2.080487e-03    6.784619e-03  
  2   3   2   7.627065e+02    7.627065e+02    2.757642e+00    2.757642e+00    -6.834625e-03    7.794837e-03  
  2   3   3   4.572539e+02    4.572539e+02    1.414214e+00    1.414214e+00    3.064482e-04    1.400954e-02  
  2   3   4   7.853955e+02    7.853955e+02    2.341211e+00    2.341211e+00    1.909600e-02    1.033268e-02  
  2   3   5   8.015420e+02    8.015420e+02    2.474181e+00    2.474181e+00    1.197394e-02    1.633814e-02  
  3   1   1   8.465539e+02    8.465539e+02    2.090835e+00    2.090835e+00    1.670070e-03    1.774819e-03  
  3   1   2   8.446747e+02    8.446747e+02    2.360640e+00    2.360640e+00    2.883972e-03    2.126858e-03  
  3   1   3   8.340410e+02    8.340410e+02    2.327515e+00    2.327515e+00    7.189615e-03    4.393100e-03  
  3   1   4   8.305251e+02    8.305251e+02    2.510395e+00    2.510395e+00    1.502783e-03    2.396859e-03  
  3   1   5   8.133562e+02    8.133562e+02    2.530095e+00    2.530095e+00    -2.871844e-03    3.979496e-03  
  3   1   6   8.026931e+02    8.026931e+02    2.377199e+00    2.377199e+00    -8.339016e-03    7.709772e-03  
  3   1   7   7.987929e+02    7.987929e+02    2.874938e+00    2.874938e+00    -9.577397e-05    4.793102e-03  
  3   1   8   7.850897e+02    7.850897e+02    3.046683e+00    3.046683e+00    -1.141498e-03    4.356243e-03  
  3   1   9   7.758417e+02    7.758417e+02    4.849882e+00    4.849882e+00    7.352975e-03    5.128708e-03  
  3   1  10   7.759793e+02    7.759793e+02    3.419573e+00    3.419573e+00    4.840764e-03    5.806916e-03  
  3   1  11   7.753586e+02    7.753586e+02    3.600262e+00    3.600262e+00    -3.701967e-03    5.625504e-03  
  3   1  12   7.780448e+02    7.780448e+02    3.901099e+00    3.901099e+00    -1.018744e-02    6.474971e-03  
  3   1  13   7.852916e+02    7.852916e+02    1.969331e+00    1.969331e+00    -5.343066e-03    8.159477e-03  
  3   1  14   7.938820e+02    7.938820e+02    1.987477e+00    1.987477e+00    -6.458352e-03    4.704129e-03  
  3   1  15   7.980292e+02    7.980292e+02    3.062480e+00    3.062480e+00    -1.137211e-03    6.799964e-03  
  3   1  16   7.999596e+02    7.999596e+02    2.336289e+00    2.336289e+00    2.668752e-03    6.736435e-03  
  3   1  17   8.084756e+02    8.084756e+02    2.407789e+00    2.407789e+00    1.272915e-02    7.246343e-03  
  3   1  18   8.207361e+02    8.207361e+02    2.606380e+00    2.606380e+00    -3.009006e-03    4.542158e-03  
  3   1  19   8.306252e+02    8.306252e+02    2.905887e+00    2.905887e+00    7.275970e-04    6.157564e-03  
  3   1  20   8.449372e+02    8.449372e+02    3.369053e+00    3.369053e+00    -7.951151e-03    7.139414e-03  
  3   1  21   8.529515e+02    8.529515e+02    4.061039e+00    4.061039e+00    -1.242718e-04    8.729446e-03  
  3   1  22   8.588556e+02    8.588556e+02    4.749452e+00    4.749452e+00    1.340946e-02    1.139337e-02  
  3   1  23   8.415075e+02    8.415075e+02    5.212481e+00    5.212481e+00    1.053423e-02    1.331633e-02  
  3   2   1   2.077844e+03    2.077844e+03    1.251033e+01    1.251033e+01    4.742892e-03    1.691188e-03  
  3   2   2   2.073046e+03    2.073046e+03    9.884325e+00    9.884325e+00    1.189039e-03    1.616995e-03  
  3   2   3   2.068565e+03    2.068565e+03    1.112898e+01    1.112898e+01    4.749788e-04    1.671044e-03  
  3   2   4   2.056275e+03    2.056275e+03    9.838983e+00    9.838983e+00    -9.148265e-04    1.978306e-03  
  3   2   5   2.029791e+03    2.029791e+03    1.069182e+01    1.069182e+01    3.698709e-03    4.071291e-03  
  3   2   6   2.057113e+03    2.057113e+03    9.800269e+00    9.800269e+00    2.857143e-03    2.157654e-03  
  3   2   7   2.042931e+03    2.042931e+03    9.905369e+00    9.905369e+00    7.377263e-03    2.149132e-03  
  3   2   8   2.032288e+03    2.032288e+03    9.790520e+00    9.790520e+00    1.811085e-03    2.840216e-03  
  3   2   9   2.026297e+03    2.026297e+03    1.006902e+01    1.006902e+01    1.463221e-03    3.777874e-03  
  3   2  10   2.055764e+03    2.055764e+03    1.052315e+01    1.052315e+01    4.636761e-03    3.126213e-03  
  3   2  11   2.029711e+03    2.029711e+03    1.037764e+01    1.037764e+01    -3.940078e-04    3.235101e-03  
  3   2  12   2.020081e+03    2.020081e+03    1.119306e+01    1.119306e+01    -1.537964e-02    4.643156e-03  
  3   2  13   1.999589e+03    1.999589e+03    1.013942e+01    1.013942e+01    -7.766365e-03    4.296686e-03  
  3   2  14   1.990522e+03    1.990522e+03    1.064758e+01    1.064758e+01    1.984143e-03    3.926237e-03  
  3   2  15   1.990932e+03    1.990932e+03    1.001393e+01    1.001393e+01    1.557581e-03    3.959995e-03  
  3   2  16   1.977775e+03    1.977775e+03    1.015761e+01    1.015761e+01    -1.519889e-03    5.504095e-03  
  3   2  17   1.952656e+03    1.952656e+03    1.019258e+01    1.019258e+01    -3.373782e-03    4.172735e-03  
  3   2  18   1.953968e+03    1.953968e+03    1.087452e+01    1.087452e+01    2.143131e-04    4.061113e-03  
  3   2  19   1.935593e+03    1.935593e+03    8.711723e+00    8.711723e+00    -2.762325e-03    4.960087e-03  
  3   2  20   1.934836e+03    1.934836e+03    9.324432e+00    9.324432e+00    -3.513212e-03    3.801324e-03  
  3   2  21   1.940059e+03    1.940059e+03    9.426354e+00    9.426354e+00    -1.205727e-04    3.729723e-03  
  3   2  22   1.919516e+03    1.919516e+03    8.121415e+00    8.121415e+00    3.395610e-03    4.293419e-03  
  3   2  23   1.925987e+03    1.925987e+03    7.958060e+00    7.958060e+00    6.786820e-03    5.858499e-03  
  3   2  24   1.903247e+03    1.903247e+03    7.420382e+00    7.420382e+00    -3.874762e-04    4.879925e-03  
  3   2  25   1.920874e+03    1.920874e+03    7.927827e+00    7.927827e+00    -2.151261e-03    4.710638e-03  
  3   2  26   1.908900e+03    1.908900e+03    6.987239e+00    6.987239e+00    1.591512e-03    6.878338e-03  
  3   2  27   1.901602e+03    1.901602e+03    6.730734e+00    6.730734e+00    2.580216e-03    5.229990e-03  
  3   2  28   1.903462e+03    1.903462e+03    6.211146e+00    6.211146e+00    3.864484e-03    4.674279e-03  
  3   2  29   1.922317e+03    1.922317e+03    6.405346e+00    6.405346e+00    5.834787e-03    4.678544e-03  
  3   2  30   1.925650e+03    1.925650e+03    6.111220e+00    6.111220e+00    -2.187453e-03    3.512457e-03  
  3   2  31   1.916385e+03    1.916385e+03    6.326951e+00    6.326951e+00    -5.678195e-03    4.801620e-03  
  3   2  32   1.927092e+03    1.927092e+03    5.926825e+00    5.926825e+00    -6.333137e-03    4.565229e-03  
  3   2  33   1.933656e+03    1.933656e+03    6.145820e+00    6.145820e+00    -6.276748e-03    3.849975e-03  
  3   2  34   1.957024e+03    1.957024e+03    6.666005e+00    6.666005e+00    -6.157355e-03    4.235820e-03  
  3   2  35   1.964247e+03    1.964247e+03    7.137990e+00    7.137990e+00    -4.101408e-03    5.994677e-03  
  3   2  36   1.955339e+03    1.955339e+03    6.727028e+00    6.727028e+00    -2.044799e-03    5.094830e-03  
  3   2  37   1.959603e+03    1.959603e+03    7.483012e+00    7.483012e+00    3.225279e-03    4.695566e-03  
  3   2  38   1.984013e+03    1.984013e+03    7.488439e+00    7.488439e+00    5.021834e-04    6.533136e-03  
  3   2  39   1.992347e+03    1.992347e+03    7.722504e+00    7.722504e+00    -1.298278e-02    4.371147e-03  
  3   2  40   1.981437e+03    1.981437e+03    8.452207e+00    8.452207e+00    4.564630e-03    5.226628e-03  
  3   2  41   1.992765e+03    1.992765e+03    9.098699e+00    9.098699e+00    8.399515e-03    4.432394e-03  
  3   2  42   2.016512e+03    2.016512e+03    9.564612e+00    9.564612e+00    4.933351e-03    6.845731e-03  
  3   2  43   1.995611e+03    1.995611e+03    9.963316e+00    9.963316e+00    2.735043e-04    3.633901e-03  
  3   2  44   2.037652e+03    2.037652e+03    1.136116e+01    1.136116e+01    3.451432e-03    4.328686e-03  
  3   2  45   2.012259e+03    2.012259e+03    1.135352e+01    1.135352e+01    -3.582567e-03    5.086970e-03  
  3   2  46   2.055387e+03    2.055387e+03    1.583484e+01    1.583484e+01    4.301304e-03    4.510275e-03  
  3   2  47   2.034903e+03    2.034903e+03    1.622213e+01    1.622213e+01    2.289726e-03    4.473547e-03  
  3   2  48   2.038200e+03    2.038200e+03    2.795988e+01    2.795988e+01    -2.752218e-03    4.768013e-03  
  3   2  49   2.075553e+03    2.075553e+03    2.373452e+01    2.373452e+01    -1.321040e-03    6.972565e-03  
  3   2  50   2.049774e+03    2.049774e+03    2.758837e+01    2.758837e+01    7.572519e-03    4.273460e-03  
  3   2  51   2.059832e+03    2.059832e+03    1.616478e+01    1.616478e+01    -5.746650e-04    3.956404e-03  
  3   2  52   2.002151e+03    2.002151e+03    1.514619e+01    1.514619e+01    -4.420260e-03    5.151145e-03  
  3   2  53   2.090122e+03    2.090122e+03    2.564395e+01    2.564395e+01    -9.034075e-03    4.668712e-03  
  3   2  54   2.086614e+03    2.086614e+03    2.956516e+01    2.956516e+01    6.488648e-03    6.936739e-03  
  3   2  55   2.054247e+03    2.054247e+03    4.608731e+01    4.608731e+01    -7.312399e-04    5.935547e-03  
  3   2  56   2.054940e+03    2.054940e+03    1.856417e+01    1.856417e+01    3.979275e-03    5.756195e-03  
  3   2  57   2.080032e+03    2.080032e+03    2.065164e+01    2.065164e+01    -1.732074e-02    7.486708e-03  
  3   2  58   2.027287e+03    2.027287e+03    1.525634e+01    1.525634e+01    -3.174408e-03    5.142293e-03  
  3   2  59   2.027817e+03    2.027817e+03    1.916403e+01    1.916403e+01    -1.117054e-02    7.925233e-03  
  3   2  60   2.053526e+03    2.053526e+03    1.538156e+01    1.538156e+01    5.252462e-04    5.705538e-03  
  3   2  61   2.078177e+03    2.078177e+03    1.789677e+01    1.789677e+01    -2.303665e-03    6.508526e-03  
  3   2  62   2.089202e+03    2.089202e+03    1.429059e+01    1.429059e+01    1.255203e-03    5.219878e-03  
  3   3   1   7.937832e+02    7.937832e+02    1.788549e+01    1.788549e+01    -4.907504e-03    6.101340e-03  
  3   3   2   7.661486e+02    7.661486e+02    3.609968e+00    3.609968e+00    -1.180477e-02    1.316924e-02  
  3   3   3   1.000000e+01    1.000000e+01    1.414214e+00    1.414214e+00    0.000000e+00    0.000000e+00  
  3   3   4   7.845532e+02    7.845532e+02    2.702489e+00    2.702489e+00    1.672459e-02    1.322017e-02  
  3   3   5   8.027910e+02    8.027910e+02    2.390603e+00    2.390603e+00    -4.279304e-03    1.098076e-02  
  4   1   1   8.458798e+02    8.458798e+02    2.221641e+00    2.221641e+00    1.680557e-03    1.604896e-03  
  4   1   2   8.445820e+02    8.445820e+02    2.403500e+00    2.403500e+00    -2.369997e-03    2.202163e-03  
  4   1   3   8.339360e+02    8.339360e+02    2.375209e+00    2.375209e+00    3.006189e-04    2.216082e-03  
  4   1   4   8.298084e+02    8.298084e+02    2.478990e+00    2.478990e+00    4.256011e-03    3.245921e-03  
  4   1   5   8.173046e+02    8.173046e+02    2.340509e+00    2.340509e+00    1.386021e-03    3.213526e-03  
  4   1   6   8.075467e+02    8.075467e+02    2.423997e+00    2.423997e+00    -5.377983e-03    3.829175e-03  
  4   1   7   8.013226e+02    8.013226e+02    2.260177e+00    2.260177e+00    3.619647e-03    3.472344e-03  
  4   1   8   7.817779e+02    7.817779e+02    3.380792e+00    3.380792e+00    -1.173184e-03    3.613553e-03  
  4   1   9   7.703770e+02    7.703770e+02    3.999783e+00    3.999783e+00    4.073603e-03    4.443714e-03  
  4   1  10   7.761390e+02    7.761390e+02    4.013247e+00    4.013247e+00    3.612849e-03    5.002380e-03  
  4   1  11   7.740559e+02    7.740559e+02    3.989878e+00    3.989878e+00    4.962759e-03    4.135916e-03  
  4   1  12   7.767004e+02    7.767004e+02    3.155986e+00    3.155986e+00    -1.756704e-03    5.030098e-03  
  4   1  13   7.808898e+02    7.808898e+02    3.293744e+00    3.293744e+00    -6.233766e-03    5.489348e-03  
  4   1  14   7.948851e+02    7.948851e+02    1.916168e+00    1.916168e+00    -4.084042e-03    5.889675e-03  
  4   1  15   7.961645e+02    7.961645e+02    4.139926e+00    4.139926e+00    -2.659166e-03    5.838759e-03  
  4   1  16   7.997069e+02    7.997069e+02    2.307916e+00    2.307916e+00    -6.030387e-03    5.168855e-03  
  4   1  17   8.104301e+02    8.104301e+02    2.461228e+00    2.461228e+00    -1.353103e-02    6.768256e-03  
  4   1  18   8.246986e+02    8.246986e+02    2.700952e+00    2.700952e+00    7.261302e-04    5.229396e-03  
  4   1  19   8.287070e+02    8.287070e+02    2.941563e+00    2.941563e+00    -1.126151e-02    8.061234e-03  
  4   1  20   8.437879e+02    8.437879e+02    3.544910e+00    3.544910e+00    -1.596529e-02    1.015458e-02  
  4   1  21   8.499347e+02    8.499347e+02    3.962134e+00    3.962134e+00    8.734413e-03    7.558505e-03  
  4   1  22   8.596185e+02    8.596185e+02    4.663859e+00    4.663859e+00    1.319829e-03    7.789017e-03  
  4   1  23   8.451442e+02    8.451442e+02    4.889794e+00    4.889794e+00    -1.005025e-02    8.085756e-03  
  4   2   1   2.091484e+03    2.091484e+03    1.262604e+01    1.262604e+01    -4.715591e-05    1.808600e-03  
  4   2   2   2.078740e+03    2.078740e+03    1.051354e+01    1.051354e+01    -6.722689e-04    1.700033e-03  
  4   2   3   2.074717e+03    2.074717e+03    9.495405e+00    9.495405e+00    -6.798385e-05    1.690052e-03  
  4   2   4   2.059533e+03    2.059533e+03    8.474071e+00    8.474071e+00    1.474938e-03    1.712388e-03  
  4   2   5   2.045956e+03    2.045956e+03    9.166961e+00    9.166961e+00    2.709313e-03    2.215108e-03  
  4   2   6   2.061605e+03    2.061605e+03    9.755971e+00    9.755971e+00    -1.617395e-03    3.666913e-03  
  4   2   7   2.050860e+03    2.050860e+03    9.468553e+00    9.468553e+00    -2.010280e-03    2.597613e-03  
  4   2   8   2.020182e+03    2.020182e+03    1.043269e+01    1.043269e+01    1.409278e-03    2.715157e-03  
  4   2   9   2.009165e+03    2.009165e+03    1.015823e+01    1.015823e+01    5.301298e-03    2.678259e-03  
  4   2  10   2.033994e+03    2.033994e+03    9.801065e+00    9.801065e+00    -1.565864e-04    3.006948e-03  
  4   2  11   2.023142e+03    2.023142e+03    1.178583e+01    1.178583e+01    -1.407156e-03    4.809856e-03  
  4   2  12   2.008289e+03    2.008289e+03    1.060872e+01    1.060872e+01    3.369103e-03    3.892796e-03  
  4   2  13   1.986873e+03    1.986873e+03    1.040638e+01    1.040638e+01    -3.552711e-03    3.718606e-03  
  4   2  14   2.015412e+03    2.015412e+03    1.042074e+01    1.042074e+01    5.654820e-04    4.141366e-03  
  4   2  15   1.996597e+03    1.996597e+03    1.039650e+01    1.039650e+01    -4.961240e-03    7.728029e-03  
  4   2  16   1.964147e+03    1.964147e+03    1.252163e+01    1.252163e+01    3.013923e-03    2.909981e-03  
  4   2  17   1.965807e+03    1.965807e+03    1.133005e+01    1.133005e+01    -4.793289e-04    3.792452e-03  
  4   2  18   1.967652e+03    1.967652e+03    1.090283e+01    1.090283e+01    8.628659e-04    5.746496e-03  
  4   2  19   1.949514e+03    1.949514e+03    1.008303e+01    1.008303e+01    4.352050e-03    3.817667e-03  
  4   2  20   1.932541e+03    1.932541e+03    8.140377e+00    8.140377e+00    7.285145e-04    4.682502e-03  
  4   2  21   1.941889e+03    1.941889e+03    9.804630e+00    9.804630e+00    3.299577e-03    3.440665e-03  
  4   2  22   1.915958e+03    1.915958e+03    8.518008e+00    8.518008e+00    4.725483e-03    6.603749e-03  
  4   2  23   1.923753e+03    1.923753e+03    8.619576e+00    8.619576e+00    1.777141e-03    4.334866e-03  
  4   2  24   1.912060e+03    1.912060e+03    7.732180e+00    7.732180e+00    2.432619e-03    5.995349e-03  
  4   2  25   1.914832e+03    1.914832e+03    6.579101e+00    6.579101e+00    4.576813e-04    3.274696e-03  
  4   2  26   1.912278e+03    1.912278e+03    6.959339e+00    6.959339e+00    4.618447e-03    4.011299e-03  
  4   2  27   1.917333e+03    1.917333e+03    7.251030e+00    7.251030e+00    -3.753511e-03    3.764168e-03  
  4   2  28   1.912540e+03    1.912540e+03    6.572047e+00    6.572047e+00    -2.353317e-03    4.280172e-03  
  4   2  29   1.915237e+03    1.915237e+03    6.555818e+00    6.555818e+00    5.502579e-04    3.836691e-03  
  4   2  30   1.929900e+03    1.929900e+03    6.407688e+00    6.407688e+00    -7.860422e-03    6.947396e-03  
  4   2  31   1.924616e+03    1.924616e+03    6.103511e+00    6.103511e+00    -1.277053e-03    3.808584e-03  
  4   2  32   1.333333e+01    1.333333e+01    1.414214e+00    1.414214e+00    0.000000e+00    0.000000e+00  
  4   2  33   1.935405e+03    1.935405e+03    6.386162e+00    6.386162e+00    4.192750e-04    9.261614e-03  
  4   2  34   1.953048e+03    1.953048e+03    6.278082e+00    6.278082e+00    -8.593465e-03    4.468600e-03  
  4   2  35   1.958247e+03    1.958247e+03    7.090485e+00    7.090485e+00    7.152836e-04    4.603855e-03  
  4   2  36   1.957889e+03    1.957889e+03    7.213891e+00    7.213891e+00    6.833044e-03    5.147436e-03  
  4   2  37   1.954580e+03    1.954580e+03    7.303703e+00    7.303703e+00    -3.790634e-03    4.276046e-03  
  4   2  38   1.973135e+03    1.973135e+03    7.929509e+00    7.929509e+00    -1.790481e-03    3.734223e-03  
  4   2  39   1.999087e+03    1.999087e+03    8.376332e+00    8.376332e+00    8.528785e-05    4.379288e-03  
  4   2  40   1.992067e+03    1.992067e+03    8.778961e+00    8.778961e+00    4.931946e-03    4.144394e-03  
  4   2  41   1.998687e+03    1.998687e+03    9.471979e+00    9.471979e+00    1.656930e-03    7.020163e-03  
  4   2  42   2.016973e+03    2.016973e+03    9.929918e+00    9.929918e+00    -1.569459e-03    4.852776e-03  
  4   2  43   2.026369e+03    2.026369e+03    1.071608e+01    1.071608e+01    2.574283e-03    6.397168e-03  
  4   2  44   2.024779e+03    2.024779e+03    1.261397e+01    1.261397e+01    -1.137110e-02    9.263510e-03  
  4   2  45   2.042582e+03    2.042582e+03    1.210313e+01    1.210313e+01    -7.128817e-04    5.558105e-03  
  4   2  46   2.018732e+03    2.018732e+03    1.116307e+01    1.116307e+01    -3.639770e-03    4.944560e-03  
  4   2  47   2.030369e+03    2.030369e+03    1.853053e+01    1.853053e+01    -8.133067e-03    8.012566e-03  
  4   2  48   2.055279e+03    2.055279e+03    1.376345e+01    1.376345e+01    -8.524590e-04    4.516102e-03  
  4   2  49   2.051472e+03    2.051472e+03    3.154100e+01    3.154100e+01    -1.684557e-02    7.727719e-03  
  4   2  50   2.090012e+03    2.090012e+03    2.528642e+01    2.528642e+01    -3.032231e-03    5.506712e-03  
  4   2  51   2.066468e+03    2.066468e+03    2.304833e+01    2.304833e+01    -1.413911e-03    4.621052e-03  
  4   2  52   2.068048e+03    2.068048e+03    1.942729e+01    1.942729e+01    -1.653631e-03    3.745132e-03  
  4   2  53   2.100014e+03    2.100014e+03    2.038914e+01    2.038914e+01    -1.348883e-03    5.086037e-03  
  4   2  54   2.085958e+03    2.085958e+03    1.687840e+01    1.687840e+01    -1.752592e-03    6.334977e-03  
  4   2  55   2.057946e+03    2.057946e+03    2.834660e+01    2.834660e+01    1.190831e-04    7.994494e-03  
  4   2  56   2.067594e+03    2.067594e+03    2.415980e+01    2.415980e+01    -4.010145e-03    4.416887e-03  
  4   2  57   2.104810e+03    2.104810e+03    2.043024e+01    2.043024e+01    -1.338705e-02    6.615864e-03  
  4   2  58   2.078048e+03    2.078048e+03    1.752764e+01    1.752764e+01    -1.601232e-03    5.589972e-03  
  4   2  59   2.060236e+03    2.060236e+03    1.883241e+01    1.883241e+01    -1.734970e-03    4.947885e-03  
  4   2  60   2.048688e+03    2.048688e+03    1.708890e+01    1.708890e+01    6.002621e-03    5.362864e-03  
  4   2  61   2.047772e+03    2.047772e+03    1.653505e+01    1.653505e+01    -8.284290e-03    5.865067e-03  
  4   2  62   2.064875e+03    2.064875e+03    1.979156e+01    1.979156e+01    3.063063e-03    6.840152e-03  
  4   3   1   7.610692e+02    7.610692e+02    3.083710e+00    3.083710e+00    -8.096323e-03    9.008913e-03  
  4   3   2   7.653688e+02    7.653688e+02    2.556899e+00    2.556899e+00    -7.762312e-03    8.256578e-03  
  4   3   3   -1.087789e+03    -1.087789e+03    1.071727e+02    1.071727e+02    -3.048117e-03    1.000244e-02  
  4   3   4   7.867179e+02    7.867179e+02    1.765964e+00    1.765964e+00    9.613860e-17    1.363612e-02  
  4   3   5   8.016083e+02    8.016083e+02    2.322876e+00    2.322876e+00    2.085603e-02    1.073425e-02  
  5   1   1   8.501314e+02    8.501314e+02    2.209951e+00    2.209951e+00    8.967174e-04    1.497135e-03  
  5   1   2   8.423215e+02    8.423215e+02    2.263086e+00    2.263086e+00    2.263514e-03    1.977586e-03  
  5   1   3   8.366496e+02    8.366496e+02    2.452150e+00    2.452150e+00    4.115245e-03    2.301691e-03  
  5   1   4   8.284588e+02    8.284588e+02    2.508462e+00    2.508462e+00    1.411549e-03    2.716469e-03  
  5   1   5   8.148269e+02    8.148269e+02    2.643074e+00    2.643074e+00    4.519026e-03    3.484025e-03  
  5   1   6   8.048108e+02    8.048108e+02    2.533926e+00    2.533926e+00    4.633934e-03    2.769828e-03  
  5   1   7   7.942514e+02    7.942514e+02    2.717920e+00    2.717920e+00    7.885963e-03    6.443151e-03  
  5   1   8   7.858796e+02    7.858796e+02    3.031947e+00    3.031947e+00    2.502666e-03    4.987488e-03  
  5   1   9   7.790173e+02    7.790173e+02    4.074579e+00    4.074579e+00    -1.920705e-03    6.754375e-03  
  5   1  10   7.747519e+02    7.747519e+02    4.140132e+00    4.140132e+00    -3.556718e-03    4.270924e-03  
  5   1  11   7.683557e+02    7.683557e+02    1.042384e+01    1.042384e+01    1.952609e-04    5.207108e-03  
  5   1  12   7.772109e+02    7.772109e+02    3.231091e+00    3.231091e+00    -4.725803e-03    5.388143e-03  
  5   1  13   7.858926e+02    7.858926e+02    2.022341e+00    2.022341e+00    -5.763646e-03    4.985568e-03  
  5   1  14   7.893689e+02    7.893689e+02    2.138945e+00    2.138945e+00    -6.087345e-03    7.385482e-03  
  5   1  15   7.865406e+02    7.865406e+02    2.149602e+00    2.149602e+00    -2.376014e-02    8.339610e-03  
  5   1  16   7.992226e+02    7.992226e+02    2.312433e+00    2.312433e+00    1.507324e-16    4.296829e-03  
  5   1  17   8.068876e+02    8.068876e+02    2.275643e+00    2.275643e+00    -1.241840e-02    7.902650e-03  
  5   1  18   8.231511e+02    8.231511e+02    2.653296e+00    2.653296e+00    -1.322432e-03    6.528695e-03  
  5   1  19   8.317835e+02    8.317835e+02    2.869774e+00    2.869774e+00    -9.679819e-03    5.556906e-03  
  5   1  20   8.446386e+02    8.446386e+02    3.366125e+00    3.366125e+00    -1.970503e-02    1.507323e-02  
  5   1  21   8.445013e+02    8.445013e+02    4.095791e+00    4.095791e+00    5.856905e-03    6.060695e-03  
  5   1  22   8.473549e+02    8.473549e+02    4.890992e+00    4.890992e+00    -5.325591e-03    7.506307e-03  
  5   1  23   8.399879e+02    8.399879e+02    5.272517e+00    5.272517e+00    -3.889760e-03    7.476834e-03  
  5   2   1   2.088683e+03    2.088683e+03    1.170062e+01    1.170062e+01    3.343731e-03    1.612217e-03  
  5   2   2   2.059662e+03    2.059662e+03    1.014631e+01    1.014631e+01    3.163741e-03    3.443766e-03  
  5   2   3   2.048624e+03    2.048624e+03    9.223374e+00    9.223374e+00    -1.641026e-03    1.823062e-03  
  5   2   4   2.036427e+03    2.036427e+03    9.904295e+00    9.904295e+00    2.818555e-03    2.560064e-03  
  5   2   5   2.055812e+03    2.055812e+03    9.647562e+00    9.647562e+00    3.242617e-03    2.069991e-03  
  5   2   6   2.056714e+03    2.056714e+03    9.623041e+00    9.623041e+00    -1.095485e-03    2.110002e-03  
  5   2   7   2.008180e+03    2.008180e+03    1.007562e+01    1.007562e+01    2.752363e-03    2.885171e-03  
  5   2   8   2.019685e+03    2.019685e+03    9.988294e+00    9.988294e+00    4.812030e-03    2.791775e-03  
  5   2   9   2.033227e+03    2.033227e+03    1.071291e+01    1.071291e+01    -3.204486e-04    2.561581e-03  
  5   2  10   2.025221e+03    2.025221e+03    1.020035e+01    1.020035e+01    8.813693e-04    2.717993e-03  
  5   2  11   2.023025e+03    2.023025e+03    1.041066e+01    1.041066e+01    -1.147639e-03    3.673372e-03  
  5   2  12   2.004142e+03    2.004142e+03    1.000432e+01    1.000432e+01    3.481038e-03    5.246730e-03  
  5   2  13   2.002340e+03    2.002340e+03    1.000398e+01    1.000398e+01    3.312761e-03    3.758689e-03  
  5   2  14   2.001005e+03    2.001005e+03    1.161289e+01    1.161289e+01    1.111338e-03    3.941630e-03  
  5   2  15   1.976388e+03    1.976388e+03    1.088983e+01    1.088983e+01    -2.278379e-03    4.172173e-03  
  5   2  16   1.981885e+03    1.981885e+03    1.225757e+01    1.225757e+01    6.674847e-03    5.011104e-03  
  5   2  17   1.970855e+03    1.970855e+03    9.867703e+00    9.867703e+00    9.285855e-03    4.400983e-03  
  5   2  18   1.954707e+03    1.954707e+03    1.046389e+01    1.046389e+01    8.930089e-03    3.675001e-03  
  5   2  19   1.931461e+03    1.931461e+03    1.039076e+01    1.039076e+01    3.852863e-03    4.413163e-03  
  5   2  20   1.914384e+03    1.914384e+03    9.971910e+00    9.971910e+00    1.988326e-03    4.213913e-03  
  5   2  21   1.930219e+03    1.930219e+03    8.878576e+00    8.878576e+00    1.955255e-03    3.943024e-03  
  5   2  22   1.917425e+03    1.917425e+03    8.484946e+00    8.484946e+00    -3.295935e-03    4.694083e-03  
  5   2  23   1.926678e+03    1.926678e+03    7.890379e+00    7.890379e+00    -3.715653e-03    7.129635e-03  
  5   2  24   1.925237e+03    1.925237e+03    8.131238e+00    8.131238e+00    -7.476383e-03    4.561967e-03  
  5   2  25   1.914725e+03    1.914725e+03    7.172294e+00    7.172294e+00    -7.284101e-03    4.682957e-03  
  5   2  26   1.920036e+03    1.920036e+03    7.525289e+00    7.525289e+00    5.925926e-03    4.383735e-03  
  5   2  27   1.913786e+03    1.913786e+03    6.601899e+00    6.601899e+00    -6.936038e-03    5.569995e-03  
  5   2  28   1.913618e+03    1.913618e+03    6.820702e+00    6.820702e+00    4.810888e-03    5.645401e-03  
  5   2  29   1.912516e+03    1.912516e+03    6.381758e+00    6.381758e+00    -1.916933e-03    4.879821e-03  
  5   2  30   1.919006e+03    1.919006e+03    6.204948e+00    6.204948e+00    7.812742e-03    4.895169e-03  
  5   2  31   1.923158e+03    1.923158e+03    6.439104e+00    6.439104e+00    1.472618e-04    5.915007e-03  
  5   2  32   1.924938e+03    1.924938e+03    5.890247e+00    5.890247e+00    6.238318e-03    4.433998e-03  
  5   2  33   1.944258e+03    1.944258e+03    6.614536e+00    6.614536e+00    -5.122411e-03    7.252060e-03  
  5   2  34   1.945031e+03    1.945031e+03    6.369217e+00    6.369217e+00    -7.133183e-03    5.949951e-03  
  5   2  35   1.951917e+03    1.951917e+03    6.789991e+00    6.789991e+00    -7.585522e-03    3.853303e-03  
  5   2  36   1.949611e+03    1.949611e+03    6.913372e+00    6.913372e+00    -1.315686e-02    4.547621e-03  
  5   2  37   1.961928e+03    1.961928e+03    7.240698e+00    7.240698e+00    -5.759305e-03    5.050133e-03  
  5   2  38   1.985317e+03    1.985317e+03    7.789450e+00    7.789450e+00    -4.830107e-03    3.778297e-03  
  5   2  39   1.996156e+03    1.996156e+03    8.081818e+00    8.081818e+00    1.212777e-03    4.742672e-03  
  5   2  40   1.986033e+03    1.986033e+03    8.030868e+00    8.030868e+00    -1.494095e-03    6.062730e-03  
  5   2  41   1.989762e+03    1.989762e+03    8.888075e+00    8.888075e+00    -4.370391e-05    5.320202e-03  
  5   2  42   2.020448e+03    2.020448e+03    1.132769e+01    1.132769e+01    -1.184793e-02    5.682184e-03  
  5   2  43   2.022678e+03    2.022678e+03    1.051135e+01    1.051135e+01    -5.095678e-03    4.289912e-03  
  5   2  44   2.025196e+03    2.025196e+03    9.906089e+00    9.906089e+00    -4.568350e-03    4.494260e-03  
  5   2  45   2.045452e+03    2.045452e+03    1.461293e+01    1.461293e+01    2.592741e-03    7.278616e-03  
  5   2  46   2.019942e+03    2.019942e+03    1.075338e+01    1.075338e+01    -3.645791e-03    4.459070e-03  
  5   2  47   2.057695e+03    2.057695e+03    1.539363e+01    1.539363e+01    -1.461776e-03    6.390001e-03  
  5   2  48   2.011725e+03    2.011725e+03    9.552033e+00    9.552033e+00    -6.417582e-03    5.126785e-03  
  5   2  49   1.333333e+01    1.333333e+01    1.414214e+00    1.414214e+00    0.000000e+00    0.000000e+00  
  5   2  50   2.059506e+03    2.059506e+03    1.876000e+01    1.876000e+01    -1.417921e-02    6.379735e-03  
  5   2  51   2.086329e+03    2.086329e+03    2.209964e+01    2.209964e+01    2.503912e-03    6.031177e-03  
  5   2  52   2.066223e+03    2.066223e+03    1.479239e+01    1.479239e+01    5.395764e-03    6.515730e-03  
  5   2  53   2.067274e+03    2.067274e+03    1.629109e+01    1.629109e+01    -2.978423e-03    5.446098e-03  
  5   2  54   2.066761e+03    2.066761e+03    2.225695e+01    2.225695e+01    3.104056e-03    7.462308e-03  
  5   2  55   2.067675e+03    2.067675e+03    3.518603e+01    3.518603e+01    5.374190e-03    8.027729e-03  
  5   2  56   2.030849e+03    2.030849e+03    3.878164e+01    3.878164e+01    3.547034e-03    4.866389e-03  
  5   2  57   2.038473e+03    2.038473e+03    1.676894e+01    1.676894e+01    -1.383705e-03    4.906482e-03  
  5   2  58   2.126392e+03    2.126392e+03    2.514401e+01    2.514401e+01    -5.924067e-03    5.023834e-03  
  5   2  59   2.035909e+03    2.035909e+03    1.481320e+01    1.481320e+01    7.260380e-03    6.807837e-03  
  5   2  60   2.049140e+03    2.049140e+03    1.620428e+01    1.620428e+01    5.723370e-03    6.365552e-03  
  5   2  61   2.076641e+03    2.076641e+03    1.751340e+01    1.751340e+01    -6.073332e-03    8.456152e-03  
  5   2  62   2.059846e+03    2.059846e+03    1.844885e+01    1.844885e+01    1.162171e-02    5.759929e-03  
  5   3   1   7.663155e+02    7.663155e+02    3.479122e+00    3.479122e+00    -1.317525e-02    8.042264e-03  
  5   3   2   7.632542e+02    7.632542e+02    2.971721e+00    2.971721e+00    5.416498e-03    6.161611e-03  
  5   3   3   2.728201e+02    2.728201e+02    9.836887e+01    9.836887e+01    -6.649573e-03    9.856400e-03  
  5   3   4   7.839825e+02    7.839825e+02    2.637921e+00    2.637921e+00    6.458797e-03    1.111103e-02  
  5   3   5   8.039728e+02    8.039728e+02    2.251882e+00    2.251882e+00    8.710924e-03    1.255724e-02  
  6   1   1   8.509881e+02    8.509881e+02    2.180565e+00    2.180565e+00    -4.530524e-04    1.436675e-03  
  6   1   2   8.400256e+02    8.400256e+02    2.135040e+00    2.135040e+00    1.616333e-03    1.442489e-03  
  6   1   3   8.349203e+02    8.349203e+02    2.460154e+00    2.460154e+00    -1.041667e-04    1.717434e-03  
  6   1   4   8.298509e+02    8.298509e+02    2.404618e+00    2.404618e+00    7.489969e-04    2.702772e-03  
  6   1   5   8.089225e+02    8.089225e+02    2.767014e+00    2.767014e+00    4.730983e-03    2.782527e-03  
  6   1   6   8.055362e+02    8.055362e+02    2.716572e+00    2.716572e+00    1.300971e-03    2.800324e-03  
  6   1   7   8.010710e+02    8.010710e+02    3.169685e+00    3.169685e+00    9.277603e-03    5.057757e-03  
  6   1   8   7.894390e+02    7.894390e+02    2.720079e+00    2.720079e+00    -1.479747e-03    3.833598e-03  
  6   1   9   7.780317e+02    7.780317e+02    4.291423e+00    4.291423e+00    -3.468736e-03    4.201054e-03  
  6   1  10   7.699918e+02    7.699918e+02    5.556992e+00    5.556992e+00    6.484642e-04    5.008056e-03  
  6   1  11   7.751025e+02    7.751025e+02    3.222022e+00    3.222022e+00    -1.593920e-03    6.870686e-03  
  6   1  12   7.617354e+02    7.617354e+02    2.251211e+00    2.251211e+00    1.140997e-02    2.184712e-02  
  6   1  13   7.854175e+02    7.854175e+02    2.162395e+00    2.162395e+00    -8.733204e-03    6.861298e-03  
  6   1  14   7.877782e+02    7.877782e+02    3.725290e+00    3.725290e+00    -1.165207e-02    5.923264e-03  
  6   1  15   7.939297e+02    7.939297e+02    3.269562e+00    3.269562e+00    -7.866368e-03    5.642538e-03  
  6   1  16   7.978641e+02    7.978641e+02    2.109516e+00    2.109516e+00    -6.987020e-03    6.542309e-03  
  6   1  17   8.057411e+02    8.057411e+02    2.223465e+00    2.223465e+00    2.854926e-03    5.302932e-03  
  6   1  18   8.176781e+02    8.176781e+02    2.533830e+00    2.533830e+00    2.241485e-03    6.386589e-03  
  6   1  19   8.239048e+02    8.239048e+02    2.999492e+00    2.999492e+00    -7.135807e-03    6.458242e-03  
  6   1  20   8.396699e+02    8.396699e+02    3.459924e+00    3.459924e+00    6.196712e-03    5.147235e-03  
  6   1  21   8.465874e+02    8.465874e+02    4.080479e+00    4.080479e+00    -5.612115e-03    8.186085e-03  
  6   1  22   8.545156e+02    8.545156e+02    5.007279e+00    5.007279e+00    5.848002e-03    7.791529e-03  
  6   1  23   8.447321e+02    8.447321e+02    5.404580e+00    5.404580e+00    -1.960517e-03    9.360328e-03  
  6   2   1   2.080945e+03    2.080945e+03    1.437927e+01    1.437927e+01    3.878185e-03    2.174154e-03  
  6   2   2   2.072297e+03    2.072297e+03    1.021445e+01    1.021445e+01    2.783552e-03    1.658833e-03  
  6   2   3   2.066144e+03    2.066144e+03    9.734331e+00    9.734331e+00    7.669862e-04    2.356800e-03  
  6   2   4   2.043489e+03    2.043489e+03    8.653319e+00    8.653319e+00    1.759623e-03    2.105353e-03  
  6   2   5   2.048225e+03    2.048225e+03    9.100260e+00    9.100260e+00    2.217090e-03    2.407566e-03  
  6   2   6   2.069763e+03    2.069763e+03    1.001037e+01    1.001037e+01    3.955056e-03    2.583518e-03  
  6   2   7   2.030963e+03    2.030963e+03    9.227076e+00    9.227076e+00    5.695017e-04    1.931142e-03  
  6   2   8   2.045439e+03    2.045439e+03    1.104220e+01    1.104220e+01    -7.880221e-04    3.101385e-03  
  6   2   9   2.016569e+03    2.016569e+03    9.353428e+00    9.353428e+00    -3.157088e-03    2.568679e-03  
  6   2  10   2.023832e+03    2.023832e+03    9.645343e+00    9.645343e+00    3.621590e-03    2.702097e-03  
  6   2  11   2.014101e+03    2.014101e+03    9.356321e+00    9.356321e+00    -5.508799e-04    2.504696e-03  
  6   2  12   1.999477e+03    1.999477e+03    1.011431e+01    1.011431e+01    -1.028319e-03    2.891396e-03  
  6   2  13   2.003345e+03    2.003345e+03    1.111206e+01    1.111206e+01    -1.847276e-03    3.084475e-03  
  6   2  14   1.986531e+03    1.986531e+03    1.015066e+01    1.015066e+01    3.396152e-03    3.954461e-03  
  6   2  15   1.985545e+03    1.985545e+03    9.882932e+00    9.882932e+00    -3.828202e-03    5.017756e-03  
  6   2  16   1.976088e+03    1.976088e+03    9.459490e+00    9.459490e+00    5.475403e-03    4.097112e-03  
  6   2  17   1.980710e+03    1.980710e+03    1.049975e+01    1.049975e+01    1.067294e-03    4.536192e-03  
  6   2  18   1.944912e+03    1.944912e+03    1.068998e+01    1.068998e+01    -2.050069e-03    4.546204e-03  
  6   2  19   1.971636e+03    1.971636e+03    1.037577e+01    1.037577e+01    -8.888889e-04    3.846815e-03  
  6   2  20   1.929146e+03    1.929146e+03    8.668823e+00    8.668823e+00    -2.731195e-03    6.286834e-03  
  6   2  21   1.947933e+03    1.947933e+03    8.280713e+00    8.280713e+00    1.531568e-16    3.972482e-03  
  6   2  22   1.942123e+03    1.942123e+03    9.075277e+00    9.075277e+00    -2.973978e-05    4.397680e-03  
  6   2  23   1.923463e+03    1.923463e+03    7.052286e+00    7.052286e+00    2.334935e-03    5.080525e-03  
  6   2  24   1.917027e+03    1.917027e+03    7.409098e+00    7.409098e+00    3.888214e-04    4.312891e-03  
  6   2  25   1.917396e+03    1.917396e+03    7.184164e+00    7.184164e+00    -3.507589e-03    5.157757e-03  
  6   2  26   1.917314e+03    1.917314e+03    7.013039e+00    7.013039e+00    1.280000e-03    7.069142e-03  
  6   2  27   1.908703e+03    1.908703e+03    6.795837e+00    6.795837e+00    -3.768069e-03    3.447091e-03  
  6   2  28   1.916231e+03    1.916231e+03    6.594301e+00    6.594301e+00    -5.518131e-03    5.311509e-03  
  6   2  29   1.918662e+03    1.918662e+03    6.410930e+00    6.410930e+00    -3.107283e-03    5.045769e-03  
  6   2  30   1.919460e+03    1.919460e+03    6.497943e+00    6.497943e+00    -3.729024e-04    5.472566e-03  
  6   2  31   1.920903e+03    1.920903e+03    6.089152e+00    6.089152e+00    -9.525804e-03    4.932774e-03  
  6   2  32   1.936191e+03    1.936191e+03    6.129670e+00    6.129670e+00    2.739888e-03    4.274061e-03  
  6   2  33   1.936090e+03    1.936090e+03    6.887368e+00    6.887368e+00    -1.091595e-03    5.110159e-03  
  6   2  34   1.948655e+03    1.948655e+03    6.466410e+00    6.466410e+00    -5.521962e-03    4.418907e-03  
  6   2  35   1.947958e+03    1.947958e+03    7.204529e+00    7.204529e+00    7.717407e-04    5.361683e-03  
  6   2  36   1.952383e+03    1.952383e+03    6.705047e+00    6.705047e+00    -7.797441e-03    6.946003e-03  
  6   2  37   1.964547e+03    1.964547e+03    7.133010e+00    7.133010e+00    -1.788079e-03    1.052909e-02  
  6   2  38   1.976595e+03    1.976595e+03    7.353045e+00    7.353045e+00    -1.647499e-03    5.550516e-03  
  6   2  39   1.991745e+03    1.991745e+03    7.746154e+00    7.746154e+00    -1.284625e-03    5.850785e-03  
  6   2  40   1.989991e+03    1.989991e+03    8.060536e+00    8.060536e+00    5.940222e-03    5.597456e-03  
  6   2  41   2.006143e+03    2.006143e+03    9.177427e+00    9.177427e+00    7.381047e-03    5.171501e-03  
  6   2  42   2.002168e+03    2.002168e+03    9.254056e+00    9.254056e+00    9.946409e-03    5.749113e-03  
  6   2  43   2.024531e+03    2.024531e+03    1.160359e+01    1.160359e+01    2.599736e-03    3.878511e-03  
  6   2  44   2.035041e+03    2.035041e+03    1.334103e+01    1.334103e+01    7.156550e-03    4.661412e-03  
  6   2  45   2.021255e+03    2.021255e+03    1.077208e+01    1.077208e+01    -4.795756e-03    5.396865e-03  
  6   2  46   2.033263e+03    2.033263e+03    1.386071e+01    1.386071e+01    -1.918518e-03    4.923287e-03  
  6   2  47   2.058635e+03    2.058635e+03    1.914617e+01    1.914617e+01    -7.133207e-03    5.364964e-03  
  6   2  48   2.079586e+03    2.079586e+03    1.613687e+01    1.613687e+01    2.799783e-03    5.288240e-03  
  6   2  49   2.072225e+03    2.072225e+03    1.620224e+01    1.620224e+01    1.892333e-03    6.224516e-03  
  6   2  50   2.067068e+03    2.067068e+03    1.646112e+01    1.646112e+01    4.812535e-03    6.823691e-03  
  6   2  51   2.086345e+03    2.086345e+03    1.553312e+01    1.553312e+01    2.912757e-03    5.303778e-03  
  6   2  52   2.004740e+03    2.004740e+03    5.680649e+01    5.680649e+01    -1.142531e-02    9.992884e-03  
  6   2  53   2.064446e+03    2.064446e+03    2.697604e+01    2.697604e+01    3.274184e-03    4.875492e-03  
  6   2  54   2.095660e+03    2.095660e+03    2.049575e+01    2.049575e+01    7.422441e-04    6.936152e-03  
  6   2  55   2.128429e+03    2.128429e+03    2.674648e+01    2.674648e+01    1.396863e-03    4.780190e-03  
  6   2  56   1.939693e+03    1.939693e+03    9.698797e+01    9.698797e+01    8.924303e-03    6.909118e-03  
  6   2  57   2.012014e+03    2.012014e+03    1.549001e+01    1.549001e+01    -2.938026e-03    5.001175e-03  
  6   2  58   2.081997e+03    2.081997e+03    2.002567e+01    2.002567e+01    -3.972688e-03    5.983746e-03  
  6   2  59   2.033202e+03    2.033202e+03    1.404395e+01    1.404395e+01    7.547410e-03    4.349488e-03  
  6   2  60   2.060786e+03    2.060786e+03    1.693360e+01    1.693360e+01    -6.736842e-04    7.568407e-03  
  6   2  61   2.040621e+03    2.040621e+03    1.600843e+01    1.600843e+01    -5.632901e-04    5.454449e-03  
  6   2  62   2.032244e+03    2.032244e+03    2.113769e+01    2.113769e+01    5.126904e-03    5.714722e-03  
  6   3   1   7.634148e+02    7.634148e+02    3.601385e+00    3.601385e+00    -1.894114e-02    8.001230e-03  
  6   3   2   7.643858e+02    7.643858e+02    3.171326e+00    3.171326e+00    -6.532745e-05    5.077423e-03  
  6   3   3   2.395368e+02    2.395368e+02    1.414214e+00    1.414214e+00    8.476821e-03    6.958229e-03  
  6   3   4   7.874595e+02    7.874595e+02    2.402516e+00    2.402516e+00    1.444002e-02    1.067147e-02  
  6   3   5   8.026007e+02    8.026007e+02    2.218516e+00    2.218516e+00    1.748791e-03    1.230292e-02  
