  1   1   1   -2.869039e+00    5.564841e-01    0.000000e+00    2.173369e+00    5.534159e-01    0.000000e+00  
  1   1   2   -8.907052e-01    5.566035e-01    0.000000e+00    1.410148e+00    5.532593e-01    0.000000e+00  
  1   1   3   -2.485701e+00    5.541431e-01    0.000000e+00    1.563348e+01    5.525215e-01    0.000000e+00  
  1   1   4   1.993091e+00    5.536407e-01    0.000000e+00    2.059683e+00    5.539563e-01    0.000000e+00  
  1   1   5   -5.521658e+00    5.559110e-01    0.000000e+00    4.359976e+00    5.529999e-01    0.000000e+00  
  1   1   6   4.236677e+00    5.532812e-01    0.000000e+00    1.305028e+01    5.527889e-01    0.000000e+00  
  1   1   7   -3.443393e-01    5.551743e-01    0.000000e+00    -2.527664e+00    5.555437e-01    0.000000e+00  
  1   1   8   1.949474e+00    5.539719e-01    0.000000e+00    -5.188816e-01    5.540947e-01    0.000000e+00  
  1   1   9   1.096937e-01    5.537615e-01    0.000000e+00    9.953551e+00    5.538590e-01    0.000000e+00  
  1   1  10   -5.098986e+00    5.554516e-01    0.000000e+00    -2.323916e+00    5.601129e-01    0.000000e+00  
  1   1  11   -4.565679e+00    5.567029e-01    0.000000e+00    -2.505551e+00    5.558923e-01    0.000000e+00  
  1   1  12   -3.553085e+00    5.575402e-01    0.000000e+00    -6.318240e+00    5.562585e-01    0.000000e+00  
  1   1  13   -3.309274e+00    5.562582e-01    0.000000e+00    -5.555835e+00    5.559999e-01    0.000000e+00  
  1   1  14   -5.521255e+00    5.562728e-01    0.000000e+00    -2.912475e+00    5.525925e-01    0.000000e+00  
  1   1  15   -9.587042e+00    5.577660e-01    0.000000e+00    1.834471e+00    5.539031e-01    0.000000e+00  
  1   1  16   -1.004825e+00    5.598130e-01    0.000000e+00    6.970981e-01    5.545748e-01    0.000000e+00  
  1   1  17   1.271635e+00    5.540126e-01    0.000000e+00    5.232983e+00    5.531152e-01    0.000000e+00  
  1   1  18   1.406664e+01    5.534209e-01    0.000000e+00    1.654930e+00    5.542390e-01    0.000000e+00  
  1   1  19   -3.024254e+00    5.540001e-01    0.000000e+00    7.740131e+00    5.533882e-01    0.000000e+00  
  1   1  20   -1.086479e+01    5.576140e-01    0.000000e+00    -3.770837e+00    5.538877e-01    0.000000e+00  
  1   1  21   -4.857867e-01    5.545346e-01    0.000000e+00    -5.125774e-01    5.561074e-01    0.000000e+00  
  1   1  22   -2.526367e+00    5.551765e-01    0.000000e+00    -5.353525e+00    5.547856e-01    0.000000e+00  
  1   1  23   1.549146e+00    5.536730e-01    0.000000e+00    -9.399069e-01    5.548229e-01    0.000000e+00  
  1   2   1   5.557359e-01    5.535801e-01    0.000000e+00    2.518198e-02    5.536920e-01    0.000000e+00  
  1   2   2   -2.076915e+00    5.534964e-01    0.000000e+00    -2.920061e+00    5.542018e-01    0.000000e+00  
  1   2   3   -3.125695e-01    5.536074e-01    0.000000e+00    -2.788596e+00    5.534365e-01    0.000000e+00  
  1   2   4   -1.245189e+00    5.537933e-01    0.000000e+00    -4.999838e+00    5.535744e-01    0.000000e+00  
  1   2   5   -1.890632e+00    5.526166e-01    0.000000e+00    -3.281713e+00    5.536779e-01    0.000000e+00  
  1   2   6   -6.030205e+00    5.524806e-01    0.000000e+00    -6.392611e+00    5.531503e-01    0.000000e+00  
  1   2   7   -7.301398e+00    5.537490e-01    0.000000e+00    -4.697240e+00    5.523742e-01    0.000000e+00  
  1   2   8   -8.134869e+00    5.542375e-01    0.000000e+00    -4.783991e+00    5.542873e-01    0.000000e+00  
  1   2   9   -7.065899e+00    5.530013e-01    0.000000e+00    -5.919273e+00    5.534797e-01    0.000000e+00  
  1   2  10   -5.937404e+00    5.537663e-01    0.000000e+00    -8.489236e+00    5.534869e-01    0.000000e+00  
  1   2  11   -4.501681e+00    5.517738e-01    0.000000e+00    -1.214820e+01    5.535760e-01    0.000000e+00  
  1   2  12   -5.672682e+00    5.523719e-01    0.000000e+00    -1.779171e+00    5.525071e-01    0.000000e+00  
  1   2  13   7.819391e-01    5.528496e-01    0.000000e+00    -4.167941e+00    5.534580e-01    0.000000e+00  
  1   2  14   -1.312456e+01    5.525522e-01    0.000000e+00    -2.683754e+00    5.526993e-01    0.000000e+00  
  1   2  15   1.608413e+00    5.524831e-01    0.000000e+00    -1.810986e+00    5.538885e-01    0.000000e+00  
  1   2  16   -1.143078e+01    5.540087e-01    0.000000e+00    -2.411856e+00    5.535421e-01    0.000000e+00  
  1   2  17   -1.119193e+01    5.524295e-01    0.000000e+00    5.070460e+00    5.542592e-01    0.000000e+00  
  1   2  18   -3.028282e+00    5.518611e-01    0.000000e+00    -1.378595e+01    5.526553e-01    0.000000e+00  
  1   2  19   -1.127187e+00    5.536530e-01    0.000000e+00    4.638363e+00    5.530813e-01    0.000000e+00  
  1   2  20   -4.086841e+00    5.534667e-01    0.000000e+00    7.603497e+00    5.527201e-01    0.000000e+00  
  1   2  21   -3.908315e+00    5.526903e-01    0.000000e+00    -1.042883e+01    5.513164e-01    0.000000e+00  
  1   2  22   -4.837902e+00    5.556891e-01    0.000000e+00    3.346487e-02    5.501447e-01    0.000000e+00  
  1   2  23   -7.789523e+00    5.567727e-01    0.000000e+00    -7.470764e+00    5.546773e-01    0.000000e+00  
  1   2  24   -8.336733e+00    5.541566e-01    0.000000e+00    -1.724868e+01    5.486947e-01    0.000000e+00  
  1   2  25   -7.376104e+00    5.534600e-01    0.000000e+00    -3.153809e+00    5.525385e-01    0.000000e+00  
  1   2  26   -1.298602e+01    4.923061e-01    0.000000e+00    -9.757145e+00    5.542221e-01    0.000000e+00  
  1   2  27   -7.641449e+00    5.544764e-01    0.000000e+00    -1.043852e+01    5.520479e-01    0.000000e+00  
  1   2  28   -1.670438e+01    5.558572e-01    0.000000e+00    9.732007e+00    5.552007e-01    0.000000e+00  
  1   2  29   -2.088958e+01    5.511663e-01    0.000000e+00    -2.340599e+01    5.511481e-01    0.000000e+00  
  1   2  30   -9.650227e+00    5.518253e-01    0.000000e+00    -7.299444e+00    5.537205e-01    0.000000e+00  
  1   2  31   4.353891e+00    5.524501e-01    0.000000e+00    -1.083614e+01    5.512845e-01    0.000000e+00  
  1   2  32   -6.782695e+00    5.529774e-01    0.000000e+00    3.556624e-01    5.515824e-01    0.000000e+00  
  1   2  33   -6.622194e+00    5.527256e-01    0.000000e+00    -3.734983e+00    5.514031e-01    0.000000e+00  
  1   2  34   -2.309321e+00    5.490282e-01    0.000000e+00    -4.750265e+00    5.514977e-01    0.000000e+00  
  1   2  35   -4.513182e+00    5.534196e-01    0.000000e+00    4.480392e+00    5.533018e-01    0.000000e+00  
  1   2  36   2.233671e+00    5.532156e-01    0.000000e+00    -6.113821e+00    5.515954e-01    0.000000e+00  
  1   2  37   1.863912e+00    5.524442e-01    0.000000e+00    -5.678937e+00    5.554881e-01    0.000000e+00  
  1   2  38   2.997707e+00    5.518443e-01    0.000000e+00    9.316734e+00    5.551805e-01    0.000000e+00  
  1   2  39   7.511995e+00    5.545976e-01    0.000000e+00    -1.795402e+00    5.530523e-01    0.000000e+00  
  1   2  40   -5.026205e-01    5.532147e-01    0.000000e+00    3.074468e+00    5.523546e-01    0.000000e+00  
  1   2  41   -8.703535e-01    5.524755e-01    0.000000e+00    -5.639104e+00    5.526884e-01    0.000000e+00  
  1   2  42   -8.231546e+00    5.512866e-01    0.000000e+00    -8.667819e+00    5.585337e-01    0.000000e+00  
  1   2  43   4.957115e+00    5.524941e-01    0.000000e+00    -5.861911e+00    5.520321e-01    0.000000e+00  
  1   2  44   4.684655e+00    5.517436e-01    0.000000e+00    -7.167561e+00    5.511866e-01    0.000000e+00  
  1   2  45   1.955264e+00    5.523564e-01    0.000000e+00    1.727331e+00    5.527742e-01    0.000000e+00  
  1   2  46   -3.775730e+00    5.517065e-01    0.000000e+00    -3.990611e+00    5.939110e-02    0.000000e+00  
  1   2  47   -3.103670e+00    5.537443e-01    0.000000e+00    -8.734335e+00    5.542444e-01    0.000000e+00  
  1   2  48   -3.138864e+00    5.531258e-01    0.000000e+00    -3.861266e+00    5.520395e-01    0.000000e+00  
  1   2  49   -7.466494e+00    5.538534e-01    0.000000e+00    -7.894594e+00    5.572435e-01    0.000000e+00  
  1   2  50   2.940483e+00    5.528668e-01    0.000000e+00    1.572950e+00    5.539938e-01    0.000000e+00  
  1   2  51   -8.626737e+00    5.549257e-01    0.000000e+00    4.818390e+00    5.545247e-01    0.000000e+00  
  1   2  52   -3.329669e+00    5.547361e-01    0.000000e+00    5.318859e-01    5.528760e-01    0.000000e+00  
  1   2  53   -3.308553e+00    5.536557e-01    0.000000e+00    -6.682093e+00    5.511081e-01    0.000000e+00  
  1   2  54   1.965532e-01    5.545564e-01    0.000000e+00    -4.185614e+00    5.524891e-01    0.000000e+00  
  1   2  55   -3.930581e-01    5.519386e-01    0.000000e+00    1.089549e+01    5.527705e-01    0.000000e+00  
  1   2  56   -3.859102e+00    5.509749e-01    0.000000e+00    -1.811962e+00    5.516246e-01    0.000000e+00  
  1   2  57   8.904927e+00    5.555809e-01    0.000000e+00    6.884894e+00    5.528851e-01    0.000000e+00  
  1   2  58   1.158745e+00    5.526792e-01    0.000000e+00    9.466394e-01    5.502756e-01    0.000000e+00  
  1   2  59   -1.134135e+01    4.158913e-01    0.000000e+00    -2.732583e-01    5.526784e-01    0.000000e+00  
  1   2  60   -1.336335e+01    5.512170e-01    0.000000e+00    -5.948894e+00    5.579252e-01    0.000000e+00  
  1   2  61   -1.091032e+01    5.516796e-01    0.000000e+00    -4.995360e+00    5.517974e-01    0.000000e+00  
  1   2  62   -3.393643e+00    5.507622e-01    0.000000e+00    2.444829e+00    5.531191e-01    0.000000e+00  
  1   3   1   -3.220545e-01    5.575076e-01    0.000000e+00    8.183935e+00    5.536071e-01    0.000000e+00  
  1   3   2   -5.015210e+00    5.614302e-01    0.000000e+00    2.325329e+00    5.548616e-01    0.000000e+00  
  1   3   3   -5.634608e+00    5.618753e-01    0.000000e+00    8.141814e+00    5.528810e-01    0.000000e+00  
  1   3   4   4.988315e+00    5.543488e-01    0.000000e+00    1.591089e+00    5.560069e-01    0.000000e+00  
  1   3   5   9.381613e+00    5.535469e-01    0.000000e+00    -9.942462e-01    5.565761e-01    0.000000e+00  
  2   1   1   0.000000e+00    0.000000e+00    0.000000e+00    0.000000e+00    0.000000e+00    0.000000e+00  
  2   1   2   0.000000e+00    0.000000e+00    0.000000e+00    0.000000e+00    0.000000e+00    0.000000e+00  
  2   1   3   0.000000e+00    0.000000e+00    0.000000e+00    0.000000e+00    0.000000e+00    0.000000e+00  
  2   1   4   0.000000e+00    0.000000e+00    0.000000e+00    0.000000e+00    0.000000e+00    0.000000e+00  
  2   1   5   0.000000e+00    0.000000e+00    0.000000e+00    0.000000e+00    0.000000e+00    0.000000e+00  
  2   1   6   0.000000e+00    0.000000e+00    0.000000e+00    0.000000e+00    0.000000e+00    0.000000e+00  
  2   1   7   0.000000e+00    0.000000e+00    0.000000e+00    0.000000e+00    0.000000e+00    0.000000e+00  
  2   1   8   0.000000e+00    0.000000e+00    0.000000e+00    0.000000e+00    0.000000e+00    0.000000e+00  
  2   1   9   0.000000e+00    0.000000e+00    0.000000e+00    0.000000e+00    0.000000e+00    0.000000e+00  
  2   1  10   0.000000e+00    0.000000e+00    0.000000e+00    0.000000e+00    0.000000e+00    0.000000e+00  
  2   1  11   0.000000e+00    0.000000e+00    0.000000e+00    0.000000e+00    0.000000e+00    0.000000e+00  
  2   1  12   0.000000e+00    0.000000e+00    0.000000e+00    0.000000e+00    0.000000e+00    0.000000e+00  
  2   1  13   0.000000e+00    0.000000e+00    0.000000e+00    0.000000e+00    0.000000e+00    0.000000e+00  
  2   1  14   0.000000e+00    0.000000e+00    0.000000e+00    0.000000e+00    0.000000e+00    0.000000e+00  
  2   1  15   0.000000e+00    0.000000e+00    0.000000e+00    0.000000e+00    0.000000e+00    0.000000e+00  
  2   1  16   0.000000e+00    0.000000e+00    0.000000e+00    0.000000e+00    0.000000e+00    0.000000e+00  
  2   1  17   0.000000e+00    0.000000e+00    0.000000e+00    0.000000e+00    0.000000e+00    0.000000e+00  
  2   1  18   0.000000e+00    0.000000e+00    0.000000e+00    0.000000e+00    0.000000e+00    0.000000e+00  
  2   1  19   0.000000e+00    0.000000e+00    0.000000e+00    0.000000e+00    0.000000e+00    0.000000e+00  
  2   1  20   0.000000e+00    0.000000e+00    0.000000e+00    0.000000e+00    0.000000e+00    0.000000e+00  
  2   1  21   0.000000e+00    0.000000e+00    0.000000e+00    0.000000e+00    0.000000e+00    0.000000e+00  
  2   1  22   0.000000e+00    0.000000e+00    0.000000e+00    0.000000e+00    0.000000e+00    0.000000e+00  
  2   1  23   0.000000e+00    0.000000e+00    0.000000e+00    0.000000e+00    0.000000e+00    0.000000e+00  
  2   2   1   0.000000e+00    0.000000e+00    0.000000e+00    0.000000e+00    0.000000e+00    0.000000e+00  
  2   2   2   0.000000e+00    0.000000e+00    0.000000e+00    0.000000e+00    0.000000e+00    0.000000e+00  
  2   2   3   0.000000e+00    0.000000e+00    0.000000e+00    0.000000e+00    0.000000e+00    0.000000e+00  
  2   2   4   0.000000e+00    0.000000e+00    0.000000e+00    0.000000e+00    0.000000e+00    0.000000e+00  
  2   2   5   0.000000e+00    0.000000e+00    0.000000e+00    0.000000e+00    0.000000e+00    0.000000e+00  
  2   2   6   0.000000e+00    0.000000e+00    0.000000e+00    0.000000e+00    0.000000e+00    0.000000e+00  
  2   2   7   0.000000e+00    0.000000e+00    0.000000e+00    0.000000e+00    0.000000e+00    0.000000e+00  
  2   2   8   0.000000e+00    0.000000e+00    0.000000e+00    0.000000e+00    0.000000e+00    0.000000e+00  
  2   2   9   0.000000e+00    0.000000e+00    0.000000e+00    0.000000e+00    0.000000e+00    0.000000e+00  
  2   2  10   0.000000e+00    0.000000e+00    0.000000e+00    0.000000e+00    0.000000e+00    0.000000e+00  
  2   2  11   0.000000e+00    0.000000e+00    0.000000e+00    0.000000e+00    0.000000e+00    0.000000e+00  
  2   2  12   0.000000e+00    0.000000e+00    0.000000e+00    0.000000e+00    0.000000e+00    0.000000e+00  
  2   2  13   0.000000e+00    0.000000e+00    0.000000e+00    0.000000e+00    0.000000e+00    0.000000e+00  
  2   2  14   0.000000e+00    0.000000e+00    0.000000e+00    0.000000e+00    0.000000e+00    0.000000e+00  
  2   2  15   0.000000e+00    0.000000e+00    0.000000e+00    0.000000e+00    0.000000e+00    0.000000e+00  
  2   2  16   0.000000e+00    0.000000e+00    0.000000e+00    0.000000e+00    0.000000e+00    0.000000e+00  
  2   2  17   0.000000e+00    0.000000e+00    0.000000e+00    0.000000e+00    0.000000e+00    0.000000e+00  
  2   2  18   0.000000e+00    0.000000e+00    0.000000e+00    0.000000e+00    0.000000e+00    0.000000e+00  
  2   2  19   0.000000e+00    0.000000e+00    0.000000e+00    0.000000e+00    0.000000e+00    0.000000e+00  
  2   2  20   0.000000e+00    0.000000e+00    0.000000e+00    0.000000e+00    0.000000e+00    0.000000e+00  
  2   2  21   0.000000e+00    0.000000e+00    0.000000e+00    0.000000e+00    0.000000e+00    0.000000e+00  
  2   2  22   0.000000e+00    0.000000e+00    0.000000e+00    0.000000e+00    0.000000e+00    0.000000e+00  
  2   2  23   0.000000e+00    0.000000e+00    0.000000e+00    0.000000e+00    0.000000e+00    0.000000e+00  
  2   2  24   0.000000e+00    0.000000e+00    0.000000e+00    0.000000e+00    0.000000e+00    0.000000e+00  
  2   2  25   0.000000e+00    0.000000e+00    0.000000e+00    0.000000e+00    0.000000e+00    0.000000e+00  
  2   2  26   0.000000e+00    0.000000e+00    0.000000e+00    0.000000e+00    0.000000e+00    0.000000e+00  
  2   2  27   0.000000e+00    0.000000e+00    0.000000e+00    0.000000e+00    0.000000e+00    0.000000e+00  
  2   2  28   0.000000e+00    0.000000e+00    0.000000e+00    0.000000e+00    0.000000e+00    0.000000e+00  
  2   2  29   0.000000e+00    0.000000e+00    0.000000e+00    0.000000e+00    0.000000e+00    0.000000e+00  
  2   2  30   0.000000e+00    0.000000e+00    0.000000e+00    0.000000e+00    0.000000e+00    0.000000e+00  
  2   2  31   0.000000e+00    0.000000e+00    0.000000e+00    0.000000e+00    0.000000e+00    0.000000e+00  
  2   2  32   0.000000e+00    0.000000e+00    0.000000e+00    0.000000e+00    0.000000e+00    0.000000e+00  
  2   2  33   0.000000e+00    0.000000e+00    0.000000e+00    0.000000e+00    0.000000e+00    0.000000e+00  
  2   2  34   0.000000e+00    0.000000e+00    0.000000e+00    0.000000e+00    0.000000e+00    0.000000e+00  
  2   2  35   0.000000e+00    0.000000e+00    0.000000e+00    0.000000e+00    0.000000e+00    0.000000e+00  
  2   2  36   0.000000e+00    0.000000e+00    0.000000e+00    0.000000e+00    0.000000e+00    0.000000e+00  
  2   2  37   0.000000e+00    0.000000e+00    0.000000e+00    0.000000e+00    0.000000e+00    0.000000e+00  
  2   2  38   0.000000e+00    0.000000e+00    0.000000e+00    0.000000e+00    0.000000e+00    0.000000e+00  
  2   2  39   0.000000e+00    0.000000e+00    0.000000e+00    0.000000e+00    0.000000e+00    0.000000e+00  
  2   2  40   0.000000e+00    0.000000e+00    0.000000e+00    0.000000e+00    0.000000e+00    0.000000e+00  
  2   2  41   0.000000e+00    0.000000e+00    0.000000e+00    0.000000e+00    0.000000e+00    0.000000e+00  
  2   2  42   0.000000e+00    0.000000e+00    0.000000e+00    0.000000e+00    0.000000e+00    0.000000e+00  
  2   2  43   0.000000e+00    0.000000e+00    0.000000e+00    0.000000e+00    0.000000e+00    0.000000e+00  
  2   2  44   0.000000e+00    0.000000e+00    0.000000e+00    0.000000e+00    0.000000e+00    0.000000e+00  
  2   2  45   0.000000e+00    0.000000e+00    0.000000e+00    0.000000e+00    0.000000e+00    0.000000e+00  
  2   2  46   0.000000e+00    0.000000e+00    0.000000e+00    0.000000e+00    0.000000e+00    0.000000e+00  
  2   2  47   0.000000e+00    0.000000e+00    0.000000e+00    0.000000e+00    0.000000e+00    0.000000e+00  
  2   2  48   0.000000e+00    0.000000e+00    0.000000e+00    0.000000e+00    0.000000e+00    0.000000e+00  
  2   2  49   0.000000e+00    0.000000e+00    0.000000e+00    0.000000e+00    0.000000e+00    0.000000e+00  
  2   2  50   0.000000e+00    0.000000e+00    0.000000e+00    0.000000e+00    0.000000e+00    0.000000e+00  
  2   2  51   0.000000e+00    0.000000e+00    0.000000e+00    0.000000e+00    0.000000e+00    0.000000e+00  
  2   2  52   0.000000e+00    0.000000e+00    0.000000e+00    0.000000e+00    0.000000e+00    0.000000e+00  
  2   2  53   0.000000e+00    0.000000e+00    0.000000e+00    0.000000e+00    0.000000e+00    0.000000e+00  
  2   2  54   0.000000e+00    0.000000e+00    0.000000e+00    0.000000e+00    0.000000e+00    0.000000e+00  
  2   2  55   0.000000e+00    0.000000e+00    0.000000e+00    0.000000e+00    0.000000e+00    0.000000e+00  
  2   2  56   0.000000e+00    0.000000e+00    0.000000e+00    0.000000e+00    0.000000e+00    0.000000e+00  
  2   2  57   0.000000e+00    0.000000e+00    0.000000e+00    0.000000e+00    0.000000e+00    0.000000e+00  
  2   2  58   0.000000e+00    0.000000e+00    0.000000e+00    0.000000e+00    0.000000e+00    0.000000e+00  
  2   2  59   0.000000e+00    0.000000e+00    0.000000e+00    0.000000e+00    0.000000e+00    0.000000e+00  
  2   2  60   0.000000e+00    0.000000e+00    0.000000e+00    0.000000e+00    0.000000e+00    0.000000e+00  
  2   2  61   0.000000e+00    0.000000e+00    0.000000e+00    0.000000e+00    0.000000e+00    0.000000e+00  
  2   2  62   0.000000e+00    0.000000e+00    0.000000e+00    0.000000e+00    0.000000e+00    0.000000e+00  
  2   3   1   0.000000e+00    0.000000e+00    0.000000e+00    0.000000e+00    0.000000e+00    0.000000e+00  
  2   3   2   0.000000e+00    0.000000e+00    0.000000e+00    0.000000e+00    0.000000e+00    0.000000e+00  
  2   3   3   0.000000e+00    0.000000e+00    0.000000e+00    0.000000e+00    0.000000e+00    0.000000e+00  
  2   3   4   0.000000e+00    0.000000e+00    0.000000e+00    0.000000e+00    0.000000e+00    0.000000e+00  
  2   3   5   0.000000e+00    0.000000e+00    0.000000e+00    0.000000e+00    0.000000e+00    0.000000e+00  
  3   1   1   0.000000e+00    0.000000e+00    0.000000e+00    0.000000e+00    0.000000e+00    0.000000e+00  
  3   1   2   0.000000e+00    0.000000e+00    0.000000e+00    0.000000e+00    0.000000e+00    0.000000e+00  
  3   1   3   0.000000e+00    0.000000e+00    0.000000e+00    0.000000e+00    0.000000e+00    0.000000e+00  
  3   1   4   0.000000e+00    0.000000e+00    0.000000e+00    0.000000e+00    0.000000e+00    0.000000e+00  
  3   1   5   0.000000e+00    0.000000e+00    0.000000e+00    0.000000e+00    0.000000e+00    0.000000e+00  
  3   1   6   0.000000e+00    0.000000e+00    0.000000e+00    0.000000e+00    0.000000e+00    0.000000e+00  
  3   1   7   0.000000e+00    0.000000e+00    0.000000e+00    0.000000e+00    0.000000e+00    0.000000e+00  
  3   1   8   0.000000e+00    0.000000e+00    0.000000e+00    0.000000e+00    0.000000e+00    0.000000e+00  
  3   1   9   0.000000e+00    0.000000e+00    0.000000e+00    0.000000e+00    0.000000e+00    0.000000e+00  
  3   1  10   0.000000e+00    0.000000e+00    0.000000e+00    0.000000e+00    0.000000e+00    0.000000e+00  
  3   1  11   0.000000e+00    0.000000e+00    0.000000e+00    0.000000e+00    0.000000e+00    0.000000e+00  
  3   1  12   0.000000e+00    0.000000e+00    0.000000e+00    0.000000e+00    0.000000e+00    0.000000e+00  
  3   1  13   0.000000e+00    0.000000e+00    0.000000e+00    0.000000e+00    0.000000e+00    0.000000e+00  
  3   1  14   0.000000e+00    0.000000e+00    0.000000e+00    0.000000e+00    0.000000e+00    0.000000e+00  
  3   1  15   0.000000e+00    0.000000e+00    0.000000e+00    0.000000e+00    0.000000e+00    0.000000e+00  
  3   1  16   0.000000e+00    0.000000e+00    0.000000e+00    0.000000e+00    0.000000e+00    0.000000e+00  
  3   1  17   0.000000e+00    0.000000e+00    0.000000e+00    0.000000e+00    0.000000e+00    0.000000e+00  
  3   1  18   0.000000e+00    0.000000e+00    0.000000e+00    0.000000e+00    0.000000e+00    0.000000e+00  
  3   1  19   0.000000e+00    0.000000e+00    0.000000e+00    0.000000e+00    0.000000e+00    0.000000e+00  
  3   1  20   0.000000e+00    0.000000e+00    0.000000e+00    0.000000e+00    0.000000e+00    0.000000e+00  
  3   1  21   0.000000e+00    0.000000e+00    0.000000e+00    0.000000e+00    0.000000e+00    0.000000e+00  
  3   1  22   0.000000e+00    0.000000e+00    0.000000e+00    0.000000e+00    0.000000e+00    0.000000e+00  
  3   1  23   0.000000e+00    0.000000e+00    0.000000e+00    0.000000e+00    0.000000e+00    0.000000e+00  
  3   2   1   0.000000e+00    0.000000e+00    0.000000e+00    0.000000e+00    0.000000e+00    0.000000e+00  
  3   2   2   0.000000e+00    0.000000e+00    0.000000e+00    0.000000e+00    0.000000e+00    0.000000e+00  
  3   2   3   0.000000e+00    0.000000e+00    0.000000e+00    0.000000e+00    0.000000e+00    0.000000e+00  
  3   2   4   0.000000e+00    0.000000e+00    0.000000e+00    0.000000e+00    0.000000e+00    0.000000e+00  
  3   2   5   0.000000e+00    0.000000e+00    0.000000e+00    0.000000e+00    0.000000e+00    0.000000e+00  
  3   2   6   0.000000e+00    0.000000e+00    0.000000e+00    0.000000e+00    0.000000e+00    0.000000e+00  
  3   2   7   0.000000e+00    0.000000e+00    0.000000e+00    0.000000e+00    0.000000e+00    0.000000e+00  
  3   2   8   0.000000e+00    0.000000e+00    0.000000e+00    0.000000e+00    0.000000e+00    0.000000e+00  
  3   2   9   0.000000e+00    0.000000e+00    0.000000e+00    0.000000e+00    0.000000e+00    0.000000e+00  
  3   2  10   0.000000e+00    0.000000e+00    0.000000e+00    0.000000e+00    0.000000e+00    0.000000e+00  
  3   2  11   0.000000e+00    0.000000e+00    0.000000e+00    0.000000e+00    0.000000e+00    0.000000e+00  
  3   2  12   0.000000e+00    0.000000e+00    0.000000e+00    0.000000e+00    0.000000e+00    0.000000e+00  
  3   2  13   0.000000e+00    0.000000e+00    0.000000e+00    0.000000e+00    0.000000e+00    0.000000e+00  
  3   2  14   0.000000e+00    0.000000e+00    0.000000e+00    0.000000e+00    0.000000e+00    0.000000e+00  
  3   2  15   0.000000e+00    0.000000e+00    0.000000e+00    0.000000e+00    0.000000e+00    0.000000e+00  
  3   2  16   0.000000e+00    0.000000e+00    0.000000e+00    0.000000e+00    0.000000e+00    0.000000e+00  
  3   2  17   0.000000e+00    0.000000e+00    0.000000e+00    0.000000e+00    0.000000e+00    0.000000e+00  
  3   2  18   0.000000e+00    0.000000e+00    0.000000e+00    0.000000e+00    0.000000e+00    0.000000e+00  
  3   2  19   0.000000e+00    0.000000e+00    0.000000e+00    0.000000e+00    0.000000e+00    0.000000e+00  
  3   2  20   0.000000e+00    0.000000e+00    0.000000e+00    0.000000e+00    0.000000e+00    0.000000e+00  
  3   2  21   0.000000e+00    0.000000e+00    0.000000e+00    0.000000e+00    0.000000e+00    0.000000e+00  
  3   2  22   0.000000e+00    0.000000e+00    0.000000e+00    0.000000e+00    0.000000e+00    0.000000e+00  
  3   2  23   0.000000e+00    0.000000e+00    0.000000e+00    0.000000e+00    0.000000e+00    0.000000e+00  
  3   2  24   0.000000e+00    0.000000e+00    0.000000e+00    0.000000e+00    0.000000e+00    0.000000e+00  
  3   2  25   0.000000e+00    0.000000e+00    0.000000e+00    0.000000e+00    0.000000e+00    0.000000e+00  
  3   2  26   0.000000e+00    0.000000e+00    0.000000e+00    0.000000e+00    0.000000e+00    0.000000e+00  
  3   2  27   0.000000e+00    0.000000e+00    0.000000e+00    0.000000e+00    0.000000e+00    0.000000e+00  
  3   2  28   0.000000e+00    0.000000e+00    0.000000e+00    0.000000e+00    0.000000e+00    0.000000e+00  
  3   2  29   0.000000e+00    0.000000e+00    0.000000e+00    0.000000e+00    0.000000e+00    0.000000e+00  
  3   2  30   0.000000e+00    0.000000e+00    0.000000e+00    0.000000e+00    0.000000e+00    0.000000e+00  
  3   2  31   0.000000e+00    0.000000e+00    0.000000e+00    0.000000e+00    0.000000e+00    0.000000e+00  
  3   2  32   0.000000e+00    0.000000e+00    0.000000e+00    0.000000e+00    0.000000e+00    0.000000e+00  
  3   2  33   0.000000e+00    0.000000e+00    0.000000e+00    0.000000e+00    0.000000e+00    0.000000e+00  
  3   2  34   0.000000e+00    0.000000e+00    0.000000e+00    0.000000e+00    0.000000e+00    0.000000e+00  
  3   2  35   0.000000e+00    0.000000e+00    0.000000e+00    0.000000e+00    0.000000e+00    0.000000e+00  
  3   2  36   0.000000e+00    0.000000e+00    0.000000e+00    0.000000e+00    0.000000e+00    0.000000e+00  
  3   2  37   0.000000e+00    0.000000e+00    0.000000e+00    0.000000e+00    0.000000e+00    0.000000e+00  
  3   2  38   0.000000e+00    0.000000e+00    0.000000e+00    0.000000e+00    0.000000e+00    0.000000e+00  
  3   2  39   0.000000e+00    0.000000e+00    0.000000e+00    0.000000e+00    0.000000e+00    0.000000e+00  
  3   2  40   0.000000e+00    0.000000e+00    0.000000e+00    0.000000e+00    0.000000e+00    0.000000e+00  
  3   2  41   0.000000e+00    0.000000e+00    0.000000e+00    0.000000e+00    0.000000e+00    0.000000e+00  
  3   2  42   0.000000e+00    0.000000e+00    0.000000e+00    0.000000e+00    0.000000e+00    0.000000e+00  
  3   2  43   0.000000e+00    0.000000e+00    0.000000e+00    0.000000e+00    0.000000e+00    0.000000e+00  
  3   2  44   0.000000e+00    0.000000e+00    0.000000e+00    0.000000e+00    0.000000e+00    0.000000e+00  
  3   2  45   0.000000e+00    0.000000e+00    0.000000e+00    0.000000e+00    0.000000e+00    0.000000e+00  
  3   2  46   0.000000e+00    0.000000e+00    0.000000e+00    0.000000e+00    0.000000e+00    0.000000e+00  
  3   2  47   0.000000e+00    0.000000e+00    0.000000e+00    0.000000e+00    0.000000e+00    0.000000e+00  
  3   2  48   0.000000e+00    0.000000e+00    0.000000e+00    0.000000e+00    0.000000e+00    0.000000e+00  
  3   2  49   0.000000e+00    0.000000e+00    0.000000e+00    0.000000e+00    0.000000e+00    0.000000e+00  
  3   2  50   0.000000e+00    0.000000e+00    0.000000e+00    0.000000e+00    0.000000e+00    0.000000e+00  
  3   2  51   0.000000e+00    0.000000e+00    0.000000e+00    0.000000e+00    0.000000e+00    0.000000e+00  
  3   2  52   0.000000e+00    0.000000e+00    0.000000e+00    0.000000e+00    0.000000e+00    0.000000e+00  
  3   2  53   0.000000e+00    0.000000e+00    0.000000e+00    0.000000e+00    0.000000e+00    0.000000e+00  
  3   2  54   0.000000e+00    0.000000e+00    0.000000e+00    0.000000e+00    0.000000e+00    0.000000e+00  
  3   2  55   0.000000e+00    0.000000e+00    0.000000e+00    0.000000e+00    0.000000e+00    0.000000e+00  
  3   2  56   0.000000e+00    0.000000e+00    0.000000e+00    0.000000e+00    0.000000e+00    0.000000e+00  
  3   2  57   0.000000e+00    0.000000e+00    0.000000e+00    0.000000e+00    0.000000e+00    0.000000e+00  
  3   2  58   0.000000e+00    0.000000e+00    0.000000e+00    0.000000e+00    0.000000e+00    0.000000e+00  
  3   2  59   0.000000e+00    0.000000e+00    0.000000e+00    0.000000e+00    0.000000e+00    0.000000e+00  
  3   2  60   0.000000e+00    0.000000e+00    0.000000e+00    0.000000e+00    0.000000e+00    0.000000e+00  
  3   2  61   0.000000e+00    0.000000e+00    0.000000e+00    0.000000e+00    0.000000e+00    0.000000e+00  
  3   2  62   0.000000e+00    0.000000e+00    0.000000e+00    0.000000e+00    0.000000e+00    0.000000e+00  
  3   3   1   0.000000e+00    0.000000e+00    0.000000e+00    0.000000e+00    0.000000e+00    0.000000e+00  
  3   3   2   0.000000e+00    0.000000e+00    0.000000e+00    0.000000e+00    0.000000e+00    0.000000e+00  
  3   3   3   0.000000e+00    0.000000e+00    0.000000e+00    0.000000e+00    0.000000e+00    0.000000e+00  
  3   3   4   0.000000e+00    0.000000e+00    0.000000e+00    0.000000e+00    0.000000e+00    0.000000e+00  
  3   3   5   0.000000e+00    0.000000e+00    0.000000e+00    0.000000e+00    0.000000e+00    0.000000e+00  
  4   1   1   0.000000e+00    0.000000e+00    0.000000e+00    0.000000e+00    0.000000e+00    0.000000e+00  
  4   1   2   0.000000e+00    0.000000e+00    0.000000e+00    0.000000e+00    0.000000e+00    0.000000e+00  
  4   1   3   0.000000e+00    0.000000e+00    0.000000e+00    0.000000e+00    0.000000e+00    0.000000e+00  
  4   1   4   0.000000e+00    0.000000e+00    0.000000e+00    0.000000e+00    0.000000e+00    0.000000e+00  
  4   1   5   0.000000e+00    0.000000e+00    0.000000e+00    0.000000e+00    0.000000e+00    0.000000e+00  
  4   1   6   0.000000e+00    0.000000e+00    0.000000e+00    0.000000e+00    0.000000e+00    0.000000e+00  
  4   1   7   0.000000e+00    0.000000e+00    0.000000e+00    0.000000e+00    0.000000e+00    0.000000e+00  
  4   1   8   0.000000e+00    0.000000e+00    0.000000e+00    0.000000e+00    0.000000e+00    0.000000e+00  
  4   1   9   0.000000e+00    0.000000e+00    0.000000e+00    0.000000e+00    0.000000e+00    0.000000e+00  
  4   1  10   0.000000e+00    0.000000e+00    0.000000e+00    0.000000e+00    0.000000e+00    0.000000e+00  
  4   1  11   0.000000e+00    0.000000e+00    0.000000e+00    0.000000e+00    0.000000e+00    0.000000e+00  
  4   1  12   0.000000e+00    0.000000e+00    0.000000e+00    0.000000e+00    0.000000e+00    0.000000e+00  
  4   1  13   0.000000e+00    0.000000e+00    0.000000e+00    0.000000e+00    0.000000e+00    0.000000e+00  
  4   1  14   0.000000e+00    0.000000e+00    0.000000e+00    0.000000e+00    0.000000e+00    0.000000e+00  
  4   1  15   0.000000e+00    0.000000e+00    0.000000e+00    0.000000e+00    0.000000e+00    0.000000e+00  
  4   1  16   0.000000e+00    0.000000e+00    0.000000e+00    0.000000e+00    0.000000e+00    0.000000e+00  
  4   1  17   0.000000e+00    0.000000e+00    0.000000e+00    0.000000e+00    0.000000e+00    0.000000e+00  
  4   1  18   0.000000e+00    0.000000e+00    0.000000e+00    0.000000e+00    0.000000e+00    0.000000e+00  
  4   1  19   0.000000e+00    0.000000e+00    0.000000e+00    0.000000e+00    0.000000e+00    0.000000e+00  
  4   1  20   0.000000e+00    0.000000e+00    0.000000e+00    0.000000e+00    0.000000e+00    0.000000e+00  
  4   1  21   0.000000e+00    0.000000e+00    0.000000e+00    0.000000e+00    0.000000e+00    0.000000e+00  
  4   1  22   0.000000e+00    0.000000e+00    0.000000e+00    0.000000e+00    0.000000e+00    0.000000e+00  
  4   1  23   0.000000e+00    0.000000e+00    0.000000e+00    0.000000e+00    0.000000e+00    0.000000e+00  
  4   2   1   0.000000e+00    0.000000e+00    0.000000e+00    0.000000e+00    0.000000e+00    0.000000e+00  
  4   2   2   0.000000e+00    0.000000e+00    0.000000e+00    0.000000e+00    0.000000e+00    0.000000e+00  
  4   2   3   0.000000e+00    0.000000e+00    0.000000e+00    0.000000e+00    0.000000e+00    0.000000e+00  
  4   2   4   0.000000e+00    0.000000e+00    0.000000e+00    0.000000e+00    0.000000e+00    0.000000e+00  
  4   2   5   0.000000e+00    0.000000e+00    0.000000e+00    0.000000e+00    0.000000e+00    0.000000e+00  
  4   2   6   0.000000e+00    0.000000e+00    0.000000e+00    0.000000e+00    0.000000e+00    0.000000e+00  
  4   2   7   0.000000e+00    0.000000e+00    0.000000e+00    0.000000e+00    0.000000e+00    0.000000e+00  
  4   2   8   0.000000e+00    0.000000e+00    0.000000e+00    0.000000e+00    0.000000e+00    0.000000e+00  
  4   2   9   0.000000e+00    0.000000e+00    0.000000e+00    0.000000e+00    0.000000e+00    0.000000e+00  
  4   2  10   0.000000e+00    0.000000e+00    0.000000e+00    0.000000e+00    0.000000e+00    0.000000e+00  
  4   2  11   0.000000e+00    0.000000e+00    0.000000e+00    0.000000e+00    0.000000e+00    0.000000e+00  
  4   2  12   0.000000e+00    0.000000e+00    0.000000e+00    0.000000e+00    0.000000e+00    0.000000e+00  
  4   2  13   0.000000e+00    0.000000e+00    0.000000e+00    0.000000e+00    0.000000e+00    0.000000e+00  
  4   2  14   0.000000e+00    0.000000e+00    0.000000e+00    0.000000e+00    0.000000e+00    0.000000e+00  
  4   2  15   0.000000e+00    0.000000e+00    0.000000e+00    0.000000e+00    0.000000e+00    0.000000e+00  
  4   2  16   0.000000e+00    0.000000e+00    0.000000e+00    0.000000e+00    0.000000e+00    0.000000e+00  
  4   2  17   0.000000e+00    0.000000e+00    0.000000e+00    0.000000e+00    0.000000e+00    0.000000e+00  
  4   2  18   0.000000e+00    0.000000e+00    0.000000e+00    0.000000e+00    0.000000e+00    0.000000e+00  
  4   2  19   0.000000e+00    0.000000e+00    0.000000e+00    0.000000e+00    0.000000e+00    0.000000e+00  
  4   2  20   0.000000e+00    0.000000e+00    0.000000e+00    0.000000e+00    0.000000e+00    0.000000e+00  
  4   2  21   0.000000e+00    0.000000e+00    0.000000e+00    0.000000e+00    0.000000e+00    0.000000e+00  
  4   2  22   0.000000e+00    0.000000e+00    0.000000e+00    0.000000e+00    0.000000e+00    0.000000e+00  
  4   2  23   0.000000e+00    0.000000e+00    0.000000e+00    0.000000e+00    0.000000e+00    0.000000e+00  
  4   2  24   0.000000e+00    0.000000e+00    0.000000e+00    0.000000e+00    0.000000e+00    0.000000e+00  
  4   2  25   0.000000e+00    0.000000e+00    0.000000e+00    0.000000e+00    0.000000e+00    0.000000e+00  
  4   2  26   0.000000e+00    0.000000e+00    0.000000e+00    0.000000e+00    0.000000e+00    0.000000e+00  
  4   2  27   0.000000e+00    0.000000e+00    0.000000e+00    0.000000e+00    0.000000e+00    0.000000e+00  
  4   2  28   0.000000e+00    0.000000e+00    0.000000e+00    0.000000e+00    0.000000e+00    0.000000e+00  
  4   2  29   0.000000e+00    0.000000e+00    0.000000e+00    0.000000e+00    0.000000e+00    0.000000e+00  
  4   2  30   0.000000e+00    0.000000e+00    0.000000e+00    0.000000e+00    0.000000e+00    0.000000e+00  
  4   2  31   0.000000e+00    0.000000e+00    0.000000e+00    0.000000e+00    0.000000e+00    0.000000e+00  
  4   2  32   0.000000e+00    0.000000e+00    0.000000e+00    0.000000e+00    0.000000e+00    0.000000e+00  
  4   2  33   0.000000e+00    0.000000e+00    0.000000e+00    0.000000e+00    0.000000e+00    0.000000e+00  
  4   2  34   0.000000e+00    0.000000e+00    0.000000e+00    0.000000e+00    0.000000e+00    0.000000e+00  
  4   2  35   0.000000e+00    0.000000e+00    0.000000e+00    0.000000e+00    0.000000e+00    0.000000e+00  
  4   2  36   0.000000e+00    0.000000e+00    0.000000e+00    0.000000e+00    0.000000e+00    0.000000e+00  
  4   2  37   0.000000e+00    0.000000e+00    0.000000e+00    0.000000e+00    0.000000e+00    0.000000e+00  
  4   2  38   0.000000e+00    0.000000e+00    0.000000e+00    0.000000e+00    0.000000e+00    0.000000e+00  
  4   2  39   0.000000e+00    0.000000e+00    0.000000e+00    0.000000e+00    0.000000e+00    0.000000e+00  
  4   2  40   0.000000e+00    0.000000e+00    0.000000e+00    0.000000e+00    0.000000e+00    0.000000e+00  
  4   2  41   0.000000e+00    0.000000e+00    0.000000e+00    0.000000e+00    0.000000e+00    0.000000e+00  
  4   2  42   0.000000e+00    0.000000e+00    0.000000e+00    0.000000e+00    0.000000e+00    0.000000e+00  
  4   2  43   0.000000e+00    0.000000e+00    0.000000e+00    0.000000e+00    0.000000e+00    0.000000e+00  
  4   2  44   0.000000e+00    0.000000e+00    0.000000e+00    0.000000e+00    0.000000e+00    0.000000e+00  
  4   2  45   0.000000e+00    0.000000e+00    0.000000e+00    0.000000e+00    0.000000e+00    0.000000e+00  
  4   2  46   0.000000e+00    0.000000e+00    0.000000e+00    0.000000e+00    0.000000e+00    0.000000e+00  
  4   2  47   0.000000e+00    0.000000e+00    0.000000e+00    0.000000e+00    0.000000e+00    0.000000e+00  
  4   2  48   0.000000e+00    0.000000e+00    0.000000e+00    0.000000e+00    0.000000e+00    0.000000e+00  
  4   2  49   0.000000e+00    0.000000e+00    0.000000e+00    0.000000e+00    0.000000e+00    0.000000e+00  
  4   2  50   0.000000e+00    0.000000e+00    0.000000e+00    0.000000e+00    0.000000e+00    0.000000e+00  
  4   2  51   0.000000e+00    0.000000e+00    0.000000e+00    0.000000e+00    0.000000e+00    0.000000e+00  
  4   2  52   0.000000e+00    0.000000e+00    0.000000e+00    0.000000e+00    0.000000e+00    0.000000e+00  
  4   2  53   0.000000e+00    0.000000e+00    0.000000e+00    0.000000e+00    0.000000e+00    0.000000e+00  
  4   2  54   0.000000e+00    0.000000e+00    0.000000e+00    0.000000e+00    0.000000e+00    0.000000e+00  
  4   2  55   0.000000e+00    0.000000e+00    0.000000e+00    0.000000e+00    0.000000e+00    0.000000e+00  
  4   2  56   0.000000e+00    0.000000e+00    0.000000e+00    0.000000e+00    0.000000e+00    0.000000e+00  
  4   2  57   0.000000e+00    0.000000e+00    0.000000e+00    0.000000e+00    0.000000e+00    0.000000e+00  
  4   2  58   0.000000e+00    0.000000e+00    0.000000e+00    0.000000e+00    0.000000e+00    0.000000e+00  
  4   2  59   0.000000e+00    0.000000e+00    0.000000e+00    0.000000e+00    0.000000e+00    0.000000e+00  
  4   2  60   0.000000e+00    0.000000e+00    0.000000e+00    0.000000e+00    0.000000e+00    0.000000e+00  
  4   2  61   0.000000e+00    0.000000e+00    0.000000e+00    0.000000e+00    0.000000e+00    0.000000e+00  
  4   2  62   0.000000e+00    0.000000e+00    0.000000e+00    0.000000e+00    0.000000e+00    0.000000e+00  
  4   3   1   0.000000e+00    0.000000e+00    0.000000e+00    0.000000e+00    0.000000e+00    0.000000e+00  
  4   3   2   0.000000e+00    0.000000e+00    0.000000e+00    0.000000e+00    0.000000e+00    0.000000e+00  
  4   3   3   0.000000e+00    0.000000e+00    0.000000e+00    0.000000e+00    0.000000e+00    0.000000e+00  
  4   3   4   0.000000e+00    0.000000e+00    0.000000e+00    0.000000e+00    0.000000e+00    0.000000e+00  
  4   3   5   0.000000e+00    0.000000e+00    0.000000e+00    0.000000e+00    0.000000e+00    0.000000e+00  
  5   1   1   0.000000e+00    0.000000e+00    0.000000e+00    0.000000e+00    0.000000e+00    0.000000e+00  
  5   1   2   0.000000e+00    0.000000e+00    0.000000e+00    0.000000e+00    0.000000e+00    0.000000e+00  
  5   1   3   0.000000e+00    0.000000e+00    0.000000e+00    0.000000e+00    0.000000e+00    0.000000e+00  
  5   1   4   0.000000e+00    0.000000e+00    0.000000e+00    0.000000e+00    0.000000e+00    0.000000e+00  
  5   1   5   0.000000e+00    0.000000e+00    0.000000e+00    0.000000e+00    0.000000e+00    0.000000e+00  
  5   1   6   0.000000e+00    0.000000e+00    0.000000e+00    0.000000e+00    0.000000e+00    0.000000e+00  
  5   1   7   0.000000e+00    0.000000e+00    0.000000e+00    0.000000e+00    0.000000e+00    0.000000e+00  
  5   1   8   0.000000e+00    0.000000e+00    0.000000e+00    0.000000e+00    0.000000e+00    0.000000e+00  
  5   1   9   0.000000e+00    0.000000e+00    0.000000e+00    0.000000e+00    0.000000e+00    0.000000e+00  
  5   1  10   0.000000e+00    0.000000e+00    0.000000e+00    0.000000e+00    0.000000e+00    0.000000e+00  
  5   1  11   0.000000e+00    0.000000e+00    0.000000e+00    0.000000e+00    0.000000e+00    0.000000e+00  
  5   1  12   0.000000e+00    0.000000e+00    0.000000e+00    0.000000e+00    0.000000e+00    0.000000e+00  
  5   1  13   0.000000e+00    0.000000e+00    0.000000e+00    0.000000e+00    0.000000e+00    0.000000e+00  
  5   1  14   0.000000e+00    0.000000e+00    0.000000e+00    0.000000e+00    0.000000e+00    0.000000e+00  
  5   1  15   0.000000e+00    0.000000e+00    0.000000e+00    0.000000e+00    0.000000e+00    0.000000e+00  
  5   1  16   0.000000e+00    0.000000e+00    0.000000e+00    0.000000e+00    0.000000e+00    0.000000e+00  
  5   1  17   0.000000e+00    0.000000e+00    0.000000e+00    0.000000e+00    0.000000e+00    0.000000e+00  
  5   1  18   0.000000e+00    0.000000e+00    0.000000e+00    0.000000e+00    0.000000e+00    0.000000e+00  
  5   1  19   0.000000e+00    0.000000e+00    0.000000e+00    0.000000e+00    0.000000e+00    0.000000e+00  
  5   1  20   0.000000e+00    0.000000e+00    0.000000e+00    0.000000e+00    0.000000e+00    0.000000e+00  
  5   1  21   0.000000e+00    0.000000e+00    0.000000e+00    0.000000e+00    0.000000e+00    0.000000e+00  
  5   1  22   0.000000e+00    0.000000e+00    0.000000e+00    0.000000e+00    0.000000e+00    0.000000e+00  
  5   1  23   0.000000e+00    0.000000e+00    0.000000e+00    0.000000e+00    0.000000e+00    0.000000e+00  
  5   2   1   0.000000e+00    0.000000e+00    0.000000e+00    0.000000e+00    0.000000e+00    0.000000e+00  
  5   2   2   0.000000e+00    0.000000e+00    0.000000e+00    0.000000e+00    0.000000e+00    0.000000e+00  
  5   2   3   0.000000e+00    0.000000e+00    0.000000e+00    0.000000e+00    0.000000e+00    0.000000e+00  
  5   2   4   0.000000e+00    0.000000e+00    0.000000e+00    0.000000e+00    0.000000e+00    0.000000e+00  
  5   2   5   0.000000e+00    0.000000e+00    0.000000e+00    0.000000e+00    0.000000e+00    0.000000e+00  
  5   2   6   0.000000e+00    0.000000e+00    0.000000e+00    0.000000e+00    0.000000e+00    0.000000e+00  
  5   2   7   0.000000e+00    0.000000e+00    0.000000e+00    0.000000e+00    0.000000e+00    0.000000e+00  
  5   2   8   0.000000e+00    0.000000e+00    0.000000e+00    0.000000e+00    0.000000e+00    0.000000e+00  
  5   2   9   0.000000e+00    0.000000e+00    0.000000e+00    0.000000e+00    0.000000e+00    0.000000e+00  
  5   2  10   0.000000e+00    0.000000e+00    0.000000e+00    0.000000e+00    0.000000e+00    0.000000e+00  
  5   2  11   0.000000e+00    0.000000e+00    0.000000e+00    0.000000e+00    0.000000e+00    0.000000e+00  
  5   2  12   0.000000e+00    0.000000e+00    0.000000e+00    0.000000e+00    0.000000e+00    0.000000e+00  
  5   2  13   0.000000e+00    0.000000e+00    0.000000e+00    0.000000e+00    0.000000e+00    0.000000e+00  
  5   2  14   0.000000e+00    0.000000e+00    0.000000e+00    0.000000e+00    0.000000e+00    0.000000e+00  
  5   2  15   0.000000e+00    0.000000e+00    0.000000e+00    0.000000e+00    0.000000e+00    0.000000e+00  
  5   2  16   0.000000e+00    0.000000e+00    0.000000e+00    0.000000e+00    0.000000e+00    0.000000e+00  
  5   2  17   0.000000e+00    0.000000e+00    0.000000e+00    0.000000e+00    0.000000e+00    0.000000e+00  
  5   2  18   0.000000e+00    0.000000e+00    0.000000e+00    0.000000e+00    0.000000e+00    0.000000e+00  
  5   2  19   0.000000e+00    0.000000e+00    0.000000e+00    0.000000e+00    0.000000e+00    0.000000e+00  
  5   2  20   0.000000e+00    0.000000e+00    0.000000e+00    0.000000e+00    0.000000e+00    0.000000e+00  
  5   2  21   0.000000e+00    0.000000e+00    0.000000e+00    0.000000e+00    0.000000e+00    0.000000e+00  
  5   2  22   0.000000e+00    0.000000e+00    0.000000e+00    0.000000e+00    0.000000e+00    0.000000e+00  
  5   2  23   0.000000e+00    0.000000e+00    0.000000e+00    0.000000e+00    0.000000e+00    0.000000e+00  
  5   2  24   0.000000e+00    0.000000e+00    0.000000e+00    0.000000e+00    0.000000e+00    0.000000e+00  
  5   2  25   0.000000e+00    0.000000e+00    0.000000e+00    0.000000e+00    0.000000e+00    0.000000e+00  
  5   2  26   0.000000e+00    0.000000e+00    0.000000e+00    0.000000e+00    0.000000e+00    0.000000e+00  
  5   2  27   0.000000e+00    0.000000e+00    0.000000e+00    0.000000e+00    0.000000e+00    0.000000e+00  
  5   2  28   0.000000e+00    0.000000e+00    0.000000e+00    0.000000e+00    0.000000e+00    0.000000e+00  
  5   2  29   0.000000e+00    0.000000e+00    0.000000e+00    0.000000e+00    0.000000e+00    0.000000e+00  
  5   2  30   0.000000e+00    0.000000e+00    0.000000e+00    0.000000e+00    0.000000e+00    0.000000e+00  
  5   2  31   0.000000e+00    0.000000e+00    0.000000e+00    0.000000e+00    0.000000e+00    0.000000e+00  
  5   2  32   0.000000e+00    0.000000e+00    0.000000e+00    0.000000e+00    0.000000e+00    0.000000e+00  
  5   2  33   0.000000e+00    0.000000e+00    0.000000e+00    0.000000e+00    0.000000e+00    0.000000e+00  
  5   2  34   0.000000e+00    0.000000e+00    0.000000e+00    0.000000e+00    0.000000e+00    0.000000e+00  
  5   2  35   0.000000e+00    0.000000e+00    0.000000e+00    0.000000e+00    0.000000e+00    0.000000e+00  
  5   2  36   0.000000e+00    0.000000e+00    0.000000e+00    0.000000e+00    0.000000e+00    0.000000e+00  
  5   2  37   0.000000e+00    0.000000e+00    0.000000e+00    0.000000e+00    0.000000e+00    0.000000e+00  
  5   2  38   0.000000e+00    0.000000e+00    0.000000e+00    0.000000e+00    0.000000e+00    0.000000e+00  
  5   2  39   0.000000e+00    0.000000e+00    0.000000e+00    0.000000e+00    0.000000e+00    0.000000e+00  
  5   2  40   0.000000e+00    0.000000e+00    0.000000e+00    0.000000e+00    0.000000e+00    0.000000e+00  
  5   2  41   0.000000e+00    0.000000e+00    0.000000e+00    0.000000e+00    0.000000e+00    0.000000e+00  
  5   2  42   0.000000e+00    0.000000e+00    0.000000e+00    0.000000e+00    0.000000e+00    0.000000e+00  
  5   2  43   0.000000e+00    0.000000e+00    0.000000e+00    0.000000e+00    0.000000e+00    0.000000e+00  
  5   2  44   0.000000e+00    0.000000e+00    0.000000e+00    0.000000e+00    0.000000e+00    0.000000e+00  
  5   2  45   0.000000e+00    0.000000e+00    0.000000e+00    0.000000e+00    0.000000e+00    0.000000e+00  
  5   2  46   0.000000e+00    0.000000e+00    0.000000e+00    0.000000e+00    0.000000e+00    0.000000e+00  
  5   2  47   0.000000e+00    0.000000e+00    0.000000e+00    0.000000e+00    0.000000e+00    0.000000e+00  
  5   2  48   0.000000e+00    0.000000e+00    0.000000e+00    0.000000e+00    0.000000e+00    0.000000e+00  
  5   2  49   0.000000e+00    0.000000e+00    0.000000e+00    0.000000e+00    0.000000e+00    0.000000e+00  
  5   2  50   0.000000e+00    0.000000e+00    0.000000e+00    0.000000e+00    0.000000e+00    0.000000e+00  
  5   2  51   0.000000e+00    0.000000e+00    0.000000e+00    0.000000e+00    0.000000e+00    0.000000e+00  
  5   2  52   0.000000e+00    0.000000e+00    0.000000e+00    0.000000e+00    0.000000e+00    0.000000e+00  
  5   2  53   0.000000e+00    0.000000e+00    0.000000e+00    0.000000e+00    0.000000e+00    0.000000e+00  
  5   2  54   0.000000e+00    0.000000e+00    0.000000e+00    0.000000e+00    0.000000e+00    0.000000e+00  
  5   2  55   0.000000e+00    0.000000e+00    0.000000e+00    0.000000e+00    0.000000e+00    0.000000e+00  
  5   2  56   0.000000e+00    0.000000e+00    0.000000e+00    0.000000e+00    0.000000e+00    0.000000e+00  
  5   2  57   0.000000e+00    0.000000e+00    0.000000e+00    0.000000e+00    0.000000e+00    0.000000e+00  
  5   2  58   0.000000e+00    0.000000e+00    0.000000e+00    0.000000e+00    0.000000e+00    0.000000e+00  
  5   2  59   0.000000e+00    0.000000e+00    0.000000e+00    0.000000e+00    0.000000e+00    0.000000e+00  
  5   2  60   0.000000e+00    0.000000e+00    0.000000e+00    0.000000e+00    0.000000e+00    0.000000e+00  
  5   2  61   0.000000e+00    0.000000e+00    0.000000e+00    0.000000e+00    0.000000e+00    0.000000e+00  
  5   2  62   0.000000e+00    0.000000e+00    0.000000e+00    0.000000e+00    0.000000e+00    0.000000e+00  
  5   3   1   0.000000e+00    0.000000e+00    0.000000e+00    0.000000e+00    0.000000e+00    0.000000e+00  
  5   3   2   0.000000e+00    0.000000e+00    0.000000e+00    0.000000e+00    0.000000e+00    0.000000e+00  
  5   3   3   0.000000e+00    0.000000e+00    0.000000e+00    0.000000e+00    0.000000e+00    0.000000e+00  
  5   3   4   0.000000e+00    0.000000e+00    0.000000e+00    0.000000e+00    0.000000e+00    0.000000e+00  
  5   3   5   0.000000e+00    0.000000e+00    0.000000e+00    0.000000e+00    0.000000e+00    0.000000e+00  
  6   1   1   0.000000e+00    0.000000e+00    0.000000e+00    0.000000e+00    0.000000e+00    0.000000e+00  
  6   1   2   0.000000e+00    0.000000e+00    0.000000e+00    0.000000e+00    0.000000e+00    0.000000e+00  
  6   1   3   0.000000e+00    0.000000e+00    0.000000e+00    0.000000e+00    0.000000e+00    0.000000e+00  
  6   1   4   0.000000e+00    0.000000e+00    0.000000e+00    0.000000e+00    0.000000e+00    0.000000e+00  
  6   1   5   0.000000e+00    0.000000e+00    0.000000e+00    0.000000e+00    0.000000e+00    0.000000e+00  
  6   1   6   0.000000e+00    0.000000e+00    0.000000e+00    0.000000e+00    0.000000e+00    0.000000e+00  
  6   1   7   0.000000e+00    0.000000e+00    0.000000e+00    0.000000e+00    0.000000e+00    0.000000e+00  
  6   1   8   0.000000e+00    0.000000e+00    0.000000e+00    0.000000e+00    0.000000e+00    0.000000e+00  
  6   1   9   0.000000e+00    0.000000e+00    0.000000e+00    0.000000e+00    0.000000e+00    0.000000e+00  
  6   1  10   0.000000e+00    0.000000e+00    0.000000e+00    0.000000e+00    0.000000e+00    0.000000e+00  
  6   1  11   0.000000e+00    0.000000e+00    0.000000e+00    0.000000e+00    0.000000e+00    0.000000e+00  
  6   1  12   0.000000e+00    0.000000e+00    0.000000e+00    0.000000e+00    0.000000e+00    0.000000e+00  
  6   1  13   0.000000e+00    0.000000e+00    0.000000e+00    0.000000e+00    0.000000e+00    0.000000e+00  
  6   1  14   0.000000e+00    0.000000e+00    0.000000e+00    0.000000e+00    0.000000e+00    0.000000e+00  
  6   1  15   0.000000e+00    0.000000e+00    0.000000e+00    0.000000e+00    0.000000e+00    0.000000e+00  
  6   1  16   0.000000e+00    0.000000e+00    0.000000e+00    0.000000e+00    0.000000e+00    0.000000e+00  
  6   1  17   0.000000e+00    0.000000e+00    0.000000e+00    0.000000e+00    0.000000e+00    0.000000e+00  
  6   1  18   0.000000e+00    0.000000e+00    0.000000e+00    0.000000e+00    0.000000e+00    0.000000e+00  
  6   1  19   0.000000e+00    0.000000e+00    0.000000e+00    0.000000e+00    0.000000e+00    0.000000e+00  
  6   1  20   0.000000e+00    0.000000e+00    0.000000e+00    0.000000e+00    0.000000e+00    0.000000e+00  
  6   1  21   0.000000e+00    0.000000e+00    0.000000e+00    0.000000e+00    0.000000e+00    0.000000e+00  
  6   1  22   0.000000e+00    0.000000e+00    0.000000e+00    0.000000e+00    0.000000e+00    0.000000e+00  
  6   1  23   0.000000e+00    0.000000e+00    0.000000e+00    0.000000e+00    0.000000e+00    0.000000e+00  
  6   2   1   0.000000e+00    0.000000e+00    0.000000e+00    0.000000e+00    0.000000e+00    0.000000e+00  
  6   2   2   0.000000e+00    0.000000e+00    0.000000e+00    0.000000e+00    0.000000e+00    0.000000e+00  
  6   2   3   0.000000e+00    0.000000e+00    0.000000e+00    0.000000e+00    0.000000e+00    0.000000e+00  
  6   2   4   0.000000e+00    0.000000e+00    0.000000e+00    0.000000e+00    0.000000e+00    0.000000e+00  
  6   2   5   0.000000e+00    0.000000e+00    0.000000e+00    0.000000e+00    0.000000e+00    0.000000e+00  
  6   2   6   0.000000e+00    0.000000e+00    0.000000e+00    0.000000e+00    0.000000e+00    0.000000e+00  
  6   2   7   0.000000e+00    0.000000e+00    0.000000e+00    0.000000e+00    0.000000e+00    0.000000e+00  
  6   2   8   0.000000e+00    0.000000e+00    0.000000e+00    0.000000e+00    0.000000e+00    0.000000e+00  
  6   2   9   0.000000e+00    0.000000e+00    0.000000e+00    0.000000e+00    0.000000e+00    0.000000e+00  
  6   2  10   0.000000e+00    0.000000e+00    0.000000e+00    0.000000e+00    0.000000e+00    0.000000e+00  
  6   2  11   0.000000e+00    0.000000e+00    0.000000e+00    0.000000e+00    0.000000e+00    0.000000e+00  
  6   2  12   0.000000e+00    0.000000e+00    0.000000e+00    0.000000e+00    0.000000e+00    0.000000e+00  
  6   2  13   0.000000e+00    0.000000e+00    0.000000e+00    0.000000e+00    0.000000e+00    0.000000e+00  
  6   2  14   0.000000e+00    0.000000e+00    0.000000e+00    0.000000e+00    0.000000e+00    0.000000e+00  
  6   2  15   0.000000e+00    0.000000e+00    0.000000e+00    0.000000e+00    0.000000e+00    0.000000e+00  
  6   2  16   0.000000e+00    0.000000e+00    0.000000e+00    0.000000e+00    0.000000e+00    0.000000e+00  
  6   2  17   0.000000e+00    0.000000e+00    0.000000e+00    0.000000e+00    0.000000e+00    0.000000e+00  
  6   2  18   0.000000e+00    0.000000e+00    0.000000e+00    0.000000e+00    0.000000e+00    0.000000e+00  
  6   2  19   0.000000e+00    0.000000e+00    0.000000e+00    0.000000e+00    0.000000e+00    0.000000e+00  
  6   2  20   0.000000e+00    0.000000e+00    0.000000e+00    0.000000e+00    0.000000e+00    0.000000e+00  
  6   2  21   0.000000e+00    0.000000e+00    0.000000e+00    0.000000e+00    0.000000e+00    0.000000e+00  
  6   2  22   0.000000e+00    0.000000e+00    0.000000e+00    0.000000e+00    0.000000e+00    0.000000e+00  
  6   2  23   0.000000e+00    0.000000e+00    0.000000e+00    0.000000e+00    0.000000e+00    0.000000e+00  
  6   2  24   0.000000e+00    0.000000e+00    0.000000e+00    0.000000e+00    0.000000e+00    0.000000e+00  
  6   2  25   0.000000e+00    0.000000e+00    0.000000e+00    0.000000e+00    0.000000e+00    0.000000e+00  
  6   2  26   0.000000e+00    0.000000e+00    0.000000e+00    0.000000e+00    0.000000e+00    0.000000e+00  
  6   2  27   0.000000e+00    0.000000e+00    0.000000e+00    0.000000e+00    0.000000e+00    0.000000e+00  
  6   2  28   0.000000e+00    0.000000e+00    0.000000e+00    0.000000e+00    0.000000e+00    0.000000e+00  
  6   2  29   0.000000e+00    0.000000e+00    0.000000e+00    0.000000e+00    0.000000e+00    0.000000e+00  
  6   2  30   0.000000e+00    0.000000e+00    0.000000e+00    0.000000e+00    0.000000e+00    0.000000e+00  
  6   2  31   0.000000e+00    0.000000e+00    0.000000e+00    0.000000e+00    0.000000e+00    0.000000e+00  
  6   2  32   0.000000e+00    0.000000e+00    0.000000e+00    0.000000e+00    0.000000e+00    0.000000e+00  
  6   2  33   0.000000e+00    0.000000e+00    0.000000e+00    0.000000e+00    0.000000e+00    0.000000e+00  
  6   2  34   0.000000e+00    0.000000e+00    0.000000e+00    0.000000e+00    0.000000e+00    0.000000e+00  
  6   2  35   0.000000e+00    0.000000e+00    0.000000e+00    0.000000e+00    0.000000e+00    0.000000e+00  
  6   2  36   0.000000e+00    0.000000e+00    0.000000e+00    0.000000e+00    0.000000e+00    0.000000e+00  
  6   2  37   0.000000e+00    0.000000e+00    0.000000e+00    0.000000e+00    0.000000e+00    0.000000e+00  
  6   2  38   0.000000e+00    0.000000e+00    0.000000e+00    0.000000e+00    0.000000e+00    0.000000e+00  
  6   2  39   0.000000e+00    0.000000e+00    0.000000e+00    0.000000e+00    0.000000e+00    0.000000e+00  
  6   2  40   0.000000e+00    0.000000e+00    0.000000e+00    0.000000e+00    0.000000e+00    0.000000e+00  
  6   2  41   0.000000e+00    0.000000e+00    0.000000e+00    0.000000e+00    0.000000e+00    0.000000e+00  
  6   2  42   0.000000e+00    0.000000e+00    0.000000e+00    0.000000e+00    0.000000e+00    0.000000e+00  
  6   2  43   0.000000e+00    0.000000e+00    0.000000e+00    0.000000e+00    0.000000e+00    0.000000e+00  
  6   2  44   0.000000e+00    0.000000e+00    0.000000e+00    0.000000e+00    0.000000e+00    0.000000e+00  
  6   2  45   0.000000e+00    0.000000e+00    0.000000e+00    0.000000e+00    0.000000e+00    0.000000e+00  
  6   2  46   0.000000e+00    0.000000e+00    0.000000e+00    0.000000e+00    0.000000e+00    0.000000e+00  
  6   2  47   0.000000e+00    0.000000e+00    0.000000e+00    0.000000e+00    0.000000e+00    0.000000e+00  
  6   2  48   0.000000e+00    0.000000e+00    0.000000e+00    0.000000e+00    0.000000e+00    0.000000e+00  
  6   2  49   0.000000e+00    0.000000e+00    0.000000e+00    0.000000e+00    0.000000e+00    0.000000e+00  
  6   2  50   0.000000e+00    0.000000e+00    0.000000e+00    0.000000e+00    0.000000e+00    0.000000e+00  
  6   2  51   0.000000e+00    0.000000e+00    0.000000e+00    0.000000e+00    0.000000e+00    0.000000e+00  
  6   2  52   0.000000e+00    0.000000e+00    0.000000e+00    0.000000e+00    0.000000e+00    0.000000e+00  
  6   2  53   0.000000e+00    0.000000e+00    0.000000e+00    0.000000e+00    0.000000e+00    0.000000e+00  
  6   2  54   0.000000e+00    0.000000e+00    0.000000e+00    0.000000e+00    0.000000e+00    0.000000e+00  
  6   2  55   0.000000e+00    0.000000e+00    0.000000e+00    0.000000e+00    0.000000e+00    0.000000e+00  
  6   2  56   0.000000e+00    0.000000e+00    0.000000e+00    0.000000e+00    0.000000e+00    0.000000e+00  
  6   2  57   0.000000e+00    0.000000e+00    0.000000e+00    0.000000e+00    0.000000e+00    0.000000e+00  
  6   2  58   0.000000e+00    0.000000e+00    0.000000e+00    0.000000e+00    0.000000e+00    0.000000e+00  
  6   2  59   0.000000e+00    0.000000e+00    0.000000e+00    0.000000e+00    0.000000e+00    0.000000e+00  
  6   2  60   0.000000e+00    0.000000e+00    0.000000e+00    0.000000e+00    0.000000e+00    0.000000e+00  
  6   2  61   0.000000e+00    0.000000e+00    0.000000e+00    0.000000e+00    0.000000e+00    0.000000e+00  
  6   2  62   0.000000e+00    0.000000e+00    0.000000e+00    0.000000e+00    0.000000e+00    0.000000e+00  
  6   3   1   0.000000e+00    0.000000e+00    0.000000e+00    0.000000e+00    0.000000e+00    0.000000e+00  
  6   3   2   0.000000e+00    0.000000e+00    0.000000e+00    0.000000e+00    0.000000e+00    0.000000e+00  
  6   3   3   0.000000e+00    0.000000e+00    0.000000e+00    0.000000e+00    0.000000e+00    0.000000e+00  
  6   3   4   0.000000e+00    0.000000e+00    0.000000e+00    0.000000e+00    0.000000e+00    0.000000e+00  
  6   3   5   0.000000e+00    0.000000e+00    0.000000e+00    0.000000e+00    0.000000e+00    0.000000e+00  
