sector layer component left_right paddle2paddle
  1   1   1   6.500000e+00    0.000000e+00  
  1   1   2   5.500000e+00    0.000000e+00  
  1   1   3   2.000000e+00    0.000000e+00  
  1   1   4   6.000000e+00    0.000000e+00  
  1   1   5   -5.000000e+00    0.000000e+00  
  1   1   6   -3.000000e+00    0.000000e+00  
  1   1   7   -8.500000e+00    0.000000e+00  
  1   1   8   2.500000e+00    0.000000e+00  
  1   1   9   3.000000e+00    0.000000e+00  
  1   1  10   9.000000e+00    0.000000e+00  
  1   1  11   -2.500000e+00    0.000000e+00  
  1   1  12   2.500000e+00    0.000000e+00  
  1   1  13   5.000000e+00    0.000000e+00  
  1   1  14   8.500000e+00    0.000000e+00  
  1   1  15   8.500000e+00    0.000000e+00  
  1   1  16   -3.500000e+00    0.000000e+00  
  1   1  17   7.500000e+00    0.000000e+00  
  1   1  18   -4.500000e+00    0.000000e+00  
  1   1  19   1.500000e+00    0.000000e+00  
  1   1  20   8.000000e+00    0.000000e+00  
  1   1  21   -6.000000e+00    0.000000e+00  
  1   1  22   -5.000000e+00    0.000000e+00  
  1   1  23   4.500000e+00    0.000000e+00  
  1   2   1   9.000000e+00    0.000000e+00  
  1   2   2   5.000000e+00    0.000000e+00  
  1   2   3   6.000000e+00    0.000000e+00  
  1   2   4   -3.500000e+00    0.000000e+00  
  1   2   5   0.000000e+00    0.000000e+00  
  1   2   6   5.500000e+00    0.000000e+00  
  1   2   7   4.000000e+00    0.000000e+00  
  1   2   8   5.500000e+00    0.000000e+00  
  1   2   9   3.500000e+00    0.000000e+00  
  1   2  10   -3.500000e+00    0.000000e+00  
  1   2  11   -2.000000e+00    0.000000e+00  
  1   2  12   2.500000e+00    0.000000e+00  
  1   2  13   -6.000000e+00    0.000000e+00  
  1   2  14   4.000000e+00    0.000000e+00  
  1   2  15   2.500000e+00    0.000000e+00  
  1   2  16   1.100000e+01    0.000000e+00  
  1   2  17   2.500000e+00    0.000000e+00  
  1   2  18   -4.500000e+00    0.000000e+00  
  1   2  19   7.000000e+00    0.000000e+00  
  1   2  20   4.000000e+00    0.000000e+00  
  1   2  21   -2.150000e+01    0.000000e+00  
  1   2  22   -6.500000e+00    0.000000e+00  
  1   2  23   2.500000e+00    0.000000e+00  
  1   2  24   9.500000e+00    0.000000e+00  
  1   2  25   7.000000e+00    0.000000e+00  
  1   2  26   -1.100000e+01    0.000000e+00  
  1   2  27   -1.600000e+01    0.000000e+00  
  1   2  28   -9.000000e+00    0.000000e+00  
  1   2  29   2.500000e+00    0.000000e+00  
  1   2  30   4.000000e+00    0.000000e+00  
  1   2  31   -2.000000e+00    0.000000e+00  
  1   2  32   0.000000e+00    0.000000e+00  
  1   2  33   -2.500000e+00    0.000000e+00  
  1   2  34   1.000000e+01    0.000000e+00  
  1   2  35   1.000000e+00    0.000000e+00  
  1   2  36   5.000000e-01    0.000000e+00  
  1   2  37   -5.500000e+00    0.000000e+00  
  1   2  38   6.500000e+00    0.000000e+00  
  1   2  39   2.500000e+00    0.000000e+00  
  1   2  40   -5.500000e+00    0.000000e+00  
  1   2  41   -6.500000e+00    0.000000e+00  
  1   2  42   -9.000000e+00    0.000000e+00  
  1   2  43   4.500000e+00    0.000000e+00  
  1   2  44   -6.000000e+00    0.000000e+00  
  1   2  45   -2.000000e+00    0.000000e+00  
  1   2  46   -1.000000e+00    0.000000e+00  
  1   2  47   6.000000e+00    0.000000e+00  
  1   2  48   -8.000000e+00    0.000000e+00  
  1   2  49   8.000000e+00    0.000000e+00  
  1   2  50   4.500000e+00    0.000000e+00  
  1   2  51   5.000000e-01    0.000000e+00  
  1   2  52   1.050000e+01    0.000000e+00  
  1   2  53   4.000000e+00    0.000000e+00  
  1   2  54   5.000000e-01    0.000000e+00  
  1   2  55   2.000000e+00    0.000000e+00  
  1   2  56   -3.000000e+00    0.000000e+00  
  1   2  57   -6.500000e+00    0.000000e+00  
  1   2  58   1.000000e+00    0.000000e+00  
  1   2  59   5.000000e+00    0.000000e+00  
  1   2  60   3.500000e+00    0.000000e+00  
  1   2  61   -7.500000e+00    0.000000e+00  
  1   2  62   -3.000000e+00    0.000000e+00  
  1   3   1   1.000000e+00    0.000000e+00  
  1   3   2   -1.000000e+00    0.000000e+00  
  1   3   3   4.500000e+00    0.000000e+00  
  1   3   4   -2.000000e+00    0.000000e+00  
  1   3   5   -2.500000e+00    0.000000e+00  
  2   1   1   8.500000e+00    0.000000e+00  
  2   1   2   -3.500000e+00    0.000000e+00  
  2   1   3   2.500000e+00    0.000000e+00  
  2   1   4   4.500000e+00    0.000000e+00  
  2   1   5   4.000000e+00    0.000000e+00  
  2   1   6   -5.500000e+00    0.000000e+00  
  2   1   7   4.500000e+00    0.000000e+00  
  2   1   8   -8.500000e+00    0.000000e+00  
  2   1   9   1.050000e+01    0.000000e+00  
  2   1  10   6.000000e+00    0.000000e+00  
  2   1  11   -2.000000e+00    0.000000e+00  
  2   1  12   -8.000000e+00    0.000000e+00  
  2   1  13   0.000000e+00    0.000000e+00  
  2   1  14   -5.000000e-01    0.000000e+00  
  2   1  15   -3.000000e+00    0.000000e+00  
  2   1  16   -8.000000e+00    0.000000e+00  
  2   1  17   1.450000e+01    0.000000e+00  
  2   1  18   8.000000e+00    0.000000e+00  
  2   1  19   0.000000e+00    0.000000e+00  
  2   1  20   6.000000e+00    0.000000e+00  
  2   1  21   7.000000e+00    0.000000e+00  
  2   1  22   4.500000e+00    0.000000e+00  
  2   1  23   8.500000e+00    0.000000e+00  
  2   2   1   -6.000000e+00    0.000000e+00  
  2   2   2   3.500000e+00    0.000000e+00  
  2   2   3   -4.500000e+00    0.000000e+00  
  2   2   4   6.000000e+00    0.000000e+00  
  2   2   5   -1.250000e+01    0.000000e+00  
  2   2   6   2.000000e+00    0.000000e+00  
  2   2   7   1.000000e+00    0.000000e+00  
  2   2   8   5.500000e+00    0.000000e+00  
  2   2   9   6.500000e+00    0.000000e+00  
  2   2  10   4.000000e+00    0.000000e+00  
  2   2  11   -6.500000e+00    0.000000e+00  
  2   2  12   -1.500000e+00    0.000000e+00  
  2   2  13   -3.500000e+00    0.000000e+00  
  2   2  14   3.000000e+00    0.000000e+00  
  2   2  15   1.200000e+01    0.000000e+00  
  2   2  16   1.050000e+01    0.000000e+00  
  2   2  17   -3.500000e+00    0.000000e+00  
  2   2  18   7.500000e+00    0.000000e+00  
  2   2  19   7.500000e+00    0.000000e+00  
  2   2  20   -1.200000e+01    0.000000e+00  
  2   2  21   -7.000000e+00    0.000000e+00  
  2   2  22   1.000000e+00    0.000000e+00  
  2   2  23   6.000000e+00    0.000000e+00  
  2   2  24   -8.000000e+00    0.000000e+00  
  2   2  25   -4.500000e+00    0.000000e+00  
  2   2  26   1.000000e+00    0.000000e+00  
  2   2  27   -2.000000e+00    0.000000e+00  
  2   2  28   7.000000e+00    0.000000e+00  
  2   2  29   -5.500000e+00    0.000000e+00  
  2   2  30   8.500000e+00    0.000000e+00  
  2   2  31   1.350000e+01    0.000000e+00  
  2   2  32   5.000000e+00    0.000000e+00  
  2   2  33   -2.500000e+00    0.000000e+00  
  2   2  34   5.000000e+00    0.000000e+00  
  2   2  35   -1.350000e+01    0.000000e+00  
  2   2  36   9.000000e+00    0.000000e+00  
  2   2  37   5.500000e+00    0.000000e+00  
  2   2  38   -1.500000e+00    0.000000e+00  
  2   2  39   1.150000e+01    0.000000e+00  
  2   2  40   8.000000e+00    0.000000e+00  
  2   2  41   -4.500000e+00    0.000000e+00  
  2   2  42   -6.500000e+00    0.000000e+00  
  2   2  43   -1.000000e+00    0.000000e+00  
  2   2  44   -2.000000e+00    0.000000e+00  
  2   2  45   5.500000e+00    0.000000e+00  
  2   2  46   -8.500000e+00    0.000000e+00  
  2   2  47   -1.000000e+00    0.000000e+00  
  2   2  48   3.500000e+00    0.000000e+00  
  2   2  49   6.000000e+00    0.000000e+00  
  2   2  50   -1.200000e+01    0.000000e+00  
  2   2  51   -4.000000e+00    0.000000e+00  
  2   2  52   1.000000e+01    0.000000e+00  
  2   2  53   -1.000000e+00    0.000000e+00  
  2   2  54   4.000000e+00    0.000000e+00  
  2   2  55   5.500000e+00    0.000000e+00  
  2   2  56   4.000000e+00    0.000000e+00  
  2   2  57   0.000000e+00    0.000000e+00  
  2   2  58   7.000000e+00    0.000000e+00  
  2   2  59   -1.150000e+01    0.000000e+00  
  2   2  60   -1.000000e+00    0.000000e+00  
  2   2  61   -4.500000e+00    0.000000e+00  
  2   2  62   2.000000e+00    0.000000e+00  
  2   3   1   -1.100000e+01    0.000000e+00  
  2   3   2   -6.000000e+00    0.000000e+00  
  2   3   3   1.500000e+01    0.000000e+00  
  2   3   4   -6.500000e+00    0.000000e+00  
  2   3   5   4.000000e+00    0.000000e+00  
  3   1   1   -3.000000e+00    0.000000e+00  
  3   1   2   8.000000e+00    0.000000e+00  
  3   1   3   0.000000e+00    0.000000e+00  
  3   1   4   -5.500000e+00    0.000000e+00  
  3   1   5   1.000000e+00    0.000000e+00  
  3   1   6   -6.500000e+00    0.000000e+00  
  3   1   7   4.500000e+00    0.000000e+00  
  3   1   8   -4.500000e+00    0.000000e+00  
  3   1   9   -2.000000e+00    0.000000e+00  
  3   1  10   8.000000e+00    0.000000e+00  
  3   1  11   -3.000000e+00    0.000000e+00  
  3   1  12   1.200000e+01    0.000000e+00  
  3   1  13   -2.500000e+00    0.000000e+00  
  3   1  14   -8.000000e+00    0.000000e+00  
  3   1  15   -7.500000e+00    0.000000e+00  
  3   1  16   -5.500000e+00    0.000000e+00  
  3   1  17   5.000000e+00    0.000000e+00  
  3   1  18   -4.500000e+00    0.000000e+00  
  3   1  19   1.000000e+01    0.000000e+00  
  3   1  20   7.000000e+00    0.000000e+00  
  3   1  21   9.000000e+00    0.000000e+00  
  3   1  22   6.000000e+00    0.000000e+00  
  3   1  23   -1.000000e+00    0.000000e+00  
  3   2   1   4.000000e+00    0.000000e+00  
  3   2   2   -9.500000e+00    0.000000e+00  
  3   2   3   1.000000e+00    0.000000e+00  
  3   2   4   -3.000000e+00    0.000000e+00  
  3   2   5   6.000000e+00    0.000000e+00  
  3   2   6   -1.050000e+01    0.000000e+00  
  3   2   7   4.000000e+00    0.000000e+00  
  3   2   8   -4.500000e+00    0.000000e+00  
  3   2   9   -1.150000e+01    0.000000e+00  
  3   2  10   1.000000e+01    0.000000e+00  
  3   2  11   -1.500000e+00    0.000000e+00  
  3   2  12   -6.000000e+00    0.000000e+00  
  3   2  13   -2.000000e+00    0.000000e+00  
  3   2  14   6.000000e+00    0.000000e+00  
  3   2  15   -9.000000e+00    0.000000e+00  
  3   2  16   2.500000e+00    0.000000e+00  
  3   2  17   -1.500000e+00    0.000000e+00  
  3   2  18   -9.000000e+00    0.000000e+00  
  3   2  19   -3.000000e+00    0.000000e+00  
  3   2  20   8.000000e+00    0.000000e+00  
  3   2  21   -5.500000e+00    0.000000e+00  
  3   2  22   -3.000000e+00    0.000000e+00  
  3   2  23   6.500000e+00    0.000000e+00  
  3   2  24   8.000000e+00    0.000000e+00  
  3   2  25   -2.500000e+00    0.000000e+00  
  3   2  26   4.000000e+00    0.000000e+00  
  3   2  27   -4.500000e+00    0.000000e+00  
  3   2  28   2.500000e+00    0.000000e+00  
  3   2  29   8.000000e+00    0.000000e+00  
  3   2  30   7.500000e+00    0.000000e+00  
  3   2  31   -1.250000e+01    0.000000e+00  
  3   2  32   7.000000e+00    0.000000e+00  
  3   2  33   3.500000e+00    0.000000e+00  
  3   2  34   9.500000e+00    0.000000e+00  
  3   2  35   -4.000000e+00    0.000000e+00  
  3   2  36   -8.000000e+00    0.000000e+00  
  3   2  37   -5.000000e-01    0.000000e+00  
  3   2  38   1.150000e+01    0.000000e+00  
  3   2  39   2.000000e+00    0.000000e+00  
  3   2  40   -7.500000e+00    0.000000e+00  
  3   2  41   1.400000e+01    0.000000e+00  
  3   2  42   -2.000000e+00    0.000000e+00  
  3   2  43   -5.000000e-01    0.000000e+00  
  3   2  44   5.500000e+00    0.000000e+00  
  3   2  45   -4.000000e+00    0.000000e+00  
  3   2  46   -7.000000e+00    0.000000e+00  
  3   2  47   -1.000000e+00    0.000000e+00  
  3   2  48   9.500000e+00    0.000000e+00  
  3   2  49   6.500000e+00    0.000000e+00  
  3   2  50   5.500000e+00    0.000000e+00  
  3   2  51   -1.500000e+00    0.000000e+00  
  3   2  52   1.050000e+01    0.000000e+00  
  3   2  53   4.000000e+00    0.000000e+00  
  3   2  54   3.500000e+00    0.000000e+00  
  3   2  55   1.050000e+01    0.000000e+00  
  3   2  56   -3.500000e+00    0.000000e+00  
  3   2  57   7.500000e+00    0.000000e+00  
  3   2  58   8.500000e+00    0.000000e+00  
  3   2  59   9.000000e+00    0.000000e+00  
  3   2  60   7.000000e+00    0.000000e+00  
  3   2  61   5.500000e+00    0.000000e+00  
  3   2  62   6.500000e+00    0.000000e+00  
  3   3   1   -5.000000e-01    0.000000e+00  
  3   3   2   6.500000e+00    0.000000e+00  
  3   3   3   0.000000e+00    0.000000e+00  
  3   3   4   7.500000e+00    0.000000e+00  
  3   3   5   1.100000e+01    0.000000e+00  
  4   1   1   -4.500000e+00    0.000000e+00  
  4   1   2   -8.500000e+00    0.000000e+00  
  4   1   3   -1.100000e+01    0.000000e+00  
  4   1   4   5.000000e-01    0.000000e+00  
  4   1   5   1.000000e+01    0.000000e+00  
  4   1   6   -1.000000e+00    0.000000e+00  
  4   1   7   -1.400000e+01    0.000000e+00  
  4   1   8   1.500000e+00    0.000000e+00  
  4   1   9   -8.500000e+00    0.000000e+00  
  4   1  10   8.000000e+00    0.000000e+00  
  4   1  11   -9.000000e+00    0.000000e+00  
  4   1  12   -2.500000e+00    0.000000e+00  
  4   1  13   0.000000e+00    0.000000e+00  
  4   1  14   4.000000e+00    0.000000e+00  
  4   1  15   1.500000e+00    0.000000e+00  
  4   1  16   -4.000000e+00    0.000000e+00  
  4   1  17   -8.500000e+00    0.000000e+00  
  4   1  18   -5.000000e+00    0.000000e+00  
  4   1  19   1.100000e+01    0.000000e+00  
  4   1  20   5.500000e+00    0.000000e+00  
  4   1  21   -8.500000e+00    0.000000e+00  
  4   1  22   1.200000e+01    0.000000e+00  
  4   1  23   -4.000000e+00    0.000000e+00  
  4   2   1   4.500000e+00    0.000000e+00  
  4   2   2   -1.100000e+01    0.000000e+00  
  4   2   3   4.500000e+00    0.000000e+00  
  4   2   4   -7.000000e+00    0.000000e+00  
  4   2   5   1.100000e+01    0.000000e+00  
  4   2   6   5.000000e+00    0.000000e+00  
  4   2   7   -1.500000e+00    0.000000e+00  
  4   2   8   1.000000e+00    0.000000e+00  
  4   2   9   1.000000e+01    0.000000e+00  
  4   2  10   -4.000000e+00    0.000000e+00  
  4   2  11   -1.350000e+01    0.000000e+00  
  4   2  12   5.500000e+00    0.000000e+00  
  4   2  13   0.000000e+00    0.000000e+00  
  4   2  14   7.500000e+00    0.000000e+00  
  4   2  15   7.000000e+00    0.000000e+00  
  4   2  16   -8.500000e+00    0.000000e+00  
  4   2  17   5.000000e-01    0.000000e+00  
  4   2  18   2.500000e+00    0.000000e+00  
  4   2  19   2.000000e+00    0.000000e+00  
  4   2  20   -5.000000e+00    0.000000e+00  
  4   2  21   -1.100000e+01    0.000000e+00  
  4   2  22   -3.500000e+00    0.000000e+00  
  4   2  23   -9.000000e+00    0.000000e+00  
  4   2  24   5.000000e+00    0.000000e+00  
  4   2  25   8.500000e+00    0.000000e+00  
  4   2  26   -9.000000e+00    0.000000e+00  
  4   2  27   -4.000000e+00    0.000000e+00  
  4   2  28   -7.000000e+00    0.000000e+00  
  4   2  29   -1.500000e+00    0.000000e+00  
  4   2  30   4.500000e+00    0.000000e+00  
  4   2  31   -2.550000e+01    0.000000e+00  
  4   2  32   0.000000e+00    0.000000e+00  
  4   2  33   -1.000000e+00    0.000000e+00  
  4   2  34   4.000000e+00    0.000000e+00  
  4   2  35   -2.500000e+00    0.000000e+00  
  4   2  36   -3.000000e+00    0.000000e+00  
  4   2  37   0.000000e+00    0.000000e+00  
  4   2  38   -5.500000e+00    0.000000e+00  
  4   2  39   -9.500000e+00    0.000000e+00  
  4   2  40   4.000000e+00    0.000000e+00  
  4   2  41   6.500000e+00    0.000000e+00  
  4   2  42   5.000000e-01    0.000000e+00  
  4   2  43   5.000000e+00    0.000000e+00  
  4   2  44   -1.000000e+00    0.000000e+00  
  4   2  45   -5.000000e+00    0.000000e+00  
  4   2  46   -8.000000e+00    0.000000e+00  
  4   2  47   -4.500000e+00    0.000000e+00  
  4   2  48   -3.000000e+00    0.000000e+00  
  4   2  49   -7.500000e+00    0.000000e+00  
  4   2  50   -1.500000e+00    0.000000e+00  
  4   2  51   6.000000e+00    0.000000e+00  
  4   2  52   -1.250000e+01    0.000000e+00  
  4   2  53   -3.000000e+00    0.000000e+00  
  4   2  54   1.050000e+01    0.000000e+00  
  4   2  55   -1.100000e+01    0.000000e+00  
  4   2  56   6.000000e+00    0.000000e+00  
  4   2  57   4.000000e+00    0.000000e+00  
  4   2  58   -4.000000e+00    0.000000e+00  
  4   2  59   -3.500000e+00    0.000000e+00  
  4   2  60   1.500000e+00    0.000000e+00  
  4   2  61   5.500000e+00    0.000000e+00  
  4   2  62   1.050000e+01    0.000000e+00  
  4   3   1   -4.000000e+00    0.000000e+00  
  4   3   2   -1.400000e+01    0.000000e+00  
  4   3   3   -4.000000e+00    0.000000e+00  
  4   3   4   9.000000e+00    0.000000e+00  
  4   3   5   -1.000000e+01    0.000000e+00  
  5   1   1   2.500000e+00    0.000000e+00  
  5   1   2   1.500000e+00    0.000000e+00  
  5   1   3   7.500000e+00    0.000000e+00  
  5   1   4   2.000000e+00    0.000000e+00  
  5   1   5   -1.000000e+00    0.000000e+00  
  5   1   6   -5.500000e+00    0.000000e+00  
  5   1   7   -5.500000e+00    0.000000e+00  
  5   1   8   6.500000e+00    0.000000e+00  
  5   1   9   -5.500000e+00    0.000000e+00  
  5   1  10   4.500000e+00    0.000000e+00  
  5   1  11   6.500000e+00    0.000000e+00  
  5   1  12   -6.500000e+00    0.000000e+00  
  5   1  13   -1.100000e+01    0.000000e+00  
  5   1  14   -1.000000e+00    0.000000e+00  
  5   1  15   -7.000000e+00    0.000000e+00  
  5   1  16   7.500000e+00    0.000000e+00  
  5   1  17   8.000000e+00    0.000000e+00  
  5   1  18   2.500000e+00    0.000000e+00  
  5   1  19   6.500000e+00    0.000000e+00  
  5   1  20   5.000000e-01    0.000000e+00  
  5   1  21   5.500000e+00    0.000000e+00  
  5   1  22   -5.500000e+00    0.000000e+00  
  5   1  23   4.500000e+00    0.000000e+00  
  5   2   1   4.000000e+00    0.000000e+00  
  5   2   2   -3.500000e+00    0.000000e+00  
  5   2   3   1.000000e+01    0.000000e+00  
  5   2   4   1.500000e+00    0.000000e+00  
  5   2   5   -3.000000e+00    0.000000e+00  
  5   2   6   6.500000e+00    0.000000e+00  
  5   2   7   -6.500000e+00    0.000000e+00  
  5   2   8   -1.050000e+01    0.000000e+00  
  5   2   9   -9.000000e+00    0.000000e+00  
  5   2  10   -7.500000e+00    0.000000e+00  
  5   2  11   -9.500000e+00    0.000000e+00  
  5   2  12   4.000000e+00    0.000000e+00  
  5   2  13   1.000000e+00    0.000000e+00  
  5   2  14   6.000000e+00    0.000000e+00  
  5   2  15   -7.000000e+00    0.000000e+00  
  5   2  16   6.500000e+00    0.000000e+00  
  5   2  17   -4.500000e+00    0.000000e+00  
  5   2  18   8.500000e+00    0.000000e+00  
  5   2  19   -8.000000e+00    0.000000e+00  
  5   2  20   7.500000e+00    0.000000e+00  
  5   2  21   -8.500000e+00    0.000000e+00  
  5   2  22   -5.000000e+00    0.000000e+00  
  5   2  23   -2.500000e+00    0.000000e+00  
  5   2  24   5.500000e+00    0.000000e+00  
  5   2  25   7.500000e+00    0.000000e+00  
  5   2  26   5.000000e+00    0.000000e+00  
  5   2  27   -1.200000e+01    0.000000e+00  
  5   2  28   6.500000e+00    0.000000e+00  
  5   2  29   1.000000e+01    0.000000e+00  
  5   2  30   -1.000000e+00    0.000000e+00  
  5   2  31   2.000000e+00    0.000000e+00  
  5   2  32   1.550000e+01    0.000000e+00  
  5   2  33   -2.500000e+00    0.000000e+00  
  5   2  34   -5.000000e+00    0.000000e+00  
  5   2  35   -9.500000e+00    0.000000e+00  
  5   2  36   1.050000e+01    0.000000e+00  
  5   2  37   2.000000e+00    0.000000e+00  
  5   2  38   -4.500000e+00    0.000000e+00  
  5   2  39   4.500000e+00    0.000000e+00  
  5   2  40   -6.000000e+00    0.000000e+00  
  5   2  41   -4.500000e+00    0.000000e+00  
  5   2  42   -5.000000e-01    0.000000e+00  
  5   2  43   3.000000e+00    0.000000e+00  
  5   2  44   1.300000e+01    0.000000e+00  
  5   2  45   -5.000000e-01    0.000000e+00  
  5   2  46   -2.000000e+00    0.000000e+00  
  5   2  47   -6.000000e+00    0.000000e+00  
  5   2  48   2.000000e+00    0.000000e+00  
  5   2  49   0.000000e+00    0.000000e+00  
  5   2  50   -3.500000e+00    0.000000e+00  
  5   2  51   -2.500000e+00    0.000000e+00  
  5   2  52   -8.000000e+00    0.000000e+00  
  5   2  53   8.500000e+00    0.000000e+00  
  5   2  54   -6.500000e+00    0.000000e+00  
  5   2  55   6.500000e+00    0.000000e+00  
  5   2  56   4.500000e+00    0.000000e+00  
  5   2  57   -3.500000e+00    0.000000e+00  
  5   2  58   1.150000e+01    0.000000e+00  
  5   2  59   -1.500000e+00    0.000000e+00  
  5   2  60   -1.200000e+01    0.000000e+00  
  5   2  61   5.000000e-01    0.000000e+00  
  5   2  62   2.000000e+00    0.000000e+00  
  5   3   1   -4.000000e+00    0.000000e+00  
  5   3   2   6.500000e+00    0.000000e+00  
  5   3   3   1.000000e+00    0.000000e+00  
  5   3   4   -7.000000e+00    0.000000e+00  
  5   3   5   -7.000000e+00    0.000000e+00  
  6   1   1   -8.000000e+00    0.000000e+00  
  6   1   2   -7.500000e+00    0.000000e+00  
  6   1   3   5.500000e+00    0.000000e+00  
  6   1   4   -1.000000e+00    0.000000e+00  
  6   1   5   -2.500000e+00    0.000000e+00  
  6   1   6   5.000000e-01    0.000000e+00  
  6   1   7   -5.000000e+00    0.000000e+00  
  6   1   8   -3.500000e+00    0.000000e+00  
  6   1   9   -2.000000e+00    0.000000e+00  
  6   1  10   -6.000000e+00    0.000000e+00  
  6   1  11   9.500000e+00    0.000000e+00  
  6   1  12   9.500000e+00    0.000000e+00  
  6   1  13   -1.500000e+00    0.000000e+00  
  6   1  14   5.500000e+00    0.000000e+00  
  6   1  15   6.500000e+00    0.000000e+00  
  6   1  16   7.000000e+00    0.000000e+00  
  6   1  17   -6.000000e+00    0.000000e+00  
  6   1  18   -7.000000e+00    0.000000e+00  
  6   1  19   5.000000e+00    0.000000e+00  
  6   1  20   5.000000e+00    0.000000e+00  
  6   1  21   -1.500000e+00    0.000000e+00  
  6   1  22   -4.000000e+00    0.000000e+00  
  6   1  23   -6.500000e+00    0.000000e+00  
  6   2   1   -8.000000e+00    0.000000e+00  
  6   2   2   7.000000e+00    0.000000e+00  
  6   2   3   2.500000e+00    0.000000e+00  
  6   2   4   -1.500000e+00    0.000000e+00  
  6   2   5   5.000000e+00    0.000000e+00  
  6   2   6   9.500000e+00    0.000000e+00  
  6   2   7   5.500000e+00    0.000000e+00  
  6   2   8   7.500000e+00    0.000000e+00  
  6   2   9   -6.000000e+00    0.000000e+00  
  6   2  10   -9.000000e+00    0.000000e+00  
  6   2  11   4.500000e+00    0.000000e+00  
  6   2  12   8.500000e+00    0.000000e+00  
  6   2  13   -4.500000e+00    0.000000e+00  
  6   2  14   1.700000e+01    0.000000e+00  
  6   2  15   3.000000e+00    0.000000e+00  
  6   2  16   -5.500000e+00    0.000000e+00  
  6   2  17   -1.500000e+00    0.000000e+00  
  6   2  18   5.000000e+00    0.000000e+00  
  6   2  19   -5.500000e+00    0.000000e+00  
  6   2  20   6.500000e+00    0.000000e+00  
  6   2  21   4.500000e+00    0.000000e+00  
  6   2  22   -5.000000e-01    0.000000e+00  
  6   2  23   4.000000e+00    0.000000e+00  
  6   2  24   -7.000000e+00    0.000000e+00  
  6   2  25   9.000000e+00    0.000000e+00  
  6   2  26   -3.000000e+00    0.000000e+00  
  6   2  27   -9.500000e+00    0.000000e+00  
  6   2  28   -3.000000e+00    0.000000e+00  
  6   2  29   -1.000000e+00    0.000000e+00  
  6   2  30   -1.500000e+00    0.000000e+00  
  6   2  31   -5.500000e+00    0.000000e+00  
  6   2  32   7.000000e+00    0.000000e+00  
  6   2  33   1.100000e+01    0.000000e+00  
  6   2  34   3.500000e+00    0.000000e+00  
  6   2  35   -7.000000e+00    0.000000e+00  
  6   2  36   1.500000e+00    0.000000e+00  
  6   2  37   -7.000000e+00    0.000000e+00  
  6   2  38   -1.150000e+01    0.000000e+00  
  6   2  39   -1.000000e+00    0.000000e+00  
  6   2  40   1.100000e+01    0.000000e+00  
  6   2  41   2.000000e+00    0.000000e+00  
  6   2  42   -4.000000e+00    0.000000e+00  
  6   2  43   5.000000e-01    0.000000e+00  
  6   2  44   1.000000e+00    0.000000e+00  
  6   2  45   -6.500000e+00    0.000000e+00  
  6   2  46   -5.000000e-01    0.000000e+00  
  6   2  47   -3.000000e+00    0.000000e+00  
  6   2  48   3.000000e+00    0.000000e+00  
  6   2  49   2.500000e+00    0.000000e+00  
  6   2  50   9.500000e+00    0.000000e+00  
  6   2  51   -4.500000e+00    0.000000e+00  
  6   2  52   -5.000000e+00    0.000000e+00  
  6   2  53   1.300000e+01    0.000000e+00  
  6   2  54   -1.000000e+00    0.000000e+00  
  6   2  55   5.500000e+00    0.000000e+00  
  6   2  56   -5.500000e+00    0.000000e+00  
  6   2  57   -5.500000e+00    0.000000e+00  
  6   2  58   5.500000e+00    0.000000e+00  
  6   2  59   -5.000000e+00    0.000000e+00  
  6   2  60   -5.500000e+00    0.000000e+00  
  6   2  61   -1.500000e+00    0.000000e+00  
  6   2  62   -5.000000e-01    0.000000e+00  
  6   3   1   1.450000e+01    0.000000e+00  
  6   3   2   -5.000000e+00    0.000000e+00  
  6   3   3   -8.500000e+00    0.000000e+00  
  6   3   4   -4.500000e+00    0.000000e+00  
  6   3   5   -6.000000e+00    0.000000e+00  
