1 1 1 0.000
1 1 2 0.000
1 1 3 0.000
1 1 4 0.000
1 1 5 0.000
1 1 6 0.000
1 1 7 0.000
1 1 8 0.000
1 1 9 0.000
1 1 10 0.000
1 1 11 0.000
1 1 12 0.000
1 1 13 0.000
1 1 14 0.000
1 1 15 0.000
1 1 16 0.000
1 1 17 0.000
1 1 18 0.000
1 1 19 -0.888
1 1 20 0.538
1 1 21 0.034
1 1 22 -0.084
1 1 23 -0.837
1 2 1 0.000
1 2 2 0.000
1 2 3 0.000
1 2 4 0.000
1 2 5 0.000
1 2 6 0.000
1 2 7 0.000
1 2 8 0.000
1 2 9 0.000
1 2 10 0.000
1 2 11 0.000
1 2 12 0.000
1 2 13 0.000
1 2 14 0.000
1 2 15 0.000
1 2 16 0.000
1 2 17 0.000
1 2 18 0.000
1 2 19 0.000
1 2 20 0.000
1 2 21 0.000
1 2 22 0.000
1 2 23 0.000
1 2 24 0.000
1 2 25 0.000
1 2 26 0.000
1 2 27 0.000
1 2 28 0.000
1 2 29 0.000
1 2 30 0.000
1 2 31 0.000
1 2 32 0.000
1 2 33 0.000
1 2 34 0.000
1 2 35 0.000
1 2 36 0.000
1 2 37 0.000
1 2 38 0.000
1 2 39 0.000
1 2 40 0.000
1 2 41 0.000
1 2 42 0.000
1 2 43 0.000
1 2 44 0.000
1 2 45 0.000
1 2 46 0.000
1 2 47 0.000
1 2 48 0.588
1 2 49 0.000
1 2 50 0.563
1 2 51 0.538
1 2 52 0.338
1 2 53 0.295
1 2 54 0.413
1 2 55 -0.506
1 2 56 -0.073
1 2 57 -0.168
1 2 58 -0.271
1 2 59 0.109
1 2 60 -0.004
1 2 61 0.011
1 2 62 -0.212
1 3 1 -0.077
1 3 2 -0.536
1 3 3 -1.229
1 3 4 -0.532
1 3 5 -0.862
2 1 1 0.000
2 1 2 0.000
2 1 3 0.000
2 1 4 0.000
2 1 5 0.000
2 1 6 0.000
2 1 7 0.000
2 1 8 0.000
2 1 9 0.000
2 1 10 0.000
2 1 11 0.000
2 1 12 0.000
2 1 13 0.000
2 1 14 0.963
2 1 15 -0.612
2 1 16 0.888
2 1 17 0.000
2 1 18 0.000
2 1 19 0.488
2 1 20 -0.037
2 1 21 0.038
2 1 22 -0.101
2 1 23 0.069
2 2 1 0.000
2 2 2 0.000
2 2 3 0.000
2 2 4 0.000
2 2 5 0.000
2 2 6 0.000
2 2 7 0.000
2 2 8 0.000
2 2 9 0.000
2 2 10 0.000
2 2 11 0.000
2 2 12 0.000
2 2 13 0.000
2 2 14 0.000
2 2 15 0.000
2 2 16 0.000
2 2 17 0.000
2 2 18 0.000
2 2 19 0.000
2 2 20 0.000
2 2 21 0.000
2 2 22 0.000
2 2 23 0.000
2 2 24 0.000
2 2 25 0.000
2 2 26 0.000
2 2 27 0.000
2 2 28 0.000
2 2 29 0.000
2 2 30 0.000
2 2 31 0.000
2 2 32 0.000
2 2 33 0.000
2 2 34 0.000
2 2 35 0.000
2 2 36 0.000
2 2 37 0.000
2 2 38 0.000
2 2 39 0.688
2 2 40 0.813
2 2 41 0.000
2 2 42 0.000
2 2 43 0.163
2 2 44 -0.237
2 2 45 0.000
2 2 46 0.000
2 2 47 0.000
2 2 48 0.000
2 2 49 0.738
2 2 50 0.588
2 2 51 0.000
2 2 52 -0.037
2 2 53 0.000
2 2 54 0.063
2 2 55 0.000
2 2 56 0.000
2 2 57 -0.359
2 2 58 -0.075
2 2 59 0.546
2 2 60 -0.332
2 2 61 0.094
2 2 62 -0.341
2 3 1 0.671
2 3 2 -2.027
2 3 3 -0.106
2 3 4 0.489
2 3 5 -0.159
3 1 1 0.000
3 1 2 0.000
3 1 3 0.000
3 1 4 0.000
3 1 5 0.000
3 1 6 0.000
3 1 7 0.000
3 1 8 0.000
3 1 9 0.000
3 1 10 0.000
3 1 11 0.000
3 1 12 0.488
3 1 13 0.000
3 1 14 0.000
3 1 15 -0.012
3 1 16 0.012
3 1 17 0.000
3 1 18 0.000
3 1 19 -0.051
3 1 20 -0.337
3 1 21 -0.513
3 1 22 -0.295
3 1 23 -0.052
3 2 1 0.000
3 2 2 0.000
3 2 3 0.000
3 2 4 0.000
3 2 5 0.000
3 2 6 0.000
3 2 7 0.000
3 2 8 0.000
3 2 9 0.000
3 2 10 0.000
3 2 11 0.000
3 2 12 0.000
3 2 13 0.000
3 2 14 0.000
3 2 15 0.000
3 2 16 0.000
3 2 17 0.000
3 2 18 0.000
3 2 19 0.000
3 2 20 0.000
3 2 21 0.000
3 2 22 0.000
3 2 23 0.000
3 2 24 0.000
3 2 25 0.000
3 2 26 0.000
3 2 27 0.000
3 2 28 0.000
3 2 29 0.000
3 2 30 0.000
3 2 31 0.000
3 2 32 0.000
3 2 33 0.000
3 2 34 0.000
3 2 35 0.000
3 2 36 0.000
3 2 37 0.000
3 2 38 0.000
3 2 39 0.000
3 2 40 -0.587
3 2 41 -0.862
3 2 42 0.063
3 2 43 0.000
3 2 44 0.000
3 2 45 0.000
3 2 46 0.000
3 2 47 0.000
3 2 48 0.563
3 2 49 0.144
3 2 50 -0.012
3 2 51 0.588
3 2 52 0.000
3 2 53 0.638
3 2 54 0.538
3 2 55 -0.012
3 2 56 0.000
3 2 57 -0.046
3 2 58 -0.382
3 2 59 -0.108
3 2 60 -0.424
3 2 61 -0.034
3 2 62 -0.156
3 3 1 -1.047
3 3 2 -0.052
3 3 3 0.050
3 3 4 -0.083
3 3 5 -0.314
4 1 1 0.000
4 1 2 0.000
4 1 3 0.000
4 1 4 0.000
4 1 5 0.000
4 1 6 0.000
4 1 7 0.000
4 1 8 0.000
4 1 9 0.000
4 1 10 0.000
4 1 11 0.000
4 1 12 -0.312
4 1 13 0.000
4 1 14 0.000
4 1 15 0.000
4 1 16 -0.012
4 1 17 0.000
4 1 18 0.000
4 1 19 -0.851
4 1 20 0.000
4 1 21 -0.189
4 1 22 -0.162
4 1 23 -0.625
4 2 1 0.000
4 2 2 0.000
4 2 3 0.000
4 2 4 0.000
4 2 5 0.000
4 2 6 0.000
4 2 7 0.000
4 2 8 0.000
4 2 9 0.000
4 2 10 0.000
4 2 11 0.000
4 2 12 0.000
4 2 13 0.000
4 2 14 0.000
4 2 15 0.000
4 2 16 0.000
4 2 17 0.000
4 2 18 0.000
4 2 19 0.000
4 2 20 0.000
4 2 21 0.000
4 2 22 0.000
4 2 23 0.000
4 2 24 0.000
4 2 25 0.000
4 2 26 0.000
4 2 27 0.000
4 2 28 0.000
4 2 29 0.000
4 2 30 0.000
4 2 31 0.000
4 2 32 0.000
4 2 33 0.000
4 2 34 -0.187
4 2 35 0.000
4 2 36 0.000
4 2 37 0.000
4 2 38 0.000
4 2 39 0.000
4 2 40 0.000
4 2 41 0.000
4 2 42 -0.012
4 2 43 0.000
4 2 44 0.000
4 2 45 0.000
4 2 46 0.000
4 2 47 0.000
4 2 48 -0.513
4 2 49 0.000
4 2 50 0.563
4 2 51 0.000
4 2 52 0.000
4 2 53 -0.137
4 2 54 -0.162
4 2 55 0.063
4 2 56 0.338
4 2 57 -0.257
4 2 58 -0.327
4 2 59 -0.022
4 2 60 -0.355
4 2 61 -0.289
4 2 62 -0.578
4 3 1 -0.080
4 3 2 0.033
4 3 3 0.026
4 3 4 -0.035
4 3 5 -0.787
5 1 1 0.000
5 1 2 0.000
5 1 3 0.000
5 1 4 0.000
5 1 5 0.000
5 1 6 0.000
5 1 7 0.000
5 1 8 0.000
5 1 9 0.000
5 1 10 0.000
5 1 11 0.000
5 1 12 -0.513
5 1 13 0.000
5 1 14 0.000
5 1 15 0.000
5 1 16 0.000
5 1 17 0.963
5 1 18 0.000
5 1 19 -0.737
5 1 20 0.262
5 1 21 0.782
5 1 22 0.359
5 1 23 0.000
5 2 1 0.000
5 2 2 0.000
5 2 3 0.000
5 2 4 0.000
5 2 5 0.000
5 2 6 0.000
5 2 7 0.000
5 2 8 0.000
5 2 9 0.000
5 2 10 0.000
5 2 11 0.000
5 2 12 0.000
5 2 13 0.000
5 2 14 0.000
5 2 15 0.000
5 2 16 0.000
5 2 17 0.000
5 2 18 0.000
5 2 19 0.000
5 2 20 0.000
5 2 21 0.000
5 2 22 0.000
5 2 23 0.000
5 2 24 0.000
5 2 25 0.000
5 2 26 0.000
5 2 27 0.000
5 2 28 0.000
5 2 29 0.000
5 2 30 0.000
5 2 31 0.000
5 2 32 0.000
5 2 33 -0.437
5 2 34 -0.312
5 2 35 0.000
5 2 36 0.000
5 2 37 0.000
5 2 38 0.000
5 2 39 0.000
5 2 40 0.000
5 2 41 0.000
5 2 42 0.000
5 2 43 0.000
5 2 44 0.000
5 2 45 0.000
5 2 46 -0.987
5 2 47 0.000
5 2 48 0.000
5 2 49 0.000
5 2 50 -0.687
5 2 51 0.838
5 2 52 0.000
5 2 53 0.038
5 2 54 0.000
5 2 55 0.000
5 2 56 -0.012
5 2 57 -0.110
5 2 58 -0.101
5 2 59 0.031
5 2 60 -0.987
5 2 61 -0.185
5 2 62 -0.211
5 3 1 -0.342
5 3 2 -0.679
5 3 3 2.432
5 3 4 -0.580
5 3 5 -0.907
6 1 1 0.000
6 1 2 0.000
6 1 3 0.000
6 1 4 0.000
6 1 5 0.000
6 1 6 0.000
6 1 7 0.000
6 1 8 0.000
6 1 9 0.000
6 1 10 0.000
6 1 11 0.000
6 1 12 -0.187
6 1 13 -0.812
6 1 14 0.000
6 1 15 0.000
6 1 16 0.000
6 1 17 0.202
6 1 18 0.000
6 1 19 -0.286
6 1 20 0.000
6 1 21 -0.095
6 1 22 -0.587
6 1 23 0.216
6 2 1 0.000
6 2 2 0.000
6 2 3 0.000
6 2 4 0.000
6 2 5 0.000
6 2 6 0.000
6 2 7 0.000
6 2 8 0.000
6 2 9 0.000
6 2 10 0.000
6 2 11 0.000
6 2 12 0.000
6 2 13 0.000
6 2 14 0.000
6 2 15 0.000
6 2 16 0.000
6 2 17 0.000
6 2 18 0.000
6 2 19 0.000
6 2 20 0.000
6 2 21 0.000
6 2 22 0.000
6 2 23 0.000
6 2 24 0.000
6 2 25 0.000
6 2 26 0.000
6 2 27 0.000
6 2 28 0.000
6 2 29 0.000
6 2 30 0.000
6 2 31 0.000
6 2 32 0.000
6 2 33 0.000
6 2 34 0.113
6 2 35 0.938
6 2 36 0.000
6 2 37 0.000
6 2 38 0.000
6 2 39 0.000
6 2 40 0.000
6 2 41 0.000
6 2 42 -0.612
6 2 43 -0.312
6 2 44 0.000
6 2 45 0.174
6 2 46 0.000
6 2 47 0.000
6 2 48 -0.387
6 2 49 0.738
6 2 50 -0.362
6 2 51 0.000
6 2 52 0.000
6 2 53 0.000
6 2 54 0.113
6 2 55 0.002
6 2 56 0.000
6 2 57 0.000
6 2 58 -0.153
6 2 59 -0.158
6 2 60 0.304
6 2 61 -0.627
6 2 62 -0.375
6 3 1 -0.102
6 3 2 0.313
6 3 3 0.035
6 3 4 0.410
6 3 5 -0.411
