-46.878893617021276 0.8339999999999999 1.0191063829787232 1.0437930829431663
-44.84068085106382 -0.32142857142857156 1.0191063829787232 0.208903844690639
-42.80246808510638 -0.3150000000000001 1.0191063829787232 0.2662235902394827
-40.76425531914893 -0.4868674698795181 1.0191063829787232 0.17667564529551447
-38.72604255319149 -0.5124742268041238 1.0191063829787232 0.08991440291302774
-36.68782978723404 -0.4618495297805643 1.0191063829787232 0.16670519825949678
-34.6496170212766 -0.45399999999999996 1.0191063829787232 0.11381075910865758
-32.611404255319144 -0.4358015267175573 1.0191063829787232 0.08205336374266396
-30.5731914893617 -0.40621621621621623 1.0191063829787232 0.09903183630479234
-28.534978723404254 -0.3833707865168541 1.0191063829787232 0.07843187583229407
-26.496765957446808 -0.3599401197604792 1.0191063829787232 0.06986297114860061
-24.45855319148936 -0.33064655172413815 1.0191063829787232 0.0625914164973431
-22.420340425531915 -0.30378757515030086 1.0191063829787232 0.07788205309518045
-20.38212765957447 -0.2745773195876291 1.0191063829787232 0.07600106280476983
-18.343914893617022 -0.2511627906976746 1.0191063829787232 0.05938200626977813
-16.305702127659575 -0.22456978967495242 1.0191063829787232 0.0511545142322943
-14.267489361702129 -0.1889078498293517 1.0191063829787232 0.07156110331979275
-12.229276595744683 -0.16131868131868143 1.0191063829787232 0.09708621738976286
-10.191063829787236 -0.1374791318864776 1.0191063829787232 0.07117536349887016
-8.15285106382979 -0.10821428571428582 1.0191063829787232 0.050837717908577856
-6.114638297872343 -0.08170984455958556 1.0191063829787232 0.0712703293893832
-4.0764255319148965 -0.05201005025125634 1.0191063829787232 0.0645352920431368
-2.03821276595745 -0.022548387096774227 1.0191063829787232 0.07031236238279978
-3.552713678800501E-15 -0.007815126050420175 1.0191063829787232 0.05644897545594722
2.038212765957443 0.029771428571428598 1.0191063829787232 0.05250256359144257
4.076425531914889 0.05013986013986017 1.0191063829787232 0.05077009766352294
6.114638297872336 0.08436464088397794 1.0191063829787232 0.06287108329251052
8.152851063829782 0.10854351687388987 1.0191063829787232 0.04825932177572807
10.191063829787229 0.13557093425605532 1.0191063829787232 0.051725613442262515
12.229276595744675 0.1708695652173912 1.0191063829787232 0.04190185670663211
14.267489361702122 0.19931654676258972 1.0191063829787232 0.06135373740132802
16.30570212765957 0.22392649903288184 1.0191063829787232 0.05131405195813504
18.34391489361701 0.25247999999999976 1.0191063829787197 0.045486806878478524
20.382127659574458 0.28387351778656106 1.0191063829787268 0.04785947614417797
22.42034042553191 0.30813953488372076 1.0191063829787268 0.05332026160342884
24.458553191489358 0.33554216867469866 1.0191063829787197 0.04399487955003575
26.496765957446797 0.35928416485900205 1.0191063829787197 0.07860309386595653
28.534978723404244 0.3879746835443037 1.0191063829787268 0.06656831927598122
30.573191489361697 0.418296943231441 1.0191063829787268 0.04521833533997219
32.611404255319144 0.4478181818181818 1.0191063829787197 0.04388791132339953
34.64961702127658 0.47908629441624356 1.0191063829787197 0.05880085693783705
36.68782978723403 0.4964285714285714 1.0191063829787268 0.06903489209472707
38.72604255319148 0.5168181818181817 1.0191063829787268 0.0891926598914529
40.76425531914893 0.5023404255319149 1.0191063829787197 0.1336590257868394
42.80246808510637 0.47307692307692306 1.0191063829787197 0.19905100294936456
44.840680851063816 -0.19909090909090912 1.0191063829787268 0.43554468605841007
