1 1 1 -6.876
1 1 2 2.521
1 1 3 -9.069
1 1 4 -8.469
1 1 5 -5.958
1 1 6 7.793
1 1 7 -6.149
1 1 8 -0.848
1 1 9 8.256
1 1 10 -4.403
1 1 11 -4.652
1 1 12 0.387
1 1 13 7.277
1 1 14 -9.909
1 1 15 -6.365
1 1 16 0.171
1 1 17 4.170
1 1 18 0.000
1 1 19 -3.524
1 1 20 -1.938
1 1 21 -9.622
1 1 22 2.648
1 1 23 0.559
1 2 1 -5.532
1 2 2 -6.860
1 2 3 7.798
1 2 4 3.058
1 2 5 2.486
1 2 6 -1.162
1 2 7 -6.857
1 2 8 6.469
1 2 9 9.129
1 2 10 4.181
1 2 11 -6.946
1 2 12 5.270
1 2 13 0.691
1 2 14 6.413
1 2 15 2.426
1 2 16 4.187
1 2 17 6.516
1 2 18 -8.603
1 2 19 0.627
1 2 20 -4.782
1 2 21 -3.702
1 2 22 -5.946
1 2 23 -4.380
1 2 24 -1.836
1 2 25 5.604
1 2 26 -0.370
1 2 27 3.016
1 2 28 -4.012
1 2 29 -1.731
1 2 30 2.589
1 2 31 -2.140
1 2 32 -0.841
1 2 33 -8.275
1 2 34 0.260
1 2 35 -0.330
1 2 36 6.779
1 2 37 3.588
1 2 38 3.935
1 2 39 -6.005
1 2 40 -1.744
1 2 41 -10.309
1 2 42 -1.619
1 2 43 -6.215
1 2 44 1.240
1 2 45 -7.837
1 2 46 0.958
1 2 47 -6.374
1 2 48 2.870
1 2 49 6.856
1 2 50 -7.889
1 2 51 -7.699
1 2 52 9.911
1 2 53 -8.446
1 2 54 -2.031
1 2 55 -4.531
1 2 56 9.062
1 2 57 -3.481
1 2 58 -9.528
1 2 59 -2.485
1 2 60 0.928
1 2 61 -7.918
1 2 62 -5.783
1 3 1 -1.983
1 3 2 -4.862
1 3 3 -5.217
1 3 4 -6.588
1 3 5 0.074
2 1 1 8.692
2 1 2 -5.807
2 1 3 0.295
2 1 4 -1.371
2 1 5 -5.382
2 1 6 -4.577
2 1 7 -7.048
2 1 8 -6.875
2 1 9 -1.959
2 1 10 7.011
2 1 11 4.006
2 1 12 -3.053
2 1 13 -8.873
2 1 14 -4.786
2 1 15 -2.808
2 1 16 0.207
2 1 17 -7.659
2 1 18 -1.577
2 1 19 9.001
2 1 20 -6.253
2 1 21 8.650
2 1 22 7.003
2 1 23 -0.252
2 2 1 6.426
2 2 2 3.492
2 2 3 -7.610
2 2 4 -5.453
2 2 5 2.650
2 2 6 7.984
2 2 7 -3.828
2 2 8 7.352
2 2 9 2.114
2 2 10 -4.011
2 2 11 -0.962
2 2 12 -8.539
2 2 13 1.212
2 2 14 -5.941
2 2 15 -1.552
2 2 16 -9.351
2 2 17 -7.232
2 2 18 7.810
2 2 19 2.345
2 2 20 -2.589
2 2 21 3.303
2 2 22 -6.898
2 2 23 -2.743
2 2 24 -0.400
2 2 25 1.894
2 2 26 1.706
2 2 27 8.458
2 2 28 9.321
2 2 29 -5.271
2 2 30 -0.578
2 2 31 -10.232
2 2 32 -1.281
2 2 33 -6.907
2 2 34 -6.256
2 2 35 -10.192
2 2 36 5.453
2 2 37 9.206
2 2 38 -3.838
2 2 39 -5.388
2 2 40 4.590
2 2 41 -7.267
2 2 42 -5.820
2 2 43 3.021
2 2 44 1.062
2 2 45 -7.636
2 2 46 -6.103
2 2 47 -3.980
2 2 48 6.467
2 2 49 5.714
2 2 50 8.399
2 2 51 -7.069
2 2 52 1.059
2 2 53 3.159
2 2 54 -6.972
2 2 55 -5.750
2 2 56 -9.602
2 2 57 2.385
2 2 58 10.500
2 2 59 10.007
2 2 60 6.811
2 2 61 -10.088
2 2 62 8.881
2 3 1 7.065
2 3 2 3.522
2 3 3 8.280
2 3 4 -0.825
2 3 5 -4.171
3 1 1 -9.669
3 1 2 -4.013
3 1 3 -1.662
3 1 4 -1.911
3 1 5 -1.772
3 1 6 1.920
3 1 7 0.686
3 1 8 -7.804
3 1 9 -9.497
3 1 10 -1.294
3 1 11 8.570
3 1 12 -2.582
3 1 13 7.290
3 1 14 5.002
3 1 15 0.544
3 1 16 -3.921
3 1 17 3.541
3 1 18 -10.189
3 1 19 6.730
3 1 20 -9.024
3 1 21 -5.652
3 1 22 4.436
3 1 23 -3.106
3 2 1 -5.002
3 2 2 -3.450
3 2 3 -1.940
3 2 4 -1.824
3 2 5 -3.905
3 2 6 2.614
3 2 7 -5.663
3 2 8 -8.592
3 2 9 7.750
3 2 10 4.742
3 2 11 -9.635
3 2 12 -1.898
3 2 13 8.236
3 2 14 -2.788
3 2 15 7.137
3 2 16 -2.003
3 2 17 -3.228
3 2 18 6.240
3 2 19 -10.074
3 2 20 -2.483
3 2 21 3.533
3 2 22 1.734
3 2 23 4.681
3 2 24 -2.633
3 2 25 -2.943
3 2 26 -5.220
3 2 27 6.457
3 2 28 -2.714
3 2 29 -5.125
3 2 30 -0.215
3 2 31 4.198
3 2 32 6.945
3 2 33 3.270
3 2 34 2.231
3 2 35 -8.671
3 2 36 -7.973
3 2 37 0.797
3 2 38 -4.655
3 2 39 0.474
3 2 40 3.152
3 2 41 3.525
3 2 42 -6.999
3 2 43 -1.142
3 2 44 1.327
3 2 45 -5.873
3 2 46 3.174
3 2 47 -8.675
3 2 48 8.306
3 2 49 -6.333
3 2 50 -3.243
3 2 51 -4.733
3 2 52 -1.118
3 2 53 8.669
3 2 54 -8.530
3 2 55 -0.150
3 2 56 -1.761
3 2 57 5.947
3 2 58 -4.461
3 2 59 -2.084
3 2 60 5.204
3 2 61 -1.698
3 2 62 -5.471
3 3 1 -2.780
3 3 2 -6.600
3 3 3 0.485
3 3 4 -1.170
3 3 5 -4.994
4 1 1 -1.209
4 1 2 7.612
4 1 3 3.505
4 1 4 -5.125
4 1 5 -2.379
4 1 6 -1.513
4 1 7 0.381
4 1 8 -9.136
4 1 9 -9.612
4 1 10 -5.616
4 1 11 3.512
4 1 12 -10.357
4 1 13 3.574
4 1 14 -7.426
4 1 15 3.492
4 1 16 -6.620
4 1 17 7.090
4 1 18 7.984
4 1 19 7.142
4 1 20 -3.420
4 1 21 1.436
4 1 22 3.626
4 1 23 -1.784
4 2 1 -8.801
4 2 2 -2.739
4 2 3 1.686
4 2 4 -2.488
4 2 5 3.908
4 2 6 -6.395
4 2 7 -8.151
4 2 8 2.734
4 2 9 -3.800
4 2 10 1.496
4 2 11 1.508
4 2 12 0.906
4 2 13 4.629
4 2 14 -9.357
4 2 15 -3.993
4 2 16 7.838
4 2 17 -2.148
4 2 18 -5.261
4 2 19 -3.098
4 2 20 3.063
4 2 21 -7.359
4 2 22 1.561
4 2 23 -4.471
4 2 24 -0.823
4 2 25 -7.100
4 2 26 1.727
4 2 27 -1.082
4 2 28 3.430
4 2 29 7.253
4 2 30 2.608
4 2 31 -8.820
4 2 32 -5.746
4 2 33 -1.344
4 2 34 -6.325
4 2 35 1.209
4 2 36 -8.493
4 2 37 8.521
4 2 38 2.855
4 2 39 7.882
4 2 40 -0.251
4 2 41 -0.627
4 2 42 3.519
4 2 43 -8.579
4 2 44 -8.274
4 2 45 -3.450
4 2 46 7.500
4 2 47 -3.024
4 2 48 -0.318
4 2 49 -3.265
4 2 50 2.682
4 2 51 2.859
4 2 52 -2.556
4 2 53 5.135
4 2 54 -2.541
4 2 55 0.894
4 2 56 -7.166
4 2 57 -7.698
4 2 58 -1.862
4 2 59 1.540
4 2 60 7.496
4 2 61 -0.196
4 2 62 -2.774
4 3 1 2.962
4 3 2 8.571
4 3 3 -1.190
4 3 4 4.606
4 3 5 7.081
5 1 1 1.551
5 1 2 5.818
5 1 3 7.418
5 1 4 5.542
5 1 5 6.662
5 1 6 -5.920
5 1 7 6.326
5 1 8 -8.356
5 1 9 -0.025
5 1 10 3.404
5 1 11 -1.602
5 1 12 3.606
5 1 13 5.147
5 1 14 -2.106
5 1 15 1.268
5 1 16 -7.644
5 1 17 6.733
5 1 18 0.000
5 1 19 -4.416
5 1 20 -7.816
5 1 21 5.130
5 1 22 6.632
5 1 23 -9.661
5 2 1 6.448
5 2 2 -7.534
5 2 3 -1.734
5 2 4 3.970
5 2 5 -3.004
5 2 6 -6.574
5 2 7 -9.914
5 2 8 -1.785
5 2 9 10.042
5 2 10 -2.830
5 2 11 2.049
5 2 12 -5.317
5 2 13 0.223
5 2 14 -0.929
5 2 15 0.272
5 2 16 -1.320
5 2 17 7.493
5 2 18 4.545
5 2 19 6.645
5 2 20 8.339
5 2 21 -2.074
5 2 22 2.837
5 2 23 3.307
5 2 24 2.128
5 2 25 6.750
5 2 26 -8.781
5 2 27 -4.443
5 2 28 8.310
5 2 29 8.729
5 2 30 -7.090
5 2 31 -5.699
5 2 32 -7.750
5 2 33 -7.681
5 2 34 -5.258
5 2 35 4.683
5 2 36 -8.715
5 2 37 -8.378
5 2 38 -1.171
5 2 39 -7.068
5 2 40 -1.280
5 2 41 -0.641
5 2 42 -3.460
5 2 43 -0.843
5 2 44 -6.362
5 2 45 -8.504
5 2 46 5.532
5 2 47 4.735
5 2 48 -7.060
5 2 49 -4.732
5 2 50 -7.741
5 2 51 -3.592
5 2 52 7.900
5 2 53 8.765
5 2 54 -0.539
5 2 55 -9.658
5 2 56 -3.375
5 2 57 8.502
5 2 58 -3.255
5 2 59 1.114
5 2 60 -1.076
5 2 61 0.662
5 2 62 3.450
5 3 1 -8.306
5 3 2 -2.101
5 3 3 -5.174
5 3 4 4.454
5 3 5 4.746
6 1 1 -4.056
6 1 2 -4.867
6 1 3 -8.344
6 1 4 -1.765
6 1 5 -8.019
6 1 6 -7.748
6 1 7 -7.099
6 1 8 -3.391
6 1 9 8.710
6 1 10 -9.494
6 1 11 0.658
6 1 12 -7.907
6 1 13 -6.867
6 1 14 8.891
6 1 15 7.907
6 1 16 -0.291
6 1 17 0.000
6 1 18 -6.099
6 1 19 0.115
6 1 20 0.195
6 1 21 8.568
6 1 22 4.487
6 1 23 -3.739
6 2 1 3.409
6 2 2 8.973
6 2 3 9.790
6 2 4 -1.750
6 2 5 2.231
6 2 6 -0.363
6 2 7 7.682
6 2 8 -0.943
6 2 9 -7.110
6 2 10 -9.766
6 2 11 5.986
6 2 12 1.538
6 2 13 8.749
6 2 14 -6.647
6 2 15 -6.532
6 2 16 -9.083
6 2 17 -3.347
6 2 18 8.498
6 2 19 -3.733
6 2 20 0.368
6 2 21 0.213
6 2 22 -1.168
6 2 23 0.150
6 2 24 -6.443
6 2 25 -0.156
6 2 26 -1.935
6 2 27 2.957
6 2 28 6.793
6 2 29 -8.395
6 2 30 -5.052
6 2 31 -0.598
6 2 32 3.807
6 2 33 0.433
6 2 34 -4.639
6 2 35 3.703
6 2 36 7.988
6 2 37 -4.357
6 2 38 3.871
6 2 39 1.465
6 2 40 -6.304
6 2 41 5.777
6 2 42 -1.136
6 2 43 -4.836
6 2 44 -1.663
6 2 45 -0.856
6 2 46 0.115
6 2 47 -2.152
6 2 48 -2.195
6 2 49 4.814
6 2 50 1.592
6 2 51 1.786
6 2 52 -8.904
6 2 53 0.000
6 2 54 3.218
6 2 55 3.434
6 2 56 -5.240
6 2 57 -2.023
6 2 58 -3.453
6 2 59 -0.502
6 2 60 3.420
6 2 61 -13.002
6 2 62 5.531
6 3 1 2.526
6 3 2 -6.683
6 3 3 -9.198
6 3 4 -4.954
6 3 5 -8.410
