1 1 1 -7.001
1 1 2 2.450
1 1 3 -8.935
1 1 4 -8.282
1 1 5 -6.258
1 1 6 7.868
1 1 7 -6.395
1 1 8 -0.937
1 1 9 8.316
1 1 10 -4.243
1 1 11 -4.347
1 1 12 0.078
1 1 13 7.053
1 1 14 -9.795
1 1 15 -6.772
1 1 16 -0.183
1 1 17 3.998
1 1 18 0.000
1 1 19 -3.526
1 1 20 -2.107
1 1 21 -10.146
1 1 22 2.029
1 1 23 0.408
1 2 1 -5.313
1 2 2 -6.935
1 2 3 7.556
1 2 4 2.955
1 2 5 2.778
1 2 6 -0.941
1 2 7 -6.862
1 2 8 5.953
1 2 9 9.142
1 2 10 4.212
1 2 11 -6.807
1 2 12 5.028
1 2 13 0.885
1 2 14 6.403
1 2 15 2.560
1 2 16 4.519
1 2 17 6.678
1 2 18 -8.558
1 2 19 0.710
1 2 20 -4.677
1 2 21 -3.412
1 2 22 -5.996
1 2 23 -4.478
1 2 24 -1.492
1 2 25 5.451
1 2 26 0.026
1 2 27 2.978
1 2 28 -3.611
1 2 29 -2.345
1 2 30 2.991
1 2 31 -2.229
1 2 32 -0.689
1 2 33 -8.025
1 2 34 0.070
1 2 35 -0.903
1 2 36 6.465
1 2 37 3.456
1 2 38 4.103
1 2 39 -5.499
1 2 40 -1.679
1 2 41 -10.383
1 2 42 -1.683
1 2 43 -6.545
1 2 44 0.903
1 2 45 -7.881
1 2 46 1.425
1 2 47 -5.850
1 2 48 3.226
1 2 49 7.175
1 2 50 -7.834
1 2 51 -7.514
1 2 52 10.051
1 2 53 -8.786
1 2 54 -1.694
1 2 55 -3.967
1 2 56 9.248
1 2 57 -3.108
1 2 58 -9.198
1 2 59 -2.888
1 2 60 -0.453
1 2 61 -8.213
1 2 62 -6.531
1 3 1 -1.557
1 3 2 -4.940
1 3 3 -5.158
1 3 4 -6.588
1 3 5 0.074
2 1 1 8.829
2 1 2 -5.721
2 1 3 0.496
2 1 4 -1.696
2 1 5 -5.369
2 1 6 -4.594
2 1 7 -7.206
2 1 8 -7.020
2 1 9 -2.072
2 1 10 7.052
2 1 11 4.147
2 1 12 -2.937
2 1 13 -9.028
2 1 14 -4.651
2 1 15 -2.785
2 1 16 0.007
2 1 17 -7.977
2 1 18 -1.516
2 1 19 8.737
2 1 20 -6.300
2 1 21 8.386
2 1 22 7.004
2 1 23 -0.847
2 2 1 6.516
2 2 2 3.147
2 2 3 -7.876
2 2 4 -5.147
2 2 5 2.794
2 2 6 7.820
2 2 7 -4.230
2 2 8 7.492
2 2 9 2.082
2 2 10 -3.737
2 2 11 -0.988
2 2 12 -8.448
2 2 13 1.335
2 2 14 -6.308
2 2 15 -1.573
2 2 16 -9.179
2 2 17 -7.156
2 2 18 7.703
2 2 19 2.114
2 2 20 -2.518
2 2 21 3.556
2 2 22 -6.849
2 2 23 -2.886
2 2 24 -0.486
2 2 25 2.035
2 2 26 1.850
2 2 27 8.895
2 2 28 9.262
2 2 29 -5.361
2 2 30 0.148
2 2 31 -10.291
2 2 32 -1.307
2 2 33 -6.591
2 2 34 -6.697
2 2 35 -10.449
2 2 36 6.027
2 2 37 9.342
2 2 38 -3.205
2 2 39 -4.633
2 2 40 4.664
2 2 41 -8.074
2 2 42 -6.273
2 2 43 2.641
2 2 44 1.459
2 2 45 -8.075
2 2 46 -6.275
2 2 47 -3.922
2 2 48 6.371
2 2 49 5.905
2 2 50 8.509
2 2 51 -7.861
2 2 52 0.645
2 2 53 3.131
2 2 54 -7.436
2 2 55 -5.553
2 2 56 -9.162
2 2 57 2.782
2 2 58 9.396
2 2 59 9.080
2 2 60 6.644
2 2 61 -10.493
2 2 62 5.259
2 3 1 7.064
2 3 2 2.009
2 3 3 8.280
2 3 4 -0.825
2 3 5 -4.171
3 1 1 -9.519
3 1 2 -3.985
3 1 3 -1.688
3 1 4 -2.039
3 1 5 -2.003
3 1 6 1.783
3 1 7 0.504
3 1 8 -7.961
3 1 9 -9.653
3 1 10 -1.296
3 1 11 8.512
3 1 12 -2.802
3 1 13 7.031
3 1 14 4.987
3 1 15 0.375
3 1 16 -3.891
3 1 17 3.687
3 1 18 -9.951
3 1 19 6.131
3 1 20 -8.801
3 1 21 -5.549
3 1 22 4.856
3 1 23 -3.509
3 2 1 -4.907
3 2 2 -3.192
3 2 3 -1.740
3 2 4 -1.822
3 2 5 -4.035
3 2 6 2.906
3 2 7 -5.539
3 2 8 -8.417
3 2 9 7.807
3 2 10 4.729
3 2 11 -9.560
3 2 12 -2.140
3 2 13 8.149
3 2 14 -2.550
3 2 15 7.076
3 2 16 -1.877
3 2 17 -3.018
3 2 18 6.384
3 2 19 -9.498
3 2 20 -2.241
3 2 21 3.630
3 2 22 1.590
3 2 23 4.850
3 2 24 -2.503
3 2 25 -3.118
3 2 26 -5.781
3 2 27 6.177
3 2 28 -2.661
3 2 29 -4.854
3 2 30 -0.142
3 2 31 3.993
3 2 32 6.771
3 2 33 2.842
3 2 34 2.045
3 2 35 -8.978
3 2 36 -8.305
3 2 37 0.352
3 2 38 -4.583
3 2 39 0.485
3 2 40 2.987
3 2 41 3.769
3 2 42 -7.373
3 2 43 -0.555
3 2 44 1.454
3 2 45 -6.208
3 2 46 3.451
3 2 47 -9.167
3 2 48 8.228
3 2 49 -6.505
3 2 50 -3.795
3 2 51 -4.211
3 2 52 -1.142
3 2 53 8.381
3 2 54 -8.846
3 2 55 -0.178
3 2 56 -1.208
3 2 57 4.282
3 2 58 -4.161
3 2 59 -1.305
3 2 60 3.616
3 2 61 -2.320
3 2 62 -5.843
3 3 1 -3.505
3 3 2 -3.878
3 3 3 0.485
3 3 4 -1.170
3 3 5 -4.994
4 1 1 -1.273
4 1 2 7.555
4 1 3 3.325
4 1 4 -5.041
4 1 5 -1.980
4 1 6 -1.643
4 1 7 1.162
4 1 8 -9.181
4 1 9 -9.556
4 1 10 -5.864
4 1 11 3.621
4 1 12 -10.177
4 1 13 3.516
4 1 14 -7.620
4 1 15 3.688
4 1 16 -6.363
4 1 17 7.125
4 1 18 7.995
4 1 19 7.292
4 1 20 -3.811
4 1 21 1.707
4 1 22 3.313
4 1 23 -1.762
4 2 1 -8.685
4 2 2 -2.651
4 2 3 1.722
4 2 4 -2.856
4 2 5 4.013
4 2 6 -6.110
4 2 7 -8.021
4 2 8 2.611
4 2 9 -3.753
4 2 10 1.489
4 2 11 1.962
4 2 12 0.779
4 2 13 4.575
4 2 14 -9.334
4 2 15 -3.784
4 2 16 7.811
4 2 17 -2.253
4 2 18 -5.531
4 2 19 -3.271
4 2 20 3.612
4 2 21 -7.722
4 2 22 1.846
4 2 23 -4.650
4 2 24 -0.978
4 2 25 -7.114
4 2 26 1.360
4 2 27 -1.064
4 2 28 3.840
4 2 29 7.197
4 2 30 2.907
4 2 31 -8.547
4 2 32 -5.360
4 2 33 -1.128
4 2 34 -6.802
4 2 35 1.116
4 2 36 -7.747
4 2 37 8.446
4 2 38 3.013
4 2 39 7.833
4 2 40 -0.491
4 2 41 -1.035
4 2 42 3.827
4 2 43 -8.962
4 2 44 -8.577
4 2 45 -3.777
4 2 46 7.314
4 2 47 -2.846
4 2 48 0.247
4 2 49 -2.957
4 2 50 2.955
4 2 51 3.047
4 2 52 -2.792
4 2 53 4.764
4 2 54 -2.915
4 2 55 2.315
4 2 56 -7.821
4 2 57 -8.750
4 2 58 -1.189
4 2 59 1.623
4 2 60 6.779
4 2 61 -0.242
4 2 62 -3.339
4 3 1 2.869
4 3 2 7.563
4 3 3 -1.190
4 3 4 4.606
4 3 5 7.081
5 1 1 1.501
5 1 2 5.684
5 1 3 7.469
5 1 4 5.510
5 1 5 6.683
5 1 6 -5.881
5 1 7 6.478
5 1 8 -8.502
5 1 9 -0.066
5 1 10 3.576
5 1 11 -1.588
5 1 12 3.457
5 1 13 5.096
5 1 14 -1.684
5 1 15 1.262
5 1 16 -7.601
5 1 17 6.500
5 1 18 0.000
5 1 19 -4.231
5 1 20 -8.289
5 1 21 6.149
5 1 22 7.098
5 1 23 -9.524
5 2 1 6.153
5 2 2 -7.638
5 2 3 -1.818
5 2 4 3.919
5 2 5 -2.659
5 2 6 -6.744
5 2 7 -9.958
5 2 8 -1.622
5 2 9 10.070
5 2 10 -2.569
5 2 11 1.993
5 2 12 -5.355
5 2 13 -0.023
5 2 14 -0.733
5 2 15 0.141
5 2 16 -1.507
5 2 17 7.387
5 2 18 4.601
5 2 19 6.617
5 2 20 7.941
5 2 21 -1.999
5 2 22 2.518
5 2 23 3.339
5 2 24 2.310
5 2 25 6.140
5 2 26 -9.026
5 2 27 -4.294
5 2 28 8.449
5 2 29 8.838
5 2 30 -7.193
5 2 31 -5.980
5 2 32 -7.820
5 2 33 -7.814
5 2 34 -5.256
5 2 35 4.199
5 2 36 -8.967
5 2 37 -8.551
5 2 38 -1.555
5 2 39 -7.579
5 2 40 -1.792
5 2 41 -0.841
5 2 42 -3.447
5 2 43 -1.381
5 2 44 -6.626
5 2 45 -7.951
5 2 46 5.341
5 2 47 5.142
5 2 48 -8.562
5 2 49 -5.111
5 2 50 -8.165
5 2 51 -3.519
5 2 52 7.593
5 2 53 8.804
5 2 54 -0.983
5 2 55 -8.789
5 2 56 -3.996
5 2 57 6.389
5 2 58 -2.504
5 2 59 1.703
5 2 60 -0.471
5 2 61 1.545
5 2 62 2.532
5 3 1 -8.455
5 3 2 -1.626
5 3 3 -5.119
5 3 4 4.454
5 3 5 4.746
6 1 1 -4.156
6 1 2 -5.038
6 1 3 -8.106
6 1 4 -1.847
6 1 5 -7.952
6 1 6 -7.708
6 1 7 -7.110
6 1 8 -3.393
6 1 9 8.808
6 1 10 -9.520
6 1 11 0.938
6 1 12 -7.927
6 1 13 -7.032
6 1 14 8.707
6 1 15 8.163
6 1 16 -0.625
6 1 17 0.000
6 1 18 -5.996
6 1 19 0.130
6 1 20 -0.056
6 1 21 8.947
6 1 22 4.312
6 1 23 -2.033
6 2 1 3.399
6 2 2 9.133
6 2 3 9.960
6 2 4 -1.982
6 2 5 2.295
6 2 6 -0.365
6 2 7 7.645
6 2 8 -1.256
6 2 9 -6.878
6 2 10 -10.019
6 2 11 5.574
6 2 12 1.483
6 2 13 8.971
6 2 14 -7.187
6 2 15 -6.729
6 2 16 -9.215
6 2 17 -3.376
6 2 18 8.500
6 2 19 -3.727
6 2 20 0.455
6 2 21 0.201
6 2 22 -1.698
6 2 23 0.227
6 2 24 -6.561
6 2 25 -0.207
6 2 26 -2.089
6 2 27 2.899
6 2 28 7.182
6 2 29 -8.576
6 2 30 -5.399
6 2 31 -0.908
6 2 32 3.177
6 2 33 0.724
6 2 34 -5.222
6 2 35 3.814
6 2 36 8.000
6 2 37 -4.130
6 2 38 4.358
6 2 39 1.491
6 2 40 -6.019
6 2 41 5.677
6 2 42 -0.119
6 2 43 -5.097
6 2 44 -1.892
6 2 45 -0.893
6 2 46 0.254
6 2 47 -1.508
6 2 48 -2.088
6 2 49 4.753
6 2 50 1.647
6 2 51 0.926
6 2 52 -9.033
6 2 53 0.000
6 2 54 3.325
6 2 55 2.840
6 2 56 -5.852
6 2 57 -1.670
6 2 58 -3.691
6 2 59 -0.841
6 2 60 3.022
6 2 61 -9.028
6 2 62 4.704
6 3 1 2.192
6 3 2 -8.323
6 3 3 -9.198
6 3 4 -4.954
6 3 5 -8.410
