1 1 1 0.146 0.099
1 1 2 0.317 0.103
1 1 3 -0.430 0.112
1 1 4 0.165 0.108
1 1 5 -0.116 0.125
1 1 6 -0.112 0.125
1 1 7 0.114 0.128
1 1 8 0.153 0.137
1 1 9 -0.529 0.141
1 1 10 -0.564 0.136
1 1 11 0.296 0.140
1 1 12 -0.094 0.151
1 1 13 0.044 0.164
1 1 14 -0.316 0.198
1 1 15 -0.294 0.177
1 1 16 -0.595 0.189
1 1 17 0.311 0.207
1 1 18 0.000 0.100
1 1 19 -0.378 0.213
1 1 20 0.194 0.256
1 1 21 0.017 0.218
1 1 22 0.111 0.232
1 1 23 -0.394 0.293
1 2 1 0.279 0.060
1 2 2 0.348 0.047
1 2 3 0.311 0.057
1 2 4 0.016 0.066
1 2 5 0.295 0.064
1 2 6 0.165 0.064
1 2 7 -0.080 0.049
1 2 8 0.163 0.061
1 2 9 -0.476 0.054
1 2 10 0.304 0.062
1 2 11 0.015 0.063
1 2 12 0.348 0.062
1 2 13 -0.150 0.067
1 2 14 0.023 0.061
1 2 15 0.133 0.060
1 2 16 -0.538 0.070
1 2 17 0.398 0.068
1 2 18 0.135 0.060
1 2 19 -0.449 0.065
1 2 20 -0.355 0.073
1 2 21 -0.488 0.069
1 2 22 0.044 0.071
1 2 23 0.319 0.066
1 2 24 -0.309 0.067
1 2 25 -0.568 0.073
1 2 26 0.398 0.066
1 2 27 0.191 0.070
1 2 28 0.102 0.065
1 2 29 -0.089 0.068
1 2 30 -0.392 0.070
1 2 31 -0.075 0.070
1 2 32 -0.057 0.069
1 2 33 -0.171 0.076
1 2 34 0.358 0.069
1 2 35 -0.336 0.067
1 2 36 -0.499 0.074
1 2 37 0.079 0.077
1 2 38 0.329 0.079
1 2 39 -0.276 0.073
1 2 40 -0.263 0.079
1 2 41 -0.183 0.076
1 2 42 -0.077 0.083
1 2 43 -0.161 0.079
1 2 44 -0.239 0.092
1 2 45 0.386 0.085
1 2 46 -0.556 0.075
1 2 47 0.388 0.099
1 2 48 -0.088 0.081
1 2 49 -0.463 0.094
1 2 50 0.116 0.083
1 2 51 0.083 0.079
1 2 52 -0.137 0.092
1 2 53 -0.519 0.097
1 2 54 0.284 0.098
1 2 55 -0.174 0.113
1 2 56 0.147 0.101
1 2 57 -0.522 0.088
1 2 58 0.047 0.111
1 2 59 -0.529 0.087
1 2 60 0.106 0.121
1 2 61 0.214 0.118
1 2 62 -0.276 0.096
1 3 1 -0.365 0.232
1 3 2 0.370 0.159
1 3 3 -0.402 -0.007
1 3 4 -0.127 0.023
1 3 5 -0.141 0.606
2 1 1 0.309 0.098
2 1 2 -0.570 0.105
2 1 3 -0.399 0.114
2 1 4 -0.406 0.115
2 1 5 -0.451 0.122
2 1 6 -0.144 0.121
2 1 7 0.391 0.133
2 1 8 -0.356 0.135
2 1 9 -0.149 0.139
2 1 10 -0.643 0.159
2 1 11 -0.073 0.146
2 1 12 -0.272 0.161
2 1 13 0.074 0.167
2 1 14 -0.009 0.166
2 1 15 -0.492 0.171
2 1 16 -0.165 0.182
2 1 17 -0.235 0.197
2 1 18 -0.721 0.218
2 1 19 0.110 0.203
2 1 20 -0.426 0.235
2 1 21 -0.301 0.224
2 1 22 0.091 0.240
2 1 23 -0.242 0.212
2 2 1 0.134 0.062
2 2 2 -0.515 0.048
2 2 3 -0.640 0.066
2 2 4 -0.370 0.057
2 2 5 -0.208 0.062
2 2 6 -0.327 0.057
2 2 7 0.230 0.058
2 2 8 -0.007 0.052
2 2 9 0.045 0.069
2 2 10 -0.620 0.067
2 2 11 -0.061 0.065
2 2 12 0.234 0.062
2 2 13 -0.615 0.065
2 2 14 -0.006 0.055
2 2 15 0.010 0.058
2 2 16 -0.561 0.072
2 2 17 -0.536 0.062
2 2 18 0.034 0.068
2 2 19 0.363 0.071
2 2 20 -0.232 0.067
2 2 21 -0.504 0.064
2 2 22 0.011 0.068
2 2 23 -0.208 0.068
2 2 24 -0.103 0.066
2 2 25 0.396 0.064
2 2 26 0.052 0.069
2 2 27 -0.637 0.068
2 2 28 -0.041 0.068
2 2 29 0.394 0.068
2 2 30 0.031 0.067
2 2 31 0.182 0.072
2 2 32 -0.214 0.068
2 2 33 0.202 0.074
2 2 34 -0.140 0.072
2 2 35 0.154 0.072
2 2 36 -0.333 0.075
2 2 37 -0.389 0.074
2 2 38 -0.336 0.079
2 2 39 -0.318 0.077
2 2 40 0.181 0.079
2 2 41 -0.044 0.073
2 2 42 0.116 0.077
2 2 43 -0.372 0.082
2 2 44 0.445 0.078
2 2 45 -0.052 0.088
2 2 46 0.129 0.082
2 2 47 -0.000 0.088
2 2 48 -0.257 0.090
2 2 49 -0.039 0.084
2 2 50 -0.589 0.096
2 2 51 -0.022 0.097
2 2 52 0.325 0.088
2 2 53 0.108 0.101
2 2 54 -0.165 0.088
2 2 55 -0.279 0.082
2 2 56 0.283 0.097
2 2 57 -0.309 0.074
2 2 58 -0.464 0.076
2 2 59 0.009 0.113
2 2 60 -0.126 0.069
2 2 61 0.069 0.137
2 2 62 -0.119 0.106
2 3 1 -0.088 0.152
2 3 2 -0.011 0.249
2 3 3 0.151 0.253
2 3 4 -0.222 -0.035
2 3 5 -0.299 0.139
3 1 1 -0.125 0.097
3 1 2 0.138 0.102
3 1 3 0.144 0.111
3 1 4 -0.421 0.115
3 1 5 0.043 0.122
3 1 6 0.023 0.127
3 1 7 -0.003 0.132
3 1 8 0.082 0.130
3 1 9 -0.520 0.132
3 1 10 0.126 0.147
3 1 11 -0.459 0.138
3 1 12 0.221 0.170
3 1 13 -0.471 0.152
3 1 14 -0.488 0.175
3 1 15 -0.492 0.181
3 1 16 -0.015 0.177
3 1 17 -0.061 0.215
3 1 18 0.488 0.258
3 1 19 -0.536 0.232
3 1 20 -0.683 0.185
3 1 21 -0.304 0.259
3 1 22 0.168 0.306
3 1 23 0.071 0.262
3 2 1 0.121 0.059
3 2 2 -0.701 0.055
3 2 3 -0.356 0.052
3 2 4 -0.431 0.050
3 2 5 0.216 0.066
3 2 6 -0.380 0.060
3 2 7 -0.115 0.061
3 2 8 -0.172 0.056
3 2 9 -0.178 0.053
3 2 10 -0.535 0.066
3 2 11 -0.493 0.060
3 2 12 0.292 0.059
3 2 13 -0.290 0.067
3 2 14 -0.309 0.065
3 2 15 0.230 0.065
3 2 16 -0.443 0.063
3 2 17 -0.063 0.070
3 2 18 0.213 0.078
3 2 19 -0.210 0.062
3 2 20 0.192 0.064
3 2 21 0.264 0.062
3 2 22 0.116 0.062
3 2 23 -0.471 0.067
3 2 24 0.381 0.060
3 2 25 -0.647 0.070
3 2 26 -0.421 0.065
3 2 27 0.215 0.070
3 2 28 -0.165 0.066
3 2 29 -0.044 0.070
3 2 30 -0.496 0.074
3 2 31 -0.202 0.070
3 2 32 0.331 0.069
3 2 33 0.017 0.074
3 2 34 -0.303 0.074
3 2 35 -0.082 0.076
3 2 36 -0.472 0.073
3 2 37 -0.378 0.077
3 2 38 -0.602 0.079
3 2 39 0.029 0.081
3 2 40 -0.359 0.076
3 2 41 -0.216 0.078
3 2 42 0.164 0.082
3 2 43 -0.510 0.085
3 2 44 -0.147 0.078
3 2 45 0.468 0.091
3 2 46 0.115 0.088
3 2 47 0.356 0.070
3 2 48 -0.035 0.080
3 2 49 0.059 0.084
3 2 50 -0.144 0.094
3 2 51 0.293 0.095
3 2 52 0.015 0.095
3 2 53 -0.292 0.114
3 2 54 0.382 0.081
3 2 55 0.314 0.088
3 2 56 -0.181 0.070
3 2 57 -0.535 0.108
3 2 58 -0.129 0.079
3 2 59 -0.381 0.109
3 2 60 0.159 0.113
3 2 61 0.017 0.107
3 2 62 -0.515 0.084
3 3 1 0.397 -0.007
3 3 2 -0.193 0.154
3 3 3 -0.346 -0.008
3 3 4 0.144 0.011
3 3 5 -0.709 0.023
4 1 1 -0.531 0.101
4 1 2 -0.101 0.104
4 1 3 -0.124 0.113
4 1 4 -0.232 0.124
4 1 5 -0.143 0.125
4 1 6 -0.404 0.130
4 1 7 0.352 0.131
4 1 8 -0.220 0.139
4 1 9 -0.410 0.135
4 1 10 -0.153 0.141
4 1 11 -0.041 0.153
4 1 12 0.071 0.141
4 1 13 -0.041 0.182
4 1 14 0.167 0.182
4 1 15 -0.105 0.191
4 1 16 -0.287 0.202
4 1 17 -0.533 0.195
4 1 18 -0.025 0.201
4 1 19 -0.315 0.201
4 1 20 -0.591 0.212
4 1 21 -0.498 0.205
4 1 22 0.167 0.261
4 1 23 -0.565 0.271
4 2 1 0.412 0.055
4 2 2 -0.077 0.053
4 2 3 -0.421 0.046
4 2 4 -0.561 0.066
4 2 5 0.313 0.065
4 2 6 0.140 0.060
4 2 7 -0.244 0.060
4 2 8 -0.047 0.050
4 2 9 -0.614 0.055
4 2 10 -0.180 0.062
4 2 11 0.145 0.064
4 2 12 -0.061 0.059
4 2 13 -0.326 0.060
4 2 14 0.399 0.062
4 2 15 -0.097 0.060
4 2 16 -0.084 0.061
4 2 17 -0.246 0.072
4 2 18 0.118 0.070
4 2 19 -0.136 0.062
4 2 20 -0.169 0.068
4 2 21 0.010 0.063
4 2 22 -0.556 0.064
4 2 23 0.206 0.069
4 2 24 0.109 0.066
4 2 25 0.418 0.062
4 2 26 -0.376 0.067
4 2 27 0.315 0.069
4 2 28 0.381 0.068
4 2 29 0.129 0.070
4 2 30 -0.359 0.065
4 2 31 -0.464 0.069
4 2 32 -0.255 0.073
4 2 33 0.468 0.068
4 2 34 -0.583 0.073
4 2 35 -0.140 0.071
4 2 36 0.031 0.073
4 2 37 -0.475 0.074
4 2 38 -0.529 0.075
4 2 39 -0.286 0.075
4 2 40 -0.182 0.078
4 2 41 0.347 0.085
4 2 42 -0.108 0.075
4 2 43 0.048 0.083
4 2 44 0.180 0.083
4 2 45 -0.230 0.091
4 2 46 -0.372 0.082
4 2 47 -0.556 0.081
4 2 48 0.039 0.085
4 2 49 -0.117 0.074
4 2 50 0.349 0.087
4 2 51 -0.555 0.102
4 2 52 0.015 0.093
4 2 53 -0.545 0.085
4 2 54 0.101 0.095
4 2 55 -0.514 0.098
4 2 56 -0.548 0.080
4 2 57 0.433 0.085
4 2 58 -0.274 0.105
4 2 59 0.185 0.109
4 2 60 0.330 0.097
4 2 61 -0.562 0.083
4 2 62 -0.347 0.083
4 3 1 0.316 0.127
4 3 2 -0.060 0.221
4 3 3 -0.205 -0.004
4 3 4 -0.084 0.013
4 3 5 0.355 0.449
5 1 1 -0.330 0.091
5 1 2 -0.403 0.101
5 1 3 -0.702 0.112
5 1 4 0.274 0.114
5 1 5 -0.224 0.118
5 1 6 -0.273 0.129
5 1 7 -0.332 0.122
5 1 8 -0.029 0.134
5 1 9 -0.467 0.140
5 1 10 -0.390 0.144
5 1 11 0.315 0.159
5 1 12 -0.626 0.175
5 1 13 -0.482 0.152
5 1 14 -0.299 0.166
5 1 15 0.086 0.175
5 1 16 0.182 0.207
5 1 17 -0.488 0.228
5 1 18 0.000 0.100
5 1 19 -0.247 0.190
5 1 20 -0.283 0.260
5 1 21 -0.132 0.194
5 1 22 -0.014 0.211
5 1 23 0.517 0.261
5 2 1 0.198 0.068
5 2 2 -0.428 0.058
5 2 3 0.169 0.051
5 2 4 0.007 0.045
5 2 5 -0.475 0.055
5 2 6 -0.580 0.064
5 2 7 0.117 0.050
5 2 8 -0.008 0.068
5 2 9 -0.262 0.064
5 2 10 -0.432 0.065
5 2 11 -0.256 0.057
5 2 12 0.072 0.068
5 2 13 -0.246 0.065
5 2 14 0.325 0.060
5 2 15 0.127 0.068
5 2 16 -0.326 0.069
5 2 17 0.251 0.069
5 2 18 -0.526 0.067
5 2 19 -0.485 0.073
5 2 20 -0.236 0.069
5 2 21 0.040 0.070
5 2 22 -0.378 0.065
5 2 23 -0.334 0.069
5 2 24 -0.375 0.064
5 2 25 -0.499 0.066
5 2 26 -0.550 0.069
5 2 27 0.004 0.066
5 2 28 0.130 0.066
5 2 29 -0.400 0.068
5 2 30 -0.197 0.072
5 2 31 0.302 0.075
5 2 32 -0.228 0.073
5 2 33 -0.400 0.076
5 2 34 0.064 0.070
5 2 35 -0.087 0.071
5 2 36 -0.064 0.080
5 2 37 -0.406 0.070
5 2 38 0.143 0.074
5 2 39 -0.243 0.076
5 2 40 0.048 0.078
5 2 41 -0.356 0.076
5 2 42 0.351 0.078
5 2 43 0.256 0.083
5 2 44 -0.422 0.091
5 2 45 -0.079 0.086
5 2 46 0.130 0.074
5 2 47 0.223 0.096
5 2 48 0.389 0.085
5 2 49 -0.057 0.092
5 2 50 -0.267 0.086
5 2 51 0.345 0.090
5 2 52 -0.215 0.089
5 2 53 -0.040 0.112
5 2 54 0.015 0.098
5 2 55 -0.385 0.112
5 2 56 0.294 0.099
5 2 57 -0.014 0.071
5 2 58 -0.190 0.097
5 2 59 -0.500 0.102
5 2 60 0.009 0.093
5 2 61 -0.293 0.097
5 2 62 -0.124 0.138
5 3 1 0.268 0.181
5 3 2 -0.102 -0.203
5 3 3 -0.273 0.008
5 3 4 -0.737 0.029
5 3 5 -0.490 1.199
6 1 1 -0.292 0.108
6 1 2 -0.209 0.102
6 1 3 -0.593 0.109
6 1 4 -0.065 0.120
6 1 5 0.133 0.123
6 1 6 -0.311 0.121
6 1 7 0.274 0.126
6 1 8 0.023 0.139
6 1 9 0.343 0.137
6 1 10 -0.103 0.146
6 1 11 -0.376 0.142
6 1 12 -0.492 0.147
6 1 13 -0.334 0.148
6 1 14 0.160 0.161
6 1 15 -0.680 0.169
6 1 16 0.112 0.178
6 1 17 0.000 0.100
6 1 18 -0.269 0.258
6 1 19 -0.225 0.249
6 1 20 -0.216 0.259
6 1 21 -0.116 0.224
6 1 22 0.097 0.274
6 1 23 0.044 0.255
6 2 1 0.097 0.055
6 2 2 -0.159 0.049
6 2 3 -0.530 0.059
6 2 4 -0.295 0.056
6 2 5 0.109 0.049
6 2 6 0.107 0.052
6 2 7 -0.569 0.074
6 2 8 0.361 0.052
6 2 9 0.359 0.065
6 2 10 -0.503 0.061
6 2 11 0.248 0.057
6 2 12 -0.359 0.063
6 2 13 0.195 0.069
6 2 14 0.218 0.063
6 2 15 -0.037 0.067
6 2 16 0.162 0.074
6 2 17 -0.228 0.070
6 2 18 -0.503 0.070
6 2 19 -0.158 0.068
6 2 20 0.205 0.070
6 2 21 -0.081 0.070
6 2 22 0.127 0.071
6 2 23 -0.029 0.071
6 2 24 -0.558 0.070
6 2 25 0.095 0.068
6 2 26 0.019 0.070
6 2 27 -0.606 0.072
6 2 28 -0.511 0.072
6 2 29 0.312 0.066
6 2 30 -0.420 0.070
6 2 31 -0.560 0.066
6 2 32 0.180 0.065
6 2 33 -0.012 0.071
6 2 34 -0.203 0.074
6 2 35 0.023 0.071
6 2 36 -0.296 0.072
6 2 37 -0.495 0.073
6 2 38 -0.441 0.076
6 2 39 -0.528 0.084
6 2 40 0.322 0.077
6 2 41 0.202 0.080
6 2 42 -0.306 0.079
6 2 43 -0.183 0.086
6 2 44 0.024 0.086
6 2 45 -0.380 0.088
6 2 46 -0.257 0.091
6 2 47 -0.144 0.093
6 2 48 0.265 0.082
6 2 49 0.061 0.081
6 2 50 0.006 0.088
6 2 51 -0.489 0.082
6 2 52 0.294 0.088
6 2 53 0.000 0.100
6 2 54 -0.459 0.089
6 2 55 -0.385 0.116
6 2 56 -0.594 0.091
6 2 57 0.117 0.109
6 2 58 -0.280 0.081
6 2 59 -0.327 0.101
6 2 60 -0.150 0.084
6 2 61 -0.189 0.088
6 2 62 0.217 0.119
6 3 1 0.081 0.178
6 3 2 0.030 0.193
6 3 3 -0.426 0.010
6 3 4 -0.038 -0.016
6 3 5 -0.537 0.100
