1 1 1 15.802 15.802 3.631 3.631 -7.041
1 1 2 16.174 16.174 2.745 2.745 2.376
1 1 3 16.257 16.257 2.287 2.287 -9.100
1 1 4 15.396 15.396 1.931 1.931 -8.349
1 1 5 16.468 16.468 1.801 1.801 -6.193
1 1 6 15.076 15.076 1.564 1.564 8.112
1 1 7 15.164 15.164 1.356 1.356 -6.121
1 1 8 15.912 15.912 1.560 1.560 -0.424
1 1 9 15.765 15.765 1.469 1.469 8.534
1 1 10 16.264 16.264 1.387 1.387 -3.855
1 1 11 15.505 15.505 1.132 1.132 -4.092
1 1 12 16.560 16.560 1.241 1.241 0.629
1 1 13 16.074 16.074 1.009 1.009 7.483
1 1 14 16.068 16.068 0.997 0.997 -9.294
1 1 15 16.339 16.339 0.883 0.883 -6.159
1 1 16 15.449 15.449 0.733 0.733 0.351
1 1 17 15.905 15.905 0.750 0.750 4.499
1 1 18 16.000 16.000 362.039 362.039 0.000
1 1 19 16.113 16.113 0.401 0.401 -2.951
1 1 20 16.459 16.459 0.327 0.327 -1.451
1 1 21 15.151 15.151 0.215 0.215 -9.843
1 1 22 14.945 14.945 0.173 0.173 2.662
1 1 23 15.212 15.212 0.424 0.424 0.530
1 2 1 16.618 16.618 7.001 7.001 -5.503
1 2 2 14.870 14.870 3.616 3.616 -6.969
1 2 3 15.652 15.652 2.730 2.730 7.598
1 2 4 15.841 15.841 2.252 2.252 2.956
1 2 5 16.123 16.123 2.140 2.140 2.664
1 2 6 15.667 15.667 1.701 1.701 -1.026
1 2 7 15.564 15.564 1.646 1.646 -6.800
1 2 8 15.275 15.275 1.739 1.739 5.997
1 2 9 16.130 16.130 1.286 1.286 9.000
1 2 10 15.975 15.975 1.192 1.192 4.202
1 2 11 15.474 15.474 1.476 1.476 -6.966
1 2 12 16.752 16.752 1.070 1.070 4.980
1 2 13 16.632 16.632 1.166 1.166 0.819
1 2 14 15.524 15.524 0.888 0.888 6.439
1 2 15 15.583 15.583 0.769 0.769 2.535
1 2 16 16.333 16.333 0.825 0.825 4.609
1 2 17 15.377 15.377 0.513 0.513 6.536
1 2 18 15.789 15.789 0.949 0.949 -8.548
1 2 19 15.093 15.093 0.786 0.786 0.914
1 2 20 16.252 16.252 0.672 0.672 -4.486
1 2 21 16.509 16.509 0.903 0.903 -3.367
1 2 22 15.333 15.333 0.896 0.896 -6.095
1 2 23 16.308 16.308 0.679 0.679 -4.161
1 2 24 15.629 15.629 0.391 0.391 -1.607
1 2 25 15.797 15.797 0.482 0.482 5.506
1 2 26 16.396 16.396 0.597 0.597 0.125
1 2 27 16.626 16.626 0.719 0.719 3.084
1 2 28 16.058 16.058 0.585 0.585 -3.619
1 2 29 16.744 16.744 0.479 0.479 -1.840
1 2 30 15.331 15.331 0.394 0.394 3.139
1 2 31 16.477 16.477 0.733 0.733 -2.061
1 2 32 16.054 16.054 0.291 0.291 -0.546
1 2 33 15.856 15.856 0.509 0.509 -7.987
1 2 34 15.080 15.080 0.417 0.417 0.474
1 2 35 16.567 16.567 0.486 0.486 -0.551
1 2 36 16.016 16.016 0.336 0.336 6.583
1 2 37 16.770 16.770 0.403 0.403 3.861
1 2 38 15.532 15.532 0.411 0.411 4.241
1 2 39 16.054 16.054 0.471 0.471 -5.348
1 2 40 16.419 16.419 0.207 0.207 -1.408
1 2 41 15.976 15.976 0.306 0.306 -9.919
1 2 42 16.161 16.161 0.241 0.241 -1.667
1 2 43 16.275 16.275 0.214 0.214 -6.235
1 2 44 15.370 15.370 0.131 0.131 1.490
1 2 45 15.938 15.938 0.133 0.133 -7.497
1 2 46 16.513 16.513 0.191 0.191 2.138
1 2 47 16.103 16.103 0.099 0.099 -5.677
1 2 48 15.500 15.500 0.109 0.109 3.814
1 2 49 16.086 16.086 0.126 0.126 7.533
1 2 50 16.709 16.709 0.108 0.108 -7.730
1 2 51 15.574 15.574 0.122 0.122 -7.240
1 2 52 16.262 16.262 0.085 0.085 9.923
1 2 53 16.623 16.623 0.106 0.106 -8.391
1 2 54 16.433 16.433 0.102 0.102 -1.306
1 2 55 15.658 15.658 0.114 0.114 -3.673
1 2 56 16.712 16.712 0.106 0.106 9.681
1 2 57 15.108 15.108 0.089 0.089 -2.419
1 2 58 16.361 16.361 0.149 0.149 -8.960
1 2 59 16.315 16.315 0.201 0.201 -2.239
1 2 60 16.396 16.396 0.145 0.145 -0.089
1 2 61 15.031 15.031 0.201 0.201 -8.118
1 2 62 16.063 16.063 0.348 0.348 -6.220
1 3 1 15.249 15.249 0.061 0.061 -0.494
1 3 2 15.091 15.091 0.062 0.062 -4.096
1 3 3 15.346 15.346 0.096 0.096 -4.258
1 3 4 15.806 15.806 0.139 0.139 -5.859
1 3 5 16.000 16.000 362.039 362.039 0.000
2 1 1 15.606 15.606 3.046 3.046 8.760
2 1 2 15.914 15.914 2.803 2.803 -5.768
2 1 3 15.913 15.913 2.293 2.293 0.564
2 1 4 16.213 16.213 1.989 1.989 -1.630
2 1 5 16.652 16.652 1.813 1.813 -5.263
2 1 6 16.353 16.353 1.954 1.954 -4.319
2 1 7 15.542 15.542 1.459 1.459 -6.864
2 1 8 15.157 15.157 1.495 1.495 -6.576
2 1 9 15.528 15.528 1.345 1.345 -1.520
2 1 10 16.365 16.365 1.622 1.622 7.456
2 1 11 16.116 16.116 1.335 1.335 4.493
2 1 12 15.764 15.764 1.157 1.157 -2.530
2 1 13 16.006 16.006 1.006 1.006 -8.559
2 1 14 16.387 16.387 1.036 1.036 -4.186
2 1 15 15.110 15.110 0.850 0.850 -2.287
2 1 16 15.845 15.845 0.813 0.813 0.855
2 1 17 15.557 15.557 0.736 0.736 -7.337
2 1 18 16.534 16.534 0.636 0.636 -0.857
2 1 19 16.235 16.235 0.554 0.554 9.531
2 1 20 15.689 15.689 0.396 0.396 -5.632
2 1 21 16.410 16.410 0.256 0.256 8.981
2 1 22 15.086 15.086 0.158 0.158 7.487
2 1 23 15.525 15.525 0.238 0.238 -0.238
2 2 1 17.660 17.660 7.535 7.535 6.369
2 2 2 16.437 16.437 4.203 4.203 3.148
2 2 3 14.995 14.995 3.369 3.369 -8.004
2 2 4 17.159 17.159 2.373 2.373 -5.325
2 2 5 16.155 16.155 2.171 2.171 2.630
2 2 6 16.422 16.422 1.936 1.936 7.881
2 2 7 15.441 15.441 1.776 1.776 -4.208
2 2 8 16.478 16.478 1.562 1.562 7.405
2 2 9 15.191 15.191 1.304 1.304 2.071
2 2 10 15.482 15.482 1.315 1.315 -3.826
2 2 11 16.183 16.183 1.214 1.214 -0.865
2 2 12 16.135 16.135 1.046 1.046 -8.470
2 2 13 15.361 15.361 1.114 1.114 1.154
2 2 14 15.211 15.211 1.047 1.047 -6.317
2 2 15 15.275 15.275 0.833 0.833 -1.572
2 2 16 16.655 16.655 1.150 1.150 -9.358
2 2 17 16.513 16.513 0.817 0.817 -7.151
2 2 18 16.633 16.633 0.807 0.807 7.933
2 2 19 16.109 16.109 0.751 0.751 2.499
2 2 20 16.194 16.194 0.701 0.701 -2.434
2 2 21 15.928 15.928 0.492 0.492 3.541
2 2 22 16.470 16.470 0.783 0.783 -6.877
2 2 23 16.474 16.474 0.781 0.781 -2.890
2 2 24 16.593 16.593 0.613 0.613 -0.155
2 2 25 16.373 16.373 0.427 0.427 2.139
2 2 26 15.525 15.525 0.612 0.612 2.122
2 2 27 16.118 16.118 0.366 0.366 8.702
2 2 28 15.886 15.886 0.571 0.571 9.297
2 2 29 16.262 16.262 0.546 0.546 -4.892
2 2 30 15.739 15.739 0.568 0.568 0.367
2 2 31 15.554 15.554 0.783 0.783 -10.117
2 2 32 15.914 15.914 0.607 0.607 -0.913
2 2 33 15.743 15.743 0.575 0.575 -6.639
2 2 34 15.236 15.236 0.426 0.426 -6.477
2 2 35 15.187 15.187 0.434 0.434 -10.046
2 2 36 15.984 15.984 0.349 0.349 6.113
2 2 37 15.264 15.264 0.355 0.355 9.690
2 2 38 16.420 16.420 0.400 0.400 -3.022
2 2 39 16.142 16.142 0.284 0.284 -4.318
2 2 40 16.409 16.409 0.301 0.301 4.985
2 2 41 16.247 16.247 0.472 0.472 -7.736
2 2 42 16.235 16.235 0.298 0.298 -5.911
2 2 43 15.265 15.265 0.167 0.167 3.325
2 2 44 15.944 15.944 0.161 0.161 1.841
2 2 45 16.096 16.096 0.158 0.158 -7.779
2 2 46 15.883 15.883 0.144 0.144 -5.811
2 2 47 16.724 16.724 0.173 0.173 -3.541
2 2 48 16.481 16.481 0.133 0.133 6.946
2 2 49 15.692 15.692 0.087 0.087 6.157
2 2 50 16.015 16.015 0.075 0.075 8.964
2 2 51 16.187 16.187 0.103 0.103 -7.117
2 2 52 15.883 15.883 0.084 0.084 1.351
2 2 53 16.435 16.435 0.078 0.078 3.298
2 2 54 16.273 16.273 0.087 0.087 -7.196
2 2 55 16.026 16.026 0.069 0.069 -5.467
2 2 56 16.339 16.339 0.092 0.092 -8.921
2 2 57 16.611 16.611 0.085 0.085 3.375
2 2 58 16.236 16.236 0.080 0.080 9.796
2 2 59 15.621 15.621 0.068 0.068 9.428
2 2 60 16.088 16.088 0.068 0.068 7.315
2 2 61 16.741 16.741 0.102 0.102 -10.275
2 2 62 16.346 16.346 0.067 0.067 5.896
2 3 1 15.247 15.247 5.158 5.158 7.877
2 3 2 22.535 22.535 38.731 38.731 1.450
2 3 3 16.221 16.221 0.129 0.129 8.963
2 3 4 16.000 16.000 362.039 362.039 0.000
2 3 5 16.000 16.000 362.039 362.039 0.000
3 1 1 15.595 15.595 3.842 3.842 -9.551
3 1 2 16.067 16.067 2.623 2.623 -4.000
3 1 3 15.967 15.967 2.325 2.325 -1.569
3 1 4 15.425 15.425 2.010 2.010 -1.842
3 1 5 15.057 15.057 1.643 1.643 -1.771
3 1 6 16.273 16.273 1.528 1.528 1.936
3 1 7 15.506 15.506 1.311 1.311 0.669
3 1 8 15.866 15.866 1.404 1.404 -7.621
3 1 9 16.201 16.201 1.527 1.527 -9.261
3 1 10 15.679 15.679 1.368 1.368 -0.708
3 1 11 16.314 16.314 1.242 1.242 8.895
3 1 12 16.500 16.500 1.378 1.378 -2.050
3 1 13 15.996 15.996 1.057 1.057 7.874
3 1 14 16.468 16.468 1.060 1.060 5.627
3 1 15 16.700 16.700 0.997 0.997 1.102
3 1 16 15.136 15.136 0.609 0.609 -3.177
3 1 17 16.586 16.586 0.609 0.609 4.291
3 1 18 15.474 15.474 0.505 0.505 -9.187
3 1 19 15.609 15.609 0.491 0.491 6.952
3 1 20 16.542 16.542 0.370 0.370 -8.066
3 1 21 16.140 16.140 0.305 0.305 -5.203
3 1 22 16.110 16.110 0.246 0.246 5.379
3 1 23 15.781 15.781 0.333 0.333 -2.902
3 2 1 17.913 17.913 7.869 7.869 -5.005
3 2 2 19.287 19.287 5.936 5.936 -3.306
3 2 3 18.014 18.014 4.001 4.001 -1.852
3 2 4 15.613 15.613 2.279 2.279 -1.879
3 2 5 15.662 15.662 2.013 2.013 -4.147
3 2 6 16.397 16.397 1.716 1.716 2.761
3 2 7 15.845 15.845 1.471 1.471 -5.672
3 2 8 15.795 15.795 1.593 1.593 -8.623
3 2 9 15.521 15.521 1.377 1.377 7.667
3 2 10 15.426 15.426 1.258 1.258 4.642
3 2 11 15.205 15.205 1.421 1.421 -9.703
3 2 12 15.193 15.193 0.971 0.971 -2.057
3 2 13 14.858 14.858 0.839 0.839 8.158
3 2 14 15.285 15.285 0.853 0.853 -2.553
3 2 15 15.580 15.580 0.704 0.704 7.130
3 2 16 16.014 16.014 1.005 1.005 -1.786
3 2 17 16.213 16.213 0.941 0.941 -3.127
3 2 18 16.350 16.350 0.859 0.859 6.335
3 2 19 16.278 16.278 0.690 0.690 -9.652
3 2 20 15.425 15.425 0.760 0.760 -2.270
3 2 21 15.603 15.603 0.623 0.623 3.690
3 2 22 16.594 16.594 0.799 0.799 1.887
3 2 23 15.720 15.720 0.654 0.654 4.992
3 2 24 16.661 16.661 0.964 0.964 -2.262
3 2 25 15.449 15.449 0.748 0.748 -3.000
3 2 26 16.563 16.563 0.752 0.752 -5.609
3 2 27 15.761 15.761 0.648 0.648 6.344
3 2 28 15.228 15.228 0.601 0.601 -2.434
3 2 29 15.546 15.546 0.666 0.666 -4.505
3 2 30 15.129 15.129 0.374 0.374 0.021
3 2 31 15.986 15.986 0.663 0.663 4.365
3 2 32 15.989 15.989 0.567 0.567 6.973
3 2 33 16.309 16.309 0.544 0.544 3.152
3 2 34 15.679 15.679 0.272 0.272 2.607
3 2 35 15.887 15.887 0.280 0.280 -8.836
3 2 36 16.128 16.128 0.351 0.351 -8.251
3 2 37 16.126 16.126 0.401 0.401 0.604
3 2 38 15.801 15.801 0.520 0.520 -4.227
3 2 39 15.400 15.400 0.282 0.282 0.537
3 2 40 16.860 16.860 0.261 0.261 3.441
3 2 41 15.722 15.722 0.202 0.202 4.234
3 2 42 16.622 16.622 0.215 0.215 -7.113
3 2 43 16.270 16.270 0.247 0.247 -0.312
3 2 44 16.137 16.137 0.124 0.124 1.717
3 2 45 16.151 16.151 0.157 0.157 -5.485
3 2 46 15.152 15.152 0.105 0.105 3.698
3 2 47 16.149 16.149 0.143 0.143 -8.472
3 2 48 15.648 15.648 0.106 0.106 8.656
3 2 49 16.237 16.237 0.095 0.095 -6.112
3 2 50 15.514 15.514 0.078 0.078 -3.497
3 2 51 15.210 15.210 0.086 0.086 -3.924
3 2 52 16.202 16.202 0.084 0.084 -0.460
3 2 53 15.559 15.559 0.066 0.066 8.926
3 2 54 16.143 16.143 0.078 0.078 -8.477
3 2 55 15.602 15.602 0.063 0.063 0.521
3 2 56 15.553 15.553 0.067 0.067 -1.311
3 2 57 15.446 15.446 0.094 0.094 4.918
3 2 58 15.798 15.798 0.071 0.071 -4.139
3 2 59 16.285 16.285 0.077 0.077 -0.950
3 2 60 16.623 16.623 0.093 0.093 4.040
3 2 61 15.844 15.844 0.095 0.095 -1.984
3 2 62 16.574 16.574 0.081 0.081 -5.572
3 3 1 15.470 15.470 0.375 0.375 -2.364
3 3 2 16.000 16.000 362.039 362.039 0.000
3 3 3 16.000 16.000 362.039 362.039 0.000
3 3 4 16.000 16.000 362.039 362.039 0.000
3 3 5 16.000 16.000 362.039 362.039 0.000
4 1 1 15.477 15.477 3.201 3.201 -1.237
4 1 2 15.804 15.804 2.568 2.568 7.556
4 1 3 16.106 16.106 2.214 2.214 3.465
4 1 4 15.983 15.983 2.167 2.167 -4.948
4 1 5 16.200 16.200 1.689 1.689 -2.032
4 1 6 15.991 15.991 1.836 1.836 -1.367
4 1 7 15.524 15.524 1.150 1.150 1.198
4 1 8 16.172 16.172 1.668 1.668 -8.753
4 1 9 15.850 15.850 1.383 1.383 -9.357
4 1 10 15.097 15.097 1.304 1.304 -5.263
4 1 11 16.627 16.627 1.383 1.383 4.037
4 1 12 16.247 16.247 1.193 1.193 -9.889
4 1 13 16.671 16.671 1.192 1.192 4.065
4 1 14 15.226 15.226 0.890 0.890 -7.151
4 1 15 16.335 16.335 0.887 0.887 4.183
4 1 16 16.551 16.551 0.889 0.889 -5.729
4 1 17 16.457 16.457 0.754 0.754 8.002
4 1 18 16.360 16.360 0.588 0.588 8.718
4 1 19 15.796 15.796 0.491 0.491 7.877
4 1 20 16.707 16.707 0.337 0.337 -3.140
4 1 21 15.283 15.283 0.234 0.234 2.547
4 1 22 15.816 15.816 0.223 0.223 3.823
4 1 23 16.193 16.193 0.330 0.330 -1.237
4 2 1 14.916 14.916 5.955 5.955 -8.699
4 2 2 16.105 16.105 4.332 4.332 -2.487
4 2 3 16.034 16.034 3.019 3.019 1.618
4 2 4 14.831 14.831 2.333 2.333 -2.854
4 2 5 15.576 15.576 1.755 1.755 3.909
4 2 6 15.759 15.759 1.835 1.835 -6.193
4 2 7 15.941 15.941 1.819 1.819 -8.073
4 2 8 16.236 16.236 1.807 1.807 2.642
4 2 9 16.886 16.886 1.739 1.739 -3.790
4 2 10 16.779 16.779 1.247 1.247 1.482
4 2 11 16.879 16.879 1.318 1.318 1.874
4 2 12 16.101 16.101 1.383 1.383 0.977
4 2 13 15.572 15.572 1.016 1.016 4.586
4 2 14 15.824 15.824 1.178 1.178 -9.486
4 2 15 15.340 15.340 0.862 0.862 -3.813
4 2 16 15.885 15.885 0.971 0.971 7.832
4 2 17 15.149 15.149 0.768 0.768 -2.128
4 2 18 15.903 15.903 0.931 0.931 -5.497
4 2 19 15.276 15.276 0.775 0.775 -3.084
4 2 20 16.445 16.445 0.743 0.743 3.506
4 2 21 15.424 15.424 0.537 0.537 -7.618
4 2 22 16.291 16.291 0.744 0.744 2.011
4 2 23 15.399 15.399 0.703 0.703 -4.389
4 2 24 15.582 15.582 0.541 0.541 -0.794
4 2 25 15.638 15.638 0.658 0.658 -7.149
4 2 26 16.433 16.433 0.489 0.489 1.800
4 2 27 15.317 15.317 0.615 0.615 -0.702
4 2 28 16.165 16.165 0.619 0.619 4.073
4 2 29 15.605 15.605 0.342 0.342 7.586
4 2 30 15.192 15.192 0.574 0.574 3.178
4 2 31 15.968 15.968 0.661 0.661 -8.247
4 2 32 15.178 15.178 0.512 0.512 -5.121
4 2 33 16.622 16.622 0.505 0.505 -0.766
4 2 34 16.288 16.288 0.733 0.733 -6.426
4 2 35 15.456 15.456 0.344 0.344 1.415
4 2 36 15.649 15.649 0.426 0.426 -7.579
4 2 37 15.907 15.907 0.352 0.352 8.544
4 2 38 15.618 15.618 0.424 0.424 3.312
4 2 39 16.459 16.459 0.386 0.386 8.290
4 2 40 15.249 15.249 0.260 0.260 -0.221
4 2 41 15.669 15.669 0.468 0.468 -0.903
4 2 42 15.125 15.125 0.216 0.216 3.996
4 2 43 16.563 16.563 0.162 0.162 -8.511
4 2 44 16.903 16.903 0.232 0.232 -8.180
4 2 45 16.161 16.161 0.139 0.139 -3.312
4 2 46 15.064 15.064 0.111 0.111 7.817
4 2 47 16.575 16.575 0.142 0.142 -2.364
4 2 48 15.239 15.239 0.093 0.093 0.569
4 2 49 15.137 15.137 0.083 0.083 -2.734
4 2 50 15.335 15.335 0.076 0.076 3.393
4 2 51 15.226 15.226 0.095 0.095 3.164
4 2 52 15.464 15.464 0.078 0.078 -2.420
4 2 53 15.668 15.668 0.080 0.080 5.163
4 2 54 15.878 15.878 0.072 0.072 -2.470
4 2 55 16.213 16.213 0.087 0.087 2.507
4 2 56 15.595 15.595 0.065 0.065 -7.777
4 2 57 16.740 16.740 0.067 0.067 -8.482
4 2 58 16.537 16.537 0.070 0.070 -0.992
4 2 59 15.833 15.833 0.065 0.065 2.026
4 2 60 15.983 15.983 0.057 0.057 7.212
4 2 61 16.633 16.633 0.061 0.061 0.062
4 2 62 16.645 16.645 0.065 0.065 -2.684
4 3 1 16.504 16.504 0.072 0.072 3.922
4 3 2 15.626 15.626 0.061 0.061 8.879
4 3 3 16.217 16.217 0.106 0.106 -0.526
4 3 4 15.005 15.005 0.164 0.164 5.599
4 3 5 16.000 16.000 362.039 362.039 0.000
5 1 1 16.343 16.343 3.844 3.844 1.499
5 1 2 16.506 16.506 2.772 2.772 5.683
5 1 3 17.003 17.003 2.077 2.077 7.456
5 1 4 15.563 15.563 1.893 1.893 5.659
5 1 5 15.730 15.730 1.673 1.673 6.763
5 1 6 16.331 16.331 1.778 1.778 -5.705
5 1 7 16.440 16.440 1.378 1.378 6.579
5 1 8 15.506 15.506 1.579 1.579 -8.208
5 1 9 15.756 15.756 1.392 1.392 0.283
5 1 10 15.719 15.719 1.249 1.249 3.953
5 1 11 16.245 16.245 1.262 1.262 -1.115
5 1 12 16.157 16.157 1.249 1.249 3.886
5 1 13 15.954 15.954 1.146 1.146 5.447
5 1 14 16.467 16.467 1.020 1.020 -1.274
5 1 15 15.095 15.095 0.884 0.884 1.949
5 1 16 16.553 16.553 0.940 0.940 -7.205
5 1 17 16.232 16.232 0.734 0.734 7.313
5 1 18 16.000 16.000 362.039 362.039 0.000
5 1 19 16.270 16.270 0.429 0.429 -3.707
5 1 20 15.505 15.505 0.299 0.299 -7.638
5 1 21 15.697 15.697 0.241 0.241 6.779
5 1 22 15.526 15.526 0.264 0.264 7.451
5 1 23 16.262 16.262 0.308 0.308 -9.666
5 2 1 15.269 15.269 5.330 5.330 6.269
5 2 2 15.801 15.801 4.465 4.465 -7.715
5 2 3 17.360 17.360 3.785 3.785 -1.856
5 2 4 17.877 17.877 2.771 2.771 3.923
5 2 5 16.754 16.754 1.950 1.950 -2.804
5 2 6 15.958 15.958 1.729 1.729 -6.732
5 2 7 15.364 15.364 1.632 1.632 -9.972
5 2 8 16.449 16.449 1.585 1.585 -1.680
5 2 9 16.028 16.028 1.495 1.495 9.914
5 2 10 16.181 16.181 1.168 1.168 -2.656
5 2 11 15.186 15.186 1.072 1.072 2.057
5 2 12 15.606 15.606 1.161 1.161 -5.393
5 2 13 16.310 16.310 1.035 1.035 0.100
5 2 14 15.174 15.174 0.722 0.722 -0.840
5 2 15 15.105 15.105 0.991 0.991 0.323
5 2 16 16.269 16.269 1.188 1.188 -1.318
5 2 17 15.386 15.386 0.618 0.618 7.489
5 2 18 16.279 16.279 0.753 0.753 4.854
5 2 19 15.964 15.964 0.414 0.414 6.769
5 2 20 16.316 16.316 0.690 0.690 8.006
5 2 21 15.525 15.525 0.695 0.695 -1.891
5 2 22 16.665 16.665 0.851 0.851 2.725
5 2 23 16.019 16.019 0.824 0.824 3.647
5 2 24 15.228 15.228 0.476 0.476 2.140
5 2 25 16.084 16.084 0.422 0.422 6.369
5 2 26 16.131 16.131 0.886 0.886 -8.855
5 2 27 15.223 15.223 0.586 0.586 -4.343
5 2 28 15.316 15.316 0.642 0.642 8.351
5 2 29 16.302 16.302 0.731 0.731 9.230
5 2 30 16.033 16.033 0.676 0.676 -6.656
5 2 31 16.331 16.331 0.610 0.610 -5.373
5 2 32 15.421 15.421 0.659 0.659 -7.776
5 2 33 15.804 15.804 0.687 0.687 -7.529
5 2 34 16.931 16.931 0.389 0.389 -5.011
5 2 35 15.976 15.976 0.551 0.551 4.603
5 2 36 15.864 15.864 0.317 0.317 -8.475
5 2 37 16.505 16.505 0.558 0.558 -8.444
5 2 38 15.732 15.732 0.363 0.363 -0.987
5 2 39 16.197 16.197 0.285 0.285 -7.133
5 2 40 15.886 15.886 0.229 0.229 -1.390
5 2 41 16.078 16.078 0.290 0.290 -0.727
5 2 42 15.101 15.101 0.200 0.200 -3.477
5 2 43 15.211 15.211 0.153 0.153 -0.942
5 2 44 15.163 15.163 0.171 0.171 -6.012
5 2 45 15.364 15.364 0.156 0.156 -7.705
5 2 46 16.154 16.154 0.186 0.186 5.480
5 2 47 15.380 15.380 0.135 0.135 5.542
5 2 48 16.286 16.286 0.112 0.112 -7.912
5 2 49 15.841 15.841 0.115 0.115 -4.579
5 2 50 15.541 15.541 0.100 0.100 -7.798
5 2 51 15.189 15.189 0.066 0.066 -3.042
5 2 52 15.800 15.800 0.084 0.084 8.175
5 2 53 16.127 16.127 0.082 0.082 9.020
5 2 54 15.881 15.881 0.079 0.079 -0.809
5 2 55 16.729 16.729 0.076 0.076 -8.247
5 2 56 16.647 16.647 0.088 0.088 -4.039
5 2 57 15.293 15.293 0.078 0.078 6.964
5 2 58 16.334 16.334 0.091 0.091 -2.564
5 2 59 15.693 15.693 0.071 0.071 1.976
5 2 60 15.482 15.482 0.080 0.080 -0.047
5 2 61 15.238 15.238 0.081 0.081 2.001
5 2 62 15.359 15.359 0.082 0.082 2.860
5 3 1 16.662 16.662 0.077 0.077 -7.905
5 3 2 16.015 16.015 0.070 0.070 -0.556
5 3 3 16.490 16.490 0.099 0.099 -4.665
5 3 4 16.353 16.353 0.292 0.292 4.748
5 3 5 16.000 16.000 362.039 362.039 0.000
6 1 1 15.032 15.032 3.411 3.411 -4.196
6 1 2 15.787 15.787 2.801 2.801 -5.030
6 1 3 15.813 15.813 2.255 2.255 -8.315
6 1 4 15.054 15.054 2.049 2.049 -1.631
6 1 5 15.380 15.380 1.660 1.660 -8.050
6 1 6 15.426 15.426 1.692 1.692 -7.842
6 1 7 15.416 15.416 1.516 1.516 -7.000
6 1 8 16.236 16.236 1.561 1.561 -3.095
6 1 9 16.106 16.106 1.537 1.537 8.886
6 1 10 15.285 15.285 1.196 1.196 -9.233
6 1 11 16.645 16.645 1.306 1.306 1.120
6 1 12 16.654 16.654 1.198 1.198 -7.596
6 1 13 16.276 16.276 1.053 1.053 -6.450
6 1 14 16.054 16.054 1.050 1.050 9.000
6 1 15 15.927 15.927 0.761 0.761 8.481
6 1 16 16.329 16.329 0.769 0.769 0.216
6 1 17 16.000 16.000 362.039 362.039 0.000
6 1 18 16.326 16.326 0.533 0.533 -5.627
6 1 19 15.841 15.841 0.335 0.335 0.960
6 1 20 15.635 15.635 0.331 0.331 0.773
6 1 21 16.365 16.365 0.235 0.235 9.403
6 1 22 16.186 16.186 0.298 0.298 4.542
6 1 23 16.221 16.221 0.366 0.366 -1.602
6 2 1 14.533 14.533 6.554 6.554 3.314
6 2 2 15.986 15.986 3.660 3.660 9.083
6 2 3 16.587 16.587 3.008 3.008 9.897
6 2 4 14.582 14.582 2.179 2.179 -1.946
6 2 5 16.890 16.890 2.373 2.373 2.237
6 2 6 16.382 16.382 2.042 2.042 -0.357
6 2 7 15.536 15.536 1.425 1.425 7.599
6 2 8 16.110 16.110 1.671 1.671 -1.221
6 2 9 15.390 15.390 1.476 1.476 -6.969
6 2 10 15.996 15.996 1.386 1.386 -9.941
6 2 11 15.792 15.792 1.191 1.191 5.734
6 2 12 15.200 15.200 0.992 0.992 1.326
6 2 13 16.714 16.714 1.096 1.096 8.930
6 2 14 14.825 14.825 0.917 0.917 -6.998
6 2 15 15.840 15.840 0.963 0.963 -6.756
6 2 16 16.620 16.620 1.287 1.287 -9.081
6 2 17 14.968 14.968 0.826 0.826 -3.234
6 2 18 16.358 16.358 0.611 0.611 8.406
6 2 19 15.237 15.237 0.781 0.781 -3.903
6 2 20 16.569 16.569 0.581 0.581 0.554
6 2 21 15.506 15.506 0.596 0.596 0.210
6 2 22 15.401 15.401 0.658 0.658 -1.457
6 2 23 15.528 15.528 0.644 0.644 0.298
6 2 24 16.116 16.116 0.462 0.462 -6.388
6 2 25 15.794 15.794 0.572 0.572 -0.190
6 2 26 16.082 16.082 0.761 0.761 -1.835
6 2 27 16.002 16.002 0.484 0.484 3.098
6 2 28 15.529 15.529 0.569 0.569 7.471
6 2 29 16.613 16.613 0.772 0.772 -8.278
6 2 30 15.891 15.891 0.625 0.625 -5.009
6 2 31 15.816 15.816 0.478 0.478 -0.669
6 2 32 16.447 16.447 0.667 0.667 3.475
6 2 33 15.732 15.732 0.591 0.591 0.854
6 2 34 15.372 15.372 0.437 0.437 -4.852
6 2 35 15.289 15.289 0.490 0.490 3.895
6 2 36 15.550 15.550 0.363 0.363 8.447
6 2 37 16.609 16.609 0.363 0.363 -3.746
6 2 38 16.668 16.668 0.395 0.395 4.417
6 2 39 15.722 15.722 0.321 0.321 1.641
6 2 40 16.111 16.111 0.297 0.297 -6.020
6 2 41 16.276 16.276 0.301 0.301 6.167
6 2 42 15.603 15.603 0.244 0.244 -0.028
6 2 43 16.332 16.332 0.259 0.259 -4.571
6 2 44 15.759 15.759 0.259 0.259 -1.280
6 2 45 15.583 15.583 0.197 0.197 -0.382
6 2 46 16.241 16.241 0.129 0.129 0.775
6 2 47 15.695 15.695 0.103 0.103 -1.504
6 2 48 16.623 16.623 0.133 0.133 -1.660
6 2 49 15.193 15.193 0.075 0.075 5.322
6 2 50 16.661 16.661 0.111 0.111 2.062
6 2 51 16.675 16.675 0.095 0.095 1.332
6 2 52 15.779 15.779 0.074 0.074 -8.952
6 2 53 16.000 16.000 362.039 362.039 0.000
6 2 54 15.233 15.233 0.063 0.063 3.628
6 2 55 16.052 16.052 0.084 0.084 3.227
6 2 56 15.685 15.685 0.075 0.075 -5.326
6 2 57 16.220 16.220 0.091 0.091 -1.438
6 2 58 15.901 15.901 0.084 0.084 -3.366
6 2 59 15.436 15.436 0.083 0.083 -0.225
6 2 60 15.236 15.236 0.076 0.076 3.165
6 2 61 16.869 16.869 0.135 0.135 -9.024
6 2 62 16.723 16.723 0.088 0.088 5.171
6 3 1 15.711 15.711 0.063 0.063 3.554
6 3 2 16.540 16.540 0.074 0.074 -7.865
6 3 3 15.798 15.798 0.101 0.101 -9.261
6 3 4 16.001 16.001 0.145 0.145 -4.318
6 3 5 16.000 16.000 362.039 362.039 0.000
