1 1 1 40.591 0.500 0.000 43.700 0.500 0.000
1 1 2 41.740 0.500 0.000 43.424 0.500 0.000
1 1 3 44.164 0.500 0.000 41.093 0.500 0.000
1 1 4 40.248 0.500 0.000 36.117 0.500 0.000
1 1 5 38.652 0.500 0.000 45.174 0.500 0.000
1 1 6 41.253 0.500 0.000 39.628 0.500 0.000
1 1 7 34.508 0.500 0.000 39.735 0.500 0.000
1 1 8 40.384 0.500 0.000 42.250 0.500 0.000
1 1 9 39.876 0.500 0.000 38.642 0.500 0.000
1 1 10 43.187 0.500 0.000 39.879 0.500 0.000
1 1 11 46.503 0.500 0.000 40.236 0.500 0.000
1 1 12 39.101 0.500 0.000 45.411 0.500 0.000
1 1 13 37.105 0.500 0.000 41.637 0.500 0.000
1 1 14 41.495 0.500 0.000 39.190 0.500 0.000
1 1 15 39.917 0.500 0.000 48.151 0.500 0.000
1 1 16 42.800 0.500 0.000 49.723 0.500 0.000
1 1 17 35.957 0.500 0.000 39.348 0.500 0.000
1 1 18 40.000 0.500 0.000 40.000 0.500 0.000
1 1 19 37.599 0.500 0.000 37.665 0.500 0.000
1 1 20 36.953 0.500 0.000 40.221 0.500 0.000
1 1 21 31.517 0.500 0.000 41.407 0.500 0.000
1 1 22 33.581 0.500 0.000 45.175 0.500 0.000
1 1 23 45.817 0.500 0.000 48.526 0.500 0.000
1 2 1 45.264 0.500 0.000 39.888 0.500 0.000
1 2 2 41.762 0.500 0.000 43.909 0.500 0.000
1 2 3 39.471 0.500 0.000 46.231 0.500 0.000
1 2 4 43.021 0.500 0.000 45.854 0.500 0.000
1 2 5 49.689 0.500 0.000 41.853 0.500 0.000
1 2 6 50.373 0.500 0.000 44.624 0.500 0.000
1 2 7 39.763 0.500 0.000 39.903 0.500 0.000
1 2 8 40.790 0.500 0.000 53.661 0.500 0.000
1 2 9 41.613 0.500 0.000 41.297 0.500 0.000
1 2 10 43.942 0.500 0.000 43.203 0.500 0.000
1 2 11 46.217 0.500 0.000 43.002 0.500 0.000
1 2 12 39.555 0.500 0.000 45.087 0.500 0.000
1 2 13 44.625 0.500 0.000 40.254 0.500 0.000
1 2 14 42.122 0.500 0.000 42.354 0.500 0.000
1 2 15 45.994 0.500 0.000 43.014 0.500 0.000
1 2 16 49.251 0.500 0.000 42.074 0.500 0.000
1 2 17 39.882 0.500 0.000 36.377 0.500 0.000
1 2 18 41.233 0.500 0.000 40.256 0.500 0.000
1 2 19 43.430 0.500 0.000 41.640 0.500 0.000
1 2 20 45.477 0.500 0.000 43.202 0.500 0.000
1 2 21 44.335 0.500 0.000 38.147 0.500 0.000
1 2 22 42.060 0.500 0.000 43.124 0.500 0.000
1 2 23 38.468 0.500 0.000 40.547 0.500 0.000
1 2 24 47.759 0.500 0.000 40.490 0.500 0.000
1 2 25 38.635 0.500 0.000 41.854 0.500 0.000
1 2 26 38.604 0.500 0.000 30.383 0.500 0.000
1 2 27 39.599 0.500 0.000 40.394 0.500 0.000
1 2 28 45.798 0.500 0.000 37.405 0.500 0.000
1 2 29 34.573 0.500 0.000 47.255 0.500 0.000
1 2 30 43.482 0.500 0.000 35.156 0.500 0.000
1 2 31 39.644 0.500 0.000 41.504 0.500 0.000
1 2 32 46.549 0.500 0.000 43.400 0.500 0.000
1 2 33 47.892 0.500 0.000 42.637 0.500 0.000
1 2 34 31.720 0.500 0.000 35.633 0.500 0.000
1 2 35 24.359 0.500 0.000 36.028 0.500 0.000
1 2 36 36.126 0.500 0.000 42.484 0.500 0.000
1 2 37 47.779 0.500 0.000 50.469 0.500 0.000
1 2 38 41.146 0.500 0.000 37.786 0.500 0.000
1 2 39 37.366 0.500 0.000 27.256 0.500 0.000
1 2 40 47.943 0.500 0.000 46.582 0.500 0.000
1 2 41 40.196 0.500 0.000 41.653 0.500 0.000
1 2 42 34.258 0.500 0.000 35.510 0.500 0.000
1 2 43 38.607 0.500 0.000 45.104 0.500 0.000
1 2 44 39.565 0.500 0.000 46.156 0.500 0.000
1 2 45 38.822 0.500 0.000 39.686 0.500 0.000
1 2 46 46.677 0.500 0.000 37.669 0.500 0.000
1 2 47 47.007 0.500 0.000 36.959 0.500 0.000
1 2 48 41.196 0.500 0.000 34.395 0.500 0.000
1 2 49 48.613 0.500 0.000 42.580 0.500 0.000
1 2 50 43.264 0.500 0.000 42.228 0.500 0.000
1 2 51 45.011 0.500 0.000 41.542 0.500 0.000
1 2 52 41.610 0.500 0.000 39.002 0.500 0.000
1 2 53 42.178 0.500 0.000 48.395 0.500 0.000
1 2 54 37.002 0.500 0.000 30.860 0.500 0.000
1 2 55 53.097 0.500 0.000 42.811 0.500 0.000
1 2 56 56.091 0.500 0.000 52.673 0.500 0.000
1 2 57 50.510 0.500 0.000 43.779 0.500 0.000
1 2 58 52.149 0.500 0.000 46.174 0.500 0.000
1 2 59 33.524 0.500 0.000 40.771 0.500 0.000
1 2 60 42.438 0.500 0.000 67.144 0.500 0.000
1 2 61 34.555 0.500 0.000 39.753 0.500 0.000
1 2 62 38.650 0.500 0.000 51.760 0.500 0.000
1 3 1 44.784 0.500 0.000 37.229 0.500 0.000
1 3 2 40.107 0.500 0.000 41.455 0.500 0.000
1 3 3 40.000 0.500 0.000 39.060 0.500 0.000
1 3 4 40.000 0.500 0.000 40.000 0.500 0.000
1 3 5 40.000 0.500 0.000 40.000 0.500 0.000
2 1 1 42.173 0.500 0.000 38.808 0.500 0.000
2 1 2 43.276 0.500 0.000 41.246 0.500 0.000
2 1 3 46.059 0.500 0.000 41.509 0.500 0.000
2 1 4 39.472 0.500 0.000 46.711 0.500 0.000
2 1 5 43.989 0.500 0.000 43.701 0.500 0.000
2 1 6 42.670 0.500 0.000 43.028 0.500 0.000
2 1 7 38.339 0.500 0.000 41.681 0.500 0.000
2 1 8 39.476 0.500 0.000 42.518 0.500 0.000
2 1 9 39.356 0.500 0.000 41.687 0.500 0.000
2 1 10 41.210 0.500 0.000 40.377 0.500 0.000
2 1 11 43.935 0.500 0.000 41.026 0.500 0.000
2 1 12 39.296 0.500 0.000 36.947 0.500 0.000
2 1 13 38.154 0.500 0.000 41.288 0.500 0.000
2 1 14 40.698 0.500 0.000 37.979 0.500 0.000
2 1 15 40.649 0.500 0.000 40.181 0.500 0.000
2 1 16 38.378 0.500 0.000 42.345 0.500 0.000
2 1 17 39.890 0.500 0.000 46.115 0.500 0.000
2 1 18 42.191 0.500 0.000 40.977 0.500 0.000
2 1 19 36.612 0.500 0.000 41.677 0.500 0.000
2 1 20 45.786 0.500 0.000 46.646 0.500 0.000
2 1 21 41.848 0.500 0.000 46.768 0.500 0.000
2 1 22 39.626 0.500 0.000 39.626 0.500 0.000
2 1 23 37.451 0.500 0.000 48.551 0.500 0.000
2 2 1 43.840 0.500 0.000 41.621 0.500 0.000
2 2 2 37.248 0.500 0.000 47.070 0.500 0.000
2 2 3 40.624 0.500 0.000 48.035 0.500 0.000
2 2 4 47.617 0.500 0.000 39.291 0.500 0.000
2 2 5 42.245 0.500 0.000 38.380 0.500 0.000
2 2 6 40.120 0.500 0.000 44.386 0.500 0.000
2 2 7 39.979 0.500 0.000 50.144 0.500 0.000
2 2 8 41.944 0.500 0.000 38.482 0.500 0.000
2 2 9 44.890 0.500 0.000 45.679 0.500 0.000
2 2 10 51.970 0.500 0.000 45.470 0.500 0.000
2 2 11 46.823 0.500 0.000 47.399 0.500 0.000
2 2 12 42.529 0.500 0.000 40.466 0.500 0.000
2 2 13 47.466 0.500 0.000 44.704 0.500 0.000
2 2 14 36.907 0.500 0.000 45.103 0.500 0.000
2 2 15 42.431 0.500 0.000 42.875 0.500 0.000
2 2 16 45.586 0.500 0.000 41.839 0.500 0.000
2 2 17 40.242 0.500 0.000 38.565 0.500 0.000
2 2 18 38.147 0.500 0.000 40.463 0.500 0.000
2 2 19 41.653 0.500 0.000 46.611 0.500 0.000
2 2 20 40.899 0.500 0.000 39.386 0.500 0.000
2 2 21 48.917 0.500 0.000 43.526 0.500 0.000
2 2 22 42.002 0.500 0.000 40.968 0.500 0.000
2 2 23 38.423 0.500 0.000 41.442 0.500 0.000
2 2 24 46.710 0.500 0.000 48.573 0.500 0.000
2 2 25 39.831 0.500 0.000 36.891 0.500 0.000
2 2 26 41.914 0.500 0.000 38.849 0.500 0.000
2 2 27 47.374 0.500 0.000 38.305 0.500 0.000
2 2 28 40.561 0.500 0.000 41.800 0.500 0.000
2 2 29 41.476 0.500 0.000 43.338 0.500 0.000
2 2 30 41.277 0.500 0.000 26.217 0.500 0.000
2 2 31 37.050 0.500 0.000 38.321 0.500 0.000
2 2 32 47.450 0.500 0.000 47.972 0.500 0.000
2 2 33 41.521 0.500 0.000 35.003 0.500 0.000
2 2 34 41.806 0.500 0.000 50.725 0.500 0.000
2 2 35 35.169 0.500 0.000 40.386 0.500 0.000
2 2 36 46.362 0.500 0.000 34.527 0.500 0.000
2 2 37 40.270 0.500 0.000 37.545 0.500 0.000
2 2 38 39.776 0.500 0.000 27.175 0.500 0.000
2 2 39 51.299 0.500 0.000 36.204 0.500 0.000
2 2 40 39.051 0.500 0.000 37.587 0.500 0.000
2 2 41 24.513 0.500 0.000 40.470 0.500 0.000
2 2 42 40.058 0.500 0.000 48.896 0.500 0.000
2 2 43 31.910 0.500 0.000 39.376 0.500 0.000
2 2 44 35.626 0.500 0.000 27.875 0.500 0.000
2 2 45 32.719 0.500 0.000 41.203 0.500 0.000
2 2 46 40.269 0.500 0.000 43.548 0.500 0.000
2 2 47 42.413 0.500 0.000 41.303 0.500 0.000
2 2 48 43.357 0.500 0.000 45.148 0.500 0.000
2 2 49 46.239 0.500 0.000 42.646 0.500 0.000
2 2 50 38.463 0.500 0.000 36.412 0.500 0.000
2 2 51 25.625 0.500 0.000 40.405 0.500 0.000
2 2 52 36.510 0.500 0.000 44.175 0.500 0.000
2 2 53 37.709 0.500 0.000 38.227 0.500 0.000
2 2 54 31.856 0.500 0.000 40.366 0.500 0.000
2 2 55 43.194 0.500 0.000 39.597 0.500 0.000
2 2 56 47.313 0.500 0.000 39.323 0.500 0.000
2 2 57 44.385 0.500 0.000 37.225 0.500 0.000
2 2 58 40.569 0.500 0.000 60.251 0.500 0.000
2 2 59 47.195 0.500 0.000 63.774 0.500 0.000
2 2 60 41.295 0.500 0.000 44.222 0.500 0.000
2 2 61 44.123 0.500 0.000 51.478 0.500 0.000
2 2 62 0.006 0.500 0.000 63.428 0.500 0.000
2 3 1 50.792 0.500 0.000 50.795 0.500 0.000
2 3 2 0.000 0.500 0.000 26.496 0.500 0.000
2 3 3 40.000 0.500 0.000 40.000 0.500 0.000
2 3 4 40.000 0.500 0.000 40.000 0.500 0.000
2 3 5 40.000 0.500 0.000 40.000 0.500 0.000
3 1 1 44.446 0.500 0.000 40.769 0.500 0.000
3 1 2 40.876 0.500 0.000 40.214 0.500 0.000
3 1 3 40.426 0.500 0.000 41.024 0.500 0.000
3 1 4 38.186 0.500 0.000 40.995 0.500 0.000
3 1 5 37.938 0.500 0.000 42.883 0.500 0.000
3 1 6 37.241 0.500 0.000 40.153 0.500 0.000
3 1 7 39.607 0.500 0.000 43.435 0.500 0.000
3 1 8 40.742 0.500 0.000 43.994 0.500 0.000
3 1 9 37.139 0.500 0.000 40.341 0.500 0.000
3 1 10 43.451 0.500 0.000 43.464 0.500 0.000
3 1 11 41.008 0.500 0.000 42.174 0.500 0.000
3 1 12 37.622 0.500 0.000 42.060 0.500 0.000
3 1 13 38.037 0.500 0.000 43.239 0.500 0.000
3 1 14 39.553 0.500 0.000 39.861 0.500 0.000
3 1 15 41.390 0.500 0.000 44.711 0.500 0.000
3 1 16 40.488 0.500 0.000 39.905 0.500 0.000
3 1 17 41.459 0.500 0.000 38.641 0.500 0.000
3 1 18 41.467 0.500 0.000 36.931 0.500 0.000
3 1 19 35.757 0.500 0.000 47.081 0.500 0.000
3 1 20 42.280 0.500 0.000 38.059 0.500 0.000
3 1 21 43.463 0.500 0.000 41.523 0.500 0.000
3 1 22 45.016 0.500 0.000 37.331 0.500 0.000
3 1 23 36.541 0.500 0.000 43.834 0.500 0.000
3 2 1 45.330 0.500 0.000 42.985 0.500 0.000
3 2 2 47.595 0.500 0.000 40.228 0.500 0.000
3 2 3 46.217 0.500 0.000 40.700 0.500 0.000
3 2 4 40.051 0.500 0.000 39.999 0.500 0.000
3 2 5 42.201 0.500 0.000 45.653 0.500 0.000
3 2 6 47.393 0.500 0.000 39.867 0.500 0.000
3 2 7 45.428 0.500 0.000 42.271 0.500 0.000
3 2 8 44.024 0.500 0.000 39.717 0.500 0.000
3 2 9 41.766 0.500 0.000 40.414 0.500 0.000
3 2 10 43.408 0.500 0.000 43.717 0.500 0.000
3 2 11 43.768 0.500 0.000 42.043 0.500 0.000
3 2 12 39.862 0.500 0.000 45.378 0.500 0.000
3 2 13 40.091 0.500 0.000 42.025 0.500 0.000
3 2 14 44.396 0.500 0.000 39.109 0.500 0.000
3 2 15 39.301 0.500 0.000 40.628 0.500 0.000
3 2 16 42.785 0.500 0.000 40.046 0.500 0.000
3 2 17 49.596 0.500 0.000 45.099 0.500 0.000
3 2 18 49.252 0.500 0.000 46.282 0.500 0.000
3 2 19 43.293 0.500 0.000 31.064 0.500 0.000
3 2 20 47.834 0.500 0.000 42.661 0.500 0.000
3 2 21 37.809 0.500 0.000 35.762 0.500 0.000
3 2 22 43.586 0.500 0.000 46.580 0.500 0.000
3 2 23 38.824 0.500 0.000 35.320 0.500 0.000
3 2 24 42.851 0.500 0.000 40.048 0.500 0.000
3 2 25 42.002 0.500 0.000 45.602 0.500 0.000
3 2 26 38.239 0.500 0.000 49.775 0.500 0.000
3 2 27 38.505 0.500 0.000 44.265 0.500 0.000
3 2 28 40.306 0.500 0.000 39.223 0.500 0.000
3 2 29 45.207 0.500 0.000 39.663 0.500 0.000
3 2 30 36.697 0.500 0.000 35.213 0.500 0.000
3 2 31 38.632 0.500 0.000 42.840 0.500 0.000
3 2 32 33.488 0.500 0.000 36.961 0.500 0.000
3 2 33 36.796 0.500 0.000 45.500 0.500 0.000
3 2 34 38.798 0.500 0.000 42.522 0.500 0.000
3 2 35 38.122 0.500 0.000 44.320 0.500 0.000
3 2 36 31.710 0.500 0.000 38.408 0.500 0.000
3 2 37 36.198 0.500 0.000 45.098 0.500 0.000
3 2 38 45.210 0.500 0.000 43.739 0.500 0.000
3 2 39 40.491 0.500 0.000 40.266 0.500 0.000
3 2 40 46.098 0.500 0.000 49.350 0.500 0.000
3 2 41 40.160 0.500 0.000 35.351 0.500 0.000
3 2 42 38.599 0.500 0.000 45.808 0.500 0.000
3 2 43 40.979 0.500 0.000 29.655 0.500 0.000
3 2 44 40.052 0.500 0.000 37.602 0.500 0.000
3 2 45 36.091 0.500 0.000 42.507 0.500 0.000
3 2 46 40.291 0.500 0.000 35.090 0.500 0.000
3 2 47 34.821 0.500 0.000 44.091 0.500 0.000
3 2 48 39.795 0.500 0.000 41.258 0.500 0.000
3 2 49 40.459 0.500 0.000 43.666 0.500 0.000
3 2 50 38.705 0.500 0.000 48.987 0.500 0.000
3 2 51 46.668 0.500 0.000 37.084 0.500 0.000
3 2 52 39.438 0.500 0.000 39.868 0.500 0.000
3 2 53 41.635 0.500 0.000 46.880 0.500 0.000
3 2 54 34.038 0.500 0.000 39.779 0.500 0.000
3 2 55 37.735 0.500 0.000 38.245 0.500 0.000
3 2 56 39.318 0.500 0.000 29.432 0.500 0.000
3 2 57 31.987 0.500 0.000 61.475 0.500 0.000
3 2 58 52.904 0.500 0.000 47.517 0.500 0.000
3 2 59 50.829 0.500 0.000 36.996 0.500 0.000
3 2 60 8.326 0.500 0.000 35.934 0.500 0.000
3 2 61 30.026 0.500 0.000 40.844 0.500 0.000
3 2 62 43.019 0.500 0.000 49.449 0.500 0.000
3 3 1 35.156 0.500 0.000 47.670 0.500 0.000
3 3 2 108.363 0.500 0.000 61.160 0.500 0.000
3 3 3 40.000 0.500 0.000 40.000 0.500 0.000
3 3 4 40.000 0.500 0.000 40.000 0.500 0.000
3 3 5 40.000 0.500 0.000 40.000 0.500 0.000
4 1 1 41.345 0.500 0.000 42.902 0.500 0.000
4 1 2 41.146 0.500 0.000 42.520 0.500 0.000
4 1 3 40.409 0.500 0.000 44.410 0.500 0.000
4 1 4 43.002 0.500 0.000 41.163 0.500 0.000
4 1 5 45.729 0.500 0.000 37.277 0.500 0.000
4 1 6 41.572 0.500 0.000 44.304 0.500 0.000
4 1 7 48.878 0.500 0.000 32.885 0.500 0.000
4 1 8 41.824 0.500 0.000 42.730 0.500 0.000
4 1 9 42.604 0.500 0.000 41.450 0.500 0.000
4 1 10 36.088 0.500 0.000 41.033 0.500 0.000
4 1 11 41.107 0.500 0.000 38.948 0.500 0.000
4 1 12 44.435 0.500 0.000 40.868 0.500 0.000
4 1 13 41.845 0.500 0.000 42.960 0.500 0.000
4 1 14 41.229 0.500 0.000 44.980 0.500 0.000
4 1 15 43.241 0.500 0.000 39.418 0.500 0.000
4 1 16 42.948 0.500 0.000 38.001 0.500 0.000
4 1 17 41.453 0.500 0.000 40.793 0.500 0.000
4 1 18 38.858 0.500 0.000 38.728 0.500 0.000
4 1 19 42.924 0.500 0.000 40.156 0.500 0.000
4 1 20 50.087 0.500 0.000 56.988 0.500 0.000
4 1 21 47.277 0.500 0.000 42.358 0.500 0.000
4 1 22 40.657 0.500 0.000 46.338 0.500 0.000
4 1 23 43.512 0.500 0.000 43.102 0.500 0.000
4 2 1 42.587 0.500 0.000 39.826 0.500 0.000
4 2 2 46.609 0.500 0.000 44.153 0.500 0.000
4 2 3 40.173 0.500 0.000 39.196 0.500 0.000
4 2 4 40.947 0.500 0.000 50.741 0.500 0.000
4 2 5 45.996 0.500 0.000 43.294 0.500 0.000
4 2 6 48.786 0.500 0.000 41.577 0.500 0.000
4 2 7 47.058 0.500 0.000 43.855 0.500 0.000
4 2 8 40.149 0.500 0.000 43.077 0.500 0.000
4 2 9 41.889 0.500 0.000 40.761 0.500 0.000
4 2 10 44.506 0.500 0.000 44.685 0.500 0.000
4 2 11 51.048 0.500 0.000 40.932 0.500 0.000
4 2 12 41.211 0.500 0.000 43.990 0.500 0.000
4 2 13 38.922 0.500 0.000 40.115 0.500 0.000
4 2 14 44.522 0.500 0.000 44.018 0.500 0.000
4 2 15 40.313 0.500 0.000 35.876 0.500 0.000
4 2 16 43.487 0.500 0.000 44.062 0.500 0.000
4 2 17 39.958 0.500 0.000 42.251 0.500 0.000
4 2 18 37.589 0.500 0.000 43.242 0.500 0.000
4 2 19 38.509 0.500 0.000 42.084 0.500 0.000
4 2 20 47.875 0.500 0.000 36.459 0.500 0.000
4 2 21 40.274 0.500 0.000 47.692 0.500 0.000
4 2 22 43.976 0.500 0.000 38.239 0.500 0.000
4 2 23 40.539 0.500 0.000 44.164 0.500 0.000
4 2 24 36.868 0.500 0.000 40.086 0.500 0.000
4 2 25 39.409 0.500 0.000 39.688 0.500 0.000
4 2 26 36.574 0.500 0.000 43.928 0.500 0.000
4 2 27 42.814 0.500 0.000 42.430 0.500 0.000
4 2 28 44.613 0.500 0.000 36.488 0.500 0.000
4 2 29 36.634 0.500 0.000 37.749 0.500 0.000
4 2 30 40.494 0.500 0.000 34.527 0.500 0.000
4 2 31 40.664 0.500 0.000 35.317 0.500 0.000
4 2 32 44.230 0.500 0.000 36.491 0.500 0.000
4 2 33 43.965 0.500 0.000 39.706 0.500 0.000
4 2 34 35.152 0.500 0.000 44.534 0.500 0.000
4 2 35 43.247 0.500 0.000 45.058 0.500 0.000
4 2 36 58.441 0.500 0.000 43.754 0.500 0.000
4 2 37 38.370 0.500 0.000 39.827 0.500 0.000
4 2 38 44.556 0.500 0.000 41.486 0.500 0.000
4 2 39 35.745 0.500 0.000 36.704 0.500 0.000
4 2 40 34.835 0.500 0.000 39.400 0.500 0.000
4 2 41 30.797 0.500 0.000 38.613 0.500 0.000
4 2 42 43.363 0.500 0.000 37.512 0.500 0.000
4 2 43 32.576 0.500 0.000 39.875 0.500 0.000
4 2 44 44.253 0.500 0.000 49.904 0.500 0.000
4 2 45 38.219 0.500 0.000 44.277 0.500 0.000
4 2 46 34.005 0.500 0.000 37.465 0.500 0.000
4 2 47 44.833 0.500 0.000 41.534 0.500 0.000
4 2 48 52.895 0.500 0.000 42.567 0.500 0.000
4 2 49 44.152 0.500 0.000 38.577 0.500 0.000
4 2 50 47.118 0.500 0.000 42.175 0.500 0.000
4 2 51 43.623 0.500 0.000 40.239 0.500 0.000
4 2 52 36.719 0.500 0.000 40.962 0.500 0.000
4 2 53 38.351 0.500 0.000 44.967 0.500 0.000
4 2 54 33.470 0.500 0.000 40.084 0.500 0.000
4 2 55 43.607 0.500 0.000 18.551 0.500 0.000
4 2 56 33.226 0.500 0.000 44.683 0.500 0.000
4 2 57 27.150 0.500 0.000 45.445 0.500 0.000
4 2 58 47.841 0.500 0.000 36.163 0.500 0.000
4 2 59 47.154 0.500 0.000 45.694 0.500 0.000
4 2 60 36.786 0.500 0.000 49.092 0.500 0.000
4 2 61 33.947 0.500 0.000 34.846 0.500 0.000
4 2 62 59.587 0.500 0.000 69.101 0.500 0.000
4 3 1 35.885 0.500 0.000 37.503 0.500 0.000
4 3 2 42.397 0.500 0.000 59.145 0.500 0.000
4 3 3 40.000 0.500 0.000 40.000 0.500 0.000
4 3 4 40.000 0.500 0.000 40.000 0.500 0.000
4 3 5 40.000 0.500 0.000 40.000 0.500 0.000
5 1 1 38.816 0.500 0.000 40.015 0.500 0.000
5 1 2 40.752 0.500 0.000 43.809 0.500 0.000
5 1 3 45.153 0.500 0.000 44.046 0.500 0.000
5 1 4 39.852 0.500 0.000 40.535 0.500 0.000
5 1 5 41.017 0.500 0.000 40.594 0.500 0.000
5 1 6 41.578 0.500 0.000 40.767 0.500 0.000
5 1 7 40.307 0.500 0.000 37.237 0.500 0.000
5 1 8 40.356 0.500 0.000 43.260 0.500 0.000
5 1 9 40.437 0.500 0.000 41.239 0.500 0.000
5 1 10 41.969 0.500 0.000 38.595 0.500 0.000
5 1 11 41.256 0.500 0.000 40.976 0.500 0.000
5 1 12 40.979 0.500 0.000 43.847 0.500 0.000
5 1 13 43.338 0.500 0.000 44.342 0.500 0.000
5 1 14 45.174 0.500 0.000 37.093 0.500 0.000
5 1 15 41.150 0.500 0.000 41.243 0.500 0.000
5 1 16 39.955 0.500 0.000 39.143 0.500 0.000
5 1 17 39.118 0.500 0.000 43.434 0.500 0.000
5 1 18 40.000 0.500 0.000 40.000 0.500 0.000
5 1 19 41.937 0.500 0.000 38.566 0.500 0.000
5 1 20 36.992 0.500 0.000 45.393 0.500 0.000
5 1 21 54.933 0.500 0.000 36.930 0.500 0.000
5 1 22 50.363 0.500 0.000 42.279 0.500 0.000
5 1 23 36.279 0.500 0.000 33.828 0.500 0.000
5 2 1 42.627 0.500 0.000 49.512 0.500 0.000
5 2 2 42.121 0.500 0.000 44.962 0.500 0.000
5 2 3 40.926 0.500 0.000 43.147 0.500 0.000
5 2 4 42.043 0.500 0.000 43.359 0.500 0.000
5 2 5 47.139 0.500 0.000 38.447 0.500 0.000
5 2 6 40.101 0.500 0.000 44.273 0.500 0.000
5 2 7 41.410 0.500 0.000 42.430 0.500 0.000
5 2 8 47.909 0.500 0.000 44.078 0.500 0.000
5 2 9 41.675 0.500 0.000 41.070 0.500 0.000
5 2 10 46.785 0.500 0.000 40.970 0.500 0.000
5 2 11 40.002 0.500 0.000 41.224 0.500 0.000
5 2 12 44.623 0.500 0.000 45.422 0.500 0.000
5 2 13 43.147 0.500 0.000 48.366 0.500 0.000
5 2 14 42.636 0.500 0.000 38.514 0.500 0.000
5 2 15 44.633 0.500 0.000 47.337 0.500 0.000
5 2 16 45.604 0.500 0.000 49.488 0.500 0.000
5 2 17 44.439 0.500 0.000 46.642 0.500 0.000
5 2 18 44.422 0.500 0.000 43.321 0.500 0.000
5 2 19 39.626 0.500 0.000 40.213 0.500 0.000
5 2 20 46.691 0.500 0.000 54.710 0.500 0.000
5 2 21 41.093 0.500 0.000 39.602 0.500 0.000
5 2 22 39.062 0.500 0.000 45.423 0.500 0.000
5 2 23 39.825 0.500 0.000 39.193 0.500 0.000
5 2 24 42.057 0.500 0.000 38.450 0.500 0.000
5 2 25 33.811 0.500 0.000 45.877 0.500 0.000
5 2 26 38.938 0.500 0.000 43.752 0.500 0.000
5 2 27 41.336 0.500 0.000 38.402 0.500 0.000
5 2 28 42.018 0.500 0.000 39.304 0.500 0.000
5 2 29 42.111 0.500 0.000 39.961 0.500 0.000
5 2 30 43.337 0.500 0.000 45.278 0.500 0.000
5 2 31 35.098 0.500 0.000 40.619 0.500 0.000
5 2 32 38.413 0.500 0.000 39.787 0.500 0.000
5 2 33 34.507 0.500 0.000 37.116 0.500 0.000
5 2 34 40.190 0.500 0.000 40.169 0.500 0.000
5 2 35 37.258 0.500 0.000 46.617 0.500 0.000
5 2 36 36.575 0.500 0.000 41.407 0.500 0.000
5 2 37 41.339 0.500 0.000 44.604 0.500 0.000
5 2 38 37.022 0.500 0.000 44.272 0.500 0.000
5 2 39 47.424 0.500 0.000 56.877 0.500 0.000
5 2 40 30.551 0.500 0.000 40.188 0.500 0.000
5 2 41 41.085 0.500 0.000 44.776 0.500 0.000
5 2 42 39.507 0.500 0.000 39.263 0.500 0.000
5 2 43 32.893 0.500 0.000 42.903 0.500 0.000
5 2 44 38.614 0.500 0.000 43.463 0.500 0.000
5 2 45 47.567 0.500 0.000 37.401 0.500 0.000
5 2 46 37.710 0.500 0.000 41.211 0.500 0.000
5 2 47 37.381 0.500 0.000 30.084 0.500 0.000
5 2 48 28.762 0.500 0.000 55.700 0.500 0.000
5 2 49 43.227 0.500 0.000 50.024 0.500 0.000
5 2 50 43.219 0.500 0.000 50.724 0.500 0.000
5 2 51 43.432 0.500 0.000 42.130 0.500 0.000
5 2 52 38.605 0.500 0.000 44.003 0.500 0.000
5 2 53 36.782 0.500 0.000 36.114 0.500 0.000
5 2 54 36.265 0.500 0.000 43.963 0.500 0.000
5 2 55 55.374 0.500 0.000 40.311 0.500 0.000
5 2 56 43.527 0.500 0.000 54.271 0.500 0.000
5 2 57 21.188 0.500 0.000 57.326 0.500 0.000
5 2 58 44.276 0.500 0.000 31.481 0.500 0.000
5 2 59 47.225 0.500 0.000 37.238 0.500 0.000
5 2 60 50.709 0.500 0.000 40.509 0.500 0.000
5 2 61 51.644 0.500 0.000 36.872 0.500 0.000
5 2 62 49.557 0.500 0.000 64.849 0.500 0.000
5 3 1 45.135 0.500 0.000 47.495 0.500 0.000
5 3 2 52.942 0.500 0.000 45.069 0.500 0.000
5 3 3 40.000 0.500 0.000 39.168 0.500 0.000
5 3 4 40.000 0.500 0.000 40.000 0.500 0.000
5 3 5 40.000 0.500 0.000 40.000 0.500 0.000
6 1 1 41.370 0.500 0.000 43.728 0.500 0.000
6 1 2 40.112 0.500 0.000 43.960 0.500 0.000
6 1 3 46.125 0.500 0.000 40.967 0.500 0.000
6 1 4 38.066 0.500 0.000 39.781 0.500 0.000
6 1 5 40.671 0.500 0.000 39.290 0.500 0.000
6 1 6 41.021 0.500 0.000 40.213 0.500 0.000
6 1 7 40.445 0.500 0.000 40.662 0.500 0.000
6 1 8 43.040 0.500 0.000 43.080 0.500 0.000
6 1 9 41.018 0.500 0.000 39.102 0.500 0.000
6 1 10 39.515 0.500 0.000 40.008 0.500 0.000
6 1 11 43.112 0.500 0.000 37.748 0.500 0.000
6 1 12 40.859 0.500 0.000 41.229 0.500 0.000
6 1 13 36.651 0.500 0.000 39.786 0.500 0.000
6 1 14 40.430 0.500 0.000 43.845 0.500 0.000
6 1 15 45.312 0.500 0.000 40.556 0.500 0.000
6 1 16 37.850 0.500 0.000 43.951 0.500 0.000
6 1 17 40.000 0.500 0.000 40.000 0.500 0.000
6 1 18 38.516 0.500 0.000 36.696 0.500 0.000
6 1 19 42.083 0.500 0.000 41.794 0.500 0.000
6 1 20 41.747 0.500 0.000 46.057 0.500 0.000
6 1 21 48.896 0.500 0.000 42.302 0.500 0.000
6 1 22 45.316 0.500 0.000 48.277 0.500 0.000
6 1 23 48.813 0.500 0.000 20.128 0.500 0.000
6 2 1 44.128 0.500 0.000 44.364 0.500 0.000
6 2 2 45.453 0.500 0.000 41.343 0.500 0.000
6 2 3 48.648 0.500 0.000 44.221 0.500 0.000
6 2 4 36.805 0.500 0.000 42.739 0.500 0.000
6 2 5 40.391 0.500 0.000 38.792 0.500 0.000
6 2 6 39.954 0.500 0.000 40.007 0.500 0.000
6 2 7 44.270 0.500 0.000 45.161 0.500 0.000
6 2 8 37.592 0.500 0.000 44.737 0.500 0.000
6 2 9 45.792 0.500 0.000 40.606 0.500 0.000
6 2 10 43.247 0.500 0.000 48.795 0.500 0.000
6 2 11 40.902 0.500 0.000 49.806 0.500 0.000
6 2 12 42.583 0.500 0.000 43.749 0.500 0.000
6 2 13 46.633 0.500 0.000 42.016 0.500 0.000
6 2 14 35.904 0.500 0.000 47.109 0.500 0.000
6 2 15 39.376 0.500 0.000 43.424 0.500 0.000
6 2 16 44.728 0.500 0.000 47.424 0.500 0.000
6 2 17 41.777 0.500 0.000 42.352 0.500 0.000
6 2 18 41.703 0.500 0.000 41.645 0.500 0.000
6 2 19 41.272 0.500 0.000 41.163 0.500 0.000
6 2 20 38.450 0.500 0.000 36.746 0.500 0.000
6 2 21 43.550 0.500 0.000 43.795 0.500 0.000
6 2 22 37.899 0.500 0.000 48.304 0.500 0.000
6 2 23 42.464 0.500 0.000 40.963 0.500 0.000
6 2 24 36.315 0.500 0.000 38.643 0.500 0.000
6 2 25 44.607 0.500 0.000 45.611 0.500 0.000
6 2 26 34.639 0.500 0.000 37.632 0.500 0.000
6 2 27 40.004 0.500 0.000 41.119 0.500 0.000
6 2 28 50.633 0.500 0.000 43.185 0.500 0.000
6 2 29 37.874 0.500 0.000 41.335 0.500 0.000
6 2 30 42.241 0.500 0.000 48.919 0.500 0.000
6 2 31 52.537 0.500 0.000 58.535 0.500 0.000
6 2 32 34.012 0.500 0.000 45.904 0.500 0.000
6 2 33 44.745 0.500 0.000 39.177 0.500 0.000
6 2 34 35.537 0.500 0.000 46.580 0.500 0.000
6 2 35 45.022 0.500 0.000 42.970 0.500 0.000
6 2 36 35.153 0.500 0.000 34.918 0.500 0.000
6 2 37 41.461 0.500 0.000 37.199 0.500 0.000
6 2 38 38.390 0.500 0.000 29.433 0.500 0.000
6 2 39 35.496 0.500 0.000 35.048 0.500 0.000
6 2 40 42.934 0.500 0.000 37.745 0.500 0.000
6 2 41 38.619 0.500 0.000 40.432 0.500 0.000
6 2 42 60.736 0.500 0.000 42.036 0.500 0.000
6 2 43 41.696 0.500 0.000 46.370 0.500 0.000
6 2 44 40.111 0.500 0.000 44.230 0.500 0.000
6 2 45 42.485 0.500 0.000 43.136 0.500 0.000
6 2 46 44.508 0.500 0.000 42.012 0.500 0.000
6 2 47 48.770 0.500 0.000 37.334 0.500 0.000
6 2 48 39.351 0.500 0.000 37.415 0.500 0.000
6 2 49 43.723 0.500 0.000 44.746 0.500 0.000
6 2 50 46.887 0.500 0.000 45.893 0.500 0.000
6 2 51 40.724 0.500 0.000 55.567 0.500 0.000
6 2 52 34.939 0.500 0.000 37.151 0.500 0.000
6 2 53 40.000 0.500 0.000 40.000 0.500 0.000
6 2 54 46.061 0.500 0.000 44.228 0.500 0.000
6 2 55 42.834 0.500 0.000 52.984 0.500 0.000
6 2 56 40.351 0.500 0.000 50.625 0.500 0.000
6 2 57 51.640 0.500 0.000 45.628 0.500 0.000
6 2 58 40.961 0.500 0.000 44.913 0.500 0.000
6 2 59 40.129 0.500 0.000 45.719 0.500 0.000
6 2 60 33.861 0.500 0.000 40.475 0.500 0.000
6 2 61 95.457 0.500 0.000 30.233 0.500 0.000
6 2 62 38.880 0.500 0.000 52.418 0.500 0.000
6 3 1 37.756 0.500 0.000 43.218 0.500 0.000
6 3 2 41.738 0.500 0.000 67.962 0.500 0.000
6 3 3 40.000 0.500 0.000 40.000 0.500 0.000
6 3 4 40.000 0.500 0.000 40.000 0.500 0.000
6 3 5 40.000 0.500 0.000 40.000 0.500 0.000
